# 41 backbone trees, 74 mutations
backbone tree 0, llh: -9695.284848
-1 55
0 9
0 53
3 40
4 54
5 16
8 31
9 1
9 8
9 39
9 49
17 78
17 96
21 38
23 36
23 61
28 57
30 46
30 94
31 7
31 70
32 35
33 19
33 44
36 10
36 51
36 83
37 58
37 69
38 79
40 82
44 24
46 81
46 85
48 42
50 28
53 33
53 62
53 73
53 91
54 75
55 0
56 71
56 97
57 76
58 64
59 17
59 72
62 32
62 68
66 90
68 50
68 59
69 27
70 4
70 89
71 20
71 23
72 15
72 87
73 30
73 37
73 66
75 95
76 67
78 3
79 6
82 5
82 56
87 22
87 45
91 21
95 48
95 74
backbone tree 1, llh: -9695.284852
-1 55
0 9
0 53
3 40
4 54
5 16
8 31
9 1
9 8
9 39
9 49
17 78
17 96
21 38
23 36
23 61
28 57
30 46
30 94
31 7
31 70
32 35
33 19
33 44
36 10
36 51
37 58
37 69
38 79
40 82
44 24
46 81
46 85
48 42
50 28
53 33
53 62
53 73
53 91
54 75
55 0
56 71
56 97
57 76
58 64
59 17
59 72
62 32
62 68
62 83
66 90
68 50
68 59
69 27
70 4
70 89
71 20
71 23
72 15
72 87
73 30
73 37
73 66
75 95
76 67
78 3
79 6
82 5
82 56
87 22
87 45
91 21
95 48
95 74
backbone tree 2, llh: -9695.304487
-1 55
0 9
0 53
3 40
4 54
5 16
8 31
9 1
9 8
9 39
9 49
17 78
17 96
21 38
23 36
23 61
28 57
30 46
30 94
31 7
31 70
32 35
33 44
36 10
36 51
36 83
37 58
37 69
38 79
40 82
44 19
46 81
46 85
48 42
50 28
53 33
53 62
53 73
53 91
54 75
55 0
56 71
56 97
57 76
58 64
59 17
59 72
62 32
62 68
64 24
66 90
68 50
68 59
69 27
70 4
70 89
71 20
71 23
72 15
72 87
73 30
73 37
73 66
75 95
76 67
78 3
79 6
82 5
82 56
87 22
87 45
91 21
95 48
95 74
backbone tree 3, llh: -9695.304503
-1 55
0 9
0 53
3 40
4 54
5 16
8 31
9 1
9 8
9 39
9 49
17 78
17 96
21 38
23 36
23 61
28 57
30 46
30 94
31 7
31 70
32 35
33 44
36 10
36 51
37 58
37 69
38 79
40 82
44 19
46 81
46 85
48 42
50 28
53 33
53 62
53 73
53 91
54 75
55 0
56 71
56 97
57 76
58 64
59 17
59 72
62 32
62 68
62 83
64 24
66 90
68 50
68 59
69 27
70 4
70 89
71 20
71 23
72 15
72 87
73 30
73 37
73 66
75 95
76 67
78 3
79 6
82 5
82 56
87 22
87 45
91 21
95 48
95 74
backbone tree 4, llh: -9695.307960
-1 55
0 9
0 53
3 40
4 54
5 16
7 85
8 31
9 1
9 8
9 39
9 49
17 78
17 96
21 38
23 36
23 61
28 57
30 46
30 94
31 7
31 70
32 35
33 44
36 10
36 51
36 83
37 58
37 69
38 79
40 82
44 24
46 6
46 81
48 42
50 28
51 19
53 33
53 62
53 73
53 91
54 75
55 0
56 71
56 97
57 76
58 64
59 17
59 72
62 32
62 68
66 90
68 50
68 59
69 27
70 4
70 89
71 20
71 23
72 15
72 87
73 30
73 37
73 66
75 95
76 67
78 3
82 5
82 56
87 22
87 45
91 21
95 48
95 74
backbone tree 5, llh: -9695.307976
-1 55
0 9
0 53
3 40
4 54
5 16
7 85
8 31
9 1
9 8
9 39
9 49
17 78
17 96
21 38
23 36
23 61
28 57
30 46
30 94
31 7
31 70
32 35
33 44
36 10
36 51
37 58
37 69
38 79
40 82
44 24
46 6
46 81
48 42
50 28
51 19
53 33
53 62
53 73
53 91
54 75
55 0
56 71
56 97
57 76
58 64
59 17
59 72
62 32
62 68
62 83
66 90
68 50
68 59
69 27
70 4
70 89
71 20
71 23
72 15
72 87
73 30
73 37
73 66
75 95
76 67
78 3
82 5
82 56
87 22
87 45
91 21
95 48
95 74
backbone tree 6, llh: -9695.290766
-1 55
0 9
0 53
3 40
4 54
5 16
8 31
9 1
9 8
9 39
9 49
17 78
17 96
21 38
23 36
23 61
28 57
30 46
30 94
31 7
31 70
32 35
33 44
36 10
36 51
36 83
37 58
37 69
38 79
39 90
40 82
44 24
46 81
46 85
48 42
50 28
51 19
53 33
53 62
53 73
53 91
54 75
55 0
56 71
56 97
57 76
58 64
59 17
59 72
62 32
62 68
68 50
68 59
69 27
70 4
70 89
71 20
71 23
72 15
72 87
73 30
73 37
73 66
75 95
76 67
78 3
79 6
82 5
82 56
87 22
87 45
91 21
95 48
95 74
backbone tree 7, llh: -9695.242674
-1 55
0 9
0 53
3 40
4 54
5 16
7 85
8 31
9 1
9 8
9 39
9 49
17 78
17 96
21 38
23 36
23 61
28 57
30 46
30 94
31 7
31 70
32 35
33 44
36 10
36 51
36 83
37 58
37 69
38 79
40 82
44 24
46 27
46 81
48 42
50 28
51 19
53 33
53 62
53 73
53 91
54 75
55 0
56 71
56 97
57 76
58 64
59 17
59 72
62 32
62 68
66 90
68 50
68 59
70 4
70 89
71 20
71 23
72 15
72 87
73 30
73 37
73 66
75 95
76 67
78 3
79 6
82 5
82 56
87 22
87 45
91 21
95 48
95 74
backbone tree 8, llh: -9695.258275
-1 55
0 9
0 53
3 40
4 54
5 16
7 85
8 31
9 1
9 8
9 39
9 49
17 78
17 96
21 38
23 36
23 61
28 57
30 46
30 94
31 7
31 70
32 35
33 44
36 10
36 51
36 83
37 58
37 69
38 79
40 82
44 24
46 81
48 42
50 28
51 19
53 33
53 62
53 73
53 91
54 75
55 0
56 71
56 97
57 76
58 64
59 17
59 72
62 32
62 68
66 90
68 50
68 59
69 27
70 4
70 89
71 20
71 23
72 15
72 87
73 30
73 37
73 66
75 95
76 67
78 3
79 6
82 5
82 56
87 22
87 45
91 21
95 48
95 74
backbone tree 9, llh: -9695.259906
-1 55
0 9
0 53
3 40
4 54
5 16
8 31
9 1
9 8
9 39
9 49
17 78
17 96
21 38
23 36
23 61
28 57
28 85
30 46
30 94
31 7
31 70
32 35
33 44
36 10
36 51
36 83
37 58
37 69
38 79
40 82
44 24
46 27
46 81
48 42
50 28
51 19
53 33
53 62
53 73
53 91
54 75
55 0
56 71
56 97
57 76
58 64
59 17
59 72
62 32
62 68
66 90
68 50
68 59
70 4
70 89
71 20
71 23
72 15
72 87
73 30
73 37
73 66
75 95
76 67
78 3
79 6
82 5
82 56
87 22
87 45
91 21
95 48
95 74
backbone tree 10, llh: -9695.275507
-1 55
0 9
0 53
3 40
4 54
5 16
8 31
9 1
9 8
9 39
9 49
17 78
17 96
21 38
23 36
23 61
28 57
28 85
30 46
30 94
31 7
31 70
32 35
33 44
36 10
36 51
36 83
37 58
37 69
38 79
40 82
44 24
46 81
48 42
50 28
51 19
53 33
53 62
53 73
53 91
54 75
55 0
56 71
56 97
57 76
58 64
59 17
59 72
62 32
62 68
66 90
68 50
68 59
69 27
70 4
70 89
71 20
71 23
72 15
72 87
73 30
73 37
73 66
75 95
76 67
78 3
79 6
82 5
82 56
87 22
87 45
91 21
95 48
95 74
backbone tree 11, llh: -9695.264541
-1 55
0 9
0 53
3 40
4 54
5 16
8 31
9 1
9 8
9 39
9 49
17 78
17 96
21 38
23 27
23 36
23 61
28 57
30 46
30 94
31 7
31 70
32 35
33 44
36 10
36 51
36 83
37 58
37 69
38 79
40 82
44 24
46 81
46 85
48 42
50 28
51 19
53 33
53 62
53 73
53 91
54 75
55 0
56 71
56 97
57 76
58 64
59 17
59 72
62 32
62 68
66 90
68 50
68 59
70 4
70 89
71 20
71 23
72 15
72 87
73 30
73 37
73 66
75 95
76 67
78 3
79 6
82 5
82 56
87 22
87 45
91 21
95 48
95 74
backbone tree 12, llh: -9695.287833
-1 55
0 9
0 53
3 40
4 54
5 16
8 31
9 1
9 8
9 39
9 49
17 78
17 96
21 38
23 36
23 61
28 57
30 46
30 94
31 7
31 70
32 35
33 44
36 10
36 51
36 83
37 27
37 58
37 69
38 79
40 82
44 24
46 81
46 85
48 42
50 28
51 19
53 33
53 62
53 73
53 91
54 75
55 0
56 71
56 97
57 76
58 64
59 17
59 72
62 32
62 68
66 90
68 50
68 59
70 4
70 89
71 20
71 23
72 15
72 87
73 30
73 37
73 66
75 95
76 67
78 3
79 6
82 5
82 56
87 22
87 45
91 21
95 48
95 74
backbone tree 13, llh: -9695.205380
-1 55
0 9
0 53
3 40
4 54
5 16
8 31
9 1
9 8
9 39
9 49
17 78
17 96
21 38
23 36
23 61
28 57
30 46
30 94
31 7
31 70
32 35
33 44
36 10
36 51
36 83
37 58
37 69
38 79
40 82
44 24
46 81
46 85
48 42
50 28
51 19
53 33
53 62
53 73
53 91
54 75
55 0
56 71
56 97
57 76
58 64
59 17
59 72
62 32
62 68
66 90
68 50
68 59
69 27
70 4
70 89
71 20
71 23
72 15
72 87
73 30
73 37
73 66
75 95
76 67
78 3
79 6
82 5
82 56
87 22
87 45
91 21
95 48
95 74
backbone tree 14, llh: -9695.269704
-1 55
0 9
0 53
3 40
4 54
5 16
8 31
9 1
9 8
9 39
9 49
17 78
17 96
21 38
23 36
23 61
28 57
30 46
30 94
31 7
31 70
32 35
33 44
36 10
36 51
36 83
37 58
37 69
38 79
40 82
44 24
46 27
46 81
48 42
50 28
51 19
53 33
53 62
53 73
53 91
54 75
55 0
55 85
56 71
56 97
57 76
58 64
59 17
59 72
62 32
62 68
66 90
68 50
68 59
70 4
70 89
71 20
71 23
72 15
72 87
73 30
73 37
73 66
75 95
76 67
78 3
79 6
82 5
82 56
87 22
87 45
91 21
95 48
95 74
backbone tree 15, llh: -9695.285364
-1 55
0 9
0 53
3 40
4 54
5 16
8 31
9 1
9 8
9 39
9 49
17 78
17 96
21 38
23 36
23 61
28 57
30 46
30 94
31 7
31 70
32 35
33 44
36 10
36 51
36 83
37 58
37 69
38 79
40 82
44 24
46 81
48 42
50 28
51 19
53 33
53 62
53 73
53 91
54 75
55 0
55 85
56 71
56 97
57 76
58 64
59 17
59 72
62 32
62 68
66 90
68 50
68 59
69 27
70 4
70 89
71 20
71 23
72 15
72 87
73 30
73 37
73 66
75 95
76 67
78 3
79 6
82 5
82 56
87 22
87 45
91 21
95 48
95 74
backbone tree 16, llh: -9695.285818
-1 55
0 9
0 53
3 40
4 54
5 16
8 31
9 1
9 8
9 39
9 49
17 78
17 96
21 38
23 36
23 61
28 57
30 46
30 94
31 7
31 70
32 35
33 44
36 10
36 51
36 83
37 58
37 69
38 79
40 82
44 24
46 27
46 81
48 42
50 28
51 19
53 33
53 62
53 73
53 91
54 75
55 0
56 71
56 97
57 76
58 64
59 17
59 72
62 32
62 68
66 90
68 50
68 59
68 85
70 4
70 89
71 20
71 23
72 15
72 87
73 30
73 37
73 66
75 95
76 67
78 3
79 6
82 5
82 56
87 22
87 45
91 21
95 48
95 74
backbone tree 17, llh: -9695.301337
-1 55
0 9
0 53
3 40
4 54
5 16
8 31
9 1
9 8
9 39
9 49
17 78
17 96
21 38
23 36
23 61
28 57
30 46
30 94
31 7
31 70
32 35
33 44
36 10
36 51
36 83
37 58
37 69
38 79
40 82
44 24
46 81
48 42
50 28
51 19
53 33
53 62
53 73
53 91
54 75
55 0
56 71
56 97
57 76
58 64
59 17
59 72
62 32
62 68
66 90
68 50
68 59
68 85
69 27
70 4
70 89
71 20
71 23
72 15
72 87
73 30
73 37
73 66
75 95
76 67
78 3
79 6
82 5
82 56
87 22
87 45
91 21
95 48
95 74
backbone tree 18, llh: -9695.269478
-1 55
0 9
0 53
3 40
4 54
8 31
9 1
9 8
9 39
9 49
17 78
17 96
21 38
23 36
23 61
28 57
30 46
30 94
31 7
31 70
32 35
33 44
36 10
36 51
36 83
37 58
37 69
38 79
40 82
44 24
46 81
46 85
48 42
50 28
51 19
53 16
53 33
53 62
53 73
53 91
54 75
55 0
56 71
56 97
57 76
58 64
59 17
59 72
62 32
62 68
66 90
68 50
68 59
69 27
70 4
70 89
71 20
71 23
72 15
72 87
73 30
73 37
73 66
75 95
76 67
78 3
79 6
82 5
82 56
87 22
87 45
91 21
95 48
95 74
backbone tree 19, llh: -9695.300126
-1 55
0 9
0 53
3 40
4 54
5 16
8 31
9 1
9 8
9 39
9 49
17 78
17 96
21 38
23 36
23 61
28 57
30 46
30 94
31 7
31 70
32 35
33 44
36 10
36 51
36 83
37 58
37 69
38 79
40 82
44 24
46 81
46 85
48 42
50 28
51 19
53 33
53 62
53 73
53 91
54 75
55 0
56 71
56 97
57 76
58 64
59 17
59 72
62 32
62 68
68 50
68 59
69 27
70 4
70 89
71 20
71 23
72 15
72 87
73 30
73 37
73 66
75 95
76 67
78 3
79 6
82 5
82 56
87 22
87 45
89 90
91 21
95 48
95 74
backbone tree 20, llh: -9695.290782
-1 55
0 9
0 53
3 40
4 54
5 16
8 31
9 1
9 8
9 39
9 49
17 78
17 96
21 38
23 36
23 61
28 57
30 46
30 94
31 7
31 70
32 35
33 44
36 10
36 51
37 58
37 69
38 79
39 90
40 82
44 24
46 81
46 85
48 42
50 28
51 19
53 33
53 62
53 73
53 91
54 75
55 0
56 71
56 97
57 76
58 64
59 17
59 72
62 32
62 68
62 83
68 50
68 59
69 27
70 4
70 89
71 20
71 23
72 15
72 87
73 30
73 37
73 66
75 95
76 67
78 3
79 6
82 5
82 56
87 22
87 45
91 21
95 48
95 74
backbone tree 21, llh: -9695.242651
-1 55
0 9
0 53
3 40
4 54
5 16
7 85
8 31
9 1
9 8
9 39
9 49
17 78
17 96
21 38
23 36
23 61
28 57
30 46
30 94
31 7
31 70
32 35
33 44
36 10
36 51
37 58
37 69
38 79
40 82
44 24
46 27
46 81
48 42
50 28
51 19
53 33
53 62
53 73
53 91
54 75
55 0
56 71
56 97
57 76
58 64
59 17
59 72
62 32
62 68
62 83
66 90
68 50
68 59
70 4
70 89
71 20
71 23
72 15
72 87
73 30
73 37
73 66
75 95
76 67
78 3
79 6
82 5
82 56
87 22
87 45
91 21
95 48
95 74
backbone tree 22, llh: -9695.258270
-1 55
0 9
0 53
3 40
4 54
5 16
7 85
8 31
9 1
9 8
9 39
9 49
17 78
17 96
21 38
23 36
23 61
28 57
30 46
30 94
31 7
31 70
32 35
33 44
36 10
36 51
37 58
37 69
38 79
40 82
44 24
46 81
48 42
50 28
51 19
53 33
53 62
53 73
53 91
54 75
55 0
56 71
56 97
57 76
58 64
59 17
59 72
62 32
62 68
62 83
66 90
68 50
68 59
69 27
70 4
70 89
71 20
71 23
72 15
72 87
73 30
73 37
73 66
75 95
76 67
78 3
79 6
82 5
82 56
87 22
87 45
91 21
95 48
95 74
backbone tree 23, llh: -9695.259862
-1 55
0 9
0 53
3 40
4 54
5 16
8 31
9 1
9 8
9 39
9 49
17 78
17 96
21 38
23 36
23 61
28 57
28 85
30 46
30 94
31 7
31 70
32 35
33 44
36 10
36 51
37 58
37 69
38 79
40 82
44 24
46 27
46 81
48 42
50 28
51 19
53 33
53 62
53 73
53 91
54 75
55 0
56 71
56 97
57 76
58 64
59 17
59 72
62 32
62 68
62 83
66 90
68 50
68 59
70 4
70 89
71 20
71 23
72 15
72 87
73 30
73 37
73 66
75 95
76 67
78 3
79 6
82 5
82 56
87 22
87 45
91 21
95 48
95 74
backbone tree 24, llh: -9695.275524
-1 55
0 9
0 53
3 40
4 54
5 16
8 31
9 1
9 8
9 39
9 49
17 78
17 96
21 38
23 36
23 61
28 57
28 85
30 46
30 94
31 7
31 70
32 35
33 44
36 10
36 51
37 58
37 69
38 79
40 82
44 24
46 81
48 42
50 28
51 19
53 33
53 62
53 73
53 91
54 75
55 0
56 71
56 97
57 76
58 64
59 17
59 72
62 32
62 68
62 83
66 90
68 50
68 59
69 27
70 4
70 89
71 20
71 23
72 15
72 87
73 30
73 37
73 66
75 95
76 67
78 3
79 6
82 5
82 56
87 22
87 45
91 21
95 48
95 74
backbone tree 25, llh: -9695.264507
-1 55
0 9
0 53
3 40
4 54
5 16
8 31
9 1
9 8
9 39
9 49
17 78
17 96
21 38
23 27
23 36
23 61
28 57
30 46
30 94
31 7
31 70
32 35
33 44
36 10
36 51
37 58
37 69
38 79
40 82
44 24
46 81
46 85
48 42
50 28
51 19
53 33
53 62
53 73
53 91
54 75
55 0
56 71
56 97
57 76
58 64
59 17
59 72
62 32
62 68
62 83
66 90
68 50
68 59
70 4
70 89
71 20
71 23
72 15
72 87
73 30
73 37
73 66
75 95
76 67
78 3
79 6
82 5
82 56
87 22
87 45
91 21
95 48
95 74
backbone tree 26, llh: -9695.287811
-1 55
0 9
0 53
3 40
4 54
5 16
8 31
9 1
9 8
9 39
9 49
17 78
17 96
21 38
23 36
23 61
28 57
30 46
30 94
31 7
31 70
32 35
33 44
36 10
36 51
37 27
37 58
37 69
38 79
40 82
44 24
46 81
46 85
48 42
50 28
51 19
53 33
53 62
53 73
53 91
54 75
55 0
56 71
56 97
57 76
58 64
59 17
59 72
62 32
62 68
62 83
66 90
68 50
68 59
70 4
70 89
71 20
71 23
72 15
72 87
73 30
73 37
73 66
75 95
76 67
78 3
79 6
82 5
82 56
87 22
87 45
91 21
95 48
95 74
backbone tree 27, llh: -9695.205374
-1 55
0 9
0 53
3 40
4 54
5 16
8 31
9 1
9 8
9 39
9 49
17 78
17 96
21 38
23 36
23 61
28 57
30 46
30 94
31 7
31 70
32 35
33 44
36 10
36 51
37 58
37 69
38 79
40 82
44 24
46 81
46 85
48 42
50 28
51 19
53 33
53 62
53 73
53 91
54 75
55 0
56 71
56 97
57 76
58 64
59 17
59 72
62 32
62 68
62 83
66 90
68 50
68 59
69 27
70 4
70 89
71 20
71 23
72 15
72 87
73 30
73 37
73 66
75 95
76 67
78 3
79 6
82 5
82 56
87 22
87 45
91 21
95 48
95 74
backbone tree 28, llh: -9695.269659
-1 55
0 9
0 53
3 40
4 54
5 16
8 31
9 1
9 8
9 39
9 49
17 78
17 96
21 38
23 36
23 61
28 57
30 46
30 94
31 7
31 70
32 35
33 44
36 10
36 51
37 58
37 69
38 79
40 82
44 24
46 27
46 81
48 42
50 28
51 19
53 33
53 62
53 73
53 91
54 75
55 0
55 85
56 71
56 97
57 76
58 64
59 17
59 72
62 32
62 68
62 83
66 90
68 50
68 59
70 4
70 89
71 20
71 23
72 15
72 87
73 30
73 37
73 66
75 95
76 67
78 3
79 6
82 5
82 56
87 22
87 45
91 21
95 48
95 74
backbone tree 29, llh: -9695.285380
-1 55
0 9
0 53
3 40
4 54
5 16
8 31
9 1
9 8
9 39
9 49
17 78
17 96
21 38
23 36
23 61
28 57
30 46
30 94
31 7
31 70
32 35
33 44
36 10
36 51
37 58
37 69
38 79
40 82
44 24
46 81
48 42
50 28
51 19
53 33
53 62
53 73
53 91
54 75
55 0
55 85
56 71
56 97
57 76
58 64
59 17
59 72
62 32
62 68
62 83
66 90
68 50
68 59
69 27
70 4
70 89
71 20
71 23
72 15
72 87
73 30
73 37
73 66
75 95
76 67
78 3
79 6
82 5
82 56
87 22
87 45
91 21
95 48
95 74
backbone tree 30, llh: -9695.285774
-1 55
0 9
0 53
3 40
4 54
5 16
8 31
9 1
9 8
9 39
9 49
17 78
17 96
21 38
23 36
23 61
28 57
30 46
30 94
31 7
31 70
32 35
33 44
36 10
36 51
37 58
37 69
38 79
40 82
44 24
46 27
46 81
48 42
50 28
51 19
53 33
53 62
53 73
53 91
54 75
55 0
56 71
56 97
57 76
58 64
59 17
59 72
62 32
62 68
62 83
66 90
68 50
68 59
68 85
70 4
70 89
71 20
71 23
72 15
72 87
73 30
73 37
73 66
75 95
76 67
78 3
79 6
82 5
82 56
87 22
87 45
91 21
95 48
95 74
backbone tree 31, llh: -9695.301375
-1 55
0 9
0 53
3 40
4 54
5 16
8 31
9 1
9 8
9 39
9 49
17 78
17 96
21 38
23 36
23 61
28 57
30 46
30 94
31 7
31 70
32 35
33 44
36 10
36 51
37 58
37 69
38 79
40 82
44 24
46 81
48 42
50 28
51 19
53 33
53 62
53 73
53 91
54 75
55 0
56 71
56 97
57 76
58 64
59 17
59 72
62 32
62 68
62 83
66 90
68 50
68 59
68 85
69 27
70 4
70 89
71 20
71 23
72 15
72 87
73 30
73 37
73 66
75 95
76 67
78 3
79 6
82 5
82 56
87 22
87 45
91 21
95 48
95 74
backbone tree 32, llh: -9695.269501
-1 55
0 9
0 53
3 40
4 54
8 31
9 1
9 8
9 39
9 49
17 78
17 96
21 38
23 36
23 61
28 57
30 46
30 94
31 7
31 70
32 35
33 44
36 10
36 51
37 58
37 69
38 79
40 82
44 24
46 81
46 85
48 42
50 28
51 19
53 16
53 33
53 62
53 73
53 91
54 75
55 0
56 71
56 97
57 76
58 64
59 17
59 72
62 32
62 68
62 83
66 90
68 50
68 59
69 27
70 4
70 89
71 20
71 23
72 15
72 87
73 30
73 37
73 66
75 95
76 67
78 3
79 6
82 5
82 56
87 22
87 45
91 21
95 48
95 74
backbone tree 33, llh: -9695.300163
-1 55
0 9
0 53
3 40
4 54
5 16
8 31
9 1
9 8
9 39
9 49
17 78
17 96
21 38
23 36
23 61
28 57
30 46
30 94
31 7
31 70
32 35
33 44
36 10
36 51
37 58
37 69
38 79
40 82
44 24
46 81
46 85
48 42
50 28
51 19
53 33
53 62
53 73
53 91
54 75
55 0
56 71
56 97
57 76
58 64
59 17
59 72
62 32
62 68
62 83
68 50
68 59
69 27
70 4
70 89
71 20
71 23
72 15
72 87
73 30
73 37
73 66
75 95
76 67
78 3
79 6
82 5
82 56
87 22
87 45
89 90
91 21
95 48
95 74
backbone tree 34, llh: -9695.274609
-1 55
0 9
0 53
3 40
4 54
5 16
7 85
8 31
9 1
9 8
9 39
9 49
17 78
17 96
21 38
23 36
23 61
28 57
30 46
30 94
31 7
31 70
32 35
33 44
36 10
36 51
37 58
37 69
38 79
40 82
44 24
46 27
46 81
48 42
50 28
51 19
53 33
53 62
53 73
53 91
54 75
55 0
56 71
56 97
57 76
58 64
59 17
59 72
62 32
62 68
66 90
68 50
68 59
70 4
70 89
71 20
71 23
72 15
72 87
73 30
73 37
73 66
75 95
76 67
78 3
79 6
82 5
82 56
87 22
87 45
89 83
91 21
95 48
95 74
backbone tree 35, llh: -9695.290250
-1 55
0 9
0 53
3 40
4 54
5 16
7 85
8 31
9 1
9 8
9 39
9 49
17 78
17 96
21 38
23 36
23 61
28 57
30 46
30 94
31 7
31 70
32 35
33 44
36 10
36 51
37 58
37 69
38 79
40 82
44 24
46 81
48 42
50 28
51 19
53 33
53 62
53 73
53 91
54 75
55 0
56 71
56 97
57 76
58 64
59 17
59 72
62 32
62 68
66 90
68 50
68 59
69 27
70 4
70 89
71 20
71 23
72 15
72 87
73 30
73 37
73 66
75 95
76 67
78 3
79 6
82 5
82 56
87 22
87 45
89 83
91 21
95 48
95 74
backbone tree 36, llh: -9695.291863
-1 55
0 9
0 53
3 40
4 54
5 16
8 31
9 1
9 8
9 39
9 49
17 78
17 96
21 38
23 36
23 61
28 57
28 85
30 46
30 94
31 7
31 70
32 35
33 44
36 10
36 51
37 58
37 69
38 79
40 82
44 24
46 27
46 81
48 42
50 28
51 19
53 33
53 62
53 73
53 91
54 75
55 0
56 71
56 97
57 76
58 64
59 17
59 72
62 32
62 68
66 90
68 50
68 59
70 4
70 89
71 20
71 23
72 15
72 87
73 30
73 37
73 66
75 95
76 67
78 3
79 6
82 5
82 56
87 22
87 45
89 83
91 21
95 48
95 74
backbone tree 37, llh: -9695.307460
-1 55
0 9
0 53
3 40
4 54
5 16
8 31
9 1
9 8
9 39
9 49
17 78
17 96
21 38
23 36
23 61
28 57
28 85
30 46
30 94
31 7
31 70
32 35
33 44
36 10
36 51
37 58
37 69
38 79
40 82
44 24
46 81
48 42
50 28
51 19
53 33
53 62
53 73
53 91
54 75
55 0
56 71
56 97
57 76
58 64
59 17
59 72
62 32
62 68
66 90
68 50
68 59
69 27
70 4
70 89
71 20
71 23
72 15
72 87
73 30
73 37
73 66
75 95
76 67
78 3
79 6
82 5
82 56
87 22
87 45
89 83
91 21
95 48
95 74
backbone tree 38, llh: -9695.296496
-1 55
0 9
0 53
3 40
4 54
5 16
8 31
9 1
9 8
9 39
9 49
17 78
17 96
21 38
23 27
23 36
23 61
28 57
30 46
30 94
31 7
31 70
32 35
33 44
36 10
36 51
37 58
37 69
38 79
40 82
44 24
46 81
46 85
48 42
50 28
51 19
53 33
53 62
53 73
53 91
54 75
55 0
56 71
56 97
57 76
58 64
59 17
59 72
62 32
62 68
66 90
68 50
68 59
70 4
70 89
71 20
71 23
72 15
72 87
73 30
73 37
73 66
75 95
76 67
78 3
79 6
82 5
82 56
87 22
87 45
89 83
91 21
95 48
95 74
backbone tree 39, llh: -9695.237354
-1 55
0 9
0 53
3 40
4 54
5 16
8 31
9 1
9 8
9 39
9 49
17 78
17 96
21 38
23 36
23 61
28 57
30 46
30 94
31 7
31 70
32 35
33 44
36 10
36 51
37 58
37 69
38 79
40 82
44 24
46 81
46 85
48 42
50 28
51 19
53 33
53 62
53 73
53 91
54 75
55 0
56 71
56 97
57 76
58 64
59 17
59 72
62 32
62 68
66 90
68 50
68 59
69 27
70 4
70 89
71 20
71 23
72 15
72 87
73 30
73 37
73 66
75 95
76 67
78 3
79 6
82 5
82 56
87 22
87 45
89 83
91 21
95 48
95 74
backbone tree 40, llh: -9695.301354
-1 55
0 9
0 53
3 40
4 54
8 31
9 1
9 8
9 39
9 49
17 78
17 96
21 38
23 36
23 61
28 57
30 46
30 94
31 7
31 70
32 35
33 44
36 10
36 51
37 58
37 69
38 79
40 82
44 24
46 81
46 85
48 42
50 28
51 19
53 16
53 33
53 62
53 73
53 91
54 75
55 0
56 71
56 97
57 76
58 64
59 17
59 72
62 32
62 68
66 90
68 50
68 59
69 27
70 4
70 89
71 20
71 23
72 15
72 87
73 30
73 37
73 66
75 95
76 67
78 3
79 6
82 5
82 56
87 22
87 45
89 83
91 21
95 48
95 74
