# 18 backbone trees, 72 mutations
backbone tree 0, llh: -13639.864876
-1 92
0 46
2 1
5 2
5 6
6 3
6 87
7 10
7 54
9 45
9 86
11 26
11 49
11 75
13 90
15 67
16 78
19 66
19 83
19 91
20 55
24 20
24 53
26 52
28 5
28 63
31 18
32 73
36 30
37 48
38 32
39 7
39 69
45 14
46 11
46 39
47 89
48 36
49 40
53 21
54 64
54 95
55 16
55 74
59 17
60 4
60 51
66 28
66 93
67 0
71 47
72 31
72 85
73 71
73 76
73 81
75 19
78 9
82 29
82 37
86 38
86 72
87 13
87 24
89 97
91 84
92 15
92 59
92 60
93 68
95 27
95 82
backbone tree 1, llh: -13639.832654
-1 92
0 46
2 1
5 2
5 6
6 3
6 87
7 10
7 54
9 45
9 86
11 26
11 49
11 75
13 90
15 67
16 78
19 66
19 83
19 91
20 55
24 20
24 53
26 52
28 5
28 63
32 73
36 30
37 48
38 32
39 7
39 69
45 14
46 11
46 39
47 89
48 36
49 40
53 21
54 64
54 95
55 16
55 74
59 17
60 4
60 51
66 28
66 93
67 0
67 18
71 47
72 31
72 85
73 71
73 76
73 81
75 19
78 9
82 29
82 37
86 38
86 72
87 13
87 24
89 97
91 84
92 15
92 59
92 60
93 68
95 27
95 82
backbone tree 2, llh: -13639.877150
-1 92
0 46
2 1
5 2
5 6
6 3
6 87
7 10
7 54
9 45
9 86
11 26
11 49
11 75
13 90
15 67
16 78
19 66
19 83
19 91
20 55
24 20
24 53
26 52
28 5
28 63
31 18
32 73
36 30
37 48
38 32
39 7
39 69
45 14
46 11
46 39
47 89
48 36
53 21
54 64
54 95
55 16
55 74
59 17
60 4
60 51
66 28
66 93
67 0
67 40
71 47
72 31
72 85
73 71
73 76
73 81
75 19
78 9
82 29
82 37
86 38
86 72
87 13
87 24
89 97
91 84
92 15
92 59
92 60
93 68
95 27
95 82
backbone tree 3, llh: -13639.891899
-1 92
0 46
2 1
5 2
5 6
6 87
7 10
7 54
9 45
9 86
11 26
11 49
11 75
13 90
15 67
16 78
19 66
19 83
19 91
20 55
24 20
24 53
26 52
28 5
28 63
31 18
32 73
36 30
37 48
38 32
39 7
39 69
45 14
46 11
46 39
47 89
48 36
49 40
53 21
54 64
54 95
55 16
55 74
59 17
60 4
60 51
64 3
66 28
66 93
67 0
71 47
72 31
72 85
73 71
73 76
73 81
75 19
78 9
82 29
82 37
86 38
86 72
87 13
87 24
89 97
91 84
92 15
92 59
92 60
93 68
95 27
95 82
backbone tree 4, llh: -13639.859652
-1 92
0 46
2 1
5 2
5 6
6 87
7 10
7 54
9 45
9 86
11 26
11 49
11 75
13 90
15 67
16 78
19 66
19 83
19 91
20 55
24 20
24 53
26 52
28 5
28 63
32 73
36 30
37 48
38 32
39 7
39 69
45 14
46 11
46 39
47 89
48 36
49 40
53 21
54 64
54 95
55 16
55 74
59 17
60 4
60 51
64 3
66 28
66 93
67 0
67 18
71 47
72 31
72 85
73 71
73 76
73 81
75 19
78 9
82 29
82 37
86 38
86 72
87 13
87 24
89 97
91 84
92 15
92 59
92 60
93 68
95 27
95 82
backbone tree 5, llh: -13639.838223
-1 92
0 46
2 1
5 2
5 6
6 3
6 87
7 10
7 18
7 54
9 45
9 86
11 26
11 49
11 75
13 90
15 67
16 78
19 66
19 83
19 91
20 55
24 20
24 53
26 52
28 5
28 63
32 73
36 30
37 48
38 32
39 7
45 14
46 11
46 39
47 89
48 36
49 40
53 21
54 64
54 95
55 16
55 74
59 17
60 4
60 69
66 28
66 93
67 0
71 47
72 31
72 85
73 71
73 76
73 81
75 19
78 9
81 51
82 29
82 37
86 38
86 72
87 13
87 24
89 97
91 84
92 15
92 59
92 60
93 68
95 27
95 82
backbone tree 6, llh: -13639.833179
-1 92
0 46
2 1
5 2
5 6
6 3
6 87
7 10
7 54
9 45
9 86
11 26
11 49
11 75
13 90
15 67
16 78
19 66
19 83
19 91
20 55
24 20
24 53
26 52
28 5
28 63
31 18
32 73
36 30
37 48
38 32
39 7
45 14
46 11
46 39
47 89
48 36
49 40
53 21
54 64
54 95
55 16
55 74
59 17
60 4
60 69
66 28
66 93
67 0
71 47
72 31
72 85
73 71
73 76
73 81
75 19
78 9
81 51
82 29
82 37
86 38
86 72
87 13
87 24
89 97
91 84
92 15
92 59
92 60
93 68
95 27
95 82
backbone tree 7, llh: -13639.798541
-1 92
0 46
2 1
5 2
5 6
6 3
6 87
7 10
7 54
9 45
9 86
11 26
11 49
11 75
13 90
15 67
16 78
19 66
19 83
19 91
20 55
24 20
24 53
26 52
28 5
28 63
32 73
36 30
37 48
38 32
39 7
45 14
46 11
46 39
47 89
48 36
49 40
53 21
54 64
54 95
55 16
55 74
59 17
60 4
60 69
66 28
66 93
67 0
67 18
71 47
72 31
72 85
73 71
73 76
73 81
75 19
78 9
81 51
82 29
82 37
86 38
86 72
87 13
87 24
89 97
91 84
92 15
92 59
92 60
93 68
95 27
95 82
backbone tree 8, llh: -13639.842985
-1 92
0 46
2 1
5 2
5 6
6 3
6 87
7 10
7 18
7 54
9 45
9 86
11 26
11 49
11 75
13 90
15 67
16 78
19 66
19 83
19 91
20 55
24 20
24 53
26 52
28 5
28 63
32 73
36 30
37 48
38 32
39 7
45 14
46 11
46 39
47 89
48 36
53 21
54 64
54 95
55 16
55 74
59 17
60 4
60 69
66 28
66 93
67 0
67 40
71 47
72 31
72 85
73 71
73 76
73 81
75 19
78 9
81 51
82 29
82 37
86 38
86 72
87 13
87 24
89 97
91 84
92 15
92 59
92 60
93 68
95 27
95 82
backbone tree 9, llh: -13639.837963
-1 92
0 46
2 1
5 2
5 6
6 3
6 87
7 10
7 54
9 45
9 86
11 26
11 49
11 75
13 90
15 67
16 78
19 66
19 83
19 91
20 55
24 20
24 53
26 52
28 5
28 63
31 18
32 73
36 30
37 48
38 32
39 7
45 14
46 11
46 39
47 89
48 36
53 21
54 64
54 95
55 16
55 74
59 17
60 4
60 69
66 28
66 93
67 0
67 40
71 47
72 31
72 85
73 71
73 76
73 81
75 19
78 9
81 51
82 29
82 37
86 38
86 72
87 13
87 24
89 97
91 84
92 15
92 59
92 60
93 68
95 27
95 82
backbone tree 10, llh: -13639.896805
-1 92
0 46
2 1
5 2
5 6
6 87
7 10
7 18
7 54
9 45
9 86
11 26
11 49
11 75
13 90
15 3
15 67
16 78
19 66
19 83
19 91
20 55
24 20
24 53
26 52
28 5
28 63
32 73
36 30
37 48
38 32
39 7
45 14
46 11
46 39
47 89
48 36
49 40
53 21
54 64
54 95
55 16
55 74
59 17
60 4
60 69
66 28
66 93
67 0
71 47
72 31
72 85
73 71
73 76
73 81
75 19
78 9
81 51
82 29
82 37
86 38
86 72
87 13
87 24
89 97
91 84
92 15
92 59
92 60
93 68
95 27
95 82
backbone tree 11, llh: -13639.891708
-1 92
0 46
2 1
5 2
5 6
6 87
7 10
7 54
9 45
9 86
11 26
11 49
11 75
13 90
15 3
15 67
16 78
19 66
19 83
19 91
20 55
24 20
24 53
26 52
28 5
28 63
31 18
32 73
36 30
37 48
38 32
39 7
45 14
46 11
46 39
47 89
48 36
49 40
53 21
54 64
54 95
55 16
55 74
59 17
60 4
60 69
66 28
66 93
67 0
71 47
72 31
72 85
73 71
73 76
73 81
75 19
78 9
81 51
82 29
82 37
86 38
86 72
87 13
87 24
89 97
91 84
92 15
92 59
92 60
93 68
95 27
95 82
backbone tree 12, llh: -13639.865242
-1 92
0 46
2 1
5 2
5 6
6 87
7 10
7 18
7 54
9 45
9 86
11 26
11 49
11 75
13 90
15 67
16 78
19 66
19 83
19 91
20 55
24 20
24 53
26 52
28 5
28 63
32 73
36 30
37 48
38 32
39 7
45 14
46 11
46 39
47 89
48 36
49 40
53 21
54 64
54 95
55 16
55 74
59 17
60 4
60 69
64 3
66 28
66 93
67 0
71 47
72 31
72 85
73 71
73 76
73 81
75 19
78 9
81 51
82 29
82 37
86 38
86 72
87 13
87 24
89 97
91 84
92 15
92 59
92 60
93 68
95 27
95 82
backbone tree 13, llh: -13639.860171
-1 92
0 46
2 1
5 2
5 6
6 87
7 10
7 54
9 45
9 86
11 26
11 49
11 75
13 90
15 67
16 78
19 66
19 83
19 91
20 55
24 20
24 53
26 52
28 5
28 63
31 18
32 73
36 30
37 48
38 32
39 7
45 14
46 11
46 39
47 89
48 36
49 40
53 21
54 64
54 95
55 16
55 74
59 17
60 4
60 69
64 3
66 28
66 93
67 0
71 47
72 31
72 85
73 71
73 76
73 81
75 19
78 9
81 51
82 29
82 37
86 38
86 72
87 13
87 24
89 97
91 84
92 15
92 59
92 60
93 68
95 27
95 82
backbone tree 14, llh: -13639.825540
-1 92
0 46
2 1
5 2
5 6
6 87
7 10
7 54
9 45
9 86
11 26
11 49
11 75
13 90
15 67
16 78
19 66
19 83
19 91
20 55
24 20
24 53
26 52
28 5
28 63
32 73
36 30
37 48
38 32
39 7
45 14
46 11
46 39
47 89
48 36
49 40
53 21
54 64
54 95
55 16
55 74
59 17
60 4
60 69
64 3
66 28
66 93
67 0
67 18
71 47
72 31
72 85
73 71
73 76
73 81
75 19
78 9
81 51
82 29
82 37
86 38
86 72
87 13
87 24
89 97
91 84
92 15
92 59
92 60
93 68
95 27
95 82
backbone tree 15, llh: -13639.870021
-1 92
0 46
2 1
5 2
5 6
6 87
7 10
7 18
7 54
9 45
9 86
11 26
11 49
11 75
13 90
15 67
16 78
19 66
19 83
19 91
20 55
24 20
24 53
26 52
28 5
28 63
32 73
36 30
37 48
38 32
39 7
45 14
46 11
46 39
47 89
48 36
53 21
54 64
54 95
55 16
55 74
59 17
60 4
60 69
64 3
66 28
66 93
67 0
67 40
71 47
72 31
72 85
73 71
73 76
73 81
75 19
78 9
81 51
82 29
82 37
86 38
86 72
87 13
87 24
89 97
91 84
92 15
92 59
92 60
93 68
95 27
95 82
backbone tree 16, llh: -13639.864994
-1 92
0 46
2 1
5 2
5 6
6 87
7 10
7 54
9 45
9 86
11 26
11 49
11 75
13 90
15 67
16 78
19 66
19 83
19 91
20 55
24 20
24 53
26 52
28 5
28 63
31 18
32 73
36 30
37 48
38 32
39 7
45 14
46 11
46 39
47 89
48 36
53 21
54 64
54 95
55 16
55 74
59 17
60 4
60 69
64 3
66 28
66 93
67 0
67 40
71 47
72 31
72 85
73 71
73 76
73 81
75 19
78 9
81 51
82 29
82 37
86 38
86 72
87 13
87 24
89 97
91 84
92 15
92 59
92 60
93 68
95 27
95 82
backbone tree 17, llh: -13639.889565
-1 92
0 46
2 1
5 2
5 6
6 3
6 87
7 10
7 54
9 45
9 86
11 26
11 49
11 75
13 90
15 67
16 78
19 66
19 83
19 91
20 55
24 20
24 53
26 52
28 5
28 63
32 73
36 30
37 48
38 32
39 7
39 69
45 81
46 11
46 39
47 89
48 36
49 40
53 21
54 64
54 95
55 16
55 74
59 17
60 4
60 51
66 28
66 93
67 0
67 18
71 47
72 31
72 85
73 14
73 71
73 76
75 19
78 9
82 29
82 37
86 38
86 72
87 13
87 24
89 97
91 84
92 15
92 59
92 60
93 68
95 27
95 82
