# 20 backbone trees, 75 mutations
backbone tree 0, llh: -15116.863664
-1 0
0 10
0 49
0 85
1 43
1 70
3 68
4 64
5 52
5 80
5 81
5 84
7 36
9 26
9 30
10 7
10 56
11 83
11 89
14 22
21 11
21 25
21 53
21 69
22 2
22 21
22 75
24 20
25 63
26 78
29 14
33 47
33 58
33 76
36 19
36 67
40 1
40 41
40 42
42 48
43 28
47 99
48 9
48 86
49 32
50 5
56 15
56 34
56 71
57 59
57 87
62 8
63 66
65 62
65 72
65 77
66 31
66 82
67 33
68 29
69 37
70 57
70 91
73 65
75 4
76 3
76 79
77 40
78 16
78 50
79 46
80 96
82 73
85 24
85 90
backbone tree 1, llh: -15116.836558
-1 0
0 10
0 49
0 85
1 43
1 70
3 68
4 64
5 52
5 80
5 81
5 84
7 36
9 26
9 30
10 7
10 56
11 83
11 89
14 22
21 11
21 25
21 53
21 69
22 2
22 21
22 75
24 20
25 63
26 78
29 14
33 47
33 58
33 76
36 19
36 67
40 1
40 41
40 42
42 48
43 28
47 99
48 9
48 86
49 8
50 5
56 15
56 34
56 71
57 59
57 87
63 66
65 62
65 72
65 77
66 31
66 82
67 33
68 29
69 37
70 57
70 91
73 65
75 4
76 3
76 79
77 40
78 16
78 50
79 46
80 96
81 32
82 73
85 24
85 90
backbone tree 2, llh: -15116.893792
-1 0
0 10
0 49
0 85
1 43
1 70
3 68
4 64
5 52
5 80
5 81
5 84
7 36
9 26
9 30
10 7
10 56
11 83
11 89
14 22
21 11
21 25
21 53
21 69
22 2
22 21
22 75
24 20
25 63
26 78
29 14
33 47
33 58
33 76
36 19
36 67
40 1
40 41
40 42
42 48
43 28
47 99
48 9
48 86
49 8
50 5
56 15
56 34
57 59
57 87
63 66
65 62
65 72
65 77
66 31
66 82
67 33
68 29
69 37
70 57
70 91
73 65
75 4
76 3
76 79
77 40
78 16
78 50
79 46
80 96
81 32
82 73
85 24
85 90
91 71
backbone tree 3, llh: -15116.884905
-1 0
0 10
0 49
0 85
1 43
1 70
3 68
4 64
5 52
5 80
5 81
5 84
7 36
9 26
9 30
10 7
10 56
11 83
11 89
14 22
21 11
21 25
21 53
21 69
22 2
22 21
22 75
24 20
25 63
26 78
29 14
33 47
33 58
33 76
36 19
36 67
40 1
40 41
40 42
42 48
43 28
47 99
48 9
48 86
50 5
56 15
56 34
56 71
57 59
57 87
62 8
63 66
65 62
65 72
65 77
66 31
66 82
67 33
68 29
69 37
70 57
70 91
73 65
75 4
76 3
76 79
77 40
78 16
78 50
79 46
80 96
81 32
82 73
85 24
85 90
backbone tree 4, llh: -15116.893684
-1 0
0 10
0 49
0 85
1 43
1 70
3 68
4 64
5 52
5 80
5 81
5 84
7 36
9 26
9 30
10 7
10 56
11 20
11 89
14 22
21 11
21 25
21 53
21 69
22 2
22 21
22 75
24 83
25 63
26 78
29 14
33 47
33 58
33 76
36 19
36 67
40 1
40 41
40 42
42 48
43 28
47 99
48 9
48 86
49 32
50 5
56 15
56 34
56 71
57 59
57 87
62 8
63 66
65 62
65 72
65 77
66 31
66 82
67 33
68 29
69 37
70 57
70 91
73 65
75 4
76 3
76 79
77 40
78 16
78 50
79 46
80 96
82 73
85 24
85 90
backbone tree 5, llh: -15116.866564
-1 0
0 10
0 49
0 85
1 43
1 70
3 68
4 64
5 52
5 80
5 81
5 84
7 36
9 26
9 30
10 7
10 56
11 20
11 89
14 22
21 11
21 25
21 53
21 69
22 2
22 21
22 75
24 83
25 63
26 78
29 14
33 47
33 58
33 76
36 19
36 67
40 1
40 41
40 42
42 48
43 28
47 99
48 9
48 86
49 8
50 5
56 15
56 34
56 71
57 59
57 87
63 66
65 62
65 72
65 77
66 31
66 82
67 33
68 29
69 37
70 57
70 91
73 65
75 4
76 3
76 79
77 40
78 16
78 50
79 46
80 96
81 32
82 73
85 24
85 90
backbone tree 6, llh: -15116.888254
-1 0
0 10
0 49
0 85
1 43
1 70
3 68
4 64
5 52
5 80
5 81
5 84
7 36
9 26
9 30
10 7
10 56
11 20
11 83
11 89
14 22
21 11
21 25
21 69
22 2
22 21
22 75
25 63
26 78
29 14
33 47
33 58
33 76
36 19
36 67
40 1
40 41
40 42
42 48
43 28
47 99
48 9
48 86
49 32
50 5
56 15
56 34
56 71
57 59
57 87
62 8
63 66
65 62
65 72
65 77
66 31
66 82
67 33
68 29
69 37
69 53
70 57
70 91
73 65
75 4
76 3
76 79
77 40
78 16
78 50
79 46
80 96
82 73
85 24
85 90
backbone tree 7, llh: -15116.861135
-1 0
0 10
0 49
0 85
1 43
1 70
3 68
4 64
5 52
5 80
5 81
5 84
7 36
9 26
9 30
10 7
10 56
11 20
11 83
11 89
14 22
21 11
21 25
21 69
22 2
22 21
22 75
25 63
26 78
29 14
33 47
33 58
33 76
36 19
36 67
40 1
40 41
40 42
42 48
43 28
47 99
48 9
48 86
49 8
50 5
56 15
56 34
56 71
57 59
57 87
63 66
65 62
65 72
65 77
66 31
66 82
67 33
68 29
69 37
69 53
70 57
70 91
73 65
75 4
76 3
76 79
77 40
78 16
78 50
79 46
80 96
81 32
82 73
85 24
85 90
backbone tree 8, llh: -15116.896873
-1 0
0 10
0 49
0 85
1 43
1 70
3 68
4 64
5 52
5 80
5 81
5 84
7 36
9 26
9 30
10 7
10 56
11 71
11 83
11 89
14 22
21 11
21 25
21 69
22 2
22 21
22 75
24 20
25 63
26 78
29 14
33 47
33 58
33 76
36 19
36 67
40 1
40 41
40 42
42 48
43 28
47 99
48 9
48 86
49 32
50 5
56 15
56 34
57 59
57 87
62 8
63 66
65 62
65 72
65 77
66 31
66 82
67 33
68 29
69 37
69 53
70 57
70 91
73 65
75 4
76 3
76 79
77 40
78 16
78 50
79 46
80 96
82 73
85 24
85 90
backbone tree 9, llh: -15116.823261
-1 0
0 10
0 49
0 85
1 43
1 70
3 68
4 64
5 52
5 80
5 81
5 84
7 36
9 26
9 30
10 7
10 56
11 83
11 89
14 22
21 11
21 25
21 69
22 2
22 21
22 75
24 20
25 63
26 78
29 14
33 47
33 58
33 76
36 19
36 67
40 1
40 41
40 42
42 48
43 28
47 99
48 9
48 86
49 32
50 5
56 15
56 34
56 71
57 59
57 87
62 8
63 66
65 62
65 72
65 77
66 31
66 82
67 33
68 29
69 37
69 53
70 57
70 91
73 65
75 4
76 3
76 79
77 40
78 16
78 50
79 46
80 96
82 73
85 24
85 90
backbone tree 10, llh: -15116.880943
-1 0
0 10
0 49
0 85
1 43
1 70
3 68
4 64
5 52
5 80
5 81
5 84
7 36
9 26
9 30
10 7
10 56
11 83
11 89
14 22
21 11
21 25
21 69
22 2
22 21
22 75
24 20
25 63
26 78
29 14
33 47
33 58
33 76
36 19
36 67
40 1
40 41
40 42
42 48
43 28
47 99
48 9
48 86
49 32
50 5
56 15
56 34
57 59
57 87
62 8
63 66
65 62
65 72
65 77
66 31
66 82
67 33
68 29
69 37
69 53
70 57
70 91
73 65
75 4
76 3
76 79
77 40
78 16
78 50
79 46
80 96
82 73
85 24
85 90
91 71
backbone tree 11, llh: -15116.869789
-1 0
0 10
0 49
0 85
1 43
1 70
3 68
4 64
5 52
5 80
5 81
5 84
7 36
9 26
9 30
10 7
10 56
11 71
11 83
11 89
14 22
21 11
21 25
21 69
22 2
22 21
22 75
24 20
25 63
26 78
29 14
33 47
33 58
33 76
36 19
36 67
40 1
40 41
40 42
42 48
43 28
47 99
48 9
48 86
49 8
50 5
56 15
56 34
57 59
57 87
63 66
65 62
65 72
65 77
66 31
66 82
67 33
68 29
69 37
69 53
70 57
70 91
73 65
75 4
76 3
76 79
77 40
78 16
78 50
79 46
80 96
81 32
82 73
85 24
85 90
backbone tree 12, llh: -15116.796155
-1 0
0 10
0 49
0 85
1 43
1 70
3 68
4 64
5 52
5 80
5 81
5 84
7 36
9 26
9 30
10 7
10 56
11 83
11 89
14 22
21 11
21 25
21 69
22 2
22 21
22 75
24 20
25 63
26 78
29 14
33 47
33 58
33 76
36 19
36 67
40 1
40 41
40 42
42 48
43 28
47 99
48 9
48 86
49 8
50 5
56 15
56 34
56 71
57 59
57 87
63 66
65 62
65 72
65 77
66 31
66 82
67 33
68 29
69 37
69 53
70 57
70 91
73 65
75 4
76 3
76 79
77 40
78 16
78 50
79 46
80 96
81 32
82 73
85 24
85 90
backbone tree 13, llh: -15116.853389
-1 0
0 10
0 49
0 85
1 43
1 70
3 68
4 64
5 52
5 80
5 81
5 84
7 36
9 26
9 30
10 7
10 56
11 83
11 89
14 22
21 11
21 25
21 69
22 2
22 21
22 75
24 20
25 63
26 78
29 14
33 47
33 58
33 76
36 19
36 67
40 1
40 41
40 42
42 48
43 28
47 99
48 9
48 86
49 8
50 5
56 15
56 34
57 59
57 87
63 66
65 62
65 72
65 77
66 31
66 82
67 33
68 29
69 37
69 53
70 57
70 91
73 65
75 4
76 3
76 79
77 40
78 16
78 50
79 46
80 96
81 32
82 73
85 24
85 90
91 71
backbone tree 14, llh: -15116.899519
-1 0
0 10
0 49
0 85
1 43
1 70
3 68
4 64
5 52
5 80
5 81
5 84
7 36
9 26
9 30
10 7
10 56
11 83
11 89
14 22
21 11
21 25
21 69
22 2
22 21
22 75
24 20
25 63
26 78
29 14
33 47
33 76
36 19
36 67
40 1
40 41
40 42
42 48
43 28
47 99
48 9
48 86
49 8
50 5
56 15
56 34
56 71
57 59
57 87
63 66
65 62
65 72
65 77
66 31
66 82
67 33
67 58
68 29
69 37
69 53
70 57
70 91
73 65
75 4
76 3
76 79
77 40
78 16
78 50
79 46
80 96
81 32
82 73
85 24
85 90
backbone tree 15, llh: -15116.844503
-1 0
0 10
0 49
0 85
1 43
1 70
3 68
4 64
5 52
5 80
5 81
5 84
7 36
9 26
9 30
10 7
10 56
11 83
11 89
14 22
21 11
21 25
21 69
22 2
22 21
22 75
24 20
25 63
26 78
29 14
33 47
33 58
33 76
36 19
36 67
40 1
40 41
40 42
42 48
43 28
47 99
48 9
48 86
50 5
56 15
56 34
56 71
57 59
57 87
62 8
63 66
65 62
65 72
65 77
66 31
66 82
67 33
68 29
69 37
69 53
70 57
70 91
73 65
75 4
76 3
76 79
77 40
78 16
78 50
79 46
80 96
81 32
82 73
85 24
85 90
backbone tree 16, llh: -15116.853281
-1 0
0 10
0 49
0 85
1 43
1 70
3 68
4 64
5 52
5 80
5 81
5 84
7 36
9 26
9 30
10 7
10 56
11 20
11 89
14 22
21 11
21 25
21 69
22 2
22 21
22 75
24 83
25 63
26 78
29 14
33 47
33 58
33 76
36 19
36 67
40 1
40 41
40 42
42 48
43 28
47 99
48 9
48 86
49 32
50 5
56 15
56 34
56 71
57 59
57 87
62 8
63 66
65 62
65 72
65 77
66 31
66 82
67 33
68 29
69 37
69 53
70 57
70 91
73 65
75 4
76 3
76 79
77 40
78 16
78 50
79 46
80 96
82 73
85 24
85 90
backbone tree 17, llh: -15116.826161
-1 0
0 10
0 49
0 85
1 43
1 70
3 68
4 64
5 52
5 80
5 81
5 84
7 36
9 26
9 30
10 7
10 56
11 20
11 89
14 22
21 11
21 25
21 69
22 2
22 21
22 75
24 83
25 63
26 78
29 14
33 47
33 58
33 76
36 19
36 67
40 1
40 41
40 42
42 48
43 28
47 99
48 9
48 86
49 8
50 5
56 15
56 34
56 71
57 59
57 87
63 66
65 62
65 72
65 77
66 31
66 82
67 33
68 29
69 37
69 53
70 57
70 91
73 65
75 4
76 3
76 79
77 40
78 16
78 50
79 46
80 96
81 32
82 73
85 24
85 90
backbone tree 18, llh: -15116.883650
-1 0
0 10
0 49
0 85
1 43
1 70
3 68
4 64
5 52
5 80
5 81
5 84
7 36
9 26
9 30
10 7
10 56
11 20
11 89
14 22
21 11
21 25
21 69
22 2
22 21
22 75
24 83
25 63
26 78
29 14
33 47
33 58
33 76
36 19
36 67
40 1
40 41
40 42
42 48
43 28
47 99
48 9
48 86
49 8
50 5
56 15
56 34
57 59
57 87
63 66
65 62
65 72
65 77
66 31
66 82
67 33
68 29
69 37
69 53
70 57
70 91
73 65
75 4
76 3
76 79
77 40
78 16
78 50
79 46
80 96
81 32
82 73
85 24
85 90
91 71
backbone tree 19, llh: -15116.874523
-1 0
0 10
0 49
0 85
1 43
1 70
3 68
4 64
5 52
5 80
5 81
5 84
7 36
9 26
9 30
10 7
10 56
11 20
11 89
14 22
21 11
21 25
21 69
22 2
22 21
22 75
24 83
25 63
26 78
29 14
33 47
33 58
33 76
36 19
36 67
40 1
40 41
40 42
42 48
43 28
47 99
48 9
48 86
50 5
56 15
56 34
56 71
57 59
57 87
62 8
63 66
65 62
65 72
65 77
66 31
66 82
67 33
68 29
69 37
69 53
70 57
70 91
73 65
75 4
76 3
76 79
77 40
78 16
78 50
79 46
80 96
81 32
82 73
85 24
85 90
