# 10 backbone trees, 54 mutations
backbone tree 0, llh: -10751.507949
-1 0
0 9
0 42
0 54
0 71
0 89
6 68
6 85
9 64
11 6
12 22
15 16
15 34
15 78
15 88
16 41
18 27
22 11
22 93
27 17
28 30
28 38
33 75
34 94
36 52
37 29
37 51
37 73
40 45
45 31
45 57
50 40
57 77
57 96
62 18
62 28
62 69
62 92
65 49
71 44
73 23
73 50
84 7
84 33
85 15
88 10
88 36
88 84
89 37
92 12
94 4
96 13
96 62
96 65
backbone tree 1, llh: -10751.486928
-1 0
0 9
0 42
0 54
0 71
0 89
6 68
6 85
9 64
11 6
12 22
15 16
15 34
15 78
15 88
16 41
18 27
22 11
22 93
27 17
28 30
28 38
33 75
34 94
36 52
37 51
37 73
40 45
45 31
45 57
50 40
57 77
57 96
62 18
62 28
62 69
62 92
65 49
71 44
73 23
73 50
84 7
84 33
85 15
88 10
88 36
88 84
89 29
89 37
92 12
94 4
96 13
96 62
96 65
backbone tree 2, llh: -10751.514830
-1 0
0 9
0 42
0 54
0 71
0 89
6 68
6 85
9 64
11 6
11 29
12 22
15 16
15 34
15 78
15 88
16 41
18 27
22 11
27 17
28 30
28 38
33 75
34 94
36 52
37 51
37 73
40 45
45 31
45 57
50 40
57 77
57 96
62 18
62 28
62 69
62 92
64 93
65 49
71 44
73 23
73 50
84 7
84 33
85 15
88 10
88 36
88 84
89 37
92 12
94 4
96 13
96 62
96 65
backbone tree 3, llh: -10751.473607
-1 0
0 9
0 42
0 54
0 71
0 89
6 68
6 85
9 64
11 6
12 22
15 16
15 34
15 78
15 88
16 41
18 27
22 11
27 17
28 30
28 38
33 75
34 94
36 52
37 29
37 51
37 73
40 45
45 31
45 57
50 40
57 77
57 96
62 18
62 28
62 69
62 92
64 93
65 49
71 44
73 23
73 50
84 7
84 33
85 15
88 10
88 36
88 84
89 37
92 12
94 4
96 13
96 62
96 65
backbone tree 4, llh: -10751.453682
-1 0
0 9
0 42
0 54
0 71
0 89
6 68
6 85
9 64
11 6
12 22
15 16
15 34
15 78
15 88
16 41
18 27
22 11
27 17
28 30
28 38
33 75
34 94
36 52
37 51
37 73
40 45
45 31
45 57
50 40
57 77
57 96
62 18
62 28
62 69
62 92
64 93
65 49
71 44
73 23
73 50
84 7
84 33
85 15
88 10
88 36
88 84
89 29
89 37
92 12
94 4
96 13
96 62
96 65
backbone tree 5, llh: -10751.540850
-1 0
0 9
0 42
0 54
0 71
0 89
6 68
6 85
9 64
11 6
12 22
15 16
15 34
15 78
15 88
18 27
22 11
22 93
27 17
28 30
28 38
33 75
34 94
36 52
37 29
37 51
37 73
40 45
45 31
45 57
50 40
54 41
57 77
57 96
62 18
62 28
62 69
62 92
65 49
71 44
73 23
73 50
84 7
84 33
85 15
88 10
88 36
88 84
89 37
92 12
94 4
96 13
96 62
96 65
backbone tree 6, llh: -10751.523275
-1 0
0 9
0 42
0 54
0 71
0 89
6 68
6 85
9 64
11 6
12 22
15 16
15 34
15 78
15 88
18 27
22 11
22 93
27 17
28 30
28 38
33 75
34 94
36 52
37 51
37 73
40 45
45 31
45 57
50 40
54 41
57 77
57 96
62 18
62 28
62 69
62 92
65 49
71 44
73 23
73 50
84 7
84 33
85 15
88 10
88 36
88 84
89 29
89 37
92 12
94 4
96 13
96 62
96 65
backbone tree 7, llh: -10751.534501
-1 0
0 9
0 42
0 54
0 71
0 89
6 68
6 85
9 64
11 6
11 29
12 22
15 16
15 34
15 78
15 88
18 27
22 11
27 17
28 30
28 38
33 75
34 94
36 52
37 51
37 73
40 45
45 31
45 57
50 40
54 41
57 77
57 96
62 18
62 28
62 69
62 92
64 93
65 49
71 44
73 23
73 50
84 7
84 33
85 15
88 10
88 36
88 84
89 37
92 12
94 4
96 13
96 62
96 65
backbone tree 8, llh: -10751.506422
-1 0
0 9
0 42
0 54
0 71
0 89
6 68
6 85
9 64
11 6
12 22
15 16
15 34
15 78
15 88
18 27
22 11
27 17
28 30
28 38
33 75
34 94
36 52
37 29
37 51
37 73
40 45
45 31
45 57
50 40
54 41
57 77
57 96
62 18
62 28
62 69
62 92
64 93
65 49
71 44
73 23
73 50
84 7
84 33
85 15
88 10
88 36
88 84
89 37
92 12
94 4
96 13
96 62
96 65
backbone tree 9, llh: -10751.489975
-1 0
0 9
0 42
0 54
0 71
0 89
6 68
6 85
9 64
11 6
12 22
15 16
15 34
15 78
15 88
18 27
22 11
27 17
28 30
28 38
33 75
34 94
36 52
37 51
37 73
40 45
45 31
45 57
50 40
54 41
57 77
57 96
62 18
62 28
62 69
62 92
64 93
65 49
71 44
73 23
73 50
84 7
84 33
85 15
88 10
88 36
88 84
89 29
89 37
92 12
94 4
96 13
96 62
96 65
