# 30 backbone trees, 63 mutations
backbone tree 0, llh: -8572.784368
-1 0
0 20
0 58
0 96
6 73
13 4
18 42
18 43
20 56
20 80
27 29
27 62
28 52
30 2
30 45
32 30
34 59
34 70
35 44
37 53
37 98
42 15
42 25
43 68
45 63
50 8
51 97
52 5
52 49
53 34
53 35
53 36
53 79
54 28
54 55
55 6
55 60
56 75
56 88
57 18
58 37
58 38
58 69
59 33
67 87
68 32
70 57
70 92
74 3
74 51
75 13
75 82
79 27
79 50
80 91
82 74
84 54
87 84
91 67
91 89
92 41
96 47
96 86
backbone tree 1, llh: -8572.810864
-1 0
0 20
0 58
0 96
6 73
13 4
18 42
18 43
20 56
20 80
27 29
27 62
28 52
30 2
30 45
32 30
34 59
34 70
35 44
37 53
37 98
42 15
42 25
43 68
45 63
50 8
51 97
52 49
53 34
53 35
53 36
53 79
54 28
54 55
55 6
55 60
56 75
56 88
57 18
58 37
58 38
58 69
59 33
67 87
68 32
70 57
70 92
74 3
74 51
75 13
75 82
79 27
79 50
80 91
82 74
84 54
87 5
87 84
91 67
91 89
92 41
96 47
96 86
backbone tree 2, llh: -8572.820377
-1 0
0 20
0 58
0 96
6 73
13 4
18 42
18 43
20 56
20 80
27 38
27 62
28 29
28 52
30 2
30 45
32 30
34 59
34 70
35 44
37 53
37 98
42 15
42 25
43 68
45 63
50 8
51 97
52 49
53 34
53 35
53 36
53 79
54 28
54 55
55 6
55 60
56 75
56 88
57 18
58 37
58 69
59 33
67 87
68 32
70 57
70 92
74 3
74 51
75 13
75 82
79 27
79 50
80 91
82 74
84 54
87 5
87 84
91 67
91 89
92 41
96 47
96 86
backbone tree 3, llh: -8572.816944
-1 0
0 20
0 58
0 96
6 73
13 4
18 42
18 43
20 56
20 80
27 62
28 29
28 52
30 2
30 45
32 30
33 5
34 59
34 70
35 44
37 53
37 98
42 15
42 25
43 68
45 63
50 8
51 97
52 49
53 34
53 35
53 36
53 79
54 28
54 55
55 6
55 60
56 75
56 88
57 18
58 37
58 38
58 69
59 33
67 87
68 32
70 57
70 92
74 3
74 51
75 13
75 82
79 27
79 50
80 91
82 74
84 54
87 84
91 67
91 89
92 41
96 47
96 86
backbone tree 4, llh: -8572.774246
-1 0
0 20
0 58
0 96
6 73
13 4
18 42
18 43
20 56
20 80
27 62
28 29
28 52
30 2
30 45
32 30
34 59
34 70
35 44
37 53
37 98
42 15
42 25
43 68
45 63
50 8
51 97
52 49
53 34
53 35
53 36
53 79
54 28
54 55
55 6
55 60
56 75
56 88
57 18
58 37
58 38
58 69
59 33
67 87
68 32
70 57
70 92
74 3
74 51
75 13
75 82
79 27
79 50
80 91
82 74
84 54
87 5
87 84
91 67
91 89
92 41
96 47
96 86
backbone tree 5, llh: -8572.789329
-1 0
0 20
0 58
0 96
6 73
13 4
18 42
18 43
20 56
20 80
27 62
28 52
30 2
30 45
32 30
34 59
34 70
35 44
37 53
37 98
42 15
42 25
43 68
45 63
50 8
51 97
52 5
52 49
53 34
53 35
53 36
53 79
54 28
54 55
55 6
55 60
56 75
56 88
57 18
58 37
58 38
58 69
59 33
67 29
67 87
68 32
70 57
70 92
74 3
74 51
75 13
75 82
79 27
79 50
80 91
82 74
84 54
87 84
91 67
91 89
92 41
96 47
96 86
backbone tree 6, llh: -8572.777051
-1 0
0 20
0 58
0 96
6 73
13 4
18 42
18 43
20 56
20 80
27 62
28 52
30 2
30 45
32 30
34 59
34 70
35 44
37 53
37 98
42 15
42 25
43 68
45 63
50 8
51 97
52 5
52 49
53 34
53 35
53 36
53 79
54 28
54 55
55 6
55 60
56 75
56 88
57 18
58 37
58 38
58 69
59 33
67 87
68 32
70 57
70 92
74 3
74 51
75 13
75 82
79 27
79 50
80 91
82 74
84 54
87 29
87 84
91 67
91 89
92 41
96 47
96 86
backbone tree 7, llh: -8572.743744
-1 0
0 20
0 58
0 96
6 73
18 42
18 43
20 56
20 80
27 29
27 62
28 52
30 2
30 45
32 30
33 4
34 59
34 70
35 44
37 53
37 98
42 15
42 25
43 68
45 63
50 8
51 97
52 5
52 49
53 34
53 35
53 36
53 79
54 28
54 55
55 6
55 60
56 75
56 88
57 18
58 37
58 38
58 69
59 33
67 87
68 32
70 57
70 92
74 3
74 51
75 13
75 82
79 27
79 50
80 91
82 74
84 54
87 84
91 67
91 89
92 41
96 47
96 86
backbone tree 8, llh: -8572.763368
-1 0
0 20
0 58
0 96
6 73
18 42
18 43
20 56
20 80
27 29
27 62
28 52
30 2
30 45
32 30
33 4
34 59
34 70
35 44
37 53
37 98
42 15
42 25
43 68
45 63
50 8
51 97
52 5
52 49
53 34
53 35
53 79
54 28
54 36
54 55
55 6
55 60
56 75
56 88
57 18
58 37
58 38
58 69
59 33
67 87
68 32
70 57
70 92
74 3
74 51
75 13
75 82
79 27
79 50
80 91
82 74
84 54
87 84
91 67
91 89
92 41
96 47
96 86
backbone tree 9, llh: -8572.768601
-1 0
0 20
0 58
0 96
6 73
18 42
18 43
20 56
20 80
27 29
27 62
28 52
30 2
30 45
32 30
33 4
34 59
34 70
35 44
37 53
37 98
42 15
42 25
43 68
45 63
50 8
51 97
52 49
53 34
53 35
53 36
53 79
54 28
54 55
55 6
55 60
56 75
56 88
57 18
58 37
58 38
58 69
59 33
67 87
68 32
70 57
70 92
74 3
74 51
75 13
75 82
79 27
79 50
80 91
82 74
84 54
87 5
87 84
91 67
91 89
92 41
96 47
96 86
backbone tree 10, llh: -8572.779340
-1 0
0 20
0 58
0 96
6 73
18 42
18 43
20 56
20 80
27 38
27 62
28 29
28 52
30 2
30 45
32 30
33 4
34 59
34 70
35 44
37 53
37 98
42 15
42 25
43 68
45 63
50 8
51 97
52 49
53 34
53 35
53 36
53 79
54 28
54 55
55 6
55 60
56 75
56 88
57 18
58 37
58 69
59 33
67 87
68 32
70 57
70 92
74 3
74 51
75 13
75 82
79 27
79 50
80 91
82 74
84 54
87 5
87 84
91 67
91 89
92 41
96 47
96 86
backbone tree 11, llh: -8572.814007
-1 0
0 5
0 20
0 58
0 96
6 73
18 42
18 43
20 56
20 80
27 62
28 29
28 52
30 2
30 45
32 30
33 4
34 59
34 70
35 44
37 53
37 98
42 15
42 25
43 68
45 63
50 8
51 97
52 49
53 34
53 35
53 36
53 79
54 28
54 55
55 6
55 60
56 75
56 88
57 18
58 37
58 38
58 69
59 33
67 87
68 32
70 57
70 92
74 3
74 51
75 13
75 82
79 27
79 50
80 91
82 74
84 54
87 84
91 67
91 89
92 41
96 47
96 86
backbone tree 12, llh: -8572.825732
-1 0
0 20
0 58
0 96
6 73
18 42
18 43
20 56
20 80
27 62
28 29
28 52
30 2
30 45
32 30
33 4
34 59
34 70
35 44
37 53
37 98
42 15
42 25
43 68
45 63
50 8
51 97
52 5
52 49
53 34
53 35
53 36
53 79
54 28
54 55
55 6
55 60
56 75
56 88
57 18
58 37
58 38
58 69
59 33
67 87
68 32
70 57
70 92
74 3
74 51
75 13
75 82
79 27
79 50
80 91
82 74
84 54
87 84
91 67
91 89
92 41
96 47
96 86
backbone tree 13, llh: -8572.731806
-1 0
0 20
0 58
0 96
6 73
18 42
18 43
20 56
20 80
27 62
28 29
28 52
30 2
30 45
32 30
33 4
34 59
34 70
35 44
37 53
37 98
42 15
42 25
43 68
45 63
50 8
51 97
52 49
53 34
53 35
53 36
53 79
54 28
54 55
55 6
55 60
56 75
56 88
57 18
58 37
58 38
58 69
59 33
67 87
68 32
70 57
70 92
74 3
74 51
75 13
75 82
79 27
79 50
80 91
82 74
84 54
87 5
87 84
91 67
91 89
92 41
96 47
96 86
backbone tree 14, llh: -8572.777736
-1 0
0 20
0 58
0 96
6 73
18 42
18 43
20 56
20 80
27 62
28 29
28 52
30 2
30 45
32 30
33 4
34 59
34 70
35 44
37 53
37 98
42 15
42 25
43 68
45 63
50 8
51 97
52 49
53 34
53 35
53 79
54 28
54 36
54 55
55 6
55 60
56 75
56 88
57 18
58 37
58 38
58 69
59 33
67 87
68 32
70 57
70 92
74 3
74 51
75 13
75 82
79 27
79 50
80 91
82 74
84 54
87 5
87 84
91 67
91 89
92 41
96 47
96 86
backbone tree 15, llh: -8572.798930
-1 0
0 20
0 58
0 96
6 73
18 42
18 43
20 56
20 80
27 38
27 62
28 52
30 2
30 45
32 30
33 4
34 59
34 70
35 44
37 53
37 98
42 15
42 25
43 68
45 63
50 8
51 97
52 5
52 49
53 34
53 35
53 36
53 79
54 28
54 55
55 6
55 60
56 75
56 88
57 18
58 37
58 69
59 33
67 29
67 87
68 32
70 57
70 92
74 3
74 51
75 13
75 82
79 27
79 50
80 91
82 74
84 54
87 84
91 67
91 89
92 41
96 47
96 86
backbone tree 16, llh: -8572.748721
-1 0
0 20
0 58
0 96
6 73
18 42
18 43
20 56
20 80
27 62
28 52
30 2
30 45
32 30
33 4
34 59
34 70
35 44
37 53
37 98
42 15
42 25
43 68
45 63
50 8
51 97
52 5
52 49
53 34
53 35
53 36
53 79
54 28
54 55
55 6
55 60
56 75
56 88
57 18
58 37
58 38
58 69
59 33
67 29
67 87
68 32
70 57
70 92
74 3
74 51
75 13
75 82
79 27
79 50
80 91
82 74
84 54
87 84
91 67
91 89
92 41
96 47
96 86
backbone tree 17, llh: -8572.768388
-1 0
0 20
0 58
0 96
6 73
18 42
18 43
20 56
20 80
27 62
28 52
30 2
30 45
32 30
33 4
34 59
34 70
35 44
37 53
37 98
42 15
42 25
43 68
45 63
50 8
51 97
52 5
52 49
53 34
53 35
53 79
54 28
54 36
54 55
55 6
55 60
56 75
56 88
57 18
58 37
58 38
58 69
59 33
67 29
67 87
68 32
70 57
70 92
74 3
74 51
75 13
75 82
79 27
79 50
80 91
82 74
84 54
87 84
91 67
91 89
92 41
96 47
96 86
backbone tree 18, llh: -8572.811126
-1 0
0 20
0 58
0 96
6 73
18 42
18 43
20 56
20 80
27 62
28 52
30 2
30 45
32 30
33 4
34 59
34 70
35 44
37 53
37 98
42 15
42 25
43 68
45 63
50 8
51 97
52 5
52 49
53 34
53 35
53 36
53 79
54 28
54 55
55 6
55 60
56 75
56 88
57 18
58 37
58 38
58 69
59 33
67 87
68 32
70 57
70 92
74 3
74 51
75 13
75 82
79 27
79 50
80 91
82 74
84 29
84 54
87 84
91 67
91 89
92 41
96 47
96 86
backbone tree 19, llh: -8572.786441
-1 0
0 20
0 58
0 96
6 73
18 42
18 43
20 56
20 80
27 38
27 62
28 52
30 2
30 45
32 30
33 4
34 59
34 70
35 44
37 53
37 98
42 15
42 25
43 68
45 63
50 8
51 97
52 5
52 49
53 34
53 35
53 36
53 79
54 28
54 55
55 6
55 60
56 75
56 88
57 18
58 37
58 69
59 33
67 87
68 32
70 57
70 92
74 3
74 51
75 13
75 82
79 27
79 50
80 91
82 74
84 54
87 29
87 84
91 67
91 89
92 41
96 47
96 86
backbone tree 20, llh: -8572.736232
-1 0
0 20
0 58
0 96
6 73
18 42
18 43
20 56
20 80
27 62
28 52
30 2
30 45
32 30
33 4
34 59
34 70
35 44
37 53
37 98
42 15
42 25
43 68
45 63
50 8
51 97
52 5
52 49
53 34
53 35
53 36
53 79
54 28
54 55
55 6
55 60
56 75
56 88
57 18
58 37
58 38
58 69
59 33
67 87
68 32
70 57
70 92
74 3
74 51
75 13
75 82
79 27
79 50
80 91
82 74
84 54
87 29
87 84
91 67
91 89
92 41
96 47
96 86
backbone tree 21, llh: -8572.755887
-1 0
0 20
0 58
0 96
6 73
18 42
18 43
20 56
20 80
27 62
28 52
30 2
30 45
32 30
33 4
34 59
34 70
35 44
37 53
37 98
42 15
42 25
43 68
45 63
50 8
51 97
52 5
52 49
53 34
53 35
53 79
54 28
54 36
54 55
55 6
55 60
56 75
56 88
57 18
58 37
58 38
58 69
59 33
67 87
68 32
70 57
70 92
74 3
74 51
75 13
75 82
79 27
79 50
80 91
82 74
84 54
87 29
87 84
91 67
91 89
92 41
96 47
96 86
backbone tree 22, llh: -8572.819640
-1 0
0 20
0 58
0 96
6 73
13 4
18 42
18 43
20 56
20 80
27 62
28 29
28 52
30 2
30 45
32 30
34 59
34 70
35 44
37 53
37 98
42 15
42 25
43 68
45 63
50 8
51 97
52 49
53 34
53 35
53 36
53 79
54 28
54 55
55 6
55 60
56 75
57 18
58 37
58 38
58 69
59 33
60 88
67 87
68 32
70 57
70 92
74 3
74 51
75 13
75 82
79 27
79 50
80 91
82 74
84 54
87 5
87 84
91 67
91 89
92 41
96 47
96 86
backbone tree 23, llh: -8572.789147
-1 0
0 20
0 58
0 96
6 73
18 42
18 43
20 56
20 80
27 29
27 62
28 52
30 2
30 45
32 30
33 4
34 59
34 70
35 44
37 53
37 98
42 15
42 25
43 68
45 63
50 8
51 97
52 5
52 49
53 34
53 35
53 36
53 79
54 28
54 55
55 6
55 60
56 75
57 18
58 37
58 38
58 69
59 33
60 88
67 87
68 32
70 57
70 92
74 3
74 51
75 13
75 82
79 27
79 50
80 91
82 74
84 54
87 84
91 67
91 89
92 41
96 47
96 86
backbone tree 24, llh: -8572.814083
-1 0
0 20
0 58
0 96
6 73
18 42
18 43
20 56
20 80
27 29
27 62
28 52
30 2
30 45
32 30
33 4
34 59
34 70
35 44
37 53
37 98
42 15
42 25
43 68
45 63
50 8
51 97
52 49
53 34
53 35
53 36
53 79
54 28
54 55
55 6
55 60
56 75
57 18
58 37
58 38
58 69
59 33
60 88
67 87
68 32
70 57
70 92
74 3
74 51
75 13
75 82
79 27
79 50
80 91
82 74
84 54
87 5
87 84
91 67
91 89
92 41
96 47
96 86
backbone tree 25, llh: -8572.825677
-1 0
0 20
0 58
0 96
6 73
18 42
18 43
20 56
20 80
27 38
27 62
28 29
28 52
30 2
30 45
32 30
33 4
34 59
34 70
35 44
37 53
37 98
42 15
42 25
43 68
45 63
50 8
51 97
52 49
53 34
53 35
53 36
53 79
54 28
54 55
55 6
55 60
56 75
57 18
58 37
58 69
59 33
60 88
67 87
68 32
70 57
70 92
74 3
74 51
75 13
75 82
79 27
79 50
80 91
82 74
84 54
87 5
87 84
91 67
91 89
92 41
96 47
96 86
backbone tree 26, llh: -8572.829276
-1 0
0 5
0 20
0 58
0 96
6 73
18 42
18 43
20 56
20 80
27 62
28 29
28 52
30 2
30 45
32 30
33 4
34 59
34 70
35 44
37 53
37 98
42 15
42 25
43 68
45 63
50 8
51 97
52 49
53 34
53 35
53 36
53 79
54 28
54 55
55 6
55 60
56 75
57 18
58 37
58 38
58 69
59 33
60 88
67 87
68 32
70 57
70 92
74 3
74 51
75 13
75 82
79 27
79 50
80 91
82 74
84 54
87 84
91 67
91 89
92 41
96 47
96 86
backbone tree 27, llh: -8572.777212
-1 0
0 20
0 58
0 96
6 73
18 42
18 43
20 56
20 80
27 62
28 29
28 52
30 2
30 45
32 30
33 4
34 59
34 70
35 44
37 53
37 98
42 15
42 25
43 68
45 63
50 8
51 97
52 49
53 34
53 35
53 36
53 79
54 28
54 55
55 6
55 60
56 75
57 18
58 37
58 38
58 69
59 33
60 88
67 87
68 32
70 57
70 92
74 3
74 51
75 13
75 82
79 27
79 50
80 91
82 74
84 54
87 5
87 84
91 67
91 89
92 41
96 47
96 86
backbone tree 28, llh: -8572.794072
-1 0
0 20
0 58
0 96
6 73
18 42
18 43
20 56
20 80
27 62
28 52
30 2
30 45
32 30
33 4
34 59
34 70
35 44
37 53
37 98
42 15
42 25
43 68
45 63
50 8
51 97
52 5
52 49
53 34
53 35
53 36
53 79
54 28
54 55
55 6
55 60
56 75
57 18
58 37
58 38
58 69
59 33
60 88
67 29
67 87
68 32
70 57
70 92
74 3
74 51
75 13
75 82
79 27
79 50
80 91
82 74
84 54
87 84
91 67
91 89
92 41
96 47
96 86
backbone tree 29, llh: -8572.781611
-1 0
0 20
0 58
0 96
6 73
18 42
18 43
20 56
20 80
27 62
28 52
30 2
30 45
32 30
33 4
34 59
34 70
35 44
37 53
37 98
42 15
42 25
43 68
45 63
50 8
51 97
52 5
52 49
53 34
53 35
53 36
53 79
54 28
54 55
55 6
55 60
56 75
57 18
58 37
58 38
58 69
59 33
60 88
67 87
68 32
70 57
70 92
74 3
74 51
75 13
75 82
79 27
79 50
80 91
82 74
84 54
87 29
87 84
91 67
91 89
92 41
96 47
96 86
