# 11 backbone trees, 61 mutations
backbone tree 0, llh: -11762.774464
-1 38
0 12
0 24
0 34
0 40
0 91
1 33
1 87
4 28
5 79
8 44
8 93
10 30
10 31
14 74
18 17
19 53
25 0
27 18
28 51
31 14
32 4
32 96
33 26
33 68
33 76
34 39
38 7
38 90
39 19
39 95
40 32
40 48
43 55
44 78
44 84
44 89
47 5
48 81
50 8
50 70
53 46
53 64
57 49
59 72
64 11
64 83
68 23
68 59
71 47
72 82
75 1
75 57
78 66
79 43
81 10
82 50
84 71
90 25
95 75
96 27
backbone tree 1, llh: -11762.733155
-1 38
0 12
0 24
0 34
0 40
0 91
1 33
1 87
4 28
5 79
8 44
10 30
10 31
14 74
18 17
19 53
25 0
27 18
28 51
31 14
32 4
32 93
32 96
33 26
33 68
33 76
34 39
38 7
38 90
39 19
39 95
40 32
40 48
43 55
44 78
44 84
44 89
47 5
48 81
50 8
50 70
53 46
53 64
57 49
59 72
64 11
64 83
68 23
68 59
71 47
72 82
75 1
75 57
78 66
79 43
81 10
82 50
84 71
90 25
95 75
96 27
backbone tree 2, llh: -11762.749100
-1 38
0 12
0 24
0 34
0 40
0 91
1 33
1 87
4 28
5 79
8 44
10 30
10 31
14 74
18 17
19 53
25 0
27 18
28 51
31 14
32 4
32 93
32 96
33 26
33 68
33 76
34 39
38 7
38 90
39 19
39 95
40 32
40 48
43 55
44 78
44 84
44 89
47 5
48 81
50 8
50 70
53 64
57 49
59 72
64 11
64 83
68 23
68 59
71 47
72 82
75 1
75 46
75 57
78 66
79 43
81 10
82 50
84 71
90 25
95 75
96 27
backbone tree 3, llh: -11762.716978
-1 38
0 12
0 34
0 40
0 91
1 33
1 87
4 28
5 79
8 44
8 93
10 30
10 31
14 74
18 17
19 53
25 0
27 18
28 51
31 14
32 4
32 96
33 26
33 68
33 76
34 39
38 7
38 90
39 19
39 95
40 32
40 48
43 55
44 78
44 84
44 89
47 5
48 81
50 8
50 70
53 46
53 64
57 49
59 72
64 11
64 83
68 23
68 59
71 47
72 82
75 1
75 57
78 66
79 43
81 10
82 50
84 71
90 25
91 24
95 75
96 27
backbone tree 4, llh: -11762.675601
-1 38
0 12
0 34
0 40
0 91
1 33
1 87
4 28
5 79
8 44
10 30
10 31
14 74
18 17
19 53
25 0
27 18
28 51
31 14
32 4
32 93
32 96
33 26
33 68
33 76
34 39
38 7
38 90
39 19
39 95
40 32
40 48
43 55
44 78
44 84
44 89
47 5
48 81
50 8
50 70
53 46
53 64
57 49
59 72
64 11
64 83
68 23
68 59
71 47
72 82
75 1
75 57
78 66
79 43
81 10
82 50
84 71
90 25
91 24
95 75
96 27
backbone tree 5, llh: -11762.726047
-1 38
0 12
0 34
0 40
0 91
1 33
1 87
4 28
5 79
8 44
8 93
10 30
10 31
14 74
18 17
19 53
25 0
27 18
28 51
31 14
32 4
32 96
33 26
33 68
33 76
34 39
38 7
38 90
39 19
39 95
40 32
40 48
43 55
44 78
44 84
44 89
47 5
48 81
50 8
50 70
53 64
57 49
59 72
64 11
64 83
68 23
68 59
71 47
72 82
75 1
75 46
75 57
78 66
79 43
81 10
82 50
84 71
90 25
91 24
95 75
96 27
backbone tree 6, llh: -11762.691606
-1 38
0 12
0 34
0 40
0 91
1 33
1 87
4 28
5 79
8 44
10 30
10 31
14 74
18 17
19 53
25 0
27 18
28 51
31 14
32 4
32 93
32 96
33 26
33 68
33 76
34 39
38 7
38 90
39 19
39 95
40 32
40 48
43 55
44 78
44 84
44 89
47 5
48 81
50 8
50 70
53 64
57 49
59 72
64 11
64 83
68 23
68 59
71 47
72 82
75 1
75 46
75 57
78 66
79 43
81 10
82 50
84 71
90 25
91 24
95 75
96 27
backbone tree 7, llh: -11762.748127
-1 38
0 12
0 34
0 40
0 91
1 33
4 28
5 79
8 44
8 93
10 30
10 31
14 74
18 17
19 53
25 0
27 18
28 51
31 14
32 4
32 96
33 26
33 68
33 76
34 39
38 7
38 90
39 19
39 95
40 32
40 48
43 55
44 78
44 84
44 89
47 5
48 81
50 8
50 70
53 46
53 64
57 49
59 72
64 11
64 83
68 23
68 59
71 47
72 82
75 1
75 57
78 66
79 43
81 10
82 50
84 71
90 25
90 87
91 24
95 75
96 27
backbone tree 8, llh: -11762.706742
-1 38
0 12
0 34
0 40
0 91
1 33
4 28
5 79
8 44
10 30
10 31
14 74
18 17
19 53
25 0
27 18
28 51
31 14
32 4
32 93
32 96
33 26
33 68
33 76
34 39
38 7
38 90
39 19
39 95
40 32
40 48
43 55
44 78
44 84
44 89
47 5
48 81
50 8
50 70
53 46
53 64
57 49
59 72
64 11
64 83
68 23
68 59
71 47
72 82
75 1
75 57
78 66
79 43
81 10
82 50
84 71
90 25
90 87
91 24
95 75
96 27
backbone tree 9, llh: -11762.757196
-1 38
0 12
0 34
0 40
0 91
1 33
4 28
5 79
8 44
8 93
10 30
10 31
14 74
18 17
19 53
25 0
27 18
28 51
31 14
32 4
32 96
33 26
33 68
33 76
34 39
38 7
38 90
39 19
39 95
40 32
40 48
43 55
44 78
44 84
44 89
47 5
48 81
50 8
50 70
53 64
57 49
59 72
64 11
64 83
68 23
68 59
71 47
72 82
75 1
75 46
75 57
78 66
79 43
81 10
82 50
84 71
90 25
90 87
91 24
95 75
96 27
backbone tree 10, llh: -11762.722746
-1 38
0 12
0 34
0 40
0 91
1 33
4 28
5 79
8 44
10 30
10 31
14 74
18 17
19 53
25 0
27 18
28 51
31 14
32 4
32 93
32 96
33 26
33 68
33 76
34 39
38 7
38 90
39 19
39 95
40 32
40 48
43 55
44 78
44 84
44 89
47 5
48 81
50 8
50 70
53 64
57 49
59 72
64 11
64 83
68 23
68 59
71 47
72 82
75 1
75 46
75 57
78 66
79 43
81 10
82 50
84 71
90 25
90 87
91 24
95 75
96 27
