# 18 backbone trees, 69 mutations
backbone tree 0, llh: -10130.292501
-1 40
0 15
0 20
0 81
0 91
1 48
1 79
4 86
8 16
8 56
8 58
9 75
10 96
15 46
16 47
16 55
16 98
18 61
19 51
21 39
21 42
21 50
22 1
26 34
32 11
33 88
39 19
40 0
40 22
40 93
43 9
43 32
46 17
46 73
50 4
52 44
52 95
55 57
55 82
56 7
57 37
58 2
61 62
61 90
67 49
67 63
68 80
70 18
72 68
74 83
75 12
76 8
79 66
79 78
80 67
81 70
81 74
82 14
82 52
83 33
84 10
84 26
84 43
88 36
90 84
91 76
96 21
96 60
96 72
backbone tree 1, llh: -10130.303232
-1 40
0 15
0 73
0 81
0 91
1 48
1 79
4 86
8 16
8 56
8 58
9 75
10 96
15 46
16 47
16 55
16 98
17 14
18 61
19 51
21 39
21 42
21 50
22 1
26 34
32 11
33 88
39 19
40 0
40 20
40 22
40 93
43 9
43 32
46 17
50 4
52 44
52 95
55 57
55 82
56 7
57 37
58 2
61 62
61 90
67 49
67 63
68 80
70 18
72 68
74 83
75 12
76 8
79 66
79 78
80 67
81 70
81 74
82 52
83 33
84 10
84 26
84 43
88 36
90 84
91 76
96 21
96 60
96 72
backbone tree 2, llh: -10130.299032
-1 40
0 15
0 73
0 81
0 91
1 48
1 79
4 86
8 16
8 56
8 58
9 75
10 96
15 46
16 47
16 55
16 98
18 61
19 51
21 39
21 42
21 50
22 1
26 34
32 11
33 88
39 19
40 0
40 20
40 22
40 93
43 9
43 32
46 17
50 4
52 44
52 95
55 57
55 82
56 7
57 37
58 2
61 62
61 90
67 49
67 63
68 80
70 18
72 68
74 83
75 12
76 8
79 66
79 78
80 67
81 70
81 74
82 14
82 52
83 33
84 10
84 26
84 43
88 36
90 84
91 76
96 21
96 60
96 72
backbone tree 3, llh: -10130.294703
-1 40
0 15
0 73
0 81
0 91
1 48
1 79
4 86
8 16
8 56
8 58
9 75
10 96
15 46
16 47
16 55
16 98
17 14
18 61
19 51
21 39
21 42
21 50
22 1
26 34
32 11
33 88
39 19
40 0
40 20
40 22
43 9
43 32
46 17
50 4
52 44
52 95
55 57
55 82
56 7
57 37
58 2
61 62
61 90
67 49
67 63
68 80
70 18
72 68
74 83
75 12
76 8
79 66
79 78
80 67
81 70
81 74
82 52
83 33
84 10
84 26
84 43
88 36
90 84
91 76
91 93
96 21
96 60
96 72
backbone tree 4, llh: -10130.290503
-1 40
0 15
0 73
0 81
0 91
1 48
1 79
4 86
8 16
8 56
8 58
9 75
10 96
15 46
16 47
16 55
16 98
18 61
19 51
21 39
21 42
21 50
22 1
26 34
32 11
33 88
39 19
40 0
40 20
40 22
43 9
43 32
46 17
50 4
52 44
52 95
55 57
55 82
56 7
57 37
58 2
61 62
61 90
67 49
67 63
68 80
70 18
72 68
74 83
75 12
76 8
79 66
79 78
80 67
81 70
81 74
82 14
82 52
83 33
84 10
84 26
84 43
88 36
90 84
91 76
91 93
96 21
96 60
96 72
backbone tree 5, llh: -10130.291869
-1 40
0 15
0 81
0 91
0 93
1 48
1 79
4 86
8 16
8 56
8 58
9 75
10 96
15 46
16 47
16 55
16 98
17 14
18 61
19 51
19 73
21 39
21 42
21 50
22 1
26 34
32 11
33 88
39 19
40 0
40 20
40 22
43 9
43 32
46 17
50 4
52 44
52 95
55 57
55 82
56 7
57 37
58 2
61 62
61 90
67 49
67 63
68 80
70 18
72 68
74 83
75 12
76 8
79 66
79 78
80 67
81 70
81 74
82 52
83 33
84 10
84 26
84 43
88 36
90 84
91 76
96 21
96 60
96 72
backbone tree 6, llh: -10130.287363
-1 40
0 15
0 81
0 91
0 93
1 48
1 79
4 86
8 16
8 56
8 58
9 75
10 96
15 46
16 47
16 55
16 98
18 61
19 51
19 73
21 39
21 42
21 50
22 1
26 34
32 11
33 88
39 19
40 0
40 20
40 22
43 9
43 32
46 17
50 4
52 44
52 95
55 57
55 82
56 7
57 37
58 2
61 62
61 90
67 49
67 63
68 80
70 18
72 68
74 83
75 12
76 8
79 66
79 78
80 67
81 70
81 74
82 14
82 52
83 33
84 10
84 26
84 43
88 36
90 84
91 76
96 21
96 60
96 72
backbone tree 7, llh: -10130.256246
-1 40
0 15
0 81
0 91
1 48
1 79
4 86
8 16
8 56
8 58
9 75
10 96
15 46
16 47
16 55
16 98
17 14
18 61
19 51
19 73
21 39
21 42
21 50
22 1
26 34
32 11
33 88
39 19
40 0
40 20
40 22
40 93
43 9
43 32
46 17
50 4
52 44
52 95
55 57
55 82
56 7
57 37
58 2
61 62
61 90
67 49
67 63
68 80
70 18
72 68
74 83
75 12
76 8
79 66
79 78
80 67
81 70
81 74
82 52
83 33
84 10
84 26
84 43
88 36
90 84
91 76
96 21
96 60
96 72
backbone tree 8, llh: -10130.251739
-1 40
0 15
0 81
0 91
1 48
1 79
4 86
8 16
8 56
8 58
9 75
10 96
15 46
16 47
16 55
16 98
18 61
19 51
19 73
21 39
21 42
21 50
22 1
26 34
32 11
33 88
39 19
40 0
40 20
40 22
40 93
43 9
43 32
46 17
50 4
52 44
52 95
55 57
55 82
56 7
57 37
58 2
61 62
61 90
67 49
67 63
68 80
70 18
72 68
74 83
75 12
76 8
79 66
79 78
80 67
81 70
81 74
82 14
82 52
83 33
84 10
84 26
84 43
88 36
90 84
91 76
96 21
96 60
96 72
backbone tree 9, llh: -10130.239369
-1 40
0 15
0 81
0 91
1 48
1 79
4 86
8 16
8 56
8 58
9 75
10 96
15 46
16 47
16 55
16 98
17 14
18 61
19 51
19 73
21 39
21 42
21 50
22 1
26 34
32 11
33 88
39 19
40 0
40 20
40 22
43 9
43 32
46 17
50 4
52 44
52 95
55 57
55 82
56 7
57 37
58 2
61 62
61 90
67 49
67 63
68 80
70 18
72 68
74 83
75 12
76 8
79 66
79 78
80 67
81 70
81 74
82 52
83 33
84 10
84 26
84 43
88 36
90 84
91 76
91 93
96 21
96 60
96 72
backbone tree 10, llh: -10130.234862
-1 40
0 15
0 81
0 91
1 48
1 79
4 86
8 16
8 56
8 58
9 75
10 96
15 46
16 47
16 55
16 98
18 61
19 51
19 73
21 39
21 42
21 50
22 1
26 34
32 11
33 88
39 19
40 0
40 20
40 22
43 9
43 32
46 17
50 4
52 44
52 95
55 57
55 82
56 7
57 37
58 2
61 62
61 90
67 49
67 63
68 80
70 18
72 68
74 83
75 12
76 8
79 66
79 78
80 67
81 70
81 74
82 14
82 52
83 33
84 10
84 26
84 43
88 36
90 84
91 76
91 93
96 21
96 60
96 72
backbone tree 11, llh: -10130.312688
-1 40
0 15
0 81
0 91
0 93
1 48
1 79
4 86
8 16
8 56
8 58
9 75
10 96
15 46
16 47
16 55
16 98
17 14
18 61
19 51
21 39
21 42
21 50
22 1
26 34
32 11
33 88
39 19
40 0
40 20
40 22
43 9
43 32
46 17
46 73
50 4
52 44
52 95
55 57
55 82
56 7
57 37
58 2
61 62
61 90
67 49
67 63
68 80
70 18
72 68
74 83
75 12
76 8
79 66
79 78
80 67
81 70
81 74
82 52
83 33
84 10
84 26
84 43
88 36
90 84
91 76
96 21
96 60
96 72
backbone tree 12, llh: -10130.263688
-1 40
0 15
0 81
0 91
0 93
1 48
1 79
4 86
8 16
8 56
8 58
9 75
10 96
15 46
16 47
16 55
16 98
18 61
19 51
21 39
21 42
21 50
22 1
26 34
32 11
33 88
39 19
40 0
40 20
40 22
43 9
43 32
46 17
46 73
50 4
52 44
52 95
55 57
55 82
56 7
57 37
58 2
61 62
61 90
67 49
67 63
68 80
70 18
72 68
74 83
75 12
76 8
79 66
79 78
80 67
81 70
81 74
82 14
82 52
83 33
84 10
84 26
84 43
88 36
90 84
91 76
96 21
96 60
96 72
backbone tree 13, llh: -10130.277065
-1 40
0 15
0 81
0 91
1 48
1 79
4 86
8 16
8 56
8 58
9 75
10 96
15 46
16 47
16 55
16 98
17 14
18 61
19 51
21 39
21 42
21 50
22 1
26 34
32 11
33 88
39 19
40 0
40 20
40 22
40 93
43 9
43 32
46 17
46 73
50 4
52 44
52 95
55 57
55 82
56 7
57 37
58 2
61 62
61 90
67 49
67 63
68 80
70 18
72 68
74 83
75 12
76 8
79 66
79 78
80 67
81 70
81 74
82 52
83 33
84 10
84 26
84 43
88 36
90 84
91 76
96 21
96 60
96 72
backbone tree 14, llh: -10130.228065
-1 40
0 15
0 81
0 91
1 48
1 79
4 86
8 16
8 56
8 58
9 75
10 96
15 46
16 47
16 55
16 98
18 61
19 51
21 39
21 42
21 50
22 1
26 34
32 11
33 88
39 19
40 0
40 20
40 22
40 93
43 9
43 32
46 17
46 73
50 4
52 44
52 95
55 57
55 82
56 7
57 37
58 2
61 62
61 90
67 49
67 63
68 80
70 18
72 68
74 83
75 12
76 8
79 66
79 78
80 67
81 70
81 74
82 14
82 52
83 33
84 10
84 26
84 43
88 36
90 84
91 76
96 21
96 60
96 72
backbone tree 15, llh: -10130.260187
-1 40
0 15
0 81
0 91
1 48
1 79
4 86
8 16
8 56
8 58
9 75
10 96
15 46
16 47
16 55
16 98
17 14
18 61
19 51
21 39
21 42
21 50
22 1
26 34
32 11
33 88
39 19
40 0
40 20
40 22
43 9
43 32
46 17
46 73
50 4
52 44
52 95
55 57
55 82
56 7
57 37
58 2
61 62
61 90
67 49
67 63
68 80
70 18
72 68
74 83
75 12
76 8
79 66
79 78
80 67
81 70
81 74
82 52
83 33
84 10
84 26
84 43
88 36
90 84
91 76
91 93
96 21
96 60
96 72
backbone tree 16, llh: -10130.211187
-1 40
0 15
0 81
0 91
1 48
1 79
4 86
8 16
8 56
8 58
9 75
10 96
15 46
16 47
16 55
16 98
18 61
19 51
21 39
21 42
21 50
22 1
26 34
32 11
33 88
39 19
40 0
40 20
40 22
43 9
43 32
46 17
46 73
50 4
52 44
52 95
55 57
55 82
56 7
57 37
58 2
61 62
61 90
67 49
67 63
68 80
70 18
72 68
74 83
75 12
76 8
79 66
79 78
80 67
81 70
81 74
82 14
82 52
83 33
84 10
84 26
84 43
88 36
90 84
91 76
91 93
96 21
96 60
96 72
backbone tree 17, llh: -10130.314589
-1 40
0 15
0 81
0 91
1 48
1 79
4 86
8 16
8 56
8 58
9 75
10 96
15 46
16 47
16 55
16 98
18 61
19 51
21 39
21 42
21 50
22 1
26 34
32 11
33 88
39 19
40 0
40 20
40 22
43 9
43 32
46 17
46 73
50 4
52 44
52 95
55 57
55 82
56 7
58 2
61 37
61 62
61 90
67 49
67 63
68 80
70 18
72 68
74 83
75 12
76 8
79 66
79 78
80 67
81 70
81 74
82 14
82 52
83 33
84 10
84 26
84 43
88 36
90 84
91 76
91 93
96 21
96 60
96 72
