# 14 backbone trees, 60 mutations
backbone tree 0, llh: -11426.958799
-1 0
0 24
0 47
0 71
0 87
1 84
2 96
4 27
4 34
7 57
7 77
9 38
9 67
12 16
12 42
12 69
14 53
14 91
16 58
18 30
19 14
20 31
20 48
21 4
21 73
23 7
24 25
30 64
31 55
33 18
34 85
39 41
41 63
47 75
50 83
53 44
56 2
57 33
58 93
61 1
61 72
64 6
64 56
67 10
67 19
67 20
67 21
67 78
68 35
73 92
75 12
76 9
83 8
83 68
92 23
92 39
92 89
93 50
93 61
93 76
backbone tree 1, llh: -11426.978911
-1 0
0 24
0 47
0 71
0 87
1 84
2 96
4 27
4 34
7 57
7 77
9 38
9 67
12 16
12 42
12 69
14 53
14 91
16 58
18 30
19 14
20 31
20 48
21 4
21 73
23 7
24 25
30 64
31 55
33 18
34 85
39 41
47 75
50 83
53 44
55 63
56 2
57 33
58 93
61 1
61 72
64 6
64 56
67 10
67 19
67 20
67 21
67 78
68 35
73 92
75 12
76 9
83 8
83 68
92 23
92 39
92 89
93 50
93 61
93 76
backbone tree 2, llh: -11426.958732
-1 0
0 24
0 47
0 71
0 87
1 84
2 96
4 27
4 34
7 57
7 77
9 38
9 67
12 16
12 42
12 69
14 53
14 91
16 58
18 30
19 14
20 31
20 48
21 4
21 73
23 7
24 25
30 64
31 55
33 18
34 85
39 41
47 75
50 83
53 44
56 2
57 33
58 93
61 1
61 72
64 6
64 56
67 10
67 19
67 20
67 21
67 78
68 35
72 63
73 92
75 12
76 9
83 8
83 68
92 23
92 39
92 89
93 50
93 61
93 76
backbone tree 3, llh: -11427.017047
-1 0
0 24
0 47
0 71
0 87
1 84
2 96
4 27
4 34
7 57
9 38
9 67
12 16
12 42
12 69
14 53
14 91
16 58
18 30
19 14
20 31
20 48
21 4
21 73
23 7
24 25
27 77
30 64
31 55
33 18
34 85
39 41
41 63
47 75
50 83
53 44
56 2
57 33
58 93
61 1
61 72
64 6
64 56
67 10
67 19
67 20
67 21
67 78
68 35
73 92
75 12
76 9
83 8
83 68
92 23
92 39
92 89
93 50
93 61
93 76
backbone tree 4, llh: -11427.037160
-1 0
0 24
0 47
0 71
0 87
1 84
2 96
4 27
4 34
7 57
9 38
9 67
12 16
12 42
12 69
14 53
14 91
16 58
18 30
19 14
20 31
20 48
21 4
21 73
23 7
24 25
27 77
30 64
31 55
33 18
34 85
39 41
47 75
50 83
53 44
55 63
56 2
57 33
58 93
61 1
61 72
64 6
64 56
67 10
67 19
67 20
67 21
67 78
68 35
73 92
75 12
76 9
83 8
83 68
92 23
92 39
92 89
93 50
93 61
93 76
backbone tree 5, llh: -11427.017155
-1 0
0 24
0 47
0 71
0 87
1 84
2 96
4 27
4 34
7 57
9 38
9 67
12 16
12 42
12 69
14 53
14 91
16 58
18 30
19 14
20 31
20 48
21 4
21 73
23 7
24 25
27 77
30 64
31 55
33 18
34 85
39 41
47 75
50 83
53 44
56 2
57 33
58 93
61 1
61 72
64 6
64 56
67 10
67 19
67 20
67 21
67 78
68 35
72 63
73 92
75 12
76 9
83 8
83 68
92 23
92 39
92 89
93 50
93 61
93 76
backbone tree 6, llh: -11427.026039
-1 0
0 24
0 47
0 71
0 87
1 84
2 96
4 27
4 34
7 57
7 77
9 67
12 16
12 42
12 69
14 53
14 91
16 38
16 58
18 30
19 14
20 31
20 48
21 4
21 73
23 7
24 25
30 64
31 55
33 18
34 85
39 41
41 63
47 75
50 83
53 44
56 2
57 33
58 93
61 1
61 72
64 6
64 56
67 10
67 19
67 20
67 21
67 78
68 35
73 92
75 12
76 9
83 8
83 68
92 23
92 39
92 89
93 50
93 61
93 76
backbone tree 7, llh: -11427.045788
-1 0
0 24
0 47
0 71
0 87
1 84
2 96
4 27
4 34
7 57
7 77
9 67
12 16
12 42
12 69
14 53
14 91
16 38
16 58
18 30
19 14
20 31
20 48
21 4
21 73
23 7
24 25
30 64
31 55
33 18
34 85
39 41
47 75
50 83
53 44
55 63
56 2
57 33
58 93
61 1
61 72
64 6
64 56
67 10
67 19
67 20
67 21
67 78
68 35
73 92
75 12
76 9
83 8
83 68
92 23
92 39
92 89
93 50
93 61
93 76
backbone tree 8, llh: -11427.025907
-1 0
0 24
0 47
0 71
0 87
1 84
2 96
4 27
4 34
7 57
7 77
9 67
12 16
12 42
12 69
14 53
14 91
16 38
16 58
18 30
19 14
20 31
20 48
21 4
21 73
23 7
24 25
30 64
31 55
33 18
34 85
39 41
47 75
50 83
53 44
56 2
57 33
58 93
61 1
61 72
64 6
64 56
67 10
67 19
67 20
67 21
67 78
68 35
72 63
73 92
75 12
76 9
83 8
83 68
92 23
92 39
92 89
93 50
93 61
93 76
backbone tree 9, llh: -11427.020055
-1 0
0 24
0 47
0 71
0 87
1 84
2 96
4 27
4 34
7 57
7 77
9 67
12 16
12 42
12 69
14 53
14 91
16 58
18 30
19 14
20 31
20 48
21 4
21 73
23 7
24 25
30 64
31 55
33 18
34 85
39 41
41 63
47 75
50 83
53 44
56 2
57 33
58 93
61 1
61 72
64 6
64 56
67 10
67 19
67 20
67 21
67 78
68 35
73 92
75 12
76 9
83 8
83 38
83 68
92 23
92 39
92 89
93 50
93 61
93 76
backbone tree 10, llh: -11427.039742
-1 0
0 24
0 47
0 71
0 87
1 84
2 96
4 27
4 34
7 57
7 77
9 67
12 16
12 42
12 69
14 53
14 91
16 58
18 30
19 14
20 31
20 48
21 4
21 73
23 7
24 25
30 64
31 55
33 18
34 85
39 41
47 75
50 83
53 44
55 63
56 2
57 33
58 93
61 1
61 72
64 6
64 56
67 10
67 19
67 20
67 21
67 78
68 35
73 92
75 12
76 9
83 8
83 38
83 68
92 23
92 39
92 89
93 50
93 61
93 76
backbone tree 11, llh: -11427.018823
-1 0
0 24
0 47
0 71
0 87
1 84
2 96
4 27
4 34
7 57
7 77
9 67
12 16
12 42
12 69
14 53
14 91
16 58
18 30
19 14
20 31
20 48
21 4
21 73
23 7
24 25
30 64
31 55
33 18
34 85
39 41
47 75
50 83
53 44
56 2
57 33
58 93
61 1
61 72
64 6
64 56
67 10
67 19
67 20
67 21
67 78
68 35
72 63
73 92
75 12
76 9
83 8
83 38
83 68
92 23
92 39
92 89
93 50
93 61
93 76
backbone tree 12, llh: -11427.034374
-1 0
0 24
0 47
0 71
0 87
1 84
2 96
4 27
4 34
7 57
7 77
9 38
9 67
12 16
12 42
12 69
14 53
16 58
18 30
19 14
20 31
20 48
21 4
21 73
23 7
24 25
30 64
31 55
33 18
34 85
39 41
41 63
47 75
50 83
53 44
56 2
57 33
58 93
61 1
61 72
64 6
64 56
67 10
67 19
67 20
67 21
67 78
68 35
72 91
73 92
75 12
76 9
83 8
83 68
92 23
92 39
92 89
93 50
93 61
93 76
backbone tree 13, llh: -11427.054486
-1 0
0 24
0 47
0 71
0 87
1 84
2 96
4 27
4 34
7 57
7 77
9 38
9 67
12 16
12 42
12 69
14 53
16 58
18 30
19 14
20 31
20 48
21 4
21 73
23 7
24 25
30 64
31 55
33 18
34 85
39 41
47 75
50 83
53 44
55 63
56 2
57 33
58 93
61 1
61 72
64 6
64 56
67 10
67 19
67 20
67 21
67 78
68 35
72 91
73 92
75 12
76 9
83 8
83 68
92 23
92 39
92 89
93 50
93 61
93 76
