# 49 backbone trees, 67 mutations
backbone tree 0, llh: -10119.894787
-1 0
0 44
0 63
0 74
2 50
4 29
4 84
9 19
9 70
10 48
10 87
11 55
19 28
19 64
19 90
21 9
25 12
25 88
26 99
28 71
29 23
31 83
32 7
32 91
34 66
35 10
35 60
35 81
41 5
41 53
41 92
44 77
45 26
45 80
46 11
46 30
48 45
48 93
49 40
49 98
51 57
52 67
55 49
56 17
57 73
60 56
63 35
65 25
67 32
69 46
70 34
70 39
70 65
71 69
74 52
83 51
83 82
84 85
85 58
87 21
87 41
88 4
88 68
90 62
91 31
92 2
92 54
backbone tree 1, llh: -10119.898022
-1 0
0 44
0 63
0 74
2 50
4 29
4 84
9 19
9 70
10 48
10 87
11 55
19 28
19 64
19 90
21 9
25 12
25 88
26 99
28 71
29 23
31 83
32 7
32 91
34 66
35 10
35 60
35 81
41 5
41 53
41 92
44 77
45 26
45 80
46 11
46 30
48 45
48 93
49 40
49 98
51 57
52 67
55 49
56 17
60 56
63 35
65 25
67 32
69 46
70 34
70 39
70 65
71 69
74 52
83 51
83 82
84 85
85 58
87 21
87 41
88 4
88 68
90 62
91 31
92 2
92 54
93 73
backbone tree 2, llh: -10119.861994
-1 0
0 44
0 63
0 74
4 29
4 84
9 19
9 70
10 48
10 87
11 55
19 28
19 64
19 90
21 9
25 12
25 88
26 99
28 71
29 23
31 83
32 7
32 91
34 66
35 10
35 60
35 81
41 5
41 53
41 92
44 77
45 26
45 80
46 11
46 30
48 45
48 93
49 40
49 98
51 57
52 67
53 50
55 49
56 17
57 73
60 56
63 35
65 25
67 32
69 46
70 34
70 39
70 65
71 69
74 52
83 51
83 82
84 85
85 58
87 21
87 41
88 4
88 68
90 62
91 31
92 2
92 54
backbone tree 3, llh: -10119.893505
-1 0
0 44
0 63
0 74
4 29
4 84
9 19
9 70
10 48
10 87
11 55
19 28
19 64
19 90
21 9
25 12
25 88
26 99
28 71
29 23
31 83
32 7
32 91
34 66
35 10
35 60
35 81
41 5
41 53
41 92
44 77
45 26
45 80
46 11
46 30
48 45
48 93
49 40
49 98
51 57
52 67
53 50
55 49
56 17
60 56
63 35
65 25
67 32
69 46
70 34
70 39
70 65
71 69
74 52
83 51
83 82
84 85
85 58
87 21
87 41
88 4
88 68
90 62
90 73
91 31
92 2
92 54
backbone tree 4, llh: -10119.865230
-1 0
0 44
0 63
0 74
4 29
4 84
9 19
9 70
10 48
10 87
11 55
19 28
19 64
19 90
21 9
25 12
25 88
26 99
28 71
29 23
31 83
32 7
32 91
34 66
35 10
35 60
35 81
41 5
41 53
41 92
44 77
45 26
45 80
46 11
46 30
48 45
48 93
49 40
49 98
51 57
52 67
53 50
55 49
56 17
60 56
63 35
65 25
67 32
69 46
70 34
70 39
70 65
71 69
74 52
83 51
83 82
84 85
85 58
87 21
87 41
88 4
88 68
90 62
91 31
92 2
92 54
93 73
backbone tree 5, llh: -10119.884374
-1 0
0 44
0 63
0 74
4 29
4 84
9 19
9 70
10 48
10 87
11 55
19 28
19 64
19 90
21 9
25 12
25 88
26 99
28 71
29 23
31 83
32 7
32 91
34 66
35 10
35 60
35 81
41 5
41 53
41 92
44 77
45 26
45 80
46 11
46 30
48 45
48 93
49 40
49 98
51 57
52 67
55 49
56 17
57 73
58 50
60 56
63 35
65 25
67 32
69 46
70 34
70 39
70 65
71 69
74 52
83 51
83 82
84 85
85 58
87 21
87 41
88 4
88 68
90 62
91 31
92 2
92 54
backbone tree 6, llh: -10119.887610
-1 0
0 44
0 63
0 74
4 29
4 84
9 19
9 70
10 48
10 87
11 55
19 28
19 64
19 90
21 9
25 12
25 88
26 99
28 71
29 23
31 83
32 7
32 91
34 66
35 10
35 60
35 81
41 5
41 53
41 92
44 77
45 26
45 80
46 11
46 30
48 45
48 93
49 40
49 98
51 57
52 67
55 49
56 17
58 50
60 56
63 35
65 25
67 32
69 46
70 34
70 39
70 65
71 69
74 52
83 51
83 82
84 85
85 58
87 21
87 41
88 4
88 68
90 62
91 31
92 2
92 54
93 73
backbone tree 7, llh: -10119.817665
-1 0
0 44
0 63
0 74
2 50
4 29
4 84
9 19
9 70
10 48
10 87
11 55
19 28
19 64
19 90
21 9
25 12
25 88
28 71
29 23
31 83
32 7
32 91
34 66
35 10
35 60
35 81
41 5
41 53
41 92
44 77
45 26
45 68
45 80
46 11
46 30
48 45
48 93
49 40
49 98
51 57
52 67
53 99
55 49
56 17
57 73
60 56
63 35
65 25
67 32
69 46
70 34
70 39
70 65
71 69
74 52
83 51
83 82
84 85
85 58
87 21
87 41
88 4
90 62
91 31
92 2
92 54
backbone tree 8, llh: -10119.894945
-1 0
0 44
0 63
0 74
2 50
4 29
4 84
9 19
9 70
10 48
10 87
11 55
19 28
19 64
19 90
21 9
25 12
25 88
28 71
29 23
31 83
32 7
32 91
34 66
35 10
35 60
35 81
41 5
41 53
41 92
44 77
45 26
45 68
45 80
46 11
46 30
48 45
48 93
49 40
51 57
52 67
53 99
55 49
56 17
57 73
60 56
63 35
63 98
65 25
67 32
69 46
70 34
70 39
70 65
71 69
74 52
83 51
83 82
84 85
85 58
87 21
87 41
88 4
90 62
91 31
92 2
92 54
backbone tree 9, llh: -10119.849176
-1 0
0 44
0 63
0 74
2 50
4 29
4 84
9 19
9 70
10 48
10 87
11 55
19 28
19 64
19 90
21 9
25 12
25 88
28 71
29 23
31 83
32 7
32 91
34 66
35 10
35 60
35 81
41 5
41 53
41 92
44 77
45 26
45 68
45 80
46 11
46 30
48 45
48 93
49 40
49 98
51 57
52 67
53 99
55 49
56 17
60 56
63 35
65 25
67 32
69 46
70 34
70 39
70 65
71 69
74 52
83 51
83 82
84 85
85 58
87 21
87 41
88 4
90 62
90 73
91 31
92 2
92 54
backbone tree 10, llh: -10119.820900
-1 0
0 44
0 63
0 74
2 50
4 29
4 84
9 19
9 70
10 48
10 87
11 55
19 28
19 64
19 90
21 9
25 12
25 88
28 71
29 23
31 83
32 7
32 91
34 66
35 10
35 60
35 81
41 5
41 53
41 92
44 77
45 26
45 68
45 80
46 11
46 30
48 45
48 93
49 40
49 98
51 57
52 67
53 99
55 49
56 17
60 56
63 35
65 25
67 32
69 46
70 34
70 39
70 65
71 69
74 52
83 51
83 82
84 85
85 58
87 21
87 41
88 4
90 62
91 31
92 2
92 54
93 73
backbone tree 11, llh: -10119.898182
-1 0
0 44
0 63
0 74
2 50
4 29
4 84
9 19
9 70
10 48
10 87
11 55
19 28
19 64
19 90
21 9
25 12
25 88
28 71
29 23
31 83
32 7
32 91
34 66
35 10
35 60
35 81
41 5
41 53
41 92
44 77
45 26
45 68
45 80
46 11
46 30
48 45
48 93
49 40
51 57
52 67
53 99
55 49
56 17
60 56
63 35
63 98
65 25
67 32
69 46
70 34
70 39
70 65
71 69
74 52
83 51
83 82
84 85
85 58
87 21
87 41
88 4
90 62
91 31
92 2
92 54
93 73
backbone tree 12, llh: -10119.859137
-1 0
0 44
0 63
0 74
4 29
4 84
9 19
9 70
10 48
10 87
11 55
19 28
19 64
19 90
21 9
25 12
25 88
28 71
29 23
31 83
32 7
32 91
34 66
35 10
35 60
35 81
40 50
41 5
41 53
41 92
44 77
45 26
45 68
45 80
46 11
46 30
48 45
48 93
49 40
49 98
51 57
52 67
53 99
55 49
56 17
57 73
60 56
63 35
65 25
67 32
69 46
70 34
70 39
70 65
71 69
74 52
83 51
83 82
84 85
85 58
87 21
87 41
88 4
90 62
91 31
92 2
92 54
backbone tree 13, llh: -10119.890648
-1 0
0 44
0 63
0 74
4 29
4 84
9 19
9 70
10 48
10 87
11 55
19 28
19 64
19 90
21 9
25 12
25 88
28 71
29 23
31 83
32 7
32 91
34 66
35 10
35 60
35 81
40 50
41 5
41 53
41 92
44 77
45 26
45 68
45 80
46 11
46 30
48 45
48 93
49 40
49 98
51 57
52 67
53 99
55 49
56 17
60 56
63 35
65 25
67 32
69 46
70 34
70 39
70 65
71 69
74 52
83 51
83 82
84 85
85 58
87 21
87 41
88 4
90 62
90 73
91 31
92 2
92 54
backbone tree 14, llh: -10119.862373
-1 0
0 44
0 63
0 74
4 29
4 84
9 19
9 70
10 48
10 87
11 55
19 28
19 64
19 90
21 9
25 12
25 88
28 71
29 23
31 83
32 7
32 91
34 66
35 10
35 60
35 81
40 50
41 5
41 53
41 92
44 77
45 26
45 68
45 80
46 11
46 30
48 45
48 93
49 40
49 98
51 57
52 67
53 99
55 49
56 17
60 56
63 35
65 25
67 32
69 46
70 34
70 39
70 65
71 69
74 52
83 51
83 82
84 85
85 58
87 21
87 41
88 4
90 62
91 31
92 2
92 54
93 73
backbone tree 15, llh: -10119.806261
-1 0
0 44
0 63
0 74
4 29
4 84
9 19
9 70
10 48
10 87
11 55
19 28
19 64
19 90
21 9
25 12
25 88
28 71
29 23
31 83
32 7
32 91
34 66
35 10
35 60
35 81
41 5
41 53
41 92
44 77
45 26
45 68
45 80
46 11
46 30
48 45
48 93
49 40
49 98
51 57
52 67
53 99
55 49
56 17
57 73
58 50
60 56
63 35
65 25
67 32
69 46
70 34
70 39
70 65
71 69
74 52
83 51
83 82
84 85
85 58
87 21
87 41
88 4
90 62
91 31
92 2
92 54
backbone tree 16, llh: -10119.883542
-1 0
0 44
0 63
0 74
4 29
4 84
9 19
9 70
10 48
10 87
11 55
19 28
19 64
19 90
21 9
25 12
25 88
28 71
29 23
31 83
32 7
32 91
34 66
35 10
35 60
35 81
41 5
41 53
41 92
44 77
45 26
45 68
45 80
46 11
46 30
48 45
48 93
49 40
51 57
52 67
53 99
55 49
56 17
57 73
58 50
60 56
63 35
63 98
65 25
67 32
69 46
70 34
70 39
70 65
71 69
74 52
83 51
83 82
84 85
85 58
87 21
87 41
88 4
90 62
91 31
92 2
92 54
backbone tree 17, llh: -10119.837772
-1 0
0 44
0 63
0 74
4 29
4 84
9 19
9 70
10 48
10 87
11 55
19 28
19 64
19 90
21 9
25 12
25 88
28 71
29 23
31 83
32 7
32 91
34 66
35 10
35 60
35 81
41 5
41 53
41 92
44 77
45 26
45 68
45 80
46 11
46 30
48 45
48 93
49 40
49 98
51 57
52 67
53 99
55 49
56 17
58 50
60 56
63 35
65 25
67 32
69 46
70 34
70 39
70 65
71 69
74 52
83 51
83 82
84 85
85 58
87 21
87 41
88 4
90 62
90 73
91 31
92 2
92 54
backbone tree 18, llh: -10119.809497
-1 0
0 44
0 63
0 74
4 29
4 84
9 19
9 70
10 48
10 87
11 55
19 28
19 64
19 90
21 9
25 12
25 88
28 71
29 23
31 83
32 7
32 91
34 66
35 10
35 60
35 81
41 5
41 53
41 92
44 77
45 26
45 68
45 80
46 11
46 30
48 45
48 93
49 40
49 98
51 57
52 67
53 99
55 49
56 17
58 50
60 56
63 35
65 25
67 32
69 46
70 34
70 39
70 65
71 69
74 52
83 51
83 82
84 85
85 58
87 21
87 41
88 4
90 62
91 31
92 2
92 54
93 73
backbone tree 19, llh: -10119.886778
-1 0
0 44
0 63
0 74
4 29
4 84
9 19
9 70
10 48
10 87
11 55
19 28
19 64
19 90
21 9
25 12
25 88
28 71
29 23
31 83
32 7
32 91
34 66
35 10
35 60
35 81
41 5
41 53
41 92
44 77
45 26
45 68
45 80
46 11
46 30
48 45
48 93
49 40
51 57
52 67
53 99
55 49
56 17
58 50
60 56
63 35
63 98
65 25
67 32
69 46
70 34
70 39
70 65
71 69
74 52
83 51
83 82
84 85
85 58
87 21
87 41
88 4
90 62
91 31
92 2
92 54
93 73
backbone tree 20, llh: -10119.862928
-1 0
0 44
0 63
0 74
2 50
4 29
4 84
9 19
9 70
10 48
10 87
11 55
19 28
19 64
19 90
21 9
25 12
25 88
28 71
29 23
31 83
32 7
32 91
34 66
35 10
35 60
35 81
41 5
41 53
41 92
44 77
45 26
45 80
46 11
46 30
48 45
48 68
48 93
49 40
49 98
51 57
52 67
53 99
55 49
56 17
57 73
60 56
63 35
65 25
67 32
69 46
70 34
70 39
70 65
71 69
74 52
83 51
83 82
84 85
85 58
87 21
87 41
88 4
90 62
91 31
92 2
92 54
backbone tree 21, llh: -10119.894439
-1 0
0 44
0 63
0 74
2 50
4 29
4 84
9 19
9 70
10 48
10 87
11 55
19 28
19 64
19 90
21 9
25 12
25 88
28 71
29 23
31 83
32 7
32 91
34 66
35 10
35 60
35 81
41 5
41 53
41 92
44 77
45 26
45 80
46 11
46 30
48 45
48 68
48 93
49 40
49 98
51 57
52 67
53 99
55 49
56 17
60 56
63 35
65 25
67 32
69 46
70 34
70 39
70 65
71 69
74 52
83 51
83 82
84 85
85 58
87 21
87 41
88 4
90 62
90 73
91 31
92 2
92 54
backbone tree 22, llh: -10119.866164
-1 0
0 44
0 63
0 74
2 50
4 29
4 84
9 19
9 70
10 48
10 87
11 55
19 28
19 64
19 90
21 9
25 12
25 88
28 71
29 23
31 83
32 7
32 91
34 66
35 10
35 60
35 81
41 5
41 53
41 92
44 77
45 26
45 80
46 11
46 30
48 45
48 68
48 93
49 40
49 98
51 57
52 67
53 99
55 49
56 17
60 56
63 35
65 25
67 32
69 46
70 34
70 39
70 65
71 69
74 52
83 51
83 82
84 85
85 58
87 21
87 41
88 4
90 62
91 31
92 2
92 54
93 73
backbone tree 23, llh: -10119.904401
-1 0
0 44
0 63
0 74
4 29
4 84
9 19
9 70
10 48
10 87
11 55
19 28
19 64
19 90
21 9
25 12
25 88
28 71
29 23
31 83
32 7
32 91
34 66
35 10
35 60
35 81
40 50
41 5
41 53
41 92
44 77
45 26
45 80
46 11
46 30
48 45
48 68
48 93
49 40
49 98
51 57
52 67
53 99
55 49
56 17
57 73
60 56
63 35
65 25
67 32
69 46
70 34
70 39
70 65
71 69
74 52
83 51
83 82
84 85
85 58
87 21
87 41
88 4
90 62
91 31
92 2
92 54
backbone tree 24, llh: -10119.907637
-1 0
0 44
0 63
0 74
4 29
4 84
9 19
9 70
10 48
10 87
11 55
19 28
19 64
19 90
21 9
25 12
25 88
28 71
29 23
31 83
32 7
32 91
34 66
35 10
35 60
35 81
40 50
41 5
41 53
41 92
44 77
45 26
45 80
46 11
46 30
48 45
48 68
48 93
49 40
49 98
51 57
52 67
53 99
55 49
56 17
60 56
63 35
65 25
67 32
69 46
70 34
70 39
70 65
71 69
74 52
83 51
83 82
84 85
85 58
87 21
87 41
88 4
90 62
91 31
92 2
92 54
93 73
backbone tree 25, llh: -10119.851525
-1 0
0 44
0 63
0 74
4 29
4 84
9 19
9 70
10 48
10 87
11 55
19 28
19 64
19 90
21 9
25 12
25 88
28 71
29 23
31 83
32 7
32 91
34 66
35 10
35 60
35 81
41 5
41 53
41 92
44 77
45 26
45 80
46 11
46 30
48 45
48 68
48 93
49 40
49 98
51 57
52 67
53 99
55 49
56 17
57 73
58 50
60 56
63 35
65 25
67 32
69 46
70 34
70 39
70 65
71 69
74 52
83 51
83 82
84 85
85 58
87 21
87 41
88 4
90 62
91 31
92 2
92 54
backbone tree 26, llh: -10119.883036
-1 0
0 44
0 63
0 74
4 29
4 84
9 19
9 70
10 48
10 87
11 55
19 28
19 64
19 90
21 9
25 12
25 88
28 71
29 23
31 83
32 7
32 91
34 66
35 10
35 60
35 81
41 5
41 53
41 92
44 77
45 26
45 80
46 11
46 30
48 45
48 68
48 93
49 40
49 98
51 57
52 67
53 99
55 49
56 17
58 50
60 56
63 35
65 25
67 32
69 46
70 34
70 39
70 65
71 69
74 52
83 51
83 82
84 85
85 58
87 21
87 41
88 4
90 62
90 73
91 31
92 2
92 54
backbone tree 27, llh: -10119.854761
-1 0
0 44
0 63
0 74
4 29
4 84
9 19
9 70
10 48
10 87
11 55
19 28
19 64
19 90
21 9
25 12
25 88
28 71
29 23
31 83
32 7
32 91
34 66
35 10
35 60
35 81
41 5
41 53
41 92
44 77
45 26
45 80
46 11
46 30
48 45
48 68
48 93
49 40
49 98
51 57
52 67
53 99
55 49
56 17
58 50
60 56
63 35
65 25
67 32
69 46
70 34
70 39
70 65
71 69
74 52
83 51
83 82
84 85
85 58
87 21
87 41
88 4
90 62
91 31
92 2
92 54
93 73
backbone tree 28, llh: -10119.816376
-1 0
0 44
0 63
0 74
2 50
4 29
4 84
9 19
9 70
10 48
10 87
11 55
19 28
19 64
19 90
21 9
25 12
25 88
28 71
29 23
31 83
32 7
32 91
34 66
35 10
35 60
35 81
41 5
41 53
41 92
44 77
45 26
45 80
46 11
46 30
48 45
48 93
49 40
49 98
51 57
52 67
53 99
55 49
56 17
57 73
60 56
63 35
65 25
67 32
69 46
70 34
70 39
70 65
71 69
74 52
83 51
83 82
84 85
85 58
87 21
87 41
88 4
88 68
90 62
91 31
92 2
92 54
backbone tree 29, llh: -10119.893657
-1 0
0 44
0 63
0 74
2 50
4 29
4 84
9 19
9 70
10 48
10 87
11 55
19 28
19 64
19 90
21 9
25 12
25 88
28 71
29 23
31 83
32 7
32 91
34 66
35 10
35 60
35 81
41 5
41 53
41 92
44 77
45 26
45 80
46 11
46 30
48 45
48 93
49 40
51 57
52 67
53 99
55 49
56 17
57 73
60 56
63 35
63 98
65 25
67 32
69 46
70 34
70 39
70 65
71 69
74 52
83 51
83 82
84 85
85 58
87 21
87 41
88 4
88 68
90 62
91 31
92 2
92 54
backbone tree 30, llh: -10119.847887
-1 0
0 44
0 63
0 74
2 50
4 29
4 84
9 19
9 70
10 48
10 87
11 55
19 28
19 64
19 90
21 9
25 12
25 88
28 71
29 23
31 83
32 7
32 91
34 66
35 10
35 60
35 81
41 5
41 53
41 92
44 77
45 26
45 80
46 11
46 30
48 45
48 93
49 40
49 98
51 57
52 67
53 99
55 49
56 17
60 56
63 35
65 25
67 32
69 46
70 34
70 39
70 65
71 69
74 52
83 51
83 82
84 85
85 58
87 21
87 41
88 4
88 68
90 62
90 73
91 31
92 2
92 54
backbone tree 31, llh: -10119.819612
-1 0
0 44
0 63
0 74
2 50
4 29
4 84
9 19
9 70
10 48
10 87
11 55
19 28
19 64
19 90
21 9
25 12
25 88
28 71
29 23
31 83
32 7
32 91
34 66
35 10
35 60
35 81
41 5
41 53
41 92
44 77
45 26
45 80
46 11
46 30
48 45
48 93
49 40
49 98
51 57
52 67
53 99
55 49
56 17
60 56
63 35
65 25
67 32
69 46
70 34
70 39
70 65
71 69
74 52
83 51
83 82
84 85
85 58
87 21
87 41
88 4
88 68
90 62
91 31
92 2
92 54
93 73
backbone tree 32, llh: -10119.896893
-1 0
0 44
0 63
0 74
2 50
4 29
4 84
9 19
9 70
10 48
10 87
11 55
19 28
19 64
19 90
21 9
25 12
25 88
28 71
29 23
31 83
32 7
32 91
34 66
35 10
35 60
35 81
41 5
41 53
41 92
44 77
45 26
45 80
46 11
46 30
48 45
48 93
49 40
51 57
52 67
53 99
55 49
56 17
60 56
63 35
63 98
65 25
67 32
69 46
70 34
70 39
70 65
71 69
74 52
83 51
83 82
84 85
85 58
87 21
87 41
88 4
88 68
90 62
91 31
92 2
92 54
93 73
backbone tree 33, llh: -10119.858018
-1 0
0 44
0 63
0 74
4 29
4 84
9 19
9 70
10 48
10 87
11 55
19 28
19 64
19 90
21 9
25 12
25 88
28 71
29 23
31 83
32 7
32 91
34 66
35 10
35 60
35 81
40 50
41 5
41 53
41 92
44 77
45 26
45 80
46 11
46 30
48 45
48 93
49 40
49 98
51 57
52 67
53 99
55 49
56 17
57 73
60 56
63 35
65 25
67 32
69 46
70 34
70 39
70 65
71 69
74 52
83 51
83 82
84 85
85 58
87 21
87 41
88 4
88 68
90 62
91 31
92 2
92 54
backbone tree 34, llh: -10119.889529
-1 0
0 44
0 63
0 74
4 29
4 84
9 19
9 70
10 48
10 87
11 55
19 28
19 64
19 90
21 9
25 12
25 88
28 71
29 23
31 83
32 7
32 91
34 66
35 10
35 60
35 81
40 50
41 5
41 53
41 92
44 77
45 26
45 80
46 11
46 30
48 45
48 93
49 40
49 98
51 57
52 67
53 99
55 49
56 17
60 56
63 35
65 25
67 32
69 46
70 34
70 39
70 65
71 69
74 52
83 51
83 82
84 85
85 58
87 21
87 41
88 4
88 68
90 62
90 73
91 31
92 2
92 54
backbone tree 35, llh: -10119.861255
-1 0
0 44
0 63
0 74
4 29
4 84
9 19
9 70
10 48
10 87
11 55
19 28
19 64
19 90
21 9
25 12
25 88
28 71
29 23
31 83
32 7
32 91
34 66
35 10
35 60
35 81
40 50
41 5
41 53
41 92
44 77
45 26
45 80
46 11
46 30
48 45
48 93
49 40
49 98
51 57
52 67
53 99
55 49
56 17
60 56
63 35
65 25
67 32
69 46
70 34
70 39
70 65
71 69
74 52
83 51
83 82
84 85
85 58
87 21
87 41
88 4
88 68
90 62
91 31
92 2
92 54
93 73
backbone tree 36, llh: -10119.805142
-1 0
0 44
0 63
0 74
4 29
4 84
9 19
9 70
10 48
10 87
11 55
19 28
19 64
19 90
21 9
25 12
25 88
28 71
29 23
31 83
32 7
32 91
34 66
35 10
35 60
35 81
41 5
41 53
41 92
44 77
45 26
45 80
46 11
46 30
48 45
48 93
49 40
49 98
51 57
52 67
53 99
55 49
56 17
57 73
58 50
60 56
63 35
65 25
67 32
69 46
70 34
70 39
70 65
71 69
74 52
83 51
83 82
84 85
85 58
87 21
87 41
88 4
88 68
90 62
91 31
92 2
92 54
backbone tree 37, llh: -10119.882423
-1 0
0 44
0 63
0 74
4 29
4 84
9 19
9 70
10 48
10 87
11 55
19 28
19 64
19 90
21 9
25 12
25 88
28 71
29 23
31 83
32 7
32 91
34 66
35 10
35 60
35 81
41 5
41 53
41 92
44 77
45 26
45 80
46 11
46 30
48 45
48 93
49 40
51 57
52 67
53 99
55 49
56 17
57 73
58 50
60 56
63 35
63 98
65 25
67 32
69 46
70 34
70 39
70 65
71 69
74 52
83 51
83 82
84 85
85 58
87 21
87 41
88 4
88 68
90 62
91 31
92 2
92 54
backbone tree 38, llh: -10119.836653
-1 0
0 44
0 63
0 74
4 29
4 84
9 19
9 70
10 48
10 87
11 55
19 28
19 64
19 90
21 9
25 12
25 88
28 71
29 23
31 83
32 7
32 91
34 66
35 10
35 60
35 81
41 5
41 53
41 92
44 77
45 26
45 80
46 11
46 30
48 45
48 93
49 40
49 98
51 57
52 67
53 99
55 49
56 17
58 50
60 56
63 35
65 25
67 32
69 46
70 34
70 39
70 65
71 69
74 52
83 51
83 82
84 85
85 58
87 21
87 41
88 4
88 68
90 62
90 73
91 31
92 2
92 54
backbone tree 39, llh: -10119.808379
-1 0
0 44
0 63
0 74
4 29
4 84
9 19
9 70
10 48
10 87
11 55
19 28
19 64
19 90
21 9
25 12
25 88
28 71
29 23
31 83
32 7
32 91
34 66
35 10
35 60
35 81
41 5
41 53
41 92
44 77
45 26
45 80
46 11
46 30
48 45
48 93
49 40
49 98
51 57
52 67
53 99
55 49
56 17
58 50
60 56
63 35
65 25
67 32
69 46
70 34
70 39
70 65
71 69
74 52
83 51
83 82
84 85
85 58
87 21
87 41
88 4
88 68
90 62
91 31
92 2
92 54
93 73
backbone tree 40, llh: -10119.885659
-1 0
0 44
0 63
0 74
4 29
4 84
9 19
9 70
10 48
10 87
11 55
19 28
19 64
19 90
21 9
25 12
25 88
28 71
29 23
31 83
32 7
32 91
34 66
35 10
35 60
35 81
41 5
41 53
41 92
44 77
45 26
45 80
46 11
46 30
48 45
48 93
49 40
51 57
52 67
53 99
55 49
56 17
58 50
60 56
63 35
63 98
65 25
67 32
69 46
70 34
70 39
70 65
71 69
74 52
83 51
83 82
84 85
85 58
87 21
87 41
88 4
88 68
90 62
91 31
92 2
92 54
93 73
backbone tree 41, llh: -10119.910327
-1 0
0 44
0 63
0 74
2 50
4 29
4 84
9 19
9 70
10 48
10 87
11 55
19 28
19 90
21 9
25 12
25 88
28 71
29 23
31 83
32 7
32 91
34 66
35 10
35 60
35 81
41 5
41 53
41 92
44 77
45 26
45 68
45 80
46 11
46 30
48 45
48 93
49 40
49 98
51 57
51 64
52 67
53 99
55 49
56 17
57 73
60 56
63 35
65 25
67 32
69 46
70 34
70 39
70 65
71 69
74 52
83 51
83 82
84 85
85 58
87 21
87 41
88 4
90 62
91 31
92 2
92 54
backbone tree 42, llh: -10119.903724
-1 0
0 44
0 63
0 74
2 50
4 29
4 84
9 19
9 70
10 48
10 87
11 55
19 28
19 90
21 9
25 12
25 88
28 71
29 23
31 83
32 7
32 91
34 66
35 10
35 60
35 81
41 5
41 53
41 92
44 77
45 26
45 68
45 80
46 11
46 30
48 45
48 93
49 40
49 98
51 57
51 64
52 67
53 99
55 49
56 17
60 56
63 35
65 25
67 32
69 46
70 34
70 39
70 65
71 69
74 52
83 51
83 82
84 85
85 58
87 21
87 41
88 4
90 62
91 31
92 2
92 54
93 73
backbone tree 43, llh: -10119.899924
-1 0
0 44
0 63
0 74
4 29
4 84
9 19
9 70
10 48
10 87
11 55
19 28
19 90
21 9
25 12
25 88
28 71
29 23
31 83
32 7
32 91
34 66
35 10
35 60
35 81
41 5
41 53
41 92
44 77
45 26
45 68
45 80
46 11
46 30
48 45
48 93
49 40
49 98
51 57
51 64
52 67
53 99
55 49
56 17
57 73
58 50
60 56
63 35
65 25
67 32
69 46
70 34
70 39
70 65
71 69
74 52
83 51
83 82
84 85
85 58
87 21
87 41
88 4
90 62
91 31
92 2
92 54
backbone tree 44, llh: -10119.893375
-1 0
0 44
0 63
0 74
4 29
4 84
9 19
9 70
10 48
10 87
11 55
19 28
19 90
21 9
25 12
25 88
28 71
29 23
31 83
32 7
32 91
34 66
35 10
35 60
35 81
41 5
41 53
41 92
44 77
45 26
45 68
45 80
46 11
46 30
48 45
48 93
49 40
49 98
51 57
51 64
52 67
53 99
55 49
56 17
58 50
60 56
63 35
65 25
67 32
69 46
70 34
70 39
70 65
71 69
74 52
83 51
83 82
84 85
85 58
87 21
87 41
88 4
90 62
91 31
92 2
92 54
93 73
backbone tree 45, llh: -10119.906613
-1 0
0 44
0 63
0 74
2 50
4 29
4 84
9 19
9 70
10 48
10 87
11 55
19 28
19 90
21 9
25 12
25 88
28 71
29 23
31 83
32 7
32 91
34 66
35 10
35 60
35 81
41 5
41 53
41 92
44 77
45 26
45 80
46 11
46 30
48 45
48 93
49 40
49 98
51 57
51 64
52 67
53 99
55 49
56 17
57 73
60 56
63 35
65 25
67 32
69 46
70 34
70 39
70 65
71 69
74 52
83 51
83 82
84 85
85 58
87 21
87 41
88 4
88 68
90 62
91 31
92 2
92 54
backbone tree 46, llh: -10119.900063
-1 0
0 44
0 63
0 74
2 50
4 29
4 84
9 19
9 70
10 48
10 87
11 55
19 28
19 90
21 9
25 12
25 88
28 71
29 23
31 83
32 7
32 91
34 66
35 10
35 60
35 81
41 5
41 53
41 92
44 77
45 26
45 80
46 11
46 30
48 45
48 93
49 40
49 98
51 57
51 64
52 67
53 99
55 49
56 17
60 56
63 35
65 25
67 32
69 46
70 34
70 39
70 65
71 69
74 52
83 51
83 82
84 85
85 58
87 21
87 41
88 4
88 68
90 62
91 31
92 2
92 54
93 73
backbone tree 47, llh: -10119.896285
-1 0
0 44
0 63
0 74
4 29
4 84
9 19
9 70
10 48
10 87
11 55
19 28
19 90
21 9
25 12
25 88
28 71
29 23
31 83
32 7
32 91
34 66
35 10
35 60
35 81
41 5
41 53
41 92
44 77
45 26
45 80
46 11
46 30
48 45
48 93
49 40
49 98
51 57
51 64
52 67
53 99
55 49
56 17
57 73
58 50
60 56
63 35
65 25
67 32
69 46
70 34
70 39
70 65
71 69
74 52
83 51
83 82
84 85
85 58
87 21
87 41
88 4
88 68
90 62
91 31
92 2
92 54
backbone tree 48, llh: -10119.889735
-1 0
0 44
0 63
0 74
4 29
4 84
9 19
9 70
10 48
10 87
11 55
19 28
19 90
21 9
25 12
25 88
28 71
29 23
31 83
32 7
32 91
34 66
35 10
35 60
35 81
41 5
41 53
41 92
44 77
45 26
45 80
46 11
46 30
48 45
48 93
49 40
49 98
51 57
51 64
52 67
53 99
55 49
56 17
58 50
60 56
63 35
65 25
67 32
69 46
70 34
70 39
70 65
71 69
74 52
83 51
83 82
84 85
85 58
87 21
87 41
88 4
88 68
90 62
91 31
92 2
92 54
93 73
