# 50 backbone trees, 85 mutations
backbone tree 0, llh: -12852.024869
-1 0
0 2
0 28
0 95
2 8
2 58
2 80
3 45
3 69
4 54
6 66
6 93
10 68
10 89
11 39
14 70
15 13
15 57
16 77
17 3
17 18
18 21
18 41
20 26
21 72
22 6
23 96
24 67
25 62
27 37
27 47
28 46
30 32
30 33
30 88
30 92
32 7
33 38
33 78
34 15
36 12
36 83
37 4
38 44
38 52
41 74
41 87
43 85
44 11
44 53
44 75
46 22
46 59
54 14
57 86
58 29
59 43
62 34
62 36
64 31
65 17
66 94
67 51
68 73
68 76
68 82
70 99
72 40
72 64
74 20
77 55
78 48
80 35
83 19
84 30
85 10
85 27
85 84
86 16
86 23
86 91
89 25
91 1
91 24
91 65
backbone tree 1, llh: -12852.022609
-1 0
0 2
0 28
0 95
2 8
2 19
2 58
2 80
3 45
3 69
4 54
6 66
6 93
10 68
10 89
11 39
12 26
14 70
15 13
15 57
16 77
17 3
17 18
18 21
18 41
20 55
21 72
22 6
23 96
24 67
25 62
27 37
27 47
28 46
30 32
30 33
30 92
32 7
33 38
33 78
34 15
36 12
36 83
37 4
38 44
38 52
41 74
41 87
43 85
44 11
44 53
44 75
46 22
46 59
46 88
54 14
57 86
58 29
59 43
62 34
62 36
64 31
65 17
66 94
67 51
68 73
68 76
68 82
70 99
72 40
72 64
74 20
78 48
80 35
84 30
85 10
85 27
85 84
86 16
86 23
86 91
89 25
91 1
91 24
91 65
backbone tree 2, llh: -12852.026067
-1 0
0 2
0 28
0 95
2 8
2 19
2 58
2 80
3 45
3 69
4 54
6 66
6 93
10 68
10 89
11 39
12 26
14 70
15 13
15 57
16 77
17 3
17 18
18 21
18 41
21 72
22 6
23 96
24 67
25 62
27 37
27 47
28 46
30 32
30 33
30 92
32 7
33 38
33 78
34 15
36 12
36 83
37 4
38 44
38 52
41 74
41 87
43 85
44 11
44 53
44 75
46 22
46 59
46 88
54 14
57 86
58 29
59 43
62 34
62 36
64 31
65 17
66 94
67 51
68 73
68 76
68 82
70 99
72 40
72 64
74 20
77 55
78 48
80 35
84 30
85 10
85 27
85 84
86 16
86 23
86 91
89 25
91 1
91 24
91 65
backbone tree 3, llh: -12852.022618
-1 0
0 2
0 28
0 95
2 8
2 19
2 58
2 80
3 45
3 69
4 54
6 66
6 93
10 68
10 89
11 39
12 26
14 70
15 13
15 57
16 77
17 3
17 18
18 21
18 41
20 55
21 72
22 6
23 96
24 67
25 62
27 37
27 47
28 46
30 32
30 33
30 92
32 7
33 38
33 78
34 15
36 12
36 83
37 4
38 44
38 52
41 74
41 87
43 85
44 11
44 53
44 75
46 22
46 59
46 88
54 14
57 86
58 29
59 43
62 34
62 36
64 31
65 17
66 94
67 51
68 73
68 76
68 82
70 99
72 40
72 64
74 20
78 48
83 35
84 30
85 10
85 27
85 84
86 16
86 23
86 91
89 25
91 1
91 24
91 65
backbone tree 4, llh: -12852.026076
-1 0
0 2
0 28
0 95
2 8
2 19
2 58
2 80
3 45
3 69
4 54
6 66
6 93
10 68
10 89
11 39
12 26
14 70
15 13
15 57
16 77
17 3
17 18
18 21
18 41
21 72
22 6
23 96
24 67
25 62
27 37
27 47
28 46
30 32
30 33
30 92
32 7
33 38
33 78
34 15
36 12
36 83
37 4
38 44
38 52
41 74
41 87
43 85
44 11
44 53
44 75
46 22
46 59
46 88
54 14
57 86
58 29
59 43
62 34
62 36
64 31
65 17
66 94
67 51
68 73
68 76
68 82
70 99
72 40
72 64
74 20
77 55
78 48
83 35
84 30
85 10
85 27
85 84
86 16
86 23
86 91
89 25
91 1
91 24
91 65
backbone tree 5, llh: -12852.009583
-1 0
0 2
0 28
0 95
2 8
2 19
2 58
2 80
3 45
3 69
4 54
6 66
6 93
10 68
10 89
11 39
14 70
15 13
15 57
16 77
17 3
17 18
18 21
18 41
20 26
21 72
22 6
23 96
24 67
25 62
27 37
27 47
28 46
30 32
30 33
30 92
32 7
33 38
33 78
34 15
36 12
36 83
37 4
38 44
38 52
41 74
41 87
43 85
44 11
44 53
44 75
46 22
46 59
46 88
54 14
57 86
58 29
59 43
62 34
62 36
64 31
65 17
66 94
67 51
68 73
68 76
68 82
70 99
72 40
72 64
74 20
77 55
78 48
80 35
84 30
85 10
85 27
85 84
86 16
86 23
86 91
89 25
91 1
91 24
91 65
backbone tree 6, llh: -12852.009592
-1 0
0 2
0 28
0 95
2 8
2 19
2 58
2 80
3 45
3 69
4 54
6 66
6 93
10 68
10 89
11 39
14 70
15 13
15 57
16 77
17 3
17 18
18 21
18 41
20 26
21 72
22 6
23 96
24 67
25 62
27 37
27 47
28 46
30 32
30 33
30 92
32 7
33 38
33 78
34 15
36 12
36 83
37 4
38 44
38 52
41 74
41 87
43 85
44 11
44 53
44 75
46 22
46 59
46 88
54 14
57 86
58 29
59 43
62 34
62 36
64 31
65 17
66 94
67 51
68 73
68 76
68 82
70 99
72 40
72 64
74 20
77 55
78 48
83 35
84 30
85 10
85 27
85 84
86 16
86 23
86 91
89 25
91 1
91 24
91 65
backbone tree 7, llh: -12851.989315
-1 0
0 2
0 28
0 95
2 8
2 58
2 80
3 45
3 69
4 54
6 66
6 93
10 68
10 89
11 39
12 26
14 70
15 13
15 57
16 77
17 3
17 18
18 21
18 41
20 55
21 72
22 6
23 96
24 67
25 62
27 37
27 47
28 46
30 32
30 33
30 92
32 7
33 38
33 78
34 15
36 12
36 83
37 4
38 44
38 52
41 74
41 87
43 85
44 11
44 53
44 75
46 22
46 59
46 88
54 14
57 86
58 29
59 43
62 34
62 36
64 31
65 17
66 94
67 51
68 73
68 76
68 82
70 99
72 40
72 64
74 20
78 48
80 35
83 19
84 30
85 10
85 27
85 84
86 16
86 23
86 91
89 25
91 1
91 24
91 65
backbone tree 8, llh: -12851.992773
-1 0
0 2
0 28
0 95
2 8
2 58
2 80
3 45
3 69
4 54
6 66
6 93
10 68
10 89
11 39
12 26
14 70
15 13
15 57
16 77
17 3
17 18
18 21
18 41
21 72
22 6
23 96
24 67
25 62
27 37
27 47
28 46
30 32
30 33
30 92
32 7
33 38
33 78
34 15
36 12
36 83
37 4
38 44
38 52
41 74
41 87
43 85
44 11
44 53
44 75
46 22
46 59
46 88
54 14
57 86
58 29
59 43
62 34
62 36
64 31
65 17
66 94
67 51
68 73
68 76
68 82
70 99
72 40
72 64
74 20
77 55
78 48
80 35
83 19
84 30
85 10
85 27
85 84
86 16
86 23
86 91
89 25
91 1
91 24
91 65
backbone tree 9, llh: -12852.027809
-1 0
0 2
0 28
0 95
1 13
2 8
2 58
2 80
3 45
3 69
4 54
6 66
6 93
10 68
10 89
11 39
14 70
15 57
16 77
17 3
17 18
18 21
18 41
20 26
21 72
22 6
23 96
24 67
25 62
27 37
27 47
28 46
30 32
30 33
30 92
32 7
33 38
33 78
34 15
36 12
36 83
37 4
38 44
38 52
41 74
41 87
43 85
44 11
44 53
44 75
46 22
46 59
46 88
54 14
57 86
58 29
59 43
62 34
62 36
64 31
65 17
66 94
67 51
68 73
68 76
68 82
70 99
72 40
72 64
74 20
77 55
78 48
80 35
83 19
84 30
85 10
85 27
85 84
86 16
86 23
86 91
89 25
91 1
91 24
91 65
backbone tree 10, llh: -12851.976290
-1 0
0 2
0 28
0 95
2 8
2 58
2 80
3 45
3 69
4 54
6 66
6 93
10 68
10 89
11 39
14 70
15 13
15 57
16 77
17 3
17 18
18 21
18 41
20 26
21 72
22 6
23 96
24 67
25 62
27 37
27 47
28 46
30 32
30 33
30 92
32 7
33 38
33 78
34 15
36 12
36 83
37 4
38 44
38 52
41 74
41 87
43 85
44 11
44 53
44 75
46 22
46 59
46 88
54 14
57 86
58 29
59 43
62 34
62 36
64 31
65 17
66 94
67 51
68 73
68 76
68 82
70 99
72 40
72 64
74 20
77 55
78 48
80 35
83 19
84 30
85 10
85 27
85 84
86 16
86 23
86 91
89 25
91 1
91 24
91 65
backbone tree 11, llh: -12852.021068
-1 0
0 2
0 28
0 95
2 8
2 58
2 80
3 45
3 69
4 54
6 66
6 93
10 68
10 89
11 39
14 70
15 57
16 77
17 3
17 18
18 21
18 41
20 26
21 72
22 6
23 96
24 67
25 62
27 13
27 37
27 47
28 46
30 32
30 33
30 92
32 7
33 38
33 78
34 15
36 12
36 83
37 4
38 44
38 52
41 74
41 87
43 85
44 11
44 53
44 75
46 22
46 59
46 88
54 14
57 86
58 29
59 43
62 34
62 36
64 31
65 17
66 94
67 51
68 73
68 76
68 82
70 99
72 40
72 64
74 20
77 55
78 48
80 35
83 19
84 30
85 10
85 27
85 84
86 16
86 23
86 91
89 25
91 1
91 24
91 65
backbone tree 12, llh: -12852.026036
-1 0
0 2
0 28
0 95
1 13
2 8
2 19
2 58
2 80
3 45
3 69
4 54
6 66
6 93
10 68
10 89
11 39
12 26
14 70
15 57
16 77
17 3
17 18
18 21
18 41
20 55
21 72
22 6
23 96
24 67
25 62
27 37
27 47
28 46
30 32
30 33
30 92
32 7
33 38
33 78
34 15
36 12
36 83
37 4
38 44
38 52
41 74
41 87
43 85
44 11
44 53
44 75
46 22
46 59
54 14
57 86
58 29
59 43
62 34
62 36
64 31
65 17
66 94
67 51
68 73
68 76
68 82
70 99
72 40
72 64
74 20
78 48
80 35
84 30
85 10
85 27
85 84
85 88
86 16
86 23
86 91
89 25
91 1
91 24
91 65
backbone tree 13, llh: -12851.974783
-1 0
0 2
0 28
0 95
2 8
2 19
2 58
2 80
3 45
3 69
4 54
6 66
6 93
10 68
10 89
11 39
12 26
14 70
15 13
15 57
16 77
17 3
17 18
18 21
18 41
20 55
21 72
22 6
23 96
24 67
25 62
27 37
27 47
28 46
30 32
30 33
30 92
32 7
33 38
33 78
34 15
36 12
36 83
37 4
38 44
38 52
41 74
41 87
43 85
44 11
44 53
44 75
46 22
46 59
54 14
57 86
58 29
59 43
62 34
62 36
64 31
65 17
66 94
67 51
68 73
68 76
68 82
70 99
72 40
72 64
74 20
78 48
80 35
84 30
85 10
85 27
85 84
85 88
86 16
86 23
86 91
89 25
91 1
91 24
91 65
backbone tree 14, llh: -12852.019768
-1 0
0 2
0 28
0 95
2 8
2 19
2 58
2 80
3 45
3 69
4 54
6 66
6 93
10 68
10 89
11 39
12 26
14 70
15 57
16 77
17 3
17 18
18 21
18 41
20 55
21 72
22 6
23 96
24 67
25 62
27 13
27 37
27 47
28 46
30 32
30 33
30 92
32 7
33 38
33 78
34 15
36 12
36 83
37 4
38 44
38 52
41 74
41 87
43 85
44 11
44 53
44 75
46 22
46 59
54 14
57 86
58 29
59 43
62 34
62 36
64 31
65 17
66 94
67 51
68 73
68 76
68 82
70 99
72 40
72 64
74 20
78 48
80 35
84 30
85 10
85 27
85 84
85 88
86 16
86 23
86 91
89 25
91 1
91 24
91 65
backbone tree 15, llh: -12852.029494
-1 0
0 2
0 28
0 95
1 13
2 8
2 19
2 58
2 80
3 45
3 69
4 54
6 66
6 93
10 68
10 89
11 39
12 26
14 70
15 57
16 77
17 3
17 18
18 21
18 41
21 72
22 6
23 96
24 67
25 62
27 37
27 47
28 46
30 32
30 33
30 92
32 7
33 38
33 78
34 15
36 12
36 83
37 4
38 44
38 52
41 74
41 87
43 85
44 11
44 53
44 75
46 22
46 59
54 14
57 86
58 29
59 43
62 34
62 36
64 31
65 17
66 94
67 51
68 73
68 76
68 82
70 99
72 40
72 64
74 20
77 55
78 48
80 35
84 30
85 10
85 27
85 84
85 88
86 16
86 23
86 91
89 25
91 1
91 24
91 65
backbone tree 16, llh: -12851.978244
-1 0
0 2
0 28
0 95
2 8
2 19
2 58
2 80
3 45
3 69
4 54
6 66
6 93
10 68
10 89
11 39
12 26
14 70
15 13
15 57
16 77
17 3
17 18
18 21
18 41
21 72
22 6
23 96
24 67
25 62
27 37
27 47
28 46
30 32
30 33
30 92
32 7
33 38
33 78
34 15
36 12
36 83
37 4
38 44
38 52
41 74
41 87
43 85
44 11
44 53
44 75
46 22
46 59
54 14
57 86
58 29
59 43
62 34
62 36
64 31
65 17
66 94
67 51
68 73
68 76
68 82
70 99
72 40
72 64
74 20
77 55
78 48
80 35
84 30
85 10
85 27
85 84
85 88
86 16
86 23
86 91
89 25
91 1
91 24
91 65
backbone tree 17, llh: -12852.023226
-1 0
0 2
0 28
0 95
2 8
2 19
2 58
2 80
3 45
3 69
4 54
6 66
6 93
10 68
10 89
11 39
12 26
14 70
15 57
16 77
17 3
17 18
18 21
18 41
21 72
22 6
23 96
24 67
25 62
27 13
27 37
27 47
28 46
30 32
30 33
30 92
32 7
33 38
33 78
34 15
36 12
36 83
37 4
38 44
38 52
41 74
41 87
43 85
44 11
44 53
44 75
46 22
46 59
54 14
57 86
58 29
59 43
62 34
62 36
64 31
65 17
66 94
67 51
68 73
68 76
68 82
70 99
72 40
72 64
74 20
77 55
78 48
80 35
84 30
85 10
85 27
85 84
85 88
86 16
86 23
86 91
89 25
91 1
91 24
91 65
backbone tree 18, llh: -12852.026076
-1 0
0 2
0 28
0 95
1 13
2 8
2 19
2 58
2 80
3 45
3 69
4 54
6 66
6 93
10 68
10 89
11 39
12 26
14 70
15 57
16 77
17 3
17 18
18 21
18 41
20 55
21 72
22 6
23 96
24 67
25 62
27 37
27 47
28 46
30 32
30 33
30 92
32 7
33 38
33 78
34 15
36 12
36 83
37 4
38 44
38 52
41 74
41 87
43 85
44 11
44 53
44 75
46 22
46 59
54 14
57 86
58 29
59 43
62 34
62 36
64 31
65 17
66 94
67 51
68 73
68 76
68 82
70 99
72 40
72 64
74 20
78 48
83 35
84 30
85 10
85 27
85 84
85 88
86 16
86 23
86 91
89 25
91 1
91 24
91 65
backbone tree 19, llh: -12851.974826
-1 0
0 2
0 28
0 95
2 8
2 19
2 58
2 80
3 45
3 69
4 54
6 66
6 93
10 68
10 89
11 39
12 26
14 70
15 13
15 57
16 77
17 3
17 18
18 21
18 41
20 55
21 72
22 6
23 96
24 67
25 62
27 37
27 47
28 46
30 32
30 33
30 92
32 7
33 38
33 78
34 15
36 12
36 83
37 4
38 44
38 52
41 74
41 87
43 85
44 11
44 53
44 75
46 22
46 59
54 14
57 86
58 29
59 43
62 34
62 36
64 31
65 17
66 94
67 51
68 73
68 76
68 82
70 99
72 40
72 64
74 20
78 48
83 35
84 30
85 10
85 27
85 84
85 88
86 16
86 23
86 91
89 25
91 1
91 24
91 65
backbone tree 20, llh: -12852.019809
-1 0
0 2
0 28
0 95
2 8
2 19
2 58
2 80
3 45
3 69
4 54
6 66
6 93
10 68
10 89
11 39
12 26
14 70
15 57
16 77
17 3
17 18
18 21
18 41
20 55
21 72
22 6
23 96
24 67
25 62
27 13
27 37
27 47
28 46
30 32
30 33
30 92
32 7
33 38
33 78
34 15
36 12
36 83
37 4
38 44
38 52
41 74
41 87
43 85
44 11
44 53
44 75
46 22
46 59
54 14
57 86
58 29
59 43
62 34
62 36
64 31
65 17
66 94
67 51
68 73
68 76
68 82
70 99
72 40
72 64
74 20
78 48
83 35
84 30
85 10
85 27
85 84
85 88
86 16
86 23
86 91
89 25
91 1
91 24
91 65
backbone tree 21, llh: -12852.029534
-1 0
0 2
0 28
0 95
1 13
2 8
2 19
2 58
2 80
3 45
3 69
4 54
6 66
6 93
10 68
10 89
11 39
12 26
14 70
15 57
16 77
17 3
17 18
18 21
18 41
21 72
22 6
23 96
24 67
25 62
27 37
27 47
28 46
30 32
30 33
30 92
32 7
33 38
33 78
34 15
36 12
36 83
37 4
38 44
38 52
41 74
41 87
43 85
44 11
44 53
44 75
46 22
46 59
54 14
57 86
58 29
59 43
62 34
62 36
64 31
65 17
66 94
67 51
68 73
68 76
68 82
70 99
72 40
72 64
74 20
77 55
78 48
83 35
84 30
85 10
85 27
85 84
85 88
86 16
86 23
86 91
89 25
91 1
91 24
91 65
backbone tree 22, llh: -12851.978284
-1 0
0 2
0 28
0 95
2 8
2 19
2 58
2 80
3 45
3 69
4 54
6 66
6 93
10 68
10 89
11 39
12 26
14 70
15 13
15 57
16 77
17 3
17 18
18 21
18 41
21 72
22 6
23 96
24 67
25 62
27 37
27 47
28 46
30 32
30 33
30 92
32 7
33 38
33 78
34 15
36 12
36 83
37 4
38 44
38 52
41 74
41 87
43 85
44 11
44 53
44 75
46 22
46 59
54 14
57 86
58 29
59 43
62 34
62 36
64 31
65 17
66 94
67 51
68 73
68 76
68 82
70 99
72 40
72 64
74 20
77 55
78 48
83 35
84 30
85 10
85 27
85 84
85 88
86 16
86 23
86 91
89 25
91 1
91 24
91 65
backbone tree 23, llh: -12852.023267
-1 0
0 2
0 28
0 95
2 8
2 19
2 58
2 80
3 45
3 69
4 54
6 66
6 93
10 68
10 89
11 39
12 26
14 70
15 57
16 77
17 3
17 18
18 21
18 41
21 72
22 6
23 96
24 67
25 62
27 13
27 37
27 47
28 46
30 32
30 33
30 92
32 7
33 38
33 78
34 15
36 12
36 83
37 4
38 44
38 52
41 74
41 87
43 85
44 11
44 53
44 75
46 22
46 59
54 14
57 86
58 29
59 43
62 34
62 36
64 31
65 17
66 94
67 51
68 73
68 76
68 82
70 99
72 40
72 64
74 20
77 55
78 48
83 35
84 30
85 10
85 27
85 84
85 88
86 16
86 23
86 91
89 25
91 1
91 24
91 65
backbone tree 24, llh: -12852.013279
-1 0
0 2
0 28
0 95
1 13
2 8
2 19
2 58
2 80
3 45
3 69
4 54
6 66
6 93
10 68
10 89
11 39
14 70
15 57
16 77
17 3
17 18
18 21
18 41
20 26
21 72
22 6
23 96
24 67
25 62
27 37
27 47
28 46
30 32
30 33
30 92
32 7
33 38
33 78
34 15
36 12
36 83
37 4
38 44
38 52
41 74
41 87
43 85
44 11
44 53
44 75
46 22
46 59
54 14
57 86
58 29
59 43
62 34
62 36
64 31
65 17
66 94
67 51
68 73
68 76
68 82
70 99
72 40
72 64
74 20
77 55
78 48
80 35
84 30
85 10
85 27
85 84
85 88
86 16
86 23
86 91
89 25
91 1
91 24
91 65
backbone tree 25, llh: -12851.961760
-1 0
0 2
0 28
0 95
2 8
2 19
2 58
2 80
3 45
3 69
4 54
6 66
6 93
10 68
10 89
11 39
14 70
15 13
15 57
16 77
17 3
17 18
18 21
18 41
20 26
21 72
22 6
23 96
24 67
25 62
27 37
27 47
28 46
30 32
30 33
30 92
32 7
33 38
33 78
34 15
36 12
36 83
37 4
38 44
38 52
41 74
41 87
43 85
44 11
44 53
44 75
46 22
46 59
54 14
57 86
58 29
59 43
62 34
62 36
64 31
65 17
66 94
67 51
68 73
68 76
68 82
70 99
72 40
72 64
74 20
77 55
78 48
80 35
84 30
85 10
85 27
85 84
85 88
86 16
86 23
86 91
89 25
91 1
91 24
91 65
backbone tree 26, llh: -12852.006741
-1 0
0 2
0 28
0 95
2 8
2 19
2 58
2 80
3 45
3 69
4 54
6 66
6 93
10 68
10 89
11 39
14 70
15 57
16 77
17 3
17 18
18 21
18 41
20 26
21 72
22 6
23 96
24 67
25 62
27 13
27 37
27 47
28 46
30 32
30 33
30 92
32 7
33 38
33 78
34 15
36 12
36 83
37 4
38 44
38 52
41 74
41 87
43 85
44 11
44 53
44 75
46 22
46 59
54 14
57 86
58 29
59 43
62 34
62 36
64 31
65 17
66 94
67 51
68 73
68 76
68 82
70 99
72 40
72 64
74 20
77 55
78 48
80 35
84 30
85 10
85 27
85 84
85 88
86 16
86 23
86 91
89 25
91 1
91 24
91 65
backbone tree 27, llh: -12852.013320
-1 0
0 2
0 28
0 95
1 13
2 8
2 19
2 58
2 80
3 45
3 69
4 54
6 66
6 93
10 68
10 89
11 39
14 70
15 57
16 77
17 3
17 18
18 21
18 41
20 26
21 72
22 6
23 96
24 67
25 62
27 37
27 47
28 46
30 32
30 33
30 92
32 7
33 38
33 78
34 15
36 12
36 83
37 4
38 44
38 52
41 74
41 87
43 85
44 11
44 53
44 75
46 22
46 59
54 14
57 86
58 29
59 43
62 34
62 36
64 31
65 17
66 94
67 51
68 73
68 76
68 82
70 99
72 40
72 64
74 20
77 55
78 48
83 35
84 30
85 10
85 27
85 84
85 88
86 16
86 23
86 91
89 25
91 1
91 24
91 65
backbone tree 28, llh: -12851.961800
-1 0
0 2
0 28
0 95
2 8
2 19
2 58
2 80
3 45
3 69
4 54
6 66
6 93
10 68
10 89
11 39
14 70
15 13
15 57
16 77
17 3
17 18
18 21
18 41
20 26
21 72
22 6
23 96
24 67
25 62
27 37
27 47
28 46
30 32
30 33
30 92
32 7
33 38
33 78
34 15
36 12
36 83
37 4
38 44
38 52
41 74
41 87
43 85
44 11
44 53
44 75
46 22
46 59
54 14
57 86
58 29
59 43
62 34
62 36
64 31
65 17
66 94
67 51
68 73
68 76
68 82
70 99
72 40
72 64
74 20
77 55
78 48
83 35
84 30
85 10
85 27
85 84
85 88
86 16
86 23
86 91
89 25
91 1
91 24
91 65
backbone tree 29, llh: -12852.006781
-1 0
0 2
0 28
0 95
2 8
2 19
2 58
2 80
3 45
3 69
4 54
6 66
6 93
10 68
10 89
11 39
14 70
15 57
16 77
17 3
17 18
18 21
18 41
20 26
21 72
22 6
23 96
24 67
25 62
27 13
27 37
27 47
28 46
30 32
30 33
30 92
32 7
33 38
33 78
34 15
36 12
36 83
37 4
38 44
38 52
41 74
41 87
43 85
44 11
44 53
44 75
46 22
46 59
54 14
57 86
58 29
59 43
62 34
62 36
64 31
65 17
66 94
67 51
68 73
68 76
68 82
70 99
72 40
72 64
74 20
77 55
78 48
83 35
84 30
85 10
85 27
85 84
85 88
86 16
86 23
86 91
89 25
91 1
91 24
91 65
backbone tree 30, llh: -12852.026355
-1 0
0 2
0 28
0 95
2 8
2 19
2 58
2 80
3 45
3 69
4 54
6 66
6 93
10 68
10 89
11 39
14 70
15 13
15 57
16 77
17 3
17 18
18 21
18 41
20 26
21 72
22 6
23 96
24 67
25 62
27 37
27 47
28 46
30 32
30 33
30 92
32 7
33 38
33 78
34 15
36 12
36 83
37 4
38 44
38 52
41 74
41 87
43 85
44 11
44 53
44 75
46 22
46 59
54 14
57 86
58 29
59 43
62 34
62 36
64 31
65 17
67 51
68 73
68 76
68 82
70 99
72 40
72 64
74 20
77 55
78 48
80 94
83 35
84 30
85 10
85 27
85 84
85 88
86 16
86 23
86 91
89 25
91 1
91 24
91 65
backbone tree 31, llh: -12851.992742
-1 0
0 2
0 28
0 95
1 13
2 8
2 58
2 80
3 45
3 69
4 54
6 66
6 93
10 68
10 89
11 39
12 26
14 70
15 57
16 77
17 3
17 18
18 21
18 41
20 55
21 72
22 6
23 96
24 67
25 62
27 37
27 47
28 46
30 32
30 33
30 92
32 7
33 38
33 78
34 15
36 12
36 83
37 4
38 44
38 52
41 74
41 87
43 85
44 11
44 53
44 75
46 22
46 59
54 14
57 86
58 29
59 43
62 34
62 36
64 31
65 17
66 94
67 51
68 73
68 76
68 82
70 99
72 40
72 64
74 20
78 48
80 35
83 19
84 30
85 10
85 27
85 84
85 88
86 16
86 23
86 91
89 25
91 1
91 24
91 65
backbone tree 32, llh: -12851.941492
-1 0
0 2
0 28
0 95
2 8
2 58
2 80
3 45
3 69
4 54
6 66
6 93
10 68
10 89
11 39
12 26
14 70
15 13
15 57
16 77
17 3
17 18
18 21
18 41
20 55
21 72
22 6
23 96
24 67
25 62
27 37
27 47
28 46
30 32
30 33
30 92
32 7
33 38
33 78
34 15
36 12
36 83
37 4
38 44
38 52
41 74
41 87
43 85
44 11
44 53
44 75
46 22
46 59
54 14
57 86
58 29
59 43
62 34
62 36
64 31
65 17
66 94
67 51
68 73
68 76
68 82
70 99
72 40
72 64
74 20
78 48
80 35
83 19
84 30
85 10
85 27
85 84
85 88
86 16
86 23
86 91
89 25
91 1
91 24
91 65
backbone tree 33, llh: -12852.023871
-1 0
0 2
0 28
0 95
2 8
2 58
2 80
3 45
3 69
4 54
6 66
6 93
10 68
10 89
11 39
12 26
14 70
15 57
16 77
17 3
17 18
18 21
18 41
20 13
20 55
21 72
22 6
23 96
24 67
25 62
27 37
27 47
28 46
30 32
30 33
30 92
32 7
33 38
33 78
34 15
36 12
36 83
37 4
38 44
38 52
41 74
41 87
43 85
44 11
44 53
44 75
46 22
46 59
54 14
57 86
58 29
59 43
62 34
62 36
64 31
65 17
66 94
67 51
68 73
68 76
68 82
70 99
72 40
72 64
74 20
78 48
80 35
83 19
84 30
85 10
85 27
85 84
85 88
86 16
86 23
86 91
89 25
91 1
91 24
91 65
backbone tree 34, llh: -12851.986475
-1 0
0 2
0 28
0 95
2 8
2 58
2 80
3 45
3 69
4 54
6 66
6 93
10 68
10 89
11 39
12 26
14 70
15 57
16 77
17 3
17 18
18 21
18 41
20 55
21 72
22 6
23 96
24 67
25 62
27 13
27 37
27 47
28 46
30 32
30 33
30 92
32 7
33 38
33 78
34 15
36 12
36 83
37 4
38 44
38 52
41 74
41 87
43 85
44 11
44 53
44 75
46 22
46 59
54 14
57 86
58 29
59 43
62 34
62 36
64 31
65 17
66 94
67 51
68 73
68 76
68 82
70 99
72 40
72 64
74 20
78 48
80 35
83 19
84 30
85 10
85 27
85 84
85 88
86 16
86 23
86 91
89 25
91 1
91 24
91 65
backbone tree 35, llh: -12852.022260
-1 0
0 2
0 28
0 95
2 8
2 58
2 80
3 45
3 69
4 54
6 66
6 93
10 68
10 89
11 39
12 26
14 70
15 57
16 77
17 3
17 18
18 21
18 41
20 55
21 72
22 6
23 96
24 67
25 62
27 37
27 47
28 46
30 13
30 32
30 33
30 92
32 7
33 38
33 78
34 15
36 12
36 83
37 4
38 44
38 52
41 74
41 87
43 85
44 11
44 53
44 75
46 22
46 59
54 14
57 86
58 29
59 43
62 34
62 36
64 31
65 17
66 94
67 51
68 73
68 76
68 82
70 99
72 40
72 64
74 20
78 48
80 35
83 19
84 30
85 10
85 27
85 84
85 88
86 16
86 23
86 91
89 25
91 1
91 24
91 65
backbone tree 36, llh: -12851.996201
-1 0
0 2
0 28
0 95
1 13
2 8
2 58
2 80
3 45
3 69
4 54
6 66
6 93
10 68
10 89
11 39
12 26
14 70
15 57
16 77
17 3
17 18
18 21
18 41
21 72
22 6
23 96
24 67
25 62
27 37
27 47
28 46
30 32
30 33
30 92
32 7
33 38
33 78
34 15
36 12
36 83
37 4
38 44
38 52
41 74
41 87
43 85
44 11
44 53
44 75
46 22
46 59
54 14
57 86
58 29
59 43
62 34
62 36
64 31
65 17
66 94
67 51
68 73
68 76
68 82
70 99
72 40
72 64
74 20
77 55
78 48
80 35
83 19
84 30
85 10
85 27
85 84
85 88
86 16
86 23
86 91
89 25
91 1
91 24
91 65
backbone tree 37, llh: -12851.944950
-1 0
0 2
0 28
0 95
2 8
2 58
2 80
3 45
3 69
4 54
6 66
6 93
10 68
10 89
11 39
12 26
14 70
15 13
15 57
16 77
17 3
17 18
18 21
18 41
21 72
22 6
23 96
24 67
25 62
27 37
27 47
28 46
30 32
30 33
30 92
32 7
33 38
33 78
34 15
36 12
36 83
37 4
38 44
38 52
41 74
41 87
43 85
44 11
44 53
44 75
46 22
46 59
54 14
57 86
58 29
59 43
62 34
62 36
64 31
65 17
66 94
67 51
68 73
68 76
68 82
70 99
72 40
72 64
74 20
77 55
78 48
80 35
83 19
84 30
85 10
85 27
85 84
85 88
86 16
86 23
86 91
89 25
91 1
91 24
91 65
backbone tree 38, llh: -12852.027272
-1 0
0 2
0 28
0 95
2 8
2 58
2 80
3 45
3 69
4 54
6 66
6 93
10 68
10 89
11 39
12 26
14 70
15 57
16 77
17 3
17 18
18 21
18 41
20 13
21 72
22 6
23 96
24 67
25 62
27 37
27 47
28 46
30 32
30 33
30 92
32 7
33 38
33 78
34 15
36 12
36 83
37 4
38 44
38 52
41 74
41 87
43 85
44 11
44 53
44 75
46 22
46 59
54 14
57 86
58 29
59 43
62 34
62 36
64 31
65 17
66 94
67 51
68 73
68 76
68 82
70 99
72 40
72 64
74 20
77 55
78 48
80 35
83 19
84 30
85 10
85 27
85 84
85 88
86 16
86 23
86 91
89 25
91 1
91 24
91 65
backbone tree 39, llh: -12851.989933
-1 0
0 2
0 28
0 95
2 8
2 58
2 80
3 45
3 69
4 54
6 66
6 93
10 68
10 89
11 39
12 26
14 70
15 57
16 77
17 3
17 18
18 21
18 41
21 72
22 6
23 96
24 67
25 62
27 13
27 37
27 47
28 46
30 32
30 33
30 92
32 7
33 38
33 78
34 15
36 12
36 83
37 4
38 44
38 52
41 74
41 87
43 85
44 11
44 53
44 75
46 22
46 59
54 14
57 86
58 29
59 43
62 34
62 36
64 31
65 17
66 94
67 51
68 73
68 76
68 82
70 99
72 40
72 64
74 20
77 55
78 48
80 35
83 19
84 30
85 10
85 27
85 84
85 88
86 16
86 23
86 91
89 25
91 1
91 24
91 65
backbone tree 40, llh: -12852.025718
-1 0
0 2
0 28
0 95
2 8
2 58
2 80
3 45
3 69
4 54
6 66
6 93
10 68
10 89
11 39
12 26
14 70
15 57
16 77
17 3
17 18
18 21
18 41
21 72
22 6
23 96
24 67
25 62
27 37
27 47
28 46
30 13
30 32
30 33
30 92
32 7
33 38
33 78
34 15
36 12
36 83
37 4
38 44
38 52
41 74
41 87
43 85
44 11
44 53
44 75
46 22
46 59
54 14
57 86
58 29
59 43
62 34
62 36
64 31
65 17
66 94
67 51
68 73
68 76
68 82
70 99
72 40
72 64
74 20
77 55
78 48
80 35
83 19
84 30
85 10
85 27
85 84
85 88
86 16
86 23
86 91
89 25
91 1
91 24
91 65
backbone tree 41, llh: -12852.017624
-1 0
0 2
0 28
0 95
2 8
2 58
2 80
3 45
3 69
4 54
6 66
6 93
10 68
10 89
11 39
14 70
15 13
15 57
16 77
17 3
17 18
18 21
18 41
20 26
21 72
22 6
23 96
24 67
25 62
27 37
27 47
28 46
30 32
30 33
30 92
32 7
33 38
33 78
34 15
36 12
36 83
37 4
38 44
38 52
41 74
41 87
43 85
44 11
44 53
44 75
46 22
46 59
47 82
54 14
57 86
58 29
59 43
62 34
62 36
64 31
65 17
66 94
67 51
68 73
68 76
70 99
72 40
72 64
74 20
77 55
78 48
80 35
83 19
84 30
85 10
85 27
85 84
85 88
86 16
86 23
86 91
89 25
91 1
91 24
91 65
backbone tree 42, llh: -12852.020061
-1 0
0 2
0 28
0 95
2 8
2 58
2 80
3 45
3 69
4 54
6 66
6 93
10 68
10 89
11 39
12 29
14 70
15 13
15 57
16 77
17 3
17 18
18 21
18 41
20 26
21 72
22 6
23 96
24 67
25 62
27 37
27 47
28 46
30 32
30 33
30 92
32 7
33 38
33 78
34 15
36 12
36 83
37 4
38 44
38 52
41 74
41 87
43 85
44 11
44 53
44 75
46 22
46 59
54 14
57 86
59 43
62 34
62 36
64 31
65 17
66 94
67 51
68 73
68 76
68 82
70 99
72 40
72 64
74 20
77 55
78 48
80 35
83 19
84 30
85 10
85 27
85 84
85 88
86 16
86 23
86 91
89 25
91 1
91 24
91 65
backbone tree 43, llh: -12851.979986
-1 0
0 2
0 28
0 95
1 13
2 8
2 58
2 80
3 45
3 69
4 54
6 66
6 93
10 68
10 89
11 39
14 70
15 57
16 77
17 3
17 18
18 21
18 41
20 26
21 72
22 6
23 96
24 67
25 62
27 37
27 47
28 46
30 32
30 33
30 92
32 7
33 38
33 78
34 15
36 12
36 83
37 4
38 44
38 52
41 74
41 87
43 85
44 11
44 53
44 75
46 22
46 59
54 14
57 86
58 29
59 43
62 34
62 36
64 31
65 17
66 94
67 51
68 73
68 76
68 82
70 99
72 40
72 64
74 20
77 55
78 48
80 35
83 19
84 30
85 10
85 27
85 84
85 88
86 16
86 23
86 91
89 25
91 1
91 24
91 65
backbone tree 44, llh: -12851.928466
-1 0
0 2
0 28
0 95
2 8
2 58
2 80
3 45
3 69
4 54
6 66
6 93
10 68
10 89
11 39
14 70
15 13
15 57
16 77
17 3
17 18
18 21
18 41
20 26
21 72
22 6
23 96
24 67
25 62
27 37
27 47
28 46
30 32
30 33
30 92
32 7
33 38
33 78
34 15
36 12
36 83
37 4
38 44
38 52
41 74
41 87
43 85
44 11
44 53
44 75
46 22
46 59
54 14
57 86
58 29
59 43
62 34
62 36
64 31
65 17
66 94
67 51
68 73
68 76
68 82
70 99
72 40
72 64
74 20
77 55
78 48
80 35
83 19
84 30
85 10
85 27
85 84
85 88
86 16
86 23
86 91
89 25
91 1
91 24
91 65
backbone tree 45, llh: -12851.973447
-1 0
0 2
0 28
0 95
2 8
2 58
2 80
3 45
3 69
4 54
6 66
6 93
10 68
10 89
11 39
14 70
15 57
16 77
17 3
17 18
18 21
18 41
20 26
21 72
22 6
23 96
24 67
25 62
27 13
27 37
27 47
28 46
30 32
30 33
30 92
32 7
33 38
33 78
34 15
36 12
36 83
37 4
38 44
38 52
41 74
41 87
43 85
44 11
44 53
44 75
46 22
46 59
54 14
57 86
58 29
59 43
62 34
62 36
64 31
65 17
66 94
67 51
68 73
68 76
68 82
70 99
72 40
72 64
74 20
77 55
78 48
80 35
83 19
84 30
85 10
85 27
85 84
85 88
86 16
86 23
86 91
89 25
91 1
91 24
91 65
backbone tree 46, llh: -12852.009230
-1 0
0 2
0 28
0 95
2 8
2 58
2 80
3 45
3 69
4 54
6 66
6 93
10 68
10 89
11 39
14 70
15 57
16 77
17 3
17 18
18 21
18 41
20 26
21 72
22 6
23 96
24 67
25 62
27 37
27 47
28 46
30 13
30 32
30 33
30 92
32 7
33 38
33 78
34 15
36 12
36 83
37 4
38 44
38 52
41 74
41 87
43 85
44 11
44 53
44 75
46 22
46 59
54 14
57 86
58 29
59 43
62 34
62 36
64 31
65 17
66 94
67 51
68 73
68 76
68 82
70 99
72 40
72 64
74 20
77 55
78 48
80 35
83 19
84 30
85 10
85 27
85 84
85 88
86 16
86 23
86 91
89 25
91 1
91 24
91 65
backbone tree 47, llh: -12852.023063
-1 0
0 2
0 28
0 95
2 8
2 58
2 80
3 45
3 69
4 54
6 66
6 93
10 68
10 89
11 39
14 70
15 13
15 57
16 77
17 3
17 18
18 21
18 41
20 26
21 72
22 6
23 96
24 67
25 62
27 37
27 47
28 46
30 32
30 33
30 92
32 7
33 38
33 78
34 15
36 12
36 83
37 4
38 44
38 52
41 74
41 87
43 85
44 11
44 53
44 75
46 22
46 59
54 14
57 86
58 29
59 43
62 34
62 36
64 31
65 17
66 94
67 51
68 73
68 76
68 82
70 99
72 40
72 64
74 20
77 55
78 48
83 19
84 30
85 10
85 27
85 84
85 88
86 16
86 23
86 91
87 35
89 25
91 1
91 24
91 65
backbone tree 48, llh: -12852.022803
-1 0
0 2
0 28
0 95
2 8
2 29
2 80
3 45
3 69
4 54
6 66
6 93
10 68
10 89
11 39
12 58
14 70
15 13
15 57
16 77
17 3
17 18
18 21
18 41
20 26
21 72
22 6
23 96
24 67
25 62
27 37
27 47
28 46
30 32
30 33
30 92
32 7
33 38
33 78
34 15
36 12
36 83
37 4
38 44
38 52
41 74
41 87
43 85
44 11
44 53
44 75
46 22
46 59
54 14
57 86
59 43
62 34
62 36
64 31
65 17
66 94
67 51
68 73
68 76
68 82
70 99
72 40
72 64
74 20
77 55
78 48
80 35
83 19
84 30
85 10
85 27
85 84
85 88
86 16
86 23
86 91
89 25
91 1
91 24
91 65
backbone tree 49, llh: -12852.031970
-1 0
0 2
0 28
0 95
2 8
2 58
2 80
3 45
3 69
4 54
6 66
6 93
10 68
10 89
11 39
14 70
15 13
15 57
16 77
17 3
17 18
18 21
18 41
20 26
21 72
22 6
23 96
24 67
25 62
27 37
27 47
28 46
30 32
30 33
30 92
33 38
33 78
34 15
36 12
36 83
37 4
38 44
38 52
40 7
41 74
41 87
43 85
44 11
44 53
44 75
46 22
46 59
54 14
57 86
58 29
59 43
62 34
62 36
64 31
65 17
66 94
67 51
68 73
68 76
68 82
70 99
72 40
72 64
74 20
77 55
78 48
80 35
83 19
84 30
85 10
85 27
85 84
85 88
86 16
86 23
86 91
89 25
91 1
91 24
91 65
