# 10 backbone trees, 74 mutations
backbone tree 0, llh: -9990.875621
-1 0
0 17
0 31
0 34
0 65
1 63
1 74
3 60
3 93
4 30
4 50
4 85
9 78
10 33
10 81
11 64
12 56
12 57
13 59
16 27
16 58
17 19
17 73
19 29
19 99
21 79
25 39
26 95
27 23
28 45
30 62
31 9
33 44
33 53
33 92
41 11
41 88
45 46
48 83
50 12
50 51
52 10
52 67
52 76
55 48
56 16
56 21
56 25
56 86
57 8
57 55
59 1
59 28
61 89
65 26
67 13
67 75
71 68
72 3
74 37
75 87
76 80
78 4
78 72
79 61
80 43
81 32
81 71
81 90
83 5
83 77
85 41
86 52
92 84
backbone tree 1, llh: -9990.843400
-1 0
0 17
0 31
0 34
0 65
1 63
1 74
3 60
3 93
4 30
4 50
4 85
9 78
10 33
10 81
11 64
12 56
12 57
13 59
16 27
16 58
17 19
17 73
19 29
19 99
21 79
25 39
26 95
28 45
30 62
31 9
33 44
33 53
33 92
41 11
41 88
45 46
48 83
50 12
50 51
52 10
52 67
52 76
55 48
56 16
56 21
56 25
56 86
57 8
57 55
59 1
59 28
61 89
62 23
65 26
67 13
67 75
71 68
72 3
74 37
75 87
76 80
78 4
78 72
79 61
80 43
81 32
81 71
81 90
83 5
83 77
85 41
86 52
92 84
backbone tree 2, llh: -9990.868515
-1 0
0 17
0 31
0 34
0 65
1 63
1 74
3 60
3 93
4 30
4 50
4 85
9 78
10 33
10 81
11 64
12 56
12 57
13 59
16 27
16 58
17 19
17 73
19 29
19 99
21 79
25 39
26 95
28 45
30 62
31 9
33 44
33 53
33 92
41 11
41 88
45 46
48 83
50 12
50 51
52 10
52 67
52 76
55 48
56 16
56 21
56 25
56 86
57 8
57 55
59 1
59 28
61 89
65 26
67 13
67 75
71 68
72 3
74 23
74 37
75 87
76 80
78 4
78 72
79 61
80 43
81 32
81 71
81 90
83 5
83 77
85 41
86 52
92 84
backbone tree 3, llh: -9990.910320
-1 0
0 17
0 31
0 34
0 65
1 63
1 74
3 60
3 93
4 30
4 50
4 85
9 78
10 33
10 81
11 64
12 56
12 57
13 59
16 27
16 58
17 19
17 73
19 29
21 79
25 39
26 95
28 45
30 62
31 9
33 44
33 53
33 92
41 11
41 88
45 46
48 83
50 12
50 51
52 10
52 67
52 76
55 48
56 16
56 21
56 25
56 86
57 8
57 55
59 1
59 28
61 89
62 23
65 26
67 13
67 75
71 68
72 3
72 99
74 37
75 87
76 80
78 4
78 72
79 61
80 43
81 32
81 71
81 90
83 5
83 77
85 41
86 52
92 84
backbone tree 4, llh: -9990.855136
-1 0
0 17
0 31
0 34
0 65
1 8
1 74
3 60
3 93
4 30
4 50
4 85
9 78
10 33
10 81
11 64
12 56
12 57
13 59
16 27
16 58
17 19
17 73
19 29
19 99
21 79
25 39
26 95
27 23
28 45
30 62
31 9
33 44
33 53
33 92
41 11
41 88
45 46
48 83
50 12
50 51
52 10
52 67
52 76
55 48
55 63
56 16
56 21
56 25
56 86
57 55
59 1
59 28
61 89
65 26
67 13
67 75
71 68
72 3
74 37
75 87
76 80
78 4
78 72
79 61
80 43
81 32
81 71
81 90
83 5
83 77
85 41
86 52
92 84
backbone tree 5, llh: -9990.911205
-1 0
0 17
0 31
0 34
0 65
1 8
1 74
3 60
3 93
4 30
4 50
4 85
9 39
9 78
10 33
10 81
11 64
12 56
12 57
13 59
16 27
16 58
17 19
17 73
19 29
19 99
21 79
26 95
28 45
30 62
31 9
33 44
33 53
33 92
41 11
41 88
45 46
48 83
50 12
50 51
52 10
52 67
52 76
55 48
55 63
56 16
56 21
56 25
56 86
57 55
59 1
59 28
61 89
62 23
65 26
67 13
67 75
71 68
72 3
74 37
75 87
76 80
78 4
78 72
79 61
80 43
81 32
81 71
81 90
83 5
83 77
85 41
86 52
92 84
backbone tree 6, llh: -9990.824481
-1 0
0 17
0 31
0 34
0 65
1 8
1 74
3 60
3 93
4 30
4 50
4 85
9 78
10 33
10 81
11 64
12 56
12 57
13 59
16 27
16 58
17 19
17 73
19 29
19 99
21 79
25 39
26 95
28 45
30 62
31 9
33 44
33 53
33 92
41 11
41 88
45 46
48 83
50 12
50 51
52 10
52 67
52 76
55 48
55 63
56 16
56 21
56 25
56 86
57 55
59 1
59 28
61 89
62 23
65 26
67 13
67 75
71 68
72 3
74 37
75 87
76 80
78 4
78 72
79 61
80 43
81 32
81 71
81 90
83 5
83 77
85 41
86 52
92 84
backbone tree 7, llh: -9990.900574
-1 0
0 17
0 31
0 34
0 65
1 8
1 74
3 60
3 93
4 30
4 50
4 85
9 78
10 33
10 81
11 64
12 56
12 57
13 59
16 27
16 58
17 19
17 73
19 29
19 99
21 79
25 39
26 95
28 45
30 62
31 9
33 44
33 53
33 92
41 11
41 88
45 46
48 83
50 12
50 51
52 10
52 67
52 76
55 48
55 63
56 16
56 21
56 25
56 86
57 55
59 1
59 28
61 89
65 26
67 13
67 75
71 68
72 3
74 23
74 37
75 87
76 80
78 4
78 72
79 61
80 43
81 32
81 71
81 90
83 5
83 77
85 41
86 52
92 84
backbone tree 8, llh: -9990.921700
-1 0
0 17
0 31
0 34
0 65
1 8
1 74
3 60
3 93
4 30
4 50
4 85
9 78
10 33
10 81
11 64
12 56
12 57
13 59
16 27
16 58
17 19
17 73
19 29
21 79
25 39
26 95
27 23
28 45
30 62
31 9
33 44
33 53
33 92
41 11
41 88
45 46
48 83
50 12
50 51
52 10
52 67
52 76
55 48
55 63
56 16
56 21
56 25
56 86
57 55
59 1
59 28
61 89
65 26
67 13
67 75
71 68
72 3
72 99
74 37
75 87
76 80
78 4
78 72
79 61
80 43
81 32
81 71
81 90
83 5
83 77
85 41
86 52
92 84
backbone tree 9, llh: -9990.891044
-1 0
0 17
0 31
0 34
0 65
1 8
1 74
3 60
3 93
4 30
4 50
4 85
9 78
10 33
10 81
11 64
12 56
12 57
13 59
16 27
16 58
17 19
17 73
19 29
21 79
25 39
26 95
28 45
30 62
31 9
33 44
33 53
33 92
41 11
41 88
45 46
48 83
50 12
50 51
52 10
52 67
52 76
55 48
55 63
56 16
56 21
56 25
56 86
57 55
59 1
59 28
61 89
62 23
65 26
67 13
67 75
71 68
72 3
72 99
74 37
75 87
76 80
78 4
78 72
79 61
80 43
81 32
81 71
81 90
83 5
83 77
85 41
86 52
92 84
