# 40 backbone trees, 85 mutations
backbone tree 0, llh: -17393.766282
-1 42
0 59
0 87
3 83
5 18
7 73
7 78
8 29
9 4
10 12
10 21
11 16
11 72
13 44
13 85
14 13
16 51
17 88
18 24
18 66
19 84
20 52
21 15
22 8
22 37
25 90
26 32
27 11
27 31
28 46
29 23
31 55
32 25
33 86
34 28
34 49
35 36
36 5
36 92
38 45
38 48
42 26
42 41
42 43
42 75
44 82
46 65
46 80
47 34
47 38
51 33
51 53
51 74
52 62
52 93
53 19
53 70
55 63
58 0
59 57
59 77
64 3
65 39
67 35
67 96
68 20
69 47
70 69
72 50
72 89
75 9
75 58
75 81
77 79
78 27
79 7
80 68
82 91
84 14
84 17
85 10
89 64
91 67
93 22
96 94
backbone tree 1, llh: -17393.766225
-1 42
0 59
0 87
3 83
5 18
7 73
7 78
8 29
9 4
10 12
10 21
11 16
11 72
13 44
13 85
14 13
16 51
17 88
18 24
18 66
19 84
20 52
21 15
22 8
22 37
25 90
26 32
27 11
27 31
28 46
29 23
31 55
32 25
33 86
34 28
34 49
35 36
36 5
36 92
38 45
38 48
42 26
42 41
42 43
42 75
44 82
46 65
46 80
47 34
47 38
51 33
51 53
51 74
52 62
52 93
53 19
53 70
55 63
58 0
59 77
64 3
65 39
66 57
67 35
67 96
68 20
69 47
70 69
72 50
72 89
75 9
75 58
75 81
77 79
78 27
79 7
80 68
82 91
84 14
84 17
85 10
89 64
91 67
93 22
96 94
backbone tree 2, llh: -17393.762955
-1 42
0 59
0 87
3 83
5 18
7 73
7 78
8 29
9 4
10 12
10 21
11 16
11 72
13 44
13 85
14 13
16 51
17 88
18 24
18 66
19 84
20 52
21 15
22 8
22 37
25 90
26 32
26 63
27 11
27 31
28 46
29 23
31 55
32 25
33 86
34 28
34 49
35 36
36 5
36 92
38 45
38 48
42 26
42 43
42 75
44 82
46 65
46 80
47 34
47 38
51 33
51 53
51 74
52 62
52 93
53 19
53 70
58 0
59 57
59 77
64 3
65 39
67 35
67 96
68 20
69 47
70 69
72 50
72 89
75 9
75 58
75 81
77 79
78 27
79 7
80 68
82 91
84 14
84 17
85 10
89 64
91 67
92 41
93 22
96 94
backbone tree 3, llh: -17393.763044
-1 42
0 59
0 87
3 83
5 18
7 73
7 78
8 29
9 4
10 12
10 21
11 16
11 72
13 44
13 85
14 13
16 51
17 88
18 24
18 66
19 84
20 52
21 15
22 8
22 37
25 90
26 32
26 63
27 11
27 31
28 46
29 23
31 55
32 25
33 86
34 28
34 49
35 36
36 5
36 92
38 45
38 48
42 26
42 43
42 75
44 82
46 65
46 80
47 34
47 38
51 33
51 53
51 74
52 62
52 93
53 19
53 70
58 0
59 77
64 3
65 39
66 57
67 35
67 96
68 20
69 47
70 69
72 50
72 89
75 9
75 58
75 81
77 79
78 27
79 7
80 68
82 91
84 14
84 17
85 10
89 64
91 67
92 41
93 22
96 94
backbone tree 4, llh: -17393.692998
-1 42
0 59
0 87
3 83
5 18
7 73
7 78
8 29
9 4
10 12
10 21
11 16
11 72
13 44
13 85
14 13
16 51
17 88
18 24
18 66
19 84
20 52
21 15
22 8
22 37
25 90
26 32
27 11
27 31
28 46
29 23
31 55
32 25
33 86
34 28
34 49
35 36
36 5
36 92
38 45
38 48
42 26
42 43
42 75
44 82
46 65
46 80
47 34
47 38
51 33
51 53
51 74
52 62
52 93
53 19
53 70
55 63
58 0
59 57
59 77
64 3
65 39
67 35
67 96
68 20
69 47
70 69
72 50
72 89
75 9
75 58
75 81
77 79
78 27
79 7
80 68
82 91
84 14
84 17
85 10
89 64
91 67
92 41
93 22
96 94
backbone tree 5, llh: -17393.766389
-1 42
0 59
3 83
5 18
7 73
7 78
8 29
9 4
10 12
10 21
11 16
11 72
13 44
13 85
14 13
16 51
17 88
18 24
18 66
19 84
20 52
21 15
22 8
22 37
25 90
26 32
27 11
27 31
28 46
29 23
31 55
32 25
33 86
34 28
34 49
34 87
35 36
36 5
36 92
38 45
38 48
42 26
42 43
42 75
44 82
46 65
46 80
47 34
47 38
51 33
51 53
51 74
52 62
52 93
53 19
53 70
55 63
58 0
59 57
59 77
64 3
65 39
67 35
67 96
68 20
69 47
70 69
72 50
72 89
75 9
75 58
75 81
77 79
78 27
79 7
80 68
82 91
84 14
84 17
85 10
89 64
91 67
92 41
93 22
96 94
backbone tree 6, llh: -17393.785664
-1 42
0 59
3 83
5 18
7 73
7 78
8 29
9 4
10 12
10 21
11 16
11 72
13 44
13 85
14 13
16 51
17 88
18 24
18 66
19 84
20 52
21 15
22 8
22 37
25 90
26 32
27 11
27 31
28 46
29 23
31 55
32 25
33 86
34 28
34 49
35 36
36 5
36 92
38 45
38 48
42 26
42 43
42 75
44 82
46 65
46 80
47 34
47 38
51 33
51 53
51 74
52 62
52 93
53 19
53 70
55 63
58 0
59 57
59 77
59 87
64 3
65 39
67 35
67 96
68 20
69 47
70 69
72 50
72 89
75 9
75 58
75 81
77 79
78 27
79 7
80 68
82 91
84 14
84 17
85 10
89 64
91 67
92 41
93 22
96 94
backbone tree 7, llh: -17393.693113
-1 42
0 59
0 87
3 83
5 18
7 73
7 78
8 29
9 4
10 12
10 21
11 16
11 72
13 44
13 85
14 13
16 51
17 88
18 24
18 66
19 84
20 52
21 15
22 8
22 37
25 90
26 32
27 11
27 31
28 46
29 23
31 55
32 25
33 86
34 28
34 49
35 36
36 5
36 92
38 45
38 48
42 26
42 43
42 75
44 82
46 65
46 80
47 34
47 38
51 33
51 53
51 74
52 62
52 93
53 19
53 70
55 63
58 0
59 77
64 3
65 39
66 57
67 35
67 96
68 20
69 47
70 69
72 50
72 89
75 9
75 58
75 81
77 79
78 27
79 7
80 68
82 91
84 14
84 17
85 10
89 64
91 67
92 41
93 22
96 94
backbone tree 8, llh: -17393.766534
-1 42
0 59
3 83
5 18
7 73
7 78
8 29
9 4
10 12
10 21
11 16
11 72
13 44
13 85
14 13
16 51
17 88
18 24
18 66
19 84
20 52
21 15
22 8
22 37
25 90
26 32
27 11
27 31
28 46
29 23
31 55
32 25
33 86
34 28
34 49
34 87
35 36
36 5
36 92
38 45
38 48
42 26
42 43
42 75
44 82
46 65
46 80
47 34
47 38
51 33
51 53
51 74
52 62
52 93
53 19
53 70
55 63
58 0
59 77
64 3
65 39
66 57
67 35
67 96
68 20
69 47
70 69
72 50
72 89
75 9
75 58
75 81
77 79
78 27
79 7
80 68
82 91
84 14
84 17
85 10
89 64
91 67
92 41
93 22
96 94
backbone tree 9, llh: -17393.784826
-1 42
0 59
3 83
5 18
7 73
7 78
8 29
9 4
10 12
10 21
11 16
11 72
13 44
13 85
14 13
16 51
17 88
18 24
18 66
19 84
20 52
21 15
22 8
22 37
25 90
26 32
27 11
27 31
28 46
29 23
31 55
32 25
33 86
34 28
34 49
35 36
36 5
36 92
38 45
38 48
42 26
42 43
42 75
44 82
46 65
46 80
47 34
47 38
51 33
51 53
51 74
52 62
52 93
53 19
53 70
55 63
58 0
59 77
59 87
64 3
65 39
66 57
67 35
67 96
68 20
69 47
70 69
72 50
72 89
75 9
75 58
75 81
77 79
78 27
79 7
80 68
82 91
84 14
84 17
85 10
89 64
91 67
92 41
93 22
96 94
backbone tree 10, llh: -17393.757454
-1 42
0 59
0 87
3 83
5 18
7 73
7 78
8 29
9 4
10 12
10 21
11 16
11 72
13 44
13 85
14 13
16 51
17 88
18 24
18 66
19 84
20 52
21 15
22 8
22 37
26 32
27 11
27 31
28 46
29 23
31 55
32 25
33 86
34 28
34 49
35 36
36 5
36 92
38 45
38 48
42 26
42 41
42 43
42 75
44 82
46 65
46 80
47 34
47 38
51 33
51 53
51 74
52 62
52 93
53 19
53 70
55 63
58 0
59 57
59 77
64 3
65 39
67 35
67 96
68 20
69 47
70 69
72 50
72 89
73 90
75 9
75 58
75 81
77 79
78 27
79 7
80 68
82 91
84 14
84 17
85 10
89 64
91 67
93 22
96 94
backbone tree 11, llh: -17393.757397
-1 42
0 59
0 87
3 83
5 18
7 73
7 78
8 29
9 4
10 12
10 21
11 16
11 72
13 44
13 85
14 13
16 51
17 88
18 24
18 66
19 84
20 52
21 15
22 8
22 37
26 32
27 11
27 31
28 46
29 23
31 55
32 25
33 86
34 28
34 49
35 36
36 5
36 92
38 45
38 48
42 26
42 41
42 43
42 75
44 82
46 65
46 80
47 34
47 38
51 33
51 53
51 74
52 62
52 93
53 19
53 70
55 63
58 0
59 77
64 3
65 39
66 57
67 35
67 96
68 20
69 47
70 69
72 50
72 89
73 90
75 9
75 58
75 81
77 79
78 27
79 7
80 68
82 91
84 14
84 17
85 10
89 64
91 67
93 22
96 94
backbone tree 12, llh: -17393.754179
-1 42
0 59
0 87
3 83
5 18
7 73
7 78
8 29
9 4
10 12
10 21
11 16
11 72
13 44
13 85
14 13
16 51
17 88
18 24
18 66
19 84
20 52
21 15
22 8
22 37
26 32
26 63
27 11
27 31
28 46
29 23
31 55
32 25
33 86
34 28
34 49
35 36
36 5
36 92
38 45
38 48
42 26
42 43
42 75
44 82
46 65
46 80
47 34
47 38
51 33
51 53
51 74
52 62
52 93
53 19
53 70
58 0
59 57
59 77
64 3
65 39
67 35
67 96
68 20
69 47
70 69
72 50
72 89
73 90
75 9
75 58
75 81
77 79
78 27
79 7
80 68
82 91
84 14
84 17
85 10
89 64
91 67
92 41
93 22
96 94
backbone tree 13, llh: -17393.754267
-1 42
0 59
0 87
3 83
5 18
7 73
7 78
8 29
9 4
10 12
10 21
11 16
11 72
13 44
13 85
14 13
16 51
17 88
18 24
18 66
19 84
20 52
21 15
22 8
22 37
26 32
26 63
27 11
27 31
28 46
29 23
31 55
32 25
33 86
34 28
34 49
35 36
36 5
36 92
38 45
38 48
42 26
42 43
42 75
44 82
46 65
46 80
47 34
47 38
51 33
51 53
51 74
52 62
52 93
53 19
53 70
58 0
59 77
64 3
65 39
66 57
67 35
67 96
68 20
69 47
70 69
72 50
72 89
73 90
75 9
75 58
75 81
77 79
78 27
79 7
80 68
82 91
84 14
84 17
85 10
89 64
91 67
92 41
93 22
96 94
backbone tree 14, llh: -17393.684170
-1 42
0 59
0 87
3 83
5 18
7 73
7 78
8 29
9 4
10 12
10 21
11 16
11 72
13 44
13 85
14 13
16 51
17 88
18 24
18 66
19 84
20 52
21 15
22 8
22 37
26 32
27 11
27 31
28 46
29 23
31 55
32 25
33 86
34 28
34 49
35 36
36 5
36 92
38 45
38 48
42 26
42 43
42 75
44 82
46 65
46 80
47 34
47 38
51 33
51 53
51 74
52 62
52 93
53 19
53 70
55 63
58 0
59 57
59 77
64 3
65 39
67 35
67 96
68 20
69 47
70 69
72 50
72 89
73 90
75 9
75 58
75 81
77 79
78 27
79 7
80 68
82 91
84 14
84 17
85 10
89 64
91 67
92 41
93 22
96 94
backbone tree 15, llh: -17393.757560
-1 42
0 59
3 83
5 18
7 73
7 78
8 29
9 4
10 12
10 21
11 16
11 72
13 44
13 85
14 13
16 51
17 88
18 24
18 66
19 84
20 52
21 15
22 8
22 37
26 32
27 11
27 31
28 46
29 23
31 55
32 25
33 86
34 28
34 49
34 87
35 36
36 5
36 92
38 45
38 48
42 26
42 43
42 75
44 82
46 65
46 80
47 34
47 38
51 33
51 53
51 74
52 62
52 93
53 19
53 70
55 63
58 0
59 57
59 77
64 3
65 39
67 35
67 96
68 20
69 47
70 69
72 50
72 89
73 90
75 9
75 58
75 81
77 79
78 27
79 7
80 68
82 91
84 14
84 17
85 10
89 64
91 67
92 41
93 22
96 94
backbone tree 16, llh: -17393.776835
-1 42
0 59
3 83
5 18
7 73
7 78
8 29
9 4
10 12
10 21
11 16
11 72
13 44
13 85
14 13
16 51
17 88
18 24
18 66
19 84
20 52
21 15
22 8
22 37
26 32
27 11
27 31
28 46
29 23
31 55
32 25
33 86
34 28
34 49
35 36
36 5
36 92
38 45
38 48
42 26
42 43
42 75
44 82
46 65
46 80
47 34
47 38
51 33
51 53
51 74
52 62
52 93
53 19
53 70
55 63
58 0
59 57
59 77
59 87
64 3
65 39
67 35
67 96
68 20
69 47
70 69
72 50
72 89
73 90
75 9
75 58
75 81
77 79
78 27
79 7
80 68
82 91
84 14
84 17
85 10
89 64
91 67
92 41
93 22
96 94
backbone tree 17, llh: -17393.684285
-1 42
0 59
0 87
3 83
5 18
7 73
7 78
8 29
9 4
10 12
10 21
11 16
11 72
13 44
13 85
14 13
16 51
17 88
18 24
18 66
19 84
20 52
21 15
22 8
22 37
26 32
27 11
27 31
28 46
29 23
31 55
32 25
33 86
34 28
34 49
35 36
36 5
36 92
38 45
38 48
42 26
42 43
42 75
44 82
46 65
46 80
47 34
47 38
51 33
51 53
51 74
52 62
52 93
53 19
53 70
55 63
58 0
59 77
64 3
65 39
66 57
67 35
67 96
68 20
69 47
70 69
72 50
72 89
73 90
75 9
75 58
75 81
77 79
78 27
79 7
80 68
82 91
84 14
84 17
85 10
89 64
91 67
92 41
93 22
96 94
backbone tree 18, llh: -17393.757705
-1 42
0 59
3 83
5 18
7 73
7 78
8 29
9 4
10 12
10 21
11 16
11 72
13 44
13 85
14 13
16 51
17 88
18 24
18 66
19 84
20 52
21 15
22 8
22 37
26 32
27 11
27 31
28 46
29 23
31 55
32 25
33 86
34 28
34 49
34 87
35 36
36 5
36 92
38 45
38 48
42 26
42 43
42 75
44 82
46 65
46 80
47 34
47 38
51 33
51 53
51 74
52 62
52 93
53 19
53 70
55 63
58 0
59 77
64 3
65 39
66 57
67 35
67 96
68 20
69 47
70 69
72 50
72 89
73 90
75 9
75 58
75 81
77 79
78 27
79 7
80 68
82 91
84 14
84 17
85 10
89 64
91 67
92 41
93 22
96 94
backbone tree 19, llh: -17393.775998
-1 42
0 59
3 83
5 18
7 73
7 78
8 29
9 4
10 12
10 21
11 16
11 72
13 44
13 85
14 13
16 51
17 88
18 24
18 66
19 84
20 52
21 15
22 8
22 37
26 32
27 11
27 31
28 46
29 23
31 55
32 25
33 86
34 28
34 49
35 36
36 5
36 92
38 45
38 48
42 26
42 43
42 75
44 82
46 65
46 80
47 34
47 38
51 33
51 53
51 74
52 62
52 93
53 19
53 70
55 63
58 0
59 77
59 87
64 3
65 39
66 57
67 35
67 96
68 20
69 47
70 69
72 50
72 89
73 90
75 9
75 58
75 81
77 79
78 27
79 7
80 68
82 91
84 14
84 17
85 10
89 64
91 67
92 41
93 22
96 94
backbone tree 20, llh: -17393.755628
-1 42
0 59
0 87
3 83
5 18
7 73
7 78
8 29
9 4
10 12
10 21
11 16
11 72
13 44
13 85
14 13
16 51
18 24
18 66
19 84
20 52
21 15
22 8
22 37
25 90
26 32
27 11
27 31
28 46
29 23
31 55
32 25
33 86
34 28
34 49
35 36
36 5
36 92
38 45
38 48
42 26
42 43
42 75
44 82
46 65
46 80
47 34
47 38
51 33
51 53
51 74
52 62
52 93
53 19
53 70
55 63
55 88
58 0
59 57
59 77
64 3
65 39
67 35
67 96
68 20
69 47
70 69
72 50
72 89
75 9
75 58
75 81
77 79
78 27
79 7
80 68
82 91
84 14
84 17
85 10
89 64
91 67
92 41
93 22
96 94
backbone tree 21, llh: -17393.755668
-1 42
0 59
0 87
3 83
5 18
7 73
7 78
8 29
9 4
10 12
10 21
11 16
11 72
13 44
13 85
14 13
16 51
18 24
18 66
19 84
20 52
21 15
22 8
22 37
25 90
26 32
27 11
27 31
28 46
29 23
31 55
32 25
33 86
34 28
34 49
35 36
36 5
36 92
38 45
38 48
42 26
42 43
42 75
44 82
46 65
46 80
47 34
47 38
51 33
51 53
51 74
52 62
52 93
53 19
53 70
55 63
55 88
58 0
59 77
64 3
65 39
66 57
67 35
67 96
68 20
69 47
70 69
72 50
72 89
75 9
75 58
75 81
77 79
78 27
79 7
80 68
82 91
84 14
84 17
85 10
89 64
91 67
92 41
93 22
96 94
backbone tree 22, llh: -17393.746716
-1 42
0 59
0 87
3 83
5 18
7 73
7 78
8 29
9 4
10 12
10 21
11 16
11 72
13 44
13 85
14 13
16 51
18 24
18 66
19 84
20 52
21 15
22 8
22 37
26 32
27 11
27 31
28 46
29 23
31 55
32 25
33 86
34 28
34 49
35 36
36 5
36 92
38 45
38 48
42 26
42 43
42 75
44 82
46 65
46 80
47 34
47 38
51 33
51 53
51 74
52 62
52 93
53 19
53 70
55 63
55 88
58 0
59 57
59 77
64 3
65 39
67 35
67 96
68 20
69 47
70 69
72 50
72 89
73 90
75 9
75 58
75 81
77 79
78 27
79 7
80 68
82 91
84 14
84 17
85 10
89 64
91 67
92 41
93 22
96 94
backbone tree 23, llh: -17393.746756
-1 42
0 59
0 87
3 83
5 18
7 73
7 78
8 29
9 4
10 12
10 21
11 16
11 72
13 44
13 85
14 13
16 51
18 24
18 66
19 84
20 52
21 15
22 8
22 37
26 32
27 11
27 31
28 46
29 23
31 55
32 25
33 86
34 28
34 49
35 36
36 5
36 92
38 45
38 48
42 26
42 43
42 75
44 82
46 65
46 80
47 34
47 38
51 33
51 53
51 74
52 62
52 93
53 19
53 70
55 63
55 88
58 0
59 77
64 3
65 39
66 57
67 35
67 96
68 20
69 47
70 69
72 50
72 89
73 90
75 9
75 58
75 81
77 79
78 27
79 7
80 68
82 91
84 14
84 17
85 10
89 64
91 67
92 41
93 22
96 94
backbone tree 24, llh: -17393.728176
-1 42
0 59
0 87
3 83
5 18
7 73
7 78
8 29
9 4
10 21
11 16
11 72
13 44
13 85
14 13
16 51
17 88
18 24
18 66
19 84
20 52
21 15
22 8
22 37
25 90
26 32
27 11
27 31
28 46
29 23
31 55
32 25
33 86
34 28
34 49
35 36
36 5
36 92
38 45
38 48
42 26
42 43
42 75
44 82
46 65
46 80
47 34
47 38
48 12
51 33
51 53
51 74
52 62
52 93
53 19
53 70
55 63
58 0
59 57
59 77
64 3
65 39
67 35
67 96
68 20
69 47
70 69
72 50
72 89
75 9
75 58
75 81
77 79
78 27
79 7
80 68
82 91
84 14
84 17
85 10
89 64
91 67
92 41
93 22
96 94
backbone tree 25, llh: -17393.728245
-1 42
0 59
0 87
3 83
5 18
7 73
7 78
8 29
9 4
10 21
11 16
11 72
13 44
13 85
14 13
16 51
17 88
18 24
18 66
19 84
20 52
21 15
22 8
22 37
25 90
26 32
27 11
27 31
28 46
29 23
31 55
32 25
33 86
34 28
34 49
35 36
36 5
36 92
38 45
38 48
42 26
42 43
42 75
44 82
46 65
46 80
47 34
47 38
48 12
51 33
51 53
51 74
52 62
52 93
53 19
53 70
55 63
58 0
59 77
64 3
65 39
66 57
67 35
67 96
68 20
69 47
70 69
72 50
72 89
75 9
75 58
75 81
77 79
78 27
79 7
80 68
82 91
84 14
84 17
85 10
89 64
91 67
92 41
93 22
96 94
backbone tree 26, llh: -17393.789356
-1 42
0 59
0 87
3 83
5 18
7 73
7 78
8 29
9 4
10 21
11 16
11 72
13 44
13 85
14 13
16 51
17 88
18 24
18 66
19 84
20 52
21 15
22 8
22 37
26 32
26 63
27 11
27 31
28 46
29 23
31 55
32 25
33 86
34 28
34 49
35 36
36 5
36 92
38 45
38 48
42 26
42 43
42 75
44 82
46 65
46 80
47 34
47 38
48 12
51 33
51 53
51 74
52 62
52 93
53 19
53 70
58 0
59 57
59 77
64 3
65 39
67 35
67 96
68 20
69 47
70 69
72 50
72 89
73 90
75 9
75 58
75 81
77 79
78 27
79 7
80 68
82 91
84 14
84 17
85 10
89 64
91 67
92 41
93 22
96 94
backbone tree 27, llh: -17393.789399
-1 42
0 59
0 87
3 83
5 18
7 73
7 78
8 29
9 4
10 21
11 16
11 72
13 44
13 85
14 13
16 51
17 88
18 24
18 66
19 84
20 52
21 15
22 8
22 37
26 32
26 63
27 11
27 31
28 46
29 23
31 55
32 25
33 86
34 28
34 49
35 36
36 5
36 92
38 45
38 48
42 26
42 43
42 75
44 82
46 65
46 80
47 34
47 38
48 12
51 33
51 53
51 74
52 62
52 93
53 19
53 70
58 0
59 77
64 3
65 39
66 57
67 35
67 96
68 20
69 47
70 69
72 50
72 89
73 90
75 9
75 58
75 81
77 79
78 27
79 7
80 68
82 91
84 14
84 17
85 10
89 64
91 67
92 41
93 22
96 94
backbone tree 28, llh: -17393.719347
-1 42
0 59
0 87
3 83
5 18
7 73
7 78
8 29
9 4
10 21
11 16
11 72
13 44
13 85
14 13
16 51
17 88
18 24
18 66
19 84
20 52
21 15
22 8
22 37
26 32
27 11
27 31
28 46
29 23
31 55
32 25
33 86
34 28
34 49
35 36
36 5
36 92
38 45
38 48
42 26
42 43
42 75
44 82
46 65
46 80
47 34
47 38
48 12
51 33
51 53
51 74
52 62
52 93
53 19
53 70
55 63
58 0
59 57
59 77
64 3
65 39
67 35
67 96
68 20
69 47
70 69
72 50
72 89
73 90
75 9
75 58
75 81
77 79
78 27
79 7
80 68
82 91
84 14
84 17
85 10
89 64
91 67
92 41
93 22
96 94
backbone tree 29, llh: -17393.719416
-1 42
0 59
0 87
3 83
5 18
7 73
7 78
8 29
9 4
10 21
11 16
11 72
13 44
13 85
14 13
16 51
17 88
18 24
18 66
19 84
20 52
21 15
22 8
22 37
26 32
27 11
27 31
28 46
29 23
31 55
32 25
33 86
34 28
34 49
35 36
36 5
36 92
38 45
38 48
42 26
42 43
42 75
44 82
46 65
46 80
47 34
47 38
48 12
51 33
51 53
51 74
52 62
52 93
53 19
53 70
55 63
58 0
59 77
64 3
65 39
66 57
67 35
67 96
68 20
69 47
70 69
72 50
72 89
73 90
75 9
75 58
75 81
77 79
78 27
79 7
80 68
82 91
84 14
84 17
85 10
89 64
91 67
92 41
93 22
96 94
backbone tree 30, llh: -17393.781847
-1 42
0 59
0 87
3 83
5 18
7 73
7 78
8 29
9 4
10 21
11 16
11 72
13 44
13 85
14 13
16 51
18 24
18 66
19 84
20 52
21 15
22 8
22 37
26 32
27 11
27 31
28 46
29 23
31 55
32 25
33 86
34 28
34 49
35 36
36 5
36 92
38 45
38 48
42 26
42 43
42 75
44 82
46 65
46 80
47 34
47 38
48 12
51 33
51 53
51 74
52 62
52 93
53 19
53 70
55 63
55 88
58 0
59 57
59 77
64 3
65 39
67 35
67 96
68 20
69 47
70 69
72 50
72 89
73 90
75 9
75 58
75 81
77 79
78 27
79 7
80 68
82 91
84 14
84 17
85 10
89 64
91 67
92 41
93 22
96 94
backbone tree 31, llh: -17393.781888
-1 42
0 59
0 87
3 83
5 18
7 73
7 78
8 29
9 4
10 21
11 16
11 72
13 44
13 85
14 13
16 51
18 24
18 66
19 84
20 52
21 15
22 8
22 37
26 32
27 11
27 31
28 46
29 23
31 55
32 25
33 86
34 28
34 49
35 36
36 5
36 92
38 45
38 48
42 26
42 43
42 75
44 82
46 65
46 80
47 34
47 38
48 12
51 33
51 53
51 74
52 62
52 93
53 19
53 70
55 63
55 88
58 0
59 77
64 3
65 39
66 57
67 35
67 96
68 20
69 47
70 69
72 50
72 89
73 90
75 9
75 58
75 81
77 79
78 27
79 7
80 68
82 91
84 14
84 17
85 10
89 64
91 67
92 41
93 22
96 94
backbone tree 32, llh: -17393.737330
-1 42
0 59
0 87
3 83
5 18
7 73
7 78
8 29
9 4
10 21
11 16
11 72
13 44
13 85
14 13
16 51
17 88
18 24
18 66
19 84
20 52
21 15
22 8
22 37
25 90
26 32
27 11
27 31
28 46
29 23
31 55
32 25
33 86
34 28
34 49
35 36
36 5
36 92
38 45
38 48
42 26
42 43
42 75
44 82
46 65
46 80
47 34
47 38
50 12
51 33
51 53
51 74
52 62
52 93
53 19
53 70
55 63
58 0
59 57
59 77
64 3
65 39
67 35
67 96
68 20
69 47
70 69
72 50
72 89
75 9
75 58
75 81
77 79
78 27
79 7
80 68
82 91
84 14
84 17
85 10
89 64
91 67
92 41
93 22
96 94
backbone tree 33, llh: -17393.737545
-1 42
0 59
0 87
3 83
5 18
7 73
7 78
8 29
9 4
10 21
11 16
11 72
13 44
13 85
14 13
16 51
17 88
18 24
18 66
19 84
20 52
21 15
22 8
22 37
25 90
26 32
27 11
27 31
28 46
29 23
31 55
32 25
33 86
34 28
34 49
35 36
36 5
36 92
38 45
38 48
42 26
42 43
42 75
44 82
46 65
46 80
47 34
47 38
50 12
51 33
51 53
51 74
52 62
52 93
53 19
53 70
55 63
58 0
59 77
64 3
65 39
66 57
67 35
67 96
68 20
69 47
70 69
72 50
72 89
75 9
75 58
75 81
77 79
78 27
79 7
80 68
82 91
84 14
84 17
85 10
89 64
91 67
92 41
93 22
96 94
backbone tree 34, llh: -17393.728501
-1 42
0 59
0 87
3 83
5 18
7 73
7 78
8 29
9 4
10 21
11 16
11 72
13 44
13 85
14 13
16 51
17 88
18 24
18 66
19 84
20 52
21 15
22 8
22 37
26 32
27 11
27 31
28 46
29 23
31 55
32 25
33 86
34 28
34 49
35 36
36 5
36 92
38 45
38 48
42 26
42 43
42 75
44 82
46 65
46 80
47 34
47 38
50 12
51 33
51 53
51 74
52 62
52 93
53 19
53 70
55 63
58 0
59 57
59 77
64 3
65 39
67 35
67 96
68 20
69 47
70 69
72 50
72 89
73 90
75 9
75 58
75 81
77 79
78 27
79 7
80 68
82 91
84 14
84 17
85 10
89 64
91 67
92 41
93 22
96 94
backbone tree 35, llh: -17393.728717
-1 42
0 59
0 87
3 83
5 18
7 73
7 78
8 29
9 4
10 21
11 16
11 72
13 44
13 85
14 13
16 51
17 88
18 24
18 66
19 84
20 52
21 15
22 8
22 37
26 32
27 11
27 31
28 46
29 23
31 55
32 25
33 86
34 28
34 49
35 36
36 5
36 92
38 45
38 48
42 26
42 43
42 75
44 82
46 65
46 80
47 34
47 38
50 12
51 33
51 53
51 74
52 62
52 93
53 19
53 70
55 63
58 0
59 77
64 3
65 39
66 57
67 35
67 96
68 20
69 47
70 69
72 50
72 89
73 90
75 9
75 58
75 81
77 79
78 27
79 7
80 68
82 91
84 14
84 17
85 10
89 64
91 67
92 41
93 22
96 94
backbone tree 36, llh: -17393.767189
-1 42
0 59
0 87
5 18
7 73
7 78
8 29
9 4
10 12
10 21
11 16
11 72
13 44
13 85
14 13
16 51
17 88
18 24
18 66
19 84
20 52
21 15
22 8
22 37
25 90
26 32
27 11
27 31
28 46
29 23
31 55
32 25
33 86
34 28
34 49
35 36
36 5
36 92
38 45
38 48
42 26
42 43
42 75
44 82
46 65
46 80
47 34
47 38
51 33
51 53
51 74
52 62
52 93
53 19
53 70
55 63
58 0
59 57
59 77
64 3
65 39
67 35
67 96
68 20
69 47
70 69
72 50
72 89
73 83
75 9
75 58
75 81
77 79
78 27
79 7
80 68
82 91
84 14
84 17
85 10
89 64
91 67
92 41
93 22
96 94
backbone tree 37, llh: -17393.767360
-1 42
0 59
0 87
5 18
7 73
7 78
8 29
9 4
10 12
10 21
11 16
11 72
13 44
13 85
14 13
16 51
17 88
18 24
18 66
19 84
20 52
21 15
22 8
22 37
25 90
26 32
27 11
27 31
28 46
29 23
31 55
32 25
33 86
34 28
34 49
35 36
36 5
36 92
38 45
38 48
42 26
42 43
42 75
44 82
46 65
46 80
47 34
47 38
51 33
51 53
51 74
52 62
52 93
53 19
53 70
55 63
58 0
59 77
64 3
65 39
66 57
67 35
67 96
68 20
69 47
70 69
72 50
72 89
73 83
75 9
75 58
75 81
77 79
78 27
79 7
80 68
82 91
84 14
84 17
85 10
89 64
91 67
92 41
93 22
96 94
backbone tree 38, llh: -17393.758728
-1 42
0 59
0 87
5 18
7 73
7 78
8 29
9 4
10 12
10 21
11 16
11 72
13 44
13 85
14 13
16 51
17 88
18 24
18 66
19 84
20 52
21 15
22 8
22 37
26 32
27 11
27 31
28 46
29 23
31 55
32 25
33 86
34 28
34 49
35 36
36 5
36 92
38 45
38 48
42 26
42 43
42 75
44 82
46 65
46 80
47 34
47 38
51 33
51 53
51 74
52 62
52 93
53 19
53 70
55 63
58 0
59 57
59 77
64 3
65 39
67 35
67 96
68 20
69 47
70 69
72 50
72 89
73 83
73 90
75 9
75 58
75 81
77 79
78 27
79 7
80 68
82 91
84 14
84 17
85 10
89 64
91 67
92 41
93 22
96 94
backbone tree 39, llh: -17393.758899
-1 42
0 59
0 87
5 18
7 73
7 78
8 29
9 4
10 12
10 21
11 16
11 72
13 44
13 85
14 13
16 51
17 88
18 24
18 66
19 84
20 52
21 15
22 8
22 37
26 32
27 11
27 31
28 46
29 23
31 55
32 25
33 86
34 28
34 49
35 36
36 5
36 92
38 45
38 48
42 26
42 43
42 75
44 82
46 65
46 80
47 34
47 38
51 33
51 53
51 74
52 62
52 93
53 19
53 70
55 63
58 0
59 77
64 3
65 39
66 57
67 35
67 96
68 20
69 47
70 69
72 50
72 89
73 83
73 90
75 9
75 58
75 81
77 79
78 27
79 7
80 68
82 91
84 14
84 17
85 10
89 64
91 67
92 41
93 22
96 94
