# 4 backbone trees, 47 mutations
backbone tree 0, llh: -11664.871229
-1 0
0 28
0 38
2 53
4 90
7 41
18 51
22 34
23 93
26 68
28 4
28 60
28 70
29 22
32 15
32 23
32 77
33 76
34 45
34 50
40 29
42 81
45 75
46 66
49 7
51 62
53 63
54 73
56 83
60 26
62 42
63 79
64 88
69 46
69 64
70 87
73 33
76 56
79 40
81 84
83 96
84 54
87 18
88 2
90 32
93 69
96 49
backbone tree 1, llh: -11664.915603
-1 0
0 28
0 38
2 53
4 90
7 41
18 51
22 34
23 93
28 4
28 60
28 70
29 22
32 15
32 23
32 77
33 76
34 45
34 50
40 29
42 81
45 75
46 66
49 7
51 62
53 63
54 73
56 83
60 26
62 42
63 79
64 88
69 46
69 64
70 68
70 87
73 33
76 56
79 40
81 84
83 96
84 54
87 18
88 2
90 32
93 69
96 49
backbone tree 2, llh: -11664.834486
-1 0
0 28
0 38
2 53
4 90
7 41
18 51
22 34
23 93
26 68
28 4
28 60
28 70
29 22
32 15
32 23
32 77
33 76
34 45
34 50
40 29
42 81
46 66
49 7
51 62
53 63
54 73
56 83
60 26
62 42
62 75
63 79
64 88
69 46
69 64
70 87
73 33
76 56
79 40
81 84
83 96
84 54
87 18
88 2
90 32
93 69
96 49
backbone tree 3, llh: -11664.933386
-1 0
0 28
0 38
2 53
4 90
7 41
18 51
22 34
23 93
28 4
28 60
28 70
29 22
32 15
32 23
32 77
33 76
34 45
34 50
40 29
42 81
46 66
49 7
51 62
53 63
54 73
56 83
60 26
62 42
62 75
63 79
64 88
69 46
69 64
70 68
70 87
73 33
76 56
79 40
81 84
83 96
84 54
87 18
88 2
90 32
93 69
96 49
