# 18 backbone trees, 56 mutations
backbone tree 0, llh: -8359.242122
-1 0
0 20
0 58
0 96
6 73
13 4
18 42
18 43
20 56
20 80
27 62
28 29
28 52
30 2
30 45
32 30
34 59
34 70
35 89
37 53
42 15
42 25
43 68
45 63
51 97
52 49
53 34
53 35
53 79
54 28
54 55
55 6
55 60
56 75
56 88
57 18
58 37
58 69
59 33
67 87
68 32
70 57
70 92
74 3
74 51
75 13
75 82
79 27
79 50
80 91
82 74
84 54
87 84
91 67
96 47
96 86
backbone tree 1, llh: -8359.205978
-1 0
0 20
0 58
0 96
6 73
18 42
18 43
20 56
20 80
27 62
28 29
28 52
30 2
30 45
32 30
33 4
34 59
34 70
35 89
37 53
42 15
42 25
43 68
45 63
51 97
52 49
53 34
53 35
53 79
54 28
54 55
55 6
55 60
56 75
56 88
57 18
58 37
58 69
59 33
67 87
68 32
70 57
70 92
74 3
74 51
75 13
75 82
79 27
79 50
80 91
82 74
84 54
87 84
91 67
96 47
96 86
backbone tree 2, llh: -8359.211967
-1 0
0 20
0 58
0 96
6 73
18 42
18 43
20 56
20 80
27 62
28 52
30 2
30 45
32 30
33 4
34 59
34 70
35 89
37 53
42 15
42 25
43 68
45 63
51 97
52 49
53 34
53 35
53 79
54 28
54 55
55 6
55 60
56 75
56 88
57 18
58 37
58 69
59 33
67 29
67 87
68 32
70 57
70 92
74 3
74 51
75 13
75 82
79 27
79 50
80 91
82 74
84 54
87 84
91 67
96 47
96 86
backbone tree 3, llh: -8359.222232
-1 0
0 20
0 58
0 96
6 73
18 42
18 43
20 56
20 80
27 62
28 52
30 2
30 45
32 30
33 4
34 59
34 70
35 89
37 53
42 15
42 25
43 68
45 63
51 97
52 49
53 34
53 35
53 79
54 28
54 55
55 6
55 60
56 75
56 88
57 18
58 37
58 69
59 33
67 87
68 32
70 57
70 92
74 3
74 51
75 13
75 82
79 27
79 50
80 91
82 74
84 54
87 29
87 84
91 67
96 47
96 86
backbone tree 4, llh: -8359.208679
-1 0
0 20
0 58
0 96
6 73
13 4
18 42
18 43
20 56
20 80
27 29
27 62
28 52
30 2
30 45
32 30
34 59
34 70
37 53
42 15
42 25
43 68
45 63
51 97
52 49
53 34
53 35
53 79
54 28
54 55
55 6
55 60
56 75
56 88
57 18
58 37
58 69
59 33
67 87
68 32
70 57
70 92
74 3
74 51
75 13
75 82
79 27
79 50
80 91
82 74
84 54
87 84
91 67
91 89
96 47
96 86
backbone tree 5, llh: -8359.178836
-1 0
0 20
0 58
0 96
6 73
13 4
18 42
18 43
20 56
20 80
27 62
28 29
28 52
30 2
30 45
32 30
34 59
34 70
37 53
42 15
42 25
43 68
45 63
51 97
52 49
53 34
53 35
53 79
54 28
54 55
55 6
55 60
56 75
56 88
57 18
58 37
58 69
59 33
67 87
68 32
70 57
70 92
74 3
74 51
75 13
75 82
79 27
79 50
80 91
82 74
84 54
87 84
91 67
91 89
96 47
96 86
backbone tree 6, llh: -8359.229375
-1 0
0 20
0 58
0 96
6 73
13 4
18 42
18 43
20 56
20 80
27 62
28 52
30 2
30 45
32 30
34 59
34 70
37 53
42 15
42 25
43 68
45 63
51 97
52 49
53 34
53 35
53 79
54 28
54 55
55 6
55 60
56 75
56 88
57 18
58 37
58 69
59 33
67 29
67 87
68 32
70 57
70 92
74 3
74 51
75 13
75 82
79 27
79 50
80 91
82 74
84 54
87 84
91 67
91 89
96 47
96 86
backbone tree 7, llh: -8359.217856
-1 0
0 20
0 58
0 96
6 73
13 4
18 42
18 43
20 56
20 80
27 62
28 52
30 2
30 45
32 30
34 59
34 70
37 53
42 15
42 25
43 68
45 63
51 97
52 49
53 34
53 35
53 79
54 28
54 55
55 6
55 60
56 75
56 88
57 18
58 37
58 69
59 33
67 87
68 32
70 57
70 92
74 3
74 51
75 13
75 82
79 27
79 50
80 91
82 74
84 54
87 29
87 84
91 67
91 89
96 47
96 86
backbone tree 8, llh: -8359.167233
-1 0
0 20
0 58
0 96
6 73
18 42
18 43
20 56
20 80
27 29
27 62
28 52
30 2
30 45
32 30
33 4
34 59
34 70
37 53
42 15
42 25
43 68
45 63
51 97
52 49
53 34
53 35
53 79
54 28
54 55
55 6
55 60
56 75
56 88
57 18
58 37
58 69
59 33
67 87
68 32
70 57
70 92
74 3
74 51
75 13
75 82
79 27
79 50
80 91
82 74
84 54
87 84
91 67
91 89
96 47
96 86
backbone tree 9, llh: -8359.137309
-1 0
0 20
0 58
0 96
6 73
18 42
18 43
20 56
20 80
27 62
28 29
28 52
30 2
30 45
32 30
33 4
34 59
34 70
37 53
42 15
42 25
43 68
45 63
51 97
52 49
53 34
53 35
53 79
54 28
54 55
55 6
55 60
56 75
56 88
57 18
58 37
58 69
59 33
67 87
68 32
70 57
70 92
74 3
74 51
75 13
75 82
79 27
79 50
80 91
82 74
84 54
87 84
91 67
91 89
96 47
96 86
backbone tree 10, llh: -8359.187849
-1 0
0 20
0 58
0 96
6 73
18 42
18 43
20 56
20 80
27 62
28 52
30 2
30 45
32 30
33 4
34 59
34 70
37 53
42 15
42 25
43 68
45 63
51 97
52 49
53 34
53 35
53 79
54 28
54 55
55 6
55 60
56 75
56 88
57 18
58 37
58 69
59 33
67 29
67 87
68 32
70 57
70 92
74 3
74 51
75 13
75 82
79 27
79 50
80 91
82 74
84 54
87 84
91 67
91 89
96 47
96 86
backbone tree 11, llh: -8359.240309
-1 0
0 20
0 58
0 96
6 73
18 42
18 43
20 56
20 80
27 62
28 52
30 2
30 45
32 30
33 4
34 59
34 70
37 53
42 15
42 25
43 68
45 63
51 97
52 49
53 34
53 35
53 79
54 28
54 55
55 6
55 60
56 75
56 88
57 18
58 37
58 69
59 33
67 87
68 32
70 57
70 92
74 3
74 51
75 13
75 82
79 27
79 50
80 91
82 74
84 29
84 54
87 84
91 67
91 89
96 47
96 86
backbone tree 12, llh: -8359.176329
-1 0
0 20
0 58
0 96
6 73
18 42
18 43
20 56
20 80
27 62
28 52
30 2
30 45
32 30
33 4
34 59
34 70
37 53
42 15
42 25
43 68
45 63
51 97
52 49
53 34
53 35
53 79
54 28
54 55
55 6
55 60
56 75
56 88
57 18
58 37
58 69
59 33
67 87
68 32
70 57
70 92
74 3
74 51
75 13
75 82
79 27
79 50
80 91
82 74
84 54
87 29
87 84
91 67
91 89
96 47
96 86
backbone tree 13, llh: -8359.225130
-1 0
0 20
0 58
0 96
6 73
13 4
18 42
18 43
20 56
20 80
27 62
28 29
28 52
30 2
30 45
32 30
34 59
34 70
37 53
42 15
42 25
43 68
45 63
51 97
52 49
53 34
53 35
53 79
54 28
54 55
55 6
55 60
56 75
57 18
58 37
58 69
59 33
60 88
67 87
68 32
70 57
70 92
74 3
74 51
75 13
75 82
79 27
79 50
80 91
82 74
84 54
87 84
91 67
91 89
96 47
96 86
backbone tree 14, llh: -8359.213605
-1 0
0 20
0 58
0 96
6 73
18 42
18 43
20 56
20 80
27 29
27 62
28 52
30 2
30 45
32 30
33 4
34 59
34 70
37 53
42 15
42 25
43 68
45 63
51 97
52 49
53 34
53 35
53 79
54 28
54 55
55 6
55 60
56 75
57 18
58 37
58 69
59 33
60 88
67 87
68 32
70 57
70 92
74 3
74 51
75 13
75 82
79 27
79 50
80 91
82 74
84 54
87 84
91 67
91 89
96 47
96 86
backbone tree 15, llh: -8359.183591
-1 0
0 20
0 58
0 96
6 73
18 42
18 43
20 56
20 80
27 62
28 29
28 52
30 2
30 45
32 30
33 4
34 59
34 70
37 53
42 15
42 25
43 68
45 63
51 97
52 49
53 34
53 35
53 79
54 28
54 55
55 6
55 60
56 75
57 18
58 37
58 69
59 33
60 88
67 87
68 32
70 57
70 92
74 3
74 51
75 13
75 82
79 27
79 50
80 91
82 74
84 54
87 84
91 67
91 89
96 47
96 86
backbone tree 16, llh: -8359.234139
-1 0
0 20
0 58
0 96
6 73
18 42
18 43
20 56
20 80
27 62
28 52
30 2
30 45
32 30
33 4
34 59
34 70
37 53
42 15
42 25
43 68
45 63
51 97
52 49
53 34
53 35
53 79
54 28
54 55
55 6
55 60
56 75
57 18
58 37
58 69
59 33
60 88
67 29
67 87
68 32
70 57
70 92
74 3
74 51
75 13
75 82
79 27
79 50
80 91
82 74
84 54
87 84
91 67
91 89
96 47
96 86
backbone tree 17, llh: -8359.222598
-1 0
0 20
0 58
0 96
6 73
18 42
18 43
20 56
20 80
27 62
28 52
30 2
30 45
32 30
33 4
34 59
34 70
37 53
42 15
42 25
43 68
45 63
51 97
52 49
53 34
53 35
53 79
54 28
54 55
55 6
55 60
56 75
57 18
58 37
58 69
59 33
60 88
67 87
68 32
70 57
70 92
74 3
74 51
75 13
75 82
79 27
79 50
80 91
82 74
84 54
87 29
87 84
91 67
91 89
96 47
96 86
