# 10 backbone trees, 65 mutations
backbone tree 0, llh: -9534.858281
-1 0
0 33
0 56
0 58
0 61
0 76
0 82
1 40
4 37
4 53
4 88
14 29
16 5
16 19
19 91
22 25
22 36
24 92
29 30
29 75
29 86
33 87
34 16
36 46
40 93
42 24
42 34
46 18
48 81
50 4
50 41
50 60
52 11
56 74
58 9
58 52
59 54
61 62
63 59
64 66
64 72
66 32
71 15
71 80
71 96
72 1
72 65
74 14
74 23
74 38
74 42
75 71
76 98
80 44
81 12
81 64
82 73
91 48
91 89
92 26
93 7
96 22
96 50
96 63
96 77
backbone tree 1, llh: -9534.847342
-1 0
0 33
0 56
0 58
0 61
0 76
0 82
1 25
1 40
4 37
4 88
14 29
16 5
16 19
19 91
22 23
22 36
24 92
29 30
29 75
29 86
33 87
34 16
36 46
40 93
42 24
42 34
46 18
48 81
50 4
50 41
50 60
52 11
56 74
58 9
58 52
59 54
61 62
63 59
64 66
64 72
66 32
71 15
71 80
71 96
72 1
72 65
74 14
74 38
74 42
74 53
75 71
76 98
80 44
81 12
81 64
82 73
91 48
91 89
92 26
93 7
96 22
96 50
96 63
96 77
backbone tree 2, llh: -9534.862285
-1 0
0 33
0 56
0 58
0 61
0 76
0 82
1 40
4 37
4 88
14 29
16 5
16 19
19 91
22 25
22 36
24 92
29 30
29 75
29 86
33 87
34 16
36 46
40 93
42 24
42 34
46 18
48 81
50 4
50 41
50 60
52 11
56 74
58 9
58 23
58 52
59 54
61 62
63 59
64 66
64 72
66 32
71 15
71 80
71 96
72 1
72 65
74 14
74 38
74 42
74 53
75 71
76 98
80 44
81 12
81 64
82 73
91 48
91 89
92 26
93 7
96 22
96 50
96 63
96 77
backbone tree 3, llh: -9534.867761
-1 0
0 33
0 56
0 58
0 61
0 76
0 82
1 40
4 37
4 88
14 29
16 5
16 19
19 91
22 25
22 36
24 92
29 30
29 75
29 86
33 87
34 16
36 46
40 93
42 24
42 34
46 18
48 81
50 4
50 41
50 60
52 11
56 74
58 9
58 52
59 54
61 62
63 59
64 66
64 72
66 32
71 15
71 80
71 96
72 1
72 65
74 14
74 23
74 38
74 42
74 53
75 71
76 98
80 44
81 12
81 64
82 73
91 48
91 89
92 26
93 7
96 22
96 50
96 63
96 77
backbone tree 4, llh: -9534.806965
-1 0
0 33
0 56
0 58
0 61
0 76
0 82
1 40
4 37
4 88
14 29
16 5
16 19
19 91
22 23
22 36
24 92
29 30
29 75
29 86
33 87
34 16
36 46
40 93
42 24
42 34
46 18
48 81
50 4
50 25
50 60
52 11
56 74
58 9
58 52
59 54
61 62
63 59
64 66
64 72
66 32
71 15
71 80
71 89
71 96
72 1
72 41
72 65
74 14
74 38
74 42
74 53
75 71
76 98
80 44
81 12
81 64
82 73
91 48
92 26
93 7
96 22
96 50
96 63
96 77
backbone tree 5, llh: -9534.771539
-1 0
0 33
0 56
0 58
0 61
0 76
0 82
1 40
4 37
4 88
14 29
16 5
16 19
19 91
22 23
22 36
24 92
29 30
29 75
29 86
33 87
34 16
36 46
40 93
42 24
42 34
46 18
48 81
50 4
50 25
50 60
52 11
56 74
58 9
58 52
59 54
61 62
63 59
64 66
64 72
66 32
71 15
71 80
71 96
72 1
72 41
72 65
74 14
74 38
74 42
74 53
75 71
76 98
80 44
81 12
81 64
82 73
91 48
91 89
92 26
93 7
96 22
96 50
96 63
96 77
backbone tree 6, llh: -9534.802561
-1 0
0 33
0 56
0 58
0 61
0 76
0 82
1 40
4 37
4 88
14 29
16 5
16 19
19 91
22 23
22 36
24 92
29 30
29 75
29 86
33 87
34 16
36 46
40 93
42 24
42 34
46 18
48 81
50 4
50 25
50 41
52 11
56 74
58 9
58 52
59 54
61 62
63 59
64 66
64 72
66 32
71 15
71 80
71 89
71 96
72 1
72 65
74 14
74 38
74 42
74 53
75 71
76 98
80 44
81 12
81 64
82 73
87 60
91 48
92 26
93 7
96 22
96 50
96 63
96 77
backbone tree 7, llh: -9534.767115
-1 0
0 33
0 56
0 58
0 61
0 76
0 82
1 40
4 37
4 88
14 29
16 5
16 19
19 91
22 23
22 36
24 92
29 30
29 75
29 86
33 87
34 16
36 46
40 93
42 24
42 34
46 18
48 81
50 4
50 25
50 41
52 11
56 74
58 9
58 52
59 54
61 62
63 59
64 66
64 72
66 32
71 15
71 80
71 96
72 1
72 65
74 14
74 38
74 42
74 53
75 71
76 98
80 44
81 12
81 64
82 73
87 60
91 48
91 89
92 26
93 7
96 22
96 50
96 63
96 77
backbone tree 8, llh: -9534.845986
-1 0
0 33
0 56
0 58
0 61
0 76
0 82
1 40
4 37
4 88
14 29
16 5
16 19
19 91
22 25
22 36
24 92
29 30
29 75
29 86
33 87
34 16
36 46
40 93
42 24
42 34
46 18
48 81
50 4
50 41
50 60
52 11
56 74
58 9
58 52
59 54
61 62
63 59
64 66
64 72
66 32
71 15
71 80
71 96
72 1
72 65
74 14
74 23
74 38
74 42
75 53
75 71
76 98
80 44
81 12
81 64
82 73
91 48
91 89
92 26
93 7
96 22
96 50
96 63
96 77
backbone tree 9, llh: -9534.869948
-1 0
0 33
0 56
0 58
0 61
0 76
0 82
1 40
4 37
4 88
14 29
16 19
16 23
19 91
22 25
22 36
24 92
29 30
29 75
29 86
33 87
34 16
36 46
40 93
42 24
42 34
46 18
48 81
50 4
50 41
50 60
52 5
52 11
56 74
58 9
58 52
59 54
61 62
63 59
64 66
64 72
66 32
71 15
71 80
71 96
72 1
72 65
74 14
74 38
74 42
74 53
75 71
76 98
80 44
81 12
81 64
82 73
91 48
91 89
92 26
93 7
96 22
96 50
96 63
96 77
