# 4 backbone trees, 43 mutations
backbone tree 0, llh: -12371.667911
-1 92
0 46
0 89
5 2
5 6
6 87
7 54
9 45
9 86
11 75
15 67
16 78
19 66
19 91
20 55
24 13
24 20
28 5
32 73
37 48
38 32
39 7
46 11
46 39
54 95
55 16
66 28
66 93
67 0
71 47
73 71
75 19
78 9
82 37
86 38
86 72
87 24
87 90
92 15
92 59
92 60
93 68
95 82
backbone tree 1, llh: -12371.643257
-1 92
0 46
5 2
5 6
6 87
7 54
9 45
9 86
11 75
15 67
16 78
19 66
19 91
20 55
24 13
24 20
28 5
32 73
37 48
38 32
39 7
46 11
46 39
47 89
54 95
55 16
66 28
66 93
67 0
71 47
73 71
75 19
78 9
82 37
86 38
86 72
87 24
87 90
92 15
92 59
92 60
93 68
95 82
backbone tree 2, llh: -12371.643298
-1 92
0 46
0 89
5 2
5 6
6 87
7 54
9 45
9 86
11 75
13 90
15 67
16 78
19 66
19 91
20 55
24 20
28 5
32 73
37 48
38 32
39 7
46 11
46 39
54 95
55 16
66 28
66 93
67 0
71 47
73 71
75 19
78 9
82 37
86 38
86 72
87 13
87 24
92 15
92 59
92 60
93 68
95 82
backbone tree 3, llh: -12371.625878
-1 92
0 46
5 2
5 6
6 87
7 54
9 45
9 86
11 75
13 90
15 67
16 78
19 66
19 91
20 55
24 20
28 5
32 73
37 48
38 32
39 7
46 11
46 39
47 89
54 95
55 16
66 28
66 93
67 0
71 47
73 71
75 19
78 9
82 37
86 38
86 72
87 13
87 24
92 15
92 59
92 60
93 68
95 82
