# 16 backbone trees, 65 mutations
backbone tree 0, llh: -10072.998120
-1 0
0 44
0 63
0 74
2 50
4 29
4 84
9 19
9 70
10 48
10 87
11 55
19 28
19 64
19 90
21 9
25 12
25 88
26 99
28 71
29 23
31 83
32 7
32 91
34 66
35 10
35 60
35 81
41 5
41 53
41 92
44 77
45 26
45 80
46 11
46 30
48 45
48 93
49 40
51 57
52 67
55 49
56 17
60 56
63 35
65 25
67 32
69 46
70 34
70 39
70 65
71 69
74 52
83 51
83 82
84 85
85 58
87 21
87 41
88 4
88 68
90 62
91 31
92 2
92 54
backbone tree 1, llh: -10072.965327
-1 0
0 44
0 63
0 74
4 29
4 84
9 19
9 70
10 48
10 87
11 55
19 28
19 64
19 90
21 9
25 12
25 88
26 99
28 71
29 23
31 83
32 7
32 91
34 66
35 10
35 60
35 81
41 5
41 53
41 92
44 77
45 26
45 80
46 11
46 30
48 45
48 93
49 40
51 57
52 67
53 50
55 49
56 17
60 56
63 35
65 25
67 32
69 46
70 34
70 39
70 65
71 69
74 52
83 51
83 82
84 85
85 58
87 21
87 41
88 4
88 68
90 62
91 31
92 2
92 54
backbone tree 2, llh: -10072.987707
-1 0
0 44
0 63
0 74
4 29
4 84
9 19
9 70
10 48
10 87
11 55
19 28
19 64
19 90
21 9
25 12
25 88
26 99
28 71
29 23
31 83
32 7
32 91
34 66
35 10
35 60
35 81
41 5
41 53
41 92
44 77
45 26
45 80
46 11
46 30
48 45
48 93
49 40
51 57
52 67
55 49
56 17
58 50
60 56
63 35
65 25
67 32
69 46
70 34
70 39
70 65
71 69
74 52
83 51
83 82
84 85
85 58
87 21
87 41
88 4
88 68
90 62
91 31
92 2
92 54
backbone tree 3, llh: -10072.920998
-1 0
0 44
0 63
0 74
2 50
4 29
4 84
9 19
9 70
10 48
10 87
11 55
19 28
19 64
19 90
21 9
25 12
25 88
28 71
29 23
31 83
32 7
32 91
34 66
35 10
35 60
35 81
41 5
41 53
41 92
44 77
45 26
45 68
45 80
46 11
46 30
48 45
48 93
49 40
51 57
52 67
53 99
55 49
56 17
60 56
63 35
65 25
67 32
69 46
70 34
70 39
70 65
71 69
74 52
83 51
83 82
84 85
85 58
87 21
87 41
88 4
90 62
91 31
92 2
92 54
backbone tree 4, llh: -10072.962485
-1 0
0 44
0 63
0 74
4 29
4 84
9 19
9 70
10 48
10 87
11 55
19 28
19 64
19 90
21 9
25 12
25 88
28 71
29 23
31 83
32 7
32 91
34 66
35 10
35 60
35 81
40 50
41 5
41 53
41 92
44 77
45 26
45 68
45 80
46 11
46 30
48 45
48 93
49 40
51 57
52 67
53 99
55 49
56 17
60 56
63 35
65 25
67 32
69 46
70 34
70 39
70 65
71 69
74 52
83 51
83 82
84 85
85 58
87 21
87 41
88 4
90 62
91 31
92 2
92 54
backbone tree 5, llh: -10072.909594
-1 0
0 44
0 63
0 74
4 29
4 84
9 19
9 70
10 48
10 87
11 55
19 28
19 64
19 90
21 9
25 12
25 88
28 71
29 23
31 83
32 7
32 91
34 66
35 10
35 60
35 81
41 5
41 53
41 92
44 77
45 26
45 68
45 80
46 11
46 30
48 45
48 93
49 40
51 57
52 67
53 99
55 49
56 17
58 50
60 56
63 35
65 25
67 32
69 46
70 34
70 39
70 65
71 69
74 52
83 51
83 82
84 85
85 58
87 21
87 41
88 4
90 62
91 31
92 2
92 54
backbone tree 6, llh: -10072.966261
-1 0
0 44
0 63
0 74
2 50
4 29
4 84
9 19
9 70
10 48
10 87
11 55
19 28
19 64
19 90
21 9
25 12
25 88
28 71
29 23
31 83
32 7
32 91
34 66
35 10
35 60
35 81
41 5
41 53
41 92
44 77
45 26
45 80
46 11
46 30
48 45
48 68
48 93
49 40
51 57
52 67
53 99
55 49
56 17
60 56
63 35
65 25
67 32
69 46
70 34
70 39
70 65
71 69
74 52
83 51
83 82
84 85
85 58
87 21
87 41
88 4
90 62
91 31
92 2
92 54
backbone tree 7, llh: -10073.007749
-1 0
0 44
0 63
0 74
4 29
4 84
9 19
9 70
10 48
10 87
11 55
19 28
19 64
19 90
21 9
25 12
25 88
28 71
29 23
31 83
32 7
32 91
34 66
35 10
35 60
35 81
40 50
41 5
41 53
41 92
44 77
45 26
45 80
46 11
46 30
48 45
48 68
48 93
49 40
51 57
52 67
53 99
55 49
56 17
60 56
63 35
65 25
67 32
69 46
70 34
70 39
70 65
71 69
74 52
83 51
83 82
84 85
85 58
87 21
87 41
88 4
90 62
91 31
92 2
92 54
backbone tree 8, llh: -10072.954858
-1 0
0 44
0 63
0 74
4 29
4 84
9 19
9 70
10 48
10 87
11 55
19 28
19 64
19 90
21 9
25 12
25 88
28 71
29 23
31 83
32 7
32 91
34 66
35 10
35 60
35 81
41 5
41 53
41 92
44 77
45 26
45 80
46 11
46 30
48 45
48 68
48 93
49 40
51 57
52 67
53 99
55 49
56 17
58 50
60 56
63 35
65 25
67 32
69 46
70 34
70 39
70 65
71 69
74 52
83 51
83 82
84 85
85 58
87 21
87 41
88 4
90 62
91 31
92 2
92 54
backbone tree 9, llh: -10072.919709
-1 0
0 44
0 63
0 74
2 50
4 29
4 84
9 19
9 70
10 48
10 87
11 55
19 28
19 64
19 90
21 9
25 12
25 88
28 71
29 23
31 83
32 7
32 91
34 66
35 10
35 60
35 81
41 5
41 53
41 92
44 77
45 26
45 80
46 11
46 30
48 45
48 93
49 40
51 57
52 67
53 99
55 49
56 17
60 56
63 35
65 25
67 32
69 46
70 34
70 39
70 65
71 69
74 52
83 51
83 82
84 85
85 58
87 21
87 41
88 4
88 68
90 62
91 31
92 2
92 54
backbone tree 10, llh: -10072.961366
-1 0
0 44
0 63
0 74
4 29
4 84
9 19
9 70
10 48
10 87
11 55
19 28
19 64
19 90
21 9
25 12
25 88
28 71
29 23
31 83
32 7
32 91
34 66
35 10
35 60
35 81
40 50
41 5
41 53
41 92
44 77
45 26
45 80
46 11
46 30
48 45
48 93
49 40
51 57
52 67
53 99
55 49
56 17
60 56
63 35
65 25
67 32
69 46
70 34
70 39
70 65
71 69
74 52
83 51
83 82
84 85
85 58
87 21
87 41
88 4
88 68
90 62
91 31
92 2
92 54
backbone tree 11, llh: -10072.908475
-1 0
0 44
0 63
0 74
4 29
4 84
9 19
9 70
10 48
10 87
11 55
19 28
19 64
19 90
21 9
25 12
25 88
28 71
29 23
31 83
32 7
32 91
34 66
35 10
35 60
35 81
41 5
41 53
41 92
44 77
45 26
45 80
46 11
46 30
48 45
48 93
49 40
51 57
52 67
53 99
55 49
56 17
58 50
60 56
63 35
65 25
67 32
69 46
70 34
70 39
70 65
71 69
74 52
83 51
83 82
84 85
85 58
87 21
87 41
88 4
88 68
90 62
91 31
92 2
92 54
backbone tree 12, llh: -10073.003891
-1 0
0 44
0 63
0 74
2 50
4 29
4 84
9 19
9 70
10 48
10 87
11 55
19 28
19 90
21 9
25 12
25 88
28 71
29 23
31 83
32 7
32 91
34 66
35 10
35 60
35 81
41 5
41 53
41 92
44 77
45 26
45 68
45 80
46 11
46 30
48 45
48 93
49 40
51 57
51 64
52 67
53 99
55 49
56 17
60 56
63 35
65 25
67 32
69 46
70 34
70 39
70 65
71 69
74 52
83 51
83 82
84 85
85 58
87 21
87 41
88 4
90 62
91 31
92 2
92 54
backbone tree 13, llh: -10072.993542
-1 0
0 44
0 63
0 74
4 29
4 84
9 19
9 70
10 48
10 87
11 55
19 28
19 90
21 9
25 12
25 88
28 71
29 23
31 83
32 7
32 91
34 66
35 10
35 60
35 81
41 5
41 53
41 92
44 77
45 26
45 68
45 80
46 11
46 30
48 45
48 93
49 40
51 57
51 64
52 67
53 99
55 49
56 17
58 50
60 56
63 35
65 25
67 32
69 46
70 34
70 39
70 65
71 69
74 52
83 51
83 82
84 85
85 58
87 21
87 41
88 4
90 62
91 31
92 2
92 54
backbone tree 14, llh: -10073.000231
-1 0
0 44
0 63
0 74
2 50
4 29
4 84
9 19
9 70
10 48
10 87
11 55
19 28
19 90
21 9
25 12
25 88
28 71
29 23
31 83
32 7
32 91
34 66
35 10
35 60
35 81
41 5
41 53
41 92
44 77
45 26
45 80
46 11
46 30
48 45
48 93
49 40
51 57
51 64
52 67
53 99
55 49
56 17
60 56
63 35
65 25
67 32
69 46
70 34
70 39
70 65
71 69
74 52
83 51
83 82
84 85
85 58
87 21
87 41
88 4
88 68
90 62
91 31
92 2
92 54
backbone tree 15, llh: -10072.989903
-1 0
0 44
0 63
0 74
4 29
4 84
9 19
9 70
10 48
10 87
11 55
19 28
19 90
21 9
25 12
25 88
28 71
29 23
31 83
32 7
32 91
34 66
35 10
35 60
35 81
41 5
41 53
41 92
44 77
45 26
45 80
46 11
46 30
48 45
48 93
49 40
51 57
51 64
52 67
53 99
55 49
56 17
58 50
60 56
63 35
65 25
67 32
69 46
70 34
70 39
70 65
71 69
74 52
83 51
83 82
84 85
85 58
87 21
87 41
88 4
88 68
90 62
91 31
92 2
92 54
