# 5 backbone trees, 59 mutations
backbone tree 0, llh: -11402.362941
-1 0
0 24
0 47
0 71
0 87
1 84
2 96
4 27
4 34
7 57
7 77
9 38
9 67
12 16
12 42
12 69
14 53
14 91
16 58
18 30
19 14
20 31
20 48
21 4
21 73
23 7
24 25
30 64
31 55
33 18
34 85
39 41
47 75
50 83
53 44
56 2
57 33
58 93
61 1
61 72
64 6
64 56
67 10
67 19
67 20
67 21
67 78
68 35
73 92
75 12
76 9
83 8
83 68
92 23
92 39
92 89
93 50
93 61
93 76
backbone tree 1, llh: -11402.421189
-1 0
0 24
0 47
0 71
0 87
1 84
2 96
4 27
4 34
7 57
9 38
9 67
12 16
12 42
12 69
14 53
14 91
16 58
18 30
19 14
20 31
20 48
21 4
21 73
23 7
24 25
27 77
30 64
31 55
33 18
34 85
39 41
47 75
50 83
53 44
56 2
57 33
58 93
61 1
61 72
64 6
64 56
67 10
67 19
67 20
67 21
67 78
68 35
73 92
75 12
76 9
83 8
83 68
92 23
92 39
92 89
93 50
93 61
93 76
backbone tree 2, llh: -11402.430181
-1 0
0 24
0 47
0 71
0 87
1 84
2 96
4 27
4 34
7 57
7 77
9 67
12 16
12 42
12 69
14 53
14 91
16 38
16 58
18 30
19 14
20 31
20 48
21 4
21 73
23 7
24 25
30 64
31 55
33 18
34 85
39 41
47 75
50 83
53 44
56 2
57 33
58 93
61 1
61 72
64 6
64 56
67 10
67 19
67 20
67 21
67 78
68 35
73 92
75 12
76 9
83 8
83 68
92 23
92 39
92 89
93 50
93 61
93 76
backbone tree 3, llh: -11402.424197
-1 0
0 24
0 47
0 71
0 87
1 84
2 96
4 27
4 34
7 57
7 77
9 67
12 16
12 42
12 69
14 53
14 91
16 58
18 30
19 14
20 31
20 48
21 4
21 73
23 7
24 25
30 64
31 55
33 18
34 85
39 41
47 75
50 83
53 44
56 2
57 33
58 93
61 1
61 72
64 6
64 56
67 10
67 19
67 20
67 21
67 78
68 35
73 92
75 12
76 9
83 8
83 38
83 68
92 23
92 39
92 89
93 50
93 61
93 76
backbone tree 4, llh: -11402.438516
-1 0
0 24
0 47
0 71
0 87
1 84
2 96
4 27
4 34
7 57
7 77
9 38
9 67
12 16
12 42
12 69
14 53
16 58
18 30
19 14
20 31
20 48
21 4
21 73
23 7
24 25
30 64
31 55
33 18
34 85
39 41
47 75
50 83
53 44
56 2
57 33
58 93
61 1
61 72
64 6
64 56
67 10
67 19
67 20
67 21
67 78
68 35
72 91
73 92
75 12
76 9
83 8
83 68
92 23
92 39
92 89
93 50
93 61
93 76
