# 4 backbone trees, 45 mutations
backbone tree 0, llh: -8823.700821
-1 55
0 9
0 53
3 40
4 54
8 31
9 8
9 49
17 78
21 38
23 36
28 57
30 46
31 70
33 44
36 89
37 58
40 82
50 28
53 33
53 62
53 73
53 91
54 75
55 0
56 71
57 76
59 17
59 72
62 32
62 68
68 50
68 59
70 4
71 23
72 87
73 30
73 37
73 66
75 95
78 3
82 56
87 22
91 21
95 48
backbone tree 1, llh: -8823.694037
-1 55
0 9
0 53
3 40
4 54
8 31
9 8
9 49
17 78
21 38
23 36
28 57
30 46
31 70
33 44
37 58
40 82
50 28
53 33
53 62
53 73
53 91
54 75
55 0
56 71
57 76
59 17
59 72
62 32
62 68
68 50
68 59
70 4
70 89
71 23
72 87
73 30
73 37
73 66
75 95
78 3
82 56
87 22
91 21
95 48
backbone tree 2, llh: -8823.612065
-1 55
0 9
0 53
3 40
4 54
8 31
9 8
9 49
17 78
21 38
23 36
28 57
30 46
31 70
33 44
37 58
40 82
50 28
53 33
53 62
53 73
53 91
54 75
55 0
56 71
57 76
59 17
59 72
62 32
62 68
68 50
68 59
70 4
71 23
71 89
72 87
73 30
73 37
73 66
75 95
78 3
82 56
87 22
91 21
95 48
backbone tree 3, llh: -8823.684247
-1 55
0 9
0 53
3 40
4 54
8 31
9 8
17 78
21 38
23 36
28 57
30 46
31 70
33 44
37 58
40 82
50 28
53 33
53 62
53 73
53 91
54 75
55 0
56 71
57 76
59 17
59 72
62 32
62 68
68 50
68 59
70 4
71 23
71 89
72 49
72 87
73 30
73 37
73 66
75 95
78 3
82 56
87 22
91 21
95 48
