# 4 backbone trees, 19 mutations
backbone tree 0, llh: -5940.260479
-1 0
0 1
0 3
3 2
3 6
4 8
6 9
7 13
7 14
7 16
8 7
8 11
9 4
12 17
15 18
15 19
16 5
16 12
16 15
backbone tree 1, llh: -5940.184798
-1 0
0 1
0 3
3 2
3 6
4 8
6 9
7 13
7 14
7 16
8 7
8 11
9 4
14 17
15 18
15 19
16 5
16 12
16 15
backbone tree 2, llh: -5940.270649
-1 0
0 3
0 18
3 2
3 6
4 8
6 9
7 1
7 13
7 14
7 16
8 7
8 11
9 4
14 17
15 19
16 5
16 12
16 15
backbone tree 3, llh: -5940.226903
-1 0
0 3
3 2
3 6
4 8
6 9
7 1
7 13
7 14
7 16
8 7
8 11
9 4
14 17
15 18
15 19
16 5
16 12
16 15
