# 12 backbone trees, 43 mutations
backbone tree 0, llh: -8373.490435
-1 0
0 23
0 37
0 40
1 8
3 7
4 9
4 10
4 33
6 20
6 38
10 11
11 29
12 35
12 43
13 18
15 48
16 22
17 41
18 12
18 34
20 16
22 13
22 24
25 2
25 27
27 45
29 31
30 36
30 44
32 4
32 17
33 15
33 25
33 30
34 28
35 5
40 3
40 32
45 46
46 1
46 6
46 42
backbone tree 1, llh: -8373.432033
-1 0
0 23
0 40
1 8
3 7
4 9
4 10
4 33
6 20
6 38
10 11
11 29
12 35
12 43
13 18
15 48
16 22
17 41
18 12
18 34
20 16
22 13
22 24
25 2
25 27
27 45
29 31
30 36
30 44
32 4
32 17
32 37
33 15
33 25
33 30
34 28
35 5
40 3
40 32
45 46
46 1
46 6
46 42
backbone tree 2, llh: -8373.430277
-1 0
0 23
0 40
1 8
3 7
4 9
4 10
4 33
6 20
6 38
10 11
11 29
12 35
12 43
13 18
15 48
16 22
17 41
18 12
18 34
20 16
22 13
22 24
25 2
25 27
27 45
29 31
30 36
30 44
32 4
32 17
33 15
33 25
33 30
33 37
34 28
35 5
40 3
40 32
45 46
46 1
46 6
46 42
backbone tree 3, llh: -8373.398262
-1 0
0 23
0 40
1 8
3 7
4 9
4 10
4 33
6 20
6 38
10 11
11 29
12 35
12 43
13 18
15 48
16 22
17 41
18 12
18 34
20 16
22 13
22 24
25 2
25 27
27 45
29 31
30 36
30 44
32 4
32 17
33 15
33 25
33 30
34 28
35 5
35 37
40 3
40 32
45 46
46 1
46 6
46 42
backbone tree 4, llh: -8373.482705
-1 0
0 23
0 40
3 7
4 9
4 10
4 33
5 8
6 20
6 38
10 11
11 29
12 35
12 43
13 18
15 48
16 22
17 41
18 12
18 34
20 16
22 13
22 24
25 2
25 27
27 45
29 31
30 36
30 44
32 4
32 17
32 37
33 15
33 25
33 30
34 28
35 5
40 3
40 32
45 46
46 1
46 6
46 42
backbone tree 5, llh: -8373.480948
-1 0
0 23
0 40
3 7
4 9
4 10
4 33
5 8
6 20
6 38
10 11
11 29
12 35
12 43
13 18
15 48
16 22
17 41
18 12
18 34
20 16
22 13
22 24
25 2
25 27
27 45
29 31
30 36
30 44
32 4
32 17
33 15
33 25
33 30
33 37
34 28
35 5
40 3
40 32
45 46
46 1
46 6
46 42
backbone tree 6, llh: -8373.448933
-1 0
0 23
0 40
3 7
4 9
4 10
4 33
5 8
6 20
6 38
10 11
11 29
12 35
12 43
13 18
15 48
16 22
17 41
18 12
18 34
20 16
22 13
22 24
25 2
25 27
27 45
29 31
30 36
30 44
32 4
32 17
33 15
33 25
33 30
34 28
35 5
35 37
40 3
40 32
45 46
46 1
46 6
46 42
backbone tree 7, llh: -8373.486564
-1 0
0 23
0 40
3 7
4 9
4 10
4 33
6 20
6 38
10 11
11 29
12 35
12 43
13 18
15 8
15 48
16 22
17 41
18 12
18 34
20 16
22 13
22 24
25 2
25 27
27 45
29 31
30 36
30 44
32 4
32 17
33 15
33 25
33 30
34 28
35 5
35 37
40 3
40 32
45 46
46 1
46 6
46 42
backbone tree 8, llh: -8373.499384
-1 0
0 37
0 40
1 8
3 7
4 9
4 10
4 33
6 20
6 38
10 11
11 29
12 35
12 43
13 18
15 48
16 22
17 41
18 12
18 34
20 16
22 13
22 24
25 2
25 27
27 45
29 31
30 36
30 44
32 4
32 17
32 23
33 15
33 25
33 30
34 28
35 5
40 3
40 32
45 46
46 1
46 6
46 42
backbone tree 9, llh: -8373.490423
-1 0
0 40
1 8
3 7
4 9
4 10
4 33
6 20
6 38
10 11
11 29
12 35
12 43
13 18
15 48
16 22
17 41
18 12
18 34
20 16
22 13
22 24
25 2
25 27
27 45
29 31
30 36
30 44
32 4
32 17
32 23
33 15
33 25
33 30
33 37
34 28
35 5
40 3
40 32
45 46
46 1
46 6
46 42
backbone tree 10, llh: -8373.458343
-1 0
0 40
1 8
3 7
4 9
4 10
4 33
6 20
6 38
10 11
11 29
12 35
12 43
13 18
15 48
16 22
17 41
18 12
18 34
20 16
22 13
22 24
25 2
25 27
27 45
29 31
30 36
30 44
32 4
32 17
32 23
33 15
33 25
33 30
34 28
35 5
35 37
40 3
40 32
45 46
46 1
46 6
46 42
backbone tree 11, llh: -8373.466705
-1 0
0 23
0 40
1 8
3 7
4 9
4 10
4 33
6 20
10 11
11 29
12 35
12 43
13 18
15 48
16 22
17 41
18 12
18 34
20 16
22 13
22 24
25 2
25 27
27 45
29 31
30 36
30 44
32 4
32 17
32 38
33 15
33 25
33 30
34 28
35 5
35 37
40 3
40 32
45 46
46 1
46 6
46 42
