# 7 backbone trees, 41 mutations
backbone tree 0, llh: -8966.235872
-1 15
0 29
0 30
2 11
2 44
4 9
5 10
5 37
7 42
9 36
9 45
10 32
12 47
15 0
16 23
17 2
17 19
19 5
19 21
21 31
22 3
22 27
27 46
28 7
28 17
28 22
29 39
33 8
33 16
33 20
33 28
33 43
34 25
35 40
37 12
37 35
39 33
40 4
43 49
44 18
44 34
backbone tree 1, llh: -8966.176194
-1 15
0 29
2 11
2 44
4 9
5 10
5 37
7 42
9 30
9 36
9 45
10 32
12 47
15 0
16 23
17 2
17 19
19 5
19 21
21 31
22 3
22 27
27 46
28 7
28 17
28 22
29 39
33 8
33 16
33 20
33 28
33 43
34 25
35 40
37 12
37 35
39 33
40 4
43 49
44 18
44 34
backbone tree 2, llh: -8966.201714
-1 15
0 29
2 11
2 44
4 9
5 10
5 37
7 42
9 36
9 45
10 32
12 30
12 47
15 0
16 23
17 2
17 19
19 5
19 21
21 31
22 3
22 27
27 46
28 7
28 17
28 22
29 39
33 8
33 16
33 20
33 28
33 43
34 25
35 40
37 12
37 35
39 33
40 4
43 49
44 18
44 34
backbone tree 3, llh: -8966.184230
-1 15
0 29
2 11
2 44
4 9
5 10
5 37
7 42
9 36
9 45
10 32
12 47
15 0
16 23
16 30
17 2
17 19
19 5
19 21
21 31
22 3
22 27
27 46
28 7
28 17
28 22
29 39
33 8
33 16
33 20
33 28
33 43
34 25
35 40
37 12
37 35
39 33
40 4
43 49
44 18
44 34
backbone tree 4, llh: -8966.238545
-1 15
0 29
2 11
2 44
4 9
5 10
5 37
7 42
9 30
9 36
9 45
10 32
12 47
15 0
16 23
17 2
17 19
19 5
19 21
21 31
22 3
22 27
27 46
28 7
28 17
28 22
29 39
33 8
33 16
33 20
33 28
33 43
34 25
35 40
37 12
37 35
39 33
40 4
44 18
44 34
44 49
backbone tree 5, llh: -8966.264066
-1 15
0 29
2 11
2 44
4 9
5 10
5 37
7 42
9 36
9 45
10 32
12 30
12 47
15 0
16 23
17 2
17 19
19 5
19 21
21 31
22 3
22 27
27 46
28 7
28 17
28 22
29 39
33 8
33 16
33 20
33 28
33 43
34 25
35 40
37 12
37 35
39 33
40 4
44 18
44 34
44 49
backbone tree 6, llh: -8966.246630
-1 15
0 29
2 11
2 44
4 9
5 10
5 37
7 42
9 36
9 45
10 32
12 47
15 0
16 23
16 30
17 2
17 19
19 5
19 21
21 31
22 3
22 27
27 46
28 7
28 17
28 22
29 39
33 8
33 16
33 20
33 28
33 43
34 25
35 40
37 12
37 35
39 33
40 4
44 18
44 34
44 49
