# 17 backbone trees, 40 mutations
backbone tree 0, llh: -8851.603230
-1 0
0 14
0 24
0 44
1 3
1 22
2 8
2 49
3 25
5 43
5 48
7 10
7 16
7 42
8 11
10 13
14 4
14 28
15 20
17 32
20 30
21 15
21 34
21 41
22 29
24 2
24 19
26 5
28 21
30 37
32 9
33 7
33 18
33 46
37 33
40 26
41 38
42 17
43 1
46 40
backbone tree 1, llh: -8851.603542
-1 0
0 14
0 24
0 44
1 3
1 22
2 8
2 49
3 25
5 43
5 48
7 10
7 42
8 11
10 13
14 4
14 28
15 20
17 32
20 30
21 15
21 34
21 41
22 29
24 2
24 19
26 5
28 21
30 37
32 9
33 7
33 18
33 46
37 33
38 16
40 26
41 38
42 17
43 1
46 40
backbone tree 2, llh: -8851.601876
-1 0
0 14
0 24
0 44
1 3
1 22
2 8
2 49
3 25
5 43
5 48
7 10
7 42
8 11
10 13
14 4
14 28
15 20
17 32
20 30
21 15
21 34
21 41
22 29
24 2
24 19
26 5
28 21
30 37
32 9
33 7
33 18
33 46
37 33
40 26
41 38
42 17
43 1
43 16
46 40
backbone tree 3, llh: -8851.601901
-1 0
0 14
0 24
0 44
1 3
1 22
2 8
2 49
3 25
5 43
5 48
7 10
7 42
8 11
10 13
14 4
14 28
15 20
17 32
20 30
21 15
21 34
21 41
22 29
24 2
24 19
26 5
28 21
30 37
32 9
33 7
33 18
33 46
37 33
40 26
41 38
42 17
43 1
46 16
46 40
backbone tree 4, llh: -8851.589380
-1 0
0 14
0 24
0 44
1 3
1 22
2 8
2 49
3 25
5 43
5 48
7 10
7 16
7 42
8 11
10 13
14 4
14 28
15 20
17 32
20 30
21 15
21 41
22 29
24 2
24 19
26 5
28 21
30 37
32 9
33 7
33 18
33 46
37 33
40 26
41 38
42 17
43 1
46 34
46 40
backbone tree 5, llh: -8851.589785
-1 0
0 14
0 24
0 44
1 3
1 22
2 8
2 49
3 25
5 43
5 48
7 10
7 42
8 11
10 13
14 4
14 28
15 20
17 32
20 30
21 15
21 41
22 29
24 2
24 19
26 5
28 21
30 37
32 9
33 7
33 18
33 46
37 33
38 16
40 26
41 38
42 17
43 1
46 34
46 40
backbone tree 6, llh: -8851.588029
-1 0
0 14
0 24
0 44
1 3
1 22
2 8
2 49
3 25
5 43
5 48
7 10
7 42
8 11
10 13
14 4
14 28
15 20
17 32
20 30
21 15
21 41
22 29
24 2
24 19
26 5
28 21
30 37
32 9
33 7
33 18
33 46
37 33
40 26
41 38
42 17
43 1
43 16
46 34
46 40
backbone tree 7, llh: -8851.610551
-1 0
0 14
0 24
0 44
1 3
1 22
2 8
2 49
3 25
5 43
5 48
7 10
7 42
8 11
10 13
14 4
14 28
15 20
17 32
20 30
21 15
21 41
22 29
24 2
24 19
26 5
28 21
30 37
32 9
33 7
33 18
33 46
37 33
40 26
41 38
42 17
43 1
46 16
46 34
46 40
backbone tree 8, llh: -8851.629190
-1 0
0 14
0 24
0 44
1 3
1 22
2 8
2 49
3 25
5 43
5 48
7 10
7 42
8 11
10 13
14 4
14 28
15 20
17 32
20 30
21 15
21 41
22 29
24 2
26 5
28 21
30 19
30 37
32 9
33 7
33 18
33 46
37 33
40 26
41 38
42 17
43 1
43 16
46 34
46 40
backbone tree 9, llh: -8851.539876
-1 0
0 14
0 24
0 44
1 3
1 22
2 8
2 49
3 25
5 43
5 48
7 10
7 16
7 42
8 11
10 13
14 4
14 28
15 20
17 32
20 30
21 15
21 34
21 41
22 29
24 2
26 5
28 21
30 37
32 9
33 7
33 18
33 46
37 33
40 26
41 38
42 17
43 1
44 19
46 40
backbone tree 10, llh: -8851.540188
-1 0
0 14
0 24
0 44
1 3
1 22
2 8
2 49
3 25
5 43
5 48
7 10
7 42
8 11
10 13
14 4
14 28
15 20
17 32
20 30
21 15
21 34
21 41
22 29
24 2
26 5
28 21
30 37
32 9
33 7
33 18
33 46
37 33
38 16
40 26
41 38
42 17
43 1
44 19
46 40
backbone tree 11, llh: -8851.538523
-1 0
0 14
0 24
0 44
1 3
1 22
2 8
2 49
3 25
5 43
5 48
7 10
7 42
8 11
10 13
14 4
14 28
15 20
17 32
20 30
21 15
21 34
21 41
22 29
24 2
26 5
28 21
30 37
32 9
33 7
33 18
33 46
37 33
40 26
41 38
42 17
43 1
43 16
44 19
46 40
backbone tree 12, llh: -8851.538547
-1 0
0 14
0 24
0 44
1 3
1 22
2 8
2 49
3 25
5 43
5 48
7 10
7 42
8 11
10 13
14 4
14 28
15 20
17 32
20 30
21 15
21 34
21 41
22 29
24 2
26 5
28 21
30 37
32 9
33 7
33 18
33 46
37 33
40 26
41 38
42 17
43 1
44 19
46 16
46 40
backbone tree 13, llh: -8851.526047
-1 0
0 14
0 24
0 44
1 3
1 22
2 8
2 49
3 25
5 43
5 48
7 10
7 16
7 42
8 11
10 13
14 4
14 28
15 20
17 32
20 30
21 15
21 41
22 29
24 2
26 5
28 21
30 37
32 9
33 7
33 18
33 46
37 33
40 26
41 38
42 17
43 1
44 19
46 34
46 40
backbone tree 14, llh: -8851.526452
-1 0
0 14
0 24
0 44
1 3
1 22
2 8
2 49
3 25
5 43
5 48
7 10
7 42
8 11
10 13
14 4
14 28
15 20
17 32
20 30
21 15
21 41
22 29
24 2
26 5
28 21
30 37
32 9
33 7
33 18
33 46
37 33
38 16
40 26
41 38
42 17
43 1
44 19
46 34
46 40
backbone tree 15, llh: -8851.524697
-1 0
0 14
0 24
0 44
1 3
1 22
2 8
2 49
3 25
5 43
5 48
7 10
7 42
8 11
10 13
14 4
14 28
15 20
17 32
20 30
21 15
21 41
22 29
24 2
26 5
28 21
30 37
32 9
33 7
33 18
33 46
37 33
40 26
41 38
42 17
43 1
43 16
44 19
46 34
46 40
backbone tree 16, llh: -8851.547219
-1 0
0 14
0 24
0 44
1 3
1 22
2 8
2 49
3 25
5 43
5 48
7 10
7 42
8 11
10 13
14 4
14 28
15 20
17 32
20 30
21 15
21 41
22 29
24 2
26 5
28 21
30 37
32 9
33 7
33 18
33 46
37 33
40 26
41 38
42 17
43 1
44 19
46 16
46 34
46 40
