# 27 backbone trees, 44 mutations
backbone tree 0, llh: -9042.279297
-1 15
0 29
0 30
2 11
2 44
4 9
5 10
5 37
7 42
9 13
9 36
9 45
10 32
12 47
15 0
16 23
17 2
17 19
19 5
19 21
20 6
21 31
22 3
22 27
25 24
27 46
28 7
28 17
28 22
29 39
33 8
33 16
33 20
33 28
33 43
34 25
35 40
37 12
37 35
39 33
40 4
43 49
44 18
44 34
backbone tree 1, llh: -9042.275743
-1 15
0 29
0 30
2 11
2 44
4 9
5 10
5 37
7 42
9 36
9 45
10 32
12 47
15 0
16 13
16 23
17 2
17 19
19 5
19 21
20 6
21 31
22 3
22 27
25 24
27 46
28 7
28 17
28 22
29 39
33 8
33 16
33 20
33 28
33 43
34 25
35 40
37 12
37 35
39 33
40 4
43 49
44 18
44 34
backbone tree 2, llh: -9042.283207
-1 15
0 29
0 30
2 11
2 44
4 9
5 10
5 37
7 42
9 36
9 45
10 32
12 47
15 0
16 23
17 2
17 19
19 5
19 21
20 6
21 31
22 3
22 27
25 24
27 46
28 7
28 17
28 22
29 39
31 13
33 8
33 16
33 20
33 28
33 43
34 25
35 40
37 12
37 35
39 33
40 4
43 49
44 18
44 34
backbone tree 3, llh: -9042.293212
-1 15
0 24
0 29
2 11
2 44
4 9
5 10
5 37
7 42
9 13
9 30
9 36
9 45
10 32
12 47
15 0
16 23
17 2
17 19
19 5
19 21
20 6
21 31
22 3
22 27
27 46
28 7
28 17
28 22
29 39
33 8
33 16
33 20
33 28
33 43
34 25
35 40
37 12
37 35
39 33
40 4
43 49
44 18
44 34
backbone tree 4, llh: -9042.236588
-1 15
0 29
2 11
2 44
4 9
5 10
5 37
7 42
9 13
9 30
9 36
9 45
10 32
12 47
15 0
16 23
17 2
17 19
19 5
19 21
20 6
21 31
22 3
22 27
25 24
27 46
28 7
28 17
28 22
29 39
33 8
33 16
33 20
33 28
33 43
34 25
35 40
37 12
37 35
39 33
40 4
43 49
44 18
44 34
backbone tree 5, llh: -9042.269043
-1 15
0 24
0 29
2 11
2 44
4 9
5 10
5 37
7 42
9 30
9 36
9 45
10 32
12 47
15 0
16 13
16 23
17 2
17 19
19 5
19 21
20 6
21 31
22 3
22 27
27 46
28 7
28 17
28 22
29 39
33 8
33 16
33 20
33 28
33 43
34 25
35 40
37 12
37 35
39 33
40 4
43 49
44 18
44 34
backbone tree 6, llh: -9042.211071
-1 15
0 29
2 11
2 44
4 9
5 10
5 37
7 42
9 30
9 36
9 45
10 32
12 47
15 0
16 13
16 23
17 2
17 19
19 5
19 21
20 6
21 31
22 3
22 27
25 24
27 46
28 7
28 17
28 22
29 39
33 8
33 16
33 20
33 28
33 43
34 25
35 40
37 12
37 35
39 33
40 4
43 49
44 18
44 34
backbone tree 7, llh: -9042.280187
-1 15
0 24
0 29
2 11
2 44
4 9
5 10
5 37
7 42
9 30
9 36
9 45
10 32
12 47
15 0
16 23
17 2
17 19
19 5
19 21
20 6
21 31
22 3
22 27
27 46
28 7
28 17
28 22
29 39
31 13
33 8
33 16
33 20
33 28
33 43
34 25
35 40
37 12
37 35
39 33
40 4
43 49
44 18
44 34
backbone tree 8, llh: -9042.223563
-1 15
0 29
2 11
2 44
4 9
5 10
5 37
7 42
9 30
9 36
9 45
10 32
12 47
15 0
16 23
17 2
17 19
19 5
19 21
20 6
21 31
22 3
22 27
25 24
27 46
28 7
28 17
28 22
29 39
31 13
33 8
33 16
33 20
33 28
33 43
34 25
35 40
37 12
37 35
39 33
40 4
43 49
44 18
44 34
backbone tree 9, llh: -9042.301798
-1 15
0 24
0 29
2 11
2 44
4 9
5 10
5 37
7 42
9 13
9 36
9 45
10 32
12 30
12 47
15 0
16 23
17 2
17 19
19 5
19 21
20 6
21 31
22 3
22 27
27 46
28 7
28 17
28 22
29 39
33 8
33 16
33 20
33 28
33 43
34 25
35 40
37 12
37 35
39 33
40 4
43 49
44 18
44 34
backbone tree 10, llh: -9042.245174
-1 15
0 29
2 11
2 44
4 9
5 10
5 37
7 42
9 13
9 36
9 45
10 32
12 30
12 47
15 0
16 23
17 2
17 19
19 5
19 21
20 6
21 31
22 3
22 27
25 24
27 46
28 7
28 17
28 22
29 39
33 8
33 16
33 20
33 28
33 43
34 25
35 40
37 12
37 35
39 33
40 4
43 49
44 18
44 34
backbone tree 11, llh: -9042.294520
-1 15
0 24
0 29
2 11
2 44
4 9
5 10
5 37
7 42
9 36
9 45
10 32
12 30
12 47
15 0
16 13
16 23
17 2
17 19
19 5
19 21
20 6
21 31
22 3
22 27
27 46
28 7
28 17
28 22
29 39
33 8
33 16
33 20
33 28
33 43
34 25
35 40
37 12
37 35
39 33
40 4
43 49
44 18
44 34
backbone tree 12, llh: -9042.236591
-1 15
0 29
2 11
2 44
4 9
5 10
5 37
7 42
9 36
9 45
10 32
12 30
12 47
15 0
16 13
16 23
17 2
17 19
19 5
19 21
20 6
21 31
22 3
22 27
25 24
27 46
28 7
28 17
28 22
29 39
33 8
33 16
33 20
33 28
33 43
34 25
35 40
37 12
37 35
39 33
40 4
43 49
44 18
44 34
backbone tree 13, llh: -9042.305708
-1 15
0 24
0 29
2 11
2 44
4 9
5 10
5 37
7 42
9 36
9 45
10 32
12 30
12 47
15 0
16 23
17 2
17 19
19 5
19 21
20 6
21 31
22 3
22 27
27 46
28 7
28 17
28 22
29 39
31 13
33 8
33 16
33 20
33 28
33 43
34 25
35 40
37 12
37 35
39 33
40 4
43 49
44 18
44 34
backbone tree 14, llh: -9042.249083
-1 15
0 29
2 11
2 44
4 9
5 10
5 37
7 42
9 36
9 45
10 32
12 30
12 47
15 0
16 23
17 2
17 19
19 5
19 21
20 6
21 31
22 3
22 27
25 24
27 46
28 7
28 17
28 22
29 39
31 13
33 8
33 16
33 20
33 28
33 43
34 25
35 40
37 12
37 35
39 33
40 4
43 49
44 18
44 34
backbone tree 15, llh: -9042.284801
-1 15
0 24
0 29
2 11
2 44
4 9
5 10
5 37
7 42
9 13
9 36
9 45
10 32
12 47
15 0
16 23
16 30
17 2
17 19
19 5
19 21
20 6
21 31
22 3
22 27
27 46
28 7
28 17
28 22
29 39
33 8
33 16
33 20
33 28
33 43
34 25
35 40
37 12
37 35
39 33
40 4
43 49
44 18
44 34
backbone tree 16, llh: -9042.228234
-1 15
0 29
2 11
2 44
4 9
5 10
5 37
7 42
9 13
9 36
9 45
10 32
12 47
15 0
16 23
16 30
17 2
17 19
19 5
19 21
20 6
21 31
22 3
22 27
25 24
27 46
28 7
28 17
28 22
29 39
33 8
33 16
33 20
33 28
33 43
34 25
35 40
37 12
37 35
39 33
40 4
43 49
44 18
44 34
backbone tree 17, llh: -9042.288711
-1 15
0 24
0 29
2 11
2 44
4 9
5 10
5 37
7 42
9 36
9 45
10 32
12 47
15 0
16 23
16 30
17 2
17 19
19 5
19 21
20 6
21 31
22 3
22 27
27 46
28 7
28 17
28 22
29 39
31 13
33 8
33 16
33 20
33 28
33 43
34 25
35 40
37 12
37 35
39 33
40 4
43 49
44 18
44 34
backbone tree 18, llh: -9042.232144
-1 15
0 29
2 11
2 44
4 9
5 10
5 37
7 42
9 36
9 45
10 32
12 47
15 0
16 23
16 30
17 2
17 19
19 5
19 21
20 6
21 31
22 3
22 27
25 24
27 46
28 7
28 17
28 22
29 39
31 13
33 8
33 16
33 20
33 28
33 43
34 25
35 40
37 12
37 35
39 33
40 4
43 49
44 18
44 34
backbone tree 19, llh: -9042.298912
-1 15
0 29
2 11
2 44
4 9
5 10
5 37
7 42
9 13
9 30
9 36
9 45
10 32
12 47
15 0
16 23
17 2
17 19
19 5
19 21
20 6
21 31
22 3
22 27
25 24
27 46
28 7
28 17
28 22
29 39
33 8
33 16
33 20
33 28
33 43
34 25
35 40
37 12
37 35
39 33
40 4
44 18
44 34
44 49
backbone tree 20, llh: -9042.273547
-1 15
0 29
2 11
2 44
4 9
5 10
5 37
7 42
9 30
9 36
9 45
10 32
12 47
15 0
16 13
16 23
17 2
17 19
19 5
19 21
20 6
21 31
22 3
22 27
25 24
27 46
28 7
28 17
28 22
29 39
33 8
33 16
33 20
33 28
33 43
34 25
35 40
37 12
37 35
39 33
40 4
44 18
44 34
44 49
backbone tree 21, llh: -9042.286131
-1 15
0 29
2 11
2 44
4 9
5 10
5 37
7 42
9 30
9 36
9 45
10 32
12 47
15 0
16 23
17 2
17 19
19 5
19 21
20 6
21 31
22 3
22 27
25 24
27 46
28 7
28 17
28 22
29 39
31 13
33 8
33 16
33 20
33 28
33 43
34 25
35 40
37 12
37 35
39 33
40 4
44 18
44 34
44 49
backbone tree 22, llh: -9042.307497
-1 15
0 29
2 11
2 44
4 9
5 10
5 37
7 42
9 13
9 36
9 45
10 32
12 30
12 47
15 0
16 23
17 2
17 19
19 5
19 21
20 6
21 31
22 3
22 27
25 24
27 46
28 7
28 17
28 22
29 39
33 8
33 16
33 20
33 28
33 43
34 25
35 40
37 12
37 35
39 33
40 4
44 18
44 34
44 49
backbone tree 23, llh: -9042.299068
-1 15
0 29
2 11
2 44
4 9
5 10
5 37
7 42
9 36
9 45
10 32
12 30
12 47
15 0
16 13
16 23
17 2
17 19
19 5
19 21
20 6
21 31
22 3
22 27
25 24
27 46
28 7
28 17
28 22
29 39
33 8
33 16
33 20
33 28
33 43
34 25
35 40
37 12
37 35
39 33
40 4
44 18
44 34
44 49
backbone tree 24, llh: -9042.311652
-1 15
0 29
2 11
2 44
4 9
5 10
5 37
7 42
9 36
9 45
10 32
12 30
12 47
15 0
16 23
17 2
17 19
19 5
19 21
20 6
21 31
22 3
22 27
25 24
27 46
28 7
28 17
28 22
29 39
31 13
33 8
33 16
33 20
33 28
33 43
34 25
35 40
37 12
37 35
39 33
40 4
44 18
44 34
44 49
backbone tree 25, llh: -9042.290560
-1 15
0 29
2 11
2 44
4 9
5 10
5 37
7 42
9 13
9 36
9 45
10 32
12 47
15 0
16 23
16 30
17 2
17 19
19 5
19 21
20 6
21 31
22 3
22 27
25 24
27 46
28 7
28 17
28 22
29 39
33 8
33 16
33 20
33 28
33 43
34 25
35 40
37 12
37 35
39 33
40 4
44 18
44 34
44 49
backbone tree 26, llh: -9042.294715
-1 15
0 29
2 11
2 44
4 9
5 10
5 37
7 42
9 36
9 45
10 32
12 47
15 0
16 23
16 30
17 2
17 19
19 5
19 21
20 6
21 31
22 3
22 27
25 24
27 46
28 7
28 17
28 22
29 39
31 13
33 8
33 16
33 20
33 28
33 43
34 25
35 40
37 12
37 35
39 33
40 4
44 18
44 34
44 49
