# 8 backbone trees, 45 mutations
backbone tree 0, llh: -6958.678497
-1 0
0 34
0 35
0 40
0 41
2 5
3 2
4 19
4 20
4 24
5 36
5 37
5 43
5 48
6 28
7 25
8 12
12 9
15 18
15 46
16 8
16 21
16 45
17 32
21 14
21 27
24 31
26 4
26 17
31 3
33 13
33 38
37 44
38 7
39 15
39 16
39 42
40 22
40 39
42 10
42 33
43 6
46 11
46 26
46 30
backbone tree 1, llh: -6958.676815
-1 0
0 34
0 35
0 40
0 41
2 5
3 2
4 19
4 20
4 24
5 36
5 37
5 43
5 48
6 28
7 25
8 12
15 18
15 46
16 8
16 21
16 45
17 32
21 14
21 27
24 31
26 4
26 17
31 3
33 13
33 38
37 44
38 7
39 15
39 16
39 42
40 22
40 39
42 10
42 33
43 6
46 11
46 26
46 30
48 9
backbone tree 2, llh: -6958.680953
-1 0
0 34
0 35
0 40
0 41
2 5
3 2
4 19
4 20
4 24
5 36
5 37
5 43
5 48
6 28
7 25
8 12
12 9
15 18
15 46
16 8
16 21
16 45
17 32
21 27
24 31
26 4
26 17
31 3
33 13
33 38
35 14
37 44
38 7
39 15
39 16
39 42
40 22
40 39
42 10
42 33
43 6
46 11
46 26
46 30
backbone tree 3, llh: -6958.679270
-1 0
0 34
0 35
0 40
0 41
2 5
3 2
4 19
4 20
4 24
5 36
5 37
5 43
5 48
6 28
7 25
8 12
15 18
15 46
16 8
16 21
16 45
17 32
21 27
24 31
26 4
26 17
31 3
33 13
33 38
35 14
37 44
38 7
39 15
39 16
39 42
40 22
40 39
42 10
42 33
43 6
46 11
46 26
46 30
48 9
backbone tree 4, llh: -6958.720480
-1 0
0 34
0 35
0 40
2 5
3 2
4 19
4 20
4 24
5 36
5 37
5 43
5 48
6 28
7 25
8 12
12 9
15 18
15 46
16 8
16 21
16 45
17 32
21 14
21 27
24 31
26 4
26 17
31 3
33 13
33 38
37 44
38 7
39 15
39 16
39 42
40 22
40 39
40 41
42 10
42 33
43 6
46 11
46 26
46 30
backbone tree 5, llh: -6958.718797
-1 0
0 34
0 35
0 40
2 5
3 2
4 19
4 20
4 24
5 36
5 37
5 43
5 48
6 28
7 25
8 12
15 18
15 46
16 8
16 21
16 45
17 32
21 14
21 27
24 31
26 4
26 17
31 3
33 13
33 38
37 44
38 7
39 15
39 16
39 42
40 22
40 39
40 41
42 10
42 33
43 6
46 11
46 26
46 30
48 9
backbone tree 6, llh: -6958.722935
-1 0
0 34
0 35
0 40
2 5
3 2
4 19
4 20
4 24
5 36
5 37
5 43
5 48
6 28
7 25
8 12
12 9
15 18
15 46
16 8
16 21
16 45
17 32
21 27
24 31
26 4
26 17
31 3
33 13
33 38
35 14
37 44
38 7
39 15
39 16
39 42
40 22
40 39
40 41
42 10
42 33
43 6
46 11
46 26
46 30
backbone tree 7, llh: -6958.721253
-1 0
0 34
0 35
0 40
2 5
3 2
4 19
4 20
4 24
5 36
5 37
5 43
5 48
6 28
7 25
8 12
15 18
15 46
16 8
16 21
16 45
17 32
21 27
24 31
26 4
26 17
31 3
33 13
33 38
35 14
37 44
38 7
39 15
39 16
39 42
40 22
40 39
40 41
42 10
42 33
43 6
46 11
46 26
46 30
48 9
