# 37 backbone trees, 46 mutations
backbone tree 0, llh: -7341.862409
-1 0
0 8
0 10
0 22
2 38
3 21
3 43
4 35
5 40
5 48
6 4
6 14
8 18
8 49
9 2
9 33
10 32
11 6
11 7
11 24
13 9
13 36
14 16
14 39
15 13
17 19
18 5
18 37
21 15
21 44
22 29
24 26
24 31
25 1
25 3
25 34
28 12
29 25
31 47
34 42
34 46
36 20
42 11
42 23
43 28
46 17
backbone tree 1, llh: -7341.843562
-1 0
0 8
0 10
0 22
2 38
3 21
3 43
4 35
5 40
5 48
6 4
6 14
8 18
9 2
9 33
10 32
11 6
11 7
11 24
13 9
13 36
14 16
14 39
15 13
17 19
18 5
18 37
21 15
21 44
22 29
24 26
24 31
25 1
25 3
25 34
28 12
29 25
31 47
34 42
34 46
35 49
36 20
42 11
42 23
43 28
46 17
backbone tree 2, llh: -7341.867305
-1 0
0 8
0 10
0 22
2 38
3 21
3 43
4 35
5 48
6 4
6 14
8 18
8 49
9 2
9 33
10 32
11 6
11 7
11 24
13 9
13 36
14 16
14 39
15 13
17 19
18 5
18 37
19 12
21 15
21 44
22 29
24 26
24 31
25 1
25 3
25 34
29 25
29 40
31 47
34 42
34 46
36 20
42 11
42 23
43 28
46 17
backbone tree 3, llh: -7341.817769
-1 0
0 8
0 10
0 22
2 38
3 21
3 43
4 35
5 48
6 4
6 14
8 18
8 49
9 2
9 33
10 32
11 6
11 7
11 24
13 9
13 36
14 16
14 39
15 13
17 19
18 5
18 37
21 15
21 44
22 29
24 26
24 31
25 1
25 3
25 34
28 12
29 25
29 40
31 47
34 42
34 46
36 20
42 11
42 23
43 28
46 17
backbone tree 4, llh: -7341.871254
-1 0
0 8
0 10
0 22
2 38
3 21
3 43
4 35
5 48
6 4
6 14
8 18
8 49
9 2
9 33
10 32
11 6
11 7
11 24
13 9
13 36
14 39
15 13
17 19
18 5
18 37
19 12
21 15
21 44
22 29
24 26
24 31
25 1
25 3
25 34
28 16
29 25
29 40
31 47
34 42
34 46
36 20
42 11
42 23
43 28
46 17
backbone tree 5, llh: -7341.863349
-1 0
0 8
0 10
0 22
2 38
3 21
3 43
4 35
5 48
6 4
6 14
8 18
8 49
9 2
9 33
10 32
11 6
11 7
11 24
13 9
13 36
14 39
15 13
17 19
18 5
18 37
21 15
21 44
22 29
24 26
24 31
25 1
25 3
25 34
28 12
28 16
29 25
29 40
31 47
34 42
34 46
36 20
42 11
42 23
43 28
46 17
backbone tree 6, llh: -7341.848454
-1 0
0 8
0 10
0 22
2 38
3 21
3 43
4 35
5 48
6 4
6 14
8 18
9 2
9 33
10 32
11 6
11 7
11 24
13 9
13 36
14 16
14 39
15 13
17 19
18 5
18 37
19 12
21 15
21 44
22 29
24 26
24 31
25 1
25 3
25 34
29 25
29 40
31 47
34 42
34 46
35 49
36 20
42 11
42 23
43 28
46 17
backbone tree 7, llh: -7341.869253
-1 0
0 8
0 10
0 22
2 38
3 21
3 43
4 20
4 35
5 48
6 4
6 14
8 18
9 2
9 33
10 32
11 6
11 7
11 24
13 9
13 36
14 16
14 39
15 13
17 19
18 5
18 37
21 15
21 44
22 29
24 26
24 31
25 1
25 3
25 34
28 12
29 25
29 40
31 47
34 42
34 46
35 49
42 11
42 23
43 28
46 17
backbone tree 8, llh: -7341.798857
-1 0
0 8
0 10
0 22
2 38
3 21
3 43
4 35
5 48
6 4
6 14
8 18
9 2
9 33
10 32
11 6
11 7
11 24
13 9
13 36
14 16
14 39
15 13
17 19
18 5
18 37
21 15
21 44
22 29
24 26
24 31
25 1
25 3
25 34
28 12
29 25
29 40
31 47
34 42
34 46
35 49
36 20
42 11
42 23
43 28
46 17
backbone tree 9, llh: -7341.852402
-1 0
0 8
0 10
0 22
2 38
3 21
3 43
4 35
5 48
6 4
6 14
8 18
9 2
9 33
10 32
11 6
11 7
11 24
13 9
13 36
14 39
15 13
17 19
18 5
18 37
19 12
21 15
21 44
22 29
24 26
24 31
25 1
25 3
25 34
28 16
29 25
29 40
31 47
34 42
34 46
35 49
36 20
42 11
42 23
43 28
46 17
backbone tree 10, llh: -7341.844476
-1 0
0 8
0 10
0 22
2 38
3 21
3 43
4 35
5 48
6 4
6 14
8 18
9 2
9 33
10 32
11 6
11 7
11 24
13 9
13 36
14 39
15 13
17 19
18 5
18 37
21 15
21 44
22 29
24 26
24 31
25 1
25 3
25 34
28 12
28 16
29 25
29 40
31 47
34 42
34 46
35 49
36 20
42 11
42 23
43 28
46 17
backbone tree 11, llh: -7341.844747
-1 0
0 8
0 10
0 22
3 21
3 43
4 35
5 40
5 48
6 4
6 14
8 18
8 49
9 2
9 33
10 32
11 6
11 7
11 24
13 9
13 36
14 16
14 39
15 13
17 19
18 5
18 37
19 12
21 15
21 44
22 29
24 26
24 31
25 1
25 3
25 34
25 38
29 25
31 47
34 42
34 46
36 20
42 11
42 23
43 28
46 17
backbone tree 12, llh: -7341.864702
-1 0
0 8
0 10
0 22
3 21
3 43
4 20
4 35
5 40
5 48
6 4
6 14
8 18
8 49
9 2
9 33
10 32
11 6
11 7
11 24
13 9
13 36
14 16
14 39
15 13
17 19
18 5
18 37
21 15
21 44
22 29
24 26
24 31
25 1
25 3
25 34
25 38
28 12
29 25
31 47
34 42
34 46
42 11
42 23
43 28
46 17
backbone tree 13, llh: -7341.795150
-1 0
0 8
0 10
0 22
3 21
3 43
4 35
5 40
5 48
6 4
6 14
8 18
8 49
9 2
9 33
10 32
11 6
11 7
11 24
13 9
13 36
14 16
14 39
15 13
17 19
18 5
18 37
21 15
21 44
22 29
24 26
24 31
25 1
25 3
25 34
25 38
28 12
29 25
31 47
34 42
34 46
36 20
42 11
42 23
43 28
46 17
backbone tree 14, llh: -7341.848695
-1 0
0 8
0 10
0 22
3 21
3 43
4 35
5 40
5 48
6 4
6 14
8 18
8 49
9 2
9 33
10 32
11 6
11 7
11 24
13 9
13 36
14 39
15 13
17 19
18 5
18 37
19 12
21 15
21 44
22 29
24 26
24 31
25 1
25 3
25 34
25 38
28 16
29 25
31 47
34 42
34 46
36 20
42 11
42 23
43 28
46 17
backbone tree 15, llh: -7341.840761
-1 0
0 8
0 10
0 22
3 21
3 43
4 35
5 40
5 48
6 4
6 14
8 18
8 49
9 2
9 33
10 32
11 6
11 7
11 24
13 9
13 36
14 39
15 13
17 19
18 5
18 37
21 15
21 44
22 29
24 26
24 31
25 1
25 3
25 34
25 38
28 12
28 16
29 25
31 47
34 42
34 46
36 20
42 11
42 23
43 28
46 17
backbone tree 16, llh: -7341.825822
-1 0
0 8
0 10
0 22
3 21
3 43
4 35
5 40
5 48
6 4
6 14
8 18
9 2
9 33
10 32
11 6
11 7
11 24
13 9
13 36
14 16
14 39
15 13
17 19
18 5
18 37
19 12
21 15
21 44
22 29
24 26
24 31
25 1
25 3
25 34
25 38
29 25
31 47
34 42
34 46
35 49
36 20
42 11
42 23
43 28
46 17
backbone tree 17, llh: -7341.846699
-1 0
0 8
0 10
0 22
3 21
3 43
4 20
4 35
5 40
5 48
6 4
6 14
8 18
9 2
9 33
10 32
11 6
11 7
11 24
13 9
13 36
14 16
14 39
15 13
17 19
18 5
18 37
21 15
21 44
22 29
24 26
24 31
25 1
25 3
25 34
25 38
28 12
29 25
31 47
34 42
34 46
35 49
42 11
42 23
43 28
46 17
backbone tree 18, llh: -7341.776303
-1 0
0 8
0 10
0 22
3 21
3 43
4 35
5 40
5 48
6 4
6 14
8 18
9 2
9 33
10 32
11 6
11 7
11 24
13 9
13 36
14 16
14 39
15 13
17 19
18 5
18 37
21 15
21 44
22 29
24 26
24 31
25 1
25 3
25 34
25 38
28 12
29 25
31 47
34 42
34 46
35 49
36 20
42 11
42 23
43 28
46 17
backbone tree 19, llh: -7341.829771
-1 0
0 8
0 10
0 22
3 21
3 43
4 35
5 40
5 48
6 4
6 14
8 18
9 2
9 33
10 32
11 6
11 7
11 24
13 9
13 36
14 39
15 13
17 19
18 5
18 37
19 12
21 15
21 44
22 29
24 26
24 31
25 1
25 3
25 34
25 38
28 16
29 25
31 47
34 42
34 46
35 49
36 20
42 11
42 23
43 28
46 17
backbone tree 20, llh: -7341.821884
-1 0
0 8
0 10
0 22
3 21
3 43
4 35
5 40
5 48
6 4
6 14
8 18
9 2
9 33
10 32
11 6
11 7
11 24
13 9
13 36
14 39
15 13
17 19
18 5
18 37
21 15
21 44
22 29
24 26
24 31
25 1
25 3
25 34
25 38
28 12
28 16
29 25
31 47
34 42
34 46
35 49
36 20
42 11
42 23
43 28
46 17
backbone tree 21, llh: -7341.839967
-1 0
0 8
0 10
0 22
3 21
3 43
4 35
5 40
5 48
6 4
6 14
8 18
8 49
9 2
9 33
10 32
11 6
11 7
11 24
13 9
13 36
14 16
14 39
15 13
17 19
18 5
18 37
21 15
21 44
22 29
24 26
24 31
25 1
25 3
25 34
28 12
29 25
31 47
34 42
34 46
36 20
42 11
42 23
43 28
46 17
46 38
backbone tree 22, llh: -7341.870715
-1 0
0 8
0 10
0 22
3 21
3 43
4 35
5 40
5 48
6 4
6 14
8 18
9 2
9 33
10 32
11 6
11 7
11 24
13 9
13 36
14 16
14 39
15 13
17 19
18 5
18 37
19 12
21 15
21 44
22 29
24 26
24 31
25 1
25 3
25 34
29 25
31 47
34 42
34 46
35 49
36 20
42 11
42 23
43 28
46 17
46 38
backbone tree 23, llh: -7341.821120
-1 0
0 8
0 10
0 22
3 21
3 43
4 35
5 40
5 48
6 4
6 14
8 18
9 2
9 33
10 32
11 6
11 7
11 24
13 9
13 36
14 16
14 39
15 13
17 19
18 5
18 37
21 15
21 44
22 29
24 26
24 31
25 1
25 3
25 34
28 12
29 25
31 47
34 42
34 46
35 49
36 20
42 11
42 23
43 28
46 17
46 38
backbone tree 24, llh: -7341.874664
-1 0
0 8
0 10
0 22
3 21
3 43
4 35
5 40
5 48
6 4
6 14
8 18
9 2
9 33
10 32
11 6
11 7
11 24
13 9
13 36
14 39
15 13
17 19
18 5
18 37
19 12
21 15
21 44
22 29
24 26
24 31
25 1
25 3
25 34
28 16
29 25
31 47
34 42
34 46
35 49
36 20
42 11
42 23
43 28
46 17
46 38
backbone tree 25, llh: -7341.866701
-1 0
0 8
0 10
0 22
3 21
3 43
4 35
5 40
5 48
6 4
6 14
8 18
9 2
9 33
10 32
11 6
11 7
11 24
13 9
13 36
14 39
15 13
17 19
18 5
18 37
21 15
21 44
22 29
24 26
24 31
25 1
25 3
25 34
28 12
28 16
29 25
31 47
34 42
34 46
35 49
36 20
42 11
42 23
43 28
46 17
46 38
backbone tree 26, llh: -7341.864789
-1 0
0 8
0 10
0 22
3 21
3 43
4 35
5 48
6 4
6 14
8 18
8 49
9 2
9 33
10 32
11 6
11 7
11 24
13 9
13 36
14 16
14 39
15 13
17 19
18 5
18 37
19 12
21 15
21 44
22 29
24 26
24 31
25 1
25 3
25 34
29 25
29 40
31 47
34 42
34 46
36 20
42 11
42 23
43 28
46 17
46 38
backbone tree 27, llh: -7341.815176
-1 0
0 8
0 10
0 22
3 21
3 43
4 35
5 48
6 4
6 14
8 18
8 49
9 2
9 33
10 32
11 6
11 7
11 24
13 9
13 36
14 16
14 39
15 13
17 19
18 5
18 37
21 15
21 44
22 29
24 26
24 31
25 1
25 3
25 34
28 12
29 25
29 40
31 47
34 42
34 46
36 20
42 11
42 23
43 28
46 17
46 38
backbone tree 28, llh: -7341.868738
-1 0
0 8
0 10
0 22
3 21
3 43
4 35
5 48
6 4
6 14
8 18
8 49
9 2
9 33
10 32
11 6
11 7
11 24
13 9
13 36
14 39
15 13
17 19
18 5
18 37
19 12
21 15
21 44
22 29
24 26
24 31
25 1
25 3
25 34
28 16
29 25
29 40
31 47
34 42
34 46
36 20
42 11
42 23
43 28
46 17
46 38
backbone tree 29, llh: -7341.860757
-1 0
0 8
0 10
0 22
3 21
3 43
4 35
5 48
6 4
6 14
8 18
8 49
9 2
9 33
10 32
11 6
11 7
11 24
13 9
13 36
14 39
15 13
17 19
18 5
18 37
21 15
21 44
22 29
24 26
24 31
25 1
25 3
25 34
28 12
28 16
29 25
29 40
31 47
34 42
34 46
36 20
42 11
42 23
43 28
46 17
46 38
backbone tree 30, llh: -7341.845938
-1 0
0 8
0 10
0 22
3 21
3 43
4 35
5 48
6 4
6 14
8 18
9 2
9 33
10 32
11 6
11 7
11 24
13 9
13 36
14 16
14 39
15 13
17 19
18 5
18 37
19 12
21 15
21 44
22 29
24 26
24 31
25 1
25 3
25 34
29 25
29 40
31 47
34 42
34 46
35 49
36 20
42 11
42 23
43 28
46 17
46 38
backbone tree 31, llh: -7341.866661
-1 0
0 8
0 10
0 22
3 21
3 43
4 20
4 35
5 48
6 4
6 14
8 18
9 2
9 33
10 32
11 6
11 7
11 24
13 9
13 36
14 16
14 39
15 13
17 19
18 5
18 37
21 15
21 44
22 29
24 26
24 31
25 1
25 3
25 34
28 12
29 25
29 40
31 47
34 42
34 46
35 49
42 11
42 23
43 28
46 17
46 38
backbone tree 32, llh: -7341.796265
-1 0
0 8
0 10
0 22
3 21
3 43
4 35
5 48
6 4
6 14
8 18
9 2
9 33
10 32
11 6
11 7
11 24
13 9
13 36
14 16
14 39
15 13
17 19
18 5
18 37
21 15
21 44
22 29
24 26
24 31
25 1
25 3
25 34
28 12
29 25
29 40
31 47
34 42
34 46
35 49
36 20
42 11
42 23
43 28
46 17
46 38
backbone tree 33, llh: -7341.849887
-1 0
0 8
0 10
0 22
3 21
3 43
4 35
5 48
6 4
6 14
8 18
9 2
9 33
10 32
11 6
11 7
11 24
13 9
13 36
14 39
15 13
17 19
18 5
18 37
19 12
21 15
21 44
22 29
24 26
24 31
25 1
25 3
25 34
28 16
29 25
29 40
31 47
34 42
34 46
35 49
36 20
42 11
42 23
43 28
46 17
46 38
backbone tree 34, llh: -7341.841884
-1 0
0 8
0 10
0 22
3 21
3 43
4 35
5 48
6 4
6 14
8 18
9 2
9 33
10 32
11 6
11 7
11 24
13 9
13 36
14 39
15 13
17 19
18 5
18 37
21 15
21 44
22 29
24 26
24 31
25 1
25 3
25 34
28 12
28 16
29 25
29 40
31 47
34 42
34 46
35 49
36 20
42 11
42 23
43 28
46 17
46 38
backbone tree 35, llh: -7341.880929
-1 0
0 8
0 10
0 22
3 21
3 43
4 35
5 40
5 48
6 4
6 14
8 18
8 49
9 2
9 33
10 32
11 6
11 7
11 24
13 9
13 36
14 16
14 39
15 13
17 19
18 5
18 37
21 15
22 29
24 26
24 31
25 1
25 3
25 34
25 38
28 12
29 25
31 47
34 42
34 46
36 20
36 44
42 11
42 23
43 28
46 17
backbone tree 36, llh: -7341.862034
-1 0
0 8
0 10
0 22
3 21
3 43
4 35
5 40
5 48
6 4
6 14
8 18
9 2
9 33
10 32
11 6
11 7
11 24
13 9
13 36
14 16
14 39
15 13
17 19
18 5
18 37
21 15
22 29
24 26
24 31
25 1
25 3
25 34
25 38
28 12
29 25
31 47
34 42
34 46
35 49
36 20
36 44
42 11
42 23
43 28
46 17
