# 12 backbone trees, 40 mutations
backbone tree 0, llh: -10016.164866
-1 41
0 3
0 47
2 38
3 2
5 49
7 34
8 21
9 7
9 17
9 46
14 19
15 40
17 20
20 10
21 25
21 30
21 35
21 42
22 31
26 9
26 36
26 44
27 14
27 28
28 22
29 4
31 8
31 11
31 32
31 45
37 43
38 26
41 0
41 18
41 29
43 27
45 5
46 15
46 37
backbone tree 1, llh: -10016.171299
-1 41
0 3
0 47
2 38
3 2
5 49
7 34
8 21
9 7
9 17
9 46
15 40
17 20
18 19
20 10
21 25
21 30
21 35
21 42
22 31
26 9
26 36
26 44
27 14
27 28
28 22
29 4
31 8
31 11
31 32
31 45
37 43
38 26
41 0
41 18
41 29
43 27
45 5
46 15
46 37
backbone tree 2, llh: -10016.164730
-1 41
0 3
0 47
2 38
3 2
5 49
7 34
8 21
9 7
9 17
9 46
15 40
17 20
20 10
21 25
21 30
21 35
21 42
22 31
26 9
26 36
26 44
27 14
27 28
28 22
29 4
31 8
31 11
31 32
31 45
37 43
38 26
41 0
41 18
41 29
42 19
43 27
45 5
46 15
46 37
backbone tree 3, llh: -10016.100582
-1 41
0 3
0 47
2 38
3 2
5 49
7 34
8 21
9 7
9 17
9 46
14 19
15 40
17 20
20 10
21 25
21 35
21 42
22 31
26 9
26 36
26 44
27 14
27 28
27 30
28 22
29 4
31 8
31 11
31 32
31 45
37 43
38 26
41 0
41 18
41 29
43 27
45 5
46 15
46 37
backbone tree 4, llh: -10016.106905
-1 41
0 3
0 47
2 38
3 2
5 49
7 34
8 21
9 7
9 17
9 46
15 40
17 20
18 19
20 10
21 25
21 35
21 42
22 31
26 9
26 36
26 44
27 14
27 28
27 30
28 22
29 4
31 8
31 11
31 32
31 45
37 43
38 26
41 0
41 18
41 29
43 27
45 5
46 15
46 37
backbone tree 5, llh: -10016.100450
-1 41
0 3
0 47
2 38
3 2
5 49
7 34
8 21
9 7
9 17
9 46
15 40
17 20
20 10
21 25
21 35
21 42
22 31
26 9
26 36
26 44
27 14
27 28
27 30
28 22
29 4
31 8
31 11
31 32
31 45
37 43
38 26
41 0
41 18
41 29
42 19
43 27
45 5
46 15
46 37
backbone tree 6, llh: -10016.089673
-1 41
0 3
0 47
2 38
3 2
5 49
7 34
8 21
9 7
9 17
9 46
14 19
15 40
17 20
20 10
21 25
21 35
21 42
22 31
26 9
26 36
26 44
27 14
27 28
28 22
29 4
31 8
31 11
31 32
31 45
37 30
37 43
38 26
41 0
41 18
41 29
43 27
45 5
46 15
46 37
backbone tree 7, llh: -10016.095996
-1 41
0 3
0 47
2 38
3 2
5 49
7 34
8 21
9 7
9 17
9 46
15 40
17 20
18 19
20 10
21 25
21 35
21 42
22 31
26 9
26 36
26 44
27 14
27 28
28 22
29 4
31 8
31 11
31 32
31 45
37 30
37 43
38 26
41 0
41 18
41 29
43 27
45 5
46 15
46 37
backbone tree 8, llh: -10016.089541
-1 41
0 3
0 47
2 38
3 2
5 49
7 34
8 21
9 7
9 17
9 46
15 40
17 20
20 10
21 25
21 35
21 42
22 31
26 9
26 36
26 44
27 14
27 28
28 22
29 4
31 8
31 11
31 32
31 45
37 30
37 43
38 26
41 0
41 18
41 29
42 19
43 27
45 5
46 15
46 37
backbone tree 9, llh: -10016.108803
-1 41
0 3
2 38
3 2
5 49
7 34
8 21
9 7
9 17
9 46
14 19
15 40
17 20
20 10
21 25
21 30
21 35
21 42
22 31
26 9
26 36
26 44
27 14
27 28
28 22
29 4
31 8
31 11
31 32
31 45
37 43
38 26
41 0
41 18
41 29
43 27
43 47
45 5
46 15
46 37
backbone tree 10, llh: -10016.114296
-1 41
0 3
2 38
3 2
5 49
7 34
8 21
9 7
9 17
9 46
15 40
17 20
18 19
20 10
21 25
21 30
21 35
21 42
22 31
26 9
26 36
26 44
27 14
27 28
28 22
29 4
31 8
31 11
31 32
31 45
37 43
38 26
41 0
41 18
41 29
43 27
43 47
45 5
46 15
46 37
backbone tree 11, llh: -10016.108793
-1 41
0 3
2 38
3 2
5 49
7 34
8 21
9 7
9 17
9 46
15 40
17 20
20 10
21 25
21 30
21 35
21 42
22 31
26 9
26 36
26 44
27 14
27 28
28 22
29 4
31 8
31 11
31 32
31 45
37 43
38 26
41 0
41 18
41 29
42 19
43 27
43 47
45 5
46 15
46 37
