# 8 backbone trees, 42 mutations
backbone tree 0, llh: -6460.260976
-1 0
0 1
0 17
1 22
1 24
1 40
3 48
4 14
4 36
4 45
7 9
7 37
7 39
7 43
8 30
8 42
9 23
9 28
11 13
12 19
13 18
14 5
14 32
17 4
17 8
17 25
18 33
20 11
22 21
22 44
23 15
23 27
23 29
29 6
30 7
30 16
33 38
41 20
42 3
42 12
42 41
43 31
backbone tree 1, llh: -6460.349772
-1 0
0 1
0 17
1 22
1 24
1 40
4 14
4 36
4 45
7 9
7 37
7 39
7 43
8 30
8 42
9 23
9 28
11 13
12 19
13 18
14 5
14 32
17 4
17 8
17 25
18 33
20 11
22 21
22 44
23 15
23 27
23 29
24 48
29 6
30 7
30 16
33 38
41 20
42 3
42 12
42 41
43 31
backbone tree 2, llh: -6460.270095
-1 0
0 1
0 17
1 22
1 24
1 40
3 48
4 14
4 45
7 9
7 37
7 39
7 43
8 30
8 42
9 23
9 28
11 13
12 19
13 18
14 5
14 32
17 4
17 8
17 25
17 36
18 33
20 11
22 21
22 44
23 15
23 27
23 29
29 6
30 7
30 16
33 38
41 20
42 3
42 12
42 41
43 31
backbone tree 3, llh: -6460.358211
-1 0
0 1
0 17
1 22
1 24
1 40
4 14
4 45
7 9
7 37
7 39
7 43
8 30
8 42
9 23
9 28
11 13
12 19
13 18
14 5
14 32
17 4
17 8
17 25
17 36
18 33
20 11
22 21
22 44
23 15
23 27
23 29
24 48
29 6
30 7
30 16
33 38
41 20
42 3
42 12
42 41
43 31
backbone tree 4, llh: -6460.316678
-1 0
0 1
0 17
1 22
1 24
1 40
3 48
4 14
4 45
7 9
7 37
7 39
7 43
8 30
8 42
9 23
9 28
11 13
12 19
13 18
14 5
14 32
17 4
17 8
17 25
18 33
20 11
22 21
22 44
23 15
23 27
23 29
29 6
30 7
30 16
33 38
41 20
41 36
42 3
42 12
42 41
43 31
backbone tree 5, llh: -6460.336903
-1 0
0 1
0 17
1 22
1 24
3 48
4 14
4 36
4 45
7 9
7 37
7 39
7 43
8 30
8 42
9 23
9 28
11 13
12 19
13 18
14 5
14 32
14 40
17 4
17 8
17 25
18 33
20 11
22 21
22 44
23 15
23 27
23 29
29 6
30 7
30 16
33 38
41 20
42 3
42 12
42 41
43 31
backbone tree 6, llh: -6460.301005
-1 0
0 1
0 17
1 22
1 24
3 48
4 14
4 45
7 9
7 37
7 39
7 43
8 30
8 42
9 23
9 28
11 13
12 19
13 18
14 5
14 32
14 40
17 4
17 8
17 25
17 36
18 33
20 11
22 21
22 44
23 15
23 27
23 29
29 6
30 7
30 16
33 38
41 20
42 3
42 12
42 41
43 31
backbone tree 7, llh: -6460.347670
-1 0
0 1
0 17
1 22
1 24
3 48
4 14
4 45
7 9
7 37
7 39
7 43
8 30
8 42
9 23
9 28
11 13
12 19
13 18
14 5
14 32
14 40
17 4
17 8
17 25
18 33
20 11
22 21
22 44
23 15
23 27
23 29
29 6
30 7
30 16
33 38
41 20
41 36
42 3
42 12
42 41
43 31
