# 17 backbone trees, 45 mutations
backbone tree 0, llh: -7478.432358
-1 0
0 5
0 9
0 28
0 37
1 34
1 48
4 42
8 44
10 6
13 26
14 3
14 12
14 43
15 19
16 8
17 7
17 41
21 27
21 39
25 11
28 25
28 32
28 33
29 35
31 10
31 21
31 29
32 24
32 30
36 17
37 14
37 31
39 13
39 16
40 36
40 46
41 4
41 49
44 1
44 23
44 40
46 15
46 18
46 47
backbone tree 1, llh: -7478.461979
-1 0
0 5
0 9
0 28
0 37
1 34
1 48
4 42
8 44
10 6
13 26
14 3
14 12
15 19
16 8
17 7
17 41
21 27
21 39
25 11
28 25
28 32
28 33
29 35
31 10
31 21
31 29
32 24
32 30
36 17
37 14
37 31
39 13
39 16
40 36
40 46
41 4
41 43
41 49
44 1
44 23
44 40
46 15
46 18
46 47
backbone tree 2, llh: -7478.428821
-1 0
0 5
0 9
0 28
0 37
1 34
4 42
8 44
10 6
10 48
13 26
14 3
14 12
14 43
15 19
16 8
17 7
17 41
21 27
21 39
25 11
28 25
28 32
28 33
29 35
31 10
31 21
31 29
32 24
32 30
36 17
37 14
37 31
39 13
39 16
40 36
40 46
41 4
41 49
44 1
44 23
44 40
46 15
46 18
46 47
backbone tree 3, llh: -7478.458284
-1 0
0 5
0 9
0 28
0 37
1 34
4 42
8 44
10 6
10 48
13 26
14 3
14 12
15 19
16 8
17 7
17 41
21 27
21 39
25 11
28 25
28 32
28 33
29 35
31 10
31 21
31 29
32 24
32 30
36 17
37 14
37 31
39 13
39 16
40 36
40 46
41 4
41 43
41 49
44 1
44 23
44 40
46 15
46 18
46 47
backbone tree 4, llh: -7478.497932
-1 0
0 5
0 9
0 28
0 37
1 34
4 42
8 44
10 48
13 26
14 3
14 12
14 43
15 19
16 8
17 7
17 41
21 27
21 39
25 11
28 25
28 32
28 33
29 35
31 10
31 21
31 29
32 24
32 30
36 17
37 14
37 31
39 13
39 16
40 36
40 46
41 4
41 6
41 49
44 1
44 23
44 40
46 15
46 18
46 47
backbone tree 5, llh: -7478.407539
-1 0
0 5
0 9
0 28
0 37
1 34
1 48
4 42
8 44
10 6
13 26
14 3
14 12
14 43
15 19
16 8
17 7
17 41
21 27
21 39
28 25
28 32
28 33
29 35
31 10
31 21
31 29
32 24
32 30
36 17
37 14
37 31
39 13
39 16
40 36
40 46
41 4
41 49
42 11
44 1
44 23
44 40
46 15
46 18
46 47
backbone tree 6, llh: -7478.437197
-1 0
0 5
0 9
0 28
0 37
1 34
1 48
4 42
8 44
10 6
13 26
14 3
14 12
15 19
16 8
17 7
17 41
21 27
21 39
28 25
28 32
28 33
29 35
31 10
31 21
31 29
32 24
32 30
36 17
37 14
37 31
39 13
39 16
40 36
40 46
41 4
41 43
41 49
42 11
44 1
44 23
44 40
46 15
46 18
46 47
backbone tree 7, llh: -7478.402748
-1 0
0 5
0 9
0 28
0 37
1 34
4 42
8 44
10 6
10 48
13 26
14 3
14 12
14 43
15 19
16 8
17 7
17 41
21 27
21 39
28 25
28 32
28 33
29 35
31 10
31 21
31 29
32 24
32 30
36 17
37 14
37 31
39 13
39 16
40 36
40 46
41 4
41 49
42 11
44 1
44 23
44 40
46 15
46 18
46 47
backbone tree 8, llh: -7478.432281
-1 0
0 5
0 9
0 28
0 37
1 34
4 42
8 44
10 6
10 48
13 26
14 3
14 12
15 19
16 8
17 7
17 41
21 27
21 39
28 25
28 32
28 33
29 35
31 10
31 21
31 29
32 24
32 30
36 17
37 14
37 31
39 13
39 16
40 36
40 46
41 4
41 43
41 49
42 11
44 1
44 23
44 40
46 15
46 18
46 47
backbone tree 9, llh: -7478.471946
-1 0
0 5
0 9
0 28
0 37
1 34
4 42
8 44
10 48
13 26
14 3
14 12
14 43
15 19
16 8
17 7
17 41
21 27
21 39
28 25
28 32
28 33
29 35
31 10
31 21
31 29
32 24
32 30
36 17
37 14
37 31
39 13
39 16
40 36
40 46
41 4
41 6
41 49
42 11
44 1
44 23
44 40
46 15
46 18
46 47
backbone tree 10, llh: -7478.488590
-1 0
0 5
0 9
0 28
0 37
1 34
4 42
8 44
10 6
10 48
13 26
14 3
14 12
14 43
15 19
16 8
17 7
17 41
21 39
28 25
28 27
28 32
28 33
29 35
31 10
31 21
31 29
32 24
32 30
36 17
37 14
37 31
39 13
39 16
40 36
40 46
41 4
41 49
42 11
44 1
44 23
44 40
46 15
46 18
46 47
backbone tree 11, llh: -7478.416635
-1 0
0 5
0 28
0 37
1 9
1 34
4 42
8 44
10 6
10 48
13 26
14 3
14 12
14 43
15 19
16 8
17 7
17 41
21 27
21 39
25 11
28 25
28 32
28 33
29 35
31 10
31 21
31 29
32 24
32 30
36 17
37 14
37 31
39 13
39 16
40 36
40 46
41 4
41 49
44 1
44 23
44 40
46 15
46 18
46 47
backbone tree 12, llh: -7478.453772
-1 0
0 5
0 28
0 37
1 9
1 34
4 42
8 44
10 6
10 48
13 26
14 3
14 12
15 19
16 8
17 7
17 41
21 27
21 39
25 11
28 25
28 32
28 33
29 35
31 10
31 21
31 29
32 24
32 30
36 17
37 14
37 31
39 13
39 16
40 36
40 46
41 4
41 43
41 49
44 1
44 23
44 40
46 15
46 18
46 47
backbone tree 13, llh: -7478.497520
-1 0
0 5
0 28
0 37
1 9
1 34
4 42
8 44
10 48
13 26
14 3
14 12
14 43
15 19
16 8
17 7
17 41
21 27
21 39
25 11
28 25
28 32
28 33
29 35
31 10
31 21
31 29
32 24
32 30
36 17
37 14
37 31
39 13
39 16
40 36
40 46
41 4
41 6
41 49
44 1
44 23
44 40
46 15
46 18
46 47
backbone tree 14, llh: -7478.406153
-1 0
0 5
0 28
0 37
1 9
1 34
4 42
8 44
10 6
10 48
13 26
14 3
14 12
14 43
15 19
16 8
17 7
17 41
21 27
21 39
28 25
28 32
28 33
29 35
31 10
31 21
31 29
32 24
32 30
36 17
37 14
37 31
39 13
39 16
40 36
40 46
41 4
41 49
42 11
44 1
44 23
44 40
46 15
46 18
46 47
backbone tree 15, llh: -7478.443291
-1 0
0 5
0 28
0 37
1 9
1 34
4 42
8 44
10 6
10 48
13 26
14 3
14 12
15 19
16 8
17 7
17 41
21 27
21 39
28 25
28 32
28 33
29 35
31 10
31 21
31 29
32 24
32 30
36 17
37 14
37 31
39 13
39 16
40 36
40 46
41 4
41 43
41 49
42 11
44 1
44 23
44 40
46 15
46 18
46 47
backbone tree 16, llh: -7478.487039
-1 0
0 5
0 28
0 37
1 9
1 34
4 42
8 44
10 48
13 26
14 3
14 12
14 43
15 19
16 8
17 7
17 41
21 27
21 39
28 25
28 32
28 33
29 35
31 10
31 21
31 29
32 24
32 30
36 17
37 14
37 31
39 13
39 16
40 36
40 46
41 4
41 6
41 49
42 11
44 1
44 23
44 40
46 15
46 18
46 47
