# 34 backbone trees, 45 mutations
backbone tree 0, llh: -9225.501004
-1 0
0 13
0 18
0 21
0 38
1 5
2 8
2 10
2 24
2 37
2 47
3 28
8 11
8 14
9 12
9 17
12 23
15 3
17 31
20 43
21 9
22 36
23 2
23 16
23 39
23 48
25 34
27 35
28 45
28 46
30 22
30 44
31 25
32 30
34 15
38 1
38 4
40 42
42 32
42 33
45 20
45 26
45 40
45 41
46 27
backbone tree 1, llh: -9225.503676
-1 0
0 13
0 18
0 21
0 38
1 5
2 8
2 10
2 24
2 37
2 47
3 28
8 14
9 12
9 17
12 23
15 3
17 31
20 43
21 9
22 11
22 36
23 2
23 16
23 39
23 48
25 34
27 35
28 45
28 46
30 22
30 44
31 25
32 30
34 15
38 1
38 4
40 42
42 32
42 33
45 20
45 26
45 40
45 41
46 27
backbone tree 2, llh: -9225.516994
-1 0
0 13
0 18
0 21
0 38
1 5
2 8
2 10
2 24
2 37
2 47
3 28
8 14
9 12
9 17
12 23
15 3
17 31
20 43
21 9
22 36
23 2
23 16
23 39
23 48
25 34
27 35
28 45
28 46
30 22
30 44
31 25
32 30
34 15
38 1
38 4
40 42
42 32
42 33
45 20
45 26
45 40
45 41
46 27
48 11
backbone tree 3, llh: -9225.493510
-1 0
0 13
0 18
0 21
0 38
1 5
2 8
2 10
2 24
2 37
2 47
3 28
8 11
8 14
9 12
9 17
12 23
15 3
17 31
21 9
22 36
23 2
23 16
23 39
23 48
25 34
26 43
27 35
28 45
28 46
30 22
30 44
31 25
32 30
34 15
38 1
38 4
40 42
42 32
42 33
45 20
45 26
45 40
45 41
46 27
backbone tree 4, llh: -9225.496188
-1 0
0 13
0 18
0 21
0 38
1 5
2 8
2 10
2 24
2 37
2 47
3 28
8 14
9 12
9 17
12 23
15 3
17 31
21 9
22 11
22 36
23 2
23 16
23 39
23 48
25 34
26 43
27 35
28 45
28 46
30 22
30 44
31 25
32 30
34 15
38 1
38 4
40 42
42 32
42 33
45 20
45 26
45 40
45 41
46 27
backbone tree 5, llh: -9225.509500
-1 0
0 13
0 18
0 21
0 38
1 5
2 8
2 10
2 24
2 37
2 47
3 28
8 14
9 12
9 17
12 23
15 3
17 31
21 9
22 36
23 2
23 16
23 39
23 48
25 34
26 43
27 35
28 45
28 46
30 22
30 44
31 25
32 30
34 15
38 1
38 4
40 42
42 32
42 33
45 20
45 26
45 40
45 41
46 27
48 11
backbone tree 6, llh: -9225.503791
-1 0
0 13
0 18
0 21
0 38
1 5
2 8
2 10
2 24
2 37
3 28
8 11
8 14
9 12
9 17
12 23
15 3
17 31
20 43
21 9
22 36
23 2
23 16
23 39
23 48
25 34
27 35
28 45
28 46
30 22
30 44
31 25
32 30
33 47
34 15
38 1
38 4
40 42
42 32
42 33
45 20
45 26
45 40
45 41
46 27
backbone tree 7, llh: -9225.506462
-1 0
0 13
0 18
0 21
0 38
1 5
2 8
2 10
2 24
2 37
3 28
8 14
9 12
9 17
12 23
15 3
17 31
20 43
21 9
22 11
22 36
23 2
23 16
23 39
23 48
25 34
27 35
28 45
28 46
30 22
30 44
31 25
32 30
33 47
34 15
38 1
38 4
40 42
42 32
42 33
45 20
45 26
45 40
45 41
46 27
backbone tree 8, llh: -9225.519780
-1 0
0 13
0 18
0 21
0 38
1 5
2 8
2 10
2 24
2 37
3 28
8 14
9 12
9 17
12 23
15 3
17 31
20 43
21 9
22 36
23 2
23 16
23 39
23 48
25 34
27 35
28 45
28 46
30 22
30 44
31 25
32 30
33 47
34 15
38 1
38 4
40 42
42 32
42 33
45 20
45 26
45 40
45 41
46 27
48 11
backbone tree 9, llh: -9225.496439
-1 0
0 13
0 18
0 21
0 38
1 5
2 8
2 10
2 24
2 37
3 28
8 11
8 14
9 12
9 17
12 23
15 3
17 31
21 9
22 36
23 2
23 16
23 39
23 48
25 34
26 43
27 35
28 45
28 46
30 22
30 44
31 25
32 30
33 47
34 15
38 1
38 4
40 42
42 32
42 33
45 20
45 26
45 40
45 41
46 27
backbone tree 10, llh: -9225.499117
-1 0
0 13
0 18
0 21
0 38
1 5
2 8
2 10
2 24
2 37
3 28
8 14
9 12
9 17
12 23
15 3
17 31
21 9
22 11
22 36
23 2
23 16
23 39
23 48
25 34
26 43
27 35
28 45
28 46
30 22
30 44
31 25
32 30
33 47
34 15
38 1
38 4
40 42
42 32
42 33
45 20
45 26
45 40
45 41
46 27
backbone tree 11, llh: -9225.512428
-1 0
0 13
0 18
0 21
0 38
1 5
2 8
2 10
2 24
2 37
3 28
8 14
9 12
9 17
12 23
15 3
17 31
21 9
22 36
23 2
23 16
23 39
23 48
25 34
26 43
27 35
28 45
28 46
30 22
30 44
31 25
32 30
33 47
34 15
38 1
38 4
40 42
42 32
42 33
45 20
45 26
45 40
45 41
46 27
48 11
backbone tree 12, llh: -9225.425615
-1 0
0 13
0 18
0 21
0 38
1 5
2 8
2 10
2 37
2 47
3 28
8 11
8 14
9 12
9 17
12 23
15 3
17 31
20 43
21 9
22 36
23 2
23 16
23 39
23 48
25 34
26 24
27 35
28 45
28 46
30 22
30 44
31 25
32 30
34 15
38 1
38 4
40 42
42 32
42 33
45 20
45 26
45 40
45 41
46 27
backbone tree 13, llh: -9225.480077
-1 0
0 13
0 18
0 21
0 38
1 5
2 8
2 10
2 37
2 47
3 28
8 14
9 12
9 17
12 11
12 23
15 3
17 31
20 43
21 9
22 36
23 2
23 16
23 39
23 48
25 34
26 24
27 35
28 45
28 46
30 22
30 44
31 25
32 30
34 15
38 1
38 4
40 42
42 32
42 33
45 20
45 26
45 40
45 41
46 27
backbone tree 14, llh: -9225.428286
-1 0
0 13
0 18
0 21
0 38
1 5
2 8
2 10
2 37
2 47
3 28
8 14
9 12
9 17
12 23
15 3
17 31
20 43
21 9
22 11
22 36
23 2
23 16
23 39
23 48
25 34
26 24
27 35
28 45
28 46
30 22
30 44
31 25
32 30
34 15
38 1
38 4
40 42
42 32
42 33
45 20
45 26
45 40
45 41
46 27
backbone tree 15, llh: -9225.503131
-1 0
0 13
0 18
0 21
0 38
1 5
2 8
2 10
2 37
2 47
3 28
8 14
9 12
9 17
12 23
15 3
17 31
20 43
21 9
22 36
23 2
23 16
23 39
23 48
25 34
26 24
27 35
28 45
28 46
30 22
30 44
31 25
32 30
34 15
35 11
38 1
38 4
40 42
42 32
42 33
45 20
45 26
45 40
45 41
46 27
backbone tree 16, llh: -9225.499167
-1 0
0 13
0 18
0 21
0 38
1 5
2 8
2 10
2 37
2 47
3 28
8 14
9 12
9 17
12 23
15 3
17 31
20 43
21 9
22 36
23 2
23 16
23 39
23 48
25 34
26 24
27 35
28 45
28 46
30 22
30 44
31 25
32 30
34 15
36 11
38 1
38 4
40 42
42 32
42 33
45 20
45 26
45 40
45 41
46 27
backbone tree 17, llh: -9225.439244
-1 0
0 13
0 18
0 21
0 38
1 5
2 8
2 10
2 37
2 47
3 28
8 14
9 12
9 17
12 23
15 3
17 31
20 43
21 9
22 36
23 2
23 16
23 39
23 48
25 34
26 24
27 35
28 45
28 46
30 22
30 44
31 25
32 30
34 15
38 1
38 4
40 42
42 32
42 33
45 20
45 26
45 40
45 41
46 27
48 11
backbone tree 18, llh: -9225.517790
-1 0
0 13
0 18
0 21
0 38
1 5
2 8
2 10
2 14
2 37
3 28
8 11
9 12
9 17
12 23
15 3
17 31
20 43
21 9
22 36
23 2
23 16
23 39
23 48
25 34
26 24
27 35
28 45
28 46
30 22
30 44
31 25
32 30
33 47
34 15
38 1
38 4
40 42
42 32
42 33
45 20
45 26
45 40
45 41
46 27
backbone tree 19, llh: -9225.520462
-1 0
0 13
0 18
0 21
0 38
1 5
2 8
2 10
2 14
2 37
3 28
9 12
9 17
12 23
15 3
17 31
20 43
21 9
22 11
22 36
23 2
23 16
23 39
23 48
25 34
26 24
27 35
28 45
28 46
30 22
30 44
31 25
32 30
33 47
34 15
38 1
38 4
40 42
42 32
42 33
45 20
45 26
45 40
45 41
46 27
backbone tree 20, llh: -9225.428428
-1 0
0 13
0 18
0 21
0 38
1 5
2 8
2 10
2 37
3 28
8 11
8 14
9 12
9 17
12 23
15 3
17 31
20 43
21 9
22 36
23 2
23 16
23 39
23 48
25 34
26 24
27 35
28 45
28 46
30 22
30 44
31 25
32 30
33 47
34 15
38 1
38 4
40 42
42 32
42 33
45 20
45 26
45 40
45 41
46 27
backbone tree 21, llh: -9225.482891
-1 0
0 13
0 18
0 21
0 38
1 5
2 8
2 10
2 37
3 28
8 14
9 12
9 17
12 11
12 23
15 3
17 31
20 43
21 9
22 36
23 2
23 16
23 39
23 48
25 34
26 24
27 35
28 45
28 46
30 22
30 44
31 25
32 30
33 47
34 15
38 1
38 4
40 42
42 32
42 33
45 20
45 26
45 40
45 41
46 27
backbone tree 22, llh: -9225.431100
-1 0
0 13
0 18
0 21
0 38
1 5
2 8
2 10
2 37
3 28
8 14
9 12
9 17
12 23
15 3
17 31
20 43
21 9
22 11
22 36
23 2
23 16
23 39
23 48
25 34
26 24
27 35
28 45
28 46
30 22
30 44
31 25
32 30
33 47
34 15
38 1
38 4
40 42
42 32
42 33
45 20
45 26
45 40
45 41
46 27
backbone tree 23, llh: -9225.505945
-1 0
0 13
0 18
0 21
0 38
1 5
2 8
2 10
2 37
3 28
8 14
9 12
9 17
12 23
15 3
17 31
20 43
21 9
22 36
23 2
23 16
23 39
23 48
25 34
26 24
27 35
28 45
28 46
30 22
30 44
31 25
32 30
33 47
34 15
35 11
38 1
38 4
40 42
42 32
42 33
45 20
45 26
45 40
45 41
46 27
backbone tree 24, llh: -9225.501980
-1 0
0 13
0 18
0 21
0 38
1 5
2 8
2 10
2 37
3 28
8 14
9 12
9 17
12 23
15 3
17 31
20 43
21 9
22 36
23 2
23 16
23 39
23 48
25 34
26 24
27 35
28 45
28 46
30 22
30 44
31 25
32 30
33 47
34 15
36 11
38 1
38 4
40 42
42 32
42 33
45 20
45 26
45 40
45 41
46 27
backbone tree 25, llh: -9225.442058
-1 0
0 13
0 18
0 21
0 38
1 5
2 8
2 10
2 37
3 28
8 14
9 12
9 17
12 23
15 3
17 31
20 43
21 9
22 36
23 2
23 16
23 39
23 48
25 34
26 24
27 35
28 45
28 46
30 22
30 44
31 25
32 30
33 47
34 15
38 1
38 4
40 42
42 32
42 33
45 20
45 26
45 40
45 41
46 27
48 11
backbone tree 26, llh: -9225.460698
-1 0
0 18
0 21
0 38
1 5
2 8
2 10
2 37
2 47
3 28
8 11
8 14
9 12
9 13
9 17
12 23
15 3
17 31
20 43
21 9
22 36
23 2
23 16
23 39
23 48
25 34
26 24
27 35
28 45
28 46
30 22
30 44
31 25
32 30
34 15
38 1
38 4
40 42
42 32
42 33
45 20
45 26
45 40
45 41
46 27
backbone tree 27, llh: -9225.515161
-1 0
0 18
0 21
0 38
1 5
2 8
2 10
2 37
2 47
3 28
8 14
9 12
9 13
9 17
12 11
12 23
15 3
17 31
20 43
21 9
22 36
23 2
23 16
23 39
23 48
25 34
26 24
27 35
28 45
28 46
30 22
30 44
31 25
32 30
34 15
38 1
38 4
40 42
42 32
42 33
45 20
45 26
45 40
45 41
46 27
backbone tree 28, llh: -9225.463370
-1 0
0 18
0 21
0 38
1 5
2 8
2 10
2 37
2 47
3 28
8 14
9 12
9 13
9 17
12 23
15 3
17 31
20 43
21 9
22 11
22 36
23 2
23 16
23 39
23 48
25 34
26 24
27 35
28 45
28 46
30 22
30 44
31 25
32 30
34 15
38 1
38 4
40 42
42 32
42 33
45 20
45 26
45 40
45 41
46 27
backbone tree 29, llh: -9225.474328
-1 0
0 18
0 21
0 38
1 5
2 8
2 10
2 37
2 47
3 28
8 14
9 12
9 13
9 17
12 23
15 3
17 31
20 43
21 9
22 36
23 2
23 16
23 39
23 48
25 34
26 24
27 35
28 45
28 46
30 22
30 44
31 25
32 30
34 15
38 1
38 4
40 42
42 32
42 33
45 20
45 26
45 40
45 41
46 27
48 11
backbone tree 30, llh: -9225.463521
-1 0
0 18
0 21
0 38
1 5
2 8
2 10
2 37
3 28
8 11
8 14
9 12
9 13
9 17
12 23
15 3
17 31
20 43
21 9
22 36
23 2
23 16
23 39
23 48
25 34
26 24
27 35
28 45
28 46
30 22
30 44
31 25
32 30
33 47
34 15
38 1
38 4
40 42
42 32
42 33
45 20
45 26
45 40
45 41
46 27
backbone tree 31, llh: -9225.517984
-1 0
0 18
0 21
0 38
1 5
2 8
2 10
2 37
3 28
8 14
9 12
9 13
9 17
12 11
12 23
15 3
17 31
20 43
21 9
22 36
23 2
23 16
23 39
23 48
25 34
26 24
27 35
28 45
28 46
30 22
30 44
31 25
32 30
33 47
34 15
38 1
38 4
40 42
42 32
42 33
45 20
45 26
45 40
45 41
46 27
backbone tree 32, llh: -9225.466193
-1 0
0 18
0 21
0 38
1 5
2 8
2 10
2 37
3 28
8 14
9 12
9 13
9 17
12 23
15 3
17 31
20 43
21 9
22 11
22 36
23 2
23 16
23 39
23 48
25 34
26 24
27 35
28 45
28 46
30 22
30 44
31 25
32 30
33 47
34 15
38 1
38 4
40 42
42 32
42 33
45 20
45 26
45 40
45 41
46 27
backbone tree 33, llh: -9225.477152
-1 0
0 18
0 21
0 38
1 5
2 8
2 10
2 37
3 28
8 14
9 12
9 13
9 17
12 23
15 3
17 31
20 43
21 9
22 36
23 2
23 16
23 39
23 48
25 34
26 24
27 35
28 45
28 46
30 22
30 44
31 25
32 30
33 47
34 15
38 1
38 4
40 42
42 32
42 33
45 20
45 26
45 40
45 41
46 27
48 11
