# 5 backbone trees, 42 mutations
backbone tree 0, llh: -7402.011176
-1 0
0 5
0 9
0 28
0 37
1 34
4 42
8 44
13 26
14 3
14 12
15 19
16 8
17 7
17 41
21 27
21 39
25 11
28 25
28 32
28 33
29 35
31 10
31 21
31 29
32 24
32 30
36 17
37 14
37 31
39 13
39 16
40 36
40 46
41 4
41 49
44 1
44 23
44 40
46 15
46 18
46 47
backbone tree 1, llh: -7401.986357
-1 0
0 5
0 9
0 28
0 37
1 34
4 42
8 44
13 26
14 3
14 12
15 19
16 8
17 7
17 41
21 27
21 39
28 25
28 32
28 33
29 35
31 10
31 21
31 29
32 24
32 30
36 17
37 14
37 31
39 13
39 16
40 36
40 46
41 4
41 49
42 11
44 1
44 23
44 40
46 15
46 18
46 47
backbone tree 2, llh: -7402.085581
-1 0
0 5
0 9
0 28
0 37
1 34
4 42
8 44
13 26
14 3
14 12
15 19
16 8
17 7
17 41
21 39
28 25
28 27
28 32
28 33
29 35
31 10
31 21
31 29
32 24
32 30
36 17
37 14
37 31
39 13
39 16
40 36
40 46
41 4
41 49
42 11
44 1
44 23
44 40
46 15
46 18
46 47
backbone tree 3, llh: -7402.028451
-1 0
0 5
0 28
0 37
1 9
1 34
4 42
8 44
13 26
14 3
14 12
15 19
16 8
17 7
17 41
21 27
21 39
25 11
28 25
28 32
28 33
29 35
31 10
31 21
31 29
32 24
32 30
36 17
37 14
37 31
39 13
39 16
40 36
40 46
41 4
41 49
44 1
44 23
44 40
46 15
46 18
46 47
backbone tree 4, llh: -7402.017941
-1 0
0 5
0 28
0 37
1 9
1 34
4 42
8 44
13 26
14 3
14 12
15 19
16 8
17 7
17 41
21 27
21 39
28 25
28 32
28 33
29 35
31 10
31 21
31 29
32 24
32 30
36 17
37 14
37 31
39 13
39 16
40 36
40 46
41 4
41 49
42 11
44 1
44 23
44 40
46 15
46 18
46 47
