# 49 backbone trees, 42 mutations
backbone tree 0, llh: -7704.112649
-1 0
0 1
0 16
0 24
0 48
1 19
3 35
3 39
4 5
4 14
5 49
6 36
6 40
7 18
7 34
8 3
9 23
9 47
11 37
14 25
16 31
19 8
19 26
19 28
23 13
23 46
25 10
25 42
26 27
26 32
28 7
28 22
29 11
29 38
31 44
35 9
38 6
38 20
42 12
44 4
46 29
46 41
backbone tree 1, llh: -7704.124234
-1 0
0 1
0 16
0 24
0 48
1 19
3 35
3 39
4 5
4 14
5 49
6 36
6 40
7 34
8 3
9 23
9 47
11 37
14 25
16 31
19 8
19 26
19 28
23 13
23 46
25 10
25 42
26 27
26 32
28 7
28 22
29 11
29 38
31 44
35 9
38 6
38 20
39 18
42 12
44 4
46 29
46 41
backbone tree 2, llh: -7704.097202
-1 0
0 1
0 16
0 24
0 48
1 19
3 35
3 39
4 5
4 14
6 36
6 40
7 18
7 34
8 3
9 23
9 47
11 37
14 25
16 31
19 8
19 26
19 28
23 13
23 46
25 10
25 42
26 27
26 32
28 7
28 22
29 11
29 38
31 44
35 9
38 6
38 20
39 49
42 12
44 4
46 29
46 41
backbone tree 3, llh: -7704.078306
-1 0
0 1
0 16
0 24
0 48
1 19
3 35
3 39
4 5
4 14
5 49
6 36
7 18
7 34
8 3
8 40
9 23
9 47
11 37
14 25
16 31
19 8
19 26
19 28
23 13
23 46
25 10
25 42
26 27
26 32
28 7
28 22
29 11
29 38
31 44
35 9
38 6
38 20
42 12
44 4
46 29
46 41
backbone tree 4, llh: -7704.138946
-1 0
0 1
0 16
0 24
0 48
1 19
3 35
3 39
4 5
4 14
5 49
6 36
7 18
7 34
8 3
8 40
9 23
9 47
11 37
14 25
16 31
19 8
19 26
19 28
23 13
23 46
25 42
26 27
26 32
28 7
28 22
29 11
29 38
31 44
35 9
38 6
38 20
42 12
44 4
46 29
46 41
47 10
backbone tree 5, llh: -7704.089891
-1 0
0 1
0 16
0 24
0 48
1 19
3 35
3 39
4 5
4 14
5 49
6 36
7 34
8 3
8 40
9 23
9 47
11 37
14 25
16 31
19 8
19 26
19 28
23 13
23 46
25 10
25 42
26 27
26 32
28 7
28 22
29 11
29 38
31 44
35 9
38 6
38 20
39 18
42 12
44 4
46 29
46 41
backbone tree 6, llh: -7704.062939
-1 0
0 1
0 16
0 24
0 48
1 19
3 35
3 39
4 5
4 14
6 36
7 18
7 34
8 3
8 40
9 23
9 47
11 37
14 25
16 31
19 8
19 26
19 28
23 13
23 46
25 10
25 42
26 27
26 32
28 7
28 22
29 11
29 38
31 44
35 9
38 6
38 20
39 49
42 12
44 4
46 29
46 41
backbone tree 7, llh: -7704.146395
-1 0
0 1
0 16
0 24
0 48
1 19
3 35
3 39
4 5
4 14
6 36
7 18
7 34
8 3
8 40
9 23
9 47
11 37
14 25
16 31
19 8
19 26
19 28
23 13
23 46
25 42
26 27
26 32
28 7
28 22
29 11
29 38
31 44
35 9
37 10
38 6
38 20
39 49
42 12
44 4
46 29
46 41
backbone tree 8, llh: -7704.123553
-1 0
0 1
0 16
0 24
0 48
1 19
3 35
3 39
4 5
4 14
6 36
7 18
7 34
8 3
8 40
9 23
9 47
11 37
14 25
16 31
19 8
19 26
19 28
23 13
23 46
25 42
26 27
26 32
28 7
28 22
29 11
29 38
31 44
35 9
38 6
38 20
39 49
42 12
44 4
46 29
46 41
47 10
backbone tree 9, llh: -7704.133407
-1 0
0 1
0 16
0 24
0 48
1 19
3 35
3 39
4 5
4 14
6 36
7 34
8 3
8 40
9 23
9 47
11 37
14 25
16 31
19 8
19 26
19 28
23 13
23 46
25 10
25 42
26 18
26 27
26 32
28 7
28 22
29 11
29 38
31 44
35 9
38 6
38 20
39 49
42 12
44 4
46 29
46 41
backbone tree 10, llh: -7704.129685
-1 0
0 1
0 16
0 24
0 48
1 19
3 35
3 39
4 5
4 14
5 49
6 36
6 40
7 18
7 34
8 3
9 23
11 37
14 25
16 31
19 8
19 26
19 28
23 13
23 46
25 10
25 42
26 27
26 32
28 7
28 22
28 47
29 11
29 38
31 44
35 9
38 6
38 20
42 12
44 4
46 29
46 41
backbone tree 11, llh: -7704.141260
-1 0
0 1
0 16
0 24
0 48
1 19
3 35
3 39
4 5
4 14
5 49
6 36
6 40
7 34
8 3
9 23
11 37
14 25
16 31
19 8
19 26
19 28
23 13
23 46
25 10
25 42
26 27
26 32
28 7
28 22
28 47
29 11
29 38
31 44
35 9
38 6
38 20
39 18
42 12
44 4
46 29
46 41
backbone tree 12, llh: -7704.114238
-1 0
0 1
0 16
0 24
0 48
1 19
3 35
3 39
4 5
4 14
6 36
6 40
7 18
7 34
8 3
9 23
11 37
14 25
16 31
19 8
19 26
19 28
23 13
23 46
25 10
25 42
26 27
26 32
28 7
28 22
28 47
29 11
29 38
31 44
35 9
38 6
38 20
39 49
42 12
44 4
46 29
46 41
backbone tree 13, llh: -7704.141808
-1 0
0 1
0 16
0 24
0 48
1 19
3 35
3 39
4 5
4 14
6 36
6 40
7 18
7 34
8 3
9 23
11 37
14 25
16 31
19 8
19 26
19 28
23 13
23 46
25 42
26 27
26 32
28 7
28 22
28 47
29 11
29 38
31 44
35 9
38 6
38 20
39 49
42 12
44 4
46 29
46 41
47 10
backbone tree 14, llh: -7704.095139
-1 0
0 1
0 16
0 24
0 48
1 19
3 35
3 39
4 5
4 14
5 49
6 36
7 18
7 34
8 3
8 40
9 23
11 37
14 25
16 31
19 8
19 26
19 28
23 13
23 46
25 10
25 42
26 27
26 32
28 7
28 22
28 47
29 11
29 38
31 44
35 9
38 6
38 20
42 12
44 4
46 29
46 41
backbone tree 15, llh: -7704.122709
-1 0
0 1
0 16
0 24
0 48
1 19
3 35
3 39
4 5
4 14
5 49
6 36
7 18
7 34
8 3
8 40
9 23
11 37
14 25
16 31
19 8
19 26
19 28
23 13
23 46
25 42
26 27
26 32
28 7
28 22
28 47
29 11
29 38
31 44
35 9
38 6
38 20
42 12
44 4
46 29
46 41
47 10
backbone tree 16, llh: -7704.106714
-1 0
0 1
0 16
0 24
0 48
1 19
3 35
3 39
4 5
4 14
5 49
6 36
7 34
8 3
8 40
9 23
11 37
14 25
16 31
19 8
19 26
19 28
23 13
23 46
25 10
25 42
26 27
26 32
28 7
28 22
28 47
29 11
29 38
31 44
35 9
38 6
38 20
39 18
42 12
44 4
46 29
46 41
backbone tree 17, llh: -7704.134277
-1 0
0 1
0 16
0 24
0 48
1 19
3 35
3 39
4 5
4 14
5 49
6 36
7 34
8 3
8 40
9 23
11 37
14 25
16 31
19 8
19 26
19 28
23 13
23 46
25 42
26 27
26 32
28 7
28 22
28 47
29 11
29 38
31 44
35 9
38 6
38 20
39 18
42 12
44 4
46 29
46 41
47 10
backbone tree 18, llh: -7704.079771
-1 0
0 1
0 16
0 24
0 48
1 19
3 35
3 39
4 5
4 14
6 36
7 18
7 34
8 3
8 40
9 23
11 37
14 25
16 31
19 8
19 26
19 28
23 13
23 46
25 10
25 42
26 27
26 32
28 7
28 22
28 47
29 11
29 38
31 44
35 9
38 6
38 20
39 49
42 12
44 4
46 29
46 41
backbone tree 19, llh: -7704.107342
-1 0
0 1
0 16
0 24
0 48
1 19
3 35
3 39
4 5
4 14
6 36
7 18
7 34
8 3
8 40
9 23
11 37
14 25
16 31
19 8
19 26
19 28
23 13
23 46
25 42
26 27
26 32
28 7
28 22
28 47
29 11
29 38
31 44
35 9
38 6
38 20
39 49
42 12
44 4
46 29
46 41
47 10
backbone tree 20, llh: -7704.140924
-1 0
0 1
0 16
0 47
0 48
1 19
3 35
3 39
4 5
4 14
5 49
6 36
7 18
7 34
8 3
8 40
9 23
11 37
14 25
16 24
16 31
19 8
19 26
19 28
23 13
23 46
25 10
25 42
26 27
26 32
28 7
28 22
29 11
29 38
31 44
35 9
38 6
38 20
42 12
44 4
46 29
46 41
backbone tree 21, llh: -7704.116069
-1 0
0 1
0 16
0 47
0 48
1 19
3 35
3 39
4 5
4 14
5 49
6 36
7 18
7 34
8 3
8 40
9 23
11 37
14 25
16 24
16 31
19 8
19 26
19 28
23 13
23 46
25 42
26 27
26 32
28 7
28 22
29 11
29 38
31 44
35 9
38 6
38 20
42 12
44 4
46 29
46 41
47 10
backbone tree 22, llh: -7704.125502
-1 0
0 1
0 16
0 47
0 48
1 19
3 35
3 39
4 5
4 14
6 36
7 18
7 34
8 3
8 40
9 23
11 37
14 25
16 24
16 31
19 8
19 26
19 28
23 13
23 46
25 10
25 42
26 27
26 32
28 7
28 22
29 11
29 38
31 44
35 9
38 6
38 20
39 49
42 12
44 4
46 29
46 41
backbone tree 23, llh: -7704.100638
-1 0
0 1
0 16
0 47
0 48
1 19
3 35
3 39
4 5
4 14
6 36
7 18
7 34
8 3
8 40
9 23
11 37
14 25
16 24
16 31
19 8
19 26
19 28
23 13
23 46
25 42
26 27
26 32
28 7
28 22
29 11
29 38
31 44
35 9
38 6
38 20
39 49
42 12
44 4
46 29
46 41
47 10
backbone tree 24, llh: -7704.117813
-1 0
0 1
0 16
0 48
1 19
3 35
3 39
4 5
4 14
5 49
6 36
6 40
7 18
7 34
8 3
9 23
9 47
11 37
14 25
16 24
16 31
19 8
19 26
19 28
23 13
23 46
25 10
25 42
26 27
26 32
28 7
28 22
29 11
29 38
31 44
35 9
38 6
38 20
42 12
44 4
46 29
46 41
backbone tree 25, llh: -7704.129398
-1 0
0 1
0 16
0 48
1 19
3 35
3 39
4 5
4 14
5 49
6 36
6 40
7 34
8 3
9 23
9 47
11 37
14 25
16 24
16 31
19 8
19 26
19 28
23 13
23 46
25 10
25 42
26 27
26 32
28 7
28 22
29 11
29 38
31 44
35 9
38 6
38 20
39 18
42 12
44 4
46 29
46 41
backbone tree 26, llh: -7704.102385
-1 0
0 1
0 16
0 48
1 19
3 35
3 39
4 5
4 14
6 36
6 40
7 18
7 34
8 3
9 23
9 47
11 37
14 25
16 24
16 31
19 8
19 26
19 28
23 13
23 46
25 10
25 42
26 27
26 32
28 7
28 22
29 11
29 38
31 44
35 9
38 6
38 20
39 49
42 12
44 4
46 29
46 41
backbone tree 27, llh: -7704.058710
-1 0
0 1
0 16
0 48
1 19
3 35
3 39
4 5
4 14
5 49
6 36
7 18
7 34
8 3
8 40
9 23
9 47
11 37
14 25
16 24
16 31
19 8
19 26
19 28
23 13
23 46
25 10
25 42
26 27
26 32
28 7
28 22
29 11
29 38
31 44
35 9
38 6
38 20
42 12
44 4
46 29
46 41
backbone tree 28, llh: -7704.142166
-1 0
0 1
0 16
0 48
1 19
3 35
3 39
4 5
4 14
5 49
6 36
7 18
7 34
8 3
8 40
9 23
9 47
11 37
14 25
16 24
16 31
19 8
19 26
19 28
23 13
23 46
25 42
26 27
26 32
28 7
28 22
29 11
29 38
31 44
35 9
37 10
38 6
38 20
42 12
44 4
46 29
46 41
backbone tree 29, llh: -7704.119349
-1 0
0 1
0 16
0 48
1 19
3 35
3 39
4 5
4 14
5 49
6 36
7 18
7 34
8 3
8 40
9 23
9 47
11 37
14 25
16 24
16 31
19 8
19 26
19 28
23 13
23 46
25 42
26 27
26 32
28 7
28 22
29 11
29 38
31 44
35 9
38 6
38 20
42 12
44 4
46 29
46 41
47 10
backbone tree 30, llh: -7704.128323
-1 0
0 1
0 16
0 48
1 19
3 35
3 39
4 5
4 14
5 49
6 36
7 34
8 3
8 40
9 23
9 47
11 37
14 25
16 24
16 31
19 8
19 26
19 28
23 13
23 46
25 10
25 42
26 18
26 27
26 32
28 7
28 22
29 11
29 38
31 44
35 9
38 6
38 20
42 12
44 4
46 29
46 41
backbone tree 31, llh: -7704.070295
-1 0
0 1
0 16
0 48
1 19
3 35
3 39
4 5
4 14
5 49
6 36
7 34
8 3
8 40
9 23
9 47
11 37
14 25
16 24
16 31
19 8
19 26
19 28
23 13
23 46
25 10
25 42
26 27
26 32
28 7
28 22
29 11
29 38
31 44
35 9
38 6
38 20
39 18
42 12
44 4
46 29
46 41
backbone tree 32, llh: -7704.130908
-1 0
0 1
0 16
0 48
1 19
3 35
3 39
4 5
4 14
5 49
6 36
7 34
8 3
8 40
9 23
9 47
11 37
14 25
16 24
16 31
19 8
19 26
19 28
23 13
23 46
25 42
26 27
26 32
28 7
28 22
29 11
29 38
31 44
35 9
38 6
38 20
39 18
42 12
44 4
46 29
46 41
47 10
backbone tree 33, llh: -7704.043279
-1 0
0 1
0 16
0 48
1 19
3 35
3 39
4 5
4 14
6 36
7 18
7 34
8 3
8 40
9 23
9 47
11 37
14 25
16 24
16 31
19 8
19 26
19 28
23 13
23 46
25 10
25 42
26 27
26 32
28 7
28 22
29 11
29 38
31 44
35 9
38 6
38 20
39 49
42 12
44 4
46 29
46 41
backbone tree 34, llh: -7704.126735
-1 0
0 1
0 16
0 48
1 19
3 35
3 39
4 5
4 14
6 36
7 18
7 34
8 3
8 40
9 23
9 47
11 37
14 25
16 24
16 31
19 8
19 26
19 28
23 13
23 46
25 42
26 27
26 32
28 7
28 22
29 11
29 38
31 44
35 9
37 10
38 6
38 20
39 49
42 12
44 4
46 29
46 41
backbone tree 35, llh: -7704.103892
-1 0
0 1
0 16
0 48
1 19
3 35
3 39
4 5
4 14
6 36
7 18
7 34
8 3
8 40
9 23
9 47
11 37
14 25
16 24
16 31
19 8
19 26
19 28
23 13
23 46
25 42
26 27
26 32
28 7
28 22
29 11
29 38
31 44
35 9
38 6
38 20
39 49
42 12
44 4
46 29
46 41
47 10
backbone tree 36, llh: -7704.112892
-1 0
0 1
0 16
0 48
1 19
3 35
3 39
4 5
4 14
6 36
7 34
8 3
8 40
9 23
9 47
11 37
14 25
16 24
16 31
19 8
19 26
19 28
23 13
23 46
25 10
25 42
26 18
26 27
26 32
28 7
28 22
29 11
29 38
31 44
35 9
38 6
38 20
39 49
42 12
44 4
46 29
46 41
backbone tree 37, llh: -7704.134712
-1 0
0 1
0 16
0 48
1 19
3 35
3 39
4 5
4 14
5 49
6 36
6 40
7 18
7 34
8 3
9 23
11 37
14 25
16 24
16 31
19 8
19 26
19 28
23 13
23 46
25 10
25 42
26 27
26 32
28 7
28 22
28 47
29 11
29 38
31 44
35 9
38 6
38 20
42 12
44 4
46 29
46 41
backbone tree 38, llh: -7704.146287
-1 0
0 1
0 16
0 48
1 19
3 35
3 39
4 5
4 14
5 49
6 36
6 40
7 34
8 3
9 23
11 37
14 25
16 24
16 31
19 8
19 26
19 28
23 13
23 46
25 10
25 42
26 27
26 32
28 7
28 22
28 47
29 11
29 38
31 44
35 9
38 6
38 20
39 18
42 12
44 4
46 29
46 41
backbone tree 39, llh: -7704.119284
-1 0
0 1
0 16
0 48
1 19
3 35
3 39
4 5
4 14
6 36
6 40
7 18
7 34
8 3
9 23
11 37
14 25
16 24
16 31
19 8
19 26
19 28
23 13
23 46
25 10
25 42
26 27
26 32
28 7
28 22
28 47
29 11
29 38
31 44
35 9
38 6
38 20
39 49
42 12
44 4
46 29
46 41
backbone tree 40, llh: -7704.146628
-1 0
0 1
0 16
0 48
1 19
3 35
3 39
4 5
4 14
6 36
6 40
7 18
7 34
8 3
9 23
11 37
14 25
16 24
16 31
19 8
19 26
19 28
23 13
23 46
25 42
26 27
26 32
28 7
28 22
28 47
29 11
29 38
31 44
35 9
38 6
38 20
39 49
42 12
44 4
46 29
46 41
47 10
backbone tree 41, llh: -7704.075626
-1 0
0 1
0 16
0 48
1 19
3 35
3 39
4 5
4 14
5 49
6 36
7 18
7 34
8 3
8 40
9 23
11 37
14 25
16 24
16 31
19 8
19 26
19 28
23 13
23 46
25 10
25 42
26 27
26 32
28 7
28 22
28 47
29 11
29 38
31 44
35 9
38 6
38 20
42 12
44 4
46 29
46 41
backbone tree 42, llh: -7704.102969
-1 0
0 1
0 16
0 48
1 19
3 35
3 39
4 5
4 14
5 49
6 36
7 18
7 34
8 3
8 40
9 23
11 37
14 25
16 24
16 31
19 8
19 26
19 28
23 13
23 46
25 42
26 27
26 32
28 7
28 22
28 47
29 11
29 38
31 44
35 9
38 6
38 20
42 12
44 4
46 29
46 41
47 10
backbone tree 43, llh: -7704.087200
-1 0
0 1
0 16
0 48
1 19
3 35
3 39
4 5
4 14
5 49
6 36
7 34
8 3
8 40
9 23
11 37
14 25
16 24
16 31
19 8
19 26
19 28
23 13
23 46
25 10
25 42
26 27
26 32
28 7
28 22
28 47
29 11
29 38
31 44
35 9
38 6
38 20
39 18
42 12
44 4
46 29
46 41
backbone tree 44, llh: -7704.114544
-1 0
0 1
0 16
0 48
1 19
3 35
3 39
4 5
4 14
5 49
6 36
7 34
8 3
8 40
9 23
11 37
14 25
16 24
16 31
19 8
19 26
19 28
23 13
23 46
25 42
26 27
26 32
28 7
28 22
28 47
29 11
29 38
31 44
35 9
38 6
38 20
39 18
42 12
44 4
46 29
46 41
47 10
backbone tree 45, llh: -7704.060194
-1 0
0 1
0 16
0 48
1 19
3 35
3 39
4 5
4 14
6 36
7 18
7 34
8 3
8 40
9 23
11 37
14 25
16 24
16 31
19 8
19 26
19 28
23 13
23 46
25 10
25 42
26 27
26 32
28 7
28 22
28 47
29 11
29 38
31 44
35 9
38 6
38 20
39 49
42 12
44 4
46 29
46 41
backbone tree 46, llh: -7704.143651
-1 0
0 1
0 16
0 48
1 19
3 35
3 39
4 5
4 14
6 36
7 18
7 34
8 3
8 40
9 23
11 37
14 25
16 24
16 31
19 8
19 26
19 28
23 13
23 46
25 42
26 27
26 32
28 7
28 22
28 47
29 11
29 38
31 44
35 9
37 10
38 6
38 20
39 49
42 12
44 4
46 29
46 41
backbone tree 47, llh: -7704.087538
-1 0
0 1
0 16
0 48
1 19
3 35
3 39
4 5
4 14
6 36
7 18
7 34
8 3
8 40
9 23
11 37
14 25
16 24
16 31
19 8
19 26
19 28
23 13
23 46
25 42
26 27
26 32
28 7
28 22
28 47
29 11
29 38
31 44
35 9
38 6
38 20
39 49
42 12
44 4
46 29
46 41
47 10
backbone tree 48, llh: -7704.138635
-1 0
0 1
0 16
0 48
1 19
3 35
3 39
4 5
4 14
6 36
7 34
8 3
8 40
9 23
11 37
14 25
16 24
16 31
19 8
19 26
19 28
23 13
23 46
25 10
25 42
26 18
26 27
26 32
28 7
28 22
28 47
29 11
29 38
31 44
35 9
38 6
38 20
39 49
42 12
44 4
46 29
46 41
