# 35 backbone trees, 42 mutations
backbone tree 0, llh: -8906.170090
-1 0
0 14
0 24
0 44
1 3
1 22
2 8
2 49
3 25
5 43
5 48
7 10
7 16
7 42
8 11
10 6
10 13
14 4
14 28
15 20
17 32
20 30
21 15
21 34
21 41
22 29
24 2
24 19
26 5
28 21
30 37
32 9
33 7
33 18
33 46
37 33
40 26
41 38
42 17
42 47
43 1
46 40
backbone tree 1, llh: -8906.128456
-1 0
0 14
0 24
0 44
1 3
1 22
2 8
2 49
3 25
5 43
5 48
7 10
7 16
7 42
8 11
10 6
10 13
14 4
14 28
15 20
17 32
20 30
21 15
21 34
21 41
22 29
24 2
24 19
26 5
28 21
30 37
32 9
33 7
33 18
33 46
37 33
40 26
41 38
42 17
43 1
44 47
46 40
backbone tree 2, llh: -8906.170038
-1 0
0 14
0 24
0 44
1 3
1 22
2 8
2 49
3 25
5 43
5 48
7 10
7 42
8 11
10 6
10 13
14 4
14 28
15 20
17 32
20 30
21 15
21 34
21 41
22 29
24 2
24 19
26 5
28 21
30 37
32 9
33 7
33 18
33 46
37 33
38 16
40 26
41 38
42 17
42 47
43 1
46 40
backbone tree 3, llh: -8906.128404
-1 0
0 14
0 24
0 44
1 3
1 22
2 8
2 49
3 25
5 43
5 48
7 10
7 42
8 11
10 6
10 13
14 4
14 28
15 20
17 32
20 30
21 15
21 34
21 41
22 29
24 2
24 19
26 5
28 21
30 37
32 9
33 7
33 18
33 46
37 33
38 16
40 26
41 38
42 17
43 1
44 47
46 40
backbone tree 4, llh: -8906.168373
-1 0
0 14
0 24
0 44
1 3
1 22
2 8
2 49
3 25
5 43
5 48
7 10
7 42
8 11
10 6
10 13
14 4
14 28
15 20
17 32
20 30
21 15
21 34
21 41
22 29
24 2
24 19
26 5
28 21
30 37
32 9
33 7
33 18
33 46
37 33
40 26
41 38
42 17
42 47
43 1
43 16
46 40
backbone tree 5, llh: -8906.126739
-1 0
0 14
0 24
0 44
1 3
1 22
2 8
2 49
3 25
5 43
5 48
7 10
7 42
8 11
10 6
10 13
14 4
14 28
15 20
17 32
20 30
21 15
21 34
21 41
22 29
24 2
24 19
26 5
28 21
30 37
32 9
33 7
33 18
33 46
37 33
40 26
41 38
42 17
43 1
43 16
44 47
46 40
backbone tree 6, llh: -8906.168397
-1 0
0 14
0 24
0 44
1 3
1 22
2 8
2 49
3 25
5 43
5 48
7 10
7 42
8 11
10 6
10 13
14 4
14 28
15 20
17 32
20 30
21 15
21 34
21 41
22 29
24 2
24 19
26 5
28 21
30 37
32 9
33 7
33 18
33 46
37 33
40 26
41 38
42 17
42 47
43 1
46 16
46 40
backbone tree 7, llh: -8906.126763
-1 0
0 14
0 24
0 44
1 3
1 22
2 8
2 49
3 25
5 43
5 48
7 10
7 42
8 11
10 6
10 13
14 4
14 28
15 20
17 32
20 30
21 15
21 34
21 41
22 29
24 2
24 19
26 5
28 21
30 37
32 9
33 7
33 18
33 46
37 33
40 26
41 38
42 17
43 1
44 47
46 16
46 40
backbone tree 8, llh: -8906.156298
-1 0
0 14
0 24
0 44
1 3
1 22
2 8
2 49
3 25
5 43
5 48
7 10
7 16
7 42
8 11
10 6
10 13
14 4
14 28
15 20
17 32
20 30
21 15
21 41
22 29
24 2
24 19
26 5
28 21
30 37
32 9
33 7
33 18
33 46
37 33
40 26
41 38
42 17
42 47
43 1
46 34
46 40
backbone tree 9, llh: -8906.114725
-1 0
0 14
0 24
0 44
1 3
1 22
2 8
2 49
3 25
5 43
5 48
7 10
7 16
7 42
8 11
10 6
10 13
14 4
14 28
15 20
17 32
20 30
21 15
21 41
22 29
24 2
24 19
26 5
28 21
30 37
32 9
33 7
33 18
33 46
37 33
40 26
41 38
42 17
43 1
44 47
46 34
46 40
backbone tree 10, llh: -8906.156339
-1 0
0 14
0 24
0 44
1 3
1 22
2 8
2 49
3 25
5 43
5 48
7 10
7 42
8 11
10 6
10 13
14 4
14 28
15 20
17 32
20 30
21 15
21 41
22 29
24 2
24 19
26 5
28 21
30 37
32 9
33 7
33 18
33 46
37 33
38 16
40 26
41 38
42 17
42 47
43 1
46 34
46 40
backbone tree 11, llh: -8906.114766
-1 0
0 14
0 24
0 44
1 3
1 22
2 8
2 49
3 25
5 43
5 48
7 10
7 42
8 11
10 6
10 13
14 4
14 28
15 20
17 32
20 30
21 15
21 41
22 29
24 2
24 19
26 5
28 21
30 37
32 9
33 7
33 18
33 46
37 33
38 16
40 26
41 38
42 17
43 1
44 47
46 34
46 40
backbone tree 12, llh: -8906.154584
-1 0
0 14
0 24
0 44
1 3
1 22
2 8
2 49
3 25
5 43
5 48
7 10
7 42
8 11
10 6
10 13
14 4
14 28
15 20
17 32
20 30
21 15
21 41
22 29
24 2
24 19
26 5
28 21
30 37
32 9
33 7
33 18
33 46
37 33
40 26
41 38
42 17
42 47
43 1
43 16
46 34
46 40
backbone tree 13, llh: -8906.113011
-1 0
0 14
0 24
0 44
1 3
1 22
2 8
2 49
3 25
5 43
5 48
7 10
7 42
8 11
10 6
10 13
14 4
14 28
15 20
17 32
20 30
21 15
21 41
22 29
24 2
24 19
26 5
28 21
30 37
32 9
33 7
33 18
33 46
37 33
40 26
41 38
42 17
43 1
43 16
44 47
46 34
46 40
backbone tree 14, llh: -8906.177106
-1 0
0 14
0 24
0 44
1 3
1 22
2 8
2 49
3 25
5 43
5 48
7 10
7 42
8 11
10 6
10 13
14 4
14 28
15 20
17 32
20 30
21 15
21 41
22 29
24 2
24 19
26 5
28 21
30 37
32 9
33 7
33 18
33 46
37 33
40 26
41 38
42 17
42 47
43 1
46 16
46 34
46 40
backbone tree 15, llh: -8906.135533
-1 0
0 14
0 24
0 44
1 3
1 22
2 8
2 49
3 25
5 43
5 48
7 10
7 42
8 11
10 6
10 13
14 4
14 28
15 20
17 32
20 30
21 15
21 41
22 29
24 2
24 19
26 5
28 21
30 37
32 9
33 7
33 18
33 46
37 33
40 26
41 38
42 17
43 1
44 47
46 16
46 34
46 40
backbone tree 16, llh: -8906.195672
-1 0
0 14
0 24
0 44
1 3
1 22
2 8
2 49
3 25
5 43
5 48
7 10
7 42
8 11
10 6
10 13
14 4
14 28
15 20
17 32
20 30
21 15
21 41
22 29
24 2
26 5
28 21
30 19
30 37
32 9
33 7
33 18
33 46
37 33
40 26
41 38
42 17
42 47
43 1
43 16
46 34
46 40
backbone tree 17, llh: -8906.151519
-1 0
0 14
0 24
0 44
1 3
1 22
2 8
2 49
3 25
5 43
5 48
7 10
7 42
8 11
10 6
10 13
14 4
14 28
15 20
17 32
20 30
21 15
21 41
22 29
24 2
26 5
28 21
30 19
30 37
32 9
33 7
33 18
33 46
37 33
40 26
41 38
42 17
43 1
43 16
44 47
46 34
46 40
backbone tree 18, llh: -8906.183034
-1 0
0 14
0 24
0 44
1 3
1 22
2 8
2 49
3 25
5 43
5 48
7 10
7 42
8 11
10 13
14 4
14 28
15 20
17 32
20 30
21 15
21 41
22 29
24 2
24 6
26 5
28 21
30 19
30 37
32 9
33 7
33 18
33 46
37 33
40 26
41 38
42 17
43 1
43 16
44 47
46 34
46 40
backbone tree 19, llh: -8906.106736
-1 0
0 14
0 24
0 44
1 3
1 22
2 8
2 49
3 25
5 43
5 48
7 10
7 16
7 42
8 11
10 6
10 13
14 4
14 28
15 20
17 32
20 30
21 15
21 34
21 41
22 29
24 2
26 5
28 21
30 37
32 9
33 7
33 18
33 46
37 33
40 26
41 38
42 17
42 47
43 1
44 19
46 40
backbone tree 20, llh: -8906.141430
-1 0
0 14
0 24
0 44
1 3
1 22
2 8
2 49
3 25
5 43
5 48
7 10
7 16
7 42
8 11
10 13
14 4
14 28
15 20
17 32
20 30
21 15
21 34
21 41
22 29
24 2
24 6
26 5
28 21
30 37
32 9
33 7
33 18
33 46
37 33
40 26
41 38
42 17
42 47
43 1
44 19
46 40
backbone tree 21, llh: -8906.106684
-1 0
0 14
0 24
0 44
1 3
1 22
2 8
2 49
3 25
5 43
5 48
7 10
7 42
8 11
10 6
10 13
14 4
14 28
15 20
17 32
20 30
21 15
21 34
21 41
22 29
24 2
26 5
28 21
30 37
32 9
33 7
33 18
33 46
37 33
38 16
40 26
41 38
42 17
42 47
43 1
44 19
46 40
backbone tree 22, llh: -8906.141742
-1 0
0 14
0 24
0 44
1 3
1 22
2 8
2 49
3 25
5 43
5 48
7 10
7 42
8 11
10 13
14 4
14 28
15 20
17 32
20 30
21 15
21 34
21 41
22 29
24 2
24 6
26 5
28 21
30 37
32 9
33 7
33 18
33 46
37 33
38 16
40 26
41 38
42 17
42 47
43 1
44 19
46 40
backbone tree 23, llh: -8906.105019
-1 0
0 14
0 24
0 44
1 3
1 22
2 8
2 49
3 25
5 43
5 48
7 10
7 42
8 11
10 6
10 13
14 4
14 28
15 20
17 32
20 30
21 15
21 34
21 41
22 29
24 2
26 5
28 21
30 37
32 9
33 7
33 18
33 46
37 33
40 26
41 38
42 17
42 47
43 1
43 16
44 19
46 40
backbone tree 24, llh: -8906.140076
-1 0
0 14
0 24
0 44
1 3
1 22
2 8
2 49
3 25
5 43
5 48
7 10
7 42
8 11
10 13
14 4
14 28
15 20
17 32
20 30
21 15
21 34
21 41
22 29
24 2
24 6
26 5
28 21
30 37
32 9
33 7
33 18
33 46
37 33
40 26
41 38
42 17
42 47
43 1
43 16
44 19
46 40
backbone tree 25, llh: -8906.105044
-1 0
0 14
0 24
0 44
1 3
1 22
2 8
2 49
3 25
5 43
5 48
7 10
7 42
8 11
10 6
10 13
14 4
14 28
15 20
17 32
20 30
21 15
21 34
21 41
22 29
24 2
26 5
28 21
30 37
32 9
33 7
33 18
33 46
37 33
40 26
41 38
42 17
42 47
43 1
44 19
46 16
46 40
backbone tree 26, llh: -8906.140101
-1 0
0 14
0 24
0 44
1 3
1 22
2 8
2 49
3 25
5 43
5 48
7 10
7 42
8 11
10 13
14 4
14 28
15 20
17 32
20 30
21 15
21 34
21 41
22 29
24 2
24 6
26 5
28 21
30 37
32 9
33 7
33 18
33 46
37 33
40 26
41 38
42 17
42 47
43 1
44 19
46 16
46 40
backbone tree 27, llh: -8906.092965
-1 0
0 14
0 24
0 44
1 3
1 22
2 8
2 49
3 25
5 43
5 48
7 10
7 16
7 42
8 11
10 6
10 13
14 4
14 28
15 20
17 32
20 30
21 15
21 41
22 29
24 2
26 5
28 21
30 37
32 9
33 7
33 18
33 46
37 33
40 26
41 38
42 17
42 47
43 1
44 19
46 34
46 40
backbone tree 28, llh: -8906.127602
-1 0
0 14
0 24
0 44
1 3
1 22
2 8
2 49
3 25
5 43
5 48
7 10
7 16
7 42
8 11
10 13
14 4
14 28
15 20
17 32
20 30
21 15
21 41
22 29
24 2
24 6
26 5
28 21
30 37
32 9
33 7
33 18
33 46
37 33
40 26
41 38
42 17
42 47
43 1
44 19
46 34
46 40
backbone tree 29, llh: -8906.093006
-1 0
0 14
0 24
0 44
1 3
1 22
2 8
2 49
3 25
5 43
5 48
7 10
7 42
8 11
10 6
10 13
14 4
14 28
15 20
17 32
20 30
21 15
21 41
22 29
24 2
26 5
28 21
30 37
32 9
33 7
33 18
33 46
37 33
38 16
40 26
41 38
42 17
42 47
43 1
44 19
46 34
46 40
backbone tree 30, llh: -8906.128008
-1 0
0 14
0 24
0 44
1 3
1 22
2 8
2 49
3 25
5 43
5 48
7 10
7 42
8 11
10 13
14 4
14 28
15 20
17 32
20 30
21 15
21 41
22 29
24 2
24 6
26 5
28 21
30 37
32 9
33 7
33 18
33 46
37 33
38 16
40 26
41 38
42 17
42 47
43 1
44 19
46 34
46 40
backbone tree 31, llh: -8906.091251
-1 0
0 14
0 24
0 44
1 3
1 22
2 8
2 49
3 25
5 43
5 48
7 10
7 42
8 11
10 6
10 13
14 4
14 28
15 20
17 32
20 30
21 15
21 41
22 29
24 2
26 5
28 21
30 37
32 9
33 7
33 18
33 46
37 33
40 26
41 38
42 17
42 47
43 1
43 16
44 19
46 34
46 40
backbone tree 32, llh: -8906.126252
-1 0
0 14
0 24
0 44
1 3
1 22
2 8
2 49
3 25
5 43
5 48
7 10
7 42
8 11
10 13
14 4
14 28
15 20
17 32
20 30
21 15
21 41
22 29
24 2
24 6
26 5
28 21
30 37
32 9
33 7
33 18
33 46
37 33
40 26
41 38
42 17
42 47
43 1
43 16
44 19
46 34
46 40
backbone tree 33, llh: -8906.113773
-1 0
0 14
0 24
0 44
1 3
1 22
2 8
2 49
3 25
5 43
5 48
7 10
7 42
8 11
10 6
10 13
14 4
14 28
15 20
17 32
20 30
21 15
21 41
22 29
24 2
26 5
28 21
30 37
32 9
33 7
33 18
33 46
37 33
40 26
41 38
42 17
42 47
43 1
44 19
46 16
46 34
46 40
backbone tree 34, llh: -8906.148774
-1 0
0 14
0 24
0 44
1 3
1 22
2 8
2 49
3 25
5 43
5 48
7 10
7 42
8 11
10 13
14 4
14 28
15 20
17 32
20 30
21 15
21 41
22 29
24 2
24 6
26 5
28 21
30 37
32 9
33 7
33 18
33 46
37 33
40 26
41 38
42 17
42 47
43 1
44 19
46 16
46 34
46 40
