# 13 backbone trees, 45 mutations
backbone tree 0, llh: -9365.015933
-1 0
0 37
2 14
2 19
4 39
4 49
5 1
5 11
5 40
8 33
10 36
10 45
11 44
13 42
14 23
14 26
14 46
15 8
16 2
16 9
19 21
20 38
20 41
21 28
22 25
22 30
25 7
25 15
26 27
27 20
27 48
28 4
28 43
31 13
33 12
37 10
38 47
40 22
42 6
43 5
43 31
44 32
45 3
45 16
45 35
backbone tree 1, llh: -9365.008538
-1 0
0 37
2 14
2 19
4 39
4 49
5 1
5 11
5 40
8 33
10 36
10 45
11 44
13 42
14 23
14 26
14 46
15 8
16 2
16 9
19 21
20 38
20 41
21 28
22 25
22 30
25 15
26 27
27 20
27 48
28 4
28 43
31 13
33 12
37 10
38 47
40 22
42 6
42 7
43 5
43 31
44 32
45 3
45 16
45 35
backbone tree 2, llh: -9365.037224
-1 0
0 37
2 14
2 19
4 39
4 49
5 1
5 11
5 40
8 33
10 36
10 45
11 44
13 42
14 23
14 26
14 46
15 8
16 2
16 9
19 21
20 38
20 41
21 28
22 25
22 30
25 15
26 27
27 20
27 48
28 4
28 43
31 13
33 12
37 10
38 47
40 22
42 6
43 5
43 7
43 31
44 32
45 3
45 16
45 35
backbone tree 3, llh: -9364.955038
-1 0
0 37
2 14
2 19
4 39
4 49
5 1
5 11
5 40
8 33
10 36
10 45
11 44
13 42
14 23
14 26
14 46
15 8
16 2
16 9
19 21
20 38
21 28
22 25
22 30
25 7
25 15
26 27
27 20
27 48
28 4
28 43
31 13
33 12
35 41
37 10
38 47
40 22
42 6
43 5
43 31
44 32
45 3
45 16
45 35
backbone tree 4, llh: -9365.044373
-1 0
0 37
2 14
2 19
4 39
4 49
5 1
5 11
5 40
8 33
10 36
10 45
11 44
13 42
14 23
14 26
14 46
15 8
16 2
16 9
19 21
20 38
21 28
22 25
22 30
25 15
26 27
27 20
27 48
28 4
28 43
31 13
33 12
35 41
37 10
38 7
38 47
40 22
42 6
43 5
43 31
44 32
45 3
45 16
45 35
backbone tree 5, llh: -9364.947642
-1 0
0 37
2 14
2 19
4 39
4 49
5 1
5 11
5 40
8 33
10 36
10 45
11 44
13 42
14 23
14 26
14 46
15 8
16 2
16 9
19 21
20 38
21 28
22 25
22 30
25 15
26 27
27 20
27 48
28 4
28 43
31 13
33 12
35 41
37 10
38 47
40 22
42 6
42 7
43 5
43 31
44 32
45 3
45 16
45 35
backbone tree 6, llh: -9364.976329
-1 0
0 37
2 14
2 19
4 39
4 49
5 1
5 11
5 40
8 33
10 36
10 45
11 44
13 42
14 23
14 26
14 46
15 8
16 2
16 9
19 21
20 38
21 28
22 25
22 30
25 15
26 27
27 20
27 48
28 4
28 43
31 13
33 12
35 41
37 10
38 47
40 22
42 6
43 5
43 7
43 31
44 32
45 3
45 16
45 35
backbone tree 7, llh: -9365.027937
-1 0
0 37
2 14
2 19
4 39
4 49
5 1
5 11
5 40
8 33
10 36
10 45
11 44
13 42
14 23
14 26
14 46
15 8
16 2
16 9
19 21
20 38
20 41
21 28
22 25
22 30
25 7
25 15
26 27
27 20
27 48
28 4
28 43
31 13
37 10
38 47
40 22
42 6
43 5
43 31
44 32
45 3
45 12
45 16
45 35
backbone tree 8, llh: -9365.020542
-1 0
0 37
2 14
2 19
4 39
4 49
5 1
5 11
5 40
8 33
10 36
10 45
11 44
13 42
14 23
14 26
14 46
15 8
16 2
16 9
19 21
20 38
20 41
21 28
22 25
22 30
25 15
26 27
27 20
27 48
28 4
28 43
31 13
37 10
38 47
40 22
42 6
42 7
43 5
43 31
44 32
45 3
45 12
45 16
45 35
backbone tree 9, llh: -9365.049228
-1 0
0 37
2 14
2 19
4 39
4 49
5 1
5 11
5 40
8 33
10 36
10 45
11 44
13 42
14 23
14 26
14 46
15 8
16 2
16 9
19 21
20 38
20 41
21 28
22 25
22 30
25 15
26 27
27 20
27 48
28 4
28 43
31 13
37 10
38 47
40 22
42 6
43 5
43 7
43 31
44 32
45 3
45 12
45 16
45 35
backbone tree 10, llh: -9364.967042
-1 0
0 37
2 14
2 19
4 39
4 49
5 1
5 11
5 40
8 33
10 36
10 45
11 44
13 42
14 23
14 26
14 46
15 8
16 2
16 9
19 21
20 38
21 28
22 25
22 30
25 7
25 15
26 27
27 20
27 48
28 4
28 43
31 13
35 41
37 10
38 47
40 22
42 6
43 5
43 31
44 32
45 3
45 12
45 16
45 35
backbone tree 11, llh: -9364.959647
-1 0
0 37
2 14
2 19
4 39
4 49
5 1
5 11
5 40
8 33
10 36
10 45
11 44
13 42
14 23
14 26
14 46
15 8
16 2
16 9
19 21
20 38
21 28
22 25
22 30
25 15
26 27
27 20
27 48
28 4
28 43
31 13
35 41
37 10
38 47
40 22
42 6
42 7
43 5
43 31
44 32
45 3
45 12
45 16
45 35
backbone tree 12, llh: -9364.988333
-1 0
0 37
2 14
2 19
4 39
4 49
5 1
5 11
5 40
8 33
10 36
10 45
11 44
13 42
14 23
14 26
14 46
15 8
16 2
16 9
19 21
20 38
21 28
22 25
22 30
25 15
26 27
27 20
27 48
28 4
28 43
31 13
35 41
37 10
38 47
40 22
42 6
43 5
43 7
43 31
44 32
45 3
45 12
45 16
45 35
