# 4 backbone trees, 39 mutations
backbone tree 0, llh: -9240.333388
-1 0
0 12
0 14
0 40
1 15
1 19
1 29
1 38
5 41
8 17
9 6
10 49
11 28
11 43
12 42
13 8
13 9
13 22
13 46
13 48
18 13
22 23
23 30
24 10
25 33
25 36
25 47
27 18
28 16
28 24
28 37
29 2
29 27
30 7
30 11
31 1
31 5
36 31
42 25
backbone tree 1, llh: -9240.342178
-1 0
0 12
0 14
0 40
1 15
1 19
1 29
1 38
5 41
8 17
9 6
10 49
11 28
11 43
12 42
13 8
13 9
13 22
13 46
13 48
18 13
22 23
23 30
24 10
25 33
25 36
27 18
28 16
28 24
28 37
29 2
29 27
30 11
30 47
31 1
31 5
31 7
36 31
42 25
backbone tree 2, llh: -9240.277956
-1 0
0 12
0 14
0 40
1 15
1 29
1 38
5 41
8 17
9 6
10 49
11 28
11 43
12 42
13 8
13 9
13 22
13 46
13 48
18 13
22 23
23 30
24 10
25 19
25 33
25 36
27 18
28 16
28 24
28 37
29 2
29 27
30 11
30 47
31 1
31 5
31 7
36 31
42 25
backbone tree 3, llh: -9240.379738
-1 0
0 12
0 14
0 40
1 15
1 29
1 38
5 41
8 17
9 6
10 49
11 28
11 43
12 42
13 8
13 9
13 22
13 46
13 48
18 13
22 23
23 30
24 10
25 19
25 33
25 36
27 18
28 16
28 24
29 2
29 27
30 11
30 37
30 47
31 1
31 5
31 7
36 31
42 25
