# 15 backbone trees, 47 mutations
backbone tree 0, llh: -6718.622410
-1 28
0 2
0 15
1 3
1 35
4 18
4 29
4 39
5 12
6 14
6 47
7 5
7 27
8 19
10 13
10 38
11 17
15 1
15 40
15 41
15 48
17 43
21 10
21 32
22 20
26 4
26 6
26 24
28 0
28 23
29 45
31 8
32 7
32 25
32 44
34 21
35 31
37 49
38 9
38 42
40 22
40 26
40 34
41 11
41 33
44 30
45 37
backbone tree 1, llh: -6718.590117
-1 28
0 2
0 15
1 3
1 35
4 18
4 29
4 39
5 12
6 47
7 5
7 27
8 19
10 13
10 38
11 17
15 1
15 40
15 41
15 48
17 43
21 10
21 32
22 20
26 4
26 6
26 24
27 14
28 0
28 23
29 45
31 8
32 7
32 25
32 44
34 21
35 31
37 49
38 9
38 42
40 22
40 26
40 34
41 11
41 33
44 30
45 37
backbone tree 2, llh: -6718.659201
-1 28
0 2
0 15
1 3
1 35
4 18
4 29
5 12
6 47
7 5
7 27
8 19
10 13
10 38
11 17
15 1
15 40
15 41
15 48
17 43
21 10
21 32
22 20
26 4
26 6
26 24
27 14
28 0
28 23
29 45
31 8
32 7
32 25
32 44
34 21
35 31
37 49
38 9
38 42
40 22
40 26
40 34
41 11
41 33
44 30
45 37
49 39
backbone tree 3, llh: -6718.570074
-1 28
0 2
0 15
1 3
1 35
4 18
4 29
4 39
5 12
6 47
7 5
7 27
8 19
10 13
10 38
11 17
15 1
15 40
15 41
15 48
17 43
21 10
21 32
22 20
26 4
26 6
26 24
28 0
28 23
29 45
31 8
32 7
32 25
32 44
34 21
35 31
37 49
38 9
38 42
40 22
40 26
40 34
41 11
41 33
44 30
45 37
47 14
backbone tree 4, llh: -6718.648263
-1 28
0 2
0 15
1 3
1 35
4 18
4 29
5 12
6 47
7 5
7 27
8 19
10 13
10 38
11 17
15 1
15 40
15 41
15 48
17 43
18 39
21 10
21 32
22 20
26 4
26 6
26 24
28 0
28 23
29 45
31 8
32 7
32 25
32 44
34 21
35 31
37 49
38 9
38 42
40 22
40 26
40 34
41 11
41 33
44 30
45 37
47 14
backbone tree 5, llh: -6718.639158
-1 28
0 2
0 15
1 3
1 35
4 18
4 29
5 12
6 47
7 5
7 27
8 19
10 13
10 38
11 17
15 1
15 40
15 41
15 48
17 43
21 10
21 32
22 20
26 4
26 6
26 24
28 0
28 23
29 45
31 8
32 7
32 25
32 44
34 21
35 31
37 49
38 9
38 42
40 22
40 26
40 34
41 11
41 33
44 30
45 37
47 14
49 39
backbone tree 6, llh: -6718.608816
-1 28
0 2
0 15
1 3
1 35
4 18
4 29
4 39
5 12
6 14
6 47
7 5
7 27
8 19
10 13
10 38
11 17
15 1
15 40
15 41
15 48
21 10
21 32
22 20
26 4
26 6
26 24
26 43
28 0
28 23
29 45
31 8
32 7
32 25
32 44
34 21
35 31
37 49
38 9
38 42
40 22
40 26
40 34
41 11
41 33
44 30
45 37
backbone tree 7, llh: -6718.649738
-1 28
0 2
0 15
1 3
1 35
4 18
4 29
5 12
6 14
6 47
7 5
7 27
8 19
10 13
10 38
11 17
15 1
15 40
15 41
15 48
18 39
21 10
21 32
22 20
26 4
26 6
26 24
26 43
28 0
28 23
29 45
31 8
32 7
32 25
32 44
34 21
35 31
37 49
38 9
38 42
40 22
40 26
40 34
41 11
41 33
44 30
45 37
backbone tree 8, llh: -6718.640536
-1 28
0 2
0 15
1 3
1 35
4 18
4 29
5 12
6 14
6 47
7 5
7 27
8 19
10 13
10 38
11 17
15 1
15 40
15 41
15 48
21 10
21 32
22 20
26 4
26 6
26 24
26 43
28 0
28 23
29 45
31 8
32 7
32 25
32 44
34 21
35 31
37 49
38 9
38 42
40 22
40 26
40 34
41 11
41 33
44 30
45 37
49 39
backbone tree 9, llh: -6718.576879
-1 28
0 2
0 15
1 3
1 35
4 18
4 29
4 39
5 12
6 47
7 5
7 27
8 19
10 13
10 38
11 17
15 1
15 40
15 41
15 48
21 10
21 32
22 20
26 4
26 6
26 24
26 43
27 14
28 0
28 23
29 45
31 8
32 7
32 25
32 44
34 21
35 31
37 49
38 9
38 42
40 22
40 26
40 34
41 11
41 33
44 30
45 37
backbone tree 10, llh: -6718.617800
-1 28
0 2
0 15
1 3
1 35
4 18
4 29
5 12
6 47
7 5
7 27
8 19
10 13
10 38
11 17
15 1
15 40
15 41
15 48
18 39
21 10
21 32
22 20
26 4
26 6
26 24
26 43
27 14
28 0
28 23
29 45
31 8
32 7
32 25
32 44
34 21
35 31
37 49
38 9
38 42
40 22
40 26
40 34
41 11
41 33
44 30
45 37
backbone tree 11, llh: -6718.608599
-1 28
0 2
0 15
1 3
1 35
4 18
4 29
5 12
6 47
7 5
7 27
8 19
10 13
10 38
11 17
15 1
15 40
15 41
15 48
21 10
21 32
22 20
26 4
26 6
26 24
26 43
27 14
28 0
28 23
29 45
31 8
32 7
32 25
32 44
34 21
35 31
37 49
38 9
38 42
40 22
40 26
40 34
41 11
41 33
44 30
45 37
49 39
backbone tree 12, llh: -6718.556678
-1 28
0 2
0 15
1 3
1 35
4 18
4 29
4 39
5 12
6 47
7 5
7 27
8 19
10 13
10 38
11 17
15 1
15 40
15 41
15 48
21 10
21 32
22 20
26 4
26 6
26 24
26 43
28 0
28 23
29 45
31 8
32 7
32 25
32 44
34 21
35 31
37 49
38 9
38 42
40 22
40 26
40 34
41 11
41 33
44 30
45 37
47 14
backbone tree 13, llh: -6718.597598
-1 28
0 2
0 15
1 3
1 35
4 18
4 29
5 12
6 47
7 5
7 27
8 19
10 13
10 38
11 17
15 1
15 40
15 41
15 48
18 39
21 10
21 32
22 20
26 4
26 6
26 24
26 43
28 0
28 23
29 45
31 8
32 7
32 25
32 44
34 21
35 31
37 49
38 9
38 42
40 22
40 26
40 34
41 11
41 33
44 30
45 37
47 14
backbone tree 14, llh: -6718.588398
-1 28
0 2
0 15
1 3
1 35
4 18
4 29
5 12
6 47
7 5
7 27
8 19
10 13
10 38
11 17
15 1
15 40
15 41
15 48
21 10
21 32
22 20
26 4
26 6
26 24
26 43
28 0
28 23
29 45
31 8
32 7
32 25
32 44
34 21
35 31
37 49
38 9
38 42
40 22
40 26
40 34
41 11
41 33
44 30
45 37
47 14
49 39
