# 4 backbone trees, 31 mutations
backbone tree 0, llh: -7843.926071
-1 35
0 38
3 13
3 41
6 10
6 11
7 8
7 21
10 26
11 16
11 17
11 18
11 19
13 43
18 3
19 31
21 27
22 15
26 7
30 46
32 25
34 6
34 49
35 0
35 12
37 34
38 30
38 37
41 20
43 32
46 22
backbone tree 1, llh: -7844.002329
-1 35
0 38
3 13
3 41
6 10
6 11
7 21
10 26
11 16
11 17
11 18
11 19
13 43
18 3
19 31
21 27
22 15
26 7
30 46
32 25
34 6
34 49
35 0
35 8
35 12
37 34
38 30
38 37
41 20
43 32
46 22
backbone tree 2, llh: -7844.020718
-1 35
0 38
3 13
3 41
6 10
6 11
7 8
7 21
10 26
11 16
11 17
11 18
11 19
13 43
18 3
19 31
21 27
22 15
26 7
30 46
32 25
34 6
34 49
35 0
37 34
38 30
38 37
41 20
43 12
43 32
46 22
backbone tree 3, llh: -7843.919039
-1 35
0 38
3 13
3 41
6 10
6 11
7 21
10 26
11 16
11 17
11 18
11 19
13 43
18 3
19 31
21 27
22 15
26 7
30 46
32 25
34 6
34 49
35 0
35 8
37 34
38 30
38 37
41 20
43 12
43 32
46 22
