# 22 backbone trees, 81 mutations
backbone tree 0, llh: -12263.057569
-1 38
0 12
0 34
0 40
0 91
0 97
1 33
1 87
4 28
5 60
5 79
8 44
8 93
10 30
10 31
12 77
14 74
17 22
17 88
18 17
19 53
24 37
25 0
26 62
27 18
27 80
28 51
31 14
32 4
32 96
33 26
33 68
33 76
34 39
34 86
38 7
38 42
38 90
39 19
39 95
40 32
40 48
43 55
44 78
44 84
44 89
47 5
48 81
50 8
50 70
53 41
53 64
55 20
55 85
57 49
57 58
59 72
64 11
64 83
68 23
68 35
68 59
70 54
71 47
72 82
75 1
75 46
75 57
78 29
78 66
79 43
81 10
82 50
82 67
84 71
85 3
90 25
91 24
95 75
96 13
96 27
backbone tree 1, llh: -12263.150178
-1 38
0 12
0 34
0 40
0 91
0 97
1 33
1 87
3 85
4 28
5 60
5 79
8 44
10 30
10 31
12 77
14 74
17 22
17 88
18 17
19 53
24 37
25 0
26 62
27 18
27 80
28 51
31 14
32 4
32 93
32 96
33 26
33 68
33 76
34 39
34 86
38 7
38 42
38 90
39 19
39 95
40 32
40 48
43 55
44 78
44 84
44 89
47 5
48 81
50 8
50 70
53 41
53 64
55 3
55 20
57 49
57 58
59 72
64 11
64 83
68 23
68 35
68 59
70 54
71 47
72 82
75 1
75 46
75 57
78 29
78 66
79 43
81 10
82 50
82 67
84 71
90 25
91 24
95 75
96 13
96 27
backbone tree 2, llh: -12263.147317
-1 38
0 12
0 34
0 40
0 91
0 97
1 33
1 87
4 28
5 60
5 79
8 44
10 30
10 31
12 77
14 74
17 54
17 88
18 17
19 53
24 37
25 0
26 62
27 18
27 80
28 51
31 14
32 4
32 93
32 96
33 26
33 68
33 76
34 39
34 86
38 7
38 42
38 90
39 19
39 95
40 32
40 48
43 55
44 78
44 84
44 89
47 5
48 81
50 8
50 70
53 41
53 64
54 22
55 20
55 85
57 49
57 58
59 72
64 11
64 83
68 23
68 35
68 59
71 47
72 82
75 1
75 46
75 57
78 29
78 66
79 43
81 10
82 50
82 67
84 71
85 3
90 25
91 24
95 75
96 13
96 27
backbone tree 3, llh: -12263.126678
-1 38
0 12
0 34
0 40
0 91
0 97
1 33
1 87
4 28
5 60
5 79
8 44
10 30
10 31
12 77
14 74
17 22
17 88
18 17
19 53
23 35
24 37
25 0
26 62
27 18
27 80
28 51
31 14
32 4
32 93
32 96
33 26
33 68
33 76
34 39
34 86
38 7
38 42
38 90
39 19
39 95
40 32
40 48
43 55
44 78
44 84
44 89
47 5
48 81
50 8
50 70
53 41
53 64
55 20
55 85
57 49
57 58
59 72
64 11
64 83
68 23
68 59
70 54
71 47
72 82
75 1
75 46
75 57
78 29
78 66
79 43
81 10
82 50
82 67
84 71
85 3
90 25
91 24
95 75
96 13
96 27
backbone tree 4, llh: -12263.098040
-1 38
0 12
0 34
0 40
0 91
0 97
1 33
1 87
4 28
5 60
5 79
8 44
10 30
10 31
12 77
14 74
17 22
17 88
18 17
19 53
24 37
25 0
26 62
27 18
27 80
28 51
31 14
32 4
32 93
32 96
33 26
33 68
33 76
34 39
34 86
38 7
38 42
38 90
39 19
39 95
40 32
40 48
43 55
44 78
44 84
44 89
47 5
48 81
50 8
50 70
53 41
53 64
55 20
55 85
57 49
57 58
59 72
64 11
64 83
68 23
68 35
68 59
70 54
71 47
72 82
75 1
75 46
75 57
78 29
78 66
79 43
81 10
82 50
82 67
84 71
85 3
90 25
91 24
95 75
96 13
96 27
backbone tree 5, llh: -12263.144425
-1 38
0 12
0 34
0 40
0 91
0 97
1 33
1 87
4 28
5 60
5 79
8 44
10 30
10 31
12 37
14 74
17 22
17 88
18 17
19 53
23 35
24 77
25 0
26 62
27 18
27 80
28 51
31 14
32 4
32 93
32 96
33 26
33 68
33 76
34 39
34 86
38 7
38 42
38 90
39 19
39 95
40 32
40 48
43 55
44 78
44 84
44 89
47 5
48 81
50 8
50 70
53 41
53 64
55 20
55 85
57 49
57 58
59 72
64 11
64 83
68 23
68 59
70 54
71 47
72 82
75 1
75 46
75 57
78 29
78 66
79 43
81 10
82 50
82 67
84 71
85 3
90 25
91 24
95 75
96 13
96 27
backbone tree 6, llh: -12263.115787
-1 38
0 12
0 34
0 40
0 91
0 97
1 33
1 87
4 28
5 60
5 79
8 44
10 30
10 31
12 37
14 74
17 22
17 88
18 17
19 53
24 77
25 0
26 62
27 18
27 80
28 51
31 14
32 4
32 93
32 96
33 26
33 68
33 76
34 39
34 86
38 7
38 42
38 90
39 19
39 95
40 32
40 48
43 55
44 78
44 84
44 89
47 5
48 81
50 8
50 70
53 41
53 64
55 20
55 85
57 49
57 58
59 72
64 11
64 83
68 23
68 35
68 59
70 54
71 47
72 82
75 1
75 46
75 57
78 29
78 66
79 43
81 10
82 50
82 67
84 71
85 3
90 25
91 24
95 75
96 13
96 27
backbone tree 7, llh: -12263.151323
-1 38
0 12
0 34
0 40
0 91
1 33
1 87
3 85
4 28
5 60
5 79
8 44
8 97
10 30
10 31
12 77
14 74
17 22
17 88
18 17
19 53
23 35
24 37
25 0
26 62
27 18
27 80
28 51
31 14
32 4
32 93
32 96
33 26
33 68
33 76
34 39
34 86
38 7
38 42
38 90
39 19
39 95
40 32
40 48
43 55
44 78
44 84
44 89
47 5
48 81
50 8
50 70
53 41
53 64
55 3
55 20
57 49
57 58
59 72
64 11
64 83
68 23
68 59
70 54
71 47
72 82
75 1
75 46
75 57
78 29
78 66
79 43
81 10
82 50
82 67
84 71
90 25
91 24
95 75
96 13
96 27
backbone tree 8, llh: -12263.122665
-1 38
0 12
0 34
0 40
0 91
1 33
1 87
3 85
4 28
5 60
5 79
8 44
8 97
10 30
10 31
12 77
14 74
17 22
17 88
18 17
19 53
24 37
25 0
26 62
27 18
27 80
28 51
31 14
32 4
32 93
32 96
33 26
33 68
33 76
34 39
34 86
38 7
38 42
38 90
39 19
39 95
40 32
40 48
43 55
44 78
44 84
44 89
47 5
48 81
50 8
50 70
53 41
53 64
55 3
55 20
57 49
57 58
59 72
64 11
64 83
68 23
68 35
68 59
70 54
71 47
72 82
75 1
75 46
75 57
78 29
78 66
79 43
81 10
82 50
82 67
84 71
90 25
91 24
95 75
96 13
96 27
backbone tree 9, llh: -12263.140412
-1 38
0 12
0 34
0 40
0 91
1 33
1 87
3 85
4 28
5 60
5 79
8 44
8 97
10 30
10 31
12 37
14 74
17 22
17 88
18 17
19 53
24 77
25 0
26 62
27 18
27 80
28 51
31 14
32 4
32 93
32 96
33 26
33 68
33 76
34 39
34 86
38 7
38 42
38 90
39 19
39 95
40 32
40 48
43 55
44 78
44 84
44 89
47 5
48 81
50 8
50 70
53 41
53 64
55 3
55 20
57 49
57 58
59 72
64 11
64 83
68 23
68 35
68 59
70 54
71 47
72 82
75 1
75 46
75 57
78 29
78 66
79 43
81 10
82 50
82 67
84 71
90 25
91 24
95 75
96 13
96 27
backbone tree 10, llh: -12263.146095
-1 38
0 12
0 34
0 40
0 86
0 91
1 33
1 87
4 28
5 60
5 79
8 44
8 97
10 30
10 31
12 77
14 74
17 22
17 88
18 17
19 53
24 37
25 0
26 62
27 18
27 80
28 51
31 14
32 4
32 93
32 96
33 26
33 68
33 76
34 39
38 7
38 42
38 90
39 19
39 95
40 32
40 48
43 55
44 78
44 84
44 89
47 5
48 81
50 8
50 70
53 41
53 64
55 20
55 85
57 49
57 58
59 72
64 11
64 83
68 23
68 35
68 59
70 54
71 47
72 82
75 1
75 46
75 57
78 29
78 66
79 43
81 10
82 50
82 67
84 71
85 3
90 25
91 24
95 75
96 13
96 27
backbone tree 11, llh: -12263.148587
-1 38
0 12
0 34
0 40
0 91
1 33
1 87
4 28
5 60
5 79
8 44
8 97
10 30
10 31
12 77
14 74
17 54
17 88
18 17
19 53
23 35
24 37
25 0
26 62
27 18
27 80
28 51
31 14
32 4
32 93
32 96
33 26
33 68
33 76
34 39
34 86
38 7
38 42
38 90
39 19
39 95
40 32
40 48
43 55
44 78
44 84
44 89
47 5
48 81
50 8
50 70
53 41
53 64
54 22
55 20
55 85
57 49
57 58
59 72
64 11
64 83
68 23
68 59
71 47
72 82
75 1
75 46
75 57
78 29
78 66
79 43
81 10
82 50
82 67
84 71
85 3
90 25
91 24
95 75
96 13
96 27
backbone tree 12, llh: -12263.119927
-1 38
0 12
0 34
0 40
0 91
1 33
1 87
4 28
5 60
5 79
8 44
8 97
10 30
10 31
12 77
14 74
17 54
17 88
18 17
19 53
24 37
25 0
26 62
27 18
27 80
28 51
31 14
32 4
32 93
32 96
33 26
33 68
33 76
34 39
34 86
38 7
38 42
38 90
39 19
39 95
40 32
40 48
43 55
44 78
44 84
44 89
47 5
48 81
50 8
50 70
53 41
53 64
54 22
55 20
55 85
57 49
57 58
59 72
64 11
64 83
68 23
68 35
68 59
71 47
72 82
75 1
75 46
75 57
78 29
78 66
79 43
81 10
82 50
82 67
84 71
85 3
90 25
91 24
95 75
96 13
96 27
backbone tree 13, llh: -12263.140224
-1 38
0 12
0 34
0 40
0 91
1 33
1 87
4 28
5 60
5 79
8 44
8 97
10 30
10 31
12 77
14 74
17 54
17 88
18 17
19 53
25 0
26 62
27 18
27 80
28 51
31 14
32 4
32 93
32 96
33 26
33 68
33 76
34 39
34 86
38 7
38 42
38 90
39 19
39 95
40 32
40 48
43 55
44 78
44 84
44 89
47 5
48 81
50 8
50 70
53 41
53 64
54 22
55 20
55 85
57 49
57 58
59 72
64 11
64 83
68 23
68 35
68 59
70 37
71 47
72 82
75 1
75 46
75 57
78 29
78 66
79 43
81 10
82 50
82 67
84 71
85 3
90 25
91 24
95 75
96 13
96 27
backbone tree 14, llh: -12263.099185
-1 38
0 12
0 34
0 40
0 91
1 33
1 87
4 28
5 60
5 79
8 44
8 97
10 30
10 31
12 77
14 74
17 22
17 88
18 17
19 53
23 35
24 37
25 0
26 62
27 18
27 80
28 51
31 14
32 4
32 93
32 96
33 26
33 68
33 76
34 39
34 86
38 7
38 42
38 90
39 19
39 95
40 32
40 48
43 55
44 78
44 84
44 89
47 5
48 81
50 8
50 70
53 41
53 64
55 20
55 85
57 49
57 58
59 72
64 11
64 83
68 23
68 59
70 54
71 47
72 82
75 1
75 46
75 57
78 29
78 66
79 43
81 10
82 50
82 67
84 71
85 3
90 25
91 24
95 75
96 13
96 27
backbone tree 15, llh: -12263.148326
-1 38
0 12
0 34
0 40
0 91
1 33
1 87
4 28
5 60
5 79
8 44
8 97
10 30
10 31
12 77
14 74
17 22
17 88
18 17
19 53
24 37
25 0
26 62
27 18
27 80
28 51
31 14
32 4
32 93
32 96
33 26
33 68
33 76
34 39
34 86
38 7
38 42
38 90
39 19
39 95
40 32
40 48
43 55
44 78
44 84
44 89
47 5
48 81
50 8
50 70
53 41
53 64
55 20
55 85
57 49
57 58
59 72
64 11
64 83
68 23
68 35
68 59
70 54
71 47
72 82
75 1
75 46
75 57
78 29
78 66
79 43
81 10
82 13
82 50
82 67
84 71
85 3
90 25
91 24
95 75
96 27
backbone tree 16, llh: -12263.070526
-1 38
0 12
0 34
0 40
0 91
1 33
1 87
4 28
5 60
5 79
8 44
8 97
10 30
10 31
12 77
14 74
17 22
17 88
18 17
19 53
24 37
25 0
26 62
27 18
27 80
28 51
31 14
32 4
32 93
32 96
33 26
33 68
33 76
34 39
34 86
38 7
38 42
38 90
39 19
39 95
40 32
40 48
43 55
44 78
44 84
44 89
47 5
48 81
50 8
50 70
53 41
53 64
55 20
55 85
57 49
57 58
59 72
64 11
64 83
68 23
68 35
68 59
70 54
71 47
72 82
75 1
75 46
75 57
78 29
78 66
79 43
81 10
82 50
82 67
84 71
85 3
90 25
91 24
95 75
96 13
96 27
backbone tree 17, llh: -12263.137674
-1 38
0 12
0 34
0 40
0 91
1 33
1 87
4 28
5 60
5 79
8 44
8 97
10 30
10 31
12 37
14 74
17 54
17 88
18 17
19 53
24 77
25 0
26 62
27 18
27 80
28 51
31 14
32 4
32 93
32 96
33 26
33 68
33 76
34 39
34 86
38 7
38 42
38 90
39 19
39 95
40 32
40 48
43 55
44 78
44 84
44 89
47 5
48 81
50 8
50 70
53 41
53 64
54 22
55 20
55 85
57 49
57 58
59 72
64 11
64 83
68 23
68 35
68 59
71 47
72 82
75 1
75 46
75 57
78 29
78 66
79 43
81 10
82 50
82 67
84 71
85 3
90 25
91 24
95 75
96 13
96 27
backbone tree 18, llh: -12263.157901
-1 38
0 12
0 34
0 40
0 91
1 33
1 87
4 28
5 60
5 79
8 44
8 97
10 30
10 31
14 74
17 54
17 88
18 17
19 53
24 77
25 0
26 62
27 18
27 80
28 51
31 14
32 4
32 93
32 96
33 26
33 68
33 76
34 39
34 86
38 7
38 42
38 90
39 19
39 95
40 32
40 48
43 55
44 78
44 84
44 89
47 5
48 81
50 8
50 70
53 41
53 64
54 22
55 20
55 85
57 49
57 58
59 72
64 11
64 83
68 23
68 35
68 59
70 37
71 47
72 82
75 1
75 46
75 57
78 29
78 66
79 43
81 10
82 50
82 67
84 71
85 3
90 25
91 24
95 75
96 13
96 27
backbone tree 19, llh: -12263.116932
-1 38
0 12
0 34
0 40
0 91
1 33
1 87
4 28
5 60
5 79
8 44
8 97
10 30
10 31
12 37
14 74
17 22
17 88
18 17
19 53
23 35
24 77
25 0
26 62
27 18
27 80
28 51
31 14
32 4
32 93
32 96
33 26
33 68
33 76
34 39
34 86
38 7
38 42
38 90
39 19
39 95
40 32
40 48
43 55
44 78
44 84
44 89
47 5
48 81
50 8
50 70
53 41
53 64
55 20
55 85
57 49
57 58
59 72
64 11
64 83
68 23
68 59
70 54
71 47
72 82
75 1
75 46
75 57
78 29
78 66
79 43
81 10
82 50
82 67
84 71
85 3
90 25
91 24
95 75
96 13
96 27
backbone tree 20, llh: -12263.088274
-1 38
0 12
0 34
0 40
0 91
1 33
1 87
4 28
5 60
5 79
8 44
8 97
10 30
10 31
12 37
14 74
17 22
17 88
18 17
19 53
24 77
25 0
26 62
27 18
27 80
28 51
31 14
32 4
32 93
32 96
33 26
33 68
33 76
34 39
34 86
38 7
38 42
38 90
39 19
39 95
40 32
40 48
43 55
44 78
44 84
44 89
47 5
48 81
50 8
50 70
53 41
53 64
55 20
55 85
57 49
57 58
59 72
64 11
64 83
68 23
68 35
68 59
70 54
71 47
72 82
75 1
75 46
75 57
78 29
78 66
79 43
81 10
82 50
82 67
84 71
85 3
90 25
91 24
95 75
96 13
96 27
backbone tree 21, llh: -12263.150519
-1 38
0 12
0 34
0 40
0 91
1 33
4 28
5 60
5 79
8 44
8 97
10 30
10 31
12 77
14 74
17 22
17 88
18 17
19 53
24 37
25 0
26 62
27 18
27 80
28 51
31 14
32 4
32 93
32 96
33 26
33 68
33 76
34 39
34 86
38 7
38 42
38 90
39 19
39 95
40 32
40 48
43 55
44 78
44 84
44 89
47 5
48 81
50 8
50 70
53 41
53 64
55 20
55 85
57 49
57 58
59 72
64 11
64 83
68 23
68 35
68 59
70 54
71 47
72 82
75 1
75 46
75 57
78 29
78 66
79 43
81 10
82 50
82 67
84 71
85 3
90 25
90 87
91 24
95 75
96 13
96 27
