# 16 backbone trees, 75 mutations
backbone tree 0, llh: -12849.770220
-1 0
0 28
0 38
2 10
2 53
4 90
7 41
12 6
18 51
22 31
22 34
23 93
24 65
26 68
28 4
28 60
28 70
29 22
31 72
31 86
32 15
32 23
32 77
33 12
33 76
34 45
34 50
35 16
38 71
40 29
41 17
42 81
44 39
45 75
46 3
46 66
49 7
49 89
51 62
51 85
53 63
54 73
56 83
60 26
60 27
62 42
62 52
63 79
64 88
66 36
68 78
69 46
69 64
70 24
70 87
71 47
72 80
73 33
76 35
76 56
77 44
79 40
81 5
81 84
83 96
84 54
85 37
87 18
88 2
90 8
90 19
90 32
93 69
93 82
96 49
backbone tree 1, llh: -12849.742376
-1 0
0 28
0 38
2 10
2 53
4 90
7 41
12 6
18 51
22 31
22 34
23 93
24 65
26 68
28 4
28 60
28 70
29 22
31 72
32 15
32 23
32 77
33 12
33 76
34 45
34 50
35 16
38 71
40 29
41 17
42 81
44 39
45 75
46 3
46 66
49 7
49 89
51 62
51 85
53 63
54 73
56 83
60 26
60 27
62 42
62 52
63 79
64 88
66 36
68 78
69 46
69 64
70 24
70 87
71 47
72 80
73 33
73 86
76 35
76 56
77 44
79 40
81 5
81 84
83 96
84 54
85 37
87 18
88 2
90 8
90 19
90 32
93 69
93 82
96 49
backbone tree 2, llh: -12849.775467
-1 0
0 28
0 38
2 10
2 53
4 90
7 41
12 6
18 51
22 31
22 34
23 93
24 65
26 68
28 4
28 60
28 70
29 22
31 80
32 15
32 23
32 77
33 12
33 76
34 45
34 50
35 16
38 71
40 29
41 17
42 81
44 39
45 75
46 3
46 66
49 7
49 89
51 62
51 85
53 63
54 73
56 83
60 26
60 27
62 42
62 52
63 79
64 88
66 36
68 78
69 46
69 64
70 24
70 87
71 47
73 33
73 86
76 35
76 56
77 44
79 40
80 72
81 5
81 84
83 96
84 54
85 37
87 18
88 2
90 8
90 19
90 32
93 69
93 82
96 49
backbone tree 3, llh: -12849.726009
-1 0
0 28
0 38
2 10
2 53
4 90
7 41
12 6
18 51
22 31
22 34
23 93
24 65
26 68
28 4
28 60
28 70
29 22
31 72
31 86
32 15
32 23
32 77
33 12
33 76
34 45
34 50
35 16
38 71
40 29
41 17
42 81
44 39
45 75
46 66
49 7
49 89
51 62
51 85
53 63
54 73
56 3
56 83
60 26
60 27
62 42
62 52
63 79
64 88
66 36
68 78
69 46
69 64
70 24
70 87
71 47
72 80
73 33
76 35
76 56
77 44
79 40
81 5
81 84
83 96
84 54
85 37
87 18
88 2
90 8
90 19
90 32
93 69
93 82
96 49
backbone tree 4, llh: -12849.796523
-1 0
0 28
0 38
2 10
2 53
4 90
7 41
12 6
18 51
22 31
22 34
23 93
24 65
26 68
28 4
28 60
28 70
29 22
31 72
31 86
32 15
32 23
32 77
33 12
33 76
34 45
34 50
35 16
38 71
40 29
41 17
42 81
45 75
46 66
49 7
49 89
51 62
51 85
53 63
54 73
56 3
56 83
60 26
60 27
62 42
62 52
63 79
64 88
66 36
68 78
69 46
69 64
70 24
70 87
71 47
72 80
73 33
76 35
76 56
77 44
79 40
81 5
81 84
83 96
84 54
85 37
87 18
88 2
90 8
90 19
90 32
93 39
93 69
93 82
96 49
backbone tree 5, llh: -12849.791566
-1 0
0 28
0 38
2 10
2 53
4 90
5 8
7 41
12 6
18 51
22 31
22 34
23 93
24 65
26 68
28 4
28 60
28 70
29 22
31 72
32 15
32 23
32 77
33 12
33 76
34 45
34 50
35 16
38 71
40 29
41 17
42 81
44 39
45 75
46 66
49 7
49 89
51 62
51 85
53 63
54 73
56 3
56 83
60 26
60 27
62 42
62 52
63 79
64 88
66 36
68 78
69 46
69 64
70 24
70 87
71 47
72 80
73 33
73 86
76 35
76 56
77 44
79 40
81 5
81 84
83 96
84 54
85 37
87 18
88 2
90 19
90 32
93 69
93 82
96 49
backbone tree 6, llh: -12849.698278
-1 0
0 28
0 38
2 10
2 53
4 90
7 41
12 6
18 51
22 31
22 34
23 93
24 65
26 68
28 4
28 60
28 70
29 22
31 72
32 15
32 23
32 77
33 12
33 76
34 45
34 50
35 16
38 71
40 29
41 17
42 81
44 39
45 75
46 66
49 7
49 89
51 62
51 85
53 63
54 73
56 3
56 83
60 26
60 27
62 42
62 52
63 79
64 88
66 36
68 78
69 46
69 64
70 24
70 87
71 47
72 80
73 33
73 86
76 35
76 56
77 44
79 40
81 5
81 84
83 96
84 54
85 37
87 18
88 2
90 8
90 19
90 32
93 69
93 82
96 49
backbone tree 7, llh: -12849.768792
-1 0
0 28
0 38
2 10
2 53
4 90
7 41
12 6
18 51
22 31
22 34
23 93
24 65
26 68
28 4
28 60
28 70
29 22
31 72
32 15
32 23
32 77
33 12
33 76
34 45
34 50
35 16
38 71
40 29
41 17
42 81
45 75
46 66
49 7
49 89
51 62
51 85
53 63
54 73
56 3
56 83
60 26
60 27
62 42
62 52
63 79
64 88
66 36
68 78
69 46
69 64
70 24
70 87
71 47
72 80
73 33
73 86
76 35
76 56
77 44
79 40
81 5
81 84
83 96
84 54
85 37
87 18
88 2
90 8
90 19
90 32
93 39
93 69
93 82
96 49
backbone tree 8, llh: -12849.800882
-1 0
0 28
0 38
2 10
2 53
4 90
7 41
12 6
18 51
22 31
22 34
23 93
24 65
26 68
28 4
28 60
28 70
29 22
31 72
32 15
32 23
32 77
33 12
33 76
34 45
34 50
38 71
40 29
41 17
42 81
44 39
45 16
45 75
46 66
49 7
49 89
51 62
51 85
53 63
54 73
56 3
56 83
60 26
60 27
62 42
62 52
63 79
64 88
66 36
68 78
69 46
69 64
70 24
70 87
71 47
72 80
73 33
73 86
76 35
76 56
77 44
79 40
81 5
81 84
83 96
84 54
85 37
87 18
88 2
90 8
90 19
90 32
93 69
93 82
96 49
backbone tree 9, llh: -12849.734935
-1 0
0 28
0 38
2 10
2 53
4 90
7 41
18 51
22 31
22 34
23 93
24 65
26 68
28 4
28 60
28 70
29 22
31 72
31 86
32 15
32 23
32 77
33 12
33 76
34 45
34 50
35 16
38 71
40 29
41 17
42 81
44 39
45 75
46 66
49 7
49 89
51 62
51 85
53 63
54 73
56 3
56 83
60 26
60 27
62 42
62 52
63 79
64 6
64 88
66 36
68 78
69 46
69 64
70 24
70 87
71 47
72 80
73 33
76 35
76 56
77 44
79 40
81 5
81 84
83 96
84 54
85 37
87 18
88 2
90 8
90 19
90 32
93 69
93 82
96 49
backbone tree 10, llh: -12849.800437
-1 0
0 28
0 38
2 10
2 53
4 90
5 8
7 41
18 51
22 31
22 34
23 93
24 65
26 68
28 4
28 60
28 70
29 22
31 72
32 15
32 23
32 77
33 12
33 76
34 45
34 50
35 16
38 71
40 29
41 17
42 81
44 39
45 75
46 66
49 7
49 89
51 62
51 85
53 63
54 73
56 3
56 83
60 26
60 27
62 42
62 52
63 79
64 6
64 88
66 36
68 78
69 46
69 64
70 24
70 87
71 47
72 80
73 33
73 86
76 35
76 56
77 44
79 40
81 5
81 84
83 96
84 54
85 37
87 18
88 2
90 19
90 32
93 69
93 82
96 49
backbone tree 11, llh: -12849.707159
-1 0
0 28
0 38
2 10
2 53
4 90
7 41
18 51
22 31
22 34
23 93
24 65
26 68
28 4
28 60
28 70
29 22
31 72
32 15
32 23
32 77
33 12
33 76
34 45
34 50
35 16
38 71
40 29
41 17
42 81
44 39
45 75
46 66
49 7
49 89
51 62
51 85
53 63
54 73
56 3
56 83
60 26
60 27
62 42
62 52
63 79
64 6
64 88
66 36
68 78
69 46
69 64
70 24
70 87
71 47
72 80
73 33
73 86
76 35
76 56
77 44
79 40
81 5
81 84
83 96
84 54
85 37
87 18
88 2
90 8
90 19
90 32
93 69
93 82
96 49
backbone tree 12, llh: -12849.777751
-1 0
0 28
0 38
2 10
2 53
4 90
7 41
18 51
22 31
22 34
23 93
24 65
26 68
28 4
28 60
28 70
29 22
31 72
32 15
32 23
32 77
33 12
33 76
34 45
34 50
35 16
38 71
40 29
41 17
42 81
45 75
46 66
49 7
49 89
51 62
51 85
53 63
54 73
56 3
56 83
60 26
60 27
62 42
62 52
63 79
64 6
64 88
66 36
68 78
69 46
69 64
70 24
70 87
71 47
72 80
73 33
73 86
76 35
76 56
77 44
79 40
81 5
81 84
83 96
84 54
85 37
87 18
88 2
90 8
90 19
90 32
93 39
93 69
93 82
96 49
backbone tree 13, llh: -12849.731369
-1 0
0 28
0 38
2 10
2 53
4 90
7 41
12 6
18 51
22 31
22 34
23 93
24 65
26 68
28 4
28 60
28 70
29 22
31 80
32 15
32 23
32 77
33 12
33 76
34 45
34 50
35 16
38 71
40 29
41 17
42 81
44 39
45 75
46 66
49 7
49 89
51 62
51 85
53 63
54 73
56 3
56 83
60 26
60 27
62 42
62 52
63 79
64 88
66 36
68 78
69 46
69 64
70 24
70 87
71 47
73 33
73 86
76 35
76 56
77 44
79 40
80 72
81 5
81 84
83 96
84 54
85 37
87 18
88 2
90 8
90 19
90 32
93 69
93 82
96 49
backbone tree 14, llh: -12849.801883
-1 0
0 28
0 38
2 10
2 53
4 90
7 41
12 6
18 51
22 31
22 34
23 93
24 65
26 68
28 4
28 60
28 70
29 22
31 80
32 15
32 23
32 77
33 12
33 76
34 45
34 50
35 16
38 71
40 29
41 17
42 81
45 75
46 66
49 7
49 89
51 62
51 85
53 63
54 73
56 3
56 83
60 26
60 27
62 42
62 52
63 79
64 88
66 36
68 78
69 46
69 64
70 24
70 87
71 47
73 33
73 86
76 35
76 56
77 44
79 40
80 72
81 5
81 84
83 96
84 54
85 37
87 18
88 2
90 8
90 19
90 32
93 39
93 69
93 82
96 49
backbone tree 15, llh: -12849.739211
-1 0
0 28
0 38
2 10
2 53
4 90
7 41
18 51
22 31
22 34
23 93
24 65
26 68
28 4
28 60
28 70
29 22
31 80
32 15
32 23
32 77
33 12
33 76
34 45
34 50
35 16
38 71
40 29
41 17
42 81
44 39
45 75
46 66
49 7
49 89
51 62
51 85
53 63
54 73
56 3
56 83
60 26
60 27
62 42
62 52
63 79
64 6
64 88
66 36
68 78
69 46
69 64
70 24
70 87
71 47
73 33
73 86
76 35
76 56
77 44
79 40
80 72
81 5
81 84
83 96
84 54
85 37
87 18
88 2
90 8
90 19
90 32
93 69
93 82
96 49
