# 4 backbone trees, 48 mutations
backbone tree 0, llh: -11447.744815
-1 18
0 24
0 55
9 48
13 19
13 22
18 20
18 64
20 69
21 7
21 30
29 32
30 16
30 44
32 2
32 39
33 9
36 66
37 90
37 94
39 37
39 43
39 91
43 79
44 36
48 29
48 56
54 10
54 74
55 88
56 13
56 14
56 21
60 33
60 62
60 96
63 51
64 0
74 28
74 85
75 60
79 63
81 26
88 75
90 81
91 54
94 95
95 61
backbone tree 1, llh: -11447.812485
-1 18
0 24
0 55
9 48
13 19
13 22
18 20
18 64
20 69
21 7
21 30
29 32
30 16
30 44
32 2
32 39
33 9
36 66
37 90
37 94
39 37
39 43
39 91
43 79
44 36
48 29
48 56
51 63
54 10
54 74
55 88
56 13
56 14
56 21
60 33
60 62
60 96
64 0
74 28
74 85
75 60
79 51
81 26
88 75
90 81
91 54
94 95
95 61
backbone tree 2, llh: -11447.729045
-1 18
0 24
0 55
9 48
13 19
13 22
18 20
18 64
20 69
21 7
21 30
29 32
30 16
30 44
32 39
33 9
36 66
37 90
37 94
39 37
39 43
39 91
43 79
44 36
48 29
48 56
54 10
54 74
55 88
56 13
56 14
56 21
60 33
60 62
60 96
63 51
64 0
64 2
74 28
74 85
75 60
79 63
81 26
88 75
90 81
91 54
94 95
95 61
backbone tree 3, llh: -11447.796715
-1 18
0 24
0 55
9 48
13 19
13 22
18 20
18 64
20 69
21 7
21 30
29 32
30 16
30 44
32 39
33 9
36 66
37 90
37 94
39 37
39 43
39 91
43 79
44 36
48 29
48 56
51 63
54 10
54 74
55 88
56 13
56 14
56 21
60 33
60 62
60 96
64 0
64 2
74 28
74 85
75 60
79 51
81 26
88 75
90 81
91 54
94 95
95 61
