# 8 backbone trees, 47 mutations
backbone tree 0, llh: -8041.540798
-1 0
0 20
0 58
0 96
6 73
18 42
18 43
20 56
20 80
27 62
28 52
30 2
30 45
32 30
34 59
34 70
35 89
37 53
42 51
43 68
53 34
53 35
53 79
54 28
54 55
55 6
55 60
56 75
57 18
58 37
58 69
59 33
67 87
68 32
70 57
70 92
75 13
75 82
79 27
79 50
80 91
82 74
84 54
87 84
91 67
96 47
96 86
backbone tree 1, llh: -8041.453815
-1 0
0 20
0 58
0 96
6 73
18 42
18 43
20 56
20 80
27 62
28 52
30 2
30 45
32 30
34 59
34 70
37 53
42 51
43 68
53 34
53 35
53 79
54 28
54 55
55 6
55 60
56 75
57 18
58 37
58 69
59 33
67 87
68 32
70 57
70 92
75 13
75 82
79 27
79 50
80 91
82 74
84 54
87 84
91 67
91 89
96 47
96 86
backbone tree 2, llh: -8041.506784
-1 0
0 20
0 58
0 96
18 42
18 43
20 56
20 80
27 62
28 52
30 2
30 45
32 30
34 59
34 70
37 53
42 51
43 68
53 34
53 35
53 79
54 28
54 55
55 6
55 60
56 75
57 18
58 37
58 69
59 33
67 87
68 32
70 57
70 92
74 73
75 13
75 82
79 27
79 50
80 91
82 74
84 54
87 84
91 67
91 89
96 47
96 86
backbone tree 3, llh: -8041.550073
-1 0
0 20
0 58
0 96
6 73
18 42
18 43
20 56
20 80
27 62
28 52
30 2
30 45
32 30
34 59
34 70
35 89
37 53
42 33
43 68
53 34
53 35
53 79
54 28
54 55
55 6
55 60
56 75
57 18
58 37
58 69
67 87
68 32
70 57
70 92
74 51
75 13
75 82
79 27
79 50
80 91
82 74
84 54
87 84
91 67
96 47
96 86
backbone tree 4, llh: -8041.467774
-1 0
0 20
0 58
0 96
6 73
18 42
18 43
20 56
20 80
27 62
28 52
30 2
30 45
32 30
34 59
34 70
37 53
42 33
43 68
53 34
53 35
53 79
54 28
54 55
55 6
55 60
56 75
57 18
58 37
58 69
67 87
68 32
70 57
70 92
74 51
75 13
75 82
79 27
79 50
80 91
82 74
84 54
87 84
91 67
91 89
96 47
96 86
backbone tree 5, llh: -8041.505661
-1 0
0 20
0 58
0 96
6 73
18 42
18 43
20 56
20 80
27 62
30 2
30 45
32 30
34 59
34 70
37 53
42 33
43 68
53 34
53 35
53 79
54 28
54 55
55 6
55 60
56 75
57 18
58 37
58 69
59 52
67 87
68 32
70 57
70 92
74 51
75 13
75 82
79 27
79 50
80 91
82 74
84 54
87 84
91 67
91 89
96 47
96 86
backbone tree 6, llh: -8041.538785
-1 0
0 20
0 58
0 96
6 73
18 42
18 43
20 56
20 80
27 62
28 52
30 2
30 45
32 30
34 59
34 70
35 89
37 53
43 68
53 34
53 35
53 79
54 28
54 55
55 6
55 60
56 75
57 18
58 37
58 69
59 33
67 87
68 32
70 57
70 92
74 51
75 13
75 82
79 27
79 50
80 91
82 74
84 54
87 84
91 67
96 47
96 86
backbone tree 7, llh: -8041.452186
-1 0
0 20
0 58
0 96
6 73
18 42
18 43
20 56
20 80
27 62
28 52
30 2
30 45
32 30
34 59
34 70
37 53
43 68
53 34
53 35
53 79
54 28
54 55
55 6
55 60
56 75
57 18
58 37
58 69
59 33
67 87
68 32
70 57
70 92
74 51
75 13
75 82
79 27
79 50
80 91
82 74
84 54
87 84
91 67
91 89
96 47
96 86
