# 38 backbone trees, 72 mutations
backbone tree 0, llh: -10210.812779
-1 40
0 15
0 20
0 81
0 91
1 48
1 79
4 86
8 16
8 56
8 58
9 75
10 96
15 46
16 47
16 55
16 98
18 61
19 38
19 51
21 39
21 42
21 50
22 1
26 34
32 11
33 88
39 19
40 0
40 22
40 93
43 9
43 32
46 17
46 73
50 4
52 44
52 95
55 57
55 82
56 7
57 37
58 2
58 31
58 87
61 62
61 90
67 49
67 63
68 80
70 18
72 68
74 83
75 12
76 8
79 66
79 78
80 67
81 70
81 74
82 14
82 52
83 33
84 10
84 26
84 43
88 36
90 84
91 76
96 21
96 60
96 72
backbone tree 1, llh: -10210.809507
-1 40
0 15
0 20
0 81
0 91
1 48
1 79
4 86
8 16
8 56
8 58
9 75
10 96
15 46
16 47
16 55
16 98
18 61
19 51
21 39
21 42
21 50
22 1
26 34
32 11
33 88
39 19
40 0
40 22
40 93
43 9
43 32
46 17
46 73
50 4
51 38
52 44
52 95
55 57
55 82
56 7
57 37
58 2
58 31
58 87
61 62
61 90
67 49
67 63
68 80
70 18
72 68
74 83
75 12
76 8
79 66
79 78
80 67
81 70
81 74
82 14
82 52
83 33
84 10
84 26
84 43
88 36
90 84
91 76
96 21
96 60
96 72
backbone tree 2, llh: -10210.817041
-1 40
0 15
0 73
0 81
0 91
1 48
1 79
4 86
8 16
8 56
8 58
9 75
10 96
15 46
16 47
16 55
16 98
17 14
18 61
19 38
19 51
21 39
21 42
21 50
22 1
26 34
32 11
33 88
39 19
40 0
40 20
40 22
40 93
43 9
43 32
46 17
50 4
52 44
52 95
55 57
55 82
56 7
57 37
58 2
58 31
58 87
61 62
61 90
67 49
67 63
68 80
70 18
72 68
74 83
75 12
76 8
79 66
79 78
80 67
81 70
81 74
82 52
83 33
84 10
84 26
84 43
88 36
90 84
91 76
96 21
96 60
96 72
backbone tree 3, llh: -10210.813769
-1 40
0 15
0 73
0 81
0 91
1 48
1 79
4 86
8 16
8 56
8 58
9 75
10 96
15 46
16 47
16 55
16 98
17 14
18 61
19 51
21 39
21 42
21 50
22 1
26 34
32 11
33 88
39 19
40 0
40 20
40 22
40 93
43 9
43 32
46 17
50 4
51 38
52 44
52 95
55 57
55 82
56 7
57 37
58 2
58 31
58 87
61 62
61 90
67 49
67 63
68 80
70 18
72 68
74 83
75 12
76 8
79 66
79 78
80 67
81 70
81 74
82 52
83 33
84 10
84 26
84 43
88 36
90 84
91 76
96 21
96 60
96 72
backbone tree 4, llh: -10210.814480
-1 40
0 15
0 73
0 81
0 91
1 48
1 79
4 86
8 16
8 56
8 58
9 75
10 96
15 46
16 47
16 55
16 98
18 61
19 38
19 51
21 39
21 42
21 50
22 1
26 34
32 11
33 88
39 19
40 0
40 20
40 22
40 93
43 9
43 32
46 17
50 4
52 44
52 95
55 57
55 82
56 7
57 37
58 2
58 31
58 87
61 62
61 90
67 49
67 63
68 80
70 18
72 68
74 83
75 12
76 8
79 66
79 78
80 67
81 70
81 74
82 14
82 52
83 33
84 10
84 26
84 43
88 36
90 84
91 76
96 21
96 60
96 72
backbone tree 5, llh: -10210.811208
-1 40
0 15
0 73
0 81
0 91
1 48
1 79
4 86
8 16
8 56
8 58
9 75
10 96
15 46
16 47
16 55
16 98
18 61
19 51
21 39
21 42
21 50
22 1
26 34
32 11
33 88
39 19
40 0
40 20
40 22
40 93
43 9
43 32
46 17
50 4
51 38
52 44
52 95
55 57
55 82
56 7
57 37
58 2
58 31
58 87
61 62
61 90
67 49
67 63
68 80
70 18
72 68
74 83
75 12
76 8
79 66
79 78
80 67
81 70
81 74
82 14
82 52
83 33
84 10
84 26
84 43
88 36
90 84
91 76
96 21
96 60
96 72
backbone tree 6, llh: -10210.833126
-1 40
0 15
0 73
0 81
0 91
1 48
1 79
4 86
8 16
8 56
8 58
9 75
10 96
15 46
16 47
16 55
16 98
17 14
18 61
19 38
19 51
21 39
21 42
21 50
22 1
26 34
32 11
33 88
39 19
40 0
40 20
40 22
43 9
43 32
46 17
50 4
52 44
52 95
55 57
55 82
56 7
57 37
58 2
58 31
58 87
61 62
61 90
67 49
67 63
68 80
70 18
72 68
74 83
75 12
76 8
79 66
79 78
80 67
81 70
81 74
82 52
83 33
84 10
84 26
84 43
88 36
90 84
91 76
91 93
96 21
96 60
96 72
backbone tree 7, llh: -10210.829854
-1 40
0 15
0 73
0 81
0 91
1 48
1 79
4 86
8 16
8 56
8 58
9 75
10 96
15 46
16 47
16 55
16 98
17 14
18 61
19 51
21 39
21 42
21 50
22 1
26 34
32 11
33 88
39 19
40 0
40 20
40 22
43 9
43 32
46 17
50 4
51 38
52 44
52 95
55 57
55 82
56 7
57 37
58 2
58 31
58 87
61 62
61 90
67 49
67 63
68 80
70 18
72 68
74 83
75 12
76 8
79 66
79 78
80 67
81 70
81 74
82 52
83 33
84 10
84 26
84 43
88 36
90 84
91 76
91 93
96 21
96 60
96 72
backbone tree 8, llh: -10210.830568
-1 40
0 15
0 73
0 81
0 91
1 48
1 79
4 86
8 16
8 56
8 58
9 75
10 96
15 46
16 47
16 55
16 98
18 61
19 38
19 51
21 39
21 42
21 50
22 1
26 34
32 11
33 88
39 19
40 0
40 20
40 22
43 9
43 32
46 17
50 4
52 44
52 95
55 57
55 82
56 7
57 37
58 2
58 31
58 87
61 62
61 90
67 49
67 63
68 80
70 18
72 68
74 83
75 12
76 8
79 66
79 78
80 67
81 70
81 74
82 14
82 52
83 33
84 10
84 26
84 43
88 36
90 84
91 76
91 93
96 21
96 60
96 72
backbone tree 9, llh: -10210.827296
-1 40
0 15
0 73
0 81
0 91
1 48
1 79
4 86
8 16
8 56
8 58
9 75
10 96
15 46
16 47
16 55
16 98
18 61
19 51
21 39
21 42
21 50
22 1
26 34
32 11
33 88
39 19
40 0
40 20
40 22
43 9
43 32
46 17
50 4
51 38
52 44
52 95
55 57
55 82
56 7
57 37
58 2
58 31
58 87
61 62
61 90
67 49
67 63
68 80
70 18
72 68
74 83
75 12
76 8
79 66
79 78
80 67
81 70
81 74
82 14
82 52
83 33
84 10
84 26
84 43
88 36
90 84
91 76
91 93
96 21
96 60
96 72
backbone tree 10, llh: -10210.789412
-1 40
0 15
0 38
0 81
0 91
1 48
1 79
4 86
8 16
8 56
8 58
9 75
10 96
15 46
16 47
16 55
16 98
17 14
18 61
19 51
19 73
21 39
21 42
21 50
22 1
26 34
32 11
33 88
39 19
40 0
40 20
40 22
40 93
43 9
43 32
46 17
50 4
52 44
52 95
55 57
55 82
56 7
57 37
58 2
58 31
58 87
61 62
61 90
67 49
67 63
68 80
70 18
72 68
74 83
75 12
76 8
79 66
79 78
80 67
81 70
81 74
82 52
83 33
84 10
84 26
84 43
88 36
90 84
91 76
96 21
96 60
96 72
backbone tree 11, llh: -10210.815003
-1 40
0 15
0 81
0 91
1 48
1 79
4 86
8 16
8 56
8 58
9 75
10 96
15 46
16 47
16 55
16 98
17 14
18 61
19 51
19 73
21 39
21 42
21 50
22 1
26 34
32 11
33 88
39 19
40 0
40 20
40 22
40 93
43 9
43 32
46 17
50 4
51 38
52 44
52 95
55 57
55 82
56 7
57 37
58 2
58 31
58 87
61 62
61 90
67 49
67 63
68 80
70 18
72 68
74 83
75 12
76 8
79 66
79 78
80 67
81 70
81 74
82 52
83 33
84 10
84 26
84 43
88 36
90 84
91 76
96 21
96 60
96 72
backbone tree 12, llh: -10210.786851
-1 40
0 15
0 38
0 81
0 91
1 48
1 79
4 86
8 16
8 56
8 58
9 75
10 96
15 46
16 47
16 55
16 98
18 61
19 51
19 73
21 39
21 42
21 50
22 1
26 34
32 11
33 88
39 19
40 0
40 20
40 22
40 93
43 9
43 32
46 17
50 4
52 44
52 95
55 57
55 82
56 7
57 37
58 2
58 31
58 87
61 62
61 90
67 49
67 63
68 80
70 18
72 68
74 83
75 12
76 8
79 66
79 78
80 67
81 70
81 74
82 14
82 52
83 33
84 10
84 26
84 43
88 36
90 84
91 76
96 21
96 60
96 72
backbone tree 13, llh: -10210.812442
-1 40
0 15
0 81
0 91
1 48
1 79
4 86
8 16
8 56
8 58
9 75
10 96
15 46
16 47
16 55
16 98
18 61
19 51
19 73
21 39
21 42
21 50
22 1
26 34
32 11
33 88
39 19
40 0
40 20
40 22
40 93
43 9
43 32
46 17
50 4
51 38
52 44
52 95
55 57
55 82
56 7
57 37
58 2
58 31
58 87
61 62
61 90
67 49
67 63
68 80
70 18
72 68
74 83
75 12
76 8
79 66
79 78
80 67
81 70
81 74
82 14
82 52
83 33
84 10
84 26
84 43
88 36
90 84
91 76
96 21
96 60
96 72
backbone tree 14, llh: -10210.803627
-1 40
0 15
0 38
0 81
0 91
1 48
1 79
4 86
8 16
8 56
8 58
9 75
10 96
15 46
16 47
16 55
16 98
17 14
18 61
19 51
19 73
21 39
21 42
21 50
22 1
26 34
32 11
33 88
39 19
40 0
40 20
40 22
43 9
43 32
46 17
50 4
52 44
52 95
55 57
55 82
56 7
57 37
58 2
58 31
58 87
61 62
61 90
67 49
67 63
68 80
70 18
72 68
74 83
75 12
76 8
79 66
79 78
80 67
81 70
81 74
82 52
83 33
84 10
84 26
84 43
88 36
90 84
91 76
91 93
96 21
96 60
96 72
backbone tree 15, llh: -10210.822760
-1 40
0 15
0 81
0 91
1 48
1 79
4 86
8 16
8 56
8 58
9 75
10 96
15 46
16 47
16 55
16 98
17 14
18 61
19 51
19 73
21 39
21 42
21 50
22 1
26 34
32 11
33 88
39 19
40 0
40 20
40 22
43 9
43 32
46 17
50 4
51 38
52 44
52 95
55 57
55 82
56 7
57 37
58 2
58 31
58 87
61 62
61 90
67 49
67 63
68 80
70 18
72 68
74 83
75 12
76 8
79 66
79 78
80 67
81 70
81 74
82 52
83 33
84 10
84 26
84 43
88 36
90 84
91 76
91 93
96 21
96 60
96 72
backbone tree 16, llh: -10210.801069
-1 40
0 15
0 38
0 81
0 91
1 48
1 79
4 86
8 16
8 56
8 58
9 75
10 96
15 46
16 47
16 55
16 98
18 61
19 51
19 73
21 39
21 42
21 50
22 1
26 34
32 11
33 88
39 19
40 0
40 20
40 22
43 9
43 32
46 17
50 4
52 44
52 95
55 57
55 82
56 7
57 37
58 2
58 31
58 87
61 62
61 90
67 49
67 63
68 80
70 18
72 68
74 83
75 12
76 8
79 66
79 78
80 67
81 70
81 74
82 14
82 52
83 33
84 10
84 26
84 43
88 36
90 84
91 76
91 93
96 21
96 60
96 72
backbone tree 17, llh: -10210.820202
-1 40
0 15
0 81
0 91
1 48
1 79
4 86
8 16
8 56
8 58
9 75
10 96
15 46
16 47
16 55
16 98
18 61
19 51
19 73
21 39
21 42
21 50
22 1
26 34
32 11
33 88
39 19
40 0
40 20
40 22
43 9
43 32
46 17
50 4
51 38
52 44
52 95
55 57
55 82
56 7
57 37
58 2
58 31
58 87
61 62
61 90
67 49
67 63
68 80
70 18
72 68
74 83
75 12
76 8
79 66
79 78
80 67
81 70
81 74
82 14
82 52
83 33
84 10
84 26
84 43
88 36
90 84
91 76
91 93
96 21
96 60
96 72
backbone tree 18, llh: -10210.823504
-1 40
0 15
0 81
0 91
0 93
1 48
1 79
4 86
8 16
8 56
8 58
9 75
10 96
15 46
16 47
16 55
16 98
17 14
18 61
19 38
19 51
21 39
21 42
21 50
22 1
26 34
32 11
33 88
39 19
40 0
40 20
40 22
43 9
43 32
46 17
46 73
50 4
52 44
52 95
55 57
55 82
56 7
57 37
58 2
58 31
58 87
61 62
61 90
67 49
67 63
68 80
70 18
72 68
74 83
75 12
76 8
79 66
79 78
80 67
81 70
81 74
82 52
83 33
84 10
84 26
84 43
88 36
90 84
91 76
96 21
96 60
96 72
backbone tree 19, llh: -10210.820232
-1 40
0 15
0 81
0 91
0 93
1 48
1 79
4 86
8 16
8 56
8 58
9 75
10 96
15 46
16 47
16 55
16 98
17 14
18 61
19 51
21 39
21 42
21 50
22 1
26 34
32 11
33 88
39 19
40 0
40 20
40 22
43 9
43 32
46 17
46 73
50 4
51 38
52 44
52 95
55 57
55 82
56 7
57 37
58 2
58 31
58 87
61 62
61 90
67 49
67 63
68 80
70 18
72 68
74 83
75 12
76 8
79 66
79 78
80 67
81 70
81 74
82 52
83 33
84 10
84 26
84 43
88 36
90 84
91 76
96 21
96 60
96 72
backbone tree 20, llh: -10210.776562
-1 40
0 15
0 81
0 91
0 93
1 48
1 79
4 86
8 16
8 56
8 58
9 75
10 96
15 46
16 47
16 55
16 98
18 61
19 38
19 51
21 39
21 42
21 50
22 1
26 34
32 11
33 88
39 19
40 0
40 20
40 22
43 9
43 32
46 17
46 73
50 4
52 44
52 95
55 57
55 82
56 7
57 37
58 2
58 31
58 87
61 62
61 90
67 49
67 63
68 80
70 18
72 68
74 83
75 12
76 8
79 66
79 78
80 67
81 70
81 74
82 14
82 52
83 33
84 10
84 26
84 43
88 36
90 84
91 76
96 21
96 60
96 72
backbone tree 21, llh: -10210.773290
-1 40
0 15
0 81
0 91
0 93
1 48
1 79
4 86
8 16
8 56
8 58
9 75
10 96
15 46
16 47
16 55
16 98
18 61
19 51
21 39
21 42
21 50
22 1
26 34
32 11
33 88
39 19
40 0
40 20
40 22
43 9
43 32
46 17
46 73
50 4
51 38
52 44
52 95
55 57
55 82
56 7
57 37
58 2
58 31
58 87
61 62
61 90
67 49
67 63
68 80
70 18
72 68
74 83
75 12
76 8
79 66
79 78
80 67
81 70
81 74
82 14
82 52
83 33
84 10
84 26
84 43
88 36
90 84
91 76
96 21
96 60
96 72
backbone tree 22, llh: -10210.810277
-1 40
0 15
0 38
0 81
0 91
1 48
1 79
4 86
8 16
8 56
8 58
9 75
10 96
15 46
16 47
16 55
16 98
17 14
18 61
19 51
21 39
21 42
21 50
22 1
26 34
32 11
33 88
39 19
40 0
40 20
40 22
40 93
43 9
43 32
46 17
46 73
50 4
52 44
52 95
55 57
55 82
56 7
57 37
58 2
58 31
58 87
61 62
61 90
67 49
67 63
68 80
70 18
72 68
74 83
75 12
76 8
79 66
79 78
80 67
81 70
81 74
82 52
83 33
84 10
84 26
84 43
88 36
90 84
91 76
96 21
96 60
96 72
backbone tree 23, llh: -10210.783823
-1 40
0 15
0 81
0 91
1 48
1 79
4 86
8 16
8 56
8 58
9 75
10 96
15 46
16 47
16 55
16 98
17 14
18 61
19 38
19 51
21 39
21 42
21 50
22 1
26 34
32 11
33 88
39 19
40 0
40 20
40 22
40 93
43 9
43 32
46 17
46 73
50 4
52 44
52 95
55 57
55 82
56 7
57 37
58 2
58 31
58 87
61 62
61 90
67 49
67 63
68 80
70 18
72 68
74 83
75 12
76 8
79 66
79 78
80 67
81 70
81 74
82 52
83 33
84 10
84 26
84 43
88 36
90 84
91 76
96 21
96 60
96 72
backbone tree 24, llh: -10210.780551
-1 40
0 15
0 81
0 91
1 48
1 79
4 86
8 16
8 56
8 58
9 75
10 96
15 46
16 47
16 55
16 98
17 14
18 61
19 51
21 39
21 42
21 50
22 1
26 34
32 11
33 88
39 19
40 0
40 20
40 22
40 93
43 9
43 32
46 17
46 73
50 4
51 38
52 44
52 95
55 57
55 82
56 7
57 37
58 2
58 31
58 87
61 62
61 90
67 49
67 63
68 80
70 18
72 68
74 83
75 12
76 8
79 66
79 78
80 67
81 70
81 74
82 52
83 33
84 10
84 26
84 43
88 36
90 84
91 76
96 21
96 60
96 72
backbone tree 25, llh: -10210.763335
-1 40
0 15
0 38
0 81
0 91
1 48
1 79
4 86
8 16
8 56
8 58
9 75
10 96
15 46
16 47
16 55
16 98
18 61
19 51
21 39
21 42
21 50
22 1
26 34
32 11
33 88
39 19
40 0
40 20
40 22
40 93
43 9
43 32
46 17
46 73
50 4
52 44
52 95
55 57
55 82
56 7
57 37
58 2
58 31
58 87
61 62
61 90
67 49
67 63
68 80
70 18
72 68
74 83
75 12
76 8
79 66
79 78
80 67
81 70
81 74
82 14
82 52
83 33
84 10
84 26
84 43
88 36
90 84
91 76
96 21
96 60
96 72
backbone tree 26, llh: -10210.835565
-1 40
0 15
0 81
0 91
1 48
1 79
4 86
8 16
8 56
8 58
9 75
10 96
15 46
16 47
16 55
16 98
18 61
19 38
19 51
21 39
21 42
21 50
22 1
26 34
32 11
33 88
39 19
40 0
40 20
40 22
40 87
40 93
43 9
43 32
46 17
46 73
50 4
52 44
52 95
55 57
55 82
56 7
57 37
58 2
58 31
61 62
61 90
67 49
67 63
68 80
70 18
72 68
74 83
75 12
76 8
79 66
79 78
80 67
81 70
81 74
82 14
82 52
83 33
84 10
84 26
84 43
88 36
90 84
91 76
96 21
96 60
96 72
backbone tree 27, llh: -10210.736881
-1 40
0 15
0 81
0 91
1 48
1 79
4 86
8 16
8 56
8 58
9 75
10 96
15 46
16 47
16 55
16 98
18 61
19 38
19 51
21 39
21 42
21 50
22 1
26 34
32 11
33 88
39 19
40 0
40 20
40 22
40 93
43 9
43 32
46 17
46 73
50 4
52 44
52 95
55 57
55 82
56 7
57 37
58 2
58 31
58 87
61 62
61 90
67 49
67 63
68 80
70 18
72 68
74 83
75 12
76 8
79 66
79 78
80 67
81 70
81 74
82 14
82 52
83 33
84 10
84 26
84 43
88 36
90 84
91 76
96 21
96 60
96 72
backbone tree 28, llh: -10210.832293
-1 40
0 15
0 81
0 91
1 48
1 79
4 86
8 16
8 56
8 58
9 75
10 96
15 46
16 47
16 55
16 98
18 61
19 51
21 39
21 42
21 50
22 1
26 34
32 11
33 88
39 19
40 0
40 20
40 22
40 87
40 93
43 9
43 32
46 17
46 73
50 4
51 38
52 44
52 95
55 57
55 82
56 7
57 37
58 2
58 31
61 62
61 90
67 49
67 63
68 80
70 18
72 68
74 83
75 12
76 8
79 66
79 78
80 67
81 70
81 74
82 14
82 52
83 33
84 10
84 26
84 43
88 36
90 84
91 76
96 21
96 60
96 72
backbone tree 29, llh: -10210.733609
-1 40
0 15
0 81
0 91
1 48
1 79
4 86
8 16
8 56
8 58
9 75
10 96
15 46
16 47
16 55
16 98
18 61
19 51
21 39
21 42
21 50
22 1
26 34
32 11
33 88
39 19
40 0
40 20
40 22
40 93
43 9
43 32
46 17
46 73
50 4
51 38
52 44
52 95
55 57
55 82
56 7
57 37
58 2
58 31
58 87
61 62
61 90
67 49
67 63
68 80
70 18
72 68
74 83
75 12
76 8
79 66
79 78
80 67
81 70
81 74
82 14
82 52
83 33
84 10
84 26
84 43
88 36
90 84
91 76
96 21
96 60
96 72
backbone tree 30, llh: -10210.824492
-1 40
0 15
0 38
0 81
0 91
1 48
1 79
4 86
8 16
8 56
8 58
9 75
10 96
15 46
16 47
16 55
16 98
17 14
18 61
19 51
21 39
21 42
21 50
22 1
26 34
32 11
33 88
39 19
40 0
40 20
40 22
43 9
43 32
46 17
46 73
50 4
52 44
52 95
55 57
55 82
56 7
57 37
58 2
58 31
58 87
61 62
61 90
67 49
67 63
68 80
70 18
72 68
74 83
75 12
76 8
79 66
79 78
80 67
81 70
81 74
82 52
83 33
84 10
84 26
84 43
88 36
90 84
91 76
91 93
96 21
96 60
96 72
backbone tree 31, llh: -10210.791581
-1 40
0 15
0 81
0 91
1 48
1 79
4 86
8 16
8 56
8 58
9 75
10 96
15 46
16 47
16 55
16 98
17 14
18 61
19 38
19 51
21 39
21 42
21 50
22 1
26 34
32 11
33 88
39 19
40 0
40 20
40 22
43 9
43 32
46 17
46 73
50 4
52 44
52 95
55 57
55 82
56 7
57 37
58 2
58 31
58 87
61 62
61 90
67 49
67 63
68 80
70 18
72 68
74 83
75 12
76 8
79 66
79 78
80 67
81 70
81 74
82 52
83 33
84 10
84 26
84 43
88 36
90 84
91 76
91 93
96 21
96 60
96 72
backbone tree 32, llh: -10210.788309
-1 40
0 15
0 81
0 91
1 48
1 79
4 86
8 16
8 56
8 58
9 75
10 96
15 46
16 47
16 55
16 98
17 14
18 61
19 51
21 39
21 42
21 50
22 1
26 34
32 11
33 88
39 19
40 0
40 20
40 22
43 9
43 32
46 17
46 73
50 4
51 38
52 44
52 95
55 57
55 82
56 7
57 37
58 2
58 31
58 87
61 62
61 90
67 49
67 63
68 80
70 18
72 68
74 83
75 12
76 8
79 66
79 78
80 67
81 70
81 74
82 52
83 33
84 10
84 26
84 43
88 36
90 84
91 76
91 93
96 21
96 60
96 72
backbone tree 33, llh: -10210.777553
-1 40
0 15
0 38
0 81
0 91
1 48
1 79
4 86
8 16
8 56
8 58
9 75
10 96
15 46
16 47
16 55
16 98
18 61
19 51
21 39
21 42
21 50
22 1
26 34
32 11
33 88
39 19
40 0
40 20
40 22
43 9
43 32
46 17
46 73
50 4
52 44
52 95
55 57
55 82
56 7
57 37
58 2
58 31
58 87
61 62
61 90
67 49
67 63
68 80
70 18
72 68
74 83
75 12
76 8
79 66
79 78
80 67
81 70
81 74
82 14
82 52
83 33
84 10
84 26
84 43
88 36
90 84
91 76
91 93
96 21
96 60
96 72
backbone tree 34, llh: -10210.815177
-1 40
0 15
0 81
0 91
1 48
1 79
4 86
8 16
8 56
8 58
9 75
10 96
15 46
16 47
16 55
16 98
18 61
19 38
19 51
21 39
21 42
21 50
22 1
26 34
32 11
33 88
39 19
40 0
40 20
40 22
40 87
43 9
43 32
46 17
46 73
50 4
52 44
52 95
55 57
55 82
56 7
57 37
58 2
58 31
61 62
61 90
67 49
67 63
68 80
70 18
72 68
74 83
75 12
76 8
79 66
79 78
80 67
81 70
81 74
82 14
82 52
83 33
84 10
84 26
84 43
88 36
90 84
91 76
91 93
96 21
96 60
96 72
backbone tree 35, llh: -10210.744641
-1 40
0 15
0 81
0 91
1 48
1 79
4 86
8 16
8 56
8 58
9 75
10 96
15 46
16 47
16 55
16 98
18 61
19 38
19 51
21 39
21 42
21 50
22 1
26 34
32 11
33 88
39 19
40 0
40 20
40 22
43 9
43 32
46 17
46 73
50 4
52 44
52 95
55 57
55 82
56 7
57 37
58 2
58 31
58 87
61 62
61 90
67 49
67 63
68 80
70 18
72 68
74 83
75 12
76 8
79 66
79 78
80 67
81 70
81 74
82 14
82 52
83 33
84 10
84 26
84 43
88 36
90 84
91 76
91 93
96 21
96 60
96 72
backbone tree 36, llh: -10210.811905
-1 40
0 15
0 81
0 91
1 48
1 79
4 86
8 16
8 56
8 58
9 75
10 96
15 46
16 47
16 55
16 98
18 61
19 51
21 39
21 42
21 50
22 1
26 34
32 11
33 88
39 19
40 0
40 20
40 22
40 87
43 9
43 32
46 17
46 73
50 4
51 38
52 44
52 95
55 57
55 82
56 7
57 37
58 2
58 31
61 62
61 90
67 49
67 63
68 80
70 18
72 68
74 83
75 12
76 8
79 66
79 78
80 67
81 70
81 74
82 14
82 52
83 33
84 10
84 26
84 43
88 36
90 84
91 76
91 93
96 21
96 60
96 72
backbone tree 37, llh: -10210.741369
-1 40
0 15
0 81
0 91
1 48
1 79
4 86
8 16
8 56
8 58
9 75
10 96
15 46
16 47
16 55
16 98
18 61
19 51
21 39
21 42
21 50
22 1
26 34
32 11
33 88
39 19
40 0
40 20
40 22
43 9
43 32
46 17
46 73
50 4
51 38
52 44
52 95
55 57
55 82
56 7
57 37
58 2
58 31
58 87
61 62
61 90
67 49
67 63
68 80
70 18
72 68
74 83
75 12
76 8
79 66
79 78
80 67
81 70
81 74
82 14
82 52
83 33
84 10
84 26
84 43
88 36
90 84
91 76
91 93
96 21
96 60
96 72
