# 26 backbone trees, 66 mutations
backbone tree 0, llh: -9564.845907
-1 0
0 33
0 56
0 58
0 61
0 76
0 82
1 40
4 37
4 53
4 88
14 29
16 5
16 19
19 91
22 25
22 36
24 92
29 30
29 75
29 86
33 87
34 16
36 46
40 93
42 24
42 34
46 18
48 81
50 4
50 41
50 60
52 11
54 83
56 74
58 9
58 52
59 54
61 62
63 59
64 66
64 72
66 32
71 15
71 80
71 96
72 1
72 65
74 14
74 23
74 38
74 42
75 71
76 98
80 44
81 12
81 64
82 73
91 48
91 89
92 26
93 7
96 22
96 50
96 63
96 77
backbone tree 1, llh: -9564.847546
-1 0
0 33
0 56
0 58
0 61
0 76
0 82
1 40
4 37
4 53
4 88
14 29
16 5
16 19
19 91
22 25
22 36
24 92
29 30
29 75
29 86
33 87
34 16
36 46
40 93
42 24
42 34
46 18
48 81
50 4
50 41
50 60
52 11
56 74
58 9
58 52
58 83
59 54
61 62
63 59
64 66
64 72
66 32
71 15
71 80
71 96
72 1
72 65
74 14
74 23
74 38
74 42
75 71
76 98
80 44
81 12
81 64
82 73
91 48
91 89
92 26
93 7
96 22
96 50
96 63
96 77
backbone tree 2, llh: -9564.849387
-1 0
0 33
0 56
0 58
0 61
0 76
0 82
1 40
4 37
4 53
4 88
14 29
16 5
16 19
19 91
22 25
22 36
24 92
29 30
29 75
29 86
33 87
34 16
36 46
40 93
42 24
42 34
46 18
48 81
50 4
50 41
50 60
52 11
56 74
58 9
58 52
59 54
61 62
63 59
64 66
64 72
65 83
66 32
71 15
71 80
71 96
72 1
72 65
74 14
74 23
74 38
74 42
75 71
76 98
80 44
81 12
81 64
82 73
91 48
91 89
92 26
93 7
96 22
96 50
96 63
96 77
backbone tree 3, llh: -9564.840686
-1 0
0 33
0 56
0 58
0 61
0 76
0 82
1 25
1 40
4 37
4 88
14 29
16 5
16 19
19 91
22 23
22 36
24 92
29 30
29 75
29 86
33 87
34 16
36 46
40 93
42 24
42 34
46 18
48 81
50 4
50 41
50 60
52 11
54 83
56 74
58 9
58 52
59 54
61 62
63 59
64 66
64 72
66 32
71 15
71 80
71 96
72 1
72 65
74 14
74 38
74 42
74 53
75 71
76 98
80 44
81 12
81 64
82 73
91 48
91 89
92 26
93 7
96 22
96 50
96 63
96 77
backbone tree 4, llh: -9564.842340
-1 0
0 33
0 56
0 58
0 61
0 76
0 82
1 25
1 40
4 37
4 88
14 29
16 5
16 19
19 91
22 23
22 36
24 92
29 30
29 75
29 86
33 87
34 16
36 46
40 93
42 24
42 34
46 18
48 81
50 4
50 41
50 60
52 11
56 74
58 9
58 52
58 83
59 54
61 62
63 59
64 66
64 72
66 32
71 15
71 80
71 96
72 1
72 65
74 14
74 38
74 42
74 53
75 71
76 98
80 44
81 12
81 64
82 73
91 48
91 89
92 26
93 7
96 22
96 50
96 63
96 77
backbone tree 5, llh: -9564.844165
-1 0
0 33
0 56
0 58
0 61
0 76
0 82
1 25
1 40
4 37
4 88
14 29
16 5
16 19
19 91
22 23
22 36
24 92
29 30
29 75
29 86
33 87
34 16
36 46
40 93
42 24
42 34
46 18
48 81
50 4
50 41
50 60
52 11
56 74
58 9
58 52
59 54
61 62
63 59
64 66
64 72
65 83
66 32
71 15
71 80
71 96
72 1
72 65
74 14
74 38
74 42
74 53
75 71
76 98
80 44
81 12
81 64
82 73
91 48
91 89
92 26
93 7
96 22
96 50
96 63
96 77
backbone tree 6, llh: -9564.856763
-1 0
0 33
0 56
0 58
0 61
0 76
0 82
1 40
4 37
4 88
14 29
16 5
16 19
19 91
22 25
22 36
24 92
29 30
29 75
29 86
33 87
34 16
36 46
40 93
42 24
42 34
46 18
48 81
50 4
50 41
50 60
52 11
54 83
56 74
58 9
58 23
58 52
59 54
61 62
63 59
64 66
64 72
66 32
71 15
71 80
71 96
72 1
72 65
74 14
74 38
74 42
74 53
75 71
76 98
80 44
81 12
81 64
82 73
91 48
91 89
92 26
93 7
96 22
96 50
96 63
96 77
backbone tree 7, llh: -9564.860242
-1 0
0 33
0 56
0 58
0 61
0 76
0 82
1 40
4 37
4 88
14 29
16 5
16 19
19 91
22 25
22 36
24 92
29 30
29 75
29 86
33 87
34 16
36 46
40 93
42 24
42 34
46 18
48 81
50 4
50 41
50 60
52 11
56 74
58 9
58 23
58 52
59 54
61 62
63 59
64 66
64 72
65 83
66 32
71 15
71 80
71 96
72 1
72 65
74 14
74 38
74 42
74 53
75 71
76 98
80 44
81 12
81 64
82 73
91 48
91 89
92 26
93 7
96 22
96 50
96 63
96 77
backbone tree 8, llh: -9564.861789
-1 0
0 33
0 56
0 58
0 61
0 76
0 82
1 40
4 37
4 88
14 29
16 5
16 19
19 91
22 25
22 36
24 92
29 30
29 75
29 86
33 87
34 16
36 46
40 93
42 24
42 34
46 18
48 81
50 4
50 41
50 60
52 11
54 83
56 74
58 9
58 52
59 54
61 62
63 59
64 66
64 72
66 32
71 15
71 80
71 96
72 1
72 65
74 14
74 23
74 38
74 42
74 53
75 71
76 98
80 44
81 12
81 64
82 73
91 48
91 89
92 26
93 7
96 22
96 50
96 63
96 77
backbone tree 9, llh: -9564.863444
-1 0
0 33
0 56
0 58
0 61
0 76
0 82
1 40
4 37
4 88
14 29
16 5
16 19
19 91
22 25
22 36
24 92
29 30
29 75
29 86
33 87
34 16
36 46
40 93
42 24
42 34
46 18
48 81
50 4
50 41
50 60
52 11
56 74
58 9
58 52
58 83
59 54
61 62
63 59
64 66
64 72
66 32
71 15
71 80
71 96
72 1
72 65
74 14
74 23
74 38
74 42
74 53
75 71
76 98
80 44
81 12
81 64
82 73
91 48
91 89
92 26
93 7
96 22
96 50
96 63
96 77
backbone tree 10, llh: -9564.801526
-1 0
0 33
0 56
0 58
0 61
0 76
0 82
1 40
4 37
4 88
14 29
16 5
16 19
19 91
22 23
22 36
24 92
29 30
29 75
29 86
33 87
34 16
36 46
40 93
42 24
42 34
46 18
48 81
50 4
50 25
50 60
52 11
54 83
56 74
58 9
58 52
59 54
61 62
63 59
64 66
64 72
66 32
71 15
71 80
71 89
71 96
72 1
72 41
72 65
74 14
74 38
74 42
74 53
75 71
76 98
80 44
81 12
81 64
82 73
91 48
92 26
93 7
96 22
96 50
96 63
96 77
backbone tree 11, llh: -9564.803180
-1 0
0 33
0 56
0 58
0 61
0 76
0 82
1 40
4 37
4 88
14 29
16 5
16 19
19 91
22 23
22 36
24 92
29 30
29 75
29 86
33 87
34 16
36 46
40 93
42 24
42 34
46 18
48 81
50 4
50 25
50 60
52 11
56 74
58 9
58 52
58 83
59 54
61 62
63 59
64 66
64 72
66 32
71 15
71 80
71 89
71 96
72 1
72 41
72 65
74 14
74 38
74 42
74 53
75 71
76 98
80 44
81 12
81 64
82 73
91 48
92 26
93 7
96 22
96 50
96 63
96 77
backbone tree 12, llh: -9564.807604
-1 0
0 33
0 56
0 58
0 61
0 76
0 82
1 40
4 37
4 88
14 29
16 5
16 19
19 91
22 23
22 36
24 92
29 30
29 75
29 86
33 87
34 16
36 46
40 93
42 24
42 34
46 18
48 81
50 4
50 25
50 60
52 11
56 74
58 9
58 52
59 54
61 62
63 59
64 66
64 72
65 83
66 32
71 15
71 80
71 89
71 96
72 1
72 41
72 65
74 14
74 38
74 42
74 53
75 71
76 98
80 44
81 12
81 64
82 73
91 48
92 26
93 7
96 22
96 50
96 63
96 77
backbone tree 13, llh: -9564.765521
-1 0
0 33
0 56
0 58
0 61
0 76
0 82
1 40
4 37
4 88
14 29
16 5
16 19
19 91
22 23
22 36
24 92
29 30
29 75
29 86
33 87
34 16
36 46
40 93
42 24
42 34
46 18
48 81
50 4
50 25
50 60
52 11
54 83
56 74
58 9
58 52
59 54
61 62
63 59
64 66
64 72
66 32
71 15
71 80
71 96
72 1
72 41
72 65
74 14
74 38
74 42
74 53
75 71
76 98
80 44
81 12
81 64
82 73
91 48
91 89
92 26
93 7
96 22
96 50
96 63
96 77
backbone tree 14, llh: -9564.767175
-1 0
0 33
0 56
0 58
0 61
0 76
0 82
1 40
4 37
4 88
14 29
16 5
16 19
19 91
22 23
22 36
24 92
29 30
29 75
29 86
33 87
34 16
36 46
40 93
42 24
42 34
46 18
48 81
50 4
50 25
50 60
52 11
56 74
58 9
58 52
58 83
59 54
61 62
63 59
64 66
64 72
66 32
71 15
71 80
71 96
72 1
72 41
72 65
74 14
74 38
74 42
74 53
75 71
76 98
80 44
81 12
81 64
82 73
91 48
91 89
92 26
93 7
96 22
96 50
96 63
96 77
backbone tree 15, llh: -9564.771600
-1 0
0 33
0 56
0 58
0 61
0 76
0 82
1 40
4 37
4 88
14 29
16 5
16 19
19 91
22 23
22 36
24 92
29 30
29 75
29 86
33 87
34 16
36 46
40 93
42 24
42 34
46 18
48 81
50 4
50 25
50 60
52 11
56 74
58 9
58 52
59 54
61 62
63 59
64 66
64 72
65 83
66 32
71 15
71 80
71 96
72 1
72 41
72 65
74 14
74 38
74 42
74 53
75 71
76 98
80 44
81 12
81 64
82 73
91 48
91 89
92 26
93 7
96 22
96 50
96 63
96 77
backbone tree 16, llh: -9564.795068
-1 0
0 33
0 56
0 58
0 61
0 76
0 82
1 40
4 37
4 88
14 29
16 5
16 19
19 91
22 23
22 36
24 92
29 30
29 75
29 86
33 87
34 16
36 46
40 93
42 24
42 34
46 18
48 81
50 4
50 25
50 41
52 11
54 83
56 74
58 9
58 52
59 54
61 62
63 59
64 66
64 72
66 32
71 15
71 80
71 89
71 96
72 1
72 65
74 14
74 38
74 42
74 53
75 71
76 98
80 44
81 12
81 64
82 73
87 60
91 48
92 26
93 7
96 22
96 50
96 63
96 77
backbone tree 17, llh: -9564.796725
-1 0
0 33
0 56
0 58
0 61
0 76
0 82
1 40
4 37
4 88
14 29
16 5
16 19
19 91
22 23
22 36
24 92
29 30
29 75
29 86
33 87
34 16
36 46
40 93
42 24
42 34
46 18
48 81
50 4
50 25
50 41
52 11
56 74
58 9
58 52
58 83
59 54
61 62
63 59
64 66
64 72
66 32
71 15
71 80
71 89
71 96
72 1
72 65
74 14
74 38
74 42
74 53
75 71
76 98
80 44
81 12
81 64
82 73
87 60
91 48
92 26
93 7
96 22
96 50
96 63
96 77
backbone tree 18, llh: -9564.798547
-1 0
0 33
0 56
0 58
0 61
0 76
0 82
1 40
4 37
4 88
14 29
16 5
16 19
19 91
22 23
22 36
24 92
29 30
29 75
29 86
33 87
34 16
36 46
40 93
42 24
42 34
46 18
48 81
50 4
50 25
50 41
52 11
56 74
58 9
58 52
59 54
61 62
63 59
64 66
64 72
65 83
66 32
71 15
71 80
71 89
71 96
72 1
72 65
74 14
74 38
74 42
74 53
75 71
76 98
80 44
81 12
81 64
82 73
87 60
91 48
92 26
93 7
96 22
96 50
96 63
96 77
backbone tree 19, llh: -9564.759062
-1 0
0 33
0 56
0 58
0 61
0 76
0 82
1 40
4 37
4 88
14 29
16 5
16 19
19 91
22 23
22 36
24 92
29 30
29 75
29 86
33 87
34 16
36 46
40 93
42 24
42 34
46 18
48 81
50 4
50 25
50 41
52 11
54 83
56 74
58 9
58 52
59 54
61 62
63 59
64 66
64 72
66 32
71 15
71 80
71 96
72 1
72 65
74 14
74 38
74 42
74 53
75 71
76 98
80 44
81 12
81 64
82 73
87 60
91 48
91 89
92 26
93 7
96 22
96 50
96 63
96 77
backbone tree 20, llh: -9564.760719
-1 0
0 33
0 56
0 58
0 61
0 76
0 82
1 40
4 37
4 88
14 29
16 5
16 19
19 91
22 23
22 36
24 92
29 30
29 75
29 86
33 87
34 16
36 46
40 93
42 24
42 34
46 18
48 81
50 4
50 25
50 41
52 11
56 74
58 9
58 52
58 83
59 54
61 62
63 59
64 66
64 72
66 32
71 15
71 80
71 96
72 1
72 65
74 14
74 38
74 42
74 53
75 71
76 98
80 44
81 12
81 64
82 73
87 60
91 48
91 89
92 26
93 7
96 22
96 50
96 63
96 77
backbone tree 21, llh: -9564.762542
-1 0
0 33
0 56
0 58
0 61
0 76
0 82
1 40
4 37
4 88
14 29
16 5
16 19
19 91
22 23
22 36
24 92
29 30
29 75
29 86
33 87
34 16
36 46
40 93
42 24
42 34
46 18
48 81
50 4
50 25
50 41
52 11
56 74
58 9
58 52
59 54
61 62
63 59
64 66
64 72
65 83
66 32
71 15
71 80
71 96
72 1
72 65
74 14
74 38
74 42
74 53
75 71
76 98
80 44
81 12
81 64
82 73
87 60
91 48
91 89
92 26
93 7
96 22
96 50
96 63
96 77
backbone tree 22, llh: -9564.839550
-1 0
0 33
0 56
0 58
0 61
0 76
0 82
1 40
4 37
4 88
14 29
16 5
16 19
19 91
22 25
22 36
24 92
29 30
29 75
29 86
33 87
34 16
36 46
40 93
42 24
42 34
46 18
48 81
50 4
50 41
50 60
52 11
54 83
56 74
58 9
58 52
59 54
61 62
63 59
64 66
64 72
66 32
71 15
71 80
71 96
72 1
72 65
74 14
74 23
74 38
74 42
75 53
75 71
76 98
80 44
81 12
81 64
82 73
91 48
91 89
92 26
93 7
96 22
96 50
96 63
96 77
backbone tree 23, llh: -9564.841190
-1 0
0 33
0 56
0 58
0 61
0 76
0 82
1 40
4 37
4 88
14 29
16 5
16 19
19 91
22 25
22 36
24 92
29 30
29 75
29 86
33 87
34 16
36 46
40 93
42 24
42 34
46 18
48 81
50 4
50 41
50 60
52 11
56 74
58 9
58 52
58 83
59 54
61 62
63 59
64 66
64 72
66 32
71 15
71 80
71 96
72 1
72 65
74 14
74 23
74 38
74 42
75 53
75 71
76 98
80 44
81 12
81 64
82 73
91 48
91 89
92 26
93 7
96 22
96 50
96 63
96 77
backbone tree 24, llh: -9564.843029
-1 0
0 33
0 56
0 58
0 61
0 76
0 82
1 40
4 37
4 88
14 29
16 5
16 19
19 91
22 25
22 36
24 92
29 30
29 75
29 86
33 87
34 16
36 46
40 93
42 24
42 34
46 18
48 81
50 4
50 41
50 60
52 11
56 74
58 9
58 52
59 54
61 62
63 59
64 66
64 72
65 83
66 32
71 15
71 80
71 96
72 1
72 65
74 14
74 23
74 38
74 42
75 53
75 71
76 98
80 44
81 12
81 64
82 73
91 48
91 89
92 26
93 7
96 22
96 50
96 63
96 77
backbone tree 25, llh: -9564.863245
-1 0
0 33
0 56
0 58
0 61
0 76
0 82
1 40
4 37
4 88
14 29
16 19
16 23
19 91
22 25
22 36
24 92
29 30
29 75
29 86
33 87
34 16
36 46
40 93
42 24
42 34
46 18
48 81
50 4
50 41
50 60
52 5
52 11
54 83
56 74
58 9
58 52
59 54
61 62
63 59
64 66
64 72
66 32
71 15
71 80
71 96
72 1
72 65
74 14
74 38
74 42
74 53
75 71
76 98
80 44
81 12
81 64
82 73
91 48
91 89
92 26
93 7
96 22
96 50
96 63
96 77
