# 5 backbone trees, 63 mutations
backbone tree 0, llh: -10872.449869
-1 7
0 33
0 86
2 95
3 18
3 67
5 30
7 0
7 2
7 46
7 68
8 44
8 58
9 29
9 34
11 62
13 82
13 85
14 84
16 8
16 77
16 78
24 96
27 36
27 45
27 55
29 91
31 38
32 4
32 9
32 14
33 11
33 19
36 10
37 3
37 31
38 47
44 87
44 90
47 76
51 80
55 1
55 13
59 56
61 35
62 5
64 89
64 94
65 75
67 51
67 53
75 52
75 61
76 32
77 74
78 59
86 16
86 83
89 27
90 64
91 65
94 24
94 37
backbone tree 1, llh: -10872.493759
-1 7
0 33
0 86
2 95
3 18
3 67
5 30
5 46
7 0
7 2
7 68
8 44
9 29
9 34
11 62
13 82
13 85
14 84
16 8
16 77
16 78
24 96
27 36
27 45
27 55
29 91
31 38
32 4
32 9
32 14
33 11
33 19
36 10
37 3
37 31
38 47
44 87
44 90
47 76
51 80
55 1
55 13
59 56
61 35
62 5
64 89
64 94
65 75
67 51
67 53
75 52
75 61
76 32
77 74
78 58
78 59
86 16
86 83
89 27
90 64
91 65
94 24
94 37
backbone tree 2, llh: -10872.449496
-1 7
0 33
0 86
2 95
3 18
3 67
5 4
5 30
7 0
7 2
7 46
7 68
8 44
9 29
9 34
11 62
13 82
13 85
14 84
16 8
16 77
16 78
24 96
27 36
27 45
27 55
29 91
31 38
32 9
32 14
33 11
33 19
36 10
37 3
37 31
38 47
44 87
44 90
47 76
51 80
55 1
55 13
59 56
61 35
62 5
64 89
64 94
65 75
67 51
67 53
75 52
75 61
76 32
77 74
78 58
78 59
86 16
86 83
89 27
90 64
91 65
94 24
94 37
backbone tree 3, llh: -10872.496798
-1 7
0 33
0 86
2 95
3 18
3 67
5 30
7 0
7 2
7 46
7 68
8 44
9 29
9 34
11 62
13 82
13 85
14 84
16 8
16 77
16 78
24 96
27 36
27 45
27 55
29 91
31 38
32 4
32 9
32 14
33 11
33 19
35 10
37 3
37 31
38 47
44 87
44 90
47 76
51 80
55 1
55 13
59 56
61 35
62 5
64 89
64 94
65 75
67 51
67 53
75 52
75 61
76 32
77 74
78 58
78 59
86 16
86 83
89 27
90 64
91 65
94 24
94 37
backbone tree 4, llh: -10872.402216
-1 7
0 33
0 86
2 95
3 18
3 67
5 30
7 0
7 2
7 46
7 68
8 44
9 29
9 34
11 62
13 82
13 85
14 84
16 8
16 77
16 78
24 96
27 36
27 45
27 55
29 91
31 38
32 4
32 9
32 14
33 11
33 19
36 10
37 3
37 31
38 47
44 87
44 90
47 76
51 80
55 1
55 13
59 56
61 35
62 5
64 89
64 94
65 75
67 51
67 53
75 52
75 61
76 32
77 74
78 58
78 59
86 16
86 83
89 27
90 64
91 65
94 24
94 37
