# 12 backbone trees, 60 mutations
backbone tree 0, llh: -11428.549436
-1 0
0 24
0 47
0 71
0 87
1 84
2 42
2 91
4 27
4 34
7 57
7 77
9 67
12 16
12 69
14 53
16 38
16 58
18 30
19 14
20 31
20 48
21 4
21 73
23 7
24 25
30 64
31 55
33 18
34 85
39 41
41 63
47 35
47 75
50 83
53 44
56 2
57 33
58 93
61 1
61 72
64 56
67 10
67 19
67 20
67 21
67 78
68 8
73 92
75 12
76 9
83 68
83 96
92 23
92 39
92 89
93 50
93 61
93 76
96 6
backbone tree 1, llh: -11428.569271
-1 0
0 24
0 47
0 71
0 87
1 84
2 42
2 91
4 27
4 34
7 57
7 77
9 67
12 16
12 69
14 53
16 38
16 58
18 30
19 14
20 31
20 48
21 4
21 73
23 7
24 25
30 64
31 55
33 18
34 85
39 41
47 35
47 75
50 83
53 44
55 63
56 2
57 33
58 93
61 1
61 72
64 56
67 10
67 19
67 20
67 21
67 78
68 8
73 92
75 12
76 9
83 68
83 96
92 23
92 39
92 89
93 50
93 61
93 76
96 6
backbone tree 2, llh: -11428.547581
-1 0
0 24
0 47
0 71
0 87
1 84
2 42
2 91
4 27
4 34
7 57
7 77
9 67
12 16
12 69
14 53
16 38
16 58
18 30
19 14
20 31
20 48
21 4
21 73
23 7
24 25
30 64
31 55
33 18
34 85
39 41
47 35
47 75
50 83
53 44
56 2
57 33
58 93
61 1
61 72
64 56
67 10
67 19
67 20
67 21
67 78
68 8
72 63
73 92
75 12
76 9
83 68
83 96
92 23
92 39
92 89
93 50
93 61
93 76
96 6
backbone tree 3, llh: -11428.606888
-1 0
0 24
0 47
0 71
0 87
1 84
2 42
2 91
4 27
4 34
7 57
9 67
12 16
12 69
14 53
16 38
16 58
18 30
19 14
20 31
20 48
21 4
21 73
23 7
24 25
27 77
30 64
31 55
33 18
34 85
39 41
41 63
47 35
47 75
50 83
53 44
56 2
57 33
58 93
61 1
61 72
64 56
67 10
67 19
67 20
67 21
67 78
68 8
73 92
75 12
76 9
83 68
83 96
92 23
92 39
92 89
93 50
93 61
93 76
96 6
backbone tree 4, llh: -11428.626723
-1 0
0 24
0 47
0 71
0 87
1 84
2 42
2 91
4 27
4 34
7 57
9 67
12 16
12 69
14 53
16 38
16 58
18 30
19 14
20 31
20 48
21 4
21 73
23 7
24 25
27 77
30 64
31 55
33 18
34 85
39 41
47 35
47 75
50 83
53 44
55 63
56 2
57 33
58 93
61 1
61 72
64 56
67 10
67 19
67 20
67 21
67 78
68 8
73 92
75 12
76 9
83 68
83 96
92 23
92 39
92 89
93 50
93 61
93 76
96 6
backbone tree 5, llh: -11428.605034
-1 0
0 24
0 47
0 71
0 87
1 84
2 42
2 91
4 27
4 34
7 57
9 67
12 16
12 69
14 53
16 38
16 58
18 30
19 14
20 31
20 48
21 4
21 73
23 7
24 25
27 77
30 64
31 55
33 18
34 85
39 41
47 35
47 75
50 83
53 44
56 2
57 33
58 93
61 1
61 72
64 56
67 10
67 19
67 20
67 21
67 78
68 8
72 63
73 92
75 12
76 9
83 68
83 96
92 23
92 39
92 89
93 50
93 61
93 76
96 6
backbone tree 6, llh: -11428.535503
-1 0
0 24
0 47
0 71
1 84
2 42
2 91
4 27
4 34
7 57
7 77
9 67
12 16
12 69
14 53
16 38
16 58
18 30
19 14
20 31
20 48
21 4
21 73
23 7
24 25
30 64
31 55
33 18
34 85
39 41
41 63
47 35
47 75
50 83
50 87
53 44
56 2
57 33
58 93
61 1
61 72
64 56
67 10
67 19
67 20
67 21
67 78
68 8
73 92
75 12
76 9
83 68
83 96
92 23
92 39
92 89
93 50
93 61
93 76
96 6
backbone tree 7, llh: -11428.555338
-1 0
0 24
0 47
0 71
1 84
2 42
2 91
4 27
4 34
7 57
7 77
9 67
12 16
12 69
14 53
16 38
16 58
18 30
19 14
20 31
20 48
21 4
21 73
23 7
24 25
30 64
31 55
33 18
34 85
39 41
47 35
47 75
50 83
50 87
53 44
55 63
56 2
57 33
58 93
61 1
61 72
64 56
67 10
67 19
67 20
67 21
67 78
68 8
73 92
75 12
76 9
83 68
83 96
92 23
92 39
92 89
93 50
93 61
93 76
96 6
backbone tree 8, llh: -11428.533649
-1 0
0 24
0 47
0 71
1 84
2 42
2 91
4 27
4 34
7 57
7 77
9 67
12 16
12 69
14 53
16 38
16 58
18 30
19 14
20 31
20 48
21 4
21 73
23 7
24 25
30 64
31 55
33 18
34 85
39 41
47 35
47 75
50 83
50 87
53 44
56 2
57 33
58 93
61 1
61 72
64 56
67 10
67 19
67 20
67 21
67 78
68 8
72 63
73 92
75 12
76 9
83 68
83 96
92 23
92 39
92 89
93 50
93 61
93 76
96 6
backbone tree 9, llh: -11428.594164
-1 0
0 24
0 47
0 71
1 84
2 42
2 91
4 27
4 34
7 57
9 67
12 16
12 69
14 53
16 38
16 58
18 30
19 14
20 31
20 48
21 4
21 73
23 7
24 25
27 77
30 64
31 55
33 18
34 85
39 41
41 63
47 35
47 75
50 83
50 87
53 44
56 2
57 33
58 93
61 1
61 72
64 56
67 10
67 19
67 20
67 21
67 78
68 8
73 92
75 12
76 9
83 68
83 96
92 23
92 39
92 89
93 50
93 61
93 76
96 6
backbone tree 10, llh: -11428.613999
-1 0
0 24
0 47
0 71
1 84
2 42
2 91
4 27
4 34
7 57
9 67
12 16
12 69
14 53
16 38
16 58
18 30
19 14
20 31
20 48
21 4
21 73
23 7
24 25
27 77
30 64
31 55
33 18
34 85
39 41
47 35
47 75
50 83
50 87
53 44
55 63
56 2
57 33
58 93
61 1
61 72
64 56
67 10
67 19
67 20
67 21
67 78
68 8
73 92
75 12
76 9
83 68
83 96
92 23
92 39
92 89
93 50
93 61
93 76
96 6
backbone tree 11, llh: -11428.592309
-1 0
0 24
0 47
0 71
1 84
2 42
2 91
4 27
4 34
7 57
9 67
12 16
12 69
14 53
16 38
16 58
18 30
19 14
20 31
20 48
21 4
21 73
23 7
24 25
27 77
30 64
31 55
33 18
34 85
39 41
47 35
47 75
50 83
50 87
53 44
56 2
57 33
58 93
61 1
61 72
64 56
67 10
67 19
67 20
67 21
67 78
68 8
72 63
73 92
75 12
76 9
83 68
83 96
92 23
92 39
92 89
93 50
93 61
93 76
96 6
