# 18 backbone trees, 56 mutations
backbone tree 0, llh: -8362.298192
-1 0
0 20
0 58
0 96
6 73
13 4
18 42
18 43
20 56
20 80
27 62
28 29
28 52
30 2
30 45
32 30
34 59
34 70
35 89
37 53
42 15
42 25
43 68
45 63
51 97
52 49
53 34
53 35
53 79
54 28
54 55
55 6
55 60
56 75
56 88
57 18
58 37
58 69
59 33
67 87
68 32
70 57
70 92
74 3
74 51
75 13
75 82
79 27
79 50
80 91
82 74
84 54
87 84
91 67
96 47
96 86
backbone tree 1, llh: -8362.262243
-1 0
0 20
0 58
0 96
6 73
18 42
18 43
20 56
20 80
27 62
28 29
28 52
30 2
30 45
32 30
33 4
34 59
34 70
35 89
37 53
42 15
42 25
43 68
45 63
51 97
52 49
53 34
53 35
53 79
54 28
54 55
55 6
55 60
56 75
56 88
57 18
58 37
58 69
59 33
67 87
68 32
70 57
70 92
74 3
74 51
75 13
75 82
79 27
79 50
80 91
82 74
84 54
87 84
91 67
96 47
96 86
backbone tree 2, llh: -8362.267714
-1 0
0 20
0 58
0 96
6 73
18 42
18 43
20 56
20 80
27 62
28 52
30 2
30 45
32 30
33 4
34 59
34 70
35 89
37 53
42 15
42 25
43 68
45 63
51 97
52 49
53 34
53 35
53 79
54 28
54 55
55 6
55 60
56 75
56 88
57 18
58 37
58 69
59 33
67 29
67 87
68 32
70 57
70 92
74 3
74 51
75 13
75 82
79 27
79 50
80 91
82 74
84 54
87 84
91 67
96 47
96 86
backbone tree 3, llh: -8362.278310
-1 0
0 20
0 58
0 96
6 73
18 42
18 43
20 56
20 80
27 62
28 52
30 2
30 45
32 30
33 4
34 59
34 70
35 89
37 53
42 15
42 25
43 68
45 63
51 97
52 49
53 34
53 35
53 79
54 28
54 55
55 6
55 60
56 75
56 88
57 18
58 37
58 69
59 33
67 87
68 32
70 57
70 92
74 3
74 51
75 13
75 82
79 27
79 50
80 91
82 74
84 54
87 29
87 84
91 67
96 47
96 86
backbone tree 4, llh: -8362.266939
-1 0
0 20
0 58
0 96
6 73
13 4
18 42
18 43
20 56
20 80
27 29
27 62
28 52
30 2
30 45
32 30
34 59
34 70
37 53
42 15
42 25
43 68
45 63
51 97
52 49
53 34
53 35
53 79
54 28
54 55
55 6
55 60
56 75
56 88
57 18
58 37
58 69
59 33
67 87
68 32
70 57
70 92
74 3
74 51
75 13
75 82
79 27
79 50
80 91
82 74
84 54
87 84
91 67
91 89
96 47
96 86
backbone tree 5, llh: -8362.237014
-1 0
0 20
0 58
0 96
6 73
13 4
18 42
18 43
20 56
20 80
27 62
28 29
28 52
30 2
30 45
32 30
34 59
34 70
37 53
42 15
42 25
43 68
45 63
51 97
52 49
53 34
53 35
53 79
54 28
54 55
55 6
55 60
56 75
56 88
57 18
58 37
58 69
59 33
67 87
68 32
70 57
70 92
74 3
74 51
75 13
75 82
79 27
79 50
80 91
82 74
84 54
87 84
91 67
91 89
96 47
96 86
backbone tree 6, llh: -8362.287354
-1 0
0 20
0 58
0 96
6 73
13 4
18 42
18 43
20 56
20 80
27 62
28 52
30 2
30 45
32 30
34 59
34 70
37 53
42 15
42 25
43 68
45 63
51 97
52 49
53 34
53 35
53 79
54 28
54 55
55 6
55 60
56 75
56 88
57 18
58 37
58 69
59 33
67 29
67 87
68 32
70 57
70 92
74 3
74 51
75 13
75 82
79 27
79 50
80 91
82 74
84 54
87 84
91 67
91 89
96 47
96 86
backbone tree 7, llh: -8362.275955
-1 0
0 20
0 58
0 96
6 73
13 4
18 42
18 43
20 56
20 80
27 62
28 52
30 2
30 45
32 30
34 59
34 70
37 53
42 15
42 25
43 68
45 63
51 97
52 49
53 34
53 35
53 79
54 28
54 55
55 6
55 60
56 75
56 88
57 18
58 37
58 69
59 33
67 87
68 32
70 57
70 92
74 3
74 51
75 13
75 82
79 27
79 50
80 91
82 74
84 54
87 29
87 84
91 67
91 89
96 47
96 86
backbone tree 8, llh: -8362.225224
-1 0
0 20
0 58
0 96
6 73
18 42
18 43
20 56
20 80
27 29
27 62
28 52
30 2
30 45
32 30
33 4
34 59
34 70
37 53
42 15
42 25
43 68
45 63
51 97
52 49
53 34
53 35
53 79
54 28
54 55
55 6
55 60
56 75
56 88
57 18
58 37
58 69
59 33
67 87
68 32
70 57
70 92
74 3
74 51
75 13
75 82
79 27
79 50
80 91
82 74
84 54
87 84
91 67
91 89
96 47
96 86
backbone tree 9, llh: -8362.195299
-1 0
0 20
0 58
0 96
6 73
18 42
18 43
20 56
20 80
27 62
28 29
28 52
30 2
30 45
32 30
33 4
34 59
34 70
37 53
42 15
42 25
43 68
45 63
51 97
52 49
53 34
53 35
53 79
54 28
54 55
55 6
55 60
56 75
56 88
57 18
58 37
58 69
59 33
67 87
68 32
70 57
70 92
74 3
74 51
75 13
75 82
79 27
79 50
80 91
82 74
84 54
87 84
91 67
91 89
96 47
96 86
backbone tree 10, llh: -8362.245637
-1 0
0 20
0 58
0 96
6 73
18 42
18 43
20 56
20 80
27 62
28 52
30 2
30 45
32 30
33 4
34 59
34 70
37 53
42 15
42 25
43 68
45 63
51 97
52 49
53 34
53 35
53 79
54 28
54 55
55 6
55 60
56 75
56 88
57 18
58 37
58 69
59 33
67 29
67 87
68 32
70 57
70 92
74 3
74 51
75 13
75 82
79 27
79 50
80 91
82 74
84 54
87 84
91 67
91 89
96 47
96 86
backbone tree 11, llh: -8362.298138
-1 0
0 20
0 58
0 96
6 73
18 42
18 43
20 56
20 80
27 62
28 52
30 2
30 45
32 30
33 4
34 59
34 70
37 53
42 15
42 25
43 68
45 63
51 97
52 49
53 34
53 35
53 79
54 28
54 55
55 6
55 60
56 75
56 88
57 18
58 37
58 69
59 33
67 87
68 32
70 57
70 92
74 3
74 51
75 13
75 82
79 27
79 50
80 91
82 74
84 29
84 54
87 84
91 67
91 89
96 47
96 86
backbone tree 12, llh: -8362.234240
-1 0
0 20
0 58
0 96
6 73
18 42
18 43
20 56
20 80
27 62
28 52
30 2
30 45
32 30
33 4
34 59
34 70
37 53
42 15
42 25
43 68
45 63
51 97
52 49
53 34
53 35
53 79
54 28
54 55
55 6
55 60
56 75
56 88
57 18
58 37
58 69
59 33
67 87
68 32
70 57
70 92
74 3
74 51
75 13
75 82
79 27
79 50
80 91
82 74
84 54
87 29
87 84
91 67
91 89
96 47
96 86
backbone tree 13, llh: -8362.274450
-1 0
0 20
0 58
0 96
6 73
13 4
18 42
18 43
20 56
20 80
27 62
28 29
28 52
30 2
30 45
32 30
34 59
34 70
37 53
42 15
42 25
43 68
45 63
51 97
52 49
53 34
53 35
53 79
54 28
54 55
55 6
55 60
56 75
57 18
58 37
58 69
59 33
60 88
67 87
68 32
70 57
70 92
74 3
74 51
75 13
75 82
79 27
79 50
80 91
82 74
84 54
87 84
91 67
91 89
96 47
96 86
backbone tree 14, llh: -8362.262677
-1 0
0 20
0 58
0 96
6 73
18 42
18 43
20 56
20 80
27 29
27 62
28 52
30 2
30 45
32 30
33 4
34 59
34 70
37 53
42 15
42 25
43 68
45 63
51 97
52 49
53 34
53 35
53 79
54 28
54 55
55 6
55 60
56 75
57 18
58 37
58 69
59 33
60 88
67 87
68 32
70 57
70 92
74 3
74 51
75 13
75 82
79 27
79 50
80 91
82 74
84 54
87 84
91 67
91 89
96 47
96 86
backbone tree 15, llh: -8362.232754
-1 0
0 20
0 58
0 96
6 73
18 42
18 43
20 56
20 80
27 62
28 29
28 52
30 2
30 45
32 30
33 4
34 59
34 70
37 53
42 15
42 25
43 68
45 63
51 97
52 49
53 34
53 35
53 79
54 28
54 55
55 6
55 60
56 75
57 18
58 37
58 69
59 33
60 88
67 87
68 32
70 57
70 92
74 3
74 51
75 13
75 82
79 27
79 50
80 91
82 74
84 54
87 84
91 67
91 89
96 47
96 86
backbone tree 16, llh: -8362.283084
-1 0
0 20
0 58
0 96
6 73
18 42
18 43
20 56
20 80
27 62
28 52
30 2
30 45
32 30
33 4
34 59
34 70
37 53
42 15
42 25
43 68
45 63
51 97
52 49
53 34
53 35
53 79
54 28
54 55
55 6
55 60
56 75
57 18
58 37
58 69
59 33
60 88
67 29
67 87
68 32
70 57
70 92
74 3
74 51
75 13
75 82
79 27
79 50
80 91
82 74
84 54
87 84
91 67
91 89
96 47
96 86
backbone tree 17, llh: -8362.271693
-1 0
0 20
0 58
0 96
6 73
18 42
18 43
20 56
20 80
27 62
28 52
30 2
30 45
32 30
33 4
34 59
34 70
37 53
42 15
42 25
43 68
45 63
51 97
52 49
53 34
53 35
53 79
54 28
54 55
55 6
55 60
56 75
57 18
58 37
58 69
59 33
60 88
67 87
68 32
70 57
70 92
74 3
74 51
75 13
75 82
79 27
79 50
80 91
82 74
84 54
87 29
87 84
91 67
91 89
96 47
96 86
