# 23 backbone trees, 75 mutations
backbone tree 0, llh: -12474.175011
-1 18
0 24
0 55
2 68
3 40
7 41
7 59
9 48
10 46
13 19
13 22
14 65
14 84
16 71
16 87
18 20
18 64
19 52
20 69
21 7
21 30
22 4
24 92
26 38
29 32
30 16
30 44
32 2
32 39
33 9
33 23
36 66
37 90
37 94
39 37
39 43
39 91
43 79
44 36
44 57
48 29
48 56
48 72
51 49
54 10
54 74
55 88
56 13
56 14
56 21
60 33
60 62
60 96
61 35
62 86
62 93
63 51
64 0
64 1
66 78
69 76
74 28
74 80
75 60
79 63
80 85
81 3
81 26
88 75
90 77
90 81
91 54
94 95
95 61
96 89
backbone tree 1, llh: -12474.158428
-1 18
0 24
0 55
2 68
3 40
7 41
7 59
9 48
9 84
10 46
13 19
13 22
16 71
16 87
18 20
18 64
19 52
20 69
21 7
21 30
22 4
24 92
26 38
29 32
30 16
30 44
32 2
32 39
33 9
33 23
36 66
37 65
37 90
37 94
39 37
39 43
39 91
43 79
44 36
44 57
48 29
48 56
48 72
51 49
54 10
54 74
55 88
56 13
56 14
56 21
60 33
60 62
60 96
61 35
62 86
62 93
63 51
64 0
64 1
66 78
69 76
74 28
74 80
75 60
79 63
80 85
81 3
81 26
88 75
90 77
90 81
91 54
94 95
95 61
96 89
backbone tree 2, llh: -12474.194216
-1 18
0 24
0 55
2 68
3 40
7 59
9 48
9 84
10 46
13 19
13 22
16 71
16 87
18 20
18 64
19 52
20 69
21 7
21 30
22 4
24 92
26 38
29 32
30 16
30 44
32 2
32 39
33 9
33 23
36 66
37 65
37 90
37 94
39 37
39 43
39 91
43 79
44 36
44 57
48 29
48 56
48 72
49 41
51 49
54 10
54 74
55 88
56 13
56 14
56 21
60 33
60 62
60 96
61 35
62 86
62 93
63 51
64 0
64 1
66 78
69 76
74 28
74 80
75 60
79 63
80 85
81 3
81 26
88 75
90 77
90 81
91 54
94 95
95 61
96 89
backbone tree 3, llh: -12474.102735
-1 18
0 24
0 55
2 68
3 40
7 41
7 59
9 48
10 46
13 19
13 22
14 84
16 71
16 87
18 20
18 64
19 52
20 69
21 7
21 30
22 4
24 92
26 38
29 32
30 16
30 44
32 2
32 39
33 9
33 23
36 66
37 65
37 90
37 94
39 37
39 43
39 91
43 79
44 36
44 57
48 29
48 56
48 72
51 49
54 10
54 74
55 88
56 13
56 14
56 21
60 33
60 62
60 96
61 35
62 86
62 93
63 51
64 0
64 1
66 78
69 76
74 28
74 80
75 60
79 63
80 85
81 3
81 26
88 75
90 77
90 81
91 54
94 95
95 61
96 89
backbone tree 4, llh: -12474.180132
-1 18
0 24
0 55
2 68
3 40
7 59
9 48
10 46
13 19
13 22
14 84
16 71
16 87
18 20
18 64
19 52
20 69
21 7
21 30
22 4
24 92
26 38
29 32
30 16
30 44
32 2
32 39
33 9
33 23
33 41
36 66
37 65
37 90
37 94
39 37
39 43
39 91
43 79
44 36
44 57
48 29
48 56
48 72
51 49
54 10
54 74
55 88
56 13
56 14
56 21
60 33
60 62
60 96
61 35
62 86
62 93
63 51
64 0
64 1
66 78
69 76
74 28
74 80
75 60
79 63
80 85
81 3
81 26
88 75
90 77
90 81
91 54
94 95
95 61
96 89
backbone tree 5, llh: -12474.138523
-1 18
0 24
0 55
2 68
3 40
7 59
9 48
10 46
13 19
13 22
14 84
16 71
16 87
18 20
18 64
19 52
20 69
21 7
21 30
22 4
24 92
26 38
29 32
30 16
30 44
32 2
32 39
33 9
33 23
36 66
37 65
37 90
37 94
39 37
39 43
39 91
43 79
44 36
44 57
48 29
48 56
48 72
49 41
51 49
54 10
54 74
55 88
56 13
56 14
56 21
60 33
60 62
60 96
61 35
62 86
62 93
63 51
64 0
64 1
66 78
69 76
74 28
74 80
75 60
79 63
80 85
81 3
81 26
88 75
90 77
90 81
91 54
94 95
95 61
96 89
backbone tree 6, llh: -12474.189803
-1 18
0 24
0 55
2 68
3 40
7 59
9 48
10 46
13 19
13 22
14 84
16 71
16 87
18 20
18 64
19 52
20 69
21 7
21 30
22 4
24 92
26 38
29 32
30 16
30 44
32 2
32 39
33 9
33 23
36 66
37 65
37 90
37 94
39 37
39 43
39 91
43 79
44 36
44 57
48 29
48 56
48 72
51 49
54 10
54 74
55 88
56 13
56 14
56 21
60 33
60 62
60 96
61 35
62 86
62 93
63 51
64 0
64 1
66 78
69 76
74 28
74 80
75 60
79 63
80 85
81 3
81 26
86 41
88 75
90 77
90 81
91 54
94 95
95 61
96 89
backbone tree 7, llh: -12474.156990
-1 18
0 24
0 55
2 68
3 40
7 41
7 59
9 48
9 84
10 46
13 19
13 22
16 71
16 87
18 20
18 64
19 52
20 69
21 7
21 30
22 4
24 92
26 38
29 32
30 16
30 44
32 2
32 39
33 9
33 23
36 66
37 90
37 94
39 37
39 43
39 91
43 79
44 36
44 57
48 29
48 56
48 72
51 49
54 10
54 74
55 88
56 13
56 14
56 21
60 33
60 62
60 96
61 35
62 86
62 93
63 51
64 0
64 1
66 78
69 76
72 65
74 28
74 80
75 60
79 63
80 85
81 3
81 26
88 75
90 77
90 81
91 54
94 95
95 61
96 89
backbone tree 8, llh: -12474.192775
-1 18
0 24
0 55
2 68
3 40
7 59
9 48
9 84
10 46
13 19
13 22
16 71
16 87
18 20
18 64
19 52
20 69
21 7
21 30
22 4
24 92
26 38
29 32
30 16
30 44
32 2
32 39
33 9
33 23
36 66
37 90
37 94
39 37
39 43
39 91
43 79
44 36
44 57
48 29
48 56
48 72
49 41
51 49
54 10
54 74
55 88
56 13
56 14
56 21
60 33
60 62
60 96
61 35
62 86
62 93
63 51
64 0
64 1
66 78
69 76
72 65
74 28
74 80
75 60
79 63
80 85
81 3
81 26
88 75
90 77
90 81
91 54
94 95
95 61
96 89
backbone tree 9, llh: -12474.101299
-1 18
0 24
0 55
2 68
3 40
7 41
7 59
9 48
10 46
13 19
13 22
14 84
16 71
16 87
18 20
18 64
19 52
20 69
21 7
21 30
22 4
24 92
26 38
29 32
30 16
30 44
32 2
32 39
33 9
33 23
36 66
37 90
37 94
39 37
39 43
39 91
43 79
44 36
44 57
48 29
48 56
48 72
51 49
54 10
54 74
55 88
56 13
56 14
56 21
60 33
60 62
60 96
61 35
62 86
62 93
63 51
64 0
64 1
66 78
69 76
72 65
74 28
74 80
75 60
79 63
80 85
81 3
81 26
88 75
90 77
90 81
91 54
94 95
95 61
96 89
backbone tree 10, llh: -12474.178695
-1 18
0 24
0 55
2 68
3 40
7 59
9 48
10 46
13 19
13 22
14 84
16 71
16 87
18 20
18 64
19 52
20 69
21 7
21 30
22 4
24 92
26 38
29 32
30 16
30 44
32 2
32 39
33 9
33 23
33 41
36 66
37 90
37 94
39 37
39 43
39 91
43 79
44 36
44 57
48 29
48 56
48 72
51 49
54 10
54 74
55 88
56 13
56 14
56 21
60 33
60 62
60 96
61 35
62 86
62 93
63 51
64 0
64 1
66 78
69 76
72 65
74 28
74 80
75 60
79 63
80 85
81 3
81 26
88 75
90 77
90 81
91 54
94 95
95 61
96 89
backbone tree 11, llh: -12474.137084
-1 18
0 24
0 55
2 68
3 40
7 59
9 48
10 46
13 19
13 22
14 84
16 71
16 87
18 20
18 64
19 52
20 69
21 7
21 30
22 4
24 92
26 38
29 32
30 16
30 44
32 2
32 39
33 9
33 23
36 66
37 90
37 94
39 37
39 43
39 91
43 79
44 36
44 57
48 29
48 56
48 72
49 41
51 49
54 10
54 74
55 88
56 13
56 14
56 21
60 33
60 62
60 96
61 35
62 86
62 93
63 51
64 0
64 1
66 78
69 76
72 65
74 28
74 80
75 60
79 63
80 85
81 3
81 26
88 75
90 77
90 81
91 54
94 95
95 61
96 89
backbone tree 12, llh: -12474.188367
-1 18
0 24
0 55
2 68
3 40
7 59
9 48
10 46
13 19
13 22
14 84
16 71
16 87
18 20
18 64
19 52
20 69
21 7
21 30
22 4
24 92
26 38
29 32
30 16
30 44
32 2
32 39
33 9
33 23
36 66
37 90
37 94
39 37
39 43
39 91
43 79
44 36
44 57
48 29
48 56
48 72
51 49
54 10
54 74
55 88
56 13
56 14
56 21
60 33
60 62
60 96
61 35
62 86
62 93
63 51
64 0
64 1
66 78
69 76
72 65
74 28
74 80
75 60
79 63
80 85
81 3
81 26
86 41
88 75
90 77
90 81
91 54
94 95
95 61
96 89
backbone tree 13, llh: -12474.168927
-1 18
0 24
0 55
2 68
3 40
7 41
7 59
9 48
10 46
13 19
13 22
14 84
16 71
16 87
18 20
18 64
19 52
20 69
21 7
21 30
22 4
24 92
26 38
29 32
30 16
30 44
32 2
32 39
33 9
33 23
36 66
37 65
37 90
37 94
39 37
39 43
39 91
43 79
44 36
44 57
48 29
48 56
48 72
51 49
54 10
54 74
55 88
56 13
56 14
56 21
60 33
60 62
60 96
61 35
62 86
62 93
63 51
64 0
64 1
66 78
74 28
74 80
75 60
79 63
80 85
81 3
81 26
85 76
88 75
90 77
90 81
91 54
94 95
95 61
96 89
backbone tree 14, llh: -12474.204715
-1 18
0 24
0 55
2 68
3 40
7 59
9 48
10 46
13 19
13 22
14 84
16 71
16 87
18 20
18 64
19 52
20 69
21 7
21 30
22 4
24 92
26 38
29 32
30 16
30 44
32 2
32 39
33 9
33 23
36 66
37 65
37 90
37 94
39 37
39 43
39 91
43 79
44 36
44 57
48 29
48 56
48 72
49 41
51 49
54 10
54 74
55 88
56 13
56 14
56 21
60 33
60 62
60 96
61 35
62 86
62 93
63 51
64 0
64 1
66 78
74 28
74 80
75 60
79 63
80 85
81 3
81 26
85 76
88 75
90 77
90 81
91 54
94 95
95 61
96 89
backbone tree 15, llh: -12474.167490
-1 18
0 24
0 55
2 68
3 40
7 41
7 59
9 48
10 46
13 19
13 22
14 84
16 71
16 87
18 20
18 64
19 52
20 69
21 7
21 30
22 4
24 92
26 38
29 32
30 16
30 44
32 2
32 39
33 9
33 23
36 66
37 90
37 94
39 37
39 43
39 91
43 79
44 36
44 57
48 29
48 56
48 72
51 49
54 10
54 74
55 88
56 13
56 14
56 21
60 33
60 62
60 96
61 35
62 86
62 93
63 51
64 0
64 1
66 78
72 65
74 28
74 80
75 60
79 63
80 85
81 3
81 26
85 76
88 75
90 77
90 81
91 54
94 95
95 61
96 89
backbone tree 16, llh: -12474.203275
-1 18
0 24
0 55
2 68
3 40
7 59
9 48
10 46
13 19
13 22
14 84
16 71
16 87
18 20
18 64
19 52
20 69
21 7
21 30
22 4
24 92
26 38
29 32
30 16
30 44
32 2
32 39
33 9
33 23
36 66
37 90
37 94
39 37
39 43
39 91
43 79
44 36
44 57
48 29
48 56
48 72
49 41
51 49
54 10
54 74
55 88
56 13
56 14
56 21
60 33
60 62
60 96
61 35
62 86
62 93
63 51
64 0
64 1
66 78
72 65
74 28
74 80
75 60
79 63
80 85
81 3
81 26
85 76
88 75
90 77
90 81
91 54
94 95
95 61
96 89
backbone tree 17, llh: -12474.199446
-1 18
0 24
0 55
2 68
3 40
7 41
7 59
9 48
9 84
10 46
13 19
13 22
16 71
16 87
18 20
18 64
19 52
20 69
21 7
21 30
24 92
26 38
29 32
30 16
30 44
32 2
32 39
33 9
33 23
36 4
36 66
37 65
37 90
37 94
39 37
39 43
39 91
43 79
44 36
44 57
48 29
48 56
48 72
51 49
54 10
54 74
55 88
56 13
56 14
56 21
60 33
60 62
60 96
61 35
62 86
62 93
63 51
64 0
64 1
66 78
69 76
74 28
74 80
75 60
79 63
80 85
81 3
81 26
88 75
90 77
90 81
91 54
94 95
95 61
96 89
backbone tree 18, llh: -12474.143755
-1 18
0 24
0 55
2 68
3 40
7 41
7 59
9 48
10 46
13 19
13 22
14 84
16 71
16 87
18 20
18 64
19 52
20 69
21 7
21 30
24 92
26 38
29 32
30 16
30 44
32 2
32 39
33 9
33 23
36 4
36 66
37 65
37 90
37 94
39 37
39 43
39 91
43 79
44 36
44 57
48 29
48 56
48 72
51 49
54 10
54 74
55 88
56 13
56 14
56 21
60 33
60 62
60 96
61 35
62 86
62 93
63 51
64 0
64 1
66 78
69 76
74 28
74 80
75 60
79 63
80 85
81 3
81 26
88 75
90 77
90 81
91 54
94 95
95 61
96 89
backbone tree 19, llh: -12474.179157
-1 18
0 24
0 55
2 68
3 40
7 59
9 48
10 46
13 19
13 22
14 84
16 71
16 87
18 20
18 64
19 52
20 69
21 7
21 30
24 92
26 38
29 32
30 16
30 44
32 2
32 39
33 9
33 23
36 4
36 66
37 65
37 90
37 94
39 37
39 43
39 91
43 79
44 36
44 57
48 29
48 56
48 72
49 41
51 49
54 10
54 74
55 88
56 13
56 14
56 21
60 33
60 62
60 96
61 35
62 86
62 93
63 51
64 0
64 1
66 78
69 76
74 28
74 80
75 60
79 63
80 85
81 3
81 26
88 75
90 77
90 81
91 54
94 95
95 61
96 89
backbone tree 20, llh: -12474.198008
-1 18
0 24
0 55
2 68
3 40
7 41
7 59
9 48
9 84
10 46
13 19
13 22
16 71
16 87
18 20
18 64
19 52
20 69
21 7
21 30
24 92
26 38
29 32
30 16
30 44
32 2
32 39
33 9
33 23
36 4
36 66
37 90
37 94
39 37
39 43
39 91
43 79
44 36
44 57
48 29
48 56
48 72
51 49
54 10
54 74
55 88
56 13
56 14
56 21
60 33
60 62
60 96
61 35
62 86
62 93
63 51
64 0
64 1
66 78
69 76
72 65
74 28
74 80
75 60
79 63
80 85
81 3
81 26
88 75
90 77
90 81
91 54
94 95
95 61
96 89
backbone tree 21, llh: -12474.142319
-1 18
0 24
0 55
2 68
3 40
7 41
7 59
9 48
10 46
13 19
13 22
14 84
16 71
16 87
18 20
18 64
19 52
20 69
21 7
21 30
24 92
26 38
29 32
30 16
30 44
32 2
32 39
33 9
33 23
36 4
36 66
37 90
37 94
39 37
39 43
39 91
43 79
44 36
44 57
48 29
48 56
48 72
51 49
54 10
54 74
55 88
56 13
56 14
56 21
60 33
60 62
60 96
61 35
62 86
62 93
63 51
64 0
64 1
66 78
69 76
72 65
74 28
74 80
75 60
79 63
80 85
81 3
81 26
88 75
90 77
90 81
91 54
94 95
95 61
96 89
backbone tree 22, llh: -12474.177718
-1 18
0 24
0 55
2 68
3 40
7 59
9 48
10 46
13 19
13 22
14 84
16 71
16 87
18 20
18 64
19 52
20 69
21 7
21 30
24 92
26 38
29 32
30 16
30 44
32 2
32 39
33 9
33 23
36 4
36 66
37 90
37 94
39 37
39 43
39 91
43 79
44 36
44 57
48 29
48 56
48 72
49 41
51 49
54 10
54 74
55 88
56 13
56 14
56 21
60 33
60 62
60 96
61 35
62 86
62 93
63 51
64 0
64 1
66 78
69 76
72 65
74 28
74 80
75 60
79 63
80 85
81 3
81 26
88 75
90 77
90 81
91 54
94 95
95 61
96 89
