# 37 backbone trees, 70 mutations
backbone tree 0, llh: -10052.000494
-1 0
0 62
0 85
2 61
4 3
4 6
4 89
5 54
5 59
6 65
6 71
13 21
16 76
19 29
19 72
19 88
20 2
20 66
20 75
21 25
22 49
22 77
24 1
24 41
26 18
26 37
26 53
28 57
35 20
36 48
36 60
37 97
41 45
45 82
47 5
47 16
47 30
48 35
48 83
50 24
52 87
53 36
53 74
57 11
57 81
57 95
59 19
59 26
59 28
60 4
61 22
62 67
65 51
66 10
67 50
71 12
71 55
72 7
73 70
74 52
77 13
81 15
81 91
82 58
83 32
83 73
85 47
91 31
91 40
91 86
backbone tree 1, llh: -10051.999727
-1 0
0 62
0 85
2 61
4 3
4 6
4 89
5 54
5 59
6 65
6 71
13 21
16 76
19 29
19 72
19 88
20 2
20 66
20 75
21 25
22 49
22 77
24 1
24 41
26 18
26 37
26 53
28 57
35 20
36 48
36 60
37 97
41 45
45 82
47 5
47 16
47 30
48 35
48 83
50 24
52 87
53 36
53 74
57 11
57 81
57 95
59 19
59 26
59 28
60 4
61 22
62 67
65 51
66 10
67 50
71 55
72 7
73 70
74 52
76 12
77 13
81 15
81 91
82 58
83 32
83 73
85 47
91 31
91 40
91 86
backbone tree 2, llh: -10051.991152
-1 0
0 62
0 85
2 61
4 3
4 6
4 89
5 54
5 59
6 65
6 71
13 21
16 76
19 29
19 72
19 88
20 2
20 66
20 75
21 25
22 49
22 77
24 1
24 41
26 18
26 37
26 53
28 57
35 20
36 48
36 60
37 97
41 45
45 82
47 5
47 16
47 30
48 35
48 83
50 24
52 87
53 36
53 74
57 11
57 81
57 95
59 19
59 26
59 28
60 4
61 22
62 67
66 10
67 50
71 12
71 55
72 7
73 70
74 52
76 51
77 13
81 15
81 91
82 58
83 32
83 73
85 47
91 31
91 40
91 86
backbone tree 3, llh: -10051.996147
-1 0
0 62
0 85
2 61
4 3
4 6
4 89
5 54
5 59
6 65
6 71
13 21
16 76
19 29
19 72
19 88
20 2
20 66
20 75
21 25
22 49
22 77
24 1
24 41
26 18
26 37
26 53
28 57
35 20
36 48
36 60
37 10
41 45
45 82
47 5
47 16
47 30
48 35
48 83
50 24
52 87
53 36
53 74
57 11
57 81
57 95
59 19
59 26
59 28
60 4
61 22
62 12
62 67
65 51
67 50
71 55
72 7
73 70
74 52
76 97
77 13
81 15
81 91
82 58
83 32
83 73
85 47
91 31
91 40
91 86
backbone tree 4, llh: -10051.947143
-1 0
0 62
0 85
2 61
4 3
4 6
4 89
5 54
5 59
6 65
6 71
13 21
16 76
19 29
19 72
19 88
20 2
20 66
20 75
21 25
22 49
22 77
24 1
24 41
26 18
26 37
26 53
28 57
35 20
36 48
36 60
37 10
41 45
45 82
47 5
47 16
47 30
48 35
48 83
50 24
52 87
53 36
53 74
57 11
57 81
57 95
59 19
59 26
59 28
60 4
61 22
62 67
65 51
67 50
71 12
71 55
72 7
73 70
74 52
76 97
77 13
81 15
81 91
82 58
83 32
83 73
85 47
91 31
91 40
91 86
backbone tree 5, llh: -10051.987982
-1 0
0 62
0 85
2 61
4 3
4 6
4 89
5 54
5 59
6 65
6 71
13 21
16 76
19 29
19 72
19 88
20 2
20 66
20 75
21 25
22 49
22 77
24 1
24 41
26 18
26 37
26 53
28 57
35 20
36 48
36 60
41 45
45 82
47 5
47 16
47 30
48 35
48 83
50 24
52 87
53 36
53 74
57 11
57 81
57 95
59 19
59 26
59 28
60 4
61 22
62 67
65 51
66 10
67 50
71 12
71 55
72 7
73 70
74 52
76 97
77 13
81 15
81 91
82 58
83 32
83 73
85 47
91 31
91 40
91 86
backbone tree 6, llh: -10051.990955
-1 0
0 62
0 85
2 61
4 3
4 6
4 89
5 54
5 59
6 65
6 71
13 21
16 76
19 29
19 72
19 88
20 2
20 66
20 75
21 25
22 49
22 77
24 1
24 41
26 18
26 37
26 53
28 57
35 20
36 48
36 60
37 97
41 45
45 82
47 5
47 16
47 30
48 35
48 83
50 24
52 87
53 36
53 74
57 11
57 81
59 19
59 26
59 28
60 4
61 22
62 67
65 51
66 10
67 50
71 12
71 55
72 7
73 70
74 52
76 95
77 13
81 15
81 91
82 58
83 32
83 73
85 47
91 31
91 40
91 86
backbone tree 7, llh: -10051.994468
-1 0
0 62
0 85
2 61
4 6
4 89
5 54
5 59
6 65
6 71
13 21
16 76
18 3
19 29
19 72
19 88
20 2
20 66
20 75
21 25
22 49
22 77
24 1
24 41
26 18
26 37
26 53
28 57
35 20
36 48
36 60
37 97
41 45
45 82
47 5
47 16
47 30
48 35
48 83
50 24
52 87
53 36
53 74
57 11
57 81
59 19
59 26
59 28
60 4
61 22
62 67
65 51
66 10
67 50
71 12
71 55
72 7
73 70
74 52
76 95
77 13
81 15
81 91
82 58
83 32
83 73
85 47
91 31
91 40
91 86
backbone tree 8, llh: -10051.957971
-1 0
0 62
0 85
2 61
4 6
4 89
5 54
5 59
6 65
6 71
13 21
16 76
19 29
19 72
19 88
20 2
20 66
20 75
21 25
22 49
22 77
24 1
24 41
26 18
26 37
26 53
28 57
35 20
36 48
36 60
37 97
41 45
45 82
47 5
47 16
47 30
48 35
48 83
50 24
52 87
53 36
53 74
57 3
57 11
57 81
59 19
59 26
59 28
60 4
61 22
62 12
62 67
65 51
66 10
67 50
71 55
72 7
73 70
74 52
76 95
77 13
81 15
81 91
82 58
83 32
83 73
85 47
91 31
91 40
91 86
backbone tree 9, llh: -10051.908967
-1 0
0 62
0 85
2 61
4 6
4 89
5 54
5 59
6 65
6 71
13 21
16 76
19 29
19 72
19 88
20 2
20 66
20 75
21 25
22 49
22 77
24 1
24 41
26 18
26 37
26 53
28 57
35 20
36 48
36 60
37 97
41 45
45 82
47 5
47 16
47 30
48 35
48 83
50 24
52 87
53 36
53 74
57 3
57 11
57 81
59 19
59 26
59 28
60 4
61 22
62 67
65 51
66 10
67 50
71 12
71 55
72 7
73 70
74 52
76 95
77 13
81 15
81 91
82 58
83 32
83 73
85 47
91 31
91 40
91 86
backbone tree 10, llh: -10051.976122
-1 0
0 62
0 85
2 61
4 6
4 89
5 54
5 59
6 65
6 71
13 21
16 76
19 29
19 72
19 88
20 2
20 66
20 75
21 25
22 49
22 77
24 1
24 41
26 18
26 37
26 53
28 57
35 20
36 48
36 60
37 97
41 45
45 82
47 5
47 16
47 30
48 35
48 83
50 24
52 87
53 36
53 74
57 3
57 11
57 81
59 19
59 26
59 28
60 4
61 22
62 67
66 10
67 50
71 12
71 51
71 55
72 7
73 70
74 52
76 95
77 13
81 15
81 91
82 58
83 32
83 73
85 47
91 31
91 40
91 86
backbone tree 11, llh: -10051.996365
-1 0
0 62
0 85
2 61
4 3
4 6
4 89
5 54
5 59
6 65
6 71
13 21
16 76
19 29
19 72
19 88
20 2
20 66
20 75
21 25
22 49
22 77
24 1
24 41
26 18
26 37
26 53
28 57
35 20
36 48
36 60
37 97
41 45
45 82
47 5
47 16
47 30
48 35
48 83
50 24
52 87
53 36
53 74
57 11
57 81
57 95
59 19
59 26
59 28
60 4
61 22
62 67
65 51
66 10
67 50
71 12
72 7
73 70
74 52
76 55
77 13
81 15
81 91
82 58
83 32
83 73
85 47
91 31
91 40
91 86
backbone tree 12, llh: -10051.987646
-1 0
0 62
0 85
2 61
4 3
4 6
4 89
5 54
5 59
6 65
6 71
13 21
16 76
19 29
19 72
19 88
20 2
20 66
20 75
21 25
22 49
22 77
24 1
24 41
26 18
26 37
26 53
28 57
35 20
36 48
36 60
37 97
41 45
45 82
47 5
47 16
47 30
48 35
48 83
50 24
52 87
53 36
53 74
57 11
57 81
57 95
59 19
59 26
59 28
60 4
61 22
62 67
66 10
67 50
71 12
71 51
72 7
73 70
74 52
76 55
77 13
81 15
81 91
82 58
83 32
83 73
85 47
91 31
91 40
91 86
backbone tree 13, llh: -10051.983689
-1 0
0 62
0 85
2 61
4 3
4 6
4 89
5 54
5 59
6 65
6 71
13 21
16 76
19 29
19 72
19 88
20 2
20 66
20 75
21 25
22 49
22 77
24 1
24 41
26 18
26 37
26 53
28 57
35 20
36 48
36 60
37 97
41 45
45 82
47 5
47 16
48 35
48 83
50 24
52 87
53 36
53 74
57 11
57 81
57 95
59 19
59 26
59 28
60 4
61 22
62 67
65 51
66 10
67 50
71 12
71 55
72 7
73 70
74 52
77 13
81 15
81 91
82 58
83 32
83 73
85 30
85 47
91 31
91 40
91 86
backbone tree 14, llh: -10051.982922
-1 0
0 62
0 85
2 61
4 3
4 6
4 89
5 54
5 59
6 65
6 71
13 21
16 76
19 29
19 72
19 88
20 2
20 66
20 75
21 25
22 49
22 77
24 1
24 41
26 18
26 37
26 53
28 57
35 20
36 48
36 60
37 97
41 45
45 82
47 5
47 16
48 35
48 83
50 24
52 87
53 36
53 74
57 11
57 81
57 95
59 19
59 26
59 28
60 4
61 22
62 67
65 51
66 10
67 50
71 55
72 7
73 70
74 52
76 12
77 13
81 15
81 91
82 58
83 32
83 73
85 30
85 47
91 31
91 40
91 86
backbone tree 15, llh: -10051.974347
-1 0
0 62
0 85
2 61
4 3
4 6
4 89
5 54
5 59
6 65
6 71
13 21
16 76
19 29
19 72
19 88
20 2
20 66
20 75
21 25
22 49
22 77
24 1
24 41
26 18
26 37
26 53
28 57
35 20
36 48
36 60
37 97
41 45
45 82
47 5
47 16
48 35
48 83
50 24
52 87
53 36
53 74
57 11
57 81
57 95
59 19
59 26
59 28
60 4
61 22
62 67
66 10
67 50
71 12
71 55
72 7
73 70
74 52
76 51
77 13
81 15
81 91
82 58
83 32
83 73
85 30
85 47
91 31
91 40
91 86
backbone tree 16, llh: -10051.979351
-1 0
0 62
0 85
2 61
4 3
4 6
4 89
5 54
5 59
6 65
6 71
13 21
16 76
19 29
19 72
19 88
20 2
20 66
20 75
21 25
22 49
22 77
24 1
24 41
26 18
26 37
26 53
28 57
35 20
36 48
36 60
37 10
41 45
45 82
47 5
47 16
48 35
48 83
50 24
52 87
53 36
53 74
57 11
57 81
57 95
59 19
59 26
59 28
60 4
61 22
62 12
62 67
65 51
67 50
71 55
72 7
73 70
74 52
76 97
77 13
81 15
81 91
82 58
83 32
83 73
85 30
85 47
91 31
91 40
91 86
backbone tree 17, llh: -10051.930340
-1 0
0 62
0 85
2 61
4 3
4 6
4 89
5 54
5 59
6 65
6 71
13 21
16 76
19 29
19 72
19 88
20 2
20 66
20 75
21 25
22 49
22 77
24 1
24 41
26 18
26 37
26 53
28 57
35 20
36 48
36 60
37 10
41 45
45 82
47 5
47 16
48 35
48 83
50 24
52 87
53 36
53 74
57 11
57 81
57 95
59 19
59 26
59 28
60 4
61 22
62 67
65 51
67 50
71 12
71 55
72 7
73 70
74 52
76 97
77 13
81 15
81 91
82 58
83 32
83 73
85 30
85 47
91 31
91 40
91 86
backbone tree 18, llh: -10051.971180
-1 0
0 62
0 85
2 61
4 3
4 6
4 89
5 54
5 59
6 65
6 71
13 21
16 76
19 29
19 72
19 88
20 2
20 66
20 75
21 25
22 49
22 77
24 1
24 41
26 18
26 37
26 53
28 57
35 20
36 48
36 60
41 45
45 82
47 5
47 16
48 35
48 83
50 24
52 87
53 36
53 74
57 11
57 81
57 95
59 19
59 26
59 28
60 4
61 22
62 67
65 51
66 10
67 50
71 12
71 55
72 7
73 70
74 52
76 97
77 13
81 15
81 91
82 58
83 32
83 73
85 30
85 47
91 31
91 40
91 86
backbone tree 19, llh: -10051.990525
-1 0
0 62
0 85
2 61
4 6
4 89
5 54
5 59
6 65
6 71
13 21
16 76
18 3
19 29
19 72
19 88
20 2
20 66
20 75
21 25
22 49
22 77
24 1
24 41
26 18
26 37
26 53
28 57
35 20
36 48
36 60
37 97
41 45
45 82
47 5
47 16
48 35
48 83
50 24
52 87
53 36
53 74
57 11
57 81
57 95
59 19
59 26
59 28
60 4
61 22
62 67
65 51
66 10
67 50
71 12
71 55
72 7
73 70
74 52
77 13
81 15
81 91
82 58
83 32
83 73
85 30
85 47
91 31
91 40
91 86
backbone tree 20, llh: -10051.989758
-1 0
0 62
0 85
2 61
4 6
4 89
5 54
5 59
6 65
6 71
13 21
16 76
18 3
19 29
19 72
19 88
20 2
20 66
20 75
21 25
22 49
22 77
24 1
24 41
26 18
26 37
26 53
28 57
35 20
36 48
36 60
37 97
41 45
45 82
47 5
47 16
48 35
48 83
50 24
52 87
53 36
53 74
57 11
57 81
57 95
59 19
59 26
59 28
60 4
61 22
62 67
65 51
66 10
67 50
71 55
72 7
73 70
74 52
76 12
77 13
81 15
81 91
82 58
83 32
83 73
85 30
85 47
91 31
91 40
91 86
backbone tree 21, llh: -10051.981183
-1 0
0 62
0 85
2 61
4 6
4 89
5 54
5 59
6 65
6 71
13 21
16 76
18 3
19 29
19 72
19 88
20 2
20 66
20 75
21 25
22 49
22 77
24 1
24 41
26 18
26 37
26 53
28 57
35 20
36 48
36 60
37 97
41 45
45 82
47 5
47 16
48 35
48 83
50 24
52 87
53 36
53 74
57 11
57 81
57 95
59 19
59 26
59 28
60 4
61 22
62 67
66 10
67 50
71 12
71 55
72 7
73 70
74 52
76 51
77 13
81 15
81 91
82 58
83 32
83 73
85 30
85 47
91 31
91 40
91 86
backbone tree 22, llh: -10051.986006
-1 0
0 62
0 85
2 61
4 6
4 89
5 54
5 59
6 65
6 71
13 21
16 76
18 3
19 29
19 72
19 88
20 2
20 66
20 75
21 25
22 49
22 77
24 1
24 41
26 18
26 37
26 53
28 57
35 20
36 48
36 60
37 10
41 45
45 82
47 5
47 16
48 35
48 83
50 24
52 87
53 36
53 74
57 11
57 81
57 95
59 19
59 26
59 28
60 4
61 22
62 12
62 67
65 51
67 50
71 55
72 7
73 70
74 52
76 97
77 13
81 15
81 91
82 58
83 32
83 73
85 30
85 47
91 31
91 40
91 86
backbone tree 23, llh: -10051.936994
-1 0
0 62
0 85
2 61
4 6
4 89
5 54
5 59
6 65
6 71
13 21
16 76
18 3
19 29
19 72
19 88
20 2
20 66
20 75
21 25
22 49
22 77
24 1
24 41
26 18
26 37
26 53
28 57
35 20
36 48
36 60
37 10
41 45
45 82
47 5
47 16
48 35
48 83
50 24
52 87
53 36
53 74
57 11
57 81
57 95
59 19
59 26
59 28
60 4
61 22
62 67
65 51
67 50
71 12
71 55
72 7
73 70
74 52
76 97
77 13
81 15
81 91
82 58
83 32
83 73
85 30
85 47
91 31
91 40
91 86
backbone tree 24, llh: -10051.978446
-1 0
0 62
0 85
2 61
4 6
4 89
5 54
5 59
6 65
6 71
13 21
16 76
18 3
19 29
19 72
19 88
20 2
20 66
20 75
21 25
22 49
22 77
24 1
24 41
26 18
26 37
26 53
28 57
35 20
36 48
36 60
41 45
45 82
47 5
47 16
48 35
48 83
50 24
52 87
53 36
53 74
57 11
57 81
57 95
59 19
59 26
59 28
60 4
61 22
62 67
65 51
66 10
67 50
71 12
71 55
72 7
73 70
74 52
76 97
77 13
81 15
81 91
82 58
83 32
83 73
85 30
85 47
91 31
91 40
91 86
backbone tree 25, llh: -10051.978623
-1 0
0 62
0 85
2 61
4 3
4 6
4 89
5 54
5 59
6 65
6 71
13 21
16 76
19 29
19 72
19 88
20 2
20 66
20 75
21 25
22 49
22 77
24 1
24 41
26 18
26 37
26 53
28 57
35 20
36 48
36 60
37 97
41 45
45 82
47 5
47 16
48 35
48 83
50 24
52 87
53 36
53 74
57 11
57 81
59 19
59 26
59 28
60 4
61 22
62 67
65 51
66 10
67 50
71 12
71 55
72 7
73 70
74 52
76 95
77 13
81 15
81 91
82 58
83 32
83 73
85 30
85 47
91 31
91 40
91 86
backbone tree 26, llh: -10051.981497
-1 0
0 62
0 85
2 61
4 6
4 89
5 54
5 59
6 65
6 71
13 21
16 76
18 3
19 29
19 72
19 88
20 2
20 66
20 75
21 25
22 49
22 77
24 1
24 41
26 18
26 37
26 53
28 57
35 20
36 48
36 60
37 97
41 45
45 82
47 5
47 16
48 35
48 83
50 24
52 87
53 36
53 74
57 11
57 81
59 19
59 26
59 28
60 4
61 22
62 67
65 51
66 10
67 50
71 12
71 55
72 7
73 70
74 52
76 95
77 13
81 15
81 91
82 58
83 32
83 73
85 30
85 47
91 31
91 40
91 86
backbone tree 27, llh: -10051.994846
-1 0
0 62
0 85
2 61
4 6
4 89
5 54
5 59
6 65
6 71
13 21
16 76
19 29
19 72
19 88
20 2
20 66
20 75
21 25
22 49
22 77
24 1
24 41
26 18
26 37
26 53
28 57
35 20
36 48
36 60
37 10
37 97
41 45
45 82
47 5
47 16
48 35
48 83
50 24
52 87
53 36
53 74
57 3
57 11
57 81
59 19
59 26
59 28
60 4
61 22
62 67
65 51
67 50
71 12
71 55
72 7
73 70
74 52
76 95
77 13
81 15
81 91
82 58
83 32
83 73
85 30
85 47
91 31
91 40
91 86
backbone tree 28, llh: -10051.945638
-1 0
0 62
0 85
2 61
4 6
4 89
5 54
5 59
6 65
6 71
13 21
16 76
19 29
19 72
19 88
20 2
20 66
20 75
21 25
22 49
22 77
24 1
24 41
26 18
26 37
26 53
28 57
35 20
36 48
36 60
37 97
41 45
45 82
47 5
47 16
48 35
48 83
50 24
52 87
53 36
53 74
57 3
57 11
57 81
59 19
59 26
59 28
60 4
61 22
62 12
62 67
65 51
66 10
67 50
71 55
72 7
73 70
74 52
76 95
77 13
81 15
81 91
82 58
83 32
83 73
85 30
85 47
91 31
91 40
91 86
backbone tree 29, llh: -10051.896627
-1 0
0 62
0 85
2 61
4 6
4 89
5 54
5 59
6 65
6 71
13 21
16 76
19 29
19 72
19 88
20 2
20 66
20 75
21 25
22 49
22 77
24 1
24 41
26 18
26 37
26 53
28 57
35 20
36 48
36 60
37 97
41 45
45 82
47 5
47 16
48 35
48 83
50 24
52 87
53 36
53 74
57 3
57 11
57 81
59 19
59 26
59 28
60 4
61 22
62 67
65 51
66 10
67 50
71 12
71 55
72 7
73 70
74 52
76 95
77 13
81 15
81 91
82 58
83 32
83 73
85 30
85 47
91 31
91 40
91 86
backbone tree 30, llh: -10051.963783
-1 0
0 62
0 85
2 61
4 6
4 89
5 54
5 59
6 65
6 71
13 21
16 76
19 29
19 72
19 88
20 2
20 66
20 75
21 25
22 49
22 77
24 1
24 41
26 18
26 37
26 53
28 57
35 20
36 48
36 60
37 97
41 45
45 82
47 5
47 16
48 35
48 83
50 24
52 87
53 36
53 74
57 3
57 11
57 81
59 19
59 26
59 28
60 4
61 22
62 67
66 10
67 50
71 12
71 51
71 55
72 7
73 70
74 52
76 95
77 13
81 15
81 91
82 58
83 32
83 73
85 30
85 47
91 31
91 40
91 86
backbone tree 31, llh: -10052.001457
-1 0
0 62
0 85
2 61
4 6
4 89
5 54
5 59
6 65
6 71
13 21
16 76
19 29
19 72
19 88
20 2
20 66
20 75
21 25
22 49
22 77
24 1
24 41
26 18
26 37
26 53
28 57
35 20
36 48
36 60
37 97
41 45
45 82
47 5
47 16
48 35
48 83
50 24
52 87
53 36
53 74
57 3
57 11
57 81
59 19
59 26
59 28
60 4
61 22
62 12
62 67
65 51
66 10
67 50
71 55
72 7
73 70
74 52
76 95
77 13
81 91
82 58
83 32
83 73
85 30
85 47
89 15
91 31
91 40
91 86
backbone tree 32, llh: -10051.952450
-1 0
0 62
0 85
2 61
4 6
4 89
5 54
5 59
6 65
6 71
13 21
16 76
19 29
19 72
19 88
20 2
20 66
20 75
21 25
22 49
22 77
24 1
24 41
26 18
26 37
26 53
28 57
35 20
36 48
36 60
37 97
41 45
45 82
47 5
47 16
48 35
48 83
50 24
52 87
53 36
53 74
57 3
57 11
57 81
59 19
59 26
59 28
60 4
61 22
62 67
65 51
66 10
67 50
71 12
71 55
72 7
73 70
74 52
76 95
77 13
81 91
82 58
83 32
83 73
85 30
85 47
89 15
91 31
91 40
91 86
backbone tree 33, llh: -10051.979560
-1 0
0 62
0 85
2 61
4 3
4 6
4 89
5 54
5 59
6 65
6 71
13 21
16 76
19 29
19 72
19 88
20 2
20 66
20 75
21 25
22 49
22 77
24 1
24 41
26 18
26 37
26 53
28 57
35 20
36 48
36 60
37 97
41 45
45 82
47 5
47 16
48 35
48 83
50 24
52 87
53 36
53 74
57 11
57 81
57 95
59 19
59 26
59 28
60 4
61 22
62 67
65 51
66 10
67 50
71 12
72 7
73 70
74 52
76 55
77 13
81 15
81 91
82 58
83 32
83 73
85 30
85 47
91 31
91 40
91 86
backbone tree 34, llh: -10051.970841
-1 0
0 62
0 85
2 61
4 3
4 6
4 89
5 54
5 59
6 65
6 71
13 21
16 76
19 29
19 72
19 88
20 2
20 66
20 75
21 25
22 49
22 77
24 1
24 41
26 18
26 37
26 53
28 57
35 20
36 48
36 60
37 97
41 45
45 82
47 5
47 16
48 35
48 83
50 24
52 87
53 36
53 74
57 11
57 81
57 95
59 19
59 26
59 28
60 4
61 22
62 67
66 10
67 50
71 12
71 51
72 7
73 70
74 52
76 55
77 13
81 15
81 91
82 58
83 32
83 73
85 30
85 47
91 31
91 40
91 86
backbone tree 35, llh: -10051.986396
-1 0
0 62
0 85
2 61
4 6
4 89
5 54
5 59
6 65
6 71
13 21
16 76
18 3
19 29
19 72
19 88
20 2
20 66
20 75
21 25
22 49
22 77
24 1
24 41
26 18
26 37
26 53
28 57
35 20
36 48
36 60
37 97
41 45
45 82
47 5
47 16
48 35
48 83
50 24
52 87
53 36
53 74
57 11
57 81
57 95
59 19
59 26
59 28
60 4
61 22
62 67
65 51
66 10
67 50
71 12
72 7
73 70
74 52
76 55
77 13
81 15
81 91
82 58
83 32
83 73
85 30
85 47
91 31
91 40
91 86
backbone tree 36, llh: -10051.977677
-1 0
0 62
0 85
2 61
4 6
4 89
5 54
5 59
6 65
6 71
13 21
16 76
18 3
19 29
19 72
19 88
20 2
20 66
20 75
21 25
22 49
22 77
24 1
24 41
26 18
26 37
26 53
28 57
35 20
36 48
36 60
37 97
41 45
45 82
47 5
47 16
48 35
48 83
50 24
52 87
53 36
53 74
57 11
57 81
57 95
59 19
59 26
59 28
60 4
61 22
62 67
66 10
67 50
71 12
71 51
72 7
73 70
74 52
76 55
77 13
81 15
81 91
82 58
83 32
83 73
85 30
85 47
91 31
91 40
91 86
