# 49 backbone trees, 67 mutations
backbone tree 0, llh: -10123.736563
-1 0
0 44
0 63
0 74
2 50
4 29
4 84
9 19
9 70
10 48
10 87
11 55
19 28
19 64
19 90
21 9
25 12
25 88
26 99
28 71
29 23
31 83
32 7
32 91
34 66
35 10
35 60
35 81
41 5
41 53
41 92
44 77
45 26
45 80
46 11
46 30
48 45
48 93
49 40
49 98
51 57
52 67
55 49
56 17
57 73
60 56
63 35
65 25
67 32
69 46
70 34
70 39
70 65
71 69
74 52
83 51
83 82
84 85
85 58
87 21
87 41
88 4
88 68
90 62
91 31
92 2
92 54
backbone tree 1, llh: -10123.740120
-1 0
0 44
0 63
0 74
2 50
4 29
4 84
9 19
9 70
10 48
10 87
11 55
19 28
19 64
19 90
21 9
25 12
25 88
26 99
28 71
29 23
31 83
32 7
32 91
34 66
35 10
35 60
35 81
41 5
41 53
41 92
44 77
45 26
45 80
46 11
46 30
48 45
48 93
49 40
49 98
51 57
52 67
55 49
56 17
60 56
63 35
65 25
67 32
69 46
70 34
70 39
70 65
71 69
74 52
83 51
83 82
84 85
85 58
87 21
87 41
88 4
88 68
90 62
91 31
92 2
92 54
93 73
backbone tree 2, llh: -10123.703338
-1 0
0 44
0 63
0 74
4 29
4 84
9 19
9 70
10 48
10 87
11 55
19 28
19 64
19 90
21 9
25 12
25 88
26 99
28 71
29 23
31 83
32 7
32 91
34 66
35 10
35 60
35 81
41 5
41 53
41 92
44 77
45 26
45 80
46 11
46 30
48 45
48 93
49 40
49 98
51 57
52 67
53 50
55 49
56 17
57 73
60 56
63 35
65 25
67 32
69 46
70 34
70 39
70 65
71 69
74 52
83 51
83 82
84 85
85 58
87 21
87 41
88 4
88 68
90 62
91 31
92 2
92 54
backbone tree 3, llh: -10123.736166
-1 0
0 44
0 63
0 74
4 29
4 84
9 19
9 70
10 48
10 87
11 55
19 28
19 64
19 90
21 9
25 12
25 88
26 99
28 71
29 23
31 83
32 7
32 91
34 66
35 10
35 60
35 81
41 5
41 53
41 92
44 77
45 26
45 80
46 11
46 30
48 45
48 93
49 40
49 98
51 57
52 67
53 50
55 49
56 17
60 56
63 35
65 25
67 32
69 46
70 34
70 39
70 65
71 69
74 52
83 51
83 82
84 85
85 58
87 21
87 41
88 4
88 68
90 62
90 73
91 31
92 2
92 54
backbone tree 4, llh: -10123.706895
-1 0
0 44
0 63
0 74
4 29
4 84
9 19
9 70
10 48
10 87
11 55
19 28
19 64
19 90
21 9
25 12
25 88
26 99
28 71
29 23
31 83
32 7
32 91
34 66
35 10
35 60
35 81
41 5
41 53
41 92
44 77
45 26
45 80
46 11
46 30
48 45
48 93
49 40
49 98
51 57
52 67
53 50
55 49
56 17
60 56
63 35
65 25
67 32
69 46
70 34
70 39
70 65
71 69
74 52
83 51
83 82
84 85
85 58
87 21
87 41
88 4
88 68
90 62
91 31
92 2
92 54
93 73
backbone tree 5, llh: -10123.725899
-1 0
0 44
0 63
0 74
4 29
4 84
9 19
9 70
10 48
10 87
11 55
19 28
19 64
19 90
21 9
25 12
25 88
26 99
28 71
29 23
31 83
32 7
32 91
34 66
35 10
35 60
35 81
41 5
41 53
41 92
44 77
45 26
45 80
46 11
46 30
48 45
48 93
49 40
49 98
51 57
52 67
55 49
56 17
57 73
58 50
60 56
63 35
65 25
67 32
69 46
70 34
70 39
70 65
71 69
74 52
83 51
83 82
84 85
85 58
87 21
87 41
88 4
88 68
90 62
91 31
92 2
92 54
backbone tree 6, llh: -10123.729456
-1 0
0 44
0 63
0 74
4 29
4 84
9 19
9 70
10 48
10 87
11 55
19 28
19 64
19 90
21 9
25 12
25 88
26 99
28 71
29 23
31 83
32 7
32 91
34 66
35 10
35 60
35 81
41 5
41 53
41 92
44 77
45 26
45 80
46 11
46 30
48 45
48 93
49 40
49 98
51 57
52 67
55 49
56 17
58 50
60 56
63 35
65 25
67 32
69 46
70 34
70 39
70 65
71 69
74 52
83 51
83 82
84 85
85 58
87 21
87 41
88 4
88 68
90 62
91 31
92 2
92 54
93 73
backbone tree 7, llh: -10123.658773
-1 0
0 44
0 63
0 74
2 50
4 29
4 84
9 19
9 70
10 48
10 87
11 55
19 28
19 64
19 90
21 9
25 12
25 88
28 71
29 23
31 83
32 7
32 91
34 66
35 10
35 60
35 81
41 5
41 53
41 92
44 77
45 26
45 68
45 80
46 11
46 30
48 45
48 93
49 40
49 98
51 57
52 67
53 99
55 49
56 17
57 73
60 56
63 35
65 25
67 32
69 46
70 34
70 39
70 65
71 69
74 52
83 51
83 82
84 85
85 58
87 21
87 41
88 4
90 62
91 31
92 2
92 54
backbone tree 8, llh: -10123.736602
-1 0
0 44
0 63
0 74
2 50
4 29
4 84
9 19
9 70
10 48
10 87
11 55
19 28
19 64
19 90
21 9
25 12
25 88
28 71
29 23
31 83
32 7
32 91
34 66
35 10
35 60
35 81
41 5
41 53
41 92
44 77
45 26
45 68
45 80
46 11
46 30
48 45
48 93
49 40
51 57
52 67
53 99
55 49
56 17
57 73
60 56
63 35
63 98
65 25
67 32
69 46
70 34
70 39
70 65
71 69
74 52
83 51
83 82
84 85
85 58
87 21
87 41
88 4
90 62
91 31
92 2
92 54
backbone tree 9, llh: -10123.691599
-1 0
0 44
0 63
0 74
2 50
4 29
4 84
9 19
9 70
10 48
10 87
11 55
19 28
19 64
19 90
21 9
25 12
25 88
28 71
29 23
31 83
32 7
32 91
34 66
35 10
35 60
35 81
41 5
41 53
41 92
44 77
45 26
45 68
45 80
46 11
46 30
48 45
48 93
49 40
49 98
51 57
52 67
53 99
55 49
56 17
60 56
63 35
65 25
67 32
69 46
70 34
70 39
70 65
71 69
74 52
83 51
83 82
84 85
85 58
87 21
87 41
88 4
90 62
90 73
91 31
92 2
92 54
backbone tree 10, llh: -10123.662336
-1 0
0 44
0 63
0 74
2 50
4 29
4 84
9 19
9 70
10 48
10 87
11 55
19 28
19 64
19 90
21 9
25 12
25 88
28 71
29 23
31 83
32 7
32 91
34 66
35 10
35 60
35 81
41 5
41 53
41 92
44 77
45 26
45 68
45 80
46 11
46 30
48 45
48 93
49 40
49 98
51 57
52 67
53 99
55 49
56 17
60 56
63 35
65 25
67 32
69 46
70 34
70 39
70 65
71 69
74 52
83 51
83 82
84 85
85 58
87 21
87 41
88 4
90 62
91 31
92 2
92 54
93 73
backbone tree 11, llh: -10123.740167
-1 0
0 44
0 63
0 74
2 50
4 29
4 84
9 19
9 70
10 48
10 87
11 55
19 28
19 64
19 90
21 9
25 12
25 88
28 71
29 23
31 83
32 7
32 91
34 66
35 10
35 60
35 81
41 5
41 53
41 92
44 77
45 26
45 68
45 80
46 11
46 30
48 45
48 93
49 40
51 57
52 67
53 99
55 49
56 17
60 56
63 35
63 98
65 25
67 32
69 46
70 34
70 39
70 65
71 69
74 52
83 51
83 82
84 85
85 58
87 21
87 41
88 4
90 62
91 31
92 2
92 54
93 73
backbone tree 12, llh: -10123.700091
-1 0
0 44
0 63
0 74
4 29
4 84
9 19
9 70
10 48
10 87
11 55
19 28
19 64
19 90
21 9
25 12
25 88
28 71
29 23
31 83
32 7
32 91
34 66
35 10
35 60
35 81
40 50
41 5
41 53
41 92
44 77
45 26
45 68
45 80
46 11
46 30
48 45
48 93
49 40
49 98
51 57
52 67
53 99
55 49
56 17
57 73
60 56
63 35
65 25
67 32
69 46
70 34
70 39
70 65
71 69
74 52
83 51
83 82
84 85
85 58
87 21
87 41
88 4
90 62
91 31
92 2
92 54
backbone tree 13, llh: -10123.732916
-1 0
0 44
0 63
0 74
4 29
4 84
9 19
9 70
10 48
10 87
11 55
19 28
19 64
19 90
21 9
25 12
25 88
28 71
29 23
31 83
32 7
32 91
34 66
35 10
35 60
35 81
40 50
41 5
41 53
41 92
44 77
45 26
45 68
45 80
46 11
46 30
48 45
48 93
49 40
49 98
51 57
52 67
53 99
55 49
56 17
60 56
63 35
65 25
67 32
69 46
70 34
70 39
70 65
71 69
74 52
83 51
83 82
84 85
85 58
87 21
87 41
88 4
90 62
90 73
91 31
92 2
92 54
backbone tree 14, llh: -10123.703653
-1 0
0 44
0 63
0 74
4 29
4 84
9 19
9 70
10 48
10 87
11 55
19 28
19 64
19 90
21 9
25 12
25 88
28 71
29 23
31 83
32 7
32 91
34 66
35 10
35 60
35 81
40 50
41 5
41 53
41 92
44 77
45 26
45 68
45 80
46 11
46 30
48 45
48 93
49 40
49 98
51 57
52 67
53 99
55 49
56 17
60 56
63 35
65 25
67 32
69 46
70 34
70 39
70 65
71 69
74 52
83 51
83 82
84 85
85 58
87 21
87 41
88 4
90 62
91 31
92 2
92 54
93 73
backbone tree 15, llh: -10123.647445
-1 0
0 44
0 63
0 74
4 29
4 84
9 19
9 70
10 48
10 87
11 55
19 28
19 64
19 90
21 9
25 12
25 88
28 71
29 23
31 83
32 7
32 91
34 66
35 10
35 60
35 81
41 5
41 53
41 92
44 77
45 26
45 68
45 80
46 11
46 30
48 45
48 93
49 40
49 98
51 57
52 67
53 99
55 49
56 17
57 73
58 50
60 56
63 35
65 25
67 32
69 46
70 34
70 39
70 65
71 69
74 52
83 51
83 82
84 85
85 58
87 21
87 41
88 4
90 62
91 31
92 2
92 54
backbone tree 16, llh: -10123.725273
-1 0
0 44
0 63
0 74
4 29
4 84
9 19
9 70
10 48
10 87
11 55
19 28
19 64
19 90
21 9
25 12
25 88
28 71
29 23
31 83
32 7
32 91
34 66
35 10
35 60
35 81
41 5
41 53
41 92
44 77
45 26
45 68
45 80
46 11
46 30
48 45
48 93
49 40
51 57
52 67
53 99
55 49
56 17
57 73
58 50
60 56
63 35
63 98
65 25
67 32
69 46
70 34
70 39
70 65
71 69
74 52
83 51
83 82
84 85
85 58
87 21
87 41
88 4
90 62
91 31
92 2
92 54
backbone tree 17, llh: -10123.680270
-1 0
0 44
0 63
0 74
4 29
4 84
9 19
9 70
10 48
10 87
11 55
19 28
19 64
19 90
21 9
25 12
25 88
28 71
29 23
31 83
32 7
32 91
34 66
35 10
35 60
35 81
41 5
41 53
41 92
44 77
45 26
45 68
45 80
46 11
46 30
48 45
48 93
49 40
49 98
51 57
52 67
53 99
55 49
56 17
58 50
60 56
63 35
65 25
67 32
69 46
70 34
70 39
70 65
71 69
74 52
83 51
83 82
84 85
85 58
87 21
87 41
88 4
90 62
90 73
91 31
92 2
92 54
backbone tree 18, llh: -10123.651008
-1 0
0 44
0 63
0 74
4 29
4 84
9 19
9 70
10 48
10 87
11 55
19 28
19 64
19 90
21 9
25 12
25 88
28 71
29 23
31 83
32 7
32 91
34 66
35 10
35 60
35 81
41 5
41 53
41 92
44 77
45 26
45 68
45 80
46 11
46 30
48 45
48 93
49 40
49 98
51 57
52 67
53 99
55 49
56 17
58 50
60 56
63 35
65 25
67 32
69 46
70 34
70 39
70 65
71 69
74 52
83 51
83 82
84 85
85 58
87 21
87 41
88 4
90 62
91 31
92 2
92 54
93 73
backbone tree 19, llh: -10123.728838
-1 0
0 44
0 63
0 74
4 29
4 84
9 19
9 70
10 48
10 87
11 55
19 28
19 64
19 90
21 9
25 12
25 88
28 71
29 23
31 83
32 7
32 91
34 66
35 10
35 60
35 81
41 5
41 53
41 92
44 77
45 26
45 68
45 80
46 11
46 30
48 45
48 93
49 40
51 57
52 67
53 99
55 49
56 17
58 50
60 56
63 35
63 98
65 25
67 32
69 46
70 34
70 39
70 65
71 69
74 52
83 51
83 82
84 85
85 58
87 21
87 41
88 4
90 62
91 31
92 2
92 54
93 73
backbone tree 20, llh: -10123.704490
-1 0
0 44
0 63
0 74
2 50
4 29
4 84
9 19
9 70
10 48
10 87
11 55
19 28
19 64
19 90
21 9
25 12
25 88
28 71
29 23
31 83
32 7
32 91
34 66
35 10
35 60
35 81
41 5
41 53
41 92
44 77
45 26
45 80
46 11
46 30
48 45
48 68
48 93
49 40
49 98
51 57
52 67
53 99
55 49
56 17
57 73
60 56
63 35
65 25
67 32
69 46
70 34
70 39
70 65
71 69
74 52
83 51
83 82
84 85
85 58
87 21
87 41
88 4
90 62
91 31
92 2
92 54
backbone tree 21, llh: -10123.737316
-1 0
0 44
0 63
0 74
2 50
4 29
4 84
9 19
9 70
10 48
10 87
11 55
19 28
19 64
19 90
21 9
25 12
25 88
28 71
29 23
31 83
32 7
32 91
34 66
35 10
35 60
35 81
41 5
41 53
41 92
44 77
45 26
45 80
46 11
46 30
48 45
48 68
48 93
49 40
49 98
51 57
52 67
53 99
55 49
56 17
60 56
63 35
65 25
67 32
69 46
70 34
70 39
70 65
71 69
74 52
83 51
83 82
84 85
85 58
87 21
87 41
88 4
90 62
90 73
91 31
92 2
92 54
backbone tree 22, llh: -10123.708078
-1 0
0 44
0 63
0 74
2 50
4 29
4 84
9 19
9 70
10 48
10 87
11 55
19 28
19 64
19 90
21 9
25 12
25 88
28 71
29 23
31 83
32 7
32 91
34 66
35 10
35 60
35 81
41 5
41 53
41 92
44 77
45 26
45 80
46 11
46 30
48 45
48 68
48 93
49 40
49 98
51 57
52 67
53 99
55 49
56 17
60 56
63 35
65 25
67 32
69 46
70 34
70 39
70 65
71 69
74 52
83 51
83 82
84 85
85 58
87 21
87 41
88 4
90 62
91 31
92 2
92 54
93 73
backbone tree 23, llh: -10123.745807
-1 0
0 44
0 63
0 74
4 29
4 84
9 19
9 70
10 48
10 87
11 55
19 28
19 64
19 90
21 9
25 12
25 88
28 71
29 23
31 83
32 7
32 91
34 66
35 10
35 60
35 81
40 50
41 5
41 53
41 92
44 77
45 26
45 80
46 11
46 30
48 45
48 68
48 93
49 40
49 98
51 57
52 67
53 99
55 49
56 17
57 73
60 56
63 35
65 25
67 32
69 46
70 34
70 39
70 65
71 69
74 52
83 51
83 82
84 85
85 58
87 21
87 41
88 4
90 62
91 31
92 2
92 54
backbone tree 24, llh: -10123.749395
-1 0
0 44
0 63
0 74
4 29
4 84
9 19
9 70
10 48
10 87
11 55
19 28
19 64
19 90
21 9
25 12
25 88
28 71
29 23
31 83
32 7
32 91
34 66
35 10
35 60
35 81
40 50
41 5
41 53
41 92
44 77
45 26
45 80
46 11
46 30
48 45
48 68
48 93
49 40
49 98
51 57
52 67
53 99
55 49
56 17
60 56
63 35
65 25
67 32
69 46
70 34
70 39
70 65
71 69
74 52
83 51
83 82
84 85
85 58
87 21
87 41
88 4
90 62
91 31
92 2
92 54
93 73
backbone tree 25, llh: -10123.693161
-1 0
0 44
0 63
0 74
4 29
4 84
9 19
9 70
10 48
10 87
11 55
19 28
19 64
19 90
21 9
25 12
25 88
28 71
29 23
31 83
32 7
32 91
34 66
35 10
35 60
35 81
41 5
41 53
41 92
44 77
45 26
45 80
46 11
46 30
48 45
48 68
48 93
49 40
49 98
51 57
52 67
53 99
55 49
56 17
57 73
58 50
60 56
63 35
65 25
67 32
69 46
70 34
70 39
70 65
71 69
74 52
83 51
83 82
84 85
85 58
87 21
87 41
88 4
90 62
91 31
92 2
92 54
backbone tree 26, llh: -10123.725987
-1 0
0 44
0 63
0 74
4 29
4 84
9 19
9 70
10 48
10 87
11 55
19 28
19 64
19 90
21 9
25 12
25 88
28 71
29 23
31 83
32 7
32 91
34 66
35 10
35 60
35 81
41 5
41 53
41 92
44 77
45 26
45 80
46 11
46 30
48 45
48 68
48 93
49 40
49 98
51 57
52 67
53 99
55 49
56 17
58 50
60 56
63 35
65 25
67 32
69 46
70 34
70 39
70 65
71 69
74 52
83 51
83 82
84 85
85 58
87 21
87 41
88 4
90 62
90 73
91 31
92 2
92 54
backbone tree 27, llh: -10123.696749
-1 0
0 44
0 63
0 74
4 29
4 84
9 19
9 70
10 48
10 87
11 55
19 28
19 64
19 90
21 9
25 12
25 88
28 71
29 23
31 83
32 7
32 91
34 66
35 10
35 60
35 81
41 5
41 53
41 92
44 77
45 26
45 80
46 11
46 30
48 45
48 68
48 93
49 40
49 98
51 57
52 67
53 99
55 49
56 17
58 50
60 56
63 35
65 25
67 32
69 46
70 34
70 39
70 65
71 69
74 52
83 51
83 82
84 85
85 58
87 21
87 41
88 4
90 62
91 31
92 2
92 54
93 73
backbone tree 28, llh: -10123.657625
-1 0
0 44
0 63
0 74
2 50
4 29
4 84
9 19
9 70
10 48
10 87
11 55
19 28
19 64
19 90
21 9
25 12
25 88
28 71
29 23
31 83
32 7
32 91
34 66
35 10
35 60
35 81
41 5
41 53
41 92
44 77
45 26
45 80
46 11
46 30
48 45
48 93
49 40
49 98
51 57
52 67
53 99
55 49
56 17
57 73
60 56
63 35
65 25
67 32
69 46
70 34
70 39
70 65
71 69
74 52
83 51
83 82
84 85
85 58
87 21
87 41
88 4
88 68
90 62
91 31
92 2
92 54
backbone tree 29, llh: -10123.735438
-1 0
0 44
0 63
0 74
2 50
4 29
4 84
9 19
9 70
10 48
10 87
11 55
19 28
19 64
19 90
21 9
25 12
25 88
28 71
29 23
31 83
32 7
32 91
34 66
35 10
35 60
35 81
41 5
41 53
41 92
44 77
45 26
45 80
46 11
46 30
48 45
48 93
49 40
51 57
52 67
53 99
55 49
56 17
57 73
60 56
63 35
63 98
65 25
67 32
69 46
70 34
70 39
70 65
71 69
74 52
83 51
83 82
84 85
85 58
87 21
87 41
88 4
88 68
90 62
91 31
92 2
92 54
backbone tree 30, llh: -10123.690455
-1 0
0 44
0 63
0 74
2 50
4 29
4 84
9 19
9 70
10 48
10 87
11 55
19 28
19 64
19 90
21 9
25 12
25 88
28 71
29 23
31 83
32 7
32 91
34 66
35 10
35 60
35 81
41 5
41 53
41 92
44 77
45 26
45 80
46 11
46 30
48 45
48 93
49 40
49 98
51 57
52 67
53 99
55 49
56 17
60 56
63 35
65 25
67 32
69 46
70 34
70 39
70 65
71 69
74 52
83 51
83 82
84 85
85 58
87 21
87 41
88 4
88 68
90 62
90 73
91 31
92 2
92 54
backbone tree 31, llh: -10123.661182
-1 0
0 44
0 63
0 74
2 50
4 29
4 84
9 19
9 70
10 48
10 87
11 55
19 28
19 64
19 90
21 9
25 12
25 88
28 71
29 23
31 83
32 7
32 91
34 66
35 10
35 60
35 81
41 5
41 53
41 92
44 77
45 26
45 80
46 11
46 30
48 45
48 93
49 40
49 98
51 57
52 67
53 99
55 49
56 17
60 56
63 35
65 25
67 32
69 46
70 34
70 39
70 65
71 69
74 52
83 51
83 82
84 85
85 58
87 21
87 41
88 4
88 68
90 62
91 31
92 2
92 54
93 73
backbone tree 32, llh: -10123.738997
-1 0
0 44
0 63
0 74
2 50
4 29
4 84
9 19
9 70
10 48
10 87
11 55
19 28
19 64
19 90
21 9
25 12
25 88
28 71
29 23
31 83
32 7
32 91
34 66
35 10
35 60
35 81
41 5
41 53
41 92
44 77
45 26
45 80
46 11
46 30
48 45
48 93
49 40
51 57
52 67
53 99
55 49
56 17
60 56
63 35
63 98
65 25
67 32
69 46
70 34
70 39
70 65
71 69
74 52
83 51
83 82
84 85
85 58
87 21
87 41
88 4
88 68
90 62
91 31
92 2
92 54
93 73
backbone tree 33, llh: -10123.698943
-1 0
0 44
0 63
0 74
4 29
4 84
9 19
9 70
10 48
10 87
11 55
19 28
19 64
19 90
21 9
25 12
25 88
28 71
29 23
31 83
32 7
32 91
34 66
35 10
35 60
35 81
40 50
41 5
41 53
41 92
44 77
45 26
45 80
46 11
46 30
48 45
48 93
49 40
49 98
51 57
52 67
53 99
55 49
56 17
57 73
60 56
63 35
65 25
67 32
69 46
70 34
70 39
70 65
71 69
74 52
83 51
83 82
84 85
85 58
87 21
87 41
88 4
88 68
90 62
91 31
92 2
92 54
backbone tree 34, llh: -10123.731772
-1 0
0 44
0 63
0 74
4 29
4 84
9 19
9 70
10 48
10 87
11 55
19 28
19 64
19 90
21 9
25 12
25 88
28 71
29 23
31 83
32 7
32 91
34 66
35 10
35 60
35 81
40 50
41 5
41 53
41 92
44 77
45 26
45 80
46 11
46 30
48 45
48 93
49 40
49 98
51 57
52 67
53 99
55 49
56 17
60 56
63 35
65 25
67 32
69 46
70 34
70 39
70 65
71 69
74 52
83 51
83 82
84 85
85 58
87 21
87 41
88 4
88 68
90 62
90 73
91 31
92 2
92 54
backbone tree 35, llh: -10123.702499
-1 0
0 44
0 63
0 74
4 29
4 84
9 19
9 70
10 48
10 87
11 55
19 28
19 64
19 90
21 9
25 12
25 88
28 71
29 23
31 83
32 7
32 91
34 66
35 10
35 60
35 81
40 50
41 5
41 53
41 92
44 77
45 26
45 80
46 11
46 30
48 45
48 93
49 40
49 98
51 57
52 67
53 99
55 49
56 17
60 56
63 35
65 25
67 32
69 46
70 34
70 39
70 65
71 69
74 52
83 51
83 82
84 85
85 58
87 21
87 41
88 4
88 68
90 62
91 31
92 2
92 54
93 73
backbone tree 36, llh: -10123.646297
-1 0
0 44
0 63
0 74
4 29
4 84
9 19
9 70
10 48
10 87
11 55
19 28
19 64
19 90
21 9
25 12
25 88
28 71
29 23
31 83
32 7
32 91
34 66
35 10
35 60
35 81
41 5
41 53
41 92
44 77
45 26
45 80
46 11
46 30
48 45
48 93
49 40
49 98
51 57
52 67
53 99
55 49
56 17
57 73
58 50
60 56
63 35
65 25
67 32
69 46
70 34
70 39
70 65
71 69
74 52
83 51
83 82
84 85
85 58
87 21
87 41
88 4
88 68
90 62
91 31
92 2
92 54
backbone tree 37, llh: -10123.724109
-1 0
0 44
0 63
0 74
4 29
4 84
9 19
9 70
10 48
10 87
11 55
19 28
19 64
19 90
21 9
25 12
25 88
28 71
29 23
31 83
32 7
32 91
34 66
35 10
35 60
35 81
41 5
41 53
41 92
44 77
45 26
45 80
46 11
46 30
48 45
48 93
49 40
51 57
52 67
53 99
55 49
56 17
57 73
58 50
60 56
63 35
63 98
65 25
67 32
69 46
70 34
70 39
70 65
71 69
74 52
83 51
83 82
84 85
85 58
87 21
87 41
88 4
88 68
90 62
91 31
92 2
92 54
backbone tree 38, llh: -10123.679126
-1 0
0 44
0 63
0 74
4 29
4 84
9 19
9 70
10 48
10 87
11 55
19 28
19 64
19 90
21 9
25 12
25 88
28 71
29 23
31 83
32 7
32 91
34 66
35 10
35 60
35 81
41 5
41 53
41 92
44 77
45 26
45 80
46 11
46 30
48 45
48 93
49 40
49 98
51 57
52 67
53 99
55 49
56 17
58 50
60 56
63 35
65 25
67 32
69 46
70 34
70 39
70 65
71 69
74 52
83 51
83 82
84 85
85 58
87 21
87 41
88 4
88 68
90 62
90 73
91 31
92 2
92 54
backbone tree 39, llh: -10123.649853
-1 0
0 44
0 63
0 74
4 29
4 84
9 19
9 70
10 48
10 87
11 55
19 28
19 64
19 90
21 9
25 12
25 88
28 71
29 23
31 83
32 7
32 91
34 66
35 10
35 60
35 81
41 5
41 53
41 92
44 77
45 26
45 80
46 11
46 30
48 45
48 93
49 40
49 98
51 57
52 67
53 99
55 49
56 17
58 50
60 56
63 35
65 25
67 32
69 46
70 34
70 39
70 65
71 69
74 52
83 51
83 82
84 85
85 58
87 21
87 41
88 4
88 68
90 62
91 31
92 2
92 54
93 73
backbone tree 40, llh: -10123.727667
-1 0
0 44
0 63
0 74
4 29
4 84
9 19
9 70
10 48
10 87
11 55
19 28
19 64
19 90
21 9
25 12
25 88
28 71
29 23
31 83
32 7
32 91
34 66
35 10
35 60
35 81
41 5
41 53
41 92
44 77
45 26
45 80
46 11
46 30
48 45
48 93
49 40
51 57
52 67
53 99
55 49
56 17
58 50
60 56
63 35
63 98
65 25
67 32
69 46
70 34
70 39
70 65
71 69
74 52
83 51
83 82
84 85
85 58
87 21
87 41
88 4
88 68
90 62
91 31
92 2
92 54
93 73
backbone tree 41, llh: -10123.750085
-1 0
0 44
0 63
0 74
2 50
4 29
4 84
9 19
9 70
10 48
10 87
11 55
19 28
19 90
21 9
25 12
25 88
28 71
29 23
31 83
32 7
32 91
34 66
35 10
35 60
35 81
41 5
41 53
41 92
44 77
45 26
45 68
45 80
46 11
46 30
48 45
48 93
49 40
49 98
51 57
51 64
52 67
53 99
55 49
56 17
57 73
60 56
63 35
65 25
67 32
69 46
70 34
70 39
70 65
71 69
74 52
83 51
83 82
84 85
85 58
87 21
87 41
88 4
90 62
91 31
92 2
92 54
backbone tree 42, llh: -10123.743606
-1 0
0 44
0 63
0 74
2 50
4 29
4 84
9 19
9 70
10 48
10 87
11 55
19 28
19 90
21 9
25 12
25 88
28 71
29 23
31 83
32 7
32 91
34 66
35 10
35 60
35 81
41 5
41 53
41 92
44 77
45 26
45 68
45 80
46 11
46 30
48 45
48 93
49 40
49 98
51 57
51 64
52 67
53 99
55 49
56 17
60 56
63 35
65 25
67 32
69 46
70 34
70 39
70 65
71 69
74 52
83 51
83 82
84 85
85 58
87 21
87 41
88 4
90 62
91 31
92 2
92 54
93 73
backbone tree 43, llh: -10123.739727
-1 0
0 44
0 63
0 74
4 29
4 84
9 19
9 70
10 48
10 87
11 55
19 28
19 90
21 9
25 12
25 88
28 71
29 23
31 83
32 7
32 91
34 66
35 10
35 60
35 81
41 5
41 53
41 92
44 77
45 26
45 68
45 80
46 11
46 30
48 45
48 93
49 40
49 98
51 57
51 64
52 67
53 99
55 49
56 17
57 73
58 50
60 56
63 35
65 25
67 32
69 46
70 34
70 39
70 65
71 69
74 52
83 51
83 82
84 85
85 58
87 21
87 41
88 4
90 62
91 31
92 2
92 54
backbone tree 44, llh: -10123.733248
-1 0
0 44
0 63
0 74
4 29
4 84
9 19
9 70
10 48
10 87
11 55
19 28
19 90
21 9
25 12
25 88
28 71
29 23
31 83
32 7
32 91
34 66
35 10
35 60
35 81
41 5
41 53
41 92
44 77
45 26
45 68
45 80
46 11
46 30
48 45
48 93
49 40
49 98
51 57
51 64
52 67
53 99
55 49
56 17
58 50
60 56
63 35
65 25
67 32
69 46
70 34
70 39
70 65
71 69
74 52
83 51
83 82
84 85
85 58
87 21
87 41
88 4
90 62
91 31
92 2
92 54
93 73
backbone tree 45, llh: -10123.746863
-1 0
0 44
0 63
0 74
2 50
4 29
4 84
9 19
9 70
10 48
10 87
11 55
19 28
19 90
21 9
25 12
25 88
28 71
29 23
31 83
32 7
32 91
34 66
35 10
35 60
35 81
41 5
41 53
41 92
44 77
45 26
45 80
46 11
46 30
48 45
48 93
49 40
49 98
51 57
51 64
52 67
53 99
55 49
56 17
57 73
60 56
63 35
65 25
67 32
69 46
70 34
70 39
70 65
71 69
74 52
83 51
83 82
84 85
85 58
87 21
87 41
88 4
88 68
90 62
91 31
92 2
92 54
backbone tree 46, llh: -10123.740378
-1 0
0 44
0 63
0 74
2 50
4 29
4 84
9 19
9 70
10 48
10 87
11 55
19 28
19 90
21 9
25 12
25 88
28 71
29 23
31 83
32 7
32 91
34 66
35 10
35 60
35 81
41 5
41 53
41 92
44 77
45 26
45 80
46 11
46 30
48 45
48 93
49 40
49 98
51 57
51 64
52 67
53 99
55 49
56 17
60 56
63 35
65 25
67 32
69 46
70 34
70 39
70 65
71 69
74 52
83 51
83 82
84 85
85 58
87 21
87 41
88 4
88 68
90 62
91 31
92 2
92 54
93 73
backbone tree 47, llh: -10123.736505
-1 0
0 44
0 63
0 74
4 29
4 84
9 19
9 70
10 48
10 87
11 55
19 28
19 90
21 9
25 12
25 88
28 71
29 23
31 83
32 7
32 91
34 66
35 10
35 60
35 81
41 5
41 53
41 92
44 77
45 26
45 80
46 11
46 30
48 45
48 93
49 40
49 98
51 57
51 64
52 67
53 99
55 49
56 17
57 73
58 50
60 56
63 35
65 25
67 32
69 46
70 34
70 39
70 65
71 69
74 52
83 51
83 82
84 85
85 58
87 21
87 41
88 4
88 68
90 62
91 31
92 2
92 54
backbone tree 48, llh: -10123.730020
-1 0
0 44
0 63
0 74
4 29
4 84
9 19
9 70
10 48
10 87
11 55
19 28
19 90
21 9
25 12
25 88
28 71
29 23
31 83
32 7
32 91
34 66
35 10
35 60
35 81
41 5
41 53
41 92
44 77
45 26
45 80
46 11
46 30
48 45
48 93
49 40
49 98
51 57
51 64
52 67
53 99
55 49
56 17
58 50
60 56
63 35
65 25
67 32
69 46
70 34
70 39
70 65
71 69
74 52
83 51
83 82
84 85
85 58
87 21
87 41
88 4
88 68
90 62
91 31
92 2
92 54
93 73
