# 5 backbone trees, 41 mutations
backbone tree 0, llh: -11229.983365
-1 0
0 16
0 29
0 78
0 85
4 6
4 34
6 70
8 53
10 95
14 4
17 94
18 3
18 61
22 52
26 18
27 22
30 84
36 30
40 13
40 38
40 71
42 20
42 77
42 79
48 8
52 26
53 27
53 36
53 40
60 82
70 17
75 60
78 45
78 90
79 14
82 42
84 75
90 10
90 24
95 48
backbone tree 1, llh: -11229.892262
-1 0
0 16
0 78
0 85
4 6
4 34
6 70
8 53
10 95
14 4
17 94
18 3
18 61
22 52
26 18
27 22
27 29
30 84
36 30
40 13
40 38
40 71
42 20
42 77
42 79
48 8
52 26
53 27
53 36
53 40
60 82
70 17
75 60
78 45
78 90
79 14
82 42
84 75
90 10
90 24
95 48
backbone tree 2, llh: -11229.950008
-1 0
0 29
0 78
0 85
4 6
4 34
6 70
8 53
10 95
14 4
17 94
18 3
18 61
22 52
26 18
27 22
30 84
36 30
40 13
40 38
40 71
42 20
42 77
42 79
48 8
52 26
53 27
53 36
53 40
60 82
70 17
75 60
78 45
78 90
79 14
82 42
84 75
90 10
90 16
90 24
95 48
backbone tree 3, llh: -11229.992202
-1 0
0 78
0 85
4 6
4 34
6 70
8 53
10 95
14 4
17 94
18 3
18 61
22 52
26 18
27 22
27 29
30 84
36 30
40 13
40 38
40 71
42 20
42 77
42 79
48 8
52 26
53 27
53 36
53 40
60 82
70 17
75 60
78 45
78 90
79 14
82 42
84 75
90 10
90 16
90 24
95 48
backbone tree 4, llh: -11229.988401
-1 0
0 16
0 78
0 85
4 6
6 70
8 53
10 95
14 4
17 94
18 3
18 61
22 52
26 18
27 22
27 29
30 84
36 30
40 13
40 38
40 71
42 20
42 34
42 77
42 79
48 8
52 26
53 27
53 36
53 40
60 82
70 17
75 60
78 45
78 90
79 14
82 42
84 75
90 10
90 24
95 48
