# 45 backbone trees, 71 mutations
backbone tree 0, llh: -11069.994631
-1 7
0 33
0 86
2 95
3 18
3 67
5 30
5 66
7 0
7 2
7 46
7 68
8 44
8 58
9 29
9 34
11 62
13 82
13 85
14 84
16 8
16 77
16 78
18 54
24 96
27 36
27 45
27 55
29 91
30 63
31 38
32 4
32 9
32 14
33 11
33 19
36 10
37 3
37 31
37 50
38 47
44 87
44 90
47 76
51 80
53 73
55 1
55 13
59 56
61 35
61 49
62 5
64 89
64 94
65 75
67 51
67 53
75 52
75 61
76 15
76 32
77 74
78 59
80 81
86 16
86 83
89 27
90 64
91 65
94 24
94 37
backbone tree 1, llh: -11069.996614
-1 7
0 33
0 86
2 95
3 18
3 67
5 30
5 66
7 0
7 2
7 46
7 68
8 44
8 58
9 29
9 34
11 62
13 82
13 85
14 84
16 8
16 77
16 78
18 54
24 96
27 36
27 45
27 55
29 91
31 38
32 4
32 9
32 14
33 11
33 19
36 10
37 3
37 31
37 50
38 47
44 87
44 90
47 76
51 80
53 73
55 1
55 13
55 63
59 56
61 35
61 49
62 5
64 89
64 94
65 75
67 51
67 53
75 52
75 61
76 15
76 32
77 74
78 59
80 81
86 16
86 83
89 27
90 64
91 65
94 24
94 37
backbone tree 2, llh: -11070.031036
-1 7
0 33
0 86
2 95
3 18
3 67
5 30
5 66
7 0
7 2
7 46
7 68
8 44
8 58
9 29
9 34
11 62
13 82
13 85
14 84
16 8
16 77
16 78
18 54
24 96
27 36
27 45
27 55
29 91
30 63
31 38
32 4
32 9
32 14
33 11
33 19
36 10
37 3
37 31
37 50
38 47
44 87
44 90
47 76
51 80
53 73
55 1
55 13
59 56
61 35
61 49
62 5
64 89
64 94
65 75
67 51
67 53
75 52
75 61
76 15
76 32
77 74
78 59
86 16
86 83
87 81
89 27
90 64
91 65
94 24
94 37
backbone tree 3, llh: -11070.033019
-1 7
0 33
0 86
2 95
3 18
3 67
5 30
5 66
7 0
7 2
7 46
7 68
8 44
8 58
9 29
9 34
11 62
13 82
13 85
14 84
16 8
16 77
16 78
18 54
24 96
27 36
27 45
27 55
29 91
31 38
32 4
32 9
32 14
33 11
33 19
36 10
37 3
37 31
37 50
38 47
44 87
44 90
47 76
51 80
53 73
55 1
55 13
55 63
59 56
61 35
61 49
62 5
64 89
64 94
65 75
67 51
67 53
75 52
75 61
76 15
76 32
77 74
78 59
86 16
86 83
87 81
89 27
90 64
91 65
94 24
94 37
backbone tree 4, llh: -11070.042987
-1 7
0 33
0 86
2 95
3 18
3 67
5 30
7 0
7 2
7 46
7 68
8 44
8 58
9 29
9 34
11 62
13 82
13 85
14 84
16 8
16 77
16 78
18 54
24 96
27 36
27 45
27 55
29 91
30 63
31 38
32 4
32 9
32 14
33 11
33 19
36 10
37 3
37 31
37 50
38 47
44 87
44 90
47 76
51 80
53 73
55 1
55 13
59 56
61 35
61 49
62 5
64 89
64 94
65 75
67 51
67 53
75 52
75 61
76 15
76 32
77 74
78 59
80 81
86 16
86 83
89 27
89 66
90 64
91 65
94 24
94 37
backbone tree 5, llh: -11070.045104
-1 7
0 33
0 86
2 95
3 18
3 67
5 30
7 0
7 2
7 46
7 68
8 44
8 58
9 29
9 34
11 62
13 82
13 85
14 84
16 8
16 77
16 78
18 54
24 96
27 36
27 45
27 55
29 91
31 38
32 4
32 9
32 14
33 11
33 19
36 10
37 3
37 31
37 50
38 47
44 87
44 90
47 76
51 80
53 73
55 1
55 13
55 63
59 56
61 35
61 49
62 5
64 89
64 94
65 75
67 51
67 53
75 52
75 61
76 15
76 32
77 74
78 59
80 81
86 16
86 83
89 27
89 66
90 64
91 65
94 24
94 37
backbone tree 6, llh: -11070.037609
-1 7
0 33
0 86
2 95
3 18
3 67
5 30
5 66
7 0
7 2
7 46
7 68
8 44
8 58
9 29
9 34
11 62
13 82
13 85
14 84
16 8
16 77
16 78
18 54
24 96
27 36
27 45
27 55
29 91
30 63
31 38
32 4
32 9
32 14
33 11
33 19
36 10
37 3
37 31
38 47
44 87
44 90
47 76
51 80
53 73
55 1
55 13
59 56
61 35
61 49
62 5
64 89
64 94
65 75
67 51
67 53
68 81
75 52
75 61
76 15
76 32
77 74
78 50
78 59
86 16
86 83
89 27
90 64
91 65
94 24
94 37
backbone tree 7, llh: -11070.039592
-1 7
0 33
0 86
2 95
3 18
3 67
5 30
5 66
7 0
7 2
7 46
7 68
8 44
8 58
9 29
9 34
11 62
13 82
13 85
14 84
16 8
16 77
16 78
18 54
24 96
27 36
27 45
27 55
29 91
31 38
32 4
32 9
32 14
33 11
33 19
36 10
37 3
37 31
38 47
44 87
44 90
47 76
51 80
53 73
55 1
55 13
55 63
59 56
61 35
61 49
62 5
64 89
64 94
65 75
67 51
67 53
68 81
75 52
75 61
76 15
76 32
77 74
78 50
78 59
86 16
86 83
89 27
90 64
91 65
94 24
94 37
backbone tree 8, llh: -11069.976294
-1 7
0 33
0 86
2 95
3 18
3 67
5 30
5 66
7 0
7 2
7 46
7 68
8 44
8 58
9 29
9 34
11 62
13 82
13 85
14 84
16 8
16 77
16 78
18 54
24 96
27 36
27 45
27 55
29 91
30 63
31 38
32 4
32 9
32 14
33 11
33 19
36 10
37 3
37 31
38 47
44 87
44 90
47 76
51 80
53 73
55 1
55 13
59 56
61 35
61 49
62 5
64 89
64 94
65 75
67 51
67 53
75 52
75 61
76 15
76 32
77 74
78 50
78 59
80 81
86 16
86 83
89 27
90 64
91 65
94 24
94 37
backbone tree 9, llh: -11069.978278
-1 7
0 33
0 86
2 95
3 18
3 67
5 30
5 66
7 0
7 2
7 46
7 68
8 44
8 58
9 29
9 34
11 62
13 82
13 85
14 84
16 8
16 77
16 78
18 54
24 96
27 36
27 45
27 55
29 91
31 38
32 4
32 9
32 14
33 11
33 19
36 10
37 3
37 31
38 47
44 87
44 90
47 76
51 80
53 73
55 1
55 13
55 63
59 56
61 35
61 49
62 5
64 89
64 94
65 75
67 51
67 53
75 52
75 61
76 15
76 32
77 74
78 50
78 59
80 81
86 16
86 83
89 27
90 64
91 65
94 24
94 37
backbone tree 10, llh: -11070.012699
-1 7
0 33
0 86
2 95
3 18
3 67
5 30
5 66
7 0
7 2
7 46
7 68
8 44
8 58
9 29
9 34
11 62
13 82
13 85
14 84
16 8
16 77
16 78
18 54
24 96
27 36
27 45
27 55
29 91
30 63
31 38
32 4
32 9
32 14
33 11
33 19
36 10
37 3
37 31
38 47
44 87
44 90
47 76
51 80
53 73
55 1
55 13
59 56
61 35
61 49
62 5
64 89
64 94
65 75
67 51
67 53
75 52
75 61
76 15
76 32
77 74
78 50
78 59
86 16
86 83
87 81
89 27
90 64
91 65
94 24
94 37
backbone tree 11, llh: -11070.014683
-1 7
0 33
0 86
2 95
3 18
3 67
5 30
5 66
7 0
7 2
7 46
7 68
8 44
8 58
9 29
9 34
11 62
13 82
13 85
14 84
16 8
16 77
16 78
18 54
24 96
27 36
27 45
27 55
29 91
31 38
32 4
32 9
32 14
33 11
33 19
36 10
37 3
37 31
38 47
44 87
44 90
47 76
51 80
53 73
55 1
55 13
55 63
59 56
61 35
61 49
62 5
64 89
64 94
65 75
67 51
67 53
75 52
75 61
76 15
76 32
77 74
78 50
78 59
86 16
86 83
87 81
89 27
90 64
91 65
94 24
94 37
backbone tree 12, llh: -11070.000744
-1 7
0 33
0 86
2 95
3 18
3 67
5 30
7 0
7 2
7 46
7 68
8 44
8 58
9 29
9 34
11 62
13 82
13 85
14 84
16 8
16 77
16 78
18 54
24 96
27 36
27 45
27 55
29 91
30 63
31 38
32 4
32 9
32 14
33 11
33 19
36 10
37 3
37 31
38 47
44 87
44 90
47 76
51 80
53 73
55 1
55 13
59 56
61 35
61 49
62 5
64 89
64 94
65 75
67 51
67 53
75 52
75 61
76 15
76 32
77 74
78 50
78 59
80 81
86 16
86 83
89 27
89 66
90 64
91 65
94 24
94 37
backbone tree 13, llh: -11070.002861
-1 7
0 33
0 86
2 95
3 18
3 67
5 30
7 0
7 2
7 46
7 68
8 44
8 58
9 29
9 34
11 62
13 82
13 85
14 84
16 8
16 77
16 78
18 54
24 96
27 36
27 45
27 55
29 91
31 38
32 4
32 9
32 14
33 11
33 19
36 10
37 3
37 31
38 47
44 87
44 90
47 76
51 80
53 73
55 1
55 13
55 63
59 56
61 35
61 49
62 5
64 89
64 94
65 75
67 51
67 53
75 52
75 61
76 15
76 32
77 74
78 50
78 59
80 81
86 16
86 83
89 27
89 66
90 64
91 65
94 24
94 37
backbone tree 14, llh: -11070.037156
-1 7
0 33
0 86
2 95
3 18
3 67
5 30
7 0
7 2
7 46
7 68
8 44
8 58
9 29
9 34
11 62
13 82
13 85
14 84
16 8
16 77
16 78
18 54
24 96
27 36
27 45
27 55
29 91
30 63
31 38
32 4
32 9
32 14
33 11
33 19
36 10
37 3
37 31
38 47
44 87
44 90
47 76
51 80
53 73
55 1
55 13
59 56
61 35
61 49
62 5
64 89
64 94
65 75
67 51
67 53
75 52
75 61
76 15
76 32
77 74
78 50
78 59
86 16
86 83
87 81
89 27
89 66
90 64
91 65
94 24
94 37
backbone tree 15, llh: -11070.039273
-1 7
0 33
0 86
2 95
3 18
3 67
5 30
7 0
7 2
7 46
7 68
8 44
8 58
9 29
9 34
11 62
13 82
13 85
14 84
16 8
16 77
16 78
18 54
24 96
27 36
27 45
27 55
29 91
31 38
32 4
32 9
32 14
33 11
33 19
36 10
37 3
37 31
38 47
44 87
44 90
47 76
51 80
53 73
55 1
55 13
55 63
59 56
61 35
61 49
62 5
64 89
64 94
65 75
67 51
67 53
75 52
75 61
76 15
76 32
77 74
78 50
78 59
86 16
86 83
87 81
89 27
89 66
90 64
91 65
94 24
94 37
backbone tree 16, llh: -11070.048565
-1 7
0 33
0 86
2 95
3 18
3 67
5 4
5 30
7 0
7 2
7 46
7 68
8 44
9 29
9 34
11 62
13 82
13 85
14 84
16 8
16 77
16 78
18 54
24 96
27 36
27 45
27 55
29 91
31 38
32 9
32 14
33 11
33 19
36 10
37 3
37 31
37 50
38 47
44 87
44 90
47 76
51 80
53 73
55 1
55 13
55 63
59 56
61 35
61 49
62 5
64 89
64 94
65 75
67 51
67 53
68 81
75 52
75 61
76 15
76 32
77 74
78 58
78 59
86 16
86 83
89 27
89 66
90 64
91 65
94 24
94 37
backbone tree 17, llh: -11070.010415
-1 7
0 33
0 86
2 95
3 18
3 67
5 4
5 30
7 0
7 2
7 46
7 68
8 44
9 29
9 34
11 62
13 82
13 85
14 84
16 8
16 77
16 78
18 54
24 96
27 36
27 45
27 55
29 91
30 63
31 38
32 9
32 14
33 11
33 19
36 10
37 3
37 31
37 50
38 47
44 87
44 90
47 76
51 80
53 73
55 1
55 13
59 56
61 35
61 49
62 5
64 89
64 94
65 75
67 51
67 53
75 52
75 61
76 15
76 32
77 74
78 58
78 59
80 81
86 16
86 83
89 27
89 66
90 64
91 65
94 24
94 37
backbone tree 18, llh: -11069.987253
-1 7
0 33
0 86
2 95
3 18
3 67
5 4
5 30
7 0
7 2
7 46
7 68
8 44
9 29
9 34
11 62
13 82
13 85
14 84
16 8
16 77
16 78
18 54
24 96
27 36
27 45
27 55
29 91
31 38
32 9
32 14
33 11
33 19
36 10
37 3
37 31
37 50
38 47
44 87
44 90
47 76
51 80
53 73
55 1
55 13
55 63
59 56
61 35
61 49
62 5
64 89
64 94
65 75
67 51
67 53
75 52
75 61
76 15
76 32
77 74
78 58
78 59
80 81
86 16
86 83
89 27
89 66
90 64
91 65
94 24
94 37
backbone tree 19, llh: -11070.044203
-1 7
0 33
0 86
2 95
3 18
3 67
5 4
5 30
7 0
7 2
7 46
7 68
8 44
9 29
9 34
11 62
13 82
13 85
14 84
16 8
16 77
16 78
18 54
24 96
27 36
27 45
27 55
29 91
30 63
31 38
32 9
32 14
33 11
33 19
36 10
37 3
37 31
37 50
38 47
44 87
44 90
47 76
51 80
53 73
55 1
55 13
59 56
61 35
61 49
62 5
64 89
64 94
65 75
67 51
67 53
75 52
75 61
76 15
76 32
77 74
78 58
78 59
86 16
86 83
87 81
89 27
89 66
90 64
91 65
94 24
94 37
backbone tree 20, llh: -11070.021042
-1 7
0 33
0 86
2 95
3 18
3 67
5 4
5 30
7 0
7 2
7 46
7 68
8 44
9 29
9 34
11 62
13 82
13 85
14 84
16 8
16 77
16 78
18 54
24 96
27 36
27 45
27 55
29 91
31 38
32 9
32 14
33 11
33 19
36 10
37 3
37 31
37 50
38 47
44 87
44 90
47 76
51 80
53 73
55 1
55 13
55 63
59 56
61 35
61 49
62 5
64 89
64 94
65 75
67 51
67 53
75 52
75 61
76 15
76 32
77 74
78 58
78 59
86 16
86 83
87 81
89 27
89 66
90 64
91 65
94 24
94 37
backbone tree 21, llh: -11070.047497
-1 7
0 33
0 86
2 95
3 18
3 67
5 30
5 66
7 0
7 2
7 46
7 68
8 44
9 29
9 34
11 62
13 82
13 85
14 84
16 8
16 77
16 78
18 54
24 96
27 36
27 45
27 55
29 91
30 63
31 38
32 4
32 9
32 14
33 11
33 19
35 10
37 3
37 31
37 50
38 47
44 87
44 90
47 76
51 80
53 73
55 1
55 13
59 56
61 35
61 49
62 5
64 89
64 94
65 75
67 51
67 53
75 52
75 61
76 15
76 32
77 74
78 58
78 59
80 81
86 16
86 83
89 27
90 64
91 65
94 24
94 37
backbone tree 22, llh: -11070.049476
-1 7
0 33
0 86
2 95
3 18
3 67
5 30
5 66
7 0
7 2
7 46
7 68
8 44
9 29
9 34
11 62
13 82
13 85
14 84
16 8
16 77
16 78
18 54
24 96
27 36
27 45
27 55
29 91
31 38
32 4
32 9
32 14
33 11
33 19
35 10
37 3
37 31
37 50
38 47
44 87
44 90
47 76
51 80
53 73
55 1
55 13
55 63
59 56
61 35
61 49
62 5
64 89
64 94
65 75
67 51
67 53
75 52
75 61
76 15
76 32
77 74
78 58
78 59
80 81
86 16
86 83
89 27
90 64
91 65
94 24
94 37
backbone tree 23, llh: -11070.027391
-1 7
0 33
0 50
0 86
2 95
3 18
3 67
5 30
5 66
7 0
7 2
7 46
7 68
8 44
9 29
9 34
11 62
13 82
13 85
14 84
16 8
16 77
16 78
18 54
24 96
27 36
27 45
27 55
29 91
30 63
31 38
32 4
32 9
32 14
33 11
33 19
36 10
37 3
37 31
38 47
44 87
44 90
47 76
51 80
53 73
55 1
55 13
59 56
61 35
61 49
62 5
64 89
64 94
65 75
67 51
67 53
75 52
75 61
76 15
76 32
77 74
78 58
78 59
80 81
86 16
86 83
89 27
90 64
91 65
94 24
94 37
backbone tree 24, llh: -11070.029375
-1 7
0 33
0 50
0 86
2 95
3 18
3 67
5 30
5 66
7 0
7 2
7 46
7 68
8 44
9 29
9 34
11 62
13 82
13 85
14 84
16 8
16 77
16 78
18 54
24 96
27 36
27 45
27 55
29 91
31 38
32 4
32 9
32 14
33 11
33 19
36 10
37 3
37 31
38 47
44 87
44 90
47 76
51 80
53 73
55 1
55 13
55 63
59 56
61 35
61 49
62 5
64 89
64 94
65 75
67 51
67 53
75 52
75 61
76 15
76 32
77 74
78 58
78 59
80 81
86 16
86 83
89 27
90 64
91 65
94 24
94 37
backbone tree 25, llh: -11070.032090
-1 7
0 33
0 50
0 86
2 95
3 18
3 67
5 30
7 0
7 2
7 46
7 68
8 44
9 29
9 34
11 62
13 82
13 85
14 84
16 8
16 77
16 78
18 54
24 96
27 36
27 45
27 55
29 91
30 63
31 38
32 4
32 9
32 14
33 11
33 19
36 10
37 3
37 31
38 47
44 87
44 90
47 76
51 80
53 73
55 1
55 13
59 56
61 35
61 49
62 5
64 89
64 94
65 75
67 51
67 53
75 52
75 61
76 15
76 32
77 74
78 58
78 59
80 81
86 16
86 83
89 27
89 66
90 64
91 65
94 24
94 37
backbone tree 26, llh: -11070.034197
-1 7
0 33
0 50
0 86
2 95
3 18
3 67
5 30
7 0
7 2
7 46
7 68
8 44
9 29
9 34
11 62
13 82
13 85
14 84
16 8
16 77
16 78
18 54
24 96
27 36
27 45
27 55
29 91
31 38
32 4
32 9
32 14
33 11
33 19
36 10
37 3
37 31
38 47
44 87
44 90
47 76
51 80
53 73
55 1
55 13
55 63
59 56
61 35
61 49
62 5
64 89
64 94
65 75
67 51
67 53
75 52
75 61
76 15
76 32
77 74
78 58
78 59
80 81
86 16
86 83
89 27
89 66
90 64
91 65
94 24
94 37
backbone tree 27, llh: -11070.025451
-1 7
0 33
0 86
1 66
2 95
3 18
3 67
5 30
7 0
7 2
7 46
7 68
8 44
9 29
9 34
11 62
13 82
13 85
14 84
16 8
16 77
16 78
18 54
24 96
27 36
27 45
27 55
29 91
30 63
31 38
32 4
32 9
32 14
33 11
33 19
36 10
37 3
37 31
37 50
38 47
44 87
44 90
47 76
51 80
53 73
55 1
55 13
59 56
61 35
61 49
62 5
64 89
64 94
65 75
67 51
67 53
75 52
75 61
76 15
76 32
77 74
78 58
78 59
80 81
86 16
86 83
89 27
90 64
91 65
94 24
94 37
backbone tree 28, llh: -11070.027747
-1 7
0 33
0 86
1 66
2 95
3 18
3 67
5 30
7 0
7 2
7 46
7 68
8 44
9 29
9 34
11 62
13 82
13 85
14 84
16 8
16 77
16 78
18 54
24 96
27 36
27 45
27 55
29 91
31 38
32 4
32 9
32 14
33 11
33 19
36 10
37 3
37 31
37 50
38 47
44 87
44 90
47 76
51 80
53 73
55 1
55 13
55 63
59 56
61 35
61 49
62 5
64 89
64 94
65 75
67 51
67 53
75 52
75 61
76 15
76 32
77 74
78 58
78 59
80 81
86 16
86 83
89 27
90 64
91 65
94 24
94 37
backbone tree 29, llh: -11070.008268
-1 7
0 33
0 86
2 95
3 18
3 67
5 30
5 66
7 0
7 2
7 46
7 68
8 44
9 29
9 34
11 62
13 82
13 85
14 84
16 8
16 77
16 78
18 54
24 96
27 36
27 45
27 55
29 91
30 63
31 38
32 4
32 9
32 14
33 11
33 19
36 10
37 3
37 31
37 50
38 47
44 87
44 90
47 76
51 80
53 73
55 1
55 13
59 56
61 35
61 49
62 5
64 89
64 94
65 75
67 51
67 53
68 81
75 52
75 61
76 15
76 32
77 74
78 58
78 59
86 16
86 83
89 27
90 64
91 65
94 24
94 37
backbone tree 30, llh: -11070.010251
-1 7
0 33
0 86
2 95
3 18
3 67
5 30
5 66
7 0
7 2
7 46
7 68
8 44
9 29
9 34
11 62
13 82
13 85
14 84
16 8
16 77
16 78
18 54
24 96
27 36
27 45
27 55
29 91
31 38
32 4
32 9
32 14
33 11
33 19
36 10
37 3
37 31
37 50
38 47
44 87
44 90
47 76
51 80
53 73
55 1
55 13
55 63
59 56
61 35
61 49
62 5
64 89
64 94
65 75
67 51
67 53
68 81
75 52
75 61
76 15
76 32
77 74
78 58
78 59
86 16
86 83
89 27
90 64
91 65
94 24
94 37
backbone tree 31, llh: -11069.946957
-1 7
0 33
0 86
2 95
3 18
3 67
5 30
5 66
7 0
7 2
7 46
7 68
8 44
9 29
9 34
11 62
13 82
13 85
14 84
16 8
16 77
16 78
18 54
24 96
27 36
27 45
27 55
29 91
30 63
31 38
32 4
32 9
32 14
33 11
33 19
36 10
37 3
37 31
37 50
38 47
44 87
44 90
47 76
51 80
53 73
55 1
55 13
59 56
61 35
61 49
62 5
64 89
64 94
65 75
67 51
67 53
75 52
75 61
76 15
76 32
77 74
78 58
78 59
80 81
86 16
86 83
89 27
90 64
91 65
94 24
94 37
backbone tree 32, llh: -11069.948941
-1 7
0 33
0 86
2 95
3 18
3 67
5 30
5 66
7 0
7 2
7 46
7 68
8 44
9 29
9 34
11 62
13 82
13 85
14 84
16 8
16 77
16 78
18 54
24 96
27 36
27 45
27 55
29 91
31 38
32 4
32 9
32 14
33 11
33 19
36 10
37 3
37 31
37 50
38 47
44 87
44 90
47 76
51 80
53 73
55 1
55 13
55 63
59 56
61 35
61 49
62 5
64 89
64 94
65 75
67 51
67 53
75 52
75 61
76 15
76 32
77 74
78 58
78 59
80 81
86 16
86 83
89 27
90 64
91 65
94 24
94 37
backbone tree 33, llh: -11069.980744
-1 7
0 33
0 86
2 95
3 18
3 67
5 30
5 66
7 0
7 2
7 46
7 68
8 44
9 29
9 34
11 62
13 82
13 85
14 84
16 8
16 77
16 78
18 54
24 96
27 36
27 45
27 55
29 91
30 63
31 38
32 4
32 9
32 14
33 11
33 19
36 10
37 3
37 31
37 50
38 47
44 87
44 90
47 76
51 80
53 73
55 1
55 13
59 56
61 35
61 49
62 5
64 89
64 94
65 75
67 51
67 53
75 52
75 61
76 15
76 32
77 74
78 58
78 59
86 16
86 83
87 81
89 27
90 64
91 65
94 24
94 37
backbone tree 34, llh: -11069.982727
-1 7
0 33
0 86
2 95
3 18
3 67
5 30
5 66
7 0
7 2
7 46
7 68
8 44
9 29
9 34
11 62
13 82
13 85
14 84
16 8
16 77
16 78
18 54
24 96
27 36
27 45
27 55
29 91
31 38
32 4
32 9
32 14
33 11
33 19
36 10
37 3
37 31
37 50
38 47
44 87
44 90
47 76
51 80
53 73
55 1
55 13
55 63
59 56
61 35
61 49
62 5
64 89
64 94
65 75
67 51
67 53
75 52
75 61
76 15
76 32
77 74
78 58
78 59
86 16
86 83
87 81
89 27
90 64
91 65
94 24
94 37
backbone tree 35, llh: -11070.040569
-1 7
0 33
0 86
2 95
3 18
3 67
5 30
7 0
7 2
7 46
7 68
8 44
9 29
9 34
11 62
13 82
13 85
14 84
16 8
16 77
16 78
18 54
24 96
27 36
27 45
27 55
29 91
30 63
31 38
32 4
32 9
32 14
33 11
33 19
36 10
37 3
37 31
37 50
38 47
44 87
44 90
47 76
51 80
53 73
55 1
55 13
59 56
61 35
61 49
62 5
64 89
64 94
65 75
67 51
67 53
68 81
75 52
75 61
76 15
76 32
77 74
78 58
78 59
86 16
86 83
89 27
89 66
90 64
91 65
94 24
94 37
backbone tree 36, llh: -11070.042676
-1 7
0 33
0 86
2 95
3 18
3 67
5 30
7 0
7 2
7 46
7 68
8 44
9 29
9 34
11 62
13 82
13 85
14 84
16 8
16 77
16 78
18 54
24 96
27 36
27 45
27 55
29 91
31 38
32 4
32 9
32 14
33 11
33 19
36 10
37 3
37 31
37 50
38 47
44 87
44 90
47 76
51 80
53 73
55 1
55 13
55 63
59 56
61 35
61 49
62 5
64 89
64 94
65 75
67 51
67 53
68 81
75 52
75 61
76 15
76 32
77 74
78 58
78 59
86 16
86 83
89 27
89 66
90 64
91 65
94 24
94 37
backbone tree 37, llh: -11069.979258
-1 7
0 33
0 86
2 95
3 18
3 67
5 30
7 0
7 2
7 46
7 68
8 44
9 29
9 34
11 62
13 82
13 85
14 84
16 8
16 77
16 78
18 54
24 96
27 36
27 45
27 55
29 91
30 63
31 38
32 4
32 9
32 14
33 11
33 19
36 10
37 3
37 31
37 50
38 47
44 87
44 90
47 76
51 80
53 73
55 1
55 13
59 56
61 35
61 49
62 5
64 89
64 94
65 75
67 51
67 53
75 52
75 61
76 15
76 32
77 74
78 58
78 59
80 81
86 16
86 83
89 27
89 66
90 64
91 65
94 24
94 37
backbone tree 38, llh: -11069.981365
-1 7
0 33
0 86
2 95
3 18
3 67
5 30
7 0
7 2
7 46
7 68
8 44
9 29
9 34
11 62
13 82
13 85
14 84
16 8
16 77
16 78
18 54
24 96
27 36
27 45
27 55
29 91
31 38
32 4
32 9
32 14
33 11
33 19
36 10
37 3
37 31
37 50
38 47
44 87
44 90
47 76
51 80
53 73
55 1
55 13
55 63
59 56
61 35
61 49
62 5
64 89
64 94
65 75
67 51
67 53
75 52
75 61
76 15
76 32
77 74
78 58
78 59
80 81
86 16
86 83
89 27
89 66
90 64
91 65
94 24
94 37
backbone tree 39, llh: -11070.013047
-1 7
0 33
0 86
2 95
3 18
3 67
5 30
7 0
7 2
7 46
7 68
8 44
9 29
9 34
11 62
13 82
13 85
14 84
16 8
16 77
16 78
18 54
24 96
27 36
27 45
27 55
29 91
30 63
31 38
32 4
32 9
32 14
33 11
33 19
36 10
37 3
37 31
37 50
38 47
44 87
44 90
47 76
51 80
53 73
55 1
55 13
59 56
61 35
61 49
62 5
64 89
64 94
65 75
67 51
67 53
75 52
75 61
76 15
76 32
77 74
78 58
78 59
86 16
86 83
87 81
89 27
89 66
90 64
91 65
94 24
94 37
backbone tree 40, llh: -11070.015154
-1 7
0 33
0 86
2 95
3 18
3 67
5 30
7 0
7 2
7 46
7 68
8 44
9 29
9 34
11 62
13 82
13 85
14 84
16 8
16 77
16 78
18 54
24 96
27 36
27 45
27 55
29 91
31 38
32 4
32 9
32 14
33 11
33 19
36 10
37 3
37 31
37 50
38 47
44 87
44 90
47 76
51 80
53 73
55 1
55 13
55 63
59 56
61 35
61 49
62 5
64 89
64 94
65 75
67 51
67 53
75 52
75 61
76 15
76 32
77 74
78 58
78 59
86 16
86 83
87 81
89 27
89 66
90 64
91 65
94 24
94 37
backbone tree 41, llh: -11070.032995
-1 7
0 33
0 86
2 95
3 18
3 67
5 30
5 66
7 0
7 2
7 46
7 68
8 44
9 29
9 34
11 62
13 82
13 85
14 84
16 8
16 77
16 78
18 54
24 96
27 36
27 45
27 55
29 91
30 63
31 38
32 4
32 9
32 14
33 11
33 19
36 10
37 3
37 31
38 47
44 87
44 90
47 76
51 80
53 73
55 1
55 13
59 56
61 35
61 49
62 5
64 89
64 94
65 75
67 51
67 53
75 52
75 61
76 15
76 32
77 74
78 58
78 59
80 81
86 16
86 83
89 27
90 64
91 65
94 24
94 37
96 50
backbone tree 42, llh: -11070.034979
-1 7
0 33
0 86
2 95
3 18
3 67
5 30
5 66
7 0
7 2
7 46
7 68
8 44
9 29
9 34
11 62
13 82
13 85
14 84
16 8
16 77
16 78
18 54
24 96
27 36
27 45
27 55
29 91
31 38
32 4
32 9
32 14
33 11
33 19
36 10
37 3
37 31
38 47
44 87
44 90
47 76
51 80
53 73
55 1
55 13
55 63
59 56
61 35
61 49
62 5
64 89
64 94
65 75
67 51
67 53
75 52
75 61
76 15
76 32
77 74
78 58
78 59
80 81
86 16
86 83
89 27
90 64
91 65
94 24
94 37
96 50
backbone tree 43, llh: -11070.037704
-1 7
0 33
0 86
2 95
3 18
3 67
5 30
7 0
7 2
7 46
7 68
8 44
9 29
9 34
11 62
13 82
13 85
14 84
16 8
16 77
16 78
18 54
24 96
27 36
27 45
27 55
29 91
30 63
31 38
32 4
32 9
32 14
33 11
33 19
36 10
37 3
37 31
38 47
44 87
44 90
47 76
51 80
53 73
55 1
55 13
59 56
61 35
61 49
62 5
64 89
64 94
65 75
67 51
67 53
75 52
75 61
76 15
76 32
77 74
78 58
78 59
80 81
86 16
86 83
89 27
89 66
90 64
91 65
94 24
94 37
96 50
backbone tree 44, llh: -11070.039811
-1 7
0 33
0 86
2 95
3 18
3 67
5 30
7 0
7 2
7 46
7 68
8 44
9 29
9 34
11 62
13 82
13 85
14 84
16 8
16 77
16 78
18 54
24 96
27 36
27 45
27 55
29 91
31 38
32 4
32 9
32 14
33 11
33 19
36 10
37 3
37 31
38 47
44 87
44 90
47 76
51 80
53 73
55 1
55 13
55 63
59 56
61 35
61 49
62 5
64 89
64 94
65 75
67 51
67 53
75 52
75 61
76 15
76 32
77 74
78 58
78 59
80 81
86 16
86 83
89 27
89 66
90 64
91 65
94 24
94 37
96 50
