# 31 backbone trees, 63 mutations
backbone tree 0, llh: -8576.487506
-1 0
0 20
0 58
0 96
6 73
13 4
18 42
18 43
20 56
20 80
27 29
27 62
28 52
30 2
30 45
32 30
34 59
34 70
35 44
37 53
37 98
42 15
42 25
43 68
45 63
50 8
51 97
52 5
52 49
53 34
53 35
53 36
53 79
54 28
54 55
55 6
55 60
56 75
56 88
57 18
58 37
58 38
58 69
59 33
67 87
68 32
70 57
70 92
74 3
74 51
75 13
75 82
79 27
79 50
80 91
82 74
84 54
87 84
91 67
91 89
92 41
96 47
96 86
backbone tree 1, llh: -8576.514390
-1 0
0 20
0 58
0 96
6 73
13 4
18 42
18 43
20 56
20 80
27 29
27 62
28 52
30 2
30 45
32 30
34 59
34 70
35 44
37 53
37 98
42 15
42 25
43 68
45 63
50 8
51 97
52 49
53 34
53 35
53 36
53 79
54 28
54 55
55 6
55 60
56 75
56 88
57 18
58 37
58 38
58 69
59 33
67 87
68 32
70 57
70 92
74 3
74 51
75 13
75 82
79 27
79 50
80 91
82 74
84 54
87 5
87 84
91 67
91 89
92 41
96 47
96 86
backbone tree 2, llh: -8576.524217
-1 0
0 20
0 58
0 96
6 73
13 4
18 42
18 43
20 56
20 80
27 38
27 62
28 29
28 52
30 2
30 45
32 30
34 59
34 70
35 44
37 53
37 98
42 15
42 25
43 68
45 63
50 8
51 97
52 49
53 34
53 35
53 36
53 79
54 28
54 55
55 6
55 60
56 75
56 88
57 18
58 37
58 69
59 33
67 87
68 32
70 57
70 92
74 3
74 51
75 13
75 82
79 27
79 50
80 91
82 74
84 54
87 5
87 84
91 67
91 89
92 41
96 47
96 86
backbone tree 3, llh: -8576.518435
-1 0
0 20
0 58
0 96
6 73
13 4
18 42
18 43
20 56
20 80
27 62
28 29
28 52
30 2
30 45
32 30
33 5
34 59
34 70
35 44
37 53
37 98
42 15
42 25
43 68
45 63
50 8
51 97
52 49
53 34
53 35
53 36
53 79
54 28
54 55
55 6
55 60
56 75
56 88
57 18
58 37
58 38
58 69
59 33
67 87
68 32
70 57
70 92
74 3
74 51
75 13
75 82
79 27
79 50
80 91
82 74
84 54
87 84
91 67
91 89
92 41
96 47
96 86
backbone tree 4, llh: -8576.477703
-1 0
0 20
0 58
0 96
6 73
13 4
18 42
18 43
20 56
20 80
27 62
28 29
28 52
30 2
30 45
32 30
34 59
34 70
35 44
37 53
37 98
42 15
42 25
43 68
45 63
50 8
51 97
52 49
53 34
53 35
53 36
53 79
54 28
54 55
55 6
55 60
56 75
56 88
57 18
58 37
58 38
58 69
59 33
67 87
68 32
70 57
70 92
74 3
74 51
75 13
75 82
79 27
79 50
80 91
82 74
84 54
87 5
87 84
91 67
91 89
92 41
96 47
96 86
backbone tree 5, llh: -8576.492082
-1 0
0 20
0 58
0 96
6 73
13 4
18 42
18 43
20 56
20 80
27 62
28 52
30 2
30 45
32 30
34 59
34 70
35 44
37 53
37 98
42 15
42 25
43 68
45 63
50 8
51 97
52 5
52 49
53 34
53 35
53 36
53 79
54 28
54 55
55 6
55 60
56 75
56 88
57 18
58 37
58 38
58 69
59 33
67 29
67 87
68 32
70 57
70 92
74 3
74 51
75 13
75 82
79 27
79 50
80 91
82 74
84 54
87 84
91 67
91 89
92 41
96 47
96 86
backbone tree 6, llh: -8576.479709
-1 0
0 20
0 58
0 96
6 73
13 4
18 42
18 43
20 56
20 80
27 62
28 52
30 2
30 45
32 30
34 59
34 70
35 44
37 53
37 98
42 15
42 25
43 68
45 63
50 8
51 97
52 5
52 49
53 34
53 35
53 36
53 79
54 28
54 55
55 6
55 60
56 75
56 88
57 18
58 37
58 38
58 69
59 33
67 87
68 32
70 57
70 92
74 3
74 51
75 13
75 82
79 27
79 50
80 91
82 74
84 54
87 29
87 84
91 67
91 89
92 41
96 47
96 86
backbone tree 7, llh: -8576.446658
-1 0
0 20
0 58
0 96
6 73
18 42
18 43
20 56
20 80
27 29
27 62
28 52
30 2
30 45
32 30
33 4
34 59
34 70
35 44
37 53
37 98
42 15
42 25
43 68
45 63
50 8
51 97
52 5
52 49
53 34
53 35
53 36
53 79
54 28
54 55
55 6
55 60
56 75
56 88
57 18
58 37
58 38
58 69
59 33
67 87
68 32
70 57
70 92
74 3
74 51
75 13
75 82
79 27
79 50
80 91
82 74
84 54
87 84
91 67
91 89
92 41
96 47
96 86
backbone tree 8, llh: -8576.466451
-1 0
0 20
0 58
0 96
6 73
18 42
18 43
20 56
20 80
27 29
27 62
28 52
30 2
30 45
32 30
33 4
34 59
34 70
35 44
37 53
37 98
42 15
42 25
43 68
45 63
50 8
51 97
52 5
52 49
53 34
53 35
53 79
54 28
54 36
54 55
55 6
55 60
56 75
56 88
57 18
58 37
58 38
58 69
59 33
67 87
68 32
70 57
70 92
74 3
74 51
75 13
75 82
79 27
79 50
80 91
82 74
84 54
87 84
91 67
91 89
92 41
96 47
96 86
backbone tree 9, llh: -8576.472272
-1 0
0 20
0 58
0 96
6 73
18 42
18 43
20 56
20 80
27 29
27 62
28 52
30 2
30 45
32 30
33 4
34 59
34 70
35 44
37 53
37 98
42 15
42 25
43 68
45 63
50 8
51 97
52 49
53 34
53 35
53 36
53 79
54 28
54 55
55 6
55 60
56 75
56 88
57 18
58 37
58 38
58 69
59 33
67 87
68 32
70 57
70 92
74 3
74 51
75 13
75 82
79 27
79 50
80 91
82 74
84 54
87 5
87 84
91 67
91 89
92 41
96 47
96 86
backbone tree 10, llh: -8576.483065
-1 0
0 20
0 58
0 96
6 73
18 42
18 43
20 56
20 80
27 38
27 62
28 29
28 52
30 2
30 45
32 30
33 4
34 59
34 70
35 44
37 53
37 98
42 15
42 25
43 68
45 63
50 8
51 97
52 49
53 34
53 35
53 36
53 79
54 28
54 55
55 6
55 60
56 75
56 88
57 18
58 37
58 69
59 33
67 87
68 32
70 57
70 92
74 3
74 51
75 13
75 82
79 27
79 50
80 91
82 74
84 54
87 5
87 84
91 67
91 89
92 41
96 47
96 86
backbone tree 11, llh: -8576.517484
-1 0
0 5
0 20
0 58
0 96
6 73
18 42
18 43
20 56
20 80
27 62
28 29
28 52
30 2
30 45
32 30
33 4
34 59
34 70
35 44
37 53
37 98
42 15
42 25
43 68
45 63
50 8
51 97
52 49
53 34
53 35
53 36
53 79
54 28
54 55
55 6
55 60
56 75
56 88
57 18
58 37
58 38
58 69
59 33
67 87
68 32
70 57
70 92
74 3
74 51
75 13
75 82
79 27
79 50
80 91
82 74
84 54
87 84
91 67
91 89
92 41
96 47
96 86
backbone tree 12, llh: -8576.529222
-1 0
0 20
0 58
0 96
6 73
18 42
18 43
20 56
20 80
27 62
28 29
28 52
30 2
30 45
32 30
33 4
34 59
34 70
35 44
37 53
37 98
42 15
42 25
43 68
45 63
50 8
51 97
52 5
52 49
53 34
53 35
53 36
53 79
54 28
54 55
55 6
55 60
56 75
56 88
57 18
58 37
58 38
58 69
59 33
67 87
68 32
70 57
70 92
74 3
74 51
75 13
75 82
79 27
79 50
80 91
82 74
84 54
87 84
91 67
91 89
92 41
96 47
96 86
backbone tree 13, llh: -8576.435505
-1 0
0 20
0 58
0 96
6 73
18 42
18 43
20 56
20 80
27 62
28 29
28 52
30 2
30 45
32 30
33 4
34 59
34 70
35 44
37 53
37 98
42 15
42 25
43 68
45 63
50 8
51 97
52 49
53 34
53 35
53 36
53 79
54 28
54 55
55 6
55 60
56 75
56 88
57 18
58 37
58 38
58 69
59 33
67 87
68 32
70 57
70 92
74 3
74 51
75 13
75 82
79 27
79 50
80 91
82 74
84 54
87 5
87 84
91 67
91 89
92 41
96 47
96 86
backbone tree 14, llh: -8576.481996
-1 0
0 20
0 58
0 96
6 73
18 42
18 43
20 56
20 80
27 62
28 29
28 52
30 2
30 45
32 30
33 4
34 59
34 70
35 44
37 53
37 98
42 15
42 25
43 68
45 63
50 8
51 97
52 49
53 34
53 35
53 79
54 28
54 36
54 55
55 6
55 60
56 75
56 88
57 18
58 37
58 38
58 69
59 33
67 87
68 32
70 57
70 92
74 3
74 51
75 13
75 82
79 27
79 50
80 91
82 74
84 54
87 5
87 84
91 67
91 89
92 41
96 47
96 86
backbone tree 15, llh: -8576.501396
-1 0
0 20
0 58
0 96
6 73
18 42
18 43
20 56
20 80
27 38
27 62
28 52
30 2
30 45
32 30
33 4
34 59
34 70
35 44
37 53
37 98
42 15
42 25
43 68
45 63
50 8
51 97
52 5
52 49
53 34
53 35
53 36
53 79
54 28
54 55
55 6
55 60
56 75
56 88
57 18
58 37
58 69
59 33
67 29
67 87
68 32
70 57
70 92
74 3
74 51
75 13
75 82
79 27
79 50
80 91
82 74
84 54
87 84
91 67
91 89
92 41
96 47
96 86
backbone tree 16, llh: -8576.451153
-1 0
0 20
0 58
0 96
6 73
18 42
18 43
20 56
20 80
27 62
28 52
30 2
30 45
32 30
33 4
34 59
34 70
35 44
37 53
37 98
42 15
42 25
43 68
45 63
50 8
51 97
52 5
52 49
53 34
53 35
53 36
53 79
54 28
54 55
55 6
55 60
56 75
56 88
57 18
58 37
58 38
58 69
59 33
67 29
67 87
68 32
70 57
70 92
74 3
74 51
75 13
75 82
79 27
79 50
80 91
82 74
84 54
87 84
91 67
91 89
92 41
96 47
96 86
backbone tree 17, llh: -8576.471014
-1 0
0 20
0 58
0 96
6 73
18 42
18 43
20 56
20 80
27 62
28 52
30 2
30 45
32 30
33 4
34 59
34 70
35 44
37 53
37 98
42 15
42 25
43 68
45 63
50 8
51 97
52 5
52 49
53 34
53 35
53 79
54 28
54 36
54 55
55 6
55 60
56 75
56 88
57 18
58 37
58 38
58 69
59 33
67 29
67 87
68 32
70 57
70 92
74 3
74 51
75 13
75 82
79 27
79 50
80 91
82 74
84 54
87 84
91 67
91 89
92 41
96 47
96 86
backbone tree 18, llh: -8576.513595
-1 0
0 20
0 58
0 96
6 73
18 42
18 43
20 56
20 80
27 62
28 52
30 2
30 45
32 30
33 4
34 59
34 70
35 44
37 53
37 98
42 15
42 25
43 68
45 63
50 8
51 97
52 5
52 49
53 34
53 35
53 36
53 79
54 28
54 55
55 6
55 60
56 75
56 88
57 18
58 37
58 38
58 69
59 33
67 87
68 32
70 57
70 92
74 3
74 51
75 13
75 82
79 27
79 50
80 91
82 74
84 29
84 54
87 84
91 67
91 89
92 41
96 47
96 86
backbone tree 19, llh: -8576.489029
-1 0
0 20
0 58
0 96
6 73
18 42
18 43
20 56
20 80
27 38
27 62
28 52
30 2
30 45
32 30
33 4
34 59
34 70
35 44
37 53
37 98
42 15
42 25
43 68
45 63
50 8
51 97
52 5
52 49
53 34
53 35
53 36
53 79
54 28
54 55
55 6
55 60
56 75
56 88
57 18
58 37
58 69
59 33
67 87
68 32
70 57
70 92
74 3
74 51
75 13
75 82
79 27
79 50
80 91
82 74
84 54
87 29
87 84
91 67
91 89
92 41
96 47
96 86
backbone tree 20, llh: -8576.438780
-1 0
0 20
0 58
0 96
6 73
18 42
18 43
20 56
20 80
27 62
28 52
30 2
30 45
32 30
33 4
34 59
34 70
35 44
37 53
37 98
42 15
42 25
43 68
45 63
50 8
51 97
52 5
52 49
53 34
53 35
53 36
53 79
54 28
54 55
55 6
55 60
56 75
56 88
57 18
58 37
58 38
58 69
59 33
67 87
68 32
70 57
70 92
74 3
74 51
75 13
75 82
79 27
79 50
80 91
82 74
84 54
87 29
87 84
91 67
91 89
92 41
96 47
96 86
backbone tree 21, llh: -8576.458758
-1 0
0 20
0 58
0 96
6 73
18 42
18 43
20 56
20 80
27 62
28 52
30 2
30 45
32 30
33 4
34 59
34 70
35 44
37 53
37 98
42 15
42 25
43 68
45 63
50 8
51 97
52 5
52 49
53 34
53 35
53 79
54 28
54 36
54 55
55 6
55 60
56 75
56 88
57 18
58 37
58 38
58 69
59 33
67 87
68 32
70 57
70 92
74 3
74 51
75 13
75 82
79 27
79 50
80 91
82 74
84 54
87 29
87 84
91 67
91 89
92 41
96 47
96 86
backbone tree 22, llh: -8576.514164
-1 0
0 20
0 58
0 96
6 73
13 4
18 42
18 43
20 56
20 80
27 62
28 29
28 52
30 2
30 45
32 30
34 59
34 70
35 44
37 53
37 98
42 15
42 25
43 68
45 63
50 8
51 97
52 49
53 34
53 35
53 36
53 79
54 28
54 55
55 6
55 60
56 75
57 18
58 37
58 38
58 69
59 33
60 88
67 87
68 32
70 57
70 92
74 3
74 51
75 13
75 82
79 27
79 50
80 91
82 74
84 54
87 5
87 84
91 67
91 89
92 41
96 47
96 86
backbone tree 23, llh: -8576.483150
-1 0
0 20
0 58
0 96
6 73
18 42
18 43
20 56
20 80
27 29
27 62
28 52
30 2
30 45
32 30
33 4
34 59
34 70
35 44
37 53
37 98
42 15
42 25
43 68
45 63
50 8
51 97
52 5
52 49
53 34
53 35
53 36
53 79
54 28
54 55
55 6
55 60
56 75
57 18
58 37
58 38
58 69
59 33
60 88
67 87
68 32
70 57
70 92
74 3
74 51
75 13
75 82
79 27
79 50
80 91
82 74
84 54
87 84
91 67
91 89
92 41
96 47
96 86
backbone tree 24, llh: -8576.502948
-1 0
0 20
0 58
0 96
6 73
18 42
18 43
20 56
20 80
27 29
27 62
28 52
30 2
30 45
32 30
33 4
34 59
34 70
35 44
37 53
37 98
42 15
42 25
43 68
45 63
50 8
51 97
52 5
52 49
53 34
53 35
53 79
54 28
54 36
54 55
55 6
55 60
56 75
57 18
58 37
58 38
58 69
59 33
60 88
67 87
68 32
70 57
70 92
74 3
74 51
75 13
75 82
79 27
79 50
80 91
82 74
84 54
87 84
91 67
91 89
92 41
96 47
96 86
backbone tree 25, llh: -8576.508750
-1 0
0 20
0 58
0 96
6 73
18 42
18 43
20 56
20 80
27 29
27 62
28 52
30 2
30 45
32 30
33 4
34 59
34 70
35 44
37 53
37 98
42 15
42 25
43 68
45 63
50 8
51 97
52 49
53 34
53 35
53 36
53 79
54 28
54 55
55 6
55 60
56 75
57 18
58 37
58 38
58 69
59 33
60 88
67 87
68 32
70 57
70 92
74 3
74 51
75 13
75 82
79 27
79 50
80 91
82 74
84 54
87 5
87 84
91 67
91 89
92 41
96 47
96 86
backbone tree 26, llh: -8576.520506
-1 0
0 20
0 58
0 96
6 73
18 42
18 43
20 56
20 80
27 38
27 62
28 29
28 52
30 2
30 45
32 30
33 4
34 59
34 70
35 44
37 53
37 98
42 15
42 25
43 68
45 63
50 8
51 97
52 49
53 34
53 35
53 36
53 79
54 28
54 55
55 6
55 60
56 75
57 18
58 37
58 69
59 33
60 88
67 87
68 32
70 57
70 92
74 3
74 51
75 13
75 82
79 27
79 50
80 91
82 74
84 54
87 5
87 84
91 67
91 89
92 41
96 47
96 86
backbone tree 27, llh: -8576.523735
-1 0
0 5
0 20
0 58
0 96
6 73
18 42
18 43
20 56
20 80
27 62
28 29
28 52
30 2
30 45
32 30
33 4
34 59
34 70
35 44
37 53
37 98
42 15
42 25
43 68
45 63
50 8
51 97
52 49
53 34
53 35
53 36
53 79
54 28
54 55
55 6
55 60
56 75
57 18
58 37
58 38
58 69
59 33
60 88
67 87
68 32
70 57
70 92
74 3
74 51
75 13
75 82
79 27
79 50
80 91
82 74
84 54
87 84
91 67
91 89
92 41
96 47
96 86
backbone tree 28, llh: -8576.471985
-1 0
0 20
0 58
0 96
6 73
18 42
18 43
20 56
20 80
27 62
28 29
28 52
30 2
30 45
32 30
33 4
34 59
34 70
35 44
37 53
37 98
42 15
42 25
43 68
45 63
50 8
51 97
52 49
53 34
53 35
53 36
53 79
54 28
54 55
55 6
55 60
56 75
57 18
58 37
58 38
58 69
59 33
60 88
67 87
68 32
70 57
70 92
74 3
74 51
75 13
75 82
79 27
79 50
80 91
82 74
84 54
87 5
87 84
91 67
91 89
92 41
96 47
96 86
backbone tree 29, llh: -8576.487640
-1 0
0 20
0 58
0 96
6 73
18 42
18 43
20 56
20 80
27 62
28 52
30 2
30 45
32 30
33 4
34 59
34 70
35 44
37 53
37 98
42 15
42 25
43 68
45 63
50 8
51 97
52 5
52 49
53 34
53 35
53 36
53 79
54 28
54 55
55 6
55 60
56 75
57 18
58 37
58 38
58 69
59 33
60 88
67 29
67 87
68 32
70 57
70 92
74 3
74 51
75 13
75 82
79 27
79 50
80 91
82 74
84 54
87 84
91 67
91 89
92 41
96 47
96 86
backbone tree 30, llh: -8576.475272
-1 0
0 20
0 58
0 96
6 73
18 42
18 43
20 56
20 80
27 62
28 52
30 2
30 45
32 30
33 4
34 59
34 70
35 44
37 53
37 98
42 15
42 25
43 68
45 63
50 8
51 97
52 5
52 49
53 34
53 35
53 36
53 79
54 28
54 55
55 6
55 60
56 75
57 18
58 37
58 38
58 69
59 33
60 88
67 87
68 32
70 57
70 92
74 3
74 51
75 13
75 82
79 27
79 50
80 91
82 74
84 54
87 29
87 84
91 67
91 89
92 41
96 47
96 86
