# 7 backbone trees, 50 mutations
backbone tree 0, llh: -11590.820190
-1 0
0 16
0 29
0 78
0 85
3 7
4 6
4 34
6 70
8 53
10 95
14 4
16 99
17 74
17 94
18 3
18 19
18 61
22 52
26 18
27 22
27 96
30 84
30 93
36 30
40 13
40 15
40 38
40 71
42 20
42 77
42 79
48 8
52 26
53 27
53 36
53 40
60 82
60 83
70 17
75 60
77 33
78 45
78 90
79 14
82 42
84 75
90 10
90 24
95 48
backbone tree 1, llh: -11590.859429
-1 0
0 16
0 29
0 78
0 85
3 7
4 6
4 34
6 70
8 53
10 95
10 99
14 4
17 74
17 94
18 3
18 19
18 61
22 52
26 18
27 22
27 96
30 84
30 93
36 30
40 13
40 15
40 38
40 71
42 20
42 77
42 79
48 8
52 26
53 27
53 36
53 40
60 82
70 17
75 60
77 33
78 45
78 90
79 14
82 42
82 83
84 75
90 10
90 24
95 48
backbone tree 2, llh: -11590.781809
-1 0
0 16
0 29
0 78
0 85
3 7
4 6
4 34
6 70
8 53
10 95
14 4
16 99
17 74
17 94
18 3
18 19
18 61
22 52
26 18
27 22
27 96
30 84
30 93
36 30
40 13
40 15
40 38
40 71
42 20
42 77
42 79
48 8
52 26
53 27
53 36
53 40
60 82
70 17
75 60
77 33
78 45
78 90
79 14
82 42
82 83
84 75
90 10
90 24
95 48
backbone tree 3, llh: -11590.840677
-1 0
0 16
0 78
0 85
3 7
4 6
4 34
6 70
8 53
10 95
14 4
16 99
17 74
17 94
18 3
18 19
18 61
22 52
26 18
27 22
27 29
30 84
30 93
36 30
40 13
40 15
40 38
40 71
42 20
42 77
42 79
48 8
52 26
53 27
53 36
53 40
60 82
70 17
75 60
77 33
78 45
78 90
79 14
82 42
82 83
84 75
90 10
90 24
90 96
95 48
backbone tree 4, llh: -11590.849229
-1 0
0 29
0 78
0 85
3 7
4 6
4 34
6 70
8 53
10 95
14 4
16 99
17 74
17 94
18 3
18 19
18 61
22 52
26 18
27 22
27 96
30 84
30 93
36 30
40 13
40 15
40 38
40 71
42 20
42 77
42 79
48 8
52 26
53 27
53 36
53 40
60 82
60 83
70 17
75 60
77 33
78 45
78 90
79 14
82 42
84 75
90 10
90 16
90 24
95 48
backbone tree 5, llh: -11590.810849
-1 0
0 29
0 78
0 85
3 7
4 6
4 34
6 70
8 53
10 95
14 4
16 99
17 74
17 94
18 3
18 19
18 61
22 52
26 18
27 22
27 96
30 84
30 93
36 30
40 13
40 15
40 38
40 71
42 20
42 77
42 79
48 8
52 26
53 27
53 36
53 40
60 82
70 17
75 60
77 33
78 45
78 90
79 14
82 42
82 83
84 75
90 10
90 16
90 24
95 48
backbone tree 6, llh: -11590.855503
-1 0
0 29
0 78
0 85
3 7
4 6
4 34
6 70
8 53
10 95
14 4
17 74
17 94
18 3
18 19
18 61
22 52
26 18
27 22
27 96
30 84
30 93
36 30
40 13
40 15
40 38
40 71
42 20
42 77
42 79
48 8
52 26
53 27
53 36
53 40
60 82
60 99
70 17
75 60
77 33
78 45
78 90
79 14
82 42
82 83
84 75
90 10
90 16
90 24
95 48
