# 27 backbone trees, 83 mutations
backbone tree 0, llh: -12821.413734
-1 0
0 2
0 28
0 95
2 8
2 58
2 80
3 45
3 69
4 54
6 66
6 93
10 68
10 89
11 39
14 70
15 57
16 77
17 3
17 18
18 21
18 41
20 26
21 72
22 6
23 96
24 67
25 62
27 37
27 47
28 46
30 32
30 33
30 88
30 92
32 7
33 38
33 78
34 15
36 12
36 83
37 4
38 44
38 52
41 74
41 87
43 85
44 11
44 53
44 75
46 22
46 59
54 14
57 86
58 29
59 43
62 34
62 36
64 31
65 17
66 94
67 51
68 73
68 76
68 82
72 40
72 64
74 20
77 55
78 48
80 35
83 19
84 30
85 10
85 27
85 84
86 16
86 23
86 91
89 25
91 1
91 24
91 65
backbone tree 1, llh: -12821.412456
-1 0
0 2
0 28
0 95
2 8
2 19
2 58
2 80
3 45
3 69
4 54
6 66
6 93
10 68
10 89
11 39
12 26
14 70
15 57
16 77
17 3
17 18
18 21
18 41
20 55
21 72
22 6
23 96
24 67
25 62
27 37
27 47
28 46
30 32
30 33
30 92
32 7
33 38
33 78
34 15
36 12
36 83
37 4
38 44
38 52
41 74
41 87
43 85
44 11
44 53
44 75
46 22
46 59
46 88
54 14
57 86
58 29
59 43
62 34
62 36
64 31
65 17
66 94
67 51
68 73
68 76
68 82
72 40
72 64
74 20
78 48
80 35
84 30
85 10
85 27
85 84
86 16
86 23
86 91
89 25
91 1
91 24
91 65
backbone tree 2, llh: -12821.416019
-1 0
0 2
0 28
0 95
2 8
2 19
2 58
2 80
3 45
3 69
4 54
6 66
6 93
10 68
10 89
11 39
12 26
14 70
15 57
16 77
17 3
17 18
18 21
18 41
21 72
22 6
23 96
24 67
25 62
27 37
27 47
28 46
30 32
30 33
30 92
32 7
33 38
33 78
34 15
36 12
36 83
37 4
38 44
38 52
41 74
41 87
43 85
44 11
44 53
44 75
46 22
46 59
46 88
54 14
57 86
58 29
59 43
62 34
62 36
64 31
65 17
66 94
67 51
68 73
68 76
68 82
72 40
72 64
74 20
77 55
78 48
80 35
84 30
85 10
85 27
85 84
86 16
86 23
86 91
89 25
91 1
91 24
91 65
backbone tree 3, llh: -12821.412582
-1 0
0 2
0 28
0 95
2 8
2 19
2 58
2 80
3 45
3 69
4 54
6 66
6 93
10 68
10 89
11 39
12 26
14 70
15 57
16 77
17 3
17 18
18 21
18 41
20 55
21 72
22 6
23 96
24 67
25 62
27 37
27 47
28 46
30 32
30 33
30 92
32 7
33 38
33 78
34 15
36 12
36 83
37 4
38 44
38 52
41 74
41 87
43 85
44 11
44 53
44 75
46 22
46 59
46 88
54 14
57 86
58 29
59 43
62 34
62 36
64 31
65 17
66 94
67 51
68 73
68 76
68 82
72 40
72 64
74 20
78 48
83 35
84 30
85 10
85 27
85 84
86 16
86 23
86 91
89 25
91 1
91 24
91 65
backbone tree 4, llh: -12821.416144
-1 0
0 2
0 28
0 95
2 8
2 19
2 58
2 80
3 45
3 69
4 54
6 66
6 93
10 68
10 89
11 39
12 26
14 70
15 57
16 77
17 3
17 18
18 21
18 41
21 72
22 6
23 96
24 67
25 62
27 37
27 47
28 46
30 32
30 33
30 92
32 7
33 38
33 78
34 15
36 12
36 83
37 4
38 44
38 52
41 74
41 87
43 85
44 11
44 53
44 75
46 22
46 59
46 88
54 14
57 86
58 29
59 43
62 34
62 36
64 31
65 17
66 94
67 51
68 73
68 76
68 82
72 40
72 64
74 20
77 55
78 48
83 35
84 30
85 10
85 27
85 84
86 16
86 23
86 91
89 25
91 1
91 24
91 65
backbone tree 5, llh: -12821.399330
-1 0
0 2
0 28
0 95
2 8
2 19
2 58
2 80
3 45
3 69
4 54
6 66
6 93
10 68
10 89
11 39
14 70
15 57
16 77
17 3
17 18
18 21
18 41
20 26
21 72
22 6
23 96
24 67
25 62
27 37
27 47
28 46
30 32
30 33
30 92
32 7
33 38
33 78
34 15
36 12
36 83
37 4
38 44
38 52
41 74
41 87
43 85
44 11
44 53
44 75
46 22
46 59
46 88
54 14
57 86
58 29
59 43
62 34
62 36
64 31
65 17
66 94
67 51
68 73
68 76
68 82
72 40
72 64
74 20
77 55
78 48
80 35
84 30
85 10
85 27
85 84
86 16
86 23
86 91
89 25
91 1
91 24
91 65
backbone tree 6, llh: -12821.399436
-1 0
0 2
0 28
0 95
2 8
2 19
2 58
2 80
3 45
3 69
4 54
6 66
6 93
10 68
10 89
11 39
14 70
15 57
16 77
17 3
17 18
18 21
18 41
20 26
21 72
22 6
23 96
24 67
25 62
27 37
27 47
28 46
30 32
30 33
30 92
32 7
33 38
33 78
34 15
36 12
36 83
37 4
38 44
38 52
41 74
41 87
43 85
44 11
44 53
44 75
46 22
46 59
46 88
54 14
57 86
58 29
59 43
62 34
62 36
64 31
65 17
66 94
67 51
68 73
68 76
68 82
72 40
72 64
74 20
77 55
78 48
83 35
84 30
85 10
85 27
85 84
86 16
86 23
86 91
89 25
91 1
91 24
91 65
backbone tree 7, llh: -12821.377638
-1 0
0 2
0 28
0 95
2 8
2 58
2 80
3 45
3 69
4 54
6 66
6 93
10 68
10 89
11 39
12 26
14 70
15 57
16 77
17 3
17 18
18 21
18 41
20 55
21 72
22 6
23 96
24 67
25 62
27 37
27 47
28 46
30 32
30 33
30 92
32 7
33 38
33 78
34 15
36 12
36 83
37 4
38 44
38 52
41 74
41 87
43 85
44 11
44 53
44 75
46 22
46 59
46 88
54 14
57 86
58 29
59 43
62 34
62 36
64 31
65 17
66 94
67 51
68 73
68 76
68 82
72 40
72 64
74 20
78 48
80 35
83 19
84 30
85 10
85 27
85 84
86 16
86 23
86 91
89 25
91 1
91 24
91 65
backbone tree 8, llh: -12821.381200
-1 0
0 2
0 28
0 95
2 8
2 58
2 80
3 45
3 69
4 54
6 66
6 93
10 68
10 89
11 39
12 26
14 70
15 57
16 77
17 3
17 18
18 21
18 41
21 72
22 6
23 96
24 67
25 62
27 37
27 47
28 46
30 32
30 33
30 92
32 7
33 38
33 78
34 15
36 12
36 83
37 4
38 44
38 52
41 74
41 87
43 85
44 11
44 53
44 75
46 22
46 59
46 88
54 14
57 86
58 29
59 43
62 34
62 36
64 31
65 17
66 94
67 51
68 73
68 76
68 82
72 40
72 64
74 20
77 55
78 48
80 35
83 19
84 30
85 10
85 27
85 84
86 16
86 23
86 91
89 25
91 1
91 24
91 65
backbone tree 9, llh: -12821.364496
-1 0
0 2
0 28
0 95
2 8
2 58
2 80
3 45
3 69
4 54
6 66
6 93
10 68
10 89
11 39
14 70
15 57
16 77
17 3
17 18
18 21
18 41
20 26
21 72
22 6
23 96
24 67
25 62
27 37
27 47
28 46
30 32
30 33
30 92
32 7
33 38
33 78
34 15
36 12
36 83
37 4
38 44
38 52
41 74
41 87
43 85
44 11
44 53
44 75
46 22
46 59
46 88
54 14
57 86
58 29
59 43
62 34
62 36
64 31
65 17
66 94
67 51
68 73
68 76
68 82
72 40
72 64
74 20
77 55
78 48
80 35
83 19
84 30
85 10
85 27
85 84
86 16
86 23
86 91
89 25
91 1
91 24
91 65
backbone tree 10, llh: -12821.364679
-1 0
0 2
0 28
0 95
2 8
2 19
2 58
2 80
3 45
3 69
4 54
6 66
6 93
10 68
10 89
11 39
12 26
14 70
15 57
16 77
17 3
17 18
18 21
18 41
20 55
21 72
22 6
23 96
24 67
25 62
27 37
27 47
28 46
30 32
30 33
30 92
32 7
33 38
33 78
34 15
36 12
36 83
37 4
38 44
38 52
41 74
41 87
43 85
44 11
44 53
44 75
46 22
46 59
54 14
57 86
58 29
59 43
62 34
62 36
64 31
65 17
66 94
67 51
68 73
68 76
68 82
72 40
72 64
74 20
78 48
80 35
84 30
85 10
85 27
85 84
85 88
86 16
86 23
86 91
89 25
91 1
91 24
91 65
backbone tree 11, llh: -12821.368241
-1 0
0 2
0 28
0 95
2 8
2 19
2 58
2 80
3 45
3 69
4 54
6 66
6 93
10 68
10 89
11 39
12 26
14 70
15 57
16 77
17 3
17 18
18 21
18 41
21 72
22 6
23 96
24 67
25 62
27 37
27 47
28 46
30 32
30 33
30 92
32 7
33 38
33 78
34 15
36 12
36 83
37 4
38 44
38 52
41 74
41 87
43 85
44 11
44 53
44 75
46 22
46 59
54 14
57 86
58 29
59 43
62 34
62 36
64 31
65 17
66 94
67 51
68 73
68 76
68 82
72 40
72 64
74 20
77 55
78 48
80 35
84 30
85 10
85 27
85 84
85 88
86 16
86 23
86 91
89 25
91 1
91 24
91 65
backbone tree 12, llh: -12821.364806
-1 0
0 2
0 28
0 95
2 8
2 19
2 58
2 80
3 45
3 69
4 54
6 66
6 93
10 68
10 89
11 39
12 26
14 70
15 57
16 77
17 3
17 18
18 21
18 41
20 55
21 72
22 6
23 96
24 67
25 62
27 37
27 47
28 46
30 32
30 33
30 92
32 7
33 38
33 78
34 15
36 12
36 83
37 4
38 44
38 52
41 74
41 87
43 85
44 11
44 53
44 75
46 22
46 59
54 14
57 86
58 29
59 43
62 34
62 36
64 31
65 17
66 94
67 51
68 73
68 76
68 82
72 40
72 64
74 20
78 48
83 35
84 30
85 10
85 27
85 84
85 88
86 16
86 23
86 91
89 25
91 1
91 24
91 65
backbone tree 13, llh: -12821.368369
-1 0
0 2
0 28
0 95
2 8
2 19
2 58
2 80
3 45
3 69
4 54
6 66
6 93
10 68
10 89
11 39
12 26
14 70
15 57
16 77
17 3
17 18
18 21
18 41
21 72
22 6
23 96
24 67
25 62
27 37
27 47
28 46
30 32
30 33
30 92
32 7
33 38
33 78
34 15
36 12
36 83
37 4
38 44
38 52
41 74
41 87
43 85
44 11
44 53
44 75
46 22
46 59
54 14
57 86
58 29
59 43
62 34
62 36
64 31
65 17
66 94
67 51
68 73
68 76
68 82
72 40
72 64
74 20
77 55
78 48
83 35
84 30
85 10
85 27
85 84
85 88
86 16
86 23
86 91
89 25
91 1
91 24
91 65
backbone tree 14, llh: -12821.351551
-1 0
0 2
0 28
0 95
2 8
2 19
2 58
2 80
3 45
3 69
4 54
6 66
6 93
10 68
10 89
11 39
14 70
15 57
16 77
17 3
17 18
18 21
18 41
20 26
21 72
22 6
23 96
24 67
25 62
27 37
27 47
28 46
30 32
30 33
30 92
32 7
33 38
33 78
34 15
36 12
36 83
37 4
38 44
38 52
41 74
41 87
43 85
44 11
44 53
44 75
46 22
46 59
54 14
57 86
58 29
59 43
62 34
62 36
64 31
65 17
66 94
67 51
68 73
68 76
68 82
72 40
72 64
74 20
77 55
78 48
80 35
84 30
85 10
85 27
85 84
85 88
86 16
86 23
86 91
89 25
91 1
91 24
91 65
backbone tree 15, llh: -12821.351659
-1 0
0 2
0 28
0 95
2 8
2 19
2 58
2 80
3 45
3 69
4 54
6 66
6 93
10 68
10 89
11 39
14 70
15 57
16 77
17 3
17 18
18 21
18 41
20 26
21 72
22 6
23 96
24 67
25 62
27 37
27 47
28 46
30 32
30 33
30 92
32 7
33 38
33 78
34 15
36 12
36 83
37 4
38 44
38 52
41 74
41 87
43 85
44 11
44 53
44 75
46 22
46 59
54 14
57 86
58 29
59 43
62 34
62 36
64 31
65 17
66 94
67 51
68 73
68 76
68 82
72 40
72 64
74 20
77 55
78 48
83 35
84 30
85 10
85 27
85 84
85 88
86 16
86 23
86 91
89 25
91 1
91 24
91 65
backbone tree 16, llh: -12821.416654
-1 0
0 2
0 28
0 95
2 8
2 19
2 58
2 80
3 45
3 69
4 54
6 66
6 93
10 68
10 89
11 39
14 70
15 57
16 77
17 3
17 18
18 21
18 41
20 26
21 72
22 6
23 96
24 67
25 62
27 37
27 47
28 46
30 32
30 33
30 92
32 7
33 38
33 78
34 15
36 12
36 83
37 4
38 44
38 52
41 74
41 87
43 85
44 11
44 53
44 75
46 22
46 59
54 14
57 86
58 29
59 43
62 34
62 36
64 31
65 17
67 51
68 73
68 76
68 82
72 40
72 64
74 20
77 55
78 48
80 94
83 35
84 30
85 10
85 27
85 84
85 88
86 16
86 23
86 91
89 25
91 1
91 24
91 65
backbone tree 17, llh: -12821.418381
-1 0
0 2
0 28
0 95
2 8
2 58
2 80
3 45
3 69
4 54
6 66
6 93
10 68
10 89
11 39
12 26
14 70
15 57
16 77
17 3
17 18
18 21
18 41
20 55
21 72
22 6
23 96
24 67
25 62
27 37
27 47
28 46
30 32
30 33
30 92
32 7
33 38
33 78
34 15
36 12
36 83
37 4
38 44
38 52
41 74
41 87
43 85
44 11
44 53
44 75
46 22
46 59
47 82
54 14
57 86
58 29
59 43
62 34
62 36
64 31
65 17
66 94
67 51
68 73
68 76
72 40
72 64
74 20
78 48
80 35
83 19
84 30
85 10
85 27
85 84
85 88
86 16
86 23
86 91
89 25
91 1
91 24
91 65
backbone tree 18, llh: -12821.421944
-1 0
0 2
0 28
0 95
2 8
2 58
2 80
3 45
3 69
4 54
6 66
6 93
10 68
10 89
11 39
12 26
14 70
15 57
16 77
17 3
17 18
18 21
18 41
21 72
22 6
23 96
24 67
25 62
27 37
27 47
28 46
30 32
30 33
30 92
32 7
33 38
33 78
34 15
36 12
36 83
37 4
38 44
38 52
41 74
41 87
43 85
44 11
44 53
44 75
46 22
46 59
47 82
54 14
57 86
58 29
59 43
62 34
62 36
64 31
65 17
66 94
67 51
68 73
68 76
72 40
72 64
74 20
77 55
78 48
80 35
83 19
84 30
85 10
85 27
85 84
85 88
86 16
86 23
86 91
89 25
91 1
91 24
91 65
backbone tree 19, llh: -12821.329877
-1 0
0 2
0 28
0 95
2 8
2 58
2 80
3 45
3 69
4 54
6 66
6 93
10 68
10 89
11 39
12 26
14 70
15 57
16 77
17 3
17 18
18 21
18 41
20 55
21 72
22 6
23 96
24 67
25 62
27 37
27 47
28 46
30 32
30 33
30 92
32 7
33 38
33 78
34 15
36 12
36 83
37 4
38 44
38 52
41 74
41 87
43 85
44 11
44 53
44 75
46 22
46 59
54 14
57 86
58 29
59 43
62 34
62 36
64 31
65 17
66 94
67 51
68 73
68 76
68 82
72 40
72 64
74 20
78 48
80 35
83 19
84 30
85 10
85 27
85 84
85 88
86 16
86 23
86 91
89 25
91 1
91 24
91 65
backbone tree 20, llh: -12821.333440
-1 0
0 2
0 28
0 95
2 8
2 58
2 80
3 45
3 69
4 54
6 66
6 93
10 68
10 89
11 39
12 26
14 70
15 57
16 77
17 3
17 18
18 21
18 41
21 72
22 6
23 96
24 67
25 62
27 37
27 47
28 46
30 32
30 33
30 92
32 7
33 38
33 78
34 15
36 12
36 83
37 4
38 44
38 52
41 74
41 87
43 85
44 11
44 53
44 75
46 22
46 59
54 14
57 86
58 29
59 43
62 34
62 36
64 31
65 17
66 94
67 51
68 73
68 76
68 82
72 40
72 64
74 20
77 55
78 48
80 35
83 19
84 30
85 10
85 27
85 84
85 88
86 16
86 23
86 91
89 25
91 1
91 24
91 65
backbone tree 21, llh: -12821.405237
-1 0
0 2
0 28
0 95
2 8
2 58
2 80
3 45
3 69
4 54
6 66
6 93
10 68
10 89
11 39
14 70
15 57
16 77
17 3
17 18
18 21
18 41
20 26
21 72
22 6
23 96
24 67
25 62
27 37
27 47
28 46
30 32
30 33
30 92
32 7
33 38
33 78
34 15
36 12
36 83
37 4
38 44
38 52
41 74
41 87
43 85
44 11
44 53
44 75
46 22
46 59
47 82
54 14
57 86
58 29
59 43
62 34
62 36
64 31
65 17
66 94
67 51
68 73
68 76
72 40
72 64
74 20
77 55
78 48
80 35
83 19
84 30
85 10
85 27
85 84
85 88
86 16
86 23
86 91
89 25
91 1
91 24
91 65
backbone tree 22, llh: -12821.408119
-1 0
0 2
0 28
0 95
2 8
2 58
2 80
3 45
3 69
4 54
6 66
6 93
10 68
10 89
11 39
12 29
14 70
15 57
16 77
17 3
17 18
18 21
18 41
20 26
21 72
22 6
23 96
24 67
25 62
27 37
27 47
28 46
30 32
30 33
30 92
32 7
33 38
33 78
34 15
36 12
36 83
37 4
38 44
38 52
41 74
41 87
43 85
44 11
44 53
44 75
46 22
46 59
54 14
57 86
59 43
62 34
62 36
64 31
65 17
66 94
67 51
68 73
68 76
68 82
72 40
72 64
74 20
77 55
78 48
80 35
83 19
84 30
85 10
85 27
85 84
85 88
86 16
86 23
86 91
89 25
91 1
91 24
91 65
backbone tree 23, llh: -12821.316734
-1 0
0 2
0 28
0 95
2 8
2 58
2 80
3 45
3 69
4 54
6 66
6 93
10 68
10 89
11 39
14 70
15 57
16 77
17 3
17 18
18 21
18 41
20 26
21 72
22 6
23 96
24 67
25 62
27 37
27 47
28 46
30 32
30 33
30 92
32 7
33 38
33 78
34 15
36 12
36 83
37 4
38 44
38 52
41 74
41 87
43 85
44 11
44 53
44 75
46 22
46 59
54 14
57 86
58 29
59 43
62 34
62 36
64 31
65 17
66 94
67 51
68 73
68 76
68 82
72 40
72 64
74 20
77 55
78 48
80 35
83 19
84 30
85 10
85 27
85 84
85 88
86 16
86 23
86 91
89 25
91 1
91 24
91 65
backbone tree 24, llh: -12821.411107
-1 0
0 2
0 28
0 95
2 8
2 58
2 80
3 45
3 69
4 54
6 66
6 93
10 68
10 89
11 39
14 70
15 57
16 77
17 3
17 18
18 21
18 41
20 26
21 72
22 6
23 96
24 67
25 62
27 37
27 47
28 46
30 32
30 33
30 92
32 7
33 38
33 78
34 15
36 12
36 83
37 4
38 44
38 52
41 74
41 87
43 85
44 11
44 53
44 75
46 22
46 59
54 14
57 86
58 29
59 43
62 34
62 36
64 31
65 17
66 94
67 51
68 73
68 76
68 82
72 40
72 64
74 20
77 55
78 48
83 19
84 30
85 10
85 27
85 84
85 88
86 16
86 23
86 91
87 35
89 25
91 1
91 24
91 65
backbone tree 25, llh: -12821.411129
-1 0
0 2
0 28
0 95
2 8
2 29
2 80
3 45
3 69
4 54
6 66
6 93
10 68
10 89
11 39
12 58
14 70
15 57
16 77
17 3
17 18
18 21
18 41
20 26
21 72
22 6
23 96
24 67
25 62
27 37
27 47
28 46
30 32
30 33
30 92
32 7
33 38
33 78
34 15
36 12
36 83
37 4
38 44
38 52
41 74
41 87
43 85
44 11
44 53
44 75
46 22
46 59
54 14
57 86
59 43
62 34
62 36
64 31
65 17
66 94
67 51
68 73
68 76
68 82
72 40
72 64
74 20
77 55
78 48
80 35
83 19
84 30
85 10
85 27
85 84
85 88
86 16
86 23
86 91
89 25
91 1
91 24
91 65
backbone tree 26, llh: -12821.420769
-1 0
0 2
0 28
0 95
2 8
2 58
2 80
3 45
3 69
4 54
6 66
6 93
10 68
10 89
11 39
14 70
15 57
16 77
17 3
17 18
18 21
18 41
20 26
21 72
22 6
23 96
24 67
25 62
27 37
27 47
28 46
30 32
30 33
30 92
33 38
33 78
34 15
36 12
36 83
37 4
38 44
38 52
40 7
41 74
41 87
43 85
44 11
44 53
44 75
46 22
46 59
54 14
57 86
58 29
59 43
62 34
62 36
64 31
65 17
66 94
67 51
68 73
68 76
68 82
72 40
72 64
74 20
77 55
78 48
80 35
83 19
84 30
85 10
85 27
85 84
85 88
86 16
86 23
86 91
89 25
91 1
91 24
91 65
