# 14 backbone trees, 63 mutations
backbone tree 0, llh: -12604.340745
-1 72
0 81
1 37
3 43
7 94
8 26
9 8
9 99
13 22
13 46
13 74
14 82
15 21
21 5
22 7
23 9
23 44
23 80
25 92
26 61
28 27
29 52
30 71
32 3
32 16
32 38
32 87
37 14
38 76
41 79
46 25
47 13
50 70
50 86
57 83
57 84
60 30
60 65
61 97
62 57
62 88
64 35
65 29
67 1
68 34
68 50
71 47
72 0
72 64
72 77
74 32
76 28
76 55
80 11
81 60
82 10
83 49
83 67
87 23
88 15
88 68
92 41
92 62
backbone tree 1, llh: -12604.274457
-1 72
0 81
1 37
3 43
8 26
9 8
9 99
13 22
13 46
13 74
14 82
15 21
21 5
22 7
23 9
23 44
23 80
25 92
26 61
26 94
28 27
29 52
30 71
32 3
32 16
32 38
32 87
37 14
38 76
41 79
46 25
47 13
50 70
50 86
57 83
57 84
60 30
60 65
61 97
62 57
62 88
64 35
65 29
67 1
68 34
68 50
71 47
72 0
72 64
72 77
74 32
76 28
76 55
80 11
81 60
82 10
83 49
83 67
87 23
88 15
88 68
92 41
92 62
backbone tree 2, llh: -12604.260640
-1 72
0 81
1 37
3 43
8 26
9 8
9 99
13 22
13 46
13 74
14 82
15 21
21 5
22 7
23 9
23 44
23 80
25 92
26 61
28 27
29 52
30 71
32 3
32 16
32 38
32 87
37 14
38 76
41 79
43 94
46 25
47 13
50 70
50 86
57 83
57 84
60 30
60 65
61 97
62 57
62 88
64 35
65 29
67 1
68 34
68 50
71 47
72 0
72 64
72 77
74 32
76 28
76 55
80 11
81 60
82 10
83 49
83 67
87 23
88 15
88 68
92 41
92 62
backbone tree 3, llh: -12604.279385
-1 72
0 81
1 37
3 43
8 26
9 8
9 99
13 22
13 46
13 74
14 82
15 21
21 5
22 7
23 9
23 44
23 80
25 92
26 61
28 27
29 52
30 71
32 3
32 16
32 38
32 87
37 14
38 76
41 79
46 25
47 13
50 70
50 86
57 83
57 84
60 30
60 65
61 97
62 57
62 88
64 35
65 29
67 1
68 34
68 50
71 47
72 0
72 64
72 77
74 32
76 28
76 55
80 11
81 60
82 10
83 49
83 67
87 23
88 15
88 68
88 94
92 41
92 62
backbone tree 4, llh: -12604.319195
-1 72
0 81
1 37
3 43
7 94
8 26
9 8
13 22
13 46
13 74
14 82
15 21
21 5
22 7
23 9
23 44
23 80
25 92
26 61
28 27
29 52
30 71
32 3
32 16
32 38
32 87
34 99
37 14
38 76
41 79
46 25
47 13
50 70
50 86
57 83
57 84
60 30
60 65
61 97
62 57
62 88
64 35
65 29
67 1
68 34
68 50
71 47
72 0
72 64
72 77
74 32
76 28
76 55
80 11
81 60
82 10
83 49
83 67
87 23
88 15
88 68
92 41
92 62
backbone tree 5, llh: -12604.252845
-1 72
0 81
1 37
3 43
8 26
9 8
13 22
13 46
13 74
14 82
15 21
21 5
22 7
23 9
23 44
23 80
25 92
26 61
26 94
28 27
29 52
30 71
32 3
32 16
32 38
32 87
34 99
37 14
38 76
41 79
46 25
47 13
50 70
50 86
57 83
57 84
60 30
60 65
61 97
62 57
62 88
64 35
65 29
67 1
68 34
68 50
71 47
72 0
72 64
72 77
74 32
76 28
76 55
80 11
81 60
82 10
83 49
83 67
87 23
88 15
88 68
92 41
92 62
backbone tree 6, llh: -12604.239090
-1 72
0 81
1 37
3 43
8 26
9 8
13 22
13 46
13 74
14 82
15 21
21 5
22 7
23 9
23 44
23 80
25 92
26 61
28 27
29 52
30 71
32 3
32 16
32 38
32 87
34 99
37 14
38 76
41 79
43 94
46 25
47 13
50 70
50 86
57 83
57 84
60 30
60 65
61 97
62 57
62 88
64 35
65 29
67 1
68 34
68 50
71 47
72 0
72 64
72 77
74 32
76 28
76 55
80 11
81 60
82 10
83 49
83 67
87 23
88 15
88 68
92 41
92 62
backbone tree 7, llh: -12604.257893
-1 72
0 81
1 37
3 43
8 26
9 8
13 22
13 46
13 74
14 82
15 21
21 5
22 7
23 9
23 44
23 80
25 92
26 61
28 27
29 52
30 71
32 3
32 16
32 38
32 87
34 99
37 14
38 76
41 79
46 25
47 13
50 70
50 86
57 83
57 84
60 30
60 65
61 97
62 57
62 88
64 35
65 29
67 1
68 34
68 50
71 47
72 0
72 64
72 77
74 32
76 28
76 55
80 11
81 60
82 10
83 49
83 67
87 23
88 15
88 68
88 94
92 41
92 62
backbone tree 8, llh: -12604.281849
-1 72
0 81
1 37
3 43
8 26
9 8
9 99
13 22
13 46
13 74
14 82
15 21
21 5
22 7
23 9
23 44
23 80
25 92
26 61
26 94
28 27
29 52
30 71
32 3
32 16
32 38
32 87
37 14
38 76
41 79
46 25
47 13
50 70
50 86
57 83
57 84
60 30
60 65
61 97
62 57
62 88
65 29
67 1
68 34
68 50
70 35
71 47
72 0
72 64
72 77
74 32
76 28
76 55
80 11
81 60
82 10
83 49
83 67
87 23
88 15
88 68
92 41
92 62
backbone tree 9, llh: -12604.268032
-1 72
0 81
1 37
3 43
8 26
9 8
9 99
13 22
13 46
13 74
14 82
15 21
21 5
22 7
23 9
23 44
23 80
25 92
26 61
28 27
29 52
30 71
32 3
32 16
32 38
32 87
37 14
38 76
41 79
43 94
46 25
47 13
50 70
50 86
57 83
57 84
60 30
60 65
61 97
62 57
62 88
65 29
67 1
68 34
68 50
70 35
71 47
72 0
72 64
72 77
74 32
76 28
76 55
80 11
81 60
82 10
83 49
83 67
87 23
88 15
88 68
92 41
92 62
backbone tree 10, llh: -12604.286803
-1 72
0 81
1 37
3 43
8 26
9 8
9 99
13 22
13 46
13 74
14 82
15 21
21 5
22 7
23 9
23 44
23 80
25 92
26 61
28 27
29 52
30 71
32 3
32 16
32 38
32 87
37 14
38 76
41 79
46 25
47 13
50 70
50 86
57 83
57 84
60 30
60 65
61 97
62 57
62 88
65 29
67 1
68 34
68 50
70 35
71 47
72 0
72 64
72 77
74 32
76 28
76 55
80 11
81 60
82 10
83 49
83 67
87 23
88 15
88 68
88 94
92 41
92 62
backbone tree 11, llh: -12604.308349
-1 72
0 81
1 37
3 43
8 26
9 8
13 22
13 46
13 74
14 82
15 21
21 5
22 7
23 9
23 44
23 80
25 92
26 61
26 94
28 27
29 52
30 71
32 3
32 16
32 38
32 87
34 99
37 14
38 76
41 79
46 25
47 13
50 70
50 86
57 83
57 84
60 30
60 65
61 97
62 57
62 88
65 29
67 1
68 34
68 50
70 35
71 47
72 0
72 64
72 77
74 32
76 28
76 55
80 11
81 60
82 10
83 49
83 67
87 23
88 15
88 68
92 41
92 62
backbone tree 12, llh: -12604.294594
-1 72
0 81
1 37
3 43
8 26
9 8
13 22
13 46
13 74
14 82
15 21
21 5
22 7
23 9
23 44
23 80
25 92
26 61
28 27
29 52
30 71
32 3
32 16
32 38
32 87
34 99
37 14
38 76
41 79
43 94
46 25
47 13
50 70
50 86
57 83
57 84
60 30
60 65
61 97
62 57
62 88
65 29
67 1
68 34
68 50
70 35
71 47
72 0
72 64
72 77
74 32
76 28
76 55
80 11
81 60
82 10
83 49
83 67
87 23
88 15
88 68
92 41
92 62
backbone tree 13, llh: -12604.313426
-1 72
0 81
1 37
3 43
8 26
9 8
13 22
13 46
13 74
14 82
15 21
21 5
22 7
23 9
23 44
23 80
25 92
26 61
28 27
29 52
30 71
32 3
32 16
32 38
32 87
34 99
37 14
38 76
41 79
46 25
47 13
50 70
50 86
57 83
57 84
60 30
60 65
61 97
62 57
62 88
65 29
67 1
68 34
68 50
70 35
71 47
72 0
72 64
72 77
74 32
76 28
76 55
80 11
81 60
82 10
83 49
83 67
87 23
88 15
88 68
88 94
92 41
92 62
