# 16 backbone trees, 67 mutations
backbone tree 0, llh: -9989.172748
-1 0
0 62
0 85
2 61
4 3
4 6
4 89
5 54
5 59
6 65
6 71
13 21
16 76
19 29
19 72
19 88
20 2
20 66
20 75
21 25
22 49
22 77
24 1
24 41
26 18
26 37
26 53
28 57
35 20
36 48
36 60
37 97
41 45
45 82
47 5
47 16
47 30
48 35
48 83
50 24
52 87
53 36
53 74
57 11
57 81
57 95
59 19
59 26
59 28
60 4
61 22
62 67
67 50
71 55
72 7
73 70
74 52
77 13
81 15
81 91
82 58
83 32
83 73
85 47
91 31
91 40
91 86
backbone tree 1, llh: -9989.160070
-1 0
0 62
0 85
2 61
4 3
4 6
4 89
5 54
5 59
6 65
6 71
13 21
16 76
19 29
19 72
19 88
20 2
20 66
20 75
21 25
22 49
22 77
24 1
24 41
26 18
26 37
26 53
28 57
35 20
36 48
36 60
41 45
45 82
47 5
47 16
47 30
48 35
48 83
50 24
52 87
53 36
53 74
57 11
57 81
57 95
59 19
59 26
59 28
60 4
61 22
62 67
67 50
71 55
72 7
73 70
74 52
76 97
77 13
81 15
81 91
82 58
83 32
83 73
85 47
91 31
91 40
91 86
backbone tree 2, llh: -9989.164504
-1 0
0 62
0 85
2 61
4 3
4 6
4 89
5 54
5 59
6 65
6 71
13 21
16 76
19 29
19 72
19 88
20 2
20 66
20 75
21 25
22 49
22 77
24 1
24 41
26 18
26 37
26 53
28 57
35 20
36 48
36 60
37 97
41 45
45 82
47 5
47 16
47 30
48 35
48 83
50 24
52 87
53 36
53 74
57 11
57 81
59 19
59 26
59 28
60 4
61 22
62 67
67 50
71 55
72 7
73 70
74 52
76 95
77 13
81 15
81 91
82 58
83 32
83 73
85 47
91 31
91 40
91 86
backbone tree 3, llh: -9989.167205
-1 0
0 62
0 85
2 61
4 6
4 89
5 54
5 59
6 65
6 71
13 21
16 76
18 3
19 29
19 72
19 88
20 2
20 66
20 75
21 25
22 49
22 77
24 1
24 41
26 18
26 37
26 53
28 57
35 20
36 48
36 60
37 97
41 45
45 82
47 5
47 16
47 30
48 35
48 83
50 24
52 87
53 36
53 74
57 11
57 81
59 19
59 26
59 28
60 4
61 22
62 67
67 50
71 55
72 7
73 70
74 52
76 95
77 13
81 15
81 91
82 58
83 32
83 73
85 47
91 31
91 40
91 86
backbone tree 4, llh: -9989.081198
-1 0
0 62
0 85
2 61
4 6
4 89
5 54
5 59
6 65
6 71
13 21
16 76
19 29
19 72
19 88
20 2
20 66
20 75
21 25
22 49
22 77
24 1
24 41
26 18
26 37
26 53
28 57
35 20
36 48
36 60
37 97
41 45
45 82
47 5
47 16
47 30
48 35
48 83
50 24
52 87
53 36
53 74
57 3
57 11
57 81
59 19
59 26
59 28
60 4
61 22
62 67
67 50
71 55
72 7
73 70
74 52
76 95
77 13
81 15
81 91
82 58
83 32
83 73
85 47
91 31
91 40
91 86
backbone tree 5, llh: -9989.169374
-1 0
0 62
0 85
2 61
4 3
4 6
4 89
5 54
5 59
6 65
6 71
13 21
16 76
19 29
19 72
19 88
20 2
20 66
20 75
21 25
22 49
22 77
24 1
24 41
26 18
26 37
26 53
28 57
35 20
36 48
36 60
37 97
41 45
45 82
47 5
47 16
47 30
48 35
48 83
50 24
52 87
53 36
53 74
57 11
57 81
57 95
59 19
59 26
59 28
60 4
61 22
62 67
67 50
72 7
73 70
74 52
76 55
77 13
81 15
81 91
82 58
83 32
83 73
85 47
91 31
91 40
91 86
backbone tree 6, llh: -9989.155943
-1 0
0 62
0 85
2 61
4 3
4 6
4 89
5 54
5 59
6 65
6 71
13 21
16 76
19 29
19 72
19 88
20 2
20 66
20 75
21 25
22 49
22 77
24 1
24 41
26 18
26 37
26 53
28 57
35 20
36 48
36 60
37 97
41 45
45 82
47 5
47 16
48 35
48 83
50 24
52 87
53 36
53 74
57 11
57 81
57 95
59 19
59 26
59 28
60 4
61 22
62 67
67 50
71 55
72 7
73 70
74 52
77 13
81 15
81 91
82 58
83 32
83 73
85 30
85 47
91 31
91 40
91 86
backbone tree 7, llh: -9989.143268
-1 0
0 62
0 85
2 61
4 3
4 6
4 89
5 54
5 59
6 65
6 71
13 21
16 76
19 29
19 72
19 88
20 2
20 66
20 75
21 25
22 49
22 77
24 1
24 41
26 18
26 37
26 53
28 57
35 20
36 48
36 60
41 45
45 82
47 5
47 16
48 35
48 83
50 24
52 87
53 36
53 74
57 11
57 81
57 95
59 19
59 26
59 28
60 4
61 22
62 67
67 50
71 55
72 7
73 70
74 52
76 97
77 13
81 15
81 91
82 58
83 32
83 73
85 30
85 47
91 31
91 40
91 86
backbone tree 8, llh: -9989.161863
-1 0
0 62
0 85
2 61
4 6
4 89
5 54
5 59
6 65
6 71
13 21
16 76
18 3
19 29
19 72
19 88
20 2
20 66
20 75
21 25
22 49
22 77
24 1
24 41
26 18
26 37
26 53
28 57
35 20
36 48
36 60
37 97
41 45
45 82
47 5
47 16
48 35
48 83
50 24
52 87
53 36
53 74
57 11
57 81
57 95
59 19
59 26
59 28
60 4
61 22
62 67
67 50
71 55
72 7
73 70
74 52
77 13
81 15
81 91
82 58
83 32
83 73
85 30
85 47
91 31
91 40
91 86
backbone tree 9, llh: -9989.149613
-1 0
0 62
0 85
2 61
4 6
4 89
5 54
5 59
6 65
6 71
13 21
16 76
18 3
19 29
19 72
19 88
20 2
20 66
20 75
21 25
22 49
22 77
24 1
24 41
26 18
26 37
26 53
28 57
35 20
36 48
36 60
41 45
45 82
47 5
47 16
48 35
48 83
50 24
52 87
53 36
53 74
57 11
57 81
57 95
59 19
59 26
59 28
60 4
61 22
62 67
67 50
71 55
72 7
73 70
74 52
76 97
77 13
81 15
81 91
82 58
83 32
83 73
85 30
85 47
91 31
91 40
91 86
backbone tree 10, llh: -9989.152172
-1 0
0 62
0 85
2 61
4 3
4 6
4 89
5 54
5 59
6 65
6 71
13 21
16 76
19 29
19 72
19 88
20 2
20 66
20 75
21 25
22 49
22 77
24 1
24 41
26 18
26 37
26 53
28 57
35 20
36 48
36 60
37 97
41 45
45 82
47 5
47 16
48 35
48 83
50 24
52 87
53 36
53 74
57 11
57 81
59 19
59 26
59 28
60 4
61 22
62 67
67 50
71 55
72 7
73 70
74 52
76 95
77 13
81 15
81 91
82 58
83 32
83 73
85 30
85 47
91 31
91 40
91 86
backbone tree 11, llh: -9989.154235
-1 0
0 62
0 85
2 61
4 6
4 89
5 54
5 59
6 65
6 71
13 21
16 76
18 3
19 29
19 72
19 88
20 2
20 66
20 75
21 25
22 49
22 77
24 1
24 41
26 18
26 37
26 53
28 57
35 20
36 48
36 60
37 97
41 45
45 82
47 5
47 16
48 35
48 83
50 24
52 87
53 36
53 74
57 11
57 81
59 19
59 26
59 28
60 4
61 22
62 67
67 50
71 55
72 7
73 70
74 52
76 95
77 13
81 15
81 91
82 58
83 32
83 73
85 30
85 47
91 31
91 40
91 86
backbone tree 12, llh: -9989.068859
-1 0
0 62
0 85
2 61
4 6
4 89
5 54
5 59
6 65
6 71
13 21
16 76
19 29
19 72
19 88
20 2
20 66
20 75
21 25
22 49
22 77
24 1
24 41
26 18
26 37
26 53
28 57
35 20
36 48
36 60
37 97
41 45
45 82
47 5
47 16
48 35
48 83
50 24
52 87
53 36
53 74
57 3
57 11
57 81
59 19
59 26
59 28
60 4
61 22
62 67
67 50
71 55
72 7
73 70
74 52
76 95
77 13
81 15
81 91
82 58
83 32
83 73
85 30
85 47
91 31
91 40
91 86
backbone tree 13, llh: -9989.126004
-1 0
0 62
0 85
2 61
4 6
4 89
5 54
5 59
6 65
6 71
13 21
16 76
19 29
19 72
19 88
20 2
20 66
20 75
21 25
22 49
22 77
24 1
24 41
26 18
26 37
26 53
28 57
35 20
36 48
36 60
37 97
41 45
45 82
47 5
47 16
48 35
48 83
50 24
52 87
53 36
53 74
57 3
57 11
57 81
59 19
59 26
59 28
60 4
61 22
62 67
67 50
71 55
72 7
73 70
74 52
76 95
77 13
81 91
82 58
83 32
83 73
85 30
85 47
89 15
91 31
91 40
91 86
backbone tree 14, llh: -9989.152569
-1 0
0 62
0 85
2 61
4 3
4 6
4 89
5 54
5 59
6 65
6 71
13 21
16 76
19 29
19 72
19 88
20 2
20 66
20 75
21 25
22 49
22 77
24 1
24 41
26 18
26 37
26 53
28 57
35 20
36 48
36 60
37 97
41 45
45 82
47 5
47 16
48 35
48 83
50 24
52 87
53 36
53 74
57 11
57 81
57 95
59 19
59 26
59 28
60 4
61 22
62 67
67 50
72 7
73 70
74 52
76 55
77 13
81 15
81 91
82 58
83 32
83 73
85 30
85 47
91 31
91 40
91 86
backbone tree 15, llh: -9989.158490
-1 0
0 62
0 85
2 61
4 6
4 89
5 54
5 59
6 65
6 71
13 21
16 76
18 3
19 29
19 72
19 88
20 2
20 66
20 75
21 25
22 49
22 77
24 1
24 41
26 18
26 37
26 53
28 57
35 20
36 48
36 60
37 97
41 45
45 82
47 5
47 16
48 35
48 83
50 24
52 87
53 36
53 74
57 11
57 81
57 95
59 19
59 26
59 28
60 4
61 22
62 67
67 50
72 7
73 70
74 52
76 55
77 13
81 15
81 91
82 58
83 32
83 73
85 30
85 47
91 31
91 40
91 86
