# 19 backbone trees, 67 mutations
backbone tree 0, llh: -14949.999654
-1 0
0 10
0 49
0 85
1 43
1 70
3 68
4 64
5 52
5 80
5 81
5 84
7 36
9 26
9 30
10 7
10 56
11 83
11 89
14 22
21 11
21 25
21 53
21 69
22 21
22 75
25 63
26 78
29 14
33 47
33 76
36 19
36 67
40 1
40 41
40 42
42 48
43 28
48 9
48 86
50 5
56 15
56 34
57 59
57 87
63 66
65 62
65 72
65 77
66 31
66 82
67 33
68 29
70 57
70 91
73 65
75 4
76 3
76 79
77 40
78 16
78 50
79 46
80 96
82 73
85 24
85 90
backbone tree 1, llh: -14949.999199
-1 0
0 10
0 49
0 85
1 43
1 70
3 68
4 64
5 52
5 80
5 81
5 84
7 36
9 26
9 30
10 7
10 56
11 89
14 22
21 11
21 25
21 53
21 69
22 21
22 75
24 83
25 63
26 78
29 14
33 47
33 76
36 19
36 67
40 1
40 41
40 42
42 48
43 28
48 9
48 86
50 5
56 15
56 34
57 59
57 87
63 66
65 62
65 72
65 77
66 31
66 82
67 33
68 29
70 57
70 91
73 65
75 4
76 3
76 79
77 40
78 16
78 50
79 46
80 96
82 73
85 24
85 90
backbone tree 2, llh: -14950.095219
-1 0
0 10
0 49
0 85
1 43
1 70
3 68
4 64
5 52
5 80
5 81
5 84
7 36
9 26
9 30
10 7
10 56
11 89
14 22
21 11
21 25
21 53
21 69
22 21
22 75
25 63
26 78
29 14
33 47
33 76
36 19
36 67
40 1
40 41
40 42
42 48
43 28
48 9
48 83
48 86
50 5
56 15
56 34
57 59
57 87
63 66
65 62
65 72
65 77
66 31
66 82
67 33
68 29
70 57
70 91
73 65
75 4
76 3
76 79
77 40
78 16
78 50
79 46
80 96
82 73
85 24
85 90
backbone tree 3, llh: -14950.034021
-1 0
0 10
0 49
0 85
1 43
1 70
3 68
4 64
5 52
5 80
5 81
5 84
7 36
9 26
9 30
10 7
10 56
11 89
14 22
21 11
21 25
21 53
21 69
22 21
22 75
25 63
26 78
29 14
33 47
33 76
36 19
36 67
40 1
40 41
40 42
42 48
43 28
48 9
48 86
50 5
56 15
56 34
57 59
57 87
63 66
65 62
65 72
65 77
66 31
66 82
67 33
68 29
69 83
70 57
70 91
73 65
75 4
76 3
76 79
77 40
78 16
78 50
79 46
80 96
82 73
85 24
85 90
backbone tree 4, llh: -14950.035238
-1 0
0 10
0 49
0 85
1 43
1 70
3 68
4 64
5 52
5 80
5 81
5 84
7 36
9 26
9 30
10 7
10 56
11 83
11 89
14 22
21 11
21 25
21 69
22 21
22 75
25 63
26 78
29 14
33 47
33 76
36 19
36 67
40 1
40 41
40 42
42 48
43 28
48 9
48 86
50 5
56 15
56 34
57 59
57 87
63 66
65 62
65 72
65 77
66 31
66 82
67 33
68 29
69 53
70 57
70 91
73 65
75 4
76 3
76 79
77 40
78 16
78 50
79 46
80 96
82 73
85 24
85 90
backbone tree 5, llh: -14950.034841
-1 0
0 10
0 49
0 85
1 43
1 70
3 68
4 64
5 52
5 80
5 81
5 84
7 36
9 26
9 30
10 7
10 56
11 89
14 22
21 11
21 25
21 69
22 21
22 75
24 83
25 63
26 78
29 14
33 47
33 76
36 19
36 67
40 1
40 41
40 42
42 48
43 28
48 9
48 86
50 5
56 15
56 34
57 59
57 87
63 66
65 62
65 72
65 77
66 31
66 82
67 33
68 29
69 53
70 57
70 91
73 65
75 4
76 3
76 79
77 40
78 16
78 50
79 46
80 96
82 73
85 24
85 90
backbone tree 6, llh: -14950.068253
-1 0
0 10
0 49
0 85
1 43
1 70
3 68
4 64
5 52
5 80
5 84
7 36
9 26
9 30
10 7
10 56
11 83
11 89
14 22
21 11
21 25
21 53
21 69
22 21
22 75
25 63
26 78
29 14
33 47
33 76
36 19
36 67
40 1
40 41
40 42
42 48
43 28
48 9
48 86
50 5
56 15
56 34
57 59
57 87
63 66
65 62
65 72
65 77
66 31
66 82
67 33
68 29
70 57
70 91
73 65
75 4
76 3
76 79
77 40
78 16
78 50
78 81
79 46
80 96
82 73
85 24
85 90
backbone tree 7, llh: -14950.067798
-1 0
0 10
0 49
0 85
1 43
1 70
3 68
4 64
5 52
5 80
5 84
7 36
9 26
9 30
10 7
10 56
11 89
14 22
21 11
21 25
21 53
21 69
22 21
22 75
24 83
25 63
26 78
29 14
33 47
33 76
36 19
36 67
40 1
40 41
40 42
42 48
43 28
48 9
48 86
50 5
56 15
56 34
57 59
57 87
63 66
65 62
65 72
65 77
66 31
66 82
67 33
68 29
70 57
70 91
73 65
75 4
76 3
76 79
77 40
78 16
78 50
78 81
79 46
80 96
82 73
85 24
85 90
backbone tree 8, llh: -14950.102620
-1 0
0 10
0 49
0 85
1 43
1 70
3 68
4 64
5 52
5 80
5 84
7 36
9 26
9 30
10 7
10 56
11 89
14 22
21 11
21 25
21 53
21 69
22 21
22 75
25 63
26 78
29 14
33 47
33 76
36 19
36 67
40 1
40 41
40 42
42 48
43 28
48 9
48 86
50 5
56 15
56 34
57 59
57 87
63 66
65 62
65 72
65 77
66 31
66 82
67 33
68 29
69 83
70 57
70 91
73 65
75 4
76 3
76 79
77 40
78 16
78 50
78 81
79 46
80 96
82 73
85 24
85 90
backbone tree 9, llh: -14950.103836
-1 0
0 10
0 49
0 85
1 43
1 70
3 68
4 64
5 52
5 80
5 84
7 36
9 26
9 30
10 7
10 56
11 83
11 89
14 22
21 11
21 25
21 69
22 21
22 75
25 63
26 78
29 14
33 47
33 76
36 19
36 67
40 1
40 41
40 42
42 48
43 28
48 9
48 86
50 5
56 15
56 34
57 59
57 87
63 66
65 62
65 72
65 77
66 31
66 82
67 33
68 29
69 53
70 57
70 91
73 65
75 4
76 3
76 79
77 40
78 16
78 50
78 81
79 46
80 96
82 73
85 24
85 90
backbone tree 10, llh: -14950.103440
-1 0
0 10
0 49
0 85
1 43
1 70
3 68
4 64
5 52
5 80
5 84
7 36
9 26
9 30
10 7
10 56
11 89
14 22
21 11
21 25
21 69
22 21
22 75
24 83
25 63
26 78
29 14
33 47
33 76
36 19
36 67
40 1
40 41
40 42
42 48
43 28
48 9
48 86
50 5
56 15
56 34
57 59
57 87
63 66
65 62
65 72
65 77
66 31
66 82
67 33
68 29
69 53
70 57
70 91
73 65
75 4
76 3
76 79
77 40
78 16
78 50
78 81
79 46
80 96
82 73
85 24
85 90
backbone tree 11, llh: -14950.008436
-1 0
0 10
0 49
0 85
1 43
1 70
3 68
4 64
5 52
5 80
5 81
5 84
7 36
9 26
9 30
10 7
10 56
11 83
11 89
14 22
21 11
21 25
21 53
21 69
22 21
22 75
25 63
26 78
29 14
33 47
33 76
36 19
36 67
40 1
40 42
42 48
43 28
48 9
48 86
50 5
56 15
56 34
57 59
57 87
63 66
65 62
65 72
65 77
66 31
66 82
67 33
68 29
69 41
70 57
70 91
73 65
75 4
76 3
76 79
77 40
78 16
78 50
79 46
80 96
82 73
85 24
85 90
backbone tree 12, llh: -14950.007980
-1 0
0 10
0 49
0 85
1 43
1 70
3 68
4 64
5 52
5 80
5 81
5 84
7 36
9 26
9 30
10 7
10 56
11 89
14 22
21 11
21 25
21 53
21 69
22 21
22 75
24 83
25 63
26 78
29 14
33 47
33 76
36 19
36 67
40 1
40 42
42 48
43 28
48 9
48 86
50 5
56 15
56 34
57 59
57 87
63 66
65 62
65 72
65 77
66 31
66 82
67 33
68 29
69 41
70 57
70 91
73 65
75 4
76 3
76 79
77 40
78 16
78 50
79 46
80 96
82 73
85 24
85 90
backbone tree 13, llh: -14950.067070
-1 0
0 10
0 49
0 85
1 43
1 70
3 68
4 64
5 52
5 80
5 81
5 84
7 36
9 26
9 30
10 7
10 56
11 89
14 22
21 11
21 25
21 53
21 69
22 21
22 75
25 63
26 78
29 14
33 47
33 76
36 19
36 67
40 1
40 42
42 48
43 28
48 9
48 83
48 86
50 5
56 15
56 34
57 59
57 87
63 66
65 62
65 72
65 77
66 31
66 82
67 33
68 29
69 41
70 57
70 91
73 65
75 4
76 3
76 79
77 40
78 16
78 50
79 46
80 96
82 73
85 24
85 90
backbone tree 14, llh: -14950.045718
-1 0
0 10
0 49
0 85
1 43
1 70
3 68
4 64
5 52
5 80
5 81
5 84
7 36
9 26
9 30
10 7
10 56
11 83
11 89
14 22
21 11
21 25
21 69
22 21
22 75
25 63
26 78
29 14
33 47
33 76
36 19
36 67
40 1
40 42
42 48
43 28
48 9
48 86
50 5
56 15
56 34
57 59
57 87
63 66
65 62
65 72
65 77
66 31
66 82
67 33
68 29
69 41
69 53
70 57
70 91
73 65
75 4
76 3
76 79
77 40
78 16
78 50
79 46
80 96
82 73
85 24
85 90
backbone tree 15, llh: -14950.045321
-1 0
0 10
0 49
0 85
1 43
1 70
3 68
4 64
5 52
5 80
5 81
5 84
7 36
9 26
9 30
10 7
10 56
11 89
14 22
21 11
21 25
21 69
22 21
22 75
24 83
25 63
26 78
29 14
33 47
33 76
36 19
36 67
40 1
40 42
42 48
43 28
48 9
48 86
50 5
56 15
56 34
57 59
57 87
63 66
65 62
65 72
65 77
66 31
66 82
67 33
68 29
69 41
69 53
70 57
70 91
73 65
75 4
76 3
76 79
77 40
78 16
78 50
79 46
80 96
82 73
85 24
85 90
backbone tree 16, llh: -14950.104411
-1 0
0 10
0 49
0 85
1 43
1 70
3 68
4 64
5 52
5 80
5 81
5 84
7 36
9 26
9 30
10 7
10 56
11 89
14 22
21 11
21 25
21 69
22 21
22 75
25 63
26 78
29 14
33 47
33 76
36 19
36 67
40 1
40 42
42 48
43 28
48 9
48 83
48 86
50 5
56 15
56 34
57 59
57 87
63 66
65 62
65 72
65 77
66 31
66 82
67 33
68 29
69 41
69 53
70 57
70 91
73 65
75 4
76 3
76 79
77 40
78 16
78 50
79 46
80 96
82 73
85 24
85 90
backbone tree 17, llh: -14950.077030
-1 0
0 10
0 49
0 85
1 43
1 70
3 68
4 64
5 52
5 80
5 84
7 36
9 26
9 30
10 7
10 56
11 83
11 89
14 22
21 11
21 25
21 53
21 69
22 21
22 75
25 63
26 78
29 14
33 47
33 76
36 19
36 67
40 1
40 42
42 48
43 28
48 9
48 86
50 5
56 15
56 34
57 59
57 87
63 66
65 62
65 72
65 77
66 31
66 82
67 33
68 29
69 41
70 57
70 91
73 65
75 4
76 3
76 79
77 40
78 16
78 50
78 81
79 46
80 96
82 73
85 24
85 90
backbone tree 18, llh: -14950.076575
-1 0
0 10
0 49
0 85
1 43
1 70
3 68
4 64
5 52
5 80
5 84
7 36
9 26
9 30
10 7
10 56
11 89
14 22
21 11
21 25
21 53
21 69
22 21
22 75
24 83
25 63
26 78
29 14
33 47
33 76
36 19
36 67
40 1
40 42
42 48
43 28
48 9
48 86
50 5
56 15
56 34
57 59
57 87
63 66
65 62
65 72
65 77
66 31
66 82
67 33
68 29
69 41
70 57
70 91
73 65
75 4
76 3
76 79
77 40
78 16
78 50
78 81
79 46
80 96
82 73
85 24
85 90
