# 11 backbone trees, 20 mutations
backbone tree 0, llh: -5977.386381
-1 0
0 1
0 3
3 2
3 6
4 8
6 9
7 13
7 14
7 16
8 7
8 11
9 4
12 17
14 10
15 18
15 19
16 5
16 12
16 15
backbone tree 1, llh: -5977.386414
-1 0
0 1
0 3
3 2
3 6
4 8
6 9
7 13
7 14
7 16
8 7
8 11
9 4
12 17
15 18
15 19
16 5
16 12
16 15
19 10
backbone tree 2, llh: -5977.310757
-1 0
0 1
0 3
3 2
3 6
4 8
6 9
7 13
7 14
7 16
8 7
8 11
9 4
12 10
14 17
15 18
15 19
16 5
16 12
16 15
backbone tree 3, llh: -5977.311036
-1 0
0 1
0 3
3 2
3 6
4 8
6 9
7 13
7 14
7 16
8 7
8 11
9 4
14 10
14 17
15 18
15 19
16 5
16 12
16 15
backbone tree 4, llh: -5977.310786
-1 0
0 1
0 3
3 2
3 6
4 8
6 9
7 13
7 14
7 16
8 7
8 11
9 4
14 17
15 18
15 19
16 5
16 12
16 15
19 10
backbone tree 5, llh: -5977.396693
-1 0
0 3
0 18
3 2
3 6
4 8
6 9
7 1
7 13
7 14
7 16
8 7
8 11
9 4
12 10
14 17
15 19
16 5
16 12
16 15
backbone tree 6, llh: -5977.396991
-1 0
0 3
0 18
3 2
3 6
4 8
6 9
7 1
7 13
7 14
7 16
8 7
8 11
9 4
14 10
14 17
15 19
16 5
16 12
16 15
backbone tree 7, llh: -5977.396690
-1 0
0 3
0 18
3 2
3 6
4 8
6 9
7 1
7 13
7 14
7 16
8 7
8 11
9 4
14 17
15 19
16 5
16 12
16 15
19 10
backbone tree 8, llh: -5977.353627
-1 0
0 3
3 2
3 6
4 8
6 9
7 1
7 13
7 14
7 16
8 7
8 11
9 4
12 10
14 17
15 18
15 19
16 5
16 12
16 15
backbone tree 9, llh: -5977.353921
-1 0
0 3
3 2
3 6
4 8
6 9
7 1
7 13
7 14
7 16
8 7
8 11
9 4
14 10
14 17
15 18
15 19
16 5
16 12
16 15
backbone tree 10, llh: -5977.353656
-1 0
0 3
3 2
3 6
4 8
6 9
7 1
7 13
7 14
7 16
8 7
8 11
9 4
14 17
15 18
15 19
16 5
16 12
16 15
19 10
