# 4 backbone trees, 20 mutations
backbone tree 0, llh: -5239.238926
-1 0
0 10
0 19
1 9
2 8
3 1
4 6
4 16
4 18
5 2
5 15
6 17
8 12
8 13
9 5
10 4
10 11
11 3
14 7
15 14
backbone tree 1, llh: -5239.161845
-1 0
0 10
0 19
1 9
2 8
3 1
4 6
4 18
5 2
5 15
6 17
8 12
8 13
9 5
10 4
10 11
10 16
11 3
14 7
15 14
backbone tree 2, llh: -5239.249890
-1 0
0 10
0 19
1 9
2 8
3 1
4 6
4 18
5 2
5 15
6 17
8 12
8 13
9 5
10 4
10 11
11 3
11 16
14 7
15 14
backbone tree 3, llh: -5239.192378
-1 0
0 10
0 19
1 9
2 8
3 1
4 6
4 18
5 2
5 15
6 17
8 13
9 5
10 4
10 11
10 12
10 16
11 3
14 7
15 14
