# 49 backbone trees, 47 mutations
backbone tree 0, llh: -7001.728710
-1 0
0 34
0 35
0 40
0 41
2 5
3 2
4 19
4 20
4 23
4 24
5 36
5 37
5 43
5 48
6 28
7 25
8 12
12 9
15 18
15 46
16 8
16 21
16 45
17 32
20 1
21 14
21 27
24 31
26 4
26 17
31 3
33 13
33 38
37 44
38 7
39 15
39 16
39 42
40 22
40 39
42 10
42 33
43 6
46 11
46 26
46 30
backbone tree 1, llh: -7001.728153
-1 0
0 34
0 35
0 40
0 41
2 5
3 2
4 19
4 20
4 23
4 24
5 36
5 37
5 43
5 48
6 28
7 25
8 12
12 9
15 18
15 46
16 8
16 21
16 45
17 32
21 14
21 27
24 31
26 4
26 17
31 3
33 13
33 38
37 44
38 7
39 15
39 16
39 42
40 22
40 39
42 10
42 33
43 1
43 6
46 11
46 26
46 30
backbone tree 2, llh: -7001.628129
-1 0
0 34
0 35
0 40
0 41
2 5
3 2
4 19
4 20
4 24
5 36
5 37
5 43
5 48
6 28
7 25
8 12
12 9
15 18
15 46
16 8
16 21
16 45
17 32
20 1
21 14
21 27
24 31
26 4
26 17
31 3
33 13
33 38
37 44
38 7
39 15
39 16
39 42
40 22
40 23
40 39
42 10
42 33
43 6
46 11
46 26
46 30
backbone tree 3, llh: -7001.663185
-1 0
0 34
0 35
0 40
0 41
2 5
3 2
4 19
4 20
4 24
5 36
5 37
5 43
5 48
6 28
7 25
8 12
12 9
15 18
15 46
16 8
16 21
16 45
17 32
21 1
21 14
21 27
24 31
26 4
26 17
31 3
33 13
33 38
37 44
38 7
39 15
39 16
39 42
40 22
40 23
40 39
42 10
42 33
43 6
46 11
46 26
46 30
backbone tree 4, llh: -7001.727886
-1 0
0 34
0 35
0 40
0 41
2 5
3 2
4 19
4 20
4 24
5 36
5 37
5 43
5 48
6 28
7 25
8 12
12 9
15 18
15 46
16 8
16 21
16 45
17 32
21 14
21 27
24 31
26 4
26 17
31 3
33 13
33 38
37 44
38 1
38 7
39 15
39 16
39 42
40 22
40 23
40 39
42 10
42 33
43 6
46 11
46 26
46 30
backbone tree 5, llh: -7001.627575
-1 0
0 34
0 35
0 40
0 41
2 5
3 2
4 19
4 20
4 24
5 36
5 37
5 43
5 48
6 28
7 25
8 12
12 9
15 18
15 46
16 8
16 21
16 45
17 32
21 14
21 27
24 31
26 4
26 17
31 3
33 13
33 38
37 44
38 7
39 15
39 16
39 42
40 22
40 23
40 39
42 10
42 33
43 1
43 6
46 11
46 26
46 30
backbone tree 6, llh: -7001.689330
-1 0
0 34
0 35
0 40
0 41
2 5
3 2
4 19
4 20
4 24
5 36
5 37
5 43
5 48
6 28
7 25
8 12
12 9
15 18
15 46
16 8
16 21
16 45
17 32
20 1
21 14
21 27
24 31
26 4
26 17
31 3
33 13
33 38
37 44
38 7
39 15
39 16
39 42
40 22
40 39
42 10
42 33
43 6
46 11
46 23
46 26
46 30
backbone tree 7, llh: -7001.724383
-1 0
0 34
0 35
0 40
0 41
2 5
3 2
4 19
4 20
4 24
5 36
5 37
5 43
5 48
6 28
7 25
8 12
12 9
15 18
15 46
16 8
16 21
16 45
17 32
21 1
21 14
21 27
24 31
26 4
26 17
31 3
33 13
33 38
37 44
38 7
39 15
39 16
39 42
40 22
40 39
42 10
42 33
43 6
46 11
46 23
46 26
46 30
backbone tree 8, llh: -7001.688775
-1 0
0 34
0 35
0 40
0 41
2 5
3 2
4 19
4 20
4 24
5 36
5 37
5 43
5 48
6 28
7 25
8 12
12 9
15 18
15 46
16 8
16 21
16 45
17 32
21 14
21 27
24 31
26 4
26 17
31 3
33 13
33 38
37 44
38 7
39 15
39 16
39 42
40 22
40 39
42 10
42 33
43 1
43 6
46 11
46 23
46 26
46 30
backbone tree 9, llh: -7001.726920
-1 0
0 34
0 35
0 40
0 41
2 5
3 2
4 19
4 20
4 23
4 24
5 36
5 37
5 43
5 48
6 28
7 25
8 12
15 18
15 46
16 8
16 21
16 45
17 32
20 1
21 14
21 27
24 31
26 4
26 17
31 3
33 13
33 38
37 44
38 7
39 15
39 16
39 42
40 22
40 39
42 10
42 33
43 6
46 11
46 26
46 30
48 9
backbone tree 10, llh: -7001.726363
-1 0
0 34
0 35
0 40
0 41
2 5
3 2
4 19
4 20
4 23
4 24
5 36
5 37
5 43
5 48
6 28
7 25
8 12
15 18
15 46
16 8
16 21
16 45
17 32
21 14
21 27
24 31
26 4
26 17
31 3
33 13
33 38
37 44
38 7
39 15
39 16
39 42
40 22
40 39
42 10
42 33
43 1
43 6
46 11
46 26
46 30
48 9
backbone tree 11, llh: -7001.626339
-1 0
0 34
0 35
0 40
0 41
2 5
3 2
4 19
4 20
4 24
5 36
5 37
5 43
5 48
6 28
7 25
8 12
15 18
15 46
16 8
16 21
16 45
17 32
20 1
21 14
21 27
24 31
26 4
26 17
31 3
33 13
33 38
37 44
38 7
39 15
39 16
39 42
40 22
40 23
40 39
42 10
42 33
43 6
46 11
46 26
46 30
48 9
backbone tree 12, llh: -7001.661395
-1 0
0 34
0 35
0 40
0 41
2 5
3 2
4 19
4 20
4 24
5 36
5 37
5 43
5 48
6 28
7 25
8 12
15 18
15 46
16 8
16 21
16 45
17 32
21 1
21 14
21 27
24 31
26 4
26 17
31 3
33 13
33 38
37 44
38 7
39 15
39 16
39 42
40 22
40 23
40 39
42 10
42 33
43 6
46 11
46 26
46 30
48 9
backbone tree 13, llh: -7001.726096
-1 0
0 34
0 35
0 40
0 41
2 5
3 2
4 19
4 20
4 24
5 36
5 37
5 43
5 48
6 28
7 25
8 12
15 18
15 46
16 8
16 21
16 45
17 32
21 14
21 27
24 31
26 4
26 17
31 3
33 13
33 38
37 44
38 1
38 7
39 15
39 16
39 42
40 22
40 23
40 39
42 10
42 33
43 6
46 11
46 26
46 30
48 9
backbone tree 14, llh: -7001.625785
-1 0
0 34
0 35
0 40
0 41
2 5
3 2
4 19
4 20
4 24
5 36
5 37
5 43
5 48
6 28
7 25
8 12
15 18
15 46
16 8
16 21
16 45
17 32
21 14
21 27
24 31
26 4
26 17
31 3
33 13
33 38
37 44
38 7
39 15
39 16
39 42
40 22
40 23
40 39
42 10
42 33
43 1
43 6
46 11
46 26
46 30
48 9
backbone tree 15, llh: -7001.687539
-1 0
0 34
0 35
0 40
0 41
2 5
3 2
4 19
4 20
4 24
5 36
5 37
5 43
5 48
6 28
7 25
8 12
15 18
15 46
16 8
16 21
16 45
17 32
20 1
21 14
21 27
24 31
26 4
26 17
31 3
33 13
33 38
37 44
38 7
39 15
39 16
39 42
40 22
40 39
42 10
42 33
43 6
46 11
46 23
46 26
46 30
48 9
backbone tree 16, llh: -7001.722592
-1 0
0 34
0 35
0 40
0 41
2 5
3 2
4 19
4 20
4 24
5 36
5 37
5 43
5 48
6 28
7 25
8 12
15 18
15 46
16 8
16 21
16 45
17 32
21 1
21 14
21 27
24 31
26 4
26 17
31 3
33 13
33 38
37 44
38 7
39 15
39 16
39 42
40 22
40 39
42 10
42 33
43 6
46 11
46 23
46 26
46 30
48 9
backbone tree 17, llh: -7001.686984
-1 0
0 34
0 35
0 40
0 41
2 5
3 2
4 19
4 20
4 24
5 36
5 37
5 43
5 48
6 28
7 25
8 12
15 18
15 46
16 8
16 21
16 45
17 32
21 14
21 27
24 31
26 4
26 17
31 3
33 13
33 38
37 44
38 7
39 15
39 16
39 42
40 22
40 39
42 10
42 33
43 1
43 6
46 11
46 23
46 26
46 30
48 9
backbone tree 18, llh: -7001.729932
-1 0
0 34
0 35
0 40
0 41
2 5
3 2
4 19
4 20
4 23
4 24
5 36
5 37
5 43
5 48
6 28
7 25
8 12
12 9
15 18
15 46
16 8
16 21
16 45
17 32
20 1
21 27
24 31
26 4
26 17
31 3
33 13
33 38
35 14
37 44
38 7
39 15
39 16
39 42
40 22
40 39
42 10
42 33
43 6
46 11
46 26
46 30
backbone tree 19, llh: -7001.729375
-1 0
0 34
0 35
0 40
0 41
2 5
3 2
4 19
4 20
4 23
4 24
5 36
5 37
5 43
5 48
6 28
7 25
8 12
12 9
15 18
15 46
16 8
16 21
16 45
17 32
21 27
24 31
26 4
26 17
31 3
33 13
33 38
35 14
37 44
38 7
39 15
39 16
39 42
40 22
40 39
42 10
42 33
43 1
43 6
46 11
46 26
46 30
backbone tree 20, llh: -7001.629713
-1 0
0 34
0 35
0 40
0 41
2 5
3 2
4 19
4 20
4 24
5 36
5 37
5 43
5 48
6 28
7 25
8 12
12 9
15 18
15 46
16 8
16 21
16 45
17 32
20 1
21 27
24 31
26 4
26 17
31 3
33 13
33 38
35 14
37 44
38 7
39 15
39 16
39 42
40 22
40 23
40 39
42 10
42 33
43 6
46 11
46 26
46 30
backbone tree 21, llh: -7001.664128
-1 0
0 34
0 35
0 40
0 41
2 5
3 2
4 19
4 20
4 24
5 36
5 37
5 43
5 48
6 28
7 25
8 12
12 9
15 18
15 46
16 8
16 21
16 45
17 32
21 1
21 27
24 31
26 4
26 17
31 3
33 13
33 38
35 14
37 44
38 7
39 15
39 16
39 42
40 22
40 23
40 39
42 10
42 33
43 6
46 11
46 26
46 30
backbone tree 22, llh: -7001.729471
-1 0
0 34
0 35
0 40
0 41
2 5
3 2
4 19
4 20
4 24
5 36
5 37
5 43
5 48
6 28
7 25
8 12
12 9
15 18
15 46
16 8
16 21
16 45
17 32
21 27
24 31
26 4
26 17
31 3
33 13
33 38
35 14
37 44
38 1
38 7
39 15
39 16
39 42
40 22
40 23
40 39
42 10
42 33
43 6
46 11
46 26
46 30
backbone tree 23, llh: -7001.629159
-1 0
0 34
0 35
0 40
0 41
2 5
3 2
4 19
4 20
4 24
5 36
5 37
5 43
5 48
6 28
7 25
8 12
12 9
15 18
15 46
16 8
16 21
16 45
17 32
21 27
24 31
26 4
26 17
31 3
33 13
33 38
35 14
37 44
38 7
39 15
39 16
39 42
40 22
40 23
40 39
42 10
42 33
43 1
43 6
46 11
46 26
46 30
backbone tree 24, llh: -7001.689747
-1 0
0 34
0 35
0 40
0 41
2 5
3 2
4 19
4 20
4 24
5 36
5 37
5 43
5 48
6 28
7 25
8 12
12 9
15 18
15 46
16 8
16 21
16 45
17 32
20 1
21 27
24 31
26 4
26 17
31 3
33 13
33 38
35 14
37 44
38 7
39 15
39 16
39 42
40 22
40 39
42 10
42 33
43 6
46 11
46 23
46 26
46 30
backbone tree 25, llh: -7001.724153
-1 0
0 34
0 35
0 40
0 41
2 5
3 2
4 19
4 20
4 24
5 36
5 37
5 43
5 48
6 28
7 25
8 12
12 9
15 18
15 46
16 8
16 21
16 45
17 32
21 1
21 27
24 31
26 4
26 17
31 3
33 13
33 38
35 14
37 44
38 7
39 15
39 16
39 42
40 22
40 39
42 10
42 33
43 6
46 11
46 23
46 26
46 30
backbone tree 26, llh: -7001.689192
-1 0
0 34
0 35
0 40
0 41
2 5
3 2
4 19
4 20
4 24
5 36
5 37
5 43
5 48
6 28
7 25
8 12
12 9
15 18
15 46
16 8
16 21
16 45
17 32
21 27
24 31
26 4
26 17
31 3
33 13
33 38
35 14
37 44
38 7
39 15
39 16
39 42
40 22
40 39
42 10
42 33
43 1
43 6
46 11
46 23
46 26
46 30
backbone tree 27, llh: -7001.728144
-1 0
0 34
0 35
0 40
0 41
2 5
3 2
4 19
4 20
4 23
4 24
5 36
5 37
5 43
5 48
6 28
7 25
8 12
15 18
15 46
16 8
16 21
16 45
17 32
20 1
21 27
24 31
26 4
26 17
31 3
33 13
33 38
35 14
37 44
38 7
39 15
39 16
39 42
40 22
40 39
42 10
42 33
43 6
46 11
46 26
46 30
48 9
backbone tree 28, llh: -7001.727587
-1 0
0 34
0 35
0 40
0 41
2 5
3 2
4 19
4 20
4 23
4 24
5 36
5 37
5 43
5 48
6 28
7 25
8 12
15 18
15 46
16 8
16 21
16 45
17 32
21 27
24 31
26 4
26 17
31 3
33 13
33 38
35 14
37 44
38 7
39 15
39 16
39 42
40 22
40 39
42 10
42 33
43 1
43 6
46 11
46 26
46 30
48 9
backbone tree 29, llh: -7001.627925
-1 0
0 34
0 35
0 40
0 41
2 5
3 2
4 19
4 20
4 24
5 36
5 37
5 43
5 48
6 28
7 25
8 12
15 18
15 46
16 8
16 21
16 45
17 32
20 1
21 27
24 31
26 4
26 17
31 3
33 13
33 38
35 14
37 44
38 7
39 15
39 16
39 42
40 22
40 23
40 39
42 10
42 33
43 6
46 11
46 26
46 30
48 9
backbone tree 30, llh: -7001.662340
-1 0
0 34
0 35
0 40
0 41
2 5
3 2
4 19
4 20
4 24
5 36
5 37
5 43
5 48
6 28
7 25
8 12
15 18
15 46
16 8
16 21
16 45
17 32
21 1
21 27
24 31
26 4
26 17
31 3
33 13
33 38
35 14
37 44
38 7
39 15
39 16
39 42
40 22
40 23
40 39
42 10
42 33
43 6
46 11
46 26
46 30
48 9
backbone tree 31, llh: -7001.727683
-1 0
0 34
0 35
0 40
0 41
2 5
3 2
4 19
4 20
4 24
5 36
5 37
5 43
5 48
6 28
7 25
8 12
15 18
15 46
16 8
16 21
16 45
17 32
21 27
24 31
26 4
26 17
31 3
33 13
33 38
35 14
37 44
38 1
38 7
39 15
39 16
39 42
40 22
40 23
40 39
42 10
42 33
43 6
46 11
46 26
46 30
48 9
backbone tree 32, llh: -7001.627371
-1 0
0 34
0 35
0 40
0 41
2 5
3 2
4 19
4 20
4 24
5 36
5 37
5 43
5 48
6 28
7 25
8 12
15 18
15 46
16 8
16 21
16 45
17 32
21 27
24 31
26 4
26 17
31 3
33 13
33 38
35 14
37 44
38 7
39 15
39 16
39 42
40 22
40 23
40 39
42 10
42 33
43 1
43 6
46 11
46 26
46 30
48 9
backbone tree 33, llh: -7001.687958
-1 0
0 34
0 35
0 40
0 41
2 5
3 2
4 19
4 20
4 24
5 36
5 37
5 43
5 48
6 28
7 25
8 12
15 18
15 46
16 8
16 21
16 45
17 32
20 1
21 27
24 31
26 4
26 17
31 3
33 13
33 38
35 14
37 44
38 7
39 15
39 16
39 42
40 22
40 39
42 10
42 33
43 6
46 11
46 23
46 26
46 30
48 9
backbone tree 34, llh: -7001.722365
-1 0
0 34
0 35
0 40
0 41
2 5
3 2
4 19
4 20
4 24
5 36
5 37
5 43
5 48
6 28
7 25
8 12
15 18
15 46
16 8
16 21
16 45
17 32
21 1
21 27
24 31
26 4
26 17
31 3
33 13
33 38
35 14
37 44
38 7
39 15
39 16
39 42
40 22
40 39
42 10
42 33
43 6
46 11
46 23
46 26
46 30
48 9
backbone tree 35, llh: -7001.687403
-1 0
0 34
0 35
0 40
0 41
2 5
3 2
4 19
4 20
4 24
5 36
5 37
5 43
5 48
6 28
7 25
8 12
15 18
15 46
16 8
16 21
16 45
17 32
21 27
24 31
26 4
26 17
31 3
33 13
33 38
35 14
37 44
38 7
39 15
39 16
39 42
40 22
40 39
42 10
42 33
43 1
43 6
46 11
46 23
46 26
46 30
48 9
backbone tree 36, llh: -7001.699175
-1 0
0 34
0 35
0 40
2 5
3 2
4 19
4 20
4 24
5 36
5 37
5 43
5 48
6 28
7 25
8 12
12 9
15 18
15 46
16 8
16 21
16 45
17 32
20 1
21 14
21 27
24 31
26 4
26 17
31 3
33 13
33 38
37 44
38 7
39 15
39 16
39 42
40 22
40 23
40 39
40 41
42 10
42 33
43 6
46 11
46 26
46 30
backbone tree 37, llh: -7001.698621
-1 0
0 34
0 35
0 40
2 5
3 2
4 19
4 20
4 24
5 36
5 37
5 43
5 48
6 28
7 25
8 12
12 9
15 18
15 46
16 8
16 21
16 45
17 32
21 14
21 27
24 31
26 4
26 17
31 3
33 13
33 38
37 44
38 7
39 15
39 16
39 42
40 22
40 23
40 39
40 41
42 10
42 33
43 1
43 6
46 11
46 26
46 30
backbone tree 38, llh: -7001.731152
-1 0
0 34
0 35
0 40
2 5
3 2
4 19
4 20
4 24
5 36
5 37
5 43
5 48
6 28
7 25
8 12
12 9
15 18
15 46
16 8
16 21
16 45
17 32
21 14
21 27
24 31
26 4
26 17
31 3
33 13
33 38
37 44
38 7
39 15
39 16
39 42
40 22
40 39
40 41
42 10
42 33
43 1
43 6
46 11
46 23
46 26
46 30
backbone tree 39, llh: -7001.697385
-1 0
0 34
0 35
0 40
2 5
3 2
4 19
4 20
4 24
5 36
5 37
5 43
5 48
6 28
7 25
8 12
15 18
15 46
16 8
16 21
16 45
17 32
20 1
21 14
21 27
24 31
26 4
26 17
31 3
33 13
33 38
37 44
38 7
39 15
39 16
39 42
40 22
40 23
40 39
40 41
42 10
42 33
43 6
46 11
46 26
46 30
48 9
backbone tree 40, llh: -7001.696831
-1 0
0 34
0 35
0 40
2 5
3 2
4 19
4 20
4 24
5 36
5 37
5 43
5 48
6 28
7 25
8 12
15 18
15 46
16 8
16 21
16 45
17 32
21 14
21 27
24 31
26 4
26 17
31 3
33 13
33 38
37 44
38 7
39 15
39 16
39 42
40 22
40 23
40 39
40 41
42 10
42 33
43 1
43 6
46 11
46 26
46 30
48 9
backbone tree 41, llh: -7001.729916
-1 0
0 34
0 35
0 40
2 5
3 2
4 19
4 20
4 24
5 36
5 37
5 43
5 48
6 28
7 25
8 12
15 18
15 46
16 8
16 21
16 45
17 32
20 1
21 14
21 27
24 31
26 4
26 17
31 3
33 13
33 38
37 44
38 7
39 15
39 16
39 42
40 22
40 39
40 41
42 10
42 33
43 6
46 11
46 23
46 26
46 30
48 9
backbone tree 42, llh: -7001.729361
-1 0
0 34
0 35
0 40
2 5
3 2
4 19
4 20
4 24
5 36
5 37
5 43
5 48
6 28
7 25
8 12
15 18
15 46
16 8
16 21
16 45
17 32
21 14
21 27
24 31
26 4
26 17
31 3
33 13
33 38
37 44
38 7
39 15
39 16
39 42
40 22
40 39
40 41
42 10
42 33
43 1
43 6
46 11
46 23
46 26
46 30
48 9
backbone tree 43, llh: -7001.700744
-1 0
0 34
0 35
0 40
2 5
3 2
4 19
4 20
4 24
5 36
5 37
5 43
5 48
6 28
7 25
8 12
12 9
15 18
15 46
16 8
16 21
16 45
17 32
20 1
21 27
24 31
26 4
26 17
31 3
33 13
33 38
35 14
37 44
38 7
39 15
39 16
39 42
40 22
40 23
40 39
40 41
42 10
42 33
43 6
46 11
46 26
46 30
backbone tree 44, llh: -7001.700190
-1 0
0 34
0 35
0 40
2 5
3 2
4 19
4 20
4 24
5 36
5 37
5 43
5 48
6 28
7 25
8 12
12 9
15 18
15 46
16 8
16 21
16 45
17 32
21 27
24 31
26 4
26 17
31 3
33 13
33 38
35 14
37 44
38 7
39 15
39 16
39 42
40 22
40 23
40 39
40 41
42 10
42 33
43 1
43 6
46 11
46 26
46 30
backbone tree 45, llh: -7001.698956
-1 0
0 34
0 35
0 40
2 5
3 2
4 19
4 20
4 24
5 36
5 37
5 43
5 48
6 28
7 25
8 12
15 18
15 46
16 8
16 21
16 45
17 32
20 1
21 27
24 31
26 4
26 17
31 3
33 13
33 38
35 14
37 44
38 7
39 15
39 16
39 42
40 22
40 23
40 39
40 41
42 10
42 33
43 6
46 11
46 26
46 30
48 9
backbone tree 46, llh: -7001.698402
-1 0
0 34
0 35
0 40
2 5
3 2
4 19
4 20
4 24
5 36
5 37
5 43
5 48
6 28
7 25
8 12
15 18
15 46
16 8
16 21
16 45
17 32
21 27
24 31
26 4
26 17
31 3
33 13
33 38
35 14
37 44
38 7
39 15
39 16
39 42
40 22
40 23
40 39
40 41
42 10
42 33
43 1
43 6
46 11
46 26
46 30
48 9
backbone tree 47, llh: -7001.730319
-1 0
0 34
0 35
0 40
2 5
3 2
4 19
4 20
4 24
5 36
5 37
5 43
5 48
6 28
7 25
8 12
15 18
15 46
16 8
16 21
16 45
17 32
20 1
21 27
24 31
26 4
26 17
31 3
33 13
33 38
35 14
37 44
38 7
39 15
39 16
39 42
40 22
40 39
40 41
42 10
42 33
43 6
46 11
46 23
46 26
46 30
48 9
backbone tree 48, llh: -7001.729764
-1 0
0 34
0 35
0 40
2 5
3 2
4 19
4 20
4 24
5 36
5 37
5 43
5 48
6 28
7 25
8 12
15 18
15 46
16 8
16 21
16 45
17 32
21 27
24 31
26 4
26 17
31 3
33 13
33 38
35 14
37 44
38 7
39 15
39 16
39 42
40 22
40 39
40 41
42 10
42 33
43 1
43 6
46 11
46 23
46 26
46 30
48 9
