# 19 backbone trees, 43 mutations
backbone tree 0, llh: -9017.733538
-1 15
0 29
0 30
2 11
2 44
4 9
5 10
5 37
7 42
9 13
9 36
9 45
10 32
12 47
15 0
16 23
17 2
17 19
19 5
19 21
20 6
21 31
22 3
22 27
27 46
28 7
28 17
28 22
29 39
33 8
33 16
33 20
33 28
33 43
34 25
35 40
37 12
37 35
39 33
40 4
43 49
44 18
44 34
backbone tree 1, llh: -9017.729513
-1 15
0 29
0 30
2 11
2 44
4 9
5 10
5 37
7 42
9 36
9 45
10 32
12 47
15 0
16 13
16 23
17 2
17 19
19 5
19 21
20 6
21 31
22 3
22 27
27 46
28 7
28 17
28 22
29 39
33 8
33 16
33 20
33 28
33 43
34 25
35 40
37 12
37 35
39 33
40 4
43 49
44 18
44 34
backbone tree 2, llh: -9017.736037
-1 15
0 29
0 30
2 11
2 44
4 9
5 10
5 37
7 42
9 36
9 45
10 32
12 47
15 0
16 23
17 2
17 19
19 5
19 21
20 6
21 31
22 3
22 27
27 46
28 7
28 17
28 22
29 39
31 13
33 8
33 16
33 20
33 28
33 43
34 25
35 40
37 12
37 35
39 33
40 4
43 49
44 18
44 34
backbone tree 3, llh: -9017.691204
-1 15
0 29
2 11
2 44
4 9
5 10
5 37
7 42
9 13
9 30
9 36
9 45
10 32
12 47
15 0
16 23
17 2
17 19
19 5
19 21
20 6
21 31
22 3
22 27
27 46
28 7
28 17
28 22
29 39
33 8
33 16
33 20
33 28
33 43
34 25
35 40
37 12
37 35
39 33
40 4
43 49
44 18
44 34
backbone tree 4, llh: -9017.664802
-1 15
0 29
2 11
2 44
4 9
5 10
5 37
7 42
9 30
9 36
9 45
10 32
12 47
15 0
16 13
16 23
17 2
17 19
19 5
19 21
20 6
21 31
22 3
22 27
27 46
28 7
28 17
28 22
29 39
33 8
33 16
33 20
33 28
33 43
34 25
35 40
37 12
37 35
39 33
40 4
43 49
44 18
44 34
backbone tree 5, llh: -9017.676304
-1 15
0 29
2 11
2 44
4 9
5 10
5 37
7 42
9 30
9 36
9 45
10 32
12 47
15 0
16 23
17 2
17 19
19 5
19 21
20 6
21 31
22 3
22 27
27 46
28 7
28 17
28 22
29 39
31 13
33 8
33 16
33 20
33 28
33 43
34 25
35 40
37 12
37 35
39 33
40 4
43 49
44 18
44 34
backbone tree 6, llh: -9017.698769
-1 15
0 29
2 11
2 44
4 9
5 10
5 37
7 42
9 13
9 36
9 45
10 32
12 30
12 47
15 0
16 23
17 2
17 19
19 5
19 21
20 6
21 31
22 3
22 27
27 46
28 7
28 17
28 22
29 39
33 8
33 16
33 20
33 28
33 43
34 25
35 40
37 12
37 35
39 33
40 4
43 49
44 18
44 34
backbone tree 7, llh: -9017.689766
-1 15
0 29
2 11
2 44
4 9
5 10
5 37
7 42
9 36
9 45
10 32
12 30
12 47
15 0
16 13
16 23
17 2
17 19
19 5
19 21
20 6
21 31
22 3
22 27
27 46
28 7
28 17
28 22
29 39
33 8
33 16
33 20
33 28
33 43
34 25
35 40
37 12
37 35
39 33
40 4
43 49
44 18
44 34
backbone tree 8, llh: -9017.701268
-1 15
0 29
2 11
2 44
4 9
5 10
5 37
7 42
9 36
9 45
10 32
12 30
12 47
15 0
16 23
17 2
17 19
19 5
19 21
20 6
21 31
22 3
22 27
27 46
28 7
28 17
28 22
29 39
31 13
33 8
33 16
33 20
33 28
33 43
34 25
35 40
37 12
37 35
39 33
40 4
43 49
44 18
44 34
backbone tree 9, llh: -9017.681671
-1 15
0 29
2 11
2 44
4 9
5 10
5 37
7 42
9 13
9 36
9 45
10 32
12 47
15 0
16 23
16 30
17 2
17 19
19 5
19 21
20 6
21 31
22 3
22 27
27 46
28 7
28 17
28 22
29 39
33 8
33 16
33 20
33 28
33 43
34 25
35 40
37 12
37 35
39 33
40 4
43 49
44 18
44 34
backbone tree 10, llh: -9017.684170
-1 15
0 29
2 11
2 44
4 9
5 10
5 37
7 42
9 36
9 45
10 32
12 47
15 0
16 23
16 30
17 2
17 19
19 5
19 21
20 6
21 31
22 3
22 27
27 46
28 7
28 17
28 22
29 39
31 13
33 8
33 16
33 20
33 28
33 43
34 25
35 40
37 12
37 35
39 33
40 4
43 49
44 18
44 34
backbone tree 11, llh: -9017.754862
-1 15
0 29
2 11
2 44
4 9
5 10
5 37
7 42
9 13
9 30
9 36
9 45
10 32
12 47
15 0
16 23
17 2
17 19
19 5
19 21
20 6
21 31
22 3
22 27
27 46
28 7
28 17
28 22
29 39
33 8
33 16
33 20
33 28
33 43
34 25
35 40
37 12
37 35
39 33
40 4
44 18
44 34
44 49
backbone tree 12, llh: -9017.728460
-1 15
0 29
2 11
2 44
4 9
5 10
5 37
7 42
9 30
9 36
9 45
10 32
12 47
15 0
16 13
16 23
17 2
17 19
19 5
19 21
20 6
21 31
22 3
22 27
27 46
28 7
28 17
28 22
29 39
33 8
33 16
33 20
33 28
33 43
34 25
35 40
37 12
37 35
39 33
40 4
44 18
44 34
44 49
backbone tree 13, llh: -9017.739962
-1 15
0 29
2 11
2 44
4 9
5 10
5 37
7 42
9 30
9 36
9 45
10 32
12 47
15 0
16 23
17 2
17 19
19 5
19 21
20 6
21 31
22 3
22 27
27 46
28 7
28 17
28 22
29 39
31 13
33 8
33 16
33 20
33 28
33 43
34 25
35 40
37 12
37 35
39 33
40 4
44 18
44 34
44 49
backbone tree 14, llh: -9017.762427
-1 15
0 29
2 11
2 44
4 9
5 10
5 37
7 42
9 13
9 36
9 45
10 32
12 30
12 47
15 0
16 23
17 2
17 19
19 5
19 21
20 6
21 31
22 3
22 27
27 46
28 7
28 17
28 22
29 39
33 8
33 16
33 20
33 28
33 43
34 25
35 40
37 12
37 35
39 33
40 4
44 18
44 34
44 49
backbone tree 15, llh: -9017.753425
-1 15
0 29
2 11
2 44
4 9
5 10
5 37
7 42
9 36
9 45
10 32
12 30
12 47
15 0
16 13
16 23
17 2
17 19
19 5
19 21
20 6
21 31
22 3
22 27
27 46
28 7
28 17
28 22
29 39
33 8
33 16
33 20
33 28
33 43
34 25
35 40
37 12
37 35
39 33
40 4
44 18
44 34
44 49
backbone tree 16, llh: -9017.764926
-1 15
0 29
2 11
2 44
4 9
5 10
5 37
7 42
9 36
9 45
10 32
12 30
12 47
15 0
16 23
17 2
17 19
19 5
19 21
20 6
21 31
22 3
22 27
27 46
28 7
28 17
28 22
29 39
31 13
33 8
33 16
33 20
33 28
33 43
34 25
35 40
37 12
37 35
39 33
40 4
44 18
44 34
44 49
backbone tree 17, llh: -9017.745329
-1 15
0 29
2 11
2 44
4 9
5 10
5 37
7 42
9 13
9 36
9 45
10 32
12 47
15 0
16 23
16 30
17 2
17 19
19 5
19 21
20 6
21 31
22 3
22 27
27 46
28 7
28 17
28 22
29 39
33 8
33 16
33 20
33 28
33 43
34 25
35 40
37 12
37 35
39 33
40 4
44 18
44 34
44 49
backbone tree 18, llh: -9017.747828
-1 15
0 29
2 11
2 44
4 9
5 10
5 37
7 42
9 36
9 45
10 32
12 47
15 0
16 23
16 30
17 2
17 19
19 5
19 21
20 6
21 31
22 3
22 27
27 46
28 7
28 17
28 22
29 39
31 13
33 8
33 16
33 20
33 28
33 43
34 25
35 40
37 12
37 35
39 33
40 4
44 18
44 34
44 49
