# 8 backbone trees, 32 mutations
backbone tree 0, llh: -6118.286244
-1 0
0 4
0 9
0 30
1 12
4 8
8 13
8 21
8 38
8 40
9 7
10 43
12 27
13 5
16 18
18 10
19 35
22 1
22 11
22 37
22 44
29 16
30 17
30 24
33 39
35 28
35 33
38 46
40 19
40 22
40 42
44 29
backbone tree 1, llh: -6118.277932
-1 0
0 4
0 9
0 30
1 12
4 8
8 13
8 21
8 38
8 40
9 7
10 43
12 27
13 5
16 18
18 10
19 35
22 1
22 11
22 37
22 44
29 16
30 17
30 24
33 39
35 28
35 33
38 46
40 19
40 22
44 29
44 42
backbone tree 2, llh: -6118.279848
-1 0
0 4
0 9
0 30
1 12
4 8
8 13
8 21
8 38
8 40
9 7
10 43
13 5
16 18
18 10
19 35
22 1
22 11
22 37
22 44
24 27
29 16
30 17
30 24
33 39
35 28
35 33
38 46
40 19
40 22
40 42
44 29
backbone tree 3, llh: -6118.271538
-1 0
0 4
0 9
0 30
1 12
4 8
8 13
8 21
8 38
8 40
9 7
10 43
13 5
16 18
18 10
19 35
22 1
22 11
22 37
22 44
24 27
29 16
30 17
30 24
33 39
35 28
35 33
38 46
40 19
40 22
44 29
44 42
backbone tree 4, llh: -6118.251800
-1 0
0 4
0 9
0 30
1 12
4 8
8 13
8 38
8 40
9 7
10 43
12 27
13 5
16 18
18 10
19 35
22 1
22 11
22 37
22 44
29 16
30 17
30 21
30 24
33 39
35 28
35 33
38 46
40 19
40 22
40 42
44 29
backbone tree 5, llh: -6118.266725
-1 0
0 4
0 9
0 30
1 12
4 8
8 13
8 38
8 40
9 7
10 43
12 27
13 5
16 18
18 10
19 35
22 1
22 11
22 37
22 44
29 16
30 17
30 21
30 24
33 39
35 28
35 33
38 46
40 19
40 22
44 29
44 42
backbone tree 6, llh: -6118.245404
-1 0
0 4
0 9
0 30
1 12
4 8
8 13
8 38
8 40
9 7
10 43
13 5
16 18
18 10
19 35
22 1
22 11
22 37
22 44
24 27
29 16
30 17
30 21
30 24
33 39
35 28
35 33
38 46
40 19
40 22
40 42
44 29
backbone tree 7, llh: -6118.260331
-1 0
0 4
0 9
0 30
1 12
4 8
8 13
8 38
8 40
9 7
10 43
13 5
16 18
18 10
19 35
22 1
22 11
22 37
22 44
24 27
29 16
30 17
30 21
30 24
33 39
35 28
35 33
38 46
40 19
40 22
44 29
44 42
