# 25 backbone trees, 49 mutations
backbone tree 0, llh: -8555.303743
-1 35
0 38
3 13
3 21
3 42
6 10
6 11
6 39
7 22
8 23
10 26
10 36
10 44
11 2
11 16
11 18
11 25
13 28
13 43
15 4
16 40
17 29
18 3
19 31
20 9
21 27
22 20
25 17
26 1
26 7
27 45
30 46
31 14
32 5
32 41
34 6
34 49
35 0
35 8
35 48
37 34
38 30
38 37
41 15
43 12
43 24
43 32
46 19
46 33
backbone tree 1, llh: -8555.259028
-1 35
0 38
3 13
3 21
3 42
6 10
6 11
6 39
7 22
8 23
10 26
10 36
10 44
11 2
11 16
11 18
11 25
13 28
13 43
15 4
16 40
17 29
18 3
19 31
21 27
22 20
25 5
25 9
26 1
26 7
27 45
30 46
31 14
32 41
34 6
34 49
35 0
35 8
35 48
37 34
38 17
38 30
38 37
41 15
43 12
43 24
43 32
46 19
46 33
backbone tree 2, llh: -8555.260472
-1 35
0 38
3 13
3 21
3 42
6 10
6 11
6 39
7 22
10 26
10 36
10 44
11 2
11 16
11 18
11 25
13 28
13 43
15 4
16 40
17 29
18 3
19 31
21 27
22 20
25 5
25 9
26 1
26 7
27 45
30 46
31 14
32 41
34 6
34 49
35 0
35 8
35 48
37 34
38 17
38 30
38 37
41 15
43 12
43 23
43 24
43 32
46 19
46 33
backbone tree 3, llh: -8555.283940
-1 35
0 38
3 13
3 21
3 42
6 10
6 11
6 39
7 22
8 23
10 26
10 36
10 44
11 2
11 16
11 18
11 25
13 28
13 43
15 4
16 40
17 29
18 3
19 31
21 27
22 20
25 9
26 1
26 7
27 45
30 46
31 14
32 5
32 41
34 6
34 49
35 0
35 8
35 48
37 34
38 17
38 30
38 37
41 15
43 12
43 24
43 32
46 19
46 33
backbone tree 4, llh: -8555.285476
-1 35
0 38
3 13
3 21
3 42
6 10
6 11
6 39
7 22
10 26
10 36
10 44
11 2
11 16
11 18
11 25
13 28
13 43
15 4
16 40
17 29
18 3
19 31
21 27
22 20
25 9
26 1
26 7
27 45
30 46
31 14
32 5
32 41
34 6
34 49
35 0
35 8
35 48
37 34
38 17
38 30
38 37
41 15
43 12
43 23
43 24
43 32
46 19
46 33
backbone tree 5, llh: -8555.279655
-1 35
0 38
3 13
3 21
3 42
6 10
6 11
6 39
7 22
8 23
10 26
10 36
10 44
11 2
11 16
11 18
11 25
13 28
13 43
15 4
16 40
17 24
18 3
19 31
21 27
21 29
22 20
25 5
25 9
26 1
26 7
27 45
30 46
31 14
32 41
34 6
34 49
35 0
35 8
35 48
37 34
38 17
38 30
38 37
41 15
43 12
43 32
46 19
46 33
backbone tree 6, llh: -8555.281023
-1 35
0 38
3 13
3 21
3 42
6 10
6 11
6 39
7 22
10 26
10 36
10 44
11 2
11 16
11 18
11 25
13 28
13 43
15 4
16 40
17 24
18 3
19 31
21 27
21 29
22 20
25 5
25 9
26 1
26 7
27 45
30 46
31 14
32 41
34 6
34 49
35 0
35 8
35 48
37 34
38 17
38 30
38 37
41 15
43 12
43 23
43 32
46 19
46 33
backbone tree 7, llh: -8555.271875
-1 35
0 38
3 13
3 21
3 42
6 10
6 11
6 39
7 22
8 23
10 26
10 36
10 44
11 2
11 16
11 18
11 25
13 28
13 43
15 4
16 40
18 3
19 31
21 27
21 29
22 20
25 5
25 9
26 1
26 7
27 45
30 46
31 14
32 41
34 6
34 49
35 0
35 8
35 48
37 34
38 17
38 30
38 37
41 15
43 12
43 24
43 32
46 19
46 33
backbone tree 8, llh: -8555.273320
-1 35
0 38
3 13
3 21
3 42
6 10
6 11
6 39
7 22
10 26
10 36
10 44
11 2
11 16
11 18
11 25
13 28
13 43
15 4
16 40
18 3
19 31
21 27
21 29
22 20
25 5
25 9
26 1
26 7
27 45
30 46
31 14
32 41
34 6
34 49
35 0
35 8
35 48
37 34
38 17
38 30
38 37
41 15
43 12
43 23
43 24
43 32
46 19
46 33
backbone tree 9, llh: -8555.296798
-1 35
0 38
3 13
3 21
3 42
6 10
6 11
6 39
7 22
8 23
10 26
10 36
10 44
11 2
11 16
11 18
11 25
13 28
13 43
15 4
16 40
18 3
19 31
21 27
21 29
22 20
25 9
26 1
26 7
27 45
30 46
31 14
32 5
32 41
34 6
34 49
35 0
35 8
35 48
37 34
38 17
38 30
38 37
41 15
43 12
43 24
43 32
46 19
46 33
backbone tree 10, llh: -8555.298334
-1 35
0 38
3 13
3 21
3 42
6 10
6 11
6 39
7 22
10 26
10 36
10 44
11 2
11 16
11 18
11 25
13 28
13 43
15 4
16 40
18 3
19 31
21 27
21 29
22 20
25 9
26 1
26 7
27 45
30 46
31 14
32 5
32 41
34 6
34 49
35 0
35 8
35 48
37 34
38 17
38 30
38 37
41 15
43 12
43 23
43 24
43 32
46 19
46 33
backbone tree 11, llh: -8555.264756
-1 35
0 38
3 13
3 21
3 42
6 10
6 11
6 39
7 22
8 23
10 26
10 36
10 44
11 2
11 9
11 16
11 18
11 25
13 28
13 43
15 4
16 5
17 40
18 3
19 31
21 27
21 29
22 20
26 1
26 7
27 45
30 46
31 14
32 41
34 6
34 49
35 0
35 8
35 48
37 34
38 17
38 30
38 37
41 15
43 12
43 24
43 32
46 19
46 33
backbone tree 12, llh: -8555.266200
-1 35
0 38
3 13
3 21
3 42
6 10
6 11
6 39
7 22
10 26
10 36
10 44
11 2
11 9
11 16
11 18
11 25
13 28
13 43
15 4
16 5
17 40
18 3
19 31
21 27
21 29
22 20
26 1
26 7
27 45
30 46
31 14
32 41
34 6
34 49
35 0
35 8
35 48
37 34
38 17
38 30
38 37
41 15
43 12
43 23
43 24
43 32
46 19
46 33
backbone tree 13, llh: -8555.301700
-1 35
0 38
3 13
3 21
3 42
6 10
6 11
6 39
7 22
8 23
10 26
10 36
10 44
11 2
11 9
11 16
11 18
11 25
13 28
13 43
15 4
17 40
18 3
19 31
21 27
21 29
22 20
25 5
26 1
26 7
27 45
30 46
31 14
32 41
34 6
34 49
35 0
35 8
35 48
37 34
38 17
38 30
38 37
41 15
43 12
43 24
43 32
46 19
46 33
backbone tree 14, llh: -8555.303145
-1 35
0 38
3 13
3 21
3 42
6 10
6 11
6 39
7 22
10 26
10 36
10 44
11 2
11 9
11 16
11 18
11 25
13 28
13 43
15 4
17 40
18 3
19 31
21 27
21 29
22 20
25 5
26 1
26 7
27 45
30 46
31 14
32 41
34 6
34 49
35 0
35 8
35 48
37 34
38 17
38 30
38 37
41 15
43 12
43 23
43 24
43 32
46 19
46 33
backbone tree 15, llh: -8555.303234
-1 35
0 38
3 13
3 21
3 42
6 10
6 11
6 39
7 22
8 23
10 26
10 36
10 44
11 2
11 9
11 16
11 18
11 25
13 28
13 43
15 4
16 5
17 40
18 3
19 31
21 27
22 20
25 29
26 1
26 7
27 45
30 46
31 14
32 41
34 6
34 49
35 0
35 8
35 48
37 34
38 17
38 30
38 37
41 15
43 12
43 24
43 32
46 19
46 33
backbone tree 16, llh: -8555.275466
-1 35
0 38
3 13
3 21
3 42
6 10
6 11
6 39
7 22
8 23
10 26
10 36
10 44
11 2
11 16
11 18
11 25
13 28
13 43
15 4
16 5
17 40
18 3
19 31
20 9
21 27
21 29
22 20
26 1
26 7
27 45
30 46
31 14
32 41
34 6
34 49
35 0
35 8
35 48
37 34
38 17
38 30
38 37
41 15
43 12
43 24
43 32
46 19
46 33
backbone tree 17, llh: -8555.276911
-1 35
0 38
3 13
3 21
3 42
6 10
6 11
6 39
7 22
10 26
10 36
10 44
11 2
11 16
11 18
11 25
13 28
13 43
15 4
16 5
17 40
18 3
19 31
20 9
21 27
21 29
22 20
26 1
26 7
27 45
30 46
31 14
32 41
34 6
34 49
35 0
35 8
35 48
37 34
38 17
38 30
38 37
41 15
43 12
43 23
43 24
43 32
46 19
46 33
backbone tree 18, llh: -8555.198988
-1 35
0 38
3 13
3 21
3 42
6 10
6 11
6 39
7 22
8 23
10 26
10 36
10 44
11 2
11 16
11 18
11 25
13 28
13 43
15 4
16 5
17 40
18 3
19 31
21 27
21 29
22 20
25 9
26 1
26 7
27 45
30 46
31 14
32 41
34 6
34 49
35 0
35 8
35 48
37 34
38 17
38 30
38 37
41 15
43 12
43 24
43 32
46 19
46 33
backbone tree 19, llh: -8555.286926
-1 35
0 38
3 13
3 21
3 42
6 10
6 11
6 39
7 22
10 26
10 36
10 44
11 2
11 16
11 18
11 25
13 28
13 43
15 4
16 5
17 40
18 3
19 31
21 27
21 29
22 20
25 9
26 1
26 7
27 45
30 46
31 14
32 41
34 6
34 49
35 0
35 8
35 48
37 34
38 17
38 30
38 37
40 23
41 15
43 12
43 24
43 32
46 19
46 33
backbone tree 20, llh: -8555.200432
-1 35
0 38
3 13
3 21
3 42
6 10
6 11
6 39
7 22
10 26
10 36
10 44
11 2
11 16
11 18
11 25
13 28
13 43
15 4
16 5
17 40
18 3
19 31
21 27
21 29
22 20
25 9
26 1
26 7
27 45
30 46
31 14
32 41
34 6
34 49
35 0
35 8
35 48
37 34
38 17
38 30
38 37
41 15
43 12
43 23
43 24
43 32
46 19
46 33
backbone tree 21, llh: -8555.238620
-1 35
0 38
3 13
3 21
3 42
6 10
6 11
6 39
7 22
8 23
10 26
10 36
10 44
11 2
11 16
11 18
11 25
13 28
13 43
15 4
17 40
18 3
19 31
21 27
21 29
22 20
25 5
25 9
26 1
26 7
27 45
30 46
31 14
32 41
34 6
34 49
35 0
35 8
35 48
37 34
38 17
38 30
38 37
41 15
43 12
43 24
43 32
46 19
46 33
backbone tree 22, llh: -8555.240065
-1 35
0 38
3 13
3 21
3 42
6 10
6 11
6 39
7 22
10 26
10 36
10 44
11 2
11 16
11 18
11 25
13 28
13 43
15 4
17 40
18 3
19 31
21 27
21 29
22 20
25 5
25 9
26 1
26 7
27 45
30 46
31 14
32 41
34 6
34 49
35 0
35 8
35 48
37 34
38 17
38 30
38 37
41 15
43 12
43 23
43 24
43 32
46 19
46 33
backbone tree 23, llh: -8555.263543
-1 35
0 38
3 13
3 21
3 42
6 10
6 11
6 39
7 22
8 23
10 26
10 36
10 44
11 2
11 16
11 18
11 25
13 28
13 43
15 4
17 40
18 3
19 31
21 27
21 29
22 20
25 9
26 1
26 7
27 45
30 46
31 14
32 5
32 41
34 6
34 49
35 0
35 8
35 48
37 34
38 17
38 30
38 37
41 15
43 12
43 24
43 32
46 19
46 33
backbone tree 24, llh: -8555.265079
-1 35
0 38
3 13
3 21
3 42
6 10
6 11
6 39
7 22
10 26
10 36
10 44
11 2
11 16
11 18
11 25
13 28
13 43
15 4
17 40
18 3
19 31
21 27
21 29
22 20
25 9
26 1
26 7
27 45
30 46
31 14
32 5
32 41
34 6
34 49
35 0
35 8
35 48
37 34
38 17
38 30
38 37
41 15
43 12
43 23
43 24
43 32
46 19
46 33
