# 46 backbone trees, 49 mutations
backbone tree 0, llh: -6504.905106
-1 0
0 15
0 20
0 28
0 45
1 26
1 31
2 33
2 38
3 16
4 12
5 35
5 40
6 37
7 6
8 49
10 13
10 42
13 7
13 17
15 10
15 22
15 27
15 34
15 39
17 21
19 11
21 18
22 14
23 48
26 19
26 41
27 5
27 23
27 46
28 47
32 9
34 29
38 3
38 30
38 43
41 24
43 36
44 1
44 32
45 4
45 8
46 2
46 44
backbone tree 1, llh: -6504.903689
-1 0
0 15
0 20
0 28
0 45
1 26
1 31
2 33
2 38
3 16
4 12
5 35
5 40
6 37
7 6
10 13
10 42
13 7
13 17
14 49
15 10
15 22
15 27
15 34
15 39
17 21
19 11
21 18
22 14
23 48
26 19
26 41
27 5
27 23
27 46
28 47
32 9
34 29
38 3
38 30
38 43
41 24
43 36
44 1
44 32
45 4
45 8
46 2
46 44
backbone tree 2, llh: -6504.893227
-1 0
0 15
0 20
0 28
0 45
1 26
1 31
2 33
2 38
3 16
4 12
5 35
5 40
6 37
7 6
10 13
10 42
13 7
13 17
15 10
15 22
15 27
15 34
15 39
17 21
19 11
21 18
22 14
23 48
24 49
26 19
26 41
27 5
27 23
27 46
28 47
32 9
34 29
38 3
38 30
38 43
41 24
43 36
44 1
44 32
45 4
45 8
46 2
46 44
backbone tree 3, llh: -6504.897396
-1 0
0 15
0 20
0 28
0 45
1 26
1 31
2 33
2 38
3 16
4 12
5 35
5 40
6 37
7 6
10 13
10 42
13 7
13 17
15 10
15 22
15 27
15 34
15 39
17 21
19 11
21 18
22 14
23 48
26 19
26 41
27 5
27 23
27 46
28 47
28 49
32 9
34 29
38 3
38 30
38 43
41 24
43 36
44 1
44 32
45 4
45 8
46 2
46 44
backbone tree 4, llh: -6504.930239
-1 0
0 15
0 20
0 28
0 45
1 26
1 31
2 33
2 38
3 16
4 12
5 35
5 40
6 37
7 6
10 13
10 42
13 7
13 17
15 10
15 22
15 27
15 34
15 39
17 21
19 11
21 18
22 14
24 49
26 19
26 41
27 5
27 23
27 46
28 47
32 9
34 29
38 3
38 30
38 43
39 48
41 24
43 36
44 1
44 32
45 4
45 8
46 2
46 44
backbone tree 5, llh: -6504.858613
-1 0
0 15
0 20
0 28
0 45
1 26
1 31
2 33
2 38
3 16
4 12
5 35
6 37
7 6
8 49
10 13
10 42
13 7
13 17
14 40
15 10
15 22
15 27
15 34
15 39
17 21
19 11
21 18
22 14
23 48
26 19
26 41
27 5
27 23
27 46
28 47
32 9
34 29
38 3
38 30
38 43
41 24
43 36
44 1
44 32
45 4
45 8
46 2
46 44
backbone tree 6, llh: -6504.932301
-1 0
0 15
0 20
0 28
0 45
1 26
1 31
2 33
2 38
3 16
4 12
5 35
6 37
7 6
10 13
10 42
13 7
13 17
14 40
15 10
15 22
15 27
15 34
15 39
17 21
18 49
19 11
21 18
22 14
23 48
26 19
26 41
27 5
27 23
27 46
28 47
32 9
34 29
38 3
38 30
38 43
41 24
43 36
44 1
44 32
45 4
45 8
46 2
46 44
backbone tree 7, llh: -6504.846734
-1 0
0 15
0 20
0 28
0 45
1 26
1 31
2 33
2 38
3 16
4 12
5 35
6 37
7 6
10 13
10 42
13 7
13 17
14 40
15 10
15 22
15 27
15 34
15 39
17 21
19 11
21 18
22 14
23 48
24 49
26 19
26 41
27 5
27 23
27 46
28 47
32 9
34 29
38 3
38 30
38 43
41 24
43 36
44 1
44 32
45 4
45 8
46 2
46 44
backbone tree 8, llh: -6504.850903
-1 0
0 15
0 20
0 28
0 45
1 26
1 31
2 33
2 38
3 16
4 12
5 35
6 37
7 6
10 13
10 42
13 7
13 17
14 40
15 10
15 22
15 27
15 34
15 39
17 21
19 11
21 18
22 14
23 48
26 19
26 41
27 5
27 23
27 46
28 47
28 49
32 9
34 29
38 3
38 30
38 43
41 24
43 36
44 1
44 32
45 4
45 8
46 2
46 44
backbone tree 9, llh: -6504.902989
-1 0
0 15
0 20
0 28
0 45
1 26
1 31
2 33
2 38
3 16
4 12
5 35
6 37
7 6
8 49
10 13
10 42
13 7
13 17
14 40
15 10
15 22
15 27
15 34
15 39
17 21
19 11
21 18
22 14
26 19
26 41
26 48
27 5
27 23
27 46
28 47
32 9
34 29
38 3
38 30
38 43
41 24
43 36
44 1
44 32
45 4
45 8
46 2
46 44
backbone tree 10, llh: -6504.891112
-1 0
0 15
0 20
0 28
0 45
1 26
1 31
2 33
2 38
3 16
4 12
5 35
6 37
7 6
10 13
10 42
13 7
13 17
14 40
15 10
15 22
15 27
15 34
15 39
17 21
19 11
21 18
22 14
24 49
26 19
26 41
26 48
27 5
27 23
27 46
28 47
32 9
34 29
38 3
38 30
38 43
41 24
43 36
44 1
44 32
45 4
45 8
46 2
46 44
backbone tree 11, llh: -6504.895280
-1 0
0 15
0 20
0 28
0 45
1 26
1 31
2 33
2 38
3 16
4 12
5 35
6 37
7 6
10 13
10 42
13 7
13 17
14 40
15 10
15 22
15 27
15 34
15 39
17 21
19 11
21 18
22 14
26 19
26 41
26 48
27 5
27 23
27 46
28 47
28 49
32 9
34 29
38 3
38 30
38 43
41 24
43 36
44 1
44 32
45 4
45 8
46 2
46 44
backbone tree 12, llh: -6504.895629
-1 0
0 15
0 20
0 28
0 45
1 26
1 31
2 33
2 38
3 16
4 12
5 35
6 37
7 6
8 49
10 13
10 42
13 7
13 17
14 40
15 10
15 22
15 27
15 34
15 39
17 21
19 11
21 18
22 14
26 19
26 41
27 5
27 23
27 46
28 47
32 9
34 29
38 3
38 30
38 43
39 48
41 24
43 36
44 1
44 32
45 4
45 8
46 2
46 44
backbone tree 13, llh: -6504.883750
-1 0
0 15
0 20
0 28
0 45
1 26
1 31
2 33
2 38
3 16
4 12
5 35
6 37
7 6
10 13
10 42
13 7
13 17
14 40
15 10
15 22
15 27
15 34
15 39
17 21
19 11
21 18
22 14
24 49
26 19
26 41
27 5
27 23
27 46
28 47
32 9
34 29
38 3
38 30
38 43
39 48
41 24
43 36
44 1
44 32
45 4
45 8
46 2
46 44
backbone tree 14, llh: -6504.887922
-1 0
0 15
0 20
0 28
0 45
1 26
1 31
2 33
2 38
3 16
4 12
5 35
6 37
7 6
10 13
10 42
13 7
13 17
14 40
15 10
15 22
15 27
15 34
15 39
17 21
19 11
21 18
22 14
26 19
26 41
27 5
27 23
27 46
28 47
28 49
32 9
34 29
38 3
38 30
38 43
39 48
41 24
43 36
44 1
44 32
45 4
45 8
46 2
46 44
backbone tree 15, llh: -6504.930957
-1 0
0 15
0 20
0 28
0 45
1 26
1 31
2 33
2 38
3 16
4 12
5 48
6 37
7 6
8 49
10 13
10 42
13 7
13 17
14 35
15 10
15 22
15 27
15 34
15 39
17 21
19 11
21 18
22 14
26 19
26 41
27 5
27 23
27 46
28 47
32 9
34 29
38 3
38 30
38 43
39 40
41 24
43 36
44 1
44 32
45 4
45 8
46 2
46 44
backbone tree 16, llh: -6504.919078
-1 0
0 15
0 20
0 28
0 45
1 26
1 31
2 33
2 38
3 16
4 12
5 48
6 37
7 6
10 13
10 42
13 7
13 17
14 35
15 10
15 22
15 27
15 34
15 39
17 21
19 11
21 18
22 14
24 49
26 19
26 41
27 5
27 23
27 46
28 47
32 9
34 29
38 3
38 30
38 43
39 40
41 24
43 36
44 1
44 32
45 4
45 8
46 2
46 44
backbone tree 17, llh: -6504.923248
-1 0
0 15
0 20
0 28
0 45
1 26
1 31
2 33
2 38
3 16
4 12
5 48
6 37
7 6
10 13
10 42
13 7
13 17
14 35
15 10
15 22
15 27
15 34
15 39
17 21
19 11
21 18
22 14
26 19
26 41
27 5
27 23
27 46
28 47
28 49
32 9
34 29
38 3
38 30
38 43
39 40
41 24
43 36
44 1
44 32
45 4
45 8
46 2
46 44
backbone tree 18, llh: -6504.839564
-1 0
0 15
0 20
0 28
0 45
1 26
1 31
2 33
2 38
3 16
4 12
5 35
6 37
7 6
8 49
10 13
10 42
13 7
13 17
15 10
15 22
15 27
15 34
15 39
17 21
19 11
21 18
22 14
23 48
26 19
26 41
27 5
27 23
27 46
28 47
32 9
34 29
38 3
38 30
38 43
39 40
41 24
43 36
44 1
44 32
45 4
45 8
46 2
46 44
backbone tree 19, llh: -6504.838147
-1 0
0 15
0 20
0 28
0 45
1 26
1 31
2 33
2 38
3 16
4 12
5 35
6 37
7 6
10 13
10 42
13 7
13 17
14 49
15 10
15 22
15 27
15 34
15 39
17 21
19 11
21 18
22 14
23 48
26 19
26 41
27 5
27 23
27 46
28 47
32 9
34 29
38 3
38 30
38 43
39 40
41 24
43 36
44 1
44 32
45 4
45 8
46 2
46 44
backbone tree 20, llh: -6504.913251
-1 0
0 15
0 20
0 28
0 45
1 26
1 31
2 33
2 38
3 16
4 12
5 35
6 37
7 6
10 13
10 42
13 7
13 17
15 10
15 22
15 27
15 34
15 39
17 21
18 49
19 11
21 18
22 14
23 48
26 19
26 41
27 5
27 23
27 46
28 47
32 9
34 29
38 3
38 30
38 43
39 40
41 24
43 36
44 1
44 32
45 4
45 8
46 2
46 44
backbone tree 21, llh: -6504.827685
-1 0
0 15
0 20
0 28
0 45
1 26
1 31
2 33
2 38
3 16
4 12
5 35
6 37
7 6
10 13
10 42
13 7
13 17
15 10
15 22
15 27
15 34
15 39
17 21
19 11
21 18
22 14
23 48
24 49
26 19
26 41
27 5
27 23
27 46
28 47
32 9
34 29
38 3
38 30
38 43
39 40
41 24
43 36
44 1
44 32
45 4
45 8
46 2
46 44
backbone tree 22, llh: -6504.831853
-1 0
0 15
0 20
0 28
0 45
1 26
1 31
2 33
2 38
3 16
4 12
5 35
6 37
7 6
10 13
10 42
13 7
13 17
15 10
15 22
15 27
15 34
15 39
17 21
19 11
21 18
22 14
23 48
26 19
26 41
27 5
27 23
27 46
28 47
28 49
32 9
34 29
38 3
38 30
38 43
39 40
41 24
43 36
44 1
44 32
45 4
45 8
46 2
46 44
backbone tree 23, llh: -6504.925056
-1 0
0 15
0 20
0 28
0 45
1 26
1 31
2 33
2 38
3 16
4 12
6 37
7 6
8 49
10 13
10 42
13 7
13 17
14 35
15 10
15 22
15 27
15 34
15 39
17 21
19 11
21 18
22 14
23 48
26 19
26 41
27 5
27 23
27 46
28 47
32 9
34 29
38 3
38 30
38 43
39 40
41 24
43 36
44 1
44 32
45 4
45 8
46 2
46 44
backbone tree 24, llh: -6504.913177
-1 0
0 15
0 20
0 28
0 45
1 26
1 31
2 33
2 38
3 16
4 12
6 37
7 6
10 13
10 42
13 7
13 17
14 35
15 10
15 22
15 27
15 34
15 39
17 21
19 11
21 18
22 14
23 48
24 49
26 19
26 41
27 5
27 23
27 46
28 47
32 9
34 29
38 3
38 30
38 43
39 40
41 24
43 36
44 1
44 32
45 4
45 8
46 2
46 44
backbone tree 25, llh: -6504.917347
-1 0
0 15
0 20
0 28
0 45
1 26
1 31
2 33
2 38
3 16
4 12
6 37
7 6
10 13
10 42
13 7
13 17
14 35
15 10
15 22
15 27
15 34
15 39
17 21
19 11
21 18
22 14
23 48
26 19
26 41
27 5
27 23
27 46
28 47
28 49
32 9
34 29
38 3
38 30
38 43
39 40
41 24
43 36
44 1
44 32
45 4
45 8
46 2
46 44
backbone tree 26, llh: -6504.883939
-1 0
0 15
0 20
0 28
0 45
1 26
1 31
2 33
2 38
3 16
4 12
5 35
6 37
7 6
8 49
10 13
10 42
13 7
13 17
15 10
15 22
15 27
15 34
15 39
17 21
19 11
21 18
22 14
26 19
26 41
26 48
27 5
27 23
27 46
28 47
32 9
34 29
38 3
38 30
38 43
39 40
41 24
43 36
44 1
44 32
45 4
45 8
46 2
46 44
backbone tree 27, llh: -6504.882522
-1 0
0 15
0 20
0 28
0 45
1 26
1 31
2 33
2 38
3 16
4 12
5 35
6 37
7 6
10 13
10 42
13 7
13 17
14 49
15 10
15 22
15 27
15 34
15 39
17 21
19 11
21 18
22 14
26 19
26 41
26 48
27 5
27 23
27 46
28 47
32 9
34 29
38 3
38 30
38 43
39 40
41 24
43 36
44 1
44 32
45 4
45 8
46 2
46 44
backbone tree 28, llh: -6504.872062
-1 0
0 15
0 20
0 28
0 45
1 26
1 31
2 33
2 38
3 16
4 12
5 35
6 37
7 6
10 13
10 42
13 7
13 17
15 10
15 22
15 27
15 34
15 39
17 21
19 11
21 18
22 14
24 49
26 19
26 41
26 48
27 5
27 23
27 46
28 47
32 9
34 29
38 3
38 30
38 43
39 40
41 24
43 36
44 1
44 32
45 4
45 8
46 2
46 44
backbone tree 29, llh: -6504.876230
-1 0
0 15
0 20
0 28
0 45
1 26
1 31
2 33
2 38
3 16
4 12
5 35
6 37
7 6
10 13
10 42
13 7
13 17
15 10
15 22
15 27
15 34
15 39
17 21
19 11
21 18
22 14
26 19
26 41
26 48
27 5
27 23
27 46
28 47
28 49
32 9
34 29
38 3
38 30
38 43
39 40
41 24
43 36
44 1
44 32
45 4
45 8
46 2
46 44
backbone tree 30, llh: -6504.877472
-1 0
0 15
0 20
0 28
0 45
1 26
1 31
2 33
2 38
3 16
4 12
5 35
6 37
7 6
8 49
10 13
10 42
13 7
13 17
15 10
15 22
15 27
15 34
15 39
17 21
19 11
21 18
22 14
26 19
26 41
27 5
27 23
27 46
28 47
32 9
34 29
38 3
38 30
38 43
39 40
39 48
41 24
43 36
44 1
44 32
45 4
45 8
46 2
46 44
backbone tree 31, llh: -6504.876056
-1 0
0 15
0 20
0 28
0 45
1 26
1 31
2 33
2 38
3 16
4 12
5 35
6 37
7 6
10 13
10 42
13 7
13 17
14 49
15 10
15 22
15 27
15 34
15 39
17 21
19 11
21 18
22 14
26 19
26 41
27 5
27 23
27 46
28 47
32 9
34 29
38 3
38 30
38 43
39 40
39 48
41 24
43 36
44 1
44 32
45 4
45 8
46 2
46 44
backbone tree 32, llh: -6504.865593
-1 0
0 15
0 20
0 28
0 45
1 26
1 31
2 33
2 38
3 16
4 12
5 35
6 37
7 6
10 13
10 42
13 7
13 17
15 10
15 22
15 27
15 34
15 39
17 21
19 11
21 18
22 14
24 49
26 19
26 41
27 5
27 23
27 46
28 47
32 9
34 29
38 3
38 30
38 43
39 40
39 48
41 24
43 36
44 1
44 32
45 4
45 8
46 2
46 44
backbone tree 33, llh: -6504.869765
-1 0
0 15
0 20
0 28
0 45
1 26
1 31
2 33
2 38
3 16
4 12
5 35
6 37
7 6
10 13
10 42
13 7
13 17
15 10
15 22
15 27
15 34
15 39
17 21
19 11
21 18
22 14
26 19
26 41
27 5
27 23
27 46
28 47
28 49
32 9
34 29
38 3
38 30
38 43
39 40
39 48
41 24
43 36
44 1
44 32
45 4
45 8
46 2
46 44
backbone tree 34, llh: -6504.876689
-1 0
0 15
0 20
0 28
0 45
1 26
1 31
2 33
2 38
3 16
4 12
5 35
6 37
7 6
8 49
10 13
10 42
13 7
13 17
15 10
15 22
15 27
15 34
15 39
17 21
19 11
21 18
22 14
23 48
26 19
26 41
27 5
27 23
27 46
28 47
32 9
34 29
38 3
38 30
38 43
41 24
42 40
43 36
44 1
44 32
45 4
45 8
46 2
46 44
backbone tree 35, llh: -6504.875272
-1 0
0 15
0 20
0 28
0 45
1 26
1 31
2 33
2 38
3 16
4 12
5 35
6 37
7 6
10 13
10 42
13 7
13 17
14 49
15 10
15 22
15 27
15 34
15 39
17 21
19 11
21 18
22 14
23 48
26 19
26 41
27 5
27 23
27 46
28 47
32 9
34 29
38 3
38 30
38 43
41 24
42 40
43 36
44 1
44 32
45 4
45 8
46 2
46 44
backbone tree 36, llh: -6504.864810
-1 0
0 15
0 20
0 28
0 45
1 26
1 31
2 33
2 38
3 16
4 12
5 35
6 37
7 6
10 13
10 42
13 7
13 17
15 10
15 22
15 27
15 34
15 39
17 21
19 11
21 18
22 14
23 48
24 49
26 19
26 41
27 5
27 23
27 46
28 47
32 9
34 29
38 3
38 30
38 43
41 24
42 40
43 36
44 1
44 32
45 4
45 8
46 2
46 44
backbone tree 37, llh: -6504.868978
-1 0
0 15
0 20
0 28
0 45
1 26
1 31
2 33
2 38
3 16
4 12
5 35
6 37
7 6
10 13
10 42
13 7
13 17
15 10
15 22
15 27
15 34
15 39
17 21
19 11
21 18
22 14
23 48
26 19
26 41
27 5
27 23
27 46
28 47
28 49
32 9
34 29
38 3
38 30
38 43
41 24
42 40
43 36
44 1
44 32
45 4
45 8
46 2
46 44
backbone tree 38, llh: -6504.921064
-1 0
0 15
0 20
0 28
0 45
1 26
1 31
2 33
2 38
3 16
4 12
5 35
6 37
7 6
8 49
10 13
10 42
13 7
13 17
15 10
15 22
15 27
15 34
15 39
17 21
19 11
21 18
22 14
26 19
26 41
26 48
27 5
27 23
27 46
28 47
32 9
34 29
38 3
38 30
38 43
41 24
42 40
43 36
44 1
44 32
45 4
45 8
46 2
46 44
backbone tree 39, llh: -6504.919647
-1 0
0 15
0 20
0 28
0 45
1 26
1 31
2 33
2 38
3 16
4 12
5 35
6 37
7 6
10 13
10 42
13 7
13 17
14 49
15 10
15 22
15 27
15 34
15 39
17 21
19 11
21 18
22 14
26 19
26 41
26 48
27 5
27 23
27 46
28 47
32 9
34 29
38 3
38 30
38 43
41 24
42 40
43 36
44 1
44 32
45 4
45 8
46 2
46 44
backbone tree 40, llh: -6504.909187
-1 0
0 15
0 20
0 28
0 45
1 26
1 31
2 33
2 38
3 16
4 12
5 35
6 37
7 6
10 13
10 42
13 7
13 17
15 10
15 22
15 27
15 34
15 39
17 21
19 11
21 18
22 14
24 49
26 19
26 41
26 48
27 5
27 23
27 46
28 47
32 9
34 29
38 3
38 30
38 43
41 24
42 40
43 36
44 1
44 32
45 4
45 8
46 2
46 44
backbone tree 41, llh: -6504.913355
-1 0
0 15
0 20
0 28
0 45
1 26
1 31
2 33
2 38
3 16
4 12
5 35
6 37
7 6
10 13
10 42
13 7
13 17
15 10
15 22
15 27
15 34
15 39
17 21
19 11
21 18
22 14
26 19
26 41
26 48
27 5
27 23
27 46
28 47
28 49
32 9
34 29
38 3
38 30
38 43
41 24
42 40
43 36
44 1
44 32
45 4
45 8
46 2
46 44
backbone tree 42, llh: -6504.913703
-1 0
0 15
0 20
0 28
0 45
1 26
1 31
2 33
2 38
3 16
4 12
5 35
6 37
7 6
8 49
10 13
10 42
13 7
13 17
15 10
15 22
15 27
15 34
15 39
17 21
19 11
21 18
22 14
26 19
26 41
27 5
27 23
27 46
28 47
32 9
34 29
38 3
38 30
38 43
39 48
41 24
42 40
43 36
44 1
44 32
45 4
45 8
46 2
46 44
backbone tree 43, llh: -6504.912287
-1 0
0 15
0 20
0 28
0 45
1 26
1 31
2 33
2 38
3 16
4 12
5 35
6 37
7 6
10 13
10 42
13 7
13 17
14 49
15 10
15 22
15 27
15 34
15 39
17 21
19 11
21 18
22 14
26 19
26 41
27 5
27 23
27 46
28 47
32 9
34 29
38 3
38 30
38 43
39 48
41 24
42 40
43 36
44 1
44 32
45 4
45 8
46 2
46 44
backbone tree 44, llh: -6504.901824
-1 0
0 15
0 20
0 28
0 45
1 26
1 31
2 33
2 38
3 16
4 12
5 35
6 37
7 6
10 13
10 42
13 7
13 17
15 10
15 22
15 27
15 34
15 39
17 21
19 11
21 18
22 14
24 49
26 19
26 41
27 5
27 23
27 46
28 47
32 9
34 29
38 3
38 30
38 43
39 48
41 24
42 40
43 36
44 1
44 32
45 4
45 8
46 2
46 44
backbone tree 45, llh: -6504.905997
-1 0
0 15
0 20
0 28
0 45
1 26
1 31
2 33
2 38
3 16
4 12
5 35
6 37
7 6
10 13
10 42
13 7
13 17
15 10
15 22
15 27
15 34
15 39
17 21
19 11
21 18
22 14
26 19
26 41
27 5
27 23
27 46
28 47
28 49
32 9
34 29
38 3
38 30
38 43
39 48
41 24
42 40
43 36
44 1
44 32
45 4
45 8
46 2
46 44
