# 7 backbone trees, 41 mutations
backbone tree 0, llh: -6019.129597
-1 0
0 12
0 16
0 20
1 11
2 27
4 36
4 38
5 13
7 40
8 19
8 37
9 35
12 6
12 25
13 7
14 49
15 9
16 1
16 18
16 39
18 14
18 31
18 46
20 30
22 17
22 26
27 15
27 44
30 29
30 33
31 3
31 42
36 34
36 47
38 22
38 41
39 4
39 8
41 2
42 5
backbone tree 1, llh: -6019.100764
-1 0
0 12
0 16
0 20
1 11
2 27
4 36
4 38
5 13
7 40
8 19
8 37
9 35
12 6
12 25
13 7
14 49
15 9
16 1
16 18
16 39
18 14
18 31
18 46
20 30
22 17
22 26
27 15
27 44
30 29
31 3
31 42
34 33
36 34
36 47
38 22
38 41
39 4
39 8
41 2
42 5
backbone tree 2, llh: -6019.147312
-1 0
0 12
0 16
0 20
1 11
2 27
4 36
4 38
5 13
7 40
8 19
8 37
9 35
12 6
12 25
13 7
14 49
15 9
16 1
16 18
16 39
18 14
18 31
18 46
20 30
22 17
22 26
27 15
27 44
30 29
30 33
31 42
36 34
36 47
38 22
38 41
39 4
39 8
41 2
42 5
46 3
backbone tree 3, llh: -6019.118480
-1 0
0 12
0 16
0 20
1 11
2 27
4 36
4 38
5 13
7 40
8 19
8 37
9 35
12 6
12 25
13 7
14 49
15 9
16 1
16 18
16 39
18 14
18 31
18 46
20 30
22 17
22 26
27 15
27 44
30 29
31 42
34 33
36 34
36 47
38 22
38 41
39 4
39 8
41 2
42 5
46 3
backbone tree 4, llh: -6019.183933
-1 0
0 12
0 16
0 20
1 11
2 27
4 36
4 38
5 13
7 40
8 19
8 37
9 35
12 6
12 25
13 7
15 9
16 1
16 18
16 39
18 14
18 31
18 33
18 46
20 30
22 17
22 26
27 15
27 44
30 29
30 49
31 3
31 42
36 34
36 47
38 22
38 41
39 4
39 8
41 2
42 5
backbone tree 5, llh: -6019.089092
-1 0
0 12
0 16
0 20
1 11
2 27
4 36
4 38
5 13
7 40
8 19
8 37
9 35
12 6
12 25
13 7
15 9
16 1
16 18
16 39
18 14
18 31
18 46
20 30
22 17
22 26
27 15
27 44
30 29
30 49
31 3
31 42
34 33
36 34
36 47
38 22
38 41
39 4
39 8
41 2
42 5
backbone tree 6, llh: -6019.106805
-1 0
0 12
0 16
0 20
1 11
2 27
4 36
4 38
5 13
7 40
8 19
8 37
9 35
12 6
12 25
13 7
15 9
16 1
16 18
16 39
18 14
18 31
18 46
20 30
22 17
22 26
27 15
27 44
30 29
30 49
31 42
34 33
36 34
36 47
38 22
38 41
39 4
39 8
41 2
42 5
46 3
