# 44 backbone trees, 46 mutations
backbone tree 0, llh: -8374.330761
-1 0
0 18
0 23
0 30
0 33
1 8
2 1
2 48
5 40
6 32
6 38
7 20
7 45
10 3
10 9
11 39
12 10
12 37
15 22
18 2
18 24
18 43
19 21
19 26
19 35
20 27
21 29
21 31
22 6
24 7
24 11
25 4
25 42
26 44
28 13
32 28
32 41
34 25
35 5
38 14
38 19
39 46
40 12
45 15
45 34
46 16
backbone tree 1, llh: -8374.311224
-1 0
0 18
0 23
0 30
0 33
1 8
2 1
2 48
5 40
6 32
6 38
7 20
7 45
10 3
10 9
11 39
12 10
12 37
15 22
18 2
18 24
18 43
19 21
19 26
19 35
20 27
21 29
21 31
22 6
24 7
24 11
25 42
26 44
28 13
32 28
32 41
34 25
35 5
37 4
38 14
38 19
39 46
40 12
45 15
45 34
46 16
backbone tree 2, llh: -8374.345105
-1 0
0 18
0 23
0 30
0 33
2 1
2 48
5 40
6 32
6 38
7 20
7 45
10 3
10 9
11 39
12 10
12 37
15 22
18 2
18 24
18 43
19 21
19 26
19 35
20 27
21 29
21 31
22 6
24 7
24 11
25 8
25 42
26 44
28 13
32 28
32 41
34 25
35 5
37 4
38 14
38 19
39 46
40 12
45 15
45 34
46 16
backbone tree 3, llh: -8374.322756
-1 0
0 18
0 23
0 30
0 33
1 8
2 1
2 48
5 40
6 32
6 38
7 20
7 45
10 3
10 9
11 39
12 10
12 37
15 22
18 2
18 24
18 43
19 21
19 26
19 35
21 29
21 31
22 6
24 7
24 11
25 4
25 42
26 44
28 13
32 27
32 28
32 41
34 25
35 5
38 14
38 19
39 46
40 12
45 15
45 34
46 16
backbone tree 4, llh: -8374.303219
-1 0
0 18
0 23
0 30
0 33
1 8
2 1
2 48
5 40
6 32
6 38
7 20
7 45
10 3
10 9
11 39
12 10
12 37
15 22
18 2
18 24
18 43
19 21
19 26
19 35
21 29
21 31
22 6
24 7
24 11
25 42
26 44
28 13
32 27
32 28
32 41
34 25
35 5
37 4
38 14
38 19
39 46
40 12
45 15
45 34
46 16
backbone tree 5, llh: -8374.337100
-1 0
0 18
0 23
0 30
0 33
2 1
2 48
5 40
6 32
6 38
7 20
7 45
10 3
10 9
11 39
12 10
12 37
15 22
18 2
18 24
18 43
19 21
19 26
19 35
21 29
21 31
22 6
24 7
24 11
25 8
25 42
26 44
28 13
32 27
32 28
32 41
34 25
35 5
37 4
38 14
38 19
39 46
40 12
45 15
45 34
46 16
backbone tree 6, llh: -8374.330647
-1 0
0 18
0 23
0 30
0 33
1 8
2 1
2 48
5 40
6 32
6 38
7 20
7 45
10 3
10 9
11 39
12 10
12 37
15 22
18 2
18 24
18 43
19 21
19 26
19 35
20 27
21 29
21 31
22 6
24 7
24 11
25 4
25 42
26 44
28 13
32 28
34 25
35 5
38 14
38 19
39 41
39 46
40 12
45 15
45 34
46 16
backbone tree 7, llh: -8374.311110
-1 0
0 18
0 23
0 30
0 33
1 8
2 1
2 48
5 40
6 32
6 38
7 20
7 45
10 3
10 9
11 39
12 10
12 37
15 22
18 2
18 24
18 43
19 21
19 26
19 35
20 27
21 29
21 31
22 6
24 7
24 11
25 42
26 44
28 13
32 28
34 25
35 5
37 4
38 14
38 19
39 41
39 46
40 12
45 15
45 34
46 16
backbone tree 8, llh: -8374.344991
-1 0
0 18
0 23
0 30
0 33
2 1
2 48
5 40
6 32
6 38
7 20
7 45
10 3
10 9
11 39
12 10
12 37
15 22
18 2
18 24
18 43
19 21
19 26
19 35
20 27
21 29
21 31
22 6
24 7
24 11
25 8
25 42
26 44
28 13
32 28
34 25
35 5
37 4
38 14
38 19
39 41
39 46
40 12
45 15
45 34
46 16
backbone tree 9, llh: -8374.322473
-1 0
0 18
0 23
0 30
0 33
1 8
2 1
2 48
5 40
6 32
6 38
7 20
7 45
10 3
10 9
11 39
12 10
12 37
15 22
18 2
18 24
18 43
19 21
19 26
19 35
21 29
21 31
22 6
24 7
24 11
25 4
25 42
26 44
28 13
32 27
32 28
34 25
35 5
38 14
38 19
39 41
39 46
40 12
45 15
45 34
46 16
backbone tree 10, llh: -8374.302937
-1 0
0 18
0 23
0 30
0 33
1 8
2 1
2 48
5 40
6 32
6 38
7 20
7 45
10 3
10 9
11 39
12 10
12 37
15 22
18 2
18 24
18 43
19 21
19 26
19 35
21 29
21 31
22 6
24 7
24 11
25 42
26 44
28 13
32 27
32 28
34 25
35 5
37 4
38 14
38 19
39 41
39 46
40 12
45 15
45 34
46 16
backbone tree 11, llh: -8374.336817
-1 0
0 18
0 23
0 30
0 33
2 1
2 48
5 40
6 32
6 38
7 20
7 45
10 3
10 9
11 39
12 10
12 37
15 22
18 2
18 24
18 43
19 21
19 26
19 35
21 29
21 31
22 6
24 7
24 11
25 8
25 42
26 44
28 13
32 27
32 28
34 25
35 5
37 4
38 14
38 19
39 41
39 46
40 12
45 15
45 34
46 16
backbone tree 12, llh: -8374.389004
-1 0
0 18
0 23
0 30
0 33
1 8
2 1
2 48
5 40
6 14
6 32
6 38
7 20
7 45
10 9
11 39
12 10
12 37
15 22
18 2
18 24
18 43
19 21
19 26
19 35
20 27
21 29
21 31
22 6
24 7
24 11
25 3
25 42
26 44
28 13
32 28
32 41
34 25
35 5
37 4
38 19
39 46
40 12
45 15
45 34
46 16
backbone tree 13, llh: -8374.381050
-1 0
0 18
0 23
0 30
0 33
1 8
2 1
2 48
5 40
6 14
6 32
6 38
7 20
7 45
10 9
11 39
12 10
12 37
15 22
18 2
18 24
18 43
19 21
19 26
19 35
21 29
21 31
22 6
24 7
24 11
25 3
25 42
26 44
28 13
32 27
32 28
32 41
34 25
35 5
37 4
38 19
39 46
40 12
45 15
45 34
46 16
backbone tree 14, llh: -8374.388842
-1 0
0 18
0 23
0 30
0 33
1 8
2 1
2 48
5 40
6 14
6 32
6 38
7 20
7 45
10 9
11 39
12 10
12 37
15 22
18 2
18 24
18 43
19 21
19 26
19 35
20 27
21 29
21 31
22 6
24 7
24 11
25 3
25 42
26 44
28 13
32 28
34 25
35 5
37 4
38 19
39 41
39 46
40 12
45 15
45 34
46 16
backbone tree 15, llh: -8374.380720
-1 0
0 18
0 23
0 30
0 33
1 8
2 1
2 48
5 40
6 14
6 32
6 38
7 20
7 45
10 9
11 39
12 10
12 37
15 22
18 2
18 24
18 43
19 21
19 26
19 35
21 29
21 31
22 6
24 7
24 11
25 3
25 42
26 44
28 13
32 27
32 28
34 25
35 5
37 4
38 19
39 41
39 46
40 12
45 15
45 34
46 16
backbone tree 16, llh: -8374.394670
-1 0
0 18
0 23
0 30
0 33
0 41
1 8
2 1
2 48
5 40
6 32
6 38
7 20
7 45
10 9
11 39
12 10
12 37
15 22
18 2
18 24
18 43
19 21
19 26
19 35
20 27
21 29
21 31
22 6
24 7
24 11
25 3
25 42
26 44
28 13
32 28
34 25
35 5
37 4
38 14
38 19
39 46
40 12
45 15
45 34
46 16
backbone tree 17, llh: -8374.386497
-1 0
0 18
0 23
0 30
0 33
0 41
1 8
2 1
2 48
5 40
6 32
6 38
7 20
7 45
10 9
11 39
12 10
12 37
15 22
18 2
18 24
18 43
19 21
19 26
19 35
21 29
21 31
22 6
24 7
24 11
25 3
25 42
26 44
28 13
32 27
32 28
34 25
35 5
37 4
38 14
38 19
39 46
40 12
45 15
45 34
46 16
backbone tree 18, llh: -8374.396635
-1 0
0 18
0 23
0 30
0 33
1 8
2 1
2 48
3 42
5 40
6 32
6 38
7 20
7 45
10 9
11 39
12 10
12 37
15 22
18 2
18 24
18 43
19 21
19 26
19 35
20 27
21 29
21 31
22 6
24 7
24 11
25 3
25 4
26 44
28 13
32 28
32 41
34 25
35 5
38 14
38 19
39 46
40 12
45 15
45 34
46 16
backbone tree 19, llh: -8374.330339
-1 0
0 18
0 23
0 30
0 33
1 8
2 1
2 48
3 42
5 40
6 32
6 38
7 20
7 45
10 9
11 39
12 10
12 37
15 22
18 2
18 24
18 43
19 21
19 26
19 35
20 27
21 29
21 31
22 6
24 7
24 11
25 3
26 44
28 13
32 28
32 41
34 25
35 5
37 4
38 14
38 19
39 46
40 12
45 15
45 34
46 16
backbone tree 20, llh: -8374.388630
-1 0
0 18
0 23
0 30
0 33
1 8
2 1
2 48
3 42
5 40
6 32
6 38
7 20
7 45
10 9
11 39
12 10
12 37
15 22
18 2
18 24
18 43
19 21
19 26
19 35
21 29
21 31
22 6
24 7
24 11
25 3
25 4
26 44
28 13
32 27
32 28
32 41
34 25
35 5
38 14
38 19
39 46
40 12
45 15
45 34
46 16
backbone tree 21, llh: -8374.322334
-1 0
0 18
0 23
0 30
0 33
1 8
2 1
2 48
3 42
5 40
6 32
6 38
7 20
7 45
10 9
11 39
12 10
12 37
15 22
18 2
18 24
18 43
19 21
19 26
19 35
21 29
21 31
22 6
24 7
24 11
25 3
26 44
28 13
32 27
32 28
32 41
34 25
35 5
37 4
38 14
38 19
39 46
40 12
45 15
45 34
46 16
backbone tree 22, llh: -8374.390056
-1 0
0 18
0 23
0 30
0 33
2 1
2 48
3 42
5 40
6 32
6 38
7 20
7 45
10 9
11 39
12 10
12 37
15 22
18 2
18 24
18 43
19 21
19 26
19 35
21 29
21 31
22 6
24 7
24 11
25 3
25 8
26 44
28 13
32 27
32 28
32 41
34 25
35 5
37 4
38 14
38 19
39 46
40 12
45 15
45 34
46 16
backbone tree 23, llh: -8374.299779
-1 0
0 18
0 23
0 30
0 33
1 8
2 1
2 48
5 40
6 32
6 38
7 20
7 45
10 9
11 39
12 10
12 37
15 22
18 2
18 24
18 43
19 21
19 26
19 35
20 27
21 29
21 31
22 6
24 7
24 11
25 3
25 42
26 44
28 13
32 28
32 41
34 25
35 5
37 4
38 14
38 19
39 46
40 12
45 15
45 34
46 16
backbone tree 24, llh: -8374.291774
-1 0
0 18
0 23
0 30
0 33
1 8
2 1
2 48
5 40
6 32
6 38
7 20
7 45
10 9
11 39
12 10
12 37
15 22
18 2
18 24
18 43
19 21
19 26
19 35
21 29
21 31
22 6
24 7
24 11
25 3
25 42
26 44
28 13
32 27
32 28
32 41
34 25
35 5
37 4
38 14
38 19
39 46
40 12
45 15
45 34
46 16
backbone tree 25, llh: -8374.392174
-1 0
0 18
0 23
0 33
1 8
2 1
2 48
5 40
6 32
6 38
7 20
7 45
10 9
11 39
12 10
12 37
15 22
18 2
18 24
18 43
19 21
19 26
19 35
21 29
21 31
22 6
22 30
24 7
24 11
25 3
25 42
26 44
28 13
32 27
32 28
32 41
34 25
35 5
37 4
38 14
38 19
39 46
40 12
45 15
45 34
46 16
backbone tree 26, llh: -8374.396521
-1 0
0 18
0 23
0 30
0 33
1 8
2 1
2 48
3 42
5 40
6 32
6 38
7 20
7 45
10 9
11 39
12 10
12 37
15 22
18 2
18 24
18 43
19 21
19 26
19 35
20 27
21 29
21 31
22 6
24 7
24 11
25 3
25 4
26 44
28 13
32 28
34 25
35 5
38 14
38 19
39 41
39 46
40 12
45 15
45 34
46 16
backbone tree 27, llh: -8374.330225
-1 0
0 18
0 23
0 30
0 33
1 8
2 1
2 48
3 42
5 40
6 32
6 38
7 20
7 45
10 9
11 39
12 10
12 37
15 22
18 2
18 24
18 43
19 21
19 26
19 35
20 27
21 29
21 31
22 6
24 7
24 11
25 3
26 44
28 13
32 28
34 25
35 5
37 4
38 14
38 19
39 41
39 46
40 12
45 15
45 34
46 16
backbone tree 28, llh: -8374.388347
-1 0
0 18
0 23
0 30
0 33
1 8
2 1
2 48
3 42
5 40
6 32
6 38
7 20
7 45
10 9
11 39
12 10
12 37
15 22
18 2
18 24
18 43
19 21
19 26
19 35
21 29
21 31
22 6
24 7
24 11
25 3
25 4
26 44
28 13
32 27
32 28
34 25
35 5
38 14
38 19
39 41
39 46
40 12
45 15
45 34
46 16
backbone tree 29, llh: -8374.322052
-1 0
0 18
0 23
0 30
0 33
1 8
2 1
2 48
3 42
5 40
6 32
6 38
7 20
7 45
10 9
11 39
12 10
12 37
15 22
18 2
18 24
18 43
19 21
19 26
19 35
21 29
21 31
22 6
24 7
24 11
25 3
26 44
28 13
32 27
32 28
34 25
35 5
37 4
38 14
38 19
39 41
39 46
40 12
45 15
45 34
46 16
backbone tree 30, llh: -8374.389773
-1 0
0 18
0 23
0 30
0 33
2 1
2 48
3 42
5 40
6 32
6 38
7 20
7 45
10 9
11 39
12 10
12 37
15 22
18 2
18 24
18 43
19 21
19 26
19 35
21 29
21 31
22 6
24 7
24 11
25 3
25 8
26 44
28 13
32 27
32 28
34 25
35 5
37 4
38 14
38 19
39 41
39 46
40 12
45 15
45 34
46 16
backbone tree 31, llh: -8374.299665
-1 0
0 18
0 23
0 30
0 33
1 8
2 1
2 48
5 40
6 32
6 38
7 20
7 45
10 9
11 39
12 10
12 37
15 22
18 2
18 24
18 43
19 21
19 26
19 35
20 27
21 29
21 31
22 6
24 7
24 11
25 3
25 42
26 44
28 13
32 28
34 25
35 5
37 4
38 14
38 19
39 41
39 46
40 12
45 15
45 34
46 16
backbone tree 32, llh: -8374.291491
-1 0
0 18
0 23
0 30
0 33
1 8
2 1
2 48
5 40
6 32
6 38
7 20
7 45
10 9
11 39
12 10
12 37
15 22
18 2
18 24
18 43
19 21
19 26
19 35
21 29
21 31
22 6
24 7
24 11
25 3
25 42
26 44
28 13
32 27
32 28
34 25
35 5
37 4
38 14
38 19
39 41
39 46
40 12
45 15
45 34
46 16
backbone tree 33, llh: -8374.391884
-1 0
0 18
0 23
0 33
1 8
2 1
2 48
5 40
6 32
6 38
7 20
7 45
10 9
11 39
12 10
12 37
15 22
18 2
18 24
18 43
19 21
19 26
19 35
21 29
21 31
22 6
22 30
24 7
24 11
25 3
25 42
26 44
28 13
32 27
32 28
34 25
35 5
37 4
38 14
38 19
39 41
39 46
40 12
45 15
45 34
46 16
backbone tree 34, llh: -8374.372462
-1 0
0 18
0 23
0 30
0 33
1 8
2 1
2 48
5 40
6 32
6 38
7 27
7 45
10 9
11 39
12 10
12 37
15 22
18 2
18 24
18 43
19 21
19 26
19 35
21 29
21 31
22 6
24 7
24 11
24 20
25 3
25 42
26 44
28 13
32 28
32 41
34 25
35 5
37 4
38 14
38 19
39 46
40 12
45 15
45 34
46 16
backbone tree 35, llh: -8374.385073
-1 0
0 18
0 23
0 30
0 33
1 8
2 1
2 48
5 40
6 32
6 38
7 4
7 45
10 9
11 39
12 10
12 37
15 22
18 2
18 24
18 43
19 21
19 26
19 35
20 27
21 29
21 31
22 6
24 7
24 11
24 20
25 3
25 42
26 44
28 13
32 28
32 41
34 25
35 5
38 14
38 19
39 46
40 12
45 15
45 34
46 16
backbone tree 36, llh: -8374.374384
-1 0
0 18
0 23
0 30
0 33
1 8
2 1
2 48
5 40
6 32
6 38
7 45
10 9
11 39
12 10
12 37
15 22
18 2
18 24
18 43
19 21
19 26
19 35
20 27
21 29
21 31
22 6
24 7
24 11
24 20
25 3
25 42
26 44
28 13
32 28
32 41
34 25
35 5
37 4
38 14
38 19
39 46
40 12
45 15
45 34
46 16
backbone tree 37, llh: -8374.377098
-1 0
0 18
0 23
0 30
0 33
1 8
2 1
2 48
5 40
6 32
6 38
7 4
7 45
10 9
11 39
12 10
12 37
15 22
18 2
18 24
18 43
19 21
19 26
19 35
21 29
21 31
22 6
24 7
24 11
24 20
25 3
25 42
26 44
28 13
32 27
32 28
32 41
34 25
35 5
38 14
38 19
39 46
40 12
45 15
45 34
46 16
backbone tree 38, llh: -8374.366409
-1 0
0 18
0 23
0 30
0 33
1 8
2 1
2 48
5 40
6 32
6 38
7 45
10 9
11 39
12 10
12 37
15 22
18 2
18 24
18 43
19 21
19 26
19 35
21 29
21 31
22 6
24 7
24 11
24 20
25 3
25 42
26 44
28 13
32 27
32 28
32 41
34 25
35 5
37 4
38 14
38 19
39 46
40 12
45 15
45 34
46 16
backbone tree 39, llh: -8374.372386
-1 0
0 18
0 23
0 30
0 33
1 8
2 1
2 48
5 40
6 32
6 38
7 27
7 45
10 9
11 39
12 10
12 37
15 22
18 2
18 24
18 43
19 21
19 26
19 35
21 29
21 31
22 6
24 7
24 11
24 20
25 3
25 42
26 44
28 13
32 28
34 25
35 5
37 4
38 14
38 19
39 41
39 46
40 12
45 15
45 34
46 16
backbone tree 40, llh: -8374.384997
-1 0
0 18
0 23
0 30
0 33
1 8
2 1
2 48
5 40
6 32
6 38
7 4
7 45
10 9
11 39
12 10
12 37
15 22
18 2
18 24
18 43
19 21
19 26
19 35
20 27
21 29
21 31
22 6
24 7
24 11
24 20
25 3
25 42
26 44
28 13
32 28
34 25
35 5
38 14
38 19
39 41
39 46
40 12
45 15
45 34
46 16
backbone tree 41, llh: -8374.374308
-1 0
0 18
0 23
0 30
0 33
1 8
2 1
2 48
5 40
6 32
6 38
7 45
10 9
11 39
12 10
12 37
15 22
18 2
18 24
18 43
19 21
19 26
19 35
20 27
21 29
21 31
22 6
24 7
24 11
24 20
25 3
25 42
26 44
28 13
32 28
34 25
35 5
37 4
38 14
38 19
39 41
39 46
40 12
45 15
45 34
46 16
backbone tree 42, llh: -8374.376853
-1 0
0 18
0 23
0 30
0 33
1 8
2 1
2 48
5 40
6 32
6 38
7 4
7 45
10 9
11 39
12 10
12 37
15 22
18 2
18 24
18 43
19 21
19 26
19 35
21 29
21 31
22 6
24 7
24 11
24 20
25 3
25 42
26 44
28 13
32 27
32 28
34 25
35 5
38 14
38 19
39 41
39 46
40 12
45 15
45 34
46 16
backbone tree 43, llh: -8374.366164
-1 0
0 18
0 23
0 30
0 33
1 8
2 1
2 48
5 40
6 32
6 38
7 45
10 9
11 39
12 10
12 37
15 22
18 2
18 24
18 43
19 21
19 26
19 35
21 29
21 31
22 6
24 7
24 11
24 20
25 3
25 42
26 44
28 13
32 27
32 28
34 25
35 5
37 4
38 14
38 19
39 41
39 46
40 12
45 15
45 34
46 16
