# 5 backbone trees, 26 mutations
backbone tree 0, llh: -7533.563199
-1 35
0 38
3 13
3 21
6 10
6 11
7 22
10 26
11 16
11 18
11 25
13 43
18 3
22 20
25 17
26 7
30 46
32 41
34 6
34 49
35 0
37 34
38 30
38 37
43 32
46 19
backbone tree 1, llh: -7533.584509
-1 35
0 38
3 13
3 21
6 10
6 11
6 49
7 22
10 26
11 16
11 18
11 25
13 43
18 3
22 20
26 7
30 46
32 41
34 6
35 0
37 34
38 17
38 30
38 37
43 32
46 19
backbone tree 2, llh: -7533.574555
-1 35
0 38
3 13
3 21
6 10
6 11
7 22
10 26
11 16
11 18
11 25
13 43
18 3
22 20
26 7
30 46
32 41
34 6
34 49
35 0
37 34
38 17
38 30
38 37
43 32
46 19
backbone tree 3, llh: -7533.528460
-1 35
0 38
3 13
3 21
6 10
6 11
6 49
7 22
10 26
11 16
11 18
11 25
13 43
18 3
22 20
26 7
30 46
32 41
34 6
35 0
37 34
38 30
38 37
43 17
43 32
46 19
backbone tree 4, llh: -7533.491286
-1 35
0 38
3 13
3 21
6 10
6 11
7 22
10 26
11 16
11 18
11 25
13 43
18 3
22 20
26 7
30 46
32 41
34 6
34 49
35 0
37 34
38 30
38 37
43 17
43 32
46 19
