# 13 backbone trees, 45 mutations
backbone tree 0, llh: -9367.466205
-1 0
0 37
2 14
2 19
4 39
4 49
5 1
5 11
5 40
8 33
10 36
10 45
11 44
13 42
14 23
14 26
14 46
15 8
16 2
16 9
19 21
20 38
20 41
21 28
22 25
22 30
25 7
25 15
26 27
27 20
27 48
28 4
28 43
31 13
33 12
37 10
38 47
40 22
42 6
43 5
43 31
44 32
45 3
45 16
45 35
backbone tree 1, llh: -9367.458318
-1 0
0 37
2 14
2 19
4 39
4 49
5 1
5 11
5 40
8 33
10 36
10 45
11 44
13 42
14 23
14 26
14 46
15 8
16 2
16 9
19 21
20 38
20 41
21 28
22 25
22 30
25 15
26 27
27 20
27 48
28 4
28 43
31 13
33 12
37 10
38 47
40 22
42 6
42 7
43 5
43 31
44 32
45 3
45 16
45 35
backbone tree 2, llh: -9367.487994
-1 0
0 37
2 14
2 19
4 39
4 49
5 1
5 11
5 40
8 33
10 36
10 45
11 44
13 42
14 23
14 26
14 46
15 8
16 2
16 9
19 21
20 38
20 41
21 28
22 25
22 30
25 15
26 27
27 20
27 48
28 4
28 43
31 13
33 12
37 10
38 47
40 22
42 6
43 5
43 7
43 31
44 32
45 3
45 16
45 35
backbone tree 3, llh: -9367.404264
-1 0
0 37
2 14
2 19
4 39
4 49
5 1
5 11
5 40
8 33
10 36
10 45
11 44
13 42
14 23
14 26
14 46
15 8
16 2
16 9
19 21
20 38
21 28
22 25
22 30
25 7
25 15
26 27
27 20
27 48
28 4
28 43
31 13
33 12
35 41
37 10
38 47
40 22
42 6
43 5
43 31
44 32
45 3
45 16
45 35
backbone tree 4, llh: -9367.493650
-1 0
0 37
2 14
2 19
4 39
4 49
5 1
5 11
5 40
8 33
10 36
10 45
11 44
13 42
14 23
14 26
14 46
15 8
16 2
16 9
19 21
20 38
21 28
22 25
22 30
25 15
26 27
27 20
27 48
28 4
28 43
31 13
33 12
35 41
37 10
38 7
38 47
40 22
42 6
43 5
43 31
44 32
45 3
45 16
45 35
backbone tree 5, llh: -9367.396377
-1 0
0 37
2 14
2 19
4 39
4 49
5 1
5 11
5 40
8 33
10 36
10 45
11 44
13 42
14 23
14 26
14 46
15 8
16 2
16 9
19 21
20 38
21 28
22 25
22 30
25 15
26 27
27 20
27 48
28 4
28 43
31 13
33 12
35 41
37 10
38 47
40 22
42 6
42 7
43 5
43 31
44 32
45 3
45 16
45 35
backbone tree 6, llh: -9367.426053
-1 0
0 37
2 14
2 19
4 39
4 49
5 1
5 11
5 40
8 33
10 36
10 45
11 44
13 42
14 23
14 26
14 46
15 8
16 2
16 9
19 21
20 38
21 28
22 25
22 30
25 15
26 27
27 20
27 48
28 4
28 43
31 13
33 12
35 41
37 10
38 47
40 22
42 6
43 5
43 7
43 31
44 32
45 3
45 16
45 35
backbone tree 7, llh: -9367.479152
-1 0
0 37
2 14
2 19
4 39
4 49
5 1
5 11
5 40
8 33
10 36
10 45
11 44
13 42
14 23
14 26
14 46
15 8
16 2
16 9
19 21
20 38
20 41
21 28
22 25
22 30
25 7
25 15
26 27
27 20
27 48
28 4
28 43
31 13
37 10
38 47
40 22
42 6
43 5
43 31
44 32
45 3
45 12
45 16
45 35
backbone tree 8, llh: -9367.471265
-1 0
0 37
2 14
2 19
4 39
4 49
5 1
5 11
5 40
8 33
10 36
10 45
11 44
13 42
14 23
14 26
14 46
15 8
16 2
16 9
19 21
20 38
20 41
21 28
22 25
22 30
25 15
26 27
27 20
27 48
28 4
28 43
31 13
37 10
38 47
40 22
42 6
42 7
43 5
43 31
44 32
45 3
45 12
45 16
45 35
backbone tree 9, llh: -9367.500942
-1 0
0 37
2 14
2 19
4 39
4 49
5 1
5 11
5 40
8 33
10 36
10 45
11 44
13 42
14 23
14 26
14 46
15 8
16 2
16 9
19 21
20 38
20 41
21 28
22 25
22 30
25 15
26 27
27 20
27 48
28 4
28 43
31 13
37 10
38 47
40 22
42 6
43 5
43 7
43 31
44 32
45 3
45 12
45 16
45 35
backbone tree 10, llh: -9367.417214
-1 0
0 37
2 14
2 19
4 39
4 49
5 1
5 11
5 40
8 33
10 36
10 45
11 44
13 42
14 23
14 26
14 46
15 8
16 2
16 9
19 21
20 38
21 28
22 25
22 30
25 7
25 15
26 27
27 20
27 48
28 4
28 43
31 13
35 41
37 10
38 47
40 22
42 6
43 5
43 31
44 32
45 3
45 12
45 16
45 35
backbone tree 11, llh: -9367.409327
-1 0
0 37
2 14
2 19
4 39
4 49
5 1
5 11
5 40
8 33
10 36
10 45
11 44
13 42
14 23
14 26
14 46
15 8
16 2
16 9
19 21
20 38
21 28
22 25
22 30
25 15
26 27
27 20
27 48
28 4
28 43
31 13
35 41
37 10
38 47
40 22
42 6
42 7
43 5
43 31
44 32
45 3
45 12
45 16
45 35
backbone tree 12, llh: -9367.439003
-1 0
0 37
2 14
2 19
4 39
4 49
5 1
5 11
5 40
8 33
10 36
10 45
11 44
13 42
14 23
14 26
14 46
15 8
16 2
16 9
19 21
20 38
21 28
22 25
22 30
25 15
26 27
27 20
27 48
28 4
28 43
31 13
35 41
37 10
38 47
40 22
42 6
43 5
43 7
43 31
44 32
45 3
45 12
45 16
45 35
