# 9 backbone trees, 42 mutations
backbone tree 0, llh: -6838.677441
-1 0
0 7
0 18
0 40
0 45
0 47
1 8
1 24
3 6
4 46
6 15
6 36
7 33
7 44
10 11
10 35
10 43
12 14
12 37
14 16
15 17
15 21
17 13
17 19
17 32
20 31
23 34
24 23
24 49
25 3
27 1
27 10
27 20
32 28
32 39
34 4
40 9
40 22
40 27
43 12
43 25
44 2
backbone tree 1, llh: -6838.759598
-1 0
0 7
0 18
0 40
0 45
0 47
1 8
1 24
3 6
6 15
6 36
7 33
7 44
10 11
10 35
10 43
12 14
12 37
14 16
15 17
15 21
17 13
17 19
17 32
20 31
23 34
24 23
24 49
25 3
27 1
27 10
27 20
32 28
32 39
34 4
39 46
40 9
40 22
40 27
43 12
43 25
44 2
backbone tree 2, llh: -6838.761554
-1 0
0 7
0 18
0 40
0 45
0 47
1 8
1 24
3 6
4 46
6 15
7 33
7 44
10 11
10 35
10 43
12 14
12 37
14 16
15 17
15 21
17 13
17 19
17 32
20 31
23 34
24 23
24 49
25 3
27 1
27 10
27 20
32 28
32 39
34 4
40 9
40 22
40 27
40 36
43 12
43 25
44 2
backbone tree 3, llh: -6838.772440
-1 0
0 7
0 18
0 40
0 45
1 8
1 24
3 6
4 46
6 15
6 36
7 33
7 44
10 11
10 35
10 43
10 47
12 14
12 37
14 16
15 17
15 21
17 13
17 19
17 32
20 31
23 34
24 23
24 49
25 3
27 1
27 10
27 20
32 28
32 39
34 4
40 9
40 22
40 27
43 12
43 25
44 2
backbone tree 4, llh: -6838.671684
-1 0
0 7
0 18
0 40
0 45
1 8
1 24
3 6
4 46
6 15
6 36
7 33
7 44
10 11
10 35
10 43
12 14
12 37
12 47
14 16
15 17
15 21
17 13
17 19
17 32
20 31
23 34
24 23
24 49
25 3
27 1
27 10
27 20
32 28
32 39
34 4
40 9
40 22
40 27
43 12
43 25
44 2
backbone tree 5, llh: -6838.753840
-1 0
0 7
0 18
0 40
0 45
1 8
1 24
3 6
6 15
6 36
7 33
7 44
10 11
10 35
10 43
12 14
12 37
12 47
14 16
15 17
15 21
17 13
17 19
17 32
20 31
23 34
24 23
24 49
25 3
27 1
27 10
27 20
32 28
32 39
34 4
39 46
40 9
40 22
40 27
43 12
43 25
44 2
backbone tree 6, llh: -6838.720069
-1 0
0 7
0 18
0 40
0 45
1 8
1 24
3 6
4 46
6 15
7 33
7 44
10 11
10 35
10 43
12 14
12 37
12 47
14 16
15 17
15 21
17 13
17 19
17 32
20 31
23 34
24 23
24 49
25 3
27 1
27 10
27 20
32 28
32 39
34 4
40 9
40 22
40 27
40 36
43 12
43 25
44 2
backbone tree 7, llh: -6838.774463
-1 0
0 7
0 18
0 40
0 45
1 8
1 24
3 6
4 46
6 15
6 36
7 33
7 44
10 35
10 43
12 14
12 37
12 47
14 16
15 17
15 21
17 13
17 19
17 32
20 31
23 34
24 23
24 49
25 3
27 1
27 10
27 20
32 28
32 39
34 4
40 9
40 22
40 27
43 12
43 25
44 2
44 11
backbone tree 8, llh: -6838.742879
-1 0
0 7
0 18
0 40
0 45
1 8
1 24
3 6
4 46
6 15
6 36
7 33
7 44
10 11
10 35
10 43
12 14
12 37
14 16
15 17
15 21
17 13
17 19
17 32
20 31
23 34
24 23
24 49
25 3
27 1
27 10
27 20
27 47
32 28
32 39
34 4
40 9
40 22
40 27
43 12
43 25
44 2
