# 32 backbone trees, 43 mutations
backbone tree 0, llh: -6515.002884
-1 0
0 4
0 9
0 25
0 30
1 12
4 8
5 15
5 32
8 13
8 21
8 38
8 40
9 7
10 41
10 43
12 27
13 5
16 18
17 48
18 3
18 10
19 35
22 1
22 11
22 37
22 44
24 31
29 16
29 20
30 17
30 23
30 24
30 34
33 39
35 28
35 33
38 14
38 46
40 19
40 22
40 42
44 29
backbone tree 1, llh: -6515.021546
-1 0
0 4
0 9
0 25
0 30
1 12
4 8
5 15
5 32
8 13
8 21
8 38
8 40
9 7
10 41
10 43
12 27
13 5
16 18
17 48
18 3
18 10
19 35
22 1
22 11
22 37
22 44
29 16
29 20
30 17
30 23
30 24
30 34
33 39
35 28
35 33
38 14
38 46
40 19
40 22
40 42
43 31
44 29
backbone tree 2, llh: -6515.000171
-1 0
0 4
0 9
0 25
0 30
1 12
4 8
5 15
5 32
8 13
8 21
8 38
8 40
9 7
10 41
10 43
12 27
13 5
16 18
17 48
18 10
19 35
22 1
22 11
22 37
22 44
24 3
24 31
29 16
29 20
30 17
30 23
30 24
30 34
33 39
35 28
35 33
38 14
38 46
40 19
40 22
40 42
44 29
backbone tree 3, llh: -6515.018646
-1 0
0 4
0 9
0 25
0 30
1 12
4 8
5 15
5 32
8 13
8 21
8 38
8 40
9 7
10 41
10 43
12 27
13 5
16 18
17 48
18 10
19 35
22 1
22 11
22 37
22 44
24 3
29 16
29 20
30 17
30 23
30 24
30 34
33 39
35 28
35 33
38 14
38 46
40 19
40 22
40 42
43 31
44 29
backbone tree 4, llh: -6515.002723
-1 0
0 4
0 9
0 25
0 30
1 12
4 8
5 15
5 32
8 13
8 21
8 38
8 40
9 7
10 41
10 43
12 27
13 5
16 18
17 48
18 10
19 35
22 1
22 11
22 37
22 44
24 31
27 3
29 16
29 20
30 17
30 23
30 24
30 34
33 39
35 28
35 33
38 14
38 46
40 19
40 22
40 42
44 29
backbone tree 5, llh: -6515.021366
-1 0
0 4
0 9
0 25
0 30
1 12
4 8
5 15
5 32
8 13
8 21
8 38
8 40
9 7
10 41
10 43
12 27
13 5
16 18
17 48
18 10
19 35
22 1
22 11
22 37
22 44
27 3
29 16
29 20
30 17
30 23
30 24
30 34
33 39
35 28
35 33
38 14
38 46
40 19
40 22
40 42
43 31
44 29
backbone tree 6, llh: -6514.966381
-1 0
0 4
0 9
0 25
0 30
1 12
4 8
5 15
5 32
8 13
8 21
8 38
8 40
9 7
10 41
10 43
12 27
13 5
16 18
17 48
18 3
18 10
19 35
22 1
22 11
22 37
22 44
24 31
29 16
29 20
30 17
30 23
30 24
30 34
33 39
35 28
35 33
38 14
38 46
40 19
40 22
44 29
44 42
backbone tree 7, llh: -6514.985043
-1 0
0 4
0 9
0 25
0 30
1 12
4 8
5 15
5 32
8 13
8 21
8 38
8 40
9 7
10 41
10 43
12 27
13 5
16 18
17 48
18 3
18 10
19 35
22 1
22 11
22 37
22 44
29 16
29 20
30 17
30 23
30 24
30 34
33 39
35 28
35 33
38 14
38 46
40 19
40 22
43 31
44 29
44 42
backbone tree 8, llh: -6514.963648
-1 0
0 4
0 9
0 25
0 30
1 12
4 8
5 15
5 32
8 13
8 21
8 38
8 40
9 7
10 41
10 43
12 27
13 5
16 18
17 48
18 10
19 35
22 1
22 11
22 37
22 44
24 3
24 31
29 16
29 20
30 17
30 23
30 24
30 34
33 39
35 28
35 33
38 14
38 46
40 19
40 22
44 29
44 42
backbone tree 9, llh: -6514.982123
-1 0
0 4
0 9
0 25
0 30
1 12
4 8
5 15
5 32
8 13
8 21
8 38
8 40
9 7
10 41
10 43
12 27
13 5
16 18
17 48
18 10
19 35
22 1
22 11
22 37
22 44
24 3
29 16
29 20
30 17
30 23
30 24
30 34
33 39
35 28
35 33
38 14
38 46
40 19
40 22
43 31
44 29
44 42
backbone tree 10, llh: -6514.966201
-1 0
0 4
0 9
0 25
0 30
1 12
4 8
5 15
5 32
8 13
8 21
8 38
8 40
9 7
10 41
10 43
12 27
13 5
16 18
17 48
18 10
19 35
22 1
22 11
22 37
22 44
24 31
27 3
29 16
29 20
30 17
30 23
30 24
30 34
33 39
35 28
35 33
38 14
38 46
40 19
40 22
44 29
44 42
backbone tree 11, llh: -6514.984843
-1 0
0 4
0 9
0 25
0 30
1 12
4 8
5 15
5 32
8 13
8 21
8 38
8 40
9 7
10 41
10 43
12 27
13 5
16 18
17 48
18 10
19 35
22 1
22 11
22 37
22 44
27 3
29 16
29 20
30 17
30 23
30 24
30 34
33 39
35 28
35 33
38 14
38 46
40 19
40 22
43 31
44 29
44 42
backbone tree 12, llh: -6515.060468
-1 0
0 4
0 9
0 25
0 30
1 12
4 8
5 15
5 32
8 13
8 21
8 38
8 40
9 7
10 41
10 43
12 20
13 5
16 18
17 48
18 3
18 10
19 35
22 1
22 11
22 37
22 44
24 27
29 16
30 17
30 23
30 24
30 34
33 39
35 28
35 33
38 14
38 46
40 19
40 22
40 42
43 31
44 29
backbone tree 13, llh: -6515.060287
-1 0
0 4
0 9
0 25
0 30
1 12
4 8
5 15
5 32
8 13
8 21
8 38
8 40
9 7
10 41
10 43
12 20
13 5
16 18
17 48
18 10
19 35
22 1
22 11
22 37
22 44
24 27
27 3
29 16
30 17
30 23
30 24
30 34
33 39
35 28
35 33
38 14
38 46
40 19
40 22
40 42
43 31
44 29
backbone tree 14, llh: -6515.012253
-1 0
0 4
0 9
0 25
0 30
1 12
4 8
5 15
5 32
8 13
8 21
8 38
8 40
9 7
10 41
10 43
12 3
13 5
16 18
17 48
18 10
19 35
22 1
22 11
22 37
22 44
24 27
29 16
29 20
30 17
30 23
30 24
30 34
33 39
35 28
35 33
38 14
38 46
40 19
40 22
40 42
43 31
44 29
backbone tree 15, llh: -6515.015154
-1 0
0 4
0 9
0 25
0 30
1 12
4 8
5 15
5 32
8 13
8 21
8 38
8 40
9 7
10 41
10 43
13 5
16 18
17 48
18 3
18 10
19 35
22 1
22 11
22 37
22 44
24 27
29 16
29 20
30 17
30 23
30 24
30 34
33 39
35 28
35 33
38 14
38 46
40 19
40 22
40 42
43 31
44 29
backbone tree 16, llh: -6515.014973
-1 0
0 4
0 9
0 25
0 30
1 12
4 8
5 15
5 32
8 13
8 21
8 38
8 40
9 7
10 41
10 43
13 5
16 18
17 48
18 10
19 35
22 1
22 11
22 37
22 44
24 27
27 3
29 16
29 20
30 17
30 23
30 24
30 34
33 39
35 28
35 33
38 14
38 46
40 19
40 22
40 42
43 31
44 29
backbone tree 17, llh: -6515.057482
-1 0
0 4
0 9
0 25
0 30
1 12
4 8
5 15
5 32
8 13
8 21
8 38
8 40
9 7
10 41
10 43
12 3
12 20
13 5
16 18
17 48
18 10
19 35
22 1
22 11
22 37
22 44
24 27
29 16
30 17
30 23
30 24
30 34
33 39
35 28
35 33
38 14
38 46
40 19
40 22
43 31
44 29
44 42
backbone tree 18, llh: -6515.023839
-1 0
0 4
0 9
0 25
0 30
1 12
4 8
5 15
5 32
8 13
8 21
8 38
8 40
9 7
10 41
10 43
12 20
13 5
16 18
17 48
18 3
18 10
19 35
22 1
22 11
22 37
22 44
24 27
29 16
30 17
30 23
30 24
30 34
33 39
35 28
35 33
38 14
38 46
40 19
40 22
43 31
44 29
44 42
backbone tree 19, llh: -6515.023640
-1 0
0 4
0 9
0 25
0 30
1 12
4 8
5 15
5 32
8 13
8 21
8 38
8 40
9 7
10 41
10 43
12 20
13 5
16 18
17 48
18 10
19 35
22 1
22 11
22 37
22 44
24 27
27 3
29 16
30 17
30 23
30 24
30 34
33 39
35 28
35 33
38 14
38 46
40 19
40 22
43 31
44 29
44 42
backbone tree 20, llh: -6514.975733
-1 0
0 4
0 9
0 25
0 30
1 12
4 8
5 15
5 32
8 13
8 21
8 38
8 40
9 7
10 41
10 43
12 3
13 5
16 18
17 48
18 10
19 35
22 1
22 11
22 37
22 44
24 27
29 16
29 20
30 17
30 23
30 24
30 34
33 39
35 28
35 33
38 14
38 46
40 19
40 22
43 31
44 29
44 42
backbone tree 21, llh: -6514.978653
-1 0
0 4
0 9
0 25
0 30
1 12
4 8
5 15
5 32
8 13
8 21
8 38
8 40
9 7
10 41
10 43
13 5
16 18
17 48
18 3
18 10
19 35
22 1
22 11
22 37
22 44
24 27
29 16
29 20
30 17
30 23
30 24
30 34
33 39
35 28
35 33
38 14
38 46
40 19
40 22
43 31
44 29
44 42
backbone tree 22, llh: -6514.978453
-1 0
0 4
0 9
0 25
0 30
1 12
4 8
5 15
5 32
8 13
8 21
8 38
8 40
9 7
10 41
10 43
13 5
16 18
17 48
18 10
19 35
22 1
22 11
22 37
22 44
24 27
27 3
29 16
29 20
30 17
30 23
30 24
30 34
33 39
35 28
35 33
38 14
38 46
40 19
40 22
43 31
44 29
44 42
backbone tree 23, llh: -6515.049866
-1 0
0 4
0 9
0 25
0 30
1 12
4 8
5 15
5 32
8 13
8 23
8 38
8 40
9 7
10 41
10 43
12 27
13 5
16 18
17 48
18 3
18 10
19 35
22 1
22 11
22 37
22 44
24 31
29 16
29 20
30 17
30 21
30 24
30 34
33 39
35 28
35 33
38 14
38 46
40 19
40 22
44 29
44 42
backbone tree 24, llh: -6515.068530
-1 0
0 4
0 9
0 25
0 30
1 12
4 8
5 15
5 32
8 13
8 23
8 38
8 40
9 7
10 41
10 43
12 27
13 5
16 18
17 48
18 3
18 10
19 35
22 1
22 11
22 37
22 44
29 16
29 20
30 17
30 21
30 24
30 34
33 39
35 28
35 33
38 14
38 46
40 19
40 22
43 31
44 29
44 42
backbone tree 25, llh: -6515.047100
-1 0
0 4
0 9
0 25
0 30
1 12
4 8
5 15
5 32
8 13
8 23
8 38
8 40
9 7
10 41
10 43
12 27
13 5
16 18
17 48
18 10
19 35
22 1
22 11
22 37
22 44
24 3
24 31
29 16
29 20
30 17
30 21
30 24
30 34
33 39
35 28
35 33
38 14
38 46
40 19
40 22
44 29
44 42
backbone tree 26, llh: -6515.065609
-1 0
0 4
0 9
0 25
0 30
1 12
4 8
5 15
5 32
8 13
8 23
8 38
8 40
9 7
10 41
10 43
12 27
13 5
16 18
17 48
18 10
19 35
22 1
22 11
22 37
22 44
24 3
29 16
29 20
30 17
30 21
30 24
30 34
33 39
35 28
35 33
38 14
38 46
40 19
40 22
43 31
44 29
44 42
backbone tree 27, llh: -6515.049686
-1 0
0 4
0 9
0 25
0 30
1 12
4 8
5 15
5 32
8 13
8 23
8 38
8 40
9 7
10 41
10 43
12 27
13 5
16 18
17 48
18 10
19 35
22 1
22 11
22 37
22 44
24 31
27 3
29 16
29 20
30 17
30 21
30 24
30 34
33 39
35 28
35 33
38 14
38 46
40 19
40 22
44 29
44 42
backbone tree 28, llh: -6515.068330
-1 0
0 4
0 9
0 25
0 30
1 12
4 8
5 15
5 32
8 13
8 23
8 38
8 40
9 7
10 41
10 43
12 27
13 5
16 18
17 48
18 10
19 35
22 1
22 11
22 37
22 44
27 3
29 16
29 20
30 17
30 21
30 24
30 34
33 39
35 28
35 33
38 14
38 46
40 19
40 22
43 31
44 29
44 42
backbone tree 29, llh: -6515.059216
-1 0
0 4
0 9
0 25
0 30
1 12
4 8
5 15
5 32
8 13
8 23
8 38
8 40
9 7
10 41
10 43
12 3
13 5
16 18
17 48
18 10
19 35
22 1
22 11
22 37
22 44
24 27
29 16
29 20
30 17
30 21
30 24
30 34
33 39
35 28
35 33
38 14
38 46
40 19
40 22
43 31
44 29
44 42
backbone tree 30, llh: -6515.062136
-1 0
0 4
0 9
0 25
0 30
1 12
4 8
5 15
5 32
8 13
8 23
8 38
8 40
9 7
10 41
10 43
13 5
16 18
17 48
18 3
18 10
19 35
22 1
22 11
22 37
22 44
24 27
29 16
29 20
30 17
30 21
30 24
30 34
33 39
35 28
35 33
38 14
38 46
40 19
40 22
43 31
44 29
44 42
backbone tree 31, llh: -6515.061936
-1 0
0 4
0 9
0 25
0 30
1 12
4 8
5 15
5 32
8 13
8 23
8 38
8 40
9 7
10 41
10 43
13 5
16 18
17 48
18 10
19 35
22 1
22 11
22 37
22 44
24 27
27 3
29 16
29 20
30 17
30 21
30 24
30 34
33 39
35 28
35 33
38 14
38 46
40 19
40 22
43 31
44 29
44 42
