# 6 backbone trees, 46 mutations
backbone tree 0, llh: -6697.730028
-1 28
0 2
0 15
1 3
1 35
4 18
4 29
5 12
6 14
6 47
7 5
7 27
8 19
10 13
10 38
11 17
15 1
15 40
15 41
15 48
17 43
21 10
21 32
22 20
26 4
26 6
26 24
28 0
28 23
29 45
31 8
32 7
32 25
32 44
34 21
35 31
37 49
38 9
38 42
40 22
40 26
40 34
41 11
41 33
44 30
45 37
backbone tree 1, llh: -6697.697177
-1 28
0 2
0 15
1 3
1 35
4 18
4 29
5 12
6 47
7 5
7 27
8 19
10 13
10 38
11 17
15 1
15 40
15 41
15 48
17 43
21 10
21 32
22 20
26 4
26 6
26 24
27 14
28 0
28 23
29 45
31 8
32 7
32 25
32 44
34 21
35 31
37 49
38 9
38 42
40 22
40 26
40 34
41 11
41 33
44 30
45 37
backbone tree 2, llh: -6697.677096
-1 28
0 2
0 15
1 3
1 35
4 18
4 29
5 12
6 47
7 5
7 27
8 19
10 13
10 38
11 17
15 1
15 40
15 41
15 48
17 43
21 10
21 32
22 20
26 4
26 6
26 24
28 0
28 23
29 45
31 8
32 7
32 25
32 44
34 21
35 31
37 49
38 9
38 42
40 22
40 26
40 34
41 11
41 33
44 30
45 37
47 14
backbone tree 3, llh: -6697.681231
-1 28
0 2
0 15
1 3
1 35
4 18
4 29
5 12
6 14
6 47
7 5
7 27
8 19
10 13
10 38
11 17
15 1
15 40
15 41
15 48
21 10
21 32
22 20
26 4
26 6
26 24
26 43
28 0
28 23
29 45
31 8
32 7
32 25
32 44
34 21
35 31
37 49
38 9
38 42
40 22
40 26
40 34
41 11
41 33
44 30
45 37
backbone tree 4, llh: -6697.648380
-1 28
0 2
0 15
1 3
1 35
4 18
4 29
5 12
6 47
7 5
7 27
8 19
10 13
10 38
11 17
15 1
15 40
15 41
15 48
21 10
21 32
22 20
26 4
26 6
26 24
26 43
27 14
28 0
28 23
29 45
31 8
32 7
32 25
32 44
34 21
35 31
37 49
38 9
38 42
40 22
40 26
40 34
41 11
41 33
44 30
45 37
backbone tree 5, llh: -6697.628299
-1 28
0 2
0 15
1 3
1 35
4 18
4 29
5 12
6 47
7 5
7 27
8 19
10 13
10 38
11 17
15 1
15 40
15 41
15 48
21 10
21 32
22 20
26 4
26 6
26 24
26 43
28 0
28 23
29 45
31 8
32 7
32 25
32 44
34 21
35 31
37 49
38 9
38 42
40 22
40 26
40 34
41 11
41 33
44 30
45 37
47 14
