# 50 backbone trees, 42 mutations
backbone tree 0, llh: -7706.409989
-1 0
0 1
0 16
0 24
0 48
1 19
3 35
3 39
4 5
4 14
5 49
6 36
6 40
7 18
7 34
8 3
9 23
9 47
11 37
14 25
16 31
19 8
19 26
19 28
23 13
23 46
25 10
25 42
26 27
26 32
28 7
28 22
29 11
29 38
31 44
35 9
38 6
38 20
42 12
44 4
46 29
46 41
backbone tree 1, llh: -7706.420683
-1 0
0 1
0 16
0 24
0 48
1 19
3 35
3 39
4 5
4 14
5 49
6 36
6 40
7 34
8 3
9 23
9 47
11 37
14 25
16 31
19 8
19 26
19 28
23 13
23 46
25 10
25 42
26 27
26 32
28 7
28 22
29 11
29 38
31 44
35 9
38 6
38 20
39 18
42 12
44 4
46 29
46 41
backbone tree 2, llh: -7706.394527
-1 0
0 1
0 16
0 24
0 48
1 19
3 35
3 39
4 5
4 14
6 36
6 40
7 18
7 34
8 3
9 23
9 47
11 37
14 25
16 31
19 8
19 26
19 28
23 13
23 46
25 10
25 42
26 27
26 32
28 7
28 22
29 11
29 38
31 44
35 9
38 6
38 20
39 49
42 12
44 4
46 29
46 41
backbone tree 3, llh: -7706.375910
-1 0
0 1
0 16
0 24
0 48
1 19
3 35
3 39
4 5
4 14
5 49
6 36
7 18
7 34
8 3
8 40
9 23
9 47
11 37
14 25
16 31
19 8
19 26
19 28
23 13
23 46
25 10
25 42
26 27
26 32
28 7
28 22
29 11
29 38
31 44
35 9
38 6
38 20
42 12
44 4
46 29
46 41
backbone tree 4, llh: -7706.435689
-1 0
0 1
0 16
0 24
0 48
1 19
3 35
3 39
4 5
4 14
5 49
6 36
7 18
7 34
8 3
8 40
9 23
9 47
11 37
14 25
16 31
19 8
19 26
19 28
23 13
23 46
25 42
26 27
26 32
28 7
28 22
29 11
29 38
31 44
35 9
38 6
38 20
42 12
44 4
46 29
46 41
47 10
backbone tree 5, llh: -7706.386604
-1 0
0 1
0 16
0 24
0 48
1 19
3 35
3 39
4 5
4 14
5 49
6 36
7 34
8 3
8 40
9 23
9 47
11 37
14 25
16 31
19 8
19 26
19 28
23 13
23 46
25 10
25 42
26 27
26 32
28 7
28 22
29 11
29 38
31 44
35 9
38 6
38 20
39 18
42 12
44 4
46 29
46 41
backbone tree 6, llh: -7706.446383
-1 0
0 1
0 16
0 24
0 48
1 19
3 35
3 39
4 5
4 14
5 49
6 36
7 34
8 3
8 40
9 23
9 47
11 37
14 25
16 31
19 8
19 26
19 28
23 13
23 46
25 42
26 27
26 32
28 7
28 22
29 11
29 38
31 44
35 9
38 6
38 20
39 18
42 12
44 4
46 29
46 41
47 10
backbone tree 7, llh: -7706.360448
-1 0
0 1
0 16
0 24
0 48
1 19
3 35
3 39
4 5
4 14
6 36
7 18
7 34
8 3
8 40
9 23
9 47
11 37
14 25
16 31
19 8
19 26
19 28
23 13
23 46
25 10
25 42
26 27
26 32
28 7
28 22
29 11
29 38
31 44
35 9
38 6
38 20
39 49
42 12
44 4
46 29
46 41
backbone tree 8, llh: -7706.442897
-1 0
0 1
0 16
0 24
0 48
1 19
3 35
3 39
4 5
4 14
6 36
7 18
7 34
8 3
8 40
9 23
9 47
11 37
14 25
16 31
19 8
19 26
19 28
23 13
23 46
25 42
26 27
26 32
28 7
28 22
29 11
29 38
31 44
35 9
37 10
38 6
38 20
39 49
42 12
44 4
46 29
46 41
backbone tree 9, llh: -7706.420226
-1 0
0 1
0 16
0 24
0 48
1 19
3 35
3 39
4 5
4 14
6 36
7 18
7 34
8 3
8 40
9 23
9 47
11 37
14 25
16 31
19 8
19 26
19 28
23 13
23 46
25 42
26 27
26 32
28 7
28 22
29 11
29 38
31 44
35 9
38 6
38 20
39 49
42 12
44 4
46 29
46 41
47 10
backbone tree 10, llh: -7706.431605
-1 0
0 1
0 16
0 24
0 48
1 19
3 35
3 39
4 5
4 14
6 36
7 34
8 3
8 40
9 23
9 47
11 37
14 25
16 31
19 8
19 26
19 28
23 13
23 46
25 10
25 42
26 18
26 27
26 32
28 7
28 22
29 11
29 38
31 44
35 9
38 6
38 20
39 49
42 12
44 4
46 29
46 41
backbone tree 11, llh: -7706.427909
-1 0
0 1
0 16
0 24
0 48
1 19
3 35
3 39
4 5
4 14
5 49
6 36
6 40
7 18
7 34
8 3
9 23
11 37
14 25
16 31
19 8
19 26
19 28
23 13
23 46
25 10
25 42
26 27
26 32
28 7
28 22
28 47
29 11
29 38
31 44
35 9
38 6
38 20
42 12
44 4
46 29
46 41
backbone tree 12, llh: -7706.438521
-1 0
0 1
0 16
0 24
0 48
1 19
3 35
3 39
4 5
4 14
5 49
6 36
6 40
7 34
8 3
9 23
11 37
14 25
16 31
19 8
19 26
19 28
23 13
23 46
25 10
25 42
26 27
26 32
28 7
28 22
28 47
29 11
29 38
31 44
35 9
38 6
38 20
39 18
42 12
44 4
46 29
46 41
backbone tree 13, llh: -7706.412447
-1 0
0 1
0 16
0 24
0 48
1 19
3 35
3 39
4 5
4 14
6 36
6 40
7 18
7 34
8 3
9 23
11 37
14 25
16 31
19 8
19 26
19 28
23 13
23 46
25 10
25 42
26 27
26 32
28 7
28 22
28 47
29 11
29 38
31 44
35 9
38 6
38 20
39 49
42 12
44 4
46 29
46 41
backbone tree 14, llh: -7706.439509
-1 0
0 1
0 16
0 24
0 48
1 19
3 35
3 39
4 5
4 14
6 36
6 40
7 18
7 34
8 3
9 23
11 37
14 25
16 31
19 8
19 26
19 28
23 13
23 46
25 42
26 27
26 32
28 7
28 22
28 47
29 11
29 38
31 44
35 9
38 6
38 20
39 49
42 12
44 4
46 29
46 41
47 10
backbone tree 15, llh: -7706.393835
-1 0
0 1
0 16
0 24
0 48
1 19
3 35
3 39
4 5
4 14
5 49
6 36
7 18
7 34
8 3
8 40
9 23
11 37
14 25
16 31
19 8
19 26
19 28
23 13
23 46
25 10
25 42
26 27
26 32
28 7
28 22
28 47
29 11
29 38
31 44
35 9
38 6
38 20
42 12
44 4
46 29
46 41
backbone tree 16, llh: -7706.420899
-1 0
0 1
0 16
0 24
0 48
1 19
3 35
3 39
4 5
4 14
5 49
6 36
7 18
7 34
8 3
8 40
9 23
11 37
14 25
16 31
19 8
19 26
19 28
23 13
23 46
25 42
26 27
26 32
28 7
28 22
28 47
29 11
29 38
31 44
35 9
38 6
38 20
42 12
44 4
46 29
46 41
47 10
backbone tree 17, llh: -7706.404447
-1 0
0 1
0 16
0 24
0 48
1 19
3 35
3 39
4 5
4 14
5 49
6 36
7 34
8 3
8 40
9 23
11 37
14 25
16 31
19 8
19 26
19 28
23 13
23 46
25 10
25 42
26 27
26 32
28 7
28 22
28 47
29 11
29 38
31 44
35 9
38 6
38 20
39 18
42 12
44 4
46 29
46 41
backbone tree 18, llh: -7706.431474
-1 0
0 1
0 16
0 24
0 48
1 19
3 35
3 39
4 5
4 14
5 49
6 36
7 34
8 3
8 40
9 23
11 37
14 25
16 31
19 8
19 26
19 28
23 13
23 46
25 42
26 27
26 32
28 7
28 22
28 47
29 11
29 38
31 44
35 9
38 6
38 20
39 18
42 12
44 4
46 29
46 41
47 10
backbone tree 19, llh: -7706.378372
-1 0
0 1
0 16
0 24
0 48
1 19
3 35
3 39
4 5
4 14
6 36
7 18
7 34
8 3
8 40
9 23
11 37
14 25
16 31
19 8
19 26
19 28
23 13
23 46
25 10
25 42
26 27
26 32
28 7
28 22
28 47
29 11
29 38
31 44
35 9
38 6
38 20
39 49
42 12
44 4
46 29
46 41
backbone tree 20, llh: -7706.405436
-1 0
0 1
0 16
0 24
0 48
1 19
3 35
3 39
4 5
4 14
6 36
7 18
7 34
8 3
8 40
9 23
11 37
14 25
16 31
19 8
19 26
19 28
23 13
23 46
25 42
26 27
26 32
28 7
28 22
28 47
29 11
29 38
31 44
35 9
38 6
38 20
39 49
42 12
44 4
46 29
46 41
47 10
backbone tree 21, llh: -7706.439016
-1 0
0 1
0 16
0 47
0 48
1 19
3 35
3 39
4 5
4 14
5 49
6 36
7 18
7 34
8 3
8 40
9 23
11 37
14 25
16 24
16 31
19 8
19 26
19 28
23 13
23 46
25 10
25 42
26 27
26 32
28 7
28 22
29 11
29 38
31 44
35 9
38 6
38 20
42 12
44 4
46 29
46 41
backbone tree 22, llh: -7706.413234
-1 0
0 1
0 16
0 47
0 48
1 19
3 35
3 39
4 5
4 14
5 49
6 36
7 18
7 34
8 3
8 40
9 23
11 37
14 25
16 24
16 31
19 8
19 26
19 28
23 13
23 46
25 42
26 27
26 32
28 7
28 22
29 11
29 38
31 44
35 9
38 6
38 20
42 12
44 4
46 29
46 41
47 10
backbone tree 23, llh: -7706.423553
-1 0
0 1
0 16
0 47
0 48
1 19
3 35
3 39
4 5
4 14
6 36
7 18
7 34
8 3
8 40
9 23
11 37
14 25
16 24
16 31
19 8
19 26
19 28
23 13
23 46
25 10
25 42
26 27
26 32
28 7
28 22
29 11
29 38
31 44
35 9
38 6
38 20
39 49
42 12
44 4
46 29
46 41
backbone tree 24, llh: -7706.397772
-1 0
0 1
0 16
0 47
0 48
1 19
3 35
3 39
4 5
4 14
6 36
7 18
7 34
8 3
8 40
9 23
11 37
14 25
16 24
16 31
19 8
19 26
19 28
23 13
23 46
25 42
26 27
26 32
28 7
28 22
29 11
29 38
31 44
35 9
38 6
38 20
39 49
42 12
44 4
46 29
46 41
47 10
backbone tree 25, llh: -7706.415209
-1 0
0 1
0 16
0 48
1 19
3 35
3 39
4 5
4 14
5 49
6 36
6 40
7 18
7 34
8 3
9 23
9 47
11 37
14 25
16 24
16 31
19 8
19 26
19 28
23 13
23 46
25 10
25 42
26 27
26 32
28 7
28 22
29 11
29 38
31 44
35 9
38 6
38 20
42 12
44 4
46 29
46 41
backbone tree 26, llh: -7706.425903
-1 0
0 1
0 16
0 48
1 19
3 35
3 39
4 5
4 14
5 49
6 36
6 40
7 34
8 3
9 23
9 47
11 37
14 25
16 24
16 31
19 8
19 26
19 28
23 13
23 46
25 10
25 42
26 27
26 32
28 7
28 22
29 11
29 38
31 44
35 9
38 6
38 20
39 18
42 12
44 4
46 29
46 41
backbone tree 27, llh: -7706.399746
-1 0
0 1
0 16
0 48
1 19
3 35
3 39
4 5
4 14
6 36
6 40
7 18
7 34
8 3
9 23
9 47
11 37
14 25
16 24
16 31
19 8
19 26
19 28
23 13
23 46
25 10
25 42
26 27
26 32
28 7
28 22
29 11
29 38
31 44
35 9
38 6
38 20
39 49
42 12
44 4
46 29
46 41
backbone tree 28, llh: -7706.356536
-1 0
0 1
0 16
0 48
1 19
3 35
3 39
4 5
4 14
5 49
6 36
7 18
7 34
8 3
8 40
9 23
9 47
11 37
14 25
16 24
16 31
19 8
19 26
19 28
23 13
23 46
25 10
25 42
26 27
26 32
28 7
28 22
29 11
29 38
31 44
35 9
38 6
38 20
42 12
44 4
46 29
46 41
backbone tree 29, llh: -7706.438985
-1 0
0 1
0 16
0 48
1 19
3 35
3 39
4 5
4 14
5 49
6 36
7 18
7 34
8 3
8 40
9 23
9 47
11 37
14 25
16 24
16 31
19 8
19 26
19 28
23 13
23 46
25 42
26 27
26 32
28 7
28 22
29 11
29 38
31 44
35 9
37 10
38 6
38 20
42 12
44 4
46 29
46 41
backbone tree 30, llh: -7706.416314
-1 0
0 1
0 16
0 48
1 19
3 35
3 39
4 5
4 14
5 49
6 36
7 18
7 34
8 3
8 40
9 23
9 47
11 37
14 25
16 24
16 31
19 8
19 26
19 28
23 13
23 46
25 42
26 27
26 32
28 7
28 22
29 11
29 38
31 44
35 9
38 6
38 20
42 12
44 4
46 29
46 41
47 10
backbone tree 31, llh: -7706.426676
-1 0
0 1
0 16
0 48
1 19
3 35
3 39
4 5
4 14
5 49
6 36
7 34
8 3
8 40
9 23
9 47
11 37
14 25
16 24
16 31
19 8
19 26
19 28
23 13
23 46
25 10
25 42
26 18
26 27
26 32
28 7
28 22
29 11
29 38
31 44
35 9
38 6
38 20
42 12
44 4
46 29
46 41
backbone tree 32, llh: -7706.367229
-1 0
0 1
0 16
0 48
1 19
3 35
3 39
4 5
4 14
5 49
6 36
7 34
8 3
8 40
9 23
9 47
11 37
14 25
16 24
16 31
19 8
19 26
19 28
23 13
23 46
25 10
25 42
26 27
26 32
28 7
28 22
29 11
29 38
31 44
35 9
38 6
38 20
39 18
42 12
44 4
46 29
46 41
backbone tree 33, llh: -7706.427008
-1 0
0 1
0 16
0 48
1 19
3 35
3 39
4 5
4 14
5 49
6 36
7 34
8 3
8 40
9 23
9 47
11 37
14 25
16 24
16 31
19 8
19 26
19 28
23 13
23 46
25 42
26 27
26 32
28 7
28 22
29 11
29 38
31 44
35 9
38 6
38 20
39 18
42 12
44 4
46 29
46 41
47 10
backbone tree 34, llh: -7706.341073
-1 0
0 1
0 16
0 48
1 19
3 35
3 39
4 5
4 14
6 36
7 18
7 34
8 3
8 40
9 23
9 47
11 37
14 25
16 24
16 31
19 8
19 26
19 28
23 13
23 46
25 10
25 42
26 27
26 32
28 7
28 22
29 11
29 38
31 44
35 9
38 6
38 20
39 49
42 12
44 4
46 29
46 41
backbone tree 35, llh: -7706.423522
-1 0
0 1
0 16
0 48
1 19
3 35
3 39
4 5
4 14
6 36
7 18
7 34
8 3
8 40
9 23
9 47
11 37
14 25
16 24
16 31
19 8
19 26
19 28
23 13
23 46
25 42
26 27
26 32
28 7
28 22
29 11
29 38
31 44
35 9
37 10
38 6
38 20
39 49
42 12
44 4
46 29
46 41
backbone tree 36, llh: -7706.400851
-1 0
0 1
0 16
0 48
1 19
3 35
3 39
4 5
4 14
6 36
7 18
7 34
8 3
8 40
9 23
9 47
11 37
14 25
16 24
16 31
19 8
19 26
19 28
23 13
23 46
25 42
26 27
26 32
28 7
28 22
29 11
29 38
31 44
35 9
38 6
38 20
39 49
42 12
44 4
46 29
46 41
47 10
backbone tree 37, llh: -7706.411213
-1 0
0 1
0 16
0 48
1 19
3 35
3 39
4 5
4 14
6 36
7 34
8 3
8 40
9 23
9 47
11 37
14 25
16 24
16 31
19 8
19 26
19 28
23 13
23 46
25 10
25 42
26 18
26 27
26 32
28 7
28 22
29 11
29 38
31 44
35 9
38 6
38 20
39 49
42 12
44 4
46 29
46 41
backbone tree 38, llh: -7706.433105
-1 0
0 1
0 16
0 48
1 19
3 35
3 39
4 5
4 14
5 49
6 36
6 40
7 18
7 34
8 3
9 23
11 37
14 25
16 24
16 31
19 8
19 26
19 28
23 13
23 46
25 10
25 42
26 27
26 32
28 7
28 22
28 47
29 11
29 38
31 44
35 9
38 6
38 20
42 12
44 4
46 29
46 41
backbone tree 39, llh: -7706.443716
-1 0
0 1
0 16
0 48
1 19
3 35
3 39
4 5
4 14
5 49
6 36
6 40
7 34
8 3
9 23
11 37
14 25
16 24
16 31
19 8
19 26
19 28
23 13
23 46
25 10
25 42
26 27
26 32
28 7
28 22
28 47
29 11
29 38
31 44
35 9
38 6
38 20
39 18
42 12
44 4
46 29
46 41
backbone tree 40, llh: -7706.417642
-1 0
0 1
0 16
0 48
1 19
3 35
3 39
4 5
4 14
6 36
6 40
7 18
7 34
8 3
9 23
11 37
14 25
16 24
16 31
19 8
19 26
19 28
23 13
23 46
25 10
25 42
26 27
26 32
28 7
28 22
28 47
29 11
29 38
31 44
35 9
38 6
38 20
39 49
42 12
44 4
46 29
46 41
backbone tree 41, llh: -7706.444451
-1 0
0 1
0 16
0 48
1 19
3 35
3 39
4 5
4 14
6 36
6 40
7 18
7 34
8 3
9 23
11 37
14 25
16 24
16 31
19 8
19 26
19 28
23 13
23 46
25 42
26 27
26 32
28 7
28 22
28 47
29 11
29 38
31 44
35 9
38 6
38 20
39 49
42 12
44 4
46 29
46 41
47 10
backbone tree 42, llh: -7706.374442
-1 0
0 1
0 16
0 48
1 19
3 35
3 39
4 5
4 14
5 49
6 36
7 18
7 34
8 3
8 40
9 23
11 37
14 25
16 24
16 31
19 8
19 26
19 28
23 13
23 46
25 10
25 42
26 27
26 32
28 7
28 22
28 47
29 11
29 38
31 44
35 9
38 6
38 20
42 12
44 4
46 29
46 41
backbone tree 43, llh: -7706.401252
-1 0
0 1
0 16
0 48
1 19
3 35
3 39
4 5
4 14
5 49
6 36
7 18
7 34
8 3
8 40
9 23
11 37
14 25
16 24
16 31
19 8
19 26
19 28
23 13
23 46
25 42
26 27
26 32
28 7
28 22
28 47
29 11
29 38
31 44
35 9
38 6
38 20
42 12
44 4
46 29
46 41
47 10
backbone tree 44, llh: -7706.385054
-1 0
0 1
0 16
0 48
1 19
3 35
3 39
4 5
4 14
5 49
6 36
7 34
8 3
8 40
9 23
11 37
14 25
16 24
16 31
19 8
19 26
19 28
23 13
23 46
25 10
25 42
26 27
26 32
28 7
28 22
28 47
29 11
29 38
31 44
35 9
38 6
38 20
39 18
42 12
44 4
46 29
46 41
backbone tree 45, llh: -7706.411828
-1 0
0 1
0 16
0 48
1 19
3 35
3 39
4 5
4 14
5 49
6 36
7 34
8 3
8 40
9 23
11 37
14 25
16 24
16 31
19 8
19 26
19 28
23 13
23 46
25 42
26 27
26 32
28 7
28 22
28 47
29 11
29 38
31 44
35 9
38 6
38 20
39 18
42 12
44 4
46 29
46 41
47 10
backbone tree 46, llh: -7706.358979
-1 0
0 1
0 16
0 48
1 19
3 35
3 39
4 5
4 14
6 36
7 18
7 34
8 3
8 40
9 23
11 37
14 25
16 24
16 31
19 8
19 26
19 28
23 13
23 46
25 10
25 42
26 27
26 32
28 7
28 22
28 47
29 11
29 38
31 44
35 9
38 6
38 20
39 49
42 12
44 4
46 29
46 41
backbone tree 47, llh: -7706.441428
-1 0
0 1
0 16
0 48
1 19
3 35
3 39
4 5
4 14
6 36
7 18
7 34
8 3
8 40
9 23
11 37
14 25
16 24
16 31
19 8
19 26
19 28
23 13
23 46
25 42
26 27
26 32
28 7
28 22
28 47
29 11
29 38
31 44
35 9
37 10
38 6
38 20
39 49
42 12
44 4
46 29
46 41
backbone tree 48, llh: -7706.385789
-1 0
0 1
0 16
0 48
1 19
3 35
3 39
4 5
4 14
6 36
7 18
7 34
8 3
8 40
9 23
11 37
14 25
16 24
16 31
19 8
19 26
19 28
23 13
23 46
25 42
26 27
26 32
28 7
28 22
28 47
29 11
29 38
31 44
35 9
38 6
38 20
39 49
42 12
44 4
46 29
46 41
47 10
backbone tree 49, llh: -7706.438270
-1 0
0 1
0 16
0 48
1 19
3 35
3 39
4 5
4 14
6 36
7 34
8 3
8 40
9 23
11 37
14 25
16 24
16 31
19 8
19 26
19 28
23 13
23 46
25 10
25 42
26 18
26 27
26 32
28 7
28 22
28 47
29 11
29 38
31 44
35 9
38 6
38 20
39 49
42 12
44 4
46 29
46 41
