# 35 backbone trees, 47 mutations
backbone tree 0, llh: -8467.398759
-1 0
0 23
0 37
0 40
1 8
3 7
3 39
4 9
4 10
4 33
6 20
6 38
10 11
11 29
12 35
12 43
13 18
15 48
16 22
17 41
18 12
18 34
20 16
22 13
22 24
25 2
25 27
27 45
29 31
30 36
30 44
32 4
32 17
33 15
33 19
33 25
33 30
34 28
35 5
40 3
40 32
43 49
44 14
45 46
46 1
46 6
46 42
backbone tree 1, llh: -8467.406130
-1 0
0 23
0 37
0 40
1 8
3 7
4 9
4 10
4 33
6 20
6 38
10 11
11 29
12 35
12 43
13 18
15 48
16 22
17 41
18 12
18 34
20 16
22 13
22 24
25 2
25 27
27 45
29 31
30 36
30 44
32 4
32 17
33 15
33 19
33 25
33 30
34 28
35 5
35 39
40 3
40 32
43 49
44 14
45 46
46 1
46 6
46 42
backbone tree 2, llh: -8467.399722
-1 0
0 23
0 40
1 8
2 49
3 7
3 39
4 9
4 10
4 33
6 20
6 38
10 11
11 29
12 35
12 43
13 18
15 48
16 22
17 41
18 12
18 34
20 16
22 13
22 24
25 2
25 27
27 45
29 31
30 36
30 44
32 4
32 17
32 37
33 15
33 19
33 25
33 30
34 28
35 5
40 3
40 32
44 14
45 46
46 1
46 6
46 42
backbone tree 3, llh: -8467.340427
-1 0
0 23
0 40
1 8
3 7
3 39
4 9
4 10
4 33
6 20
6 38
10 11
11 29
12 35
12 43
13 18
15 48
16 22
17 41
18 12
18 34
20 16
22 13
22 24
25 2
25 27
27 45
29 31
30 36
30 44
32 4
32 17
32 37
33 15
33 19
33 25
33 30
34 28
35 5
40 3
40 32
43 49
44 14
45 46
46 1
46 6
46 42
backbone tree 4, llh: -8467.407082
-1 0
0 23
0 40
1 8
2 49
3 7
4 9
4 10
4 33
6 20
6 38
10 11
11 29
12 35
12 43
13 18
15 48
16 22
17 41
18 12
18 34
20 16
22 13
22 24
25 2
25 27
27 45
29 31
30 36
30 44
32 4
32 17
32 37
33 15
33 19
33 25
33 30
34 28
35 5
35 39
40 3
40 32
44 14
45 46
46 1
46 6
46 42
backbone tree 5, llh: -8467.347797
-1 0
0 23
0 40
1 8
3 7
4 9
4 10
4 33
6 20
6 38
10 11
11 29
12 35
12 43
13 18
15 48
16 22
17 41
18 12
18 34
20 16
22 13
22 24
25 2
25 27
27 45
29 31
30 36
30 44
32 4
32 17
32 37
33 15
33 19
33 25
33 30
34 28
35 5
35 39
40 3
40 32
43 49
44 14
45 46
46 1
46 6
46 42
backbone tree 6, llh: -8467.372860
-1 0
0 23
0 40
1 8
3 7
3 39
4 9
4 10
4 33
6 20
6 38
10 11
11 29
12 35
12 43
13 18
15 48
16 22
17 41
18 12
18 34
20 16
22 13
22 24
25 2
25 27
27 45
29 31
30 36
30 44
32 4
32 17
33 15
33 19
33 25
33 30
33 37
34 28
35 5
40 3
40 32
43 49
44 14
45 46
46 1
46 6
46 42
backbone tree 7, llh: -8467.380250
-1 0
0 23
0 40
1 8
3 7
4 9
4 10
4 33
6 20
6 38
10 11
11 29
12 35
12 43
13 18
15 48
16 22
17 41
18 12
18 34
20 16
22 13
22 24
25 2
25 27
27 45
29 31
30 36
30 44
32 4
32 17
33 15
33 19
33 25
33 30
33 37
34 28
35 5
35 39
40 3
40 32
43 49
44 14
45 46
46 1
46 6
46 42
backbone tree 8, llh: -8467.363884
-1 0
0 23
0 40
1 8
2 49
3 7
3 39
4 9
4 10
4 33
6 20
6 38
10 11
11 29
12 35
12 43
13 18
15 48
16 22
17 41
18 12
18 34
20 16
22 13
22 24
25 2
25 27
27 45
29 31
30 36
30 44
32 4
32 17
33 15
33 19
33 25
33 30
34 28
35 5
35 37
40 3
40 32
44 14
45 46
46 1
46 6
46 42
backbone tree 9, llh: -8467.305946
-1 0
0 23
0 40
1 8
3 7
3 39
4 9
4 10
4 33
6 20
6 38
10 11
11 29
12 35
12 43
13 18
15 48
16 22
17 41
18 12
18 34
20 16
22 13
22 24
25 2
25 27
27 45
29 31
30 36
30 44
32 4
32 17
33 15
33 19
33 25
33 30
34 28
35 5
35 37
40 3
40 32
43 49
44 14
45 46
46 1
46 6
46 42
backbone tree 10, llh: -8467.371479
-1 0
0 23
0 40
1 8
2 49
3 7
4 9
4 10
4 33
6 20
6 38
10 11
11 29
12 35
12 43
13 18
15 48
16 22
17 41
18 12
18 34
20 16
22 13
22 24
25 2
25 27
27 45
29 31
30 36
30 44
32 4
32 17
33 15
33 19
33 25
33 30
34 28
35 5
35 37
35 39
40 3
40 32
44 14
45 46
46 1
46 6
46 42
backbone tree 11, llh: -8467.313550
-1 0
0 23
0 40
1 8
3 7
4 9
4 10
4 33
6 20
6 38
10 11
11 29
12 35
12 43
13 18
15 48
16 22
17 41
18 12
18 34
20 16
22 13
22 24
25 2
25 27
27 45
29 31
30 36
30 44
32 4
32 17
33 15
33 19
33 25
33 30
34 28
35 5
35 37
35 39
40 3
40 32
43 49
44 14
45 46
46 1
46 6
46 42
backbone tree 12, llh: -8467.387423
-1 0
0 23
0 40
1 49
3 7
3 39
4 9
4 10
4 33
5 8
6 20
6 38
10 11
11 29
12 35
12 43
13 18
15 48
16 22
17 41
18 12
18 34
20 16
22 13
22 24
25 2
25 27
27 45
29 31
30 36
30 44
32 4
32 17
32 37
33 15
33 19
33 25
33 30
34 28
35 5
40 3
40 32
44 14
45 46
46 1
46 6
46 42
backbone tree 13, llh: -8467.390981
-1 0
0 23
0 40
1 14
3 7
3 39
4 9
4 10
4 33
5 8
6 20
6 38
10 11
11 29
12 35
12 43
13 18
15 48
16 22
17 41
18 12
18 34
20 16
22 13
22 24
25 2
25 27
27 45
29 31
30 36
30 44
32 4
32 17
32 37
33 15
33 19
33 25
33 30
34 28
35 5
40 3
40 32
43 49
45 46
46 1
46 6
46 42
backbone tree 14, llh: -8467.391160
-1 0
0 23
0 40
3 7
3 39
4 9
4 10
4 33
5 8
6 20
6 38
10 11
11 29
12 35
12 43
13 18
15 48
16 22
17 41
18 12
18 34
20 16
22 13
22 24
25 2
25 27
27 45
29 31
30 36
30 44
32 4
32 17
32 37
33 15
33 19
33 25
33 30
34 28
35 5
40 3
40 32
43 49
44 14
45 46
46 1
46 6
46 42
backbone tree 15, llh: -8467.394840
-1 0
0 23
0 40
1 49
3 7
4 9
4 10
4 33
5 8
6 20
6 38
10 11
11 29
12 35
12 43
13 18
15 48
16 22
17 41
18 12
18 34
20 16
22 13
22 24
25 2
25 27
27 45
29 31
30 36
30 44
32 4
32 17
32 37
33 15
33 19
33 25
33 30
34 28
35 5
35 39
40 3
40 32
44 14
45 46
46 1
46 6
46 42
backbone tree 16, llh: -8467.398407
-1 0
0 23
0 40
1 14
3 7
4 9
4 10
4 33
5 8
6 20
6 38
10 11
11 29
12 35
12 43
13 18
15 48
16 22
17 41
18 12
18 34
20 16
22 13
22 24
25 2
25 27
27 45
29 31
30 36
30 44
32 4
32 17
32 37
33 15
33 19
33 25
33 30
34 28
35 5
35 39
40 3
40 32
43 49
45 46
46 1
46 6
46 42
backbone tree 17, llh: -8467.398587
-1 0
0 23
0 40
3 7
4 9
4 10
4 33
5 8
6 20
6 38
10 11
11 29
12 35
12 43
13 18
15 48
16 22
17 41
18 12
18 34
20 16
22 13
22 24
25 2
25 27
27 45
29 31
30 36
30 44
32 4
32 17
32 37
33 15
33 19
33 25
33 30
34 28
35 5
35 39
40 3
40 32
43 49
44 14
45 46
46 1
46 6
46 42
backbone tree 18, llh: -8467.352988
-1 0
0 23
0 40
1 49
3 7
3 39
4 9
4 10
4 33
5 8
6 20
6 38
10 11
11 29
12 35
12 43
13 18
15 48
16 22
17 41
18 12
18 34
20 16
22 13
22 24
25 2
25 27
27 45
29 31
30 36
30 44
32 4
32 17
33 15
33 19
33 25
33 30
34 28
35 5
35 37
40 3
40 32
44 14
45 46
46 1
46 6
46 42
backbone tree 19, llh: -8467.356555
-1 0
0 23
0 40
1 14
3 7
3 39
4 9
4 10
4 33
5 8
6 20
6 38
10 11
11 29
12 35
12 43
13 18
15 48
16 22
17 41
18 12
18 34
20 16
22 13
22 24
25 2
25 27
27 45
29 31
30 36
30 44
32 4
32 17
33 15
33 19
33 25
33 30
34 28
35 5
35 37
40 3
40 32
43 49
45 46
46 1
46 6
46 42
backbone tree 20, llh: -8467.356734
-1 0
0 23
0 40
3 7
3 39
4 9
4 10
4 33
5 8
6 20
6 38
10 11
11 29
12 35
12 43
13 18
15 48
16 22
17 41
18 12
18 34
20 16
22 13
22 24
25 2
25 27
27 45
29 31
30 36
30 44
32 4
32 17
33 15
33 19
33 25
33 30
34 28
35 5
35 37
40 3
40 32
43 49
44 14
45 46
46 1
46 6
46 42
backbone tree 21, llh: -8467.360640
-1 0
0 23
0 40
1 49
3 7
4 9
4 10
4 33
5 8
6 20
6 38
10 11
11 29
12 35
12 43
13 18
15 48
16 22
17 41
18 12
18 34
20 16
22 13
22 24
25 2
25 27
27 45
29 31
30 36
30 44
32 4
32 17
33 15
33 19
33 25
33 30
34 28
35 5
35 37
35 39
40 3
40 32
44 14
45 46
46 1
46 6
46 42
backbone tree 22, llh: -8467.364215
-1 0
0 23
0 40
1 14
3 7
4 9
4 10
4 33
5 8
6 20
6 38
10 11
11 29
12 35
12 43
13 18
15 48
16 22
17 41
18 12
18 34
20 16
22 13
22 24
25 2
25 27
27 45
29 31
30 36
30 44
32 4
32 17
33 15
33 19
33 25
33 30
34 28
35 5
35 37
35 39
40 3
40 32
43 49
45 46
46 1
46 6
46 42
backbone tree 23, llh: -8467.364395
-1 0
0 23
0 40
3 7
4 9
4 10
4 33
5 8
6 20
6 38
10 11
11 29
12 35
12 43
13 18
15 48
16 22
17 41
18 12
18 34
20 16
22 13
22 24
25 2
25 27
27 45
29 31
30 36
30 44
32 4
32 17
33 15
33 19
33 25
33 30
34 28
35 5
35 37
35 39
40 3
40 32
43 49
44 14
45 46
46 1
46 6
46 42
backbone tree 24, llh: -8467.391891
-1 0
0 23
0 40
1 49
3 7
3 39
4 9
4 10
4 33
6 20
6 38
10 11
11 29
12 35
12 43
13 18
15 8
15 48
16 22
17 41
18 12
18 34
20 16
22 13
22 24
25 2
25 27
27 45
29 31
30 36
30 44
32 4
32 17
33 15
33 19
33 25
33 30
34 28
35 5
35 37
40 3
40 32
44 14
45 46
46 1
46 6
46 42
backbone tree 25, llh: -8467.395456
-1 0
0 23
0 40
1 14
3 7
3 39
4 9
4 10
4 33
6 20
6 38
10 11
11 29
12 35
12 43
13 18
15 8
15 48
16 22
17 41
18 12
18 34
20 16
22 13
22 24
25 2
25 27
27 45
29 31
30 36
30 44
32 4
32 17
33 15
33 19
33 25
33 30
34 28
35 5
35 37
40 3
40 32
43 49
45 46
46 1
46 6
46 42
backbone tree 26, llh: -8467.395636
-1 0
0 23
0 40
3 7
3 39
4 9
4 10
4 33
6 20
6 38
10 11
11 29
12 35
12 43
13 18
15 8
15 48
16 22
17 41
18 12
18 34
20 16
22 13
22 24
25 2
25 27
27 45
29 31
30 36
30 44
32 4
32 17
33 15
33 19
33 25
33 30
34 28
35 5
35 37
40 3
40 32
43 49
44 14
45 46
46 1
46 6
46 42
backbone tree 27, llh: -8467.399486
-1 0
0 23
0 40
1 49
3 7
4 9
4 10
4 33
6 20
6 38
10 11
11 29
12 35
12 43
13 18
15 8
15 48
16 22
17 41
18 12
18 34
20 16
22 13
22 24
25 2
25 27
27 45
29 31
30 36
30 44
32 4
32 17
33 15
33 19
33 25
33 30
34 28
35 5
35 37
35 39
40 3
40 32
44 14
45 46
46 1
46 6
46 42
backbone tree 28, llh: -8467.403061
-1 0
0 23
0 40
1 14
3 7
4 9
4 10
4 33
6 20
6 38
10 11
11 29
12 35
12 43
13 18
15 8
15 48
16 22
17 41
18 12
18 34
20 16
22 13
22 24
25 2
25 27
27 45
29 31
30 36
30 44
32 4
32 17
33 15
33 19
33 25
33 30
34 28
35 5
35 37
35 39
40 3
40 32
43 49
45 46
46 1
46 6
46 42
backbone tree 29, llh: -8467.403241
-1 0
0 23
0 40
3 7
4 9
4 10
4 33
6 20
6 38
10 11
11 29
12 35
12 43
13 18
15 8
15 48
16 22
17 41
18 12
18 34
20 16
22 13
22 24
25 2
25 27
27 45
29 31
30 36
30 44
32 4
32 17
33 15
33 19
33 25
33 30
34 28
35 5
35 37
35 39
40 3
40 32
43 49
44 14
45 46
46 1
46 6
46 42
backbone tree 30, llh: -8467.408170
-1 0
0 37
0 40
1 8
3 7
3 39
4 9
4 10
4 33
6 20
6 38
10 11
11 29
12 35
12 43
13 18
15 48
16 22
17 41
18 12
18 34
20 16
22 13
22 24
25 2
25 27
27 45
29 31
30 36
30 44
32 4
32 17
32 23
33 15
33 19
33 25
33 30
34 28
35 5
40 3
40 32
43 49
44 14
45 46
46 1
46 6
46 42
backbone tree 31, llh: -8467.366838
-1 0
0 40
1 8
3 7
3 39
4 9
4 10
4 33
6 20
6 38
10 11
11 29
12 35
12 43
13 18
15 48
16 22
17 41
18 12
18 34
20 16
22 13
22 24
25 2
25 27
27 45
29 31
30 36
30 44
32 4
32 17
32 23
33 15
33 19
33 25
33 30
34 28
35 5
35 37
40 3
40 32
43 49
44 14
45 46
46 1
46 6
46 42
backbone tree 32, llh: -8467.374443
-1 0
0 40
1 8
3 7
4 9
4 10
4 33
6 20
6 38
10 11
11 29
12 35
12 43
13 18
15 48
16 22
17 41
18 12
18 34
20 16
22 13
22 24
25 2
25 27
27 45
29 31
30 36
30 44
32 4
32 17
32 23
33 15
33 19
33 25
33 30
34 28
35 5
35 37
35 39
40 3
40 32
43 49
44 14
45 46
46 1
46 6
46 42
backbone tree 33, llh: -8467.373876
-1 0
0 23
0 40
1 8
3 7
3 39
4 9
4 10
4 33
6 20
10 11
11 29
12 35
12 43
13 18
15 48
16 22
17 41
18 12
18 34
20 16
22 13
22 24
25 2
25 27
27 45
29 31
30 36
30 44
32 4
32 17
32 38
33 15
33 19
33 25
33 30
34 28
35 5
35 37
40 3
40 32
43 49
44 14
45 46
46 1
46 6
46 42
backbone tree 34, llh: -8467.381481
-1 0
0 23
0 40
1 8
3 7
4 9
4 10
4 33
6 20
10 11
11 29
12 35
12 43
13 18
15 48
16 22
17 41
18 12
18 34
20 16
22 13
22 24
25 2
25 27
27 45
29 31
30 36
30 44
32 4
32 17
32 38
33 15
33 19
33 25
33 30
34 28
35 5
35 37
35 39
40 3
40 32
43 49
44 14
45 46
46 1
46 6
46 42
