# 15 backbone trees, 42 mutations
backbone tree 0, llh: -8276.394542
-1 0
0 18
0 23
0 30
0 33
2 1
5 40
6 32
6 38
7 20
7 45
10 3
10 9
11 39
12 10
12 37
15 22
18 2
18 24
18 43
19 21
19 26
19 35
21 29
21 31
22 6
24 7
24 11
25 42
26 44
28 13
32 28
32 41
34 25
35 5
38 14
38 19
39 46
40 12
45 15
45 34
46 16
backbone tree 1, llh: -8276.394428
-1 0
0 18
0 23
0 30
0 33
2 1
5 40
6 32
6 38
7 20
7 45
10 3
10 9
11 39
12 10
12 37
15 22
18 2
18 24
18 43
19 21
19 26
19 35
21 29
21 31
22 6
24 7
24 11
25 42
26 44
28 13
32 28
34 25
35 5
38 14
38 19
39 41
39 46
40 12
45 15
45 34
46 16
backbone tree 2, llh: -8276.472343
-1 0
0 18
0 23
0 30
0 33
2 1
5 40
6 14
6 32
6 38
7 20
7 45
10 9
11 39
12 10
12 37
15 22
18 2
18 24
18 43
19 21
19 26
19 35
21 29
21 31
22 6
24 7
24 11
25 3
25 42
26 44
28 13
32 28
32 41
34 25
35 5
38 19
39 46
40 12
45 15
45 34
46 16
backbone tree 3, llh: -8276.472181
-1 0
0 18
0 23
0 30
0 33
2 1
5 40
6 14
6 32
6 38
7 20
7 45
10 9
11 39
12 10
12 37
15 22
18 2
18 24
18 43
19 21
19 26
19 35
21 29
21 31
22 6
24 7
24 11
25 3
25 42
26 44
28 13
32 28
34 25
35 5
38 19
39 41
39 46
40 12
45 15
45 34
46 16
backbone tree 4, llh: -8276.477999
-1 0
0 18
0 23
0 30
0 33
0 41
2 1
5 40
6 32
6 38
7 20
7 45
10 9
11 39
12 10
12 37
15 22
18 2
18 24
18 43
19 21
19 26
19 35
21 29
21 31
22 6
24 7
24 11
25 3
25 42
26 44
28 13
32 28
34 25
35 5
38 14
38 19
39 46
40 12
45 15
45 34
46 16
backbone tree 5, llh: -8276.413678
-1 0
0 18
0 23
0 30
0 33
2 1
3 42
5 40
6 32
6 38
7 20
7 45
10 9
11 39
12 10
12 37
15 22
18 2
18 24
18 43
19 21
19 26
19 35
21 29
21 31
22 6
24 7
24 11
25 3
26 44
28 13
32 28
32 41
34 25
35 5
38 14
38 19
39 46
40 12
45 15
45 34
46 16
backbone tree 6, llh: -8276.383118
-1 0
0 18
0 23
0 30
0 33
2 1
5 40
6 32
6 38
7 20
7 45
10 9
11 39
12 10
12 37
15 22
18 2
18 24
18 43
19 21
19 26
19 35
21 29
21 31
22 6
24 7
24 11
25 3
25 42
26 44
28 13
32 28
32 41
34 25
35 5
38 14
38 19
39 46
40 12
45 15
45 34
46 16
backbone tree 7, llh: -8276.483516
-1 0
0 18
0 23
0 33
2 1
5 40
6 32
6 38
7 20
7 45
10 9
11 39
12 10
12 37
15 22
18 2
18 24
18 43
19 21
19 26
19 35
21 29
21 31
22 6
22 30
24 7
24 11
25 3
25 42
26 44
28 13
32 28
32 41
34 25
35 5
38 14
38 19
39 46
40 12
45 15
45 34
46 16
backbone tree 8, llh: -8276.413564
-1 0
0 18
0 23
0 30
0 33
2 1
3 42
5 40
6 32
6 38
7 20
7 45
10 9
11 39
12 10
12 37
15 22
18 2
18 24
18 43
19 21
19 26
19 35
21 29
21 31
22 6
24 7
24 11
25 3
26 44
28 13
32 28
34 25
35 5
38 14
38 19
39 41
39 46
40 12
45 15
45 34
46 16
backbone tree 9, llh: -8276.383004
-1 0
0 18
0 23
0 30
0 33
2 1
5 40
6 32
6 38
7 20
7 45
10 9
11 39
12 10
12 37
15 22
18 2
18 24
18 43
19 21
19 26
19 35
21 29
21 31
22 6
24 7
24 11
25 3
25 42
26 44
28 13
32 28
34 25
35 5
38 14
38 19
39 41
39 46
40 12
45 15
45 34
46 16
backbone tree 10, llh: -8276.483402
-1 0
0 18
0 23
0 33
2 1
5 40
6 32
6 38
7 20
7 45
10 9
11 39
12 10
12 37
15 22
18 2
18 24
18 43
19 21
19 26
19 35
21 29
21 31
22 6
22 30
24 7
24 11
25 3
25 42
26 44
28 13
32 28
34 25
35 5
38 14
38 19
39 41
39 46
40 12
45 15
45 34
46 16
backbone tree 11, llh: -8276.450446
-1 0
0 18
0 23
0 30
2 1
2 33
5 40
6 32
6 38
7 20
7 45
10 9
11 39
12 10
12 37
15 22
18 2
18 24
18 43
19 21
19 26
19 35
21 29
21 31
22 6
24 7
24 11
25 3
25 42
26 44
28 13
32 28
32 41
34 25
35 5
38 14
38 19
39 46
40 12
45 15
45 34
46 16
backbone tree 12, llh: -8276.450332
-1 0
0 18
0 23
0 30
2 1
2 33
5 40
6 32
6 38
7 20
7 45
10 9
11 39
12 10
12 37
15 22
18 2
18 24
18 43
19 21
19 26
19 35
21 29
21 31
22 6
24 7
24 11
25 3
25 42
26 44
28 13
32 28
34 25
35 5
38 14
38 19
39 41
39 46
40 12
45 15
45 34
46 16
backbone tree 13, llh: -8276.457753
-1 0
0 18
0 23
0 30
0 33
2 1
5 40
6 32
6 38
7 45
10 9
11 39
12 10
12 37
15 22
18 2
18 24
18 43
19 21
19 26
19 35
21 29
21 31
22 6
24 7
24 11
24 20
25 3
25 42
26 44
28 13
32 28
32 41
34 25
35 5
38 14
38 19
39 46
40 12
45 15
45 34
46 16
backbone tree 14, llh: -8276.457677
-1 0
0 18
0 23
0 30
0 33
2 1
5 40
6 32
6 38
7 45
10 9
11 39
12 10
12 37
15 22
18 2
18 24
18 43
19 21
19 26
19 35
21 29
21 31
22 6
24 7
24 11
24 20
25 3
25 42
26 44
28 13
32 28
34 25
35 5
38 14
38 19
39 41
39 46
40 12
45 15
45 34
46 16
