# 35 backbone trees, 45 mutations
backbone tree 0, llh: -9227.878283
-1 0
0 13
0 18
0 21
0 38
1 5
2 8
2 10
2 24
2 37
2 47
3 28
8 11
8 14
9 12
9 17
12 23
15 3
17 31
20 43
21 9
22 36
23 2
23 16
23 39
23 48
25 34
27 35
28 45
28 46
30 22
30 44
31 25
32 30
34 15
38 1
38 4
40 42
42 32
42 33
45 20
45 26
45 40
45 41
46 27
backbone tree 1, llh: -9227.880993
-1 0
0 13
0 18
0 21
0 38
1 5
2 8
2 10
2 24
2 37
2 47
3 28
8 14
9 12
9 17
12 23
15 3
17 31
20 43
21 9
22 11
22 36
23 2
23 16
23 39
23 48
25 34
27 35
28 45
28 46
30 22
30 44
31 25
32 30
34 15
38 1
38 4
40 42
42 32
42 33
45 20
45 26
45 40
45 41
46 27
backbone tree 2, llh: -9227.893441
-1 0
0 13
0 18
0 21
0 38
1 5
2 8
2 10
2 24
2 37
2 47
3 28
8 14
9 12
9 17
12 23
15 3
17 31
20 43
21 9
22 36
23 2
23 16
23 39
23 48
25 34
27 35
28 45
28 46
30 22
30 44
31 25
32 30
34 15
38 1
38 4
40 42
42 32
42 33
45 20
45 26
45 40
45 41
46 27
48 11
backbone tree 3, llh: -9227.870957
-1 0
0 13
0 18
0 21
0 38
1 5
2 8
2 10
2 24
2 37
2 47
3 28
8 11
8 14
9 12
9 17
12 23
15 3
17 31
21 9
22 36
23 2
23 16
23 39
23 48
25 34
26 43
27 35
28 45
28 46
30 22
30 44
31 25
32 30
34 15
38 1
38 4
40 42
42 32
42 33
45 20
45 26
45 40
45 41
46 27
backbone tree 4, llh: -9227.873667
-1 0
0 13
0 18
0 21
0 38
1 5
2 8
2 10
2 24
2 37
2 47
3 28
8 14
9 12
9 17
12 23
15 3
17 31
21 9
22 11
22 36
23 2
23 16
23 39
23 48
25 34
26 43
27 35
28 45
28 46
30 22
30 44
31 25
32 30
34 15
38 1
38 4
40 42
42 32
42 33
45 20
45 26
45 40
45 41
46 27
backbone tree 5, llh: -9227.886115
-1 0
0 13
0 18
0 21
0 38
1 5
2 8
2 10
2 24
2 37
2 47
3 28
8 14
9 12
9 17
12 23
15 3
17 31
21 9
22 36
23 2
23 16
23 39
23 48
25 34
26 43
27 35
28 45
28 46
30 22
30 44
31 25
32 30
34 15
38 1
38 4
40 42
42 32
42 33
45 20
45 26
45 40
45 41
46 27
48 11
backbone tree 6, llh: -9227.879997
-1 0
0 13
0 18
0 21
0 38
1 5
2 8
2 10
2 24
2 37
3 28
8 11
8 14
9 12
9 17
12 23
15 3
17 31
20 43
21 9
22 36
23 2
23 16
23 39
23 48
25 34
27 35
28 45
28 46
30 22
30 44
31 25
32 30
33 47
34 15
38 1
38 4
40 42
42 32
42 33
45 20
45 26
45 40
45 41
46 27
backbone tree 7, llh: -9227.882729
-1 0
0 13
0 18
0 21
0 38
1 5
2 8
2 10
2 24
2 37
3 28
8 14
9 12
9 17
12 23
15 3
17 31
20 43
21 9
22 11
22 36
23 2
23 16
23 39
23 48
25 34
27 35
28 45
28 46
30 22
30 44
31 25
32 30
33 47
34 15
38 1
38 4
40 42
42 32
42 33
45 20
45 26
45 40
45 41
46 27
backbone tree 8, llh: -9227.895174
-1 0
0 13
0 18
0 21
0 38
1 5
2 8
2 10
2 24
2 37
3 28
8 14
9 12
9 17
12 23
15 3
17 31
20 43
21 9
22 36
23 2
23 16
23 39
23 48
25 34
27 35
28 45
28 46
30 22
30 44
31 25
32 30
33 47
34 15
38 1
38 4
40 42
42 32
42 33
45 20
45 26
45 40
45 41
46 27
48 11
backbone tree 9, llh: -9227.872746
-1 0
0 13
0 18
0 21
0 38
1 5
2 8
2 10
2 24
2 37
3 28
8 11
8 14
9 12
9 17
12 23
15 3
17 31
21 9
22 36
23 2
23 16
23 39
23 48
25 34
26 43
27 35
28 45
28 46
30 22
30 44
31 25
32 30
33 47
34 15
38 1
38 4
40 42
42 32
42 33
45 20
45 26
45 40
45 41
46 27
backbone tree 10, llh: -9227.875478
-1 0
0 13
0 18
0 21
0 38
1 5
2 8
2 10
2 24
2 37
3 28
8 14
9 12
9 17
12 23
15 3
17 31
21 9
22 11
22 36
23 2
23 16
23 39
23 48
25 34
26 43
27 35
28 45
28 46
30 22
30 44
31 25
32 30
33 47
34 15
38 1
38 4
40 42
42 32
42 33
45 20
45 26
45 40
45 41
46 27
backbone tree 11, llh: -9227.887923
-1 0
0 13
0 18
0 21
0 38
1 5
2 8
2 10
2 24
2 37
3 28
8 14
9 12
9 17
12 23
15 3
17 31
21 9
22 36
23 2
23 16
23 39
23 48
25 34
26 43
27 35
28 45
28 46
30 22
30 44
31 25
32 30
33 47
34 15
38 1
38 4
40 42
42 32
42 33
45 20
45 26
45 40
45 41
46 27
48 11
backbone tree 12, llh: -9227.801809
-1 0
0 13
0 18
0 21
0 38
1 5
2 8
2 10
2 37
2 47
3 28
8 11
8 14
9 12
9 17
12 23
15 3
17 31
20 43
21 9
22 36
23 2
23 16
23 39
23 48
25 34
26 24
27 35
28 45
28 46
30 22
30 44
31 25
32 30
34 15
38 1
38 4
40 42
42 32
42 33
45 20
45 26
45 40
45 41
46 27
backbone tree 13, llh: -9227.856502
-1 0
0 13
0 18
0 21
0 38
1 5
2 8
2 10
2 37
2 47
3 28
8 14
9 12
9 17
12 11
12 23
15 3
17 31
20 43
21 9
22 36
23 2
23 16
23 39
23 48
25 34
26 24
27 35
28 45
28 46
30 22
30 44
31 25
32 30
34 15
38 1
38 4
40 42
42 32
42 33
45 20
45 26
45 40
45 41
46 27
backbone tree 14, llh: -9227.804538
-1 0
0 13
0 18
0 21
0 38
1 5
2 8
2 10
2 37
2 47
3 28
8 14
9 12
9 17
12 23
15 3
17 31
20 43
21 9
22 11
22 36
23 2
23 16
23 39
23 48
25 34
26 24
27 35
28 45
28 46
30 22
30 44
31 25
32 30
34 15
38 1
38 4
40 42
42 32
42 33
45 20
45 26
45 40
45 41
46 27
backbone tree 15, llh: -9227.878241
-1 0
0 13
0 18
0 21
0 38
1 5
2 8
2 10
2 37
2 47
3 28
8 14
9 12
9 17
12 23
15 3
17 31
20 43
21 9
22 36
23 2
23 16
23 39
23 48
25 34
26 24
27 35
28 45
28 46
30 22
30 44
31 25
32 30
34 15
35 11
38 1
38 4
40 42
42 32
42 33
45 20
45 26
45 40
45 41
46 27
backbone tree 16, llh: -9227.874282
-1 0
0 13
0 18
0 21
0 38
1 5
2 8
2 10
2 37
2 47
3 28
8 14
9 12
9 17
12 23
15 3
17 31
20 43
21 9
22 36
23 2
23 16
23 39
23 48
25 34
26 24
27 35
28 45
28 46
30 22
30 44
31 25
32 30
34 15
36 11
38 1
38 4
40 42
42 32
42 33
45 20
45 26
45 40
45 41
46 27
backbone tree 17, llh: -9227.814817
-1 0
0 13
0 18
0 21
0 38
1 5
2 8
2 10
2 37
2 47
3 28
8 14
9 12
9 17
12 23
15 3
17 31
20 43
21 9
22 36
23 2
23 16
23 39
23 48
25 34
26 24
27 35
28 45
28 46
30 22
30 44
31 25
32 30
34 15
38 1
38 4
40 42
42 32
42 33
45 20
45 26
45 40
45 41
46 27
48 11
backbone tree 18, llh: -9227.893476
-1 0
0 13
0 18
0 21
0 38
1 5
2 8
2 10
2 14
2 37
3 28
8 11
9 12
9 17
12 23
15 3
17 31
20 43
21 9
22 36
23 2
23 16
23 39
23 48
25 34
26 24
27 35
28 45
28 46
30 22
30 44
31 25
32 30
33 47
34 15
38 1
38 4
40 42
42 32
42 33
45 20
45 26
45 40
45 41
46 27
backbone tree 19, llh: -9227.896945
-1 0
0 13
0 18
0 21
0 38
1 5
2 8
2 10
2 14
2 37
3 28
9 12
9 17
12 23
15 3
17 31
20 43
21 9
22 11
22 36
23 2
23 16
23 39
23 48
25 34
26 24
27 35
28 45
28 46
30 22
30 44
31 25
32 30
33 47
34 15
38 1
38 4
40 42
42 32
42 33
45 20
45 26
45 40
45 41
46 27
backbone tree 20, llh: -9227.907224
-1 0
0 13
0 18
0 21
0 38
1 5
2 8
2 10
2 14
2 37
3 28
9 12
9 17
12 23
15 3
17 31
20 43
21 9
22 36
23 2
23 16
23 39
23 48
25 34
26 24
27 35
28 45
28 46
30 22
30 44
31 25
32 30
33 47
34 15
38 1
38 4
40 42
42 32
42 33
45 20
45 26
45 40
45 41
46 27
48 11
backbone tree 21, llh: -9227.803689
-1 0
0 13
0 18
0 21
0 38
1 5
2 8
2 10
2 37
3 28
8 11
8 14
9 12
9 17
12 23
15 3
17 31
20 43
21 9
22 36
23 2
23 16
23 39
23 48
25 34
26 24
27 35
28 45
28 46
30 22
30 44
31 25
32 30
33 47
34 15
38 1
38 4
40 42
42 32
42 33
45 20
45 26
45 40
45 41
46 27
backbone tree 22, llh: -9227.858407
-1 0
0 13
0 18
0 21
0 38
1 5
2 8
2 10
2 37
3 28
8 14
9 12
9 17
12 11
12 23
15 3
17 31
20 43
21 9
22 36
23 2
23 16
23 39
23 48
25 34
26 24
27 35
28 45
28 46
30 22
30 44
31 25
32 30
33 47
34 15
38 1
38 4
40 42
42 32
42 33
45 20
45 26
45 40
45 41
46 27
backbone tree 23, llh: -9227.806450
-1 0
0 13
0 18
0 21
0 38
1 5
2 8
2 10
2 37
3 28
8 14
9 12
9 17
12 23
15 3
17 31
20 43
21 9
22 11
22 36
23 2
23 16
23 39
23 48
25 34
26 24
27 35
28 45
28 46
30 22
30 44
31 25
32 30
33 47
34 15
38 1
38 4
40 42
42 32
42 33
45 20
45 26
45 40
45 41
46 27
backbone tree 24, llh: -9227.880152
-1 0
0 13
0 18
0 21
0 38
1 5
2 8
2 10
2 37
3 28
8 14
9 12
9 17
12 23
15 3
17 31
20 43
21 9
22 36
23 2
23 16
23 39
23 48
25 34
26 24
27 35
28 45
28 46
30 22
30 44
31 25
32 30
33 47
34 15
35 11
38 1
38 4
40 42
42 32
42 33
45 20
45 26
45 40
45 41
46 27
backbone tree 25, llh: -9227.876193
-1 0
0 13
0 18
0 21
0 38
1 5
2 8
2 10
2 37
3 28
8 14
9 12
9 17
12 23
15 3
17 31
20 43
21 9
22 36
23 2
23 16
23 39
23 48
25 34
26 24
27 35
28 45
28 46
30 22
30 44
31 25
32 30
33 47
34 15
36 11
38 1
38 4
40 42
42 32
42 33
45 20
45 26
45 40
45 41
46 27
backbone tree 26, llh: -9227.816727
-1 0
0 13
0 18
0 21
0 38
1 5
2 8
2 10
2 37
3 28
8 14
9 12
9 17
12 23
15 3
17 31
20 43
21 9
22 36
23 2
23 16
23 39
23 48
25 34
26 24
27 35
28 45
28 46
30 22
30 44
31 25
32 30
33 47
34 15
38 1
38 4
40 42
42 32
42 33
45 20
45 26
45 40
45 41
46 27
48 11
backbone tree 27, llh: -9227.837117
-1 0
0 18
0 21
0 38
1 5
2 8
2 10
2 37
2 47
3 28
8 11
8 14
9 12
9 13
9 17
12 23
15 3
17 31
20 43
21 9
22 36
23 2
23 16
23 39
23 48
25 34
26 24
27 35
28 45
28 46
30 22
30 44
31 25
32 30
34 15
38 1
38 4
40 42
42 32
42 33
45 20
45 26
45 40
45 41
46 27
backbone tree 28, llh: -9227.891836
-1 0
0 18
0 21
0 38
1 5
2 8
2 10
2 37
2 47
3 28
8 14
9 12
9 13
9 17
12 11
12 23
15 3
17 31
20 43
21 9
22 36
23 2
23 16
23 39
23 48
25 34
26 24
27 35
28 45
28 46
30 22
30 44
31 25
32 30
34 15
38 1
38 4
40 42
42 32
42 33
45 20
45 26
45 40
45 41
46 27
backbone tree 29, llh: -9227.839846
-1 0
0 18
0 21
0 38
1 5
2 8
2 10
2 37
2 47
3 28
8 14
9 12
9 13
9 17
12 23
15 3
17 31
20 43
21 9
22 11
22 36
23 2
23 16
23 39
23 48
25 34
26 24
27 35
28 45
28 46
30 22
30 44
31 25
32 30
34 15
38 1
38 4
40 42
42 32
42 33
45 20
45 26
45 40
45 41
46 27
backbone tree 30, llh: -9227.850126
-1 0
0 18
0 21
0 38
1 5
2 8
2 10
2 37
2 47
3 28
8 14
9 12
9 13
9 17
12 23
15 3
17 31
20 43
21 9
22 36
23 2
23 16
23 39
23 48
25 34
26 24
27 35
28 45
28 46
30 22
30 44
31 25
32 30
34 15
38 1
38 4
40 42
42 32
42 33
45 20
45 26
45 40
45 41
46 27
48 11
backbone tree 31, llh: -9227.838998
-1 0
0 18
0 21
0 38
1 5
2 8
2 10
2 37
3 28
8 11
8 14
9 12
9 13
9 17
12 23
15 3
17 31
20 43
21 9
22 36
23 2
23 16
23 39
23 48
25 34
26 24
27 35
28 45
28 46
30 22
30 44
31 25
32 30
33 47
34 15
38 1
38 4
40 42
42 32
42 33
45 20
45 26
45 40
45 41
46 27
backbone tree 32, llh: -9227.893740
-1 0
0 18
0 21
0 38
1 5
2 8
2 10
2 37
3 28
8 14
9 12
9 13
9 17
12 11
12 23
15 3
17 31
20 43
21 9
22 36
23 2
23 16
23 39
23 48
25 34
26 24
27 35
28 45
28 46
30 22
30 44
31 25
32 30
33 47
34 15
38 1
38 4
40 42
42 32
42 33
45 20
45 26
45 40
45 41
46 27
backbone tree 33, llh: -9227.841758
-1 0
0 18
0 21
0 38
1 5
2 8
2 10
2 37
3 28
8 14
9 12
9 13
9 17
12 23
15 3
17 31
20 43
21 9
22 11
22 36
23 2
23 16
23 39
23 48
25 34
26 24
27 35
28 45
28 46
30 22
30 44
31 25
32 30
33 47
34 15
38 1
38 4
40 42
42 32
42 33
45 20
45 26
45 40
45 41
46 27
backbone tree 34, llh: -9227.852035
-1 0
0 18
0 21
0 38
1 5
2 8
2 10
2 37
3 28
8 14
9 12
9 13
9 17
12 23
15 3
17 31
20 43
21 9
22 36
23 2
23 16
23 39
23 48
25 34
26 24
27 35
28 45
28 46
30 22
30 44
31 25
32 30
33 47
34 15
38 1
38 4
40 42
42 32
42 33
45 20
45 26
45 40
45 41
46 27
48 11
