# 19 backbone trees, 46 mutations
backbone tree 0, llh: -6984.538311
-1 0
0 34
0 35
0 40
0 41
2 5
3 2
4 19
4 20
4 23
4 24
5 36
5 37
5 43
5 48
6 28
7 25
8 12
12 9
15 18
15 46
16 8
16 21
16 45
17 32
21 14
21 27
24 31
26 4
26 17
31 3
33 13
33 38
37 44
38 7
39 15
39 16
39 42
40 22
40 39
42 10
42 33
43 6
46 11
46 26
46 30
backbone tree 1, llh: -6984.437733
-1 0
0 34
0 35
0 40
0 41
2 5
3 2
4 19
4 20
4 24
5 36
5 37
5 43
5 48
6 28
7 25
8 12
12 9
15 18
15 46
16 8
16 21
16 45
17 32
21 14
21 27
24 31
26 4
26 17
31 3
33 13
33 38
37 44
38 7
39 15
39 16
39 42
40 22
40 23
40 39
42 10
42 33
43 6
46 11
46 26
46 30
backbone tree 2, llh: -6984.498933
-1 0
0 34
0 35
0 40
0 41
2 5
3 2
4 19
4 20
4 24
5 36
5 37
5 43
5 48
6 28
7 25
8 12
12 9
15 18
15 46
16 8
16 21
16 45
17 32
21 14
21 27
24 31
26 4
26 17
31 3
33 13
33 38
37 44
38 7
39 15
39 16
39 42
40 22
40 39
42 10
42 33
43 6
46 11
46 23
46 26
46 30
backbone tree 3, llh: -6984.536521
-1 0
0 34
0 35
0 40
0 41
2 5
3 2
4 19
4 20
4 23
4 24
5 36
5 37
5 43
5 48
6 28
7 25
8 12
15 18
15 46
16 8
16 21
16 45
17 32
21 14
21 27
24 31
26 4
26 17
31 3
33 13
33 38
37 44
38 7
39 15
39 16
39 42
40 22
40 39
42 10
42 33
43 6
46 11
46 26
46 30
48 9
backbone tree 4, llh: -6984.435943
-1 0
0 34
0 35
0 40
0 41
2 5
3 2
4 19
4 20
4 24
5 36
5 37
5 43
5 48
6 28
7 25
8 12
15 18
15 46
16 8
16 21
16 45
17 32
21 14
21 27
24 31
26 4
26 17
31 3
33 13
33 38
37 44
38 7
39 15
39 16
39 42
40 22
40 23
40 39
42 10
42 33
43 6
46 11
46 26
46 30
48 9
backbone tree 5, llh: -6984.497142
-1 0
0 34
0 35
0 40
0 41
2 5
3 2
4 19
4 20
4 24
5 36
5 37
5 43
5 48
6 28
7 25
8 12
15 18
15 46
16 8
16 21
16 45
17 32
21 14
21 27
24 31
26 4
26 17
31 3
33 13
33 38
37 44
38 7
39 15
39 16
39 42
40 22
40 39
42 10
42 33
43 6
46 11
46 23
46 26
46 30
48 9
backbone tree 6, llh: -6984.539534
-1 0
0 34
0 35
0 40
0 41
2 5
3 2
4 19
4 20
4 23
4 24
5 36
5 37
5 43
5 48
6 28
7 25
8 12
12 9
15 18
15 46
16 8
16 21
16 45
17 32
21 27
24 31
26 4
26 17
31 3
33 13
33 38
35 14
37 44
38 7
39 15
39 16
39 42
40 22
40 39
42 10
42 33
43 6
46 11
46 26
46 30
backbone tree 7, llh: -6984.439318
-1 0
0 34
0 35
0 40
0 41
2 5
3 2
4 19
4 20
4 24
5 36
5 37
5 43
5 48
6 28
7 25
8 12
12 9
15 18
15 46
16 8
16 21
16 45
17 32
21 27
24 31
26 4
26 17
31 3
33 13
33 38
35 14
37 44
38 7
39 15
39 16
39 42
40 22
40 23
40 39
42 10
42 33
43 6
46 11
46 26
46 30
backbone tree 8, llh: -6984.499350
-1 0
0 34
0 35
0 40
0 41
2 5
3 2
4 19
4 20
4 24
5 36
5 37
5 43
5 48
6 28
7 25
8 12
12 9
15 18
15 46
16 8
16 21
16 45
17 32
21 27
24 31
26 4
26 17
31 3
33 13
33 38
35 14
37 44
38 7
39 15
39 16
39 42
40 22
40 39
42 10
42 33
43 6
46 11
46 23
46 26
46 30
backbone tree 9, llh: -6984.537745
-1 0
0 34
0 35
0 40
0 41
2 5
3 2
4 19
4 20
4 23
4 24
5 36
5 37
5 43
5 48
6 28
7 25
8 12
15 18
15 46
16 8
16 21
16 45
17 32
21 27
24 31
26 4
26 17
31 3
33 13
33 38
35 14
37 44
38 7
39 15
39 16
39 42
40 22
40 39
42 10
42 33
43 6
46 11
46 26
46 30
48 9
backbone tree 10, llh: -6984.437530
-1 0
0 34
0 35
0 40
0 41
2 5
3 2
4 19
4 20
4 24
5 36
5 37
5 43
5 48
6 28
7 25
8 12
15 18
15 46
16 8
16 21
16 45
17 32
21 27
24 31
26 4
26 17
31 3
33 13
33 38
35 14
37 44
38 7
39 15
39 16
39 42
40 22
40 23
40 39
42 10
42 33
43 6
46 11
46 26
46 30
48 9
backbone tree 11, llh: -6984.497562
-1 0
0 34
0 35
0 40
0 41
2 5
3 2
4 19
4 20
4 24
5 36
5 37
5 43
5 48
6 28
7 25
8 12
15 18
15 46
16 8
16 21
16 45
17 32
21 27
24 31
26 4
26 17
31 3
33 13
33 38
35 14
37 44
38 7
39 15
39 16
39 42
40 22
40 39
42 10
42 33
43 6
46 11
46 23
46 26
46 30
48 9
backbone tree 12, llh: -6984.508779
-1 0
0 34
0 35
0 40
2 5
3 2
4 19
4 20
4 24
5 36
5 37
5 43
5 48
6 28
7 25
8 12
12 9
15 18
15 46
16 8
16 21
16 45
17 32
21 14
21 27
24 31
26 4
26 17
31 3
33 13
33 38
37 44
38 7
39 15
39 16
39 42
40 22
40 23
40 39
40 41
42 10
42 33
43 6
46 11
46 26
46 30
backbone tree 13, llh: -6984.541310
-1 0
0 34
0 35
0 40
2 5
3 2
4 19
4 20
4 24
5 36
5 37
5 43
5 48
6 28
7 25
8 12
12 9
15 18
15 46
16 8
16 21
16 45
17 32
21 14
21 27
24 31
26 4
26 17
31 3
33 13
33 38
37 44
38 7
39 15
39 16
39 42
40 22
40 39
40 41
42 10
42 33
43 6
46 11
46 23
46 26
46 30
backbone tree 14, llh: -6984.506989
-1 0
0 34
0 35
0 40
2 5
3 2
4 19
4 20
4 24
5 36
5 37
5 43
5 48
6 28
7 25
8 12
15 18
15 46
16 8
16 21
16 45
17 32
21 14
21 27
24 31
26 4
26 17
31 3
33 13
33 38
37 44
38 7
39 15
39 16
39 42
40 22
40 23
40 39
40 41
42 10
42 33
43 6
46 11
46 26
46 30
48 9
backbone tree 15, llh: -6984.539519
-1 0
0 34
0 35
0 40
2 5
3 2
4 19
4 20
4 24
5 36
5 37
5 43
5 48
6 28
7 25
8 12
15 18
15 46
16 8
16 21
16 45
17 32
21 14
21 27
24 31
26 4
26 17
31 3
33 13
33 38
37 44
38 7
39 15
39 16
39 42
40 22
40 39
40 41
42 10
42 33
43 6
46 11
46 23
46 26
46 30
48 9
backbone tree 16, llh: -6984.510348
-1 0
0 34
0 35
0 40
2 5
3 2
4 19
4 20
4 24
5 36
5 37
5 43
5 48
6 28
7 25
8 12
12 9
15 18
15 46
16 8
16 21
16 45
17 32
21 27
24 31
26 4
26 17
31 3
33 13
33 38
35 14
37 44
38 7
39 15
39 16
39 42
40 22
40 23
40 39
40 41
42 10
42 33
43 6
46 11
46 26
46 30
backbone tree 17, llh: -6984.508560
-1 0
0 34
0 35
0 40
2 5
3 2
4 19
4 20
4 24
5 36
5 37
5 43
5 48
6 28
7 25
8 12
15 18
15 46
16 8
16 21
16 45
17 32
21 27
24 31
26 4
26 17
31 3
33 13
33 38
35 14
37 44
38 7
39 15
39 16
39 42
40 22
40 23
40 39
40 41
42 10
42 33
43 6
46 11
46 26
46 30
48 9
backbone tree 18, llh: -6984.539922
-1 0
0 34
0 35
0 40
2 5
3 2
4 19
4 20
4 24
5 36
5 37
5 43
5 48
6 28
7 25
8 12
15 18
15 46
16 8
16 21
16 45
17 32
21 27
24 31
26 4
26 17
31 3
33 13
33 38
35 14
37 44
38 7
39 15
39 16
39 42
40 22
40 39
40 41
42 10
42 33
43 6
46 11
46 23
46 26
46 30
48 9
