# 33 backbone trees, 46 mutations
backbone tree 0, llh: -6567.582373
-1 0
0 1
0 17
1 22
1 24
1 40
3 48
4 14
4 36
4 45
7 9
7 37
7 39
7 43
8 30
8 42
9 23
9 28
11 13
12 2
12 19
13 18
14 5
14 32
17 4
17 8
17 25
18 33
18 35
20 11
22 21
22 44
23 15
23 27
23 29
29 6
30 7
30 16
33 38
38 46
41 20
41 49
42 3
42 12
42 41
43 31
backbone tree 1, llh: -6567.592739
-1 0
0 1
0 17
1 22
1 24
1 40
3 48
4 14
4 36
4 45
7 9
7 37
7 39
7 43
8 30
8 42
9 23
9 28
11 13
12 2
12 19
13 18
14 5
14 32
17 4
17 8
17 25
18 33
20 11
22 21
22 44
23 15
23 27
23 29
24 46
29 6
30 7
30 16
33 38
41 20
41 35
41 49
42 3
42 12
42 41
43 31
backbone tree 2, llh: -6567.527879
-1 0
0 1
0 17
1 22
1 24
1 40
3 48
4 14
4 36
4 45
7 9
7 37
7 39
7 43
8 30
8 42
9 23
9 28
11 13
12 2
12 19
13 18
14 5
14 32
17 4
17 8
17 25
18 33
20 11
22 21
22 44
23 15
23 27
23 29
29 6
30 7
30 16
33 38
38 46
41 20
41 35
41 49
42 3
42 12
42 41
43 31
backbone tree 3, llh: -6567.586231
-1 0
0 1
0 17
1 22
1 24
1 40
3 48
4 14
4 36
4 45
7 9
7 37
7 39
7 43
8 30
8 42
9 23
9 28
11 13
12 19
12 46
13 18
14 5
14 32
16 2
17 4
17 8
17 25
18 33
18 35
20 11
22 21
22 44
23 15
23 27
23 29
29 6
30 7
30 16
33 38
41 20
41 49
42 3
42 12
42 41
43 31
backbone tree 4, llh: -6567.543315
-1 0
0 1
0 17
1 22
1 24
1 40
3 48
4 14
4 36
4 45
7 9
7 37
7 39
7 43
8 30
8 42
9 23
9 28
11 13
12 19
13 18
14 5
14 32
16 2
17 4
17 8
17 25
18 33
18 35
20 11
22 21
22 44
23 15
23 27
23 29
29 6
30 7
30 16
33 38
38 46
41 20
41 49
42 3
42 12
42 41
43 31
backbone tree 5, llh: -6567.565778
-1 0
0 1
0 17
1 22
1 24
1 40
3 48
4 14
4 36
4 45
7 9
7 37
7 39
7 43
8 30
8 42
9 23
9 28
11 13
12 19
13 18
14 5
14 32
16 2
17 4
17 8
17 25
18 33
20 11
22 21
22 44
23 15
23 27
23 29
29 6
29 35
30 7
30 16
33 38
38 46
41 20
41 49
42 3
42 12
42 41
43 31
backbone tree 6, llh: -6567.531744
-1 0
0 1
0 17
1 22
1 24
1 40
3 48
4 14
4 36
4 45
7 9
7 37
7 39
7 43
8 30
8 42
9 23
9 28
11 13
12 19
12 46
13 18
14 5
14 32
16 2
17 4
17 8
17 25
18 33
20 11
22 21
22 44
23 15
23 27
23 29
29 6
30 7
30 16
33 38
41 20
41 35
41 49
42 3
42 12
42 41
43 31
backbone tree 7, llh: -6567.553672
-1 0
0 1
0 17
1 22
1 24
1 40
3 48
4 14
4 36
4 45
7 9
7 37
7 39
7 43
8 30
8 42
9 23
9 28
11 13
12 19
13 18
14 5
14 32
16 2
17 4
17 8
17 25
18 33
20 11
22 21
22 44
23 15
23 27
23 29
24 46
29 6
30 7
30 16
33 38
41 20
41 35
41 49
42 3
42 12
42 41
43 31
backbone tree 8, llh: -6567.488812
-1 0
0 1
0 17
1 22
1 24
1 40
3 48
4 14
4 36
4 45
7 9
7 37
7 39
7 43
8 30
8 42
9 23
9 28
11 13
12 19
13 18
14 5
14 32
16 2
17 4
17 8
17 25
18 33
20 11
22 21
22 44
23 15
23 27
23 29
29 6
30 7
30 16
33 38
38 46
41 20
41 35
41 49
42 3
42 12
42 41
43 31
backbone tree 9, llh: -6567.568087
-1 0
0 1
0 17
1 22
1 24
1 40
3 48
4 14
4 36
4 45
7 9
7 37
7 39
7 43
8 30
8 42
9 23
9 28
11 13
12 19
13 18
14 5
14 32
17 4
17 8
17 25
18 33
18 35
20 11
22 21
22 44
23 15
23 27
23 29
29 6
30 7
30 16
33 38
37 2
38 46
41 20
41 49
42 3
42 12
42 41
43 31
backbone tree 10, llh: -6567.590550
-1 0
0 1
0 17
1 22
1 24
1 40
3 48
4 14
4 36
4 45
7 9
7 37
7 39
7 43
8 30
8 42
9 23
9 28
11 13
12 19
13 18
14 5
14 32
17 4
17 8
17 25
18 33
20 11
22 21
22 44
23 15
23 27
23 29
29 6
29 35
30 7
30 16
33 38
37 2
38 46
41 20
41 49
42 3
42 12
42 41
43 31
backbone tree 11, llh: -6567.556515
-1 0
0 1
0 17
1 22
1 24
1 40
3 48
4 14
4 36
4 45
7 9
7 37
7 39
7 43
8 30
8 42
9 23
9 28
11 13
12 19
12 46
13 18
14 5
14 32
17 4
17 8
17 25
18 33
20 11
22 21
22 44
23 15
23 27
23 29
29 6
30 7
30 16
33 38
37 2
41 20
41 35
41 49
42 3
42 12
42 41
43 31
backbone tree 12, llh: -6567.578444
-1 0
0 1
0 17
1 22
1 24
1 40
3 48
4 14
4 36
4 45
7 9
7 37
7 39
7 43
8 30
8 42
9 23
9 28
11 13
12 19
13 18
14 5
14 32
17 4
17 8
17 25
18 33
20 11
22 21
22 44
23 15
23 27
23 29
24 46
29 6
30 7
30 16
33 38
37 2
41 20
41 35
41 49
42 3
42 12
42 41
43 31
backbone tree 13, llh: -6567.513584
-1 0
0 1
0 17
1 22
1 24
1 40
3 48
4 14
4 36
4 45
7 9
7 37
7 39
7 43
8 30
8 42
9 23
9 28
11 13
12 19
13 18
14 5
14 32
17 4
17 8
17 25
18 33
20 11
22 21
22 44
23 15
23 27
23 29
29 6
30 7
30 16
33 38
37 2
38 46
41 20
41 35
41 49
42 3
42 12
42 41
43 31
backbone tree 14, llh: -6567.586098
-1 0
0 1
0 17
1 22
1 24
1 40
4 14
4 36
4 45
7 9
7 37
7 39
7 43
8 30
8 42
9 23
9 28
11 13
12 19
12 46
13 18
14 5
14 32
16 2
17 4
17 8
17 25
18 33
20 11
22 21
22 44
23 15
23 27
23 29
24 48
29 6
30 7
30 16
33 38
41 20
41 35
41 49
42 3
42 12
42 41
43 31
backbone tree 15, llh: -6567.548657
-1 0
0 1
0 17
1 22
1 24
1 40
4 14
4 36
4 45
7 9
7 37
7 39
7 43
8 30
8 42
9 23
9 28
11 13
12 19
13 18
14 5
14 32
16 2
17 4
17 8
17 25
18 33
20 11
22 21
22 44
23 15
23 27
23 29
24 48
29 6
30 7
30 16
33 38
38 46
41 20
41 35
41 49
42 3
42 12
42 41
43 31
backbone tree 16, llh: -6567.544855
-1 0
0 1
0 17
1 22
1 24
1 40
3 48
4 14
4 45
7 9
7 37
7 39
7 43
8 30
8 42
9 23
9 28
11 13
12 2
12 19
13 18
14 5
14 32
17 4
17 8
17 25
17 36
18 33
20 11
22 21
22 44
23 15
23 27
23 29
29 6
30 7
30 16
33 38
38 46
41 20
41 35
41 49
42 3
42 12
42 41
43 31
backbone tree 17, llh: -6567.560276
-1 0
0 1
0 17
1 22
1 24
1 40
3 48
4 14
4 45
7 9
7 37
7 39
7 43
8 30
8 42
9 23
9 28
11 13
12 19
13 18
14 5
14 32
16 2
17 4
17 8
17 25
17 36
18 33
18 35
20 11
22 21
22 44
23 15
23 27
23 29
29 6
30 7
30 16
33 38
38 46
41 20
41 49
42 3
42 12
42 41
43 31
backbone tree 18, llh: -6567.582739
-1 0
0 1
0 17
1 22
1 24
1 40
3 48
4 14
4 45
7 9
7 37
7 39
7 43
8 30
8 42
9 23
9 28
11 13
12 19
13 18
14 5
14 32
16 2
17 4
17 8
17 25
17 36
18 33
20 11
22 21
22 44
23 15
23 27
23 29
29 6
29 35
30 7
30 16
33 38
38 46
41 20
41 49
42 3
42 12
42 41
43 31
backbone tree 19, llh: -6567.560135
-1 0
0 1
0 17
1 22
1 24
1 40
3 48
4 14
4 45
7 9
7 37
7 39
7 43
8 30
8 42
9 23
9 28
11 13
12 19
12 46
13 18
14 5
14 32
16 2
17 4
17 8
17 25
17 36
18 33
20 11
22 21
22 44
23 15
23 27
23 29
29 6
30 7
30 16
33 38
41 20
41 35
41 49
42 3
42 12
42 41
43 31
backbone tree 20, llh: -6567.574240
-1 0
0 1
0 17
1 22
1 24
1 40
3 48
4 14
4 45
7 9
7 37
7 39
7 43
8 30
8 42
9 23
9 28
11 13
12 19
13 18
14 5
14 32
16 2
17 4
17 8
17 25
17 36
18 33
20 11
22 21
22 44
23 15
23 27
23 29
24 46
29 6
30 7
30 16
33 38
41 20
41 35
41 49
42 3
42 12
42 41
43 31
backbone tree 21, llh: -6567.505791
-1 0
0 1
0 17
1 22
1 24
1 40
3 48
4 14
4 45
7 9
7 37
7 39
7 43
8 30
8 42
9 23
9 28
11 13
12 19
13 18
14 5
14 32
16 2
17 4
17 8
17 25
17 36
18 33
20 11
22 21
22 44
23 15
23 27
23 29
29 6
30 7
30 16
33 38
38 46
41 20
41 35
41 49
42 3
42 12
42 41
43 31
backbone tree 22, llh: -6567.585044
-1 0
0 1
0 17
1 22
1 24
1 40
3 48
4 14
4 45
7 9
7 37
7 39
7 43
8 30
8 42
9 23
9 28
11 13
12 19
13 18
14 5
14 32
17 4
17 8
17 25
17 36
18 33
18 35
20 11
22 21
22 44
23 15
23 27
23 29
29 6
30 7
30 16
33 38
37 2
38 46
41 20
41 49
42 3
42 12
42 41
43 31
backbone tree 23, llh: -6567.584902
-1 0
0 1
0 17
1 22
1 24
1 40
3 48
4 14
4 45
7 9
7 37
7 39
7 43
8 30
8 42
9 23
9 28
11 13
12 19
12 46
13 18
14 5
14 32
17 4
17 8
17 25
17 36
18 33
20 11
22 21
22 44
23 15
23 27
23 29
29 6
30 7
30 16
33 38
37 2
41 20
41 35
41 49
42 3
42 12
42 41
43 31
backbone tree 24, llh: -6567.530559
-1 0
0 1
0 17
1 22
1 24
1 40
3 48
4 14
4 45
7 9
7 37
7 39
7 43
8 30
8 42
9 23
9 28
11 13
12 19
13 18
14 5
14 32
17 4
17 8
17 25
17 36
18 33
20 11
22 21
22 44
23 15
23 27
23 29
29 6
30 7
30 16
33 38
37 2
38 46
41 20
41 35
41 49
42 3
42 12
42 41
43 31
backbone tree 25, llh: -6567.563583
-1 0
0 1
0 17
1 22
1 24
1 40
4 14
4 45
7 9
7 37
7 39
7 43
8 30
8 42
9 23
9 28
11 13
12 19
13 18
14 5
14 32
16 2
17 4
17 8
17 25
17 36
18 33
20 11
22 21
22 44
23 15
23 27
23 29
24 48
29 6
30 7
30 16
33 38
38 46
41 20
41 35
41 49
42 3
42 12
42 41
43 31
backbone tree 26, llh: -6567.564793
-1 0
0 1
0 17
1 22
1 24
3 48
4 14
4 36
4 45
7 9
7 37
7 39
7 43
8 30
8 42
9 23
9 28
11 13
12 19
13 18
14 5
14 32
14 40
16 2
17 4
17 8
17 25
18 33
20 11
22 21
22 44
23 15
23 27
23 29
29 6
30 7
30 16
33 38
38 46
41 20
41 35
41 49
42 3
42 12
42 41
43 31
backbone tree 27, llh: -6567.589564
-1 0
0 1
0 17
1 22
1 24
3 48
4 14
4 36
4 45
7 9
7 37
7 39
7 43
8 30
8 42
9 23
9 28
11 13
12 19
13 18
14 5
14 32
14 40
17 4
17 8
17 25
18 33
20 11
22 21
22 44
23 15
23 27
23 29
29 6
30 7
30 16
33 38
37 2
38 46
41 20
41 35
41 49
42 3
42 12
42 41
43 31
backbone tree 28, llh: -6567.575085
-1 0
0 1
0 17
1 22
1 24
3 48
4 14
4 45
7 9
7 37
7 39
7 43
8 30
8 42
9 23
9 28
11 13
12 2
12 19
13 18
14 5
14 32
14 40
17 4
17 8
17 25
17 36
18 33
20 11
22 21
22 44
23 15
23 27
23 29
29 6
30 7
30 16
33 38
38 46
41 20
41 35
41 49
42 3
42 12
42 41
43 31
backbone tree 29, llh: -6567.591109
-1 0
0 1
0 17
1 22
1 24
3 48
4 14
4 45
7 9
7 37
7 39
7 43
8 30
8 42
9 23
9 28
11 13
12 19
13 18
14 5
14 32
14 40
16 2
17 4
17 8
17 25
17 36
18 33
18 35
20 11
22 21
22 44
23 15
23 27
23 29
29 6
30 7
30 16
33 38
38 46
41 20
41 49
42 3
42 12
42 41
43 31
backbone tree 30, llh: -6567.590962
-1 0
0 1
0 17
1 22
1 24
3 48
4 14
4 45
7 9
7 37
7 39
7 43
8 30
8 42
9 23
9 28
11 13
12 19
12 46
13 18
14 5
14 32
14 40
16 2
17 4
17 8
17 25
17 36
18 33
20 11
22 21
22 44
23 15
23 27
23 29
29 6
30 7
30 16
33 38
41 20
41 35
41 49
42 3
42 12
42 41
43 31
backbone tree 31, llh: -6567.536619
-1 0
0 1
0 17
1 22
1 24
3 48
4 14
4 45
7 9
7 37
7 39
7 43
8 30
8 42
9 23
9 28
11 13
12 19
13 18
14 5
14 32
14 40
16 2
17 4
17 8
17 25
17 36
18 33
20 11
22 21
22 44
23 15
23 27
23 29
29 6
30 7
30 16
33 38
38 46
41 20
41 35
41 49
42 3
42 12
42 41
43 31
backbone tree 32, llh: -6567.561387
-1 0
0 1
0 17
1 22
1 24
3 48
4 14
4 45
7 9
7 37
7 39
7 43
8 30
8 42
9 23
9 28
11 13
12 19
13 18
14 5
14 32
14 40
17 4
17 8
17 25
17 36
18 33
20 11
22 21
22 44
23 15
23 27
23 29
29 6
30 7
30 16
33 38
37 2
38 46
41 20
41 35
41 49
42 3
42 12
42 41
43 31
