# 4 backbone trees, 23 mutations
backbone tree 0, llh: -8030.244744
-1 0
0 27
1 40
4 16
5 22
7 10
7 13
7 15
7 20
9 23
9 43
10 3
10 45
13 4
15 28
26 9
27 31
31 26
37 5
40 7
41 37
43 1
45 41
backbone tree 1, llh: -8030.187287
-1 0
0 27
1 40
4 16
5 22
7 10
7 13
7 15
7 20
9 23
9 43
10 45
13 4
15 28
26 9
27 31
31 26
37 3
37 5
40 7
41 37
43 1
45 41
backbone tree 2, llh: -8030.237658
-1 0
0 27
1 40
4 16
5 22
7 3
7 10
7 13
7 20
7 28
9 23
9 43
10 45
13 4
26 9
27 31
31 26
37 5
40 7
41 37
43 1
45 15
45 41
backbone tree 3, llh: -8030.282279
-1 0
0 27
1 40
4 16
5 22
7 10
7 13
7 20
7 28
9 23
9 43
10 45
13 4
26 9
27 31
31 26
37 3
37 5
40 7
41 37
43 1
45 15
45 41
