# 5 backbone trees, 42 mutations
backbone tree 0, llh: -8349.770650
-1 35
0 38
3 13
3 21
3 42
6 10
6 11
6 39
7 22
10 26
10 36
10 44
11 2
11 16
11 18
11 25
13 28
13 43
16 40
18 3
19 31
21 27
22 20
25 17
26 1
26 7
30 46
31 14
32 41
34 6
34 49
35 0
35 8
35 48
37 34
38 30
38 37
41 15
43 12
43 32
46 19
46 33
backbone tree 1, llh: -8349.792208
-1 35
0 38
3 13
3 21
3 42
6 10
6 11
6 39
7 22
10 26
10 36
11 2
11 16
11 18
11 25
13 28
13 43
16 40
18 3
19 31
21 27
22 20
25 17
26 1
26 7
30 46
31 14
32 41
32 44
34 6
34 49
35 0
35 8
35 48
37 34
38 30
38 37
41 15
43 12
43 32
46 19
46 33
backbone tree 2, llh: -8349.827897
-1 35
0 38
3 13
3 21
3 42
6 10
6 11
6 39
7 22
10 26
10 36
10 44
11 2
11 16
11 18
11 25
13 28
13 43
16 40
18 3
19 31
21 27
22 20
26 1
26 7
30 46
31 14
32 41
34 6
34 49
35 0
35 8
35 48
37 34
38 17
38 30
38 37
41 15
43 12
43 32
46 19
46 33
backbone tree 3, llh: -8349.796197
-1 35
0 38
3 13
3 21
3 42
6 10
6 11
6 39
7 22
10 26
10 36
10 44
11 2
11 16
11 18
11 25
13 28
13 43
17 40
18 3
19 31
21 27
22 20
26 1
26 7
30 46
31 14
32 41
34 6
34 49
35 0
35 8
35 48
37 34
38 17
38 30
38 37
41 15
43 12
43 32
46 19
46 33
backbone tree 4, llh: -8349.816693
-1 35
0 38
3 13
3 21
3 42
6 10
6 11
6 39
7 22
10 26
10 36
11 2
11 16
11 18
11 25
13 28
13 43
17 40
18 3
19 31
21 27
22 20
26 1
26 7
30 46
31 14
32 41
32 44
34 6
34 49
35 0
35 8
35 48
37 34
38 17
38 30
38 37
41 15
43 12
43 32
46 19
46 33
