# 12 backbone trees, 43 mutations
backbone tree 0, llh: -7268.642836
-1 0
0 8
0 10
0 22
2 38
3 21
3 43
4 35
5 40
5 48
6 4
6 14
8 18
8 49
9 2
9 33
10 32
11 6
11 7
11 24
13 9
13 36
14 39
15 13
17 19
18 5
18 37
21 15
21 44
22 29
24 26
24 31
25 1
25 3
25 34
29 25
31 47
34 42
34 46
42 11
42 23
43 28
46 17
backbone tree 1, llh: -7268.622383
-1 0
0 8
0 10
0 22
2 38
3 21
3 43
4 35
5 40
5 48
6 4
6 14
8 18
9 2
9 33
10 32
11 6
11 7
11 24
13 9
13 36
14 39
15 13
17 19
18 5
18 37
21 15
21 44
22 29
24 26
24 31
25 1
25 3
25 34
29 25
31 47
34 42
34 46
35 49
42 11
42 23
43 28
46 17
backbone tree 2, llh: -7268.599371
-1 0
0 8
0 10
0 22
2 38
3 21
3 43
4 35
5 48
6 4
6 14
8 18
8 49
9 2
9 33
10 32
11 6
11 7
11 24
13 9
13 36
14 39
15 13
17 19
18 5
18 37
21 15
21 44
22 29
24 26
24 31
25 1
25 3
25 34
29 25
29 40
31 47
34 42
34 46
42 11
42 23
43 28
46 17
backbone tree 3, llh: -7268.578849
-1 0
0 8
0 10
0 22
2 38
3 21
3 43
4 35
5 48
6 4
6 14
8 18
9 2
9 33
10 32
11 6
11 7
11 24
13 9
13 36
14 39
15 13
17 19
18 5
18 37
21 15
21 44
22 29
24 26
24 31
25 1
25 3
25 34
29 25
29 40
31 47
34 42
34 46
35 49
42 11
42 23
43 28
46 17
backbone tree 4, llh: -7268.577369
-1 0
0 8
0 10
0 22
3 21
3 43
4 35
5 40
5 48
6 4
6 14
8 18
8 49
9 2
9 33
10 32
11 6
11 7
11 24
13 9
13 36
14 39
15 13
17 19
18 5
18 37
21 15
21 44
22 29
24 26
24 31
25 1
25 3
25 34
25 38
29 25
31 47
34 42
34 46
42 11
42 23
43 28
46 17
backbone tree 5, llh: -7268.556873
-1 0
0 8
0 10
0 22
3 21
3 43
4 35
5 40
5 48
6 4
6 14
8 18
9 2
9 33
10 32
11 6
11 7
11 24
13 9
13 36
14 39
15 13
17 19
18 5
18 37
21 15
21 44
22 29
24 26
24 31
25 1
25 3
25 34
25 38
29 25
31 47
34 42
34 46
35 49
42 11
42 23
43 28
46 17
backbone tree 6, llh: -7268.621715
-1 0
0 8
0 10
0 22
3 21
3 43
4 35
5 40
5 48
6 4
6 14
8 18
8 49
9 2
9 33
10 32
11 6
11 7
11 24
13 9
13 36
14 39
15 13
17 19
18 5
18 37
21 15
21 44
22 29
24 26
24 31
25 1
25 3
25 34
29 25
31 47
34 42
34 46
42 11
42 23
43 28
46 17
46 38
backbone tree 7, llh: -7268.601261
-1 0
0 8
0 10
0 22
3 21
3 43
4 35
5 40
5 48
6 4
6 14
8 18
9 2
9 33
10 32
11 6
11 7
11 24
13 9
13 36
14 39
15 13
17 19
18 5
18 37
21 15
21 44
22 29
24 26
24 31
25 1
25 3
25 34
29 25
31 47
34 42
34 46
35 49
42 11
42 23
43 28
46 17
46 38
backbone tree 8, llh: -7268.598371
-1 0
0 8
0 10
0 22
3 21
3 43
4 35
5 48
6 4
6 14
8 18
8 49
9 2
9 33
10 32
11 6
11 7
11 24
13 9
13 36
14 39
15 13
17 19
18 5
18 37
21 15
21 44
22 29
24 26
24 31
25 1
25 3
25 34
29 25
29 40
31 47
34 42
34 46
42 11
42 23
43 28
46 17
46 38
backbone tree 9, llh: -7268.577842
-1 0
0 8
0 10
0 22
3 21
3 43
4 35
5 48
6 4
6 14
8 18
9 2
9 33
10 32
11 6
11 7
11 24
13 9
13 36
14 39
15 13
17 19
18 5
18 37
21 15
21 44
22 29
24 26
24 31
25 1
25 3
25 34
29 25
29 40
31 47
34 42
34 46
35 49
42 11
42 23
43 28
46 17
46 38
backbone tree 10, llh: -7268.644995
-1 0
0 8
0 10
0 22
3 21
3 43
4 35
5 40
5 48
6 4
6 14
8 18
8 49
9 2
9 33
10 32
11 6
11 7
11 24
13 9
13 36
14 39
15 13
17 19
18 5
18 37
21 15
22 29
24 26
24 31
25 1
25 3
25 34
25 38
29 25
31 47
34 42
34 46
36 44
42 11
42 23
43 28
46 17
backbone tree 11, llh: -7268.624501
-1 0
0 8
0 10
0 22
3 21
3 43
4 35
5 40
5 48
6 4
6 14
8 18
9 2
9 33
10 32
11 6
11 7
11 24
13 9
13 36
14 39
15 13
17 19
18 5
18 37
21 15
22 29
24 26
24 31
25 1
25 3
25 34
25 38
29 25
31 47
34 42
34 46
35 49
36 44
42 11
42 23
43 28
46 17
