# 4 backbone trees, 53 mutations
backbone tree 0, llh: -16231.837702
-1 42
0 59
5 18
7 73
7 78
8 29
10 21
11 16
11 72
13 44
13 85
14 13
16 51
19 84
20 52
22 8
26 32
27 11
27 31
28 46
32 9
34 28
35 36
36 5
42 26
42 75
44 82
46 80
47 34
47 38
51 17
51 53
52 93
53 19
53 70
58 0
59 77
67 35
68 20
69 47
70 69
72 89
75 58
77 79
78 27
79 7
80 68
82 91
84 14
85 10
89 64
91 67
93 22
backbone tree 1, llh: -16231.836965
-1 42
0 59
5 18
7 73
7 78
8 29
10 21
11 16
11 72
13 44
13 85
14 13
16 51
19 84
20 52
22 8
26 32
27 11
27 31
28 46
34 28
35 36
36 5
42 26
42 75
44 82
46 80
47 34
47 38
51 17
51 53
52 93
53 19
53 70
58 0
59 77
67 35
68 20
69 47
70 69
72 89
75 9
75 58
77 79
78 27
79 7
80 68
82 91
84 14
85 10
89 64
91 67
93 22
backbone tree 2, llh: -16231.779446
-1 42
0 59
5 18
7 73
7 78
8 29
10 21
11 16
11 72
13 44
13 85
14 13
16 51
19 84
20 52
22 8
26 32
27 11
27 31
28 46
32 9
34 28
35 36
36 5
42 26
42 75
44 82
46 80
47 34
47 38
51 53
52 93
53 19
53 70
58 0
59 77
67 35
68 20
69 47
70 69
72 89
75 58
77 79
78 27
79 7
80 68
82 91
84 14
84 17
85 10
89 64
91 67
93 22
backbone tree 3, llh: -16231.778611
-1 42
0 59
5 18
7 73
7 78
8 29
10 21
11 16
11 72
13 44
13 85
14 13
16 51
19 84
20 52
22 8
26 32
27 11
27 31
28 46
34 28
35 36
36 5
42 26
42 75
44 82
46 80
47 34
47 38
51 53
52 93
53 19
53 70
58 0
59 77
67 35
68 20
69 47
70 69
72 89
75 9
75 58
77 79
78 27
79 7
80 68
82 91
84 14
84 17
85 10
89 64
91 67
93 22
