# 10 backbone trees, 58 mutations
backbone tree 0, llh: -9743.081418
-1 0
0 62
0 85
2 61
4 6
4 31
5 54
5 59
6 65
6 71
13 21
16 76
19 72
20 2
20 66
20 75
21 25
22 77
22 88
24 1
24 41
26 18
26 37
26 53
28 57
35 20
36 48
36 60
41 45
45 49
45 82
47 5
47 16
48 35
48 83
50 24
52 87
53 36
53 74
57 11
57 81
59 19
59 26
59 28
60 4
61 22
62 67
67 50
73 70
74 52
77 13
81 91
82 58
83 32
83 73
85 47
91 40
91 86
backbone tree 1, llh: -9743.086557
-1 0
0 62
0 85
2 61
4 6
5 54
5 59
6 65
6 71
13 21
16 76
19 72
20 2
20 66
20 75
21 25
22 77
22 88
24 1
24 41
26 18
26 37
26 53
28 57
35 20
36 48
36 60
41 45
45 49
45 82
47 5
47 16
48 35
48 83
50 24
52 87
53 36
53 74
57 11
57 81
59 19
59 26
59 28
60 4
61 22
62 67
67 50
73 70
74 52
77 13
81 91
82 58
83 32
83 73
85 47
91 31
91 40
91 86
backbone tree 2, llh: -9743.019353
-1 0
0 62
0 85
2 61
4 6
4 31
5 54
5 59
6 65
6 71
13 21
16 76
19 72
20 2
20 66
20 75
21 25
22 77
22 88
24 1
24 41
26 18
26 37
26 53
28 57
35 20
36 48
36 60
41 45
45 82
47 5
47 16
48 35
48 83
50 24
52 87
53 36
53 74
57 11
57 81
59 19
59 26
59 28
60 4
61 22
62 67
67 50
73 70
74 52
77 13
81 49
81 91
82 58
83 32
83 73
85 47
91 40
91 86
backbone tree 3, llh: -9743.038385
-1 0
0 62
0 85
2 61
4 6
5 54
5 59
6 65
6 71
13 21
16 76
19 72
20 2
20 66
20 75
21 25
22 77
22 88
24 1
24 41
26 18
26 37
26 53
28 57
35 20
36 48
36 60
41 45
45 82
47 5
47 16
48 35
48 83
50 24
52 87
53 36
53 74
57 11
57 81
59 19
59 26
59 28
60 4
61 22
62 67
67 50
73 70
74 52
77 13
81 49
81 91
82 58
83 32
83 73
85 47
91 31
91 40
91 86
backbone tree 4, llh: -9743.042523
-1 0
0 62
0 85
2 61
4 6
4 31
5 54
5 59
6 65
6 71
13 21
16 76
19 88
20 2
20 66
20 75
21 25
22 49
22 72
22 77
24 1
24 41
26 18
26 37
26 53
28 57
35 20
36 48
36 60
41 45
45 82
47 5
47 16
48 35
48 83
50 24
52 87
53 36
53 74
57 11
57 81
59 19
59 26
59 28
60 4
61 22
62 67
67 50
73 70
74 52
77 13
81 91
82 58
83 32
83 73
85 47
91 40
91 86
backbone tree 5, llh: -9743.047156
-1 0
0 62
0 85
2 61
4 6
5 54
5 59
6 65
6 71
13 21
16 76
19 88
20 2
20 66
20 75
21 25
22 49
22 72
22 77
24 1
24 41
26 18
26 37
26 53
28 57
35 20
36 48
36 60
41 45
45 82
47 5
47 16
48 35
48 83
50 24
52 87
53 36
53 74
57 11
57 81
59 19
59 26
59 28
60 4
61 22
62 67
67 50
73 70
74 52
77 13
81 91
82 58
83 32
83 73
85 47
91 31
91 40
91 86
backbone tree 6, llh: -9743.057050
-1 0
0 62
0 85
2 61
4 6
4 31
5 54
5 59
6 65
6 71
13 21
16 76
19 88
20 2
20 66
20 75
21 25
22 72
22 77
24 1
24 41
26 18
26 37
26 53
28 57
35 20
36 48
36 60
41 45
45 49
45 82
47 5
47 16
48 35
48 83
50 24
52 87
53 36
53 74
57 11
57 81
59 19
59 26
59 28
60 4
61 22
62 67
67 50
73 70
74 52
77 13
81 91
82 58
83 32
83 73
85 47
91 40
91 86
backbone tree 7, llh: -9743.061505
-1 0
0 62
0 85
2 61
4 6
5 54
5 59
6 65
6 71
13 21
16 76
19 88
20 2
20 66
20 75
21 25
22 72
22 77
24 1
24 41
26 18
26 37
26 53
28 57
35 20
36 48
36 60
41 45
45 49
45 82
47 5
47 16
48 35
48 83
50 24
52 87
53 36
53 74
57 11
57 81
59 19
59 26
59 28
60 4
61 22
62 67
67 50
73 70
74 52
77 13
81 91
82 58
83 32
83 73
85 47
91 31
91 40
91 86
backbone tree 8, llh: -9742.994890
-1 0
0 62
0 85
2 61
4 6
4 31
5 54
5 59
6 65
6 71
13 21
16 76
19 88
20 2
20 66
20 75
21 25
22 72
22 77
24 1
24 41
26 18
26 37
26 53
28 57
35 20
36 48
36 60
41 45
45 82
47 5
47 16
48 35
48 83
50 24
52 87
53 36
53 74
57 11
57 81
59 19
59 26
59 28
60 4
61 22
62 67
67 50
73 70
74 52
77 13
81 49
81 91
82 58
83 32
83 73
85 47
91 40
91 86
backbone tree 9, llh: -9743.013365
-1 0
0 62
0 85
2 61
4 6
5 54
5 59
6 65
6 71
13 21
16 76
19 88
20 2
20 66
20 75
21 25
22 72
22 77
24 1
24 41
26 18
26 37
26 53
28 57
35 20
36 48
36 60
41 45
45 82
47 5
47 16
48 35
48 83
50 24
52 87
53 36
53 74
57 11
57 81
59 19
59 26
59 28
60 4
61 22
62 67
67 50
73 70
74 52
77 13
81 49
81 91
82 58
83 32
83 73
85 47
91 31
91 40
91 86
