# 13 backbone trees, 55 mutations
backbone tree 0, llh: -11744.427197
-1 0
0 16
0 29
0 78
0 85
3 7
4 6
4 34
6 59
6 70
8 53
10 95
14 4
16 99
17 74
17 94
18 3
18 19
18 61
22 52
26 18
27 22
27 96
30 84
30 93
36 30
40 13
40 15
40 38
40 71
42 20
42 62
42 77
42 79
45 32
48 8
52 26
53 27
53 36
53 40
60 82
60 83
70 17
71 91
75 60
77 33
78 45
78 90
79 14
82 42
84 75
90 10
90 24
95 48
96 28
backbone tree 1, llh: -11744.524646
-1 0
0 16
0 29
0 78
0 85
3 7
4 6
4 34
6 59
6 70
8 53
10 95
14 4
16 99
17 74
17 94
18 3
18 19
18 61
22 52
26 18
27 22
27 96
30 84
30 93
36 30
40 13
40 15
40 38
40 71
42 20
42 62
42 77
42 79
48 8
52 26
53 27
53 36
53 40
60 82
60 83
61 32
70 17
71 91
75 60
77 33
78 45
78 90
79 14
82 42
84 75
90 10
90 24
95 48
96 28
backbone tree 2, llh: -11744.428806
-1 0
0 16
0 29
0 78
0 85
3 7
4 6
4 34
6 70
8 53
10 95
14 4
16 99
17 74
17 94
18 3
18 19
18 61
22 52
26 18
27 22
27 96
30 84
30 93
36 30
40 13
40 15
40 38
40 71
42 20
42 62
42 77
42 79
45 32
48 8
52 26
53 27
53 36
53 40
60 82
60 83
70 17
71 91
75 60
77 33
78 45
78 90
79 14
82 42
84 75
90 10
90 24
90 59
95 48
96 28
backbone tree 3, llh: -11744.526229
-1 0
0 16
0 29
0 78
0 85
3 7
4 6
4 34
6 70
8 53
10 95
14 4
16 99
17 74
17 94
18 3
18 19
18 61
22 52
26 18
27 22
27 96
30 84
30 93
36 30
40 13
40 15
40 38
40 71
42 20
42 62
42 77
42 79
48 8
52 26
53 27
53 36
53 40
60 82
60 83
61 32
70 17
71 91
75 60
77 33
78 45
78 90
79 14
82 42
84 75
90 10
90 24
90 59
95 48
96 28
backbone tree 4, llh: -11744.517363
-1 0
0 16
0 29
0 78
0 85
3 7
4 6
4 34
6 59
6 70
8 53
10 95
14 4
16 99
17 74
17 94
18 3
18 19
18 61
22 52
26 18
27 22
27 96
30 84
30 93
36 30
40 13
40 15
40 38
40 71
42 20
42 77
42 79
45 62
48 8
52 26
53 27
53 36
53 40
60 82
60 83
61 32
70 17
71 91
75 60
77 33
78 45
78 90
79 14
82 42
84 75
90 10
90 24
95 48
96 28
backbone tree 5, llh: -11744.446456
-1 0
0 16
0 29
0 78
0 85
3 7
4 6
4 34
6 59
6 70
8 53
10 95
14 4
16 99
17 74
17 94
18 3
18 19
18 61
22 52
26 18
27 22
27 96
30 84
30 93
36 30
40 13
40 15
40 38
40 71
42 20
42 62
42 77
42 79
45 32
48 8
52 26
53 27
53 36
53 40
60 82
70 17
71 91
75 60
77 33
78 45
78 90
79 14
82 42
82 83
84 75
90 10
90 24
95 48
96 28
backbone tree 6, llh: -11744.440608
-1 0
0 16
0 29
0 78
0 85
3 7
4 6
4 34
6 70
8 53
10 95
14 4
16 99
17 74
17 94
18 3
18 19
18 61
22 52
26 18
27 22
27 96
30 84
30 93
36 30
40 13
40 15
40 38
40 71
42 20
42 62
42 77
42 79
45 32
48 8
52 26
53 27
53 36
53 40
60 82
70 17
71 91
75 60
77 33
78 45
78 90
79 14
82 42
82 83
84 75
90 10
90 24
90 59
95 48
96 28
backbone tree 7, llh: -11744.487269
-1 0
0 16
0 29
0 78
0 85
3 7
4 6
4 34
6 70
8 53
10 95
14 4
16 99
17 74
17 94
18 3
18 19
18 61
22 52
26 18
27 22
27 96
30 84
30 93
36 30
40 13
40 15
40 38
40 71
42 20
42 62
42 77
42 79
45 32
48 8
52 26
53 27
53 36
53 40
60 82
70 17
75 60
77 33
78 45
78 90
79 14
82 42
82 83
83 91
84 75
90 10
90 24
90 59
95 48
96 28
backbone tree 8, llh: -11744.479405
-1 0
0 16
0 29
0 78
0 85
3 7
4 6
4 34
6 59
6 70
8 53
10 95
14 4
16 99
17 74
17 94
18 3
18 19
18 61
22 52
26 18
27 22
27 96
30 84
30 93
36 30
40 13
40 15
40 38
40 71
42 20
42 77
42 79
45 62
48 8
52 26
53 27
53 36
53 40
60 82
61 32
70 17
71 91
75 60
77 33
78 45
78 90
79 14
82 42
82 83
84 75
90 10
90 24
95 48
96 28
backbone tree 9, llh: -11744.518729
-1 0
0 16
0 29
0 78
0 85
3 7
4 6
4 34
6 59
6 70
8 53
10 95
14 4
16 99
17 74
17 94
18 3
18 19
18 61
22 52
26 18
27 22
27 96
30 84
30 93
36 30
40 13
40 15
40 38
40 71
42 20
42 77
42 79
45 62
48 8
52 26
53 27
53 36
53 40
60 82
61 32
70 17
75 60
77 33
78 45
78 90
79 14
82 42
82 83
83 91
84 75
90 10
90 24
95 48
96 28
backbone tree 10, llh: -11744.456574
-1 0
0 29
0 78
0 85
3 7
4 6
4 34
6 59
6 70
8 53
10 95
14 4
16 99
17 74
17 94
18 3
18 19
18 61
22 52
26 18
27 22
27 96
30 84
30 93
36 30
40 13
40 15
40 38
40 71
42 20
42 62
42 77
42 79
45 32
48 8
52 26
53 27
53 36
53 40
60 82
60 83
70 17
71 91
75 60
77 33
78 45
78 90
79 14
82 42
84 75
90 10
90 16
90 24
95 48
96 28
backbone tree 11, llh: -11744.475829
-1 0
0 29
0 78
0 85
3 7
4 6
4 34
6 59
6 70
8 53
10 95
14 4
16 99
17 74
17 94
18 3
18 19
18 61
22 52
26 18
27 22
27 96
30 84
30 93
36 30
40 13
40 15
40 38
40 71
42 20
42 62
42 77
42 79
45 32
48 8
52 26
53 27
53 36
53 40
60 82
70 17
71 91
75 60
77 33
78 45
78 90
79 14
82 42
82 83
84 75
90 10
90 16
90 24
95 48
96 28
backbone tree 12, llh: -11744.503649
-1 0
0 29
0 78
0 85
3 7
4 6
4 34
6 59
6 70
8 53
10 95
14 4
16 99
17 74
17 94
18 3
18 19
18 61
22 52
26 18
27 22
27 96
30 84
30 93
36 30
40 13
40 15
40 38
40 71
42 20
42 77
42 79
45 62
48 8
52 26
53 27
53 36
53 40
60 82
61 32
70 17
71 91
75 60
77 33
78 45
78 90
79 14
82 42
82 83
84 75
90 10
90 16
90 24
95 48
96 28
