# 41 backbone trees, 57 mutations
backbone tree 0, llh: -10844.448230
-1 0
0 9
0 42
0 54
0 71
0 89
6 68
6 85
9 64
11 6
12 22
15 16
15 34
15 78
15 88
16 41
18 27
22 11
22 93
27 17
28 30
28 38
33 75
34 94
36 52
37 29
37 51
37 73
40 45
45 31
45 57
50 40
57 77
57 96
62 18
62 28
62 69
62 92
65 49
65 60
71 44
71 46
73 23
73 50
75 25
84 7
84 33
85 15
88 10
88 36
88 84
89 37
92 12
94 4
96 13
96 62
96 65
backbone tree 1, llh: -10844.457291
-1 0
0 9
0 42
0 54
0 71
0 89
6 68
6 85
7 46
9 64
11 6
12 22
15 16
15 34
15 78
15 88
16 41
18 27
22 11
22 93
27 17
28 30
28 38
33 75
34 94
36 52
37 29
37 51
37 73
40 45
45 31
45 57
50 40
57 77
57 96
62 18
62 28
62 69
62 92
65 49
71 44
73 23
73 50
75 25
84 7
84 33
85 15
85 60
88 10
88 36
88 84
89 37
92 12
94 4
96 13
96 62
96 65
backbone tree 2, llh: -10844.422817
-1 0
0 9
0 42
0 54
0 71
0 89
6 68
6 85
9 64
11 6
12 22
15 16
15 34
15 78
15 88
16 41
18 27
22 11
22 93
27 17
28 30
28 38
33 75
34 94
36 52
37 29
37 51
37 73
40 45
45 31
45 57
50 40
57 77
57 96
62 18
62 28
62 69
62 92
65 49
71 44
71 46
73 23
73 50
75 25
84 7
84 33
85 15
85 60
88 10
88 36
88 84
89 37
92 12
94 4
96 13
96 62
96 65
backbone tree 3, llh: -10844.458255
-1 0
0 9
0 42
0 54
0 71
0 89
6 68
6 85
7 46
9 64
11 6
12 22
15 16
15 34
15 78
15 88
16 41
18 27
22 11
22 93
27 17
28 30
28 38
33 75
34 94
36 52
37 51
37 73
40 45
45 31
45 57
50 40
57 77
57 96
62 18
62 28
62 69
62 92
65 49
65 60
71 44
73 23
73 50
75 25
84 7
84 33
85 15
88 10
88 36
88 84
89 29
89 37
92 12
94 4
96 13
96 62
96 65
backbone tree 4, llh: -10844.426564
-1 0
0 9
0 42
0 54
0 71
0 89
6 68
6 85
9 64
11 6
12 22
15 16
15 34
15 78
15 88
16 41
18 27
22 11
22 93
27 17
28 30
28 38
33 75
34 94
36 52
37 51
37 73
40 45
45 31
45 57
50 40
57 77
57 96
62 18
62 28
62 69
62 92
65 49
65 60
71 44
71 46
73 23
73 50
75 25
84 7
84 33
85 15
88 10
88 36
88 84
89 29
89 37
92 12
94 4
96 13
96 62
96 65
backbone tree 5, llh: -10844.471008
-1 0
0 9
0 42
0 54
0 71
0 89
6 68
6 85
9 64
11 6
12 22
15 16
15 34
15 78
15 88
16 41
18 25
18 27
22 11
22 93
27 17
28 30
28 38
33 75
34 94
36 52
37 51
37 73
40 45
45 31
45 57
50 40
57 77
57 96
62 18
62 28
62 69
62 92
65 49
71 44
71 46
73 23
73 50
84 7
84 33
85 15
85 60
88 10
88 36
88 84
89 29
89 37
92 12
94 4
96 13
96 62
96 65
backbone tree 6, llh: -10844.436270
-1 0
0 9
0 42
0 54
0 71
0 89
6 68
6 85
7 46
9 64
11 6
12 22
15 16
15 34
15 78
15 88
16 41
18 27
22 11
22 93
27 17
28 30
28 38
33 75
34 94
36 52
37 51
37 73
40 45
45 31
45 57
50 40
57 77
57 96
62 18
62 28
62 69
62 92
65 49
71 44
73 23
73 50
75 25
84 7
84 33
85 15
85 60
88 10
88 36
88 84
89 29
89 37
92 12
94 4
96 13
96 62
96 65
backbone tree 7, llh: -10844.404414
-1 0
0 9
0 42
0 54
0 71
0 89
6 68
6 85
9 64
11 6
12 22
15 16
15 34
15 78
15 88
16 41
18 27
22 11
22 93
27 17
28 30
28 38
33 75
34 94
36 52
37 51
37 73
40 45
45 31
45 57
50 40
57 77
57 96
62 18
62 28
62 69
62 92
65 49
71 44
71 46
73 23
73 50
75 25
84 7
84 33
85 15
85 60
88 10
88 36
88 84
89 29
89 37
92 12
94 4
96 13
96 62
96 65
backbone tree 8, llh: -10844.447236
-1 0
0 9
0 42
0 54
0 71
0 89
6 68
6 85
9 64
11 6
11 29
12 22
15 16
15 34
15 78
15 88
16 41
18 27
22 11
27 17
28 30
28 38
33 75
34 94
36 52
37 51
37 73
40 45
45 31
45 57
50 40
57 77
57 96
62 18
62 28
62 69
62 92
64 93
65 49
65 60
71 44
71 46
73 23
73 50
75 25
84 7
84 33
85 15
88 10
88 36
88 84
89 37
92 12
94 4
96 13
96 62
96 65
backbone tree 9, llh: -10844.465156
-1 0
0 9
0 42
0 54
0 71
0 89
6 68
6 85
9 64
11 6
11 29
12 22
15 16
15 34
15 78
15 88
16 41
18 27
22 11
27 17
28 30
28 38
33 75
34 94
36 52
37 51
37 73
40 45
45 31
45 57
50 40
57 77
57 96
62 18
62 28
62 69
62 92
64 93
65 49
71 44
71 46
73 23
73 50
75 25
84 7
84 33
85 15
85 60
88 10
88 36
88 84
89 37
92 12
94 4
96 13
96 62
96 65
backbone tree 10, llh: -10844.467594
-1 0
0 9
0 42
0 54
0 71
0 89
6 68
6 85
7 46
9 64
11 6
12 22
15 16
15 34
15 78
15 88
16 41
18 27
22 11
22 60
27 17
28 30
28 38
33 75
34 94
36 52
37 29
37 51
37 73
40 45
45 31
45 57
50 40
57 77
57 96
62 18
62 28
62 69
62 92
64 93
65 49
71 44
73 23
73 50
75 25
84 7
84 33
85 15
88 10
88 36
88 84
89 37
92 12
94 4
96 13
96 62
96 65
backbone tree 11, llh: -10844.434954
-1 0
0 9
0 42
0 54
0 71
0 89
6 68
6 85
9 64
11 6
12 22
15 16
15 34
15 78
15 88
16 41
18 27
22 11
22 60
27 17
28 30
28 38
33 75
34 94
36 52
37 29
37 51
37 73
40 45
45 31
45 57
50 40
57 77
57 96
62 18
62 28
62 69
62 92
64 93
65 49
71 44
71 46
73 23
73 50
75 25
84 7
84 33
85 15
88 10
88 36
88 84
89 37
92 12
94 4
96 13
96 62
96 65
backbone tree 12, llh: -10844.448098
-1 0
0 9
0 42
0 54
0 71
0 89
6 68
6 85
7 46
9 64
11 6
12 22
15 16
15 34
15 78
15 88
16 41
18 27
22 11
27 17
28 30
28 38
33 75
34 94
36 52
37 29
37 51
37 73
40 45
45 31
45 57
50 40
57 77
57 96
62 18
62 28
62 69
62 92
64 93
65 49
65 60
71 44
73 23
73 50
75 25
84 7
84 33
85 15
88 10
88 36
88 84
89 37
92 12
94 4
96 13
96 62
96 65
backbone tree 13, llh: -10844.415335
-1 0
0 9
0 42
0 54
0 71
0 89
6 68
6 85
9 64
11 6
12 22
15 16
15 34
15 78
15 88
16 41
18 27
22 11
27 17
28 30
28 38
33 75
34 94
36 52
37 29
37 51
37 73
40 45
45 31
45 57
50 40
57 77
57 96
62 18
62 28
62 69
62 92
64 93
65 49
65 60
71 44
71 46
73 23
73 50
75 25
84 7
84 33
85 15
88 10
88 36
88 84
89 37
92 12
94 4
96 13
96 62
96 65
backbone tree 14, llh: -10844.456494
-1 0
0 9
0 42
0 54
0 71
0 89
6 68
6 85
9 64
11 6
12 22
15 16
15 34
15 78
15 88
16 41
18 25
18 27
22 11
27 17
28 30
28 38
33 75
34 94
36 52
37 29
37 51
37 73
40 45
45 31
45 57
50 40
57 77
57 96
62 18
62 28
62 69
62 92
64 93
65 49
71 44
71 46
73 23
73 50
84 7
84 33
85 15
85 60
88 10
88 36
88 84
89 37
92 12
94 4
96 13
96 62
96 65
backbone tree 15, llh: -10844.422792
-1 0
0 9
0 42
0 54
0 71
0 89
6 68
6 85
7 46
9 64
11 6
12 22
15 16
15 34
15 78
15 88
16 41
18 27
22 11
27 17
28 30
28 38
33 75
34 94
36 52
37 29
37 51
37 73
40 45
45 31
45 57
50 40
57 77
57 96
62 18
62 28
62 69
62 92
64 93
65 49
71 44
73 23
73 50
75 25
84 7
84 33
85 15
85 60
88 10
88 36
88 84
89 37
92 12
94 4
96 13
96 62
96 65
backbone tree 16, llh: -10844.389864
-1 0
0 9
0 42
0 54
0 71
0 89
6 68
6 85
9 64
11 6
12 22
15 16
15 34
15 78
15 88
16 41
18 27
22 11
27 17
28 30
28 38
33 75
34 94
36 52
37 29
37 51
37 73
40 45
45 31
45 57
50 40
57 77
57 96
62 18
62 28
62 69
62 92
64 93
65 49
71 44
71 46
73 23
73 50
75 25
84 7
84 33
85 15
85 60
88 10
88 36
88 84
89 37
92 12
94 4
96 13
96 62
96 65
backbone tree 17, llh: -10844.447798
-1 0
0 9
0 42
0 54
0 71
0 89
6 68
6 85
7 46
9 64
11 6
12 22
15 16
15 34
15 78
15 88
16 41
18 27
22 11
22 60
27 17
28 30
28 38
33 75
34 94
36 52
37 51
37 73
40 45
45 31
45 57
50 40
57 77
57 96
62 18
62 28
62 69
62 92
64 93
65 49
71 44
73 23
73 50
75 25
84 7
84 33
85 15
88 10
88 36
88 84
89 29
89 37
92 12
94 4
96 13
96 62
96 65
backbone tree 18, llh: -10844.417663
-1 0
0 9
0 42
0 54
0 71
0 89
6 68
6 85
9 64
11 6
12 22
15 16
15 34
15 78
15 88
16 41
18 27
22 11
22 60
27 17
28 30
28 38
33 75
34 94
36 52
37 51
37 73
40 45
45 31
45 57
50 40
57 77
57 96
62 18
62 28
62 69
62 92
64 93
65 49
71 44
71 46
73 23
73 50
75 25
84 7
84 33
85 15
88 10
88 36
88 84
89 29
89 37
92 12
94 4
96 13
96 62
96 65
backbone tree 19, llh: -10844.461342
-1 0
0 9
0 42
0 54
0 71
0 89
6 68
6 85
9 64
11 6
12 22
15 16
15 34
15 78
15 88
16 41
18 25
18 27
22 11
27 17
28 30
28 38
33 75
34 94
36 52
37 51
37 73
40 45
45 31
45 57
50 40
57 77
57 96
62 18
62 28
62 69
62 92
64 93
65 49
65 60
71 44
71 46
73 23
73 50
84 7
84 33
85 15
88 10
88 36
88 84
89 29
89 37
92 12
94 4
96 13
96 62
96 65
backbone tree 20, llh: -10844.424971
-1 0
0 9
0 42
0 54
0 71
0 89
6 68
6 85
7 46
9 64
11 6
12 22
15 16
15 34
15 78
15 88
16 41
18 27
22 11
27 17
28 30
28 38
33 75
34 94
36 52
37 51
37 73
40 45
45 31
45 57
50 40
57 77
57 96
62 18
62 28
62 69
62 92
64 93
65 49
65 60
71 44
73 23
73 50
75 25
84 7
84 33
85 15
88 10
88 36
88 84
89 29
89 37
92 12
94 4
96 13
96 62
96 65
backbone tree 21, llh: -10844.394712
-1 0
0 9
0 42
0 54
0 71
0 89
6 68
6 85
9 64
11 6
12 22
15 16
15 34
15 78
15 88
16 41
18 27
22 11
27 17
28 30
28 38
33 75
34 94
36 52
37 51
37 73
40 45
45 31
45 57
50 40
57 77
57 96
62 18
62 28
62 69
62 92
64 93
65 49
65 60
71 44
71 46
73 23
73 50
75 25
84 7
84 33
85 15
88 10
88 36
88 84
89 29
89 37
92 12
94 4
96 13
96 62
96 65
backbone tree 22, llh: -10844.469783
-1 0
0 9
0 42
0 54
0 71
0 89
6 68
6 85
7 46
9 64
11 6
12 22
15 16
15 34
15 78
15 88
16 41
18 25
18 27
22 11
27 17
28 30
28 38
33 75
34 94
36 52
37 51
37 73
40 45
45 31
45 57
50 40
57 77
57 96
62 18
62 28
62 69
62 92
64 93
65 49
71 44
73 23
73 50
84 7
84 33
85 15
85 60
88 10
88 36
88 84
89 29
89 37
92 12
94 4
96 13
96 62
96 65
backbone tree 23, llh: -10844.439202
-1 0
0 9
0 42
0 54
0 71
0 89
6 68
6 85
9 64
11 6
12 22
15 16
15 34
15 78
15 88
16 41
18 25
18 27
22 11
27 17
28 30
28 38
33 75
34 94
36 52
37 51
37 73
40 45
45 31
45 57
50 40
57 77
57 96
62 18
62 28
62 69
62 92
64 93
65 49
71 44
71 46
73 23
73 50
84 7
84 33
85 15
85 60
88 10
88 36
88 84
89 29
89 37
92 12
94 4
96 13
96 62
96 65
backbone tree 24, llh: -10844.402997
-1 0
0 9
0 42
0 54
0 71
0 89
6 68
6 85
7 46
9 64
11 6
12 22
15 16
15 34
15 78
15 88
16 41
18 27
22 11
27 17
28 30
28 38
33 75
34 94
36 52
37 51
37 73
40 45
45 31
45 57
50 40
57 77
57 96
62 18
62 28
62 69
62 92
64 93
65 49
71 44
73 23
73 50
75 25
84 7
84 33
85 15
85 60
88 10
88 36
88 84
89 29
89 37
92 12
94 4
96 13
96 62
96 65
backbone tree 25, llh: -10844.372572
-1 0
0 9
0 42
0 54
0 71
0 89
6 68
6 85
9 64
11 6
12 22
15 16
15 34
15 78
15 88
16 41
18 27
22 11
27 17
28 30
28 38
33 75
34 94
36 52
37 51
37 73
40 45
45 31
45 57
50 40
57 77
57 96
62 18
62 28
62 69
62 92
64 93
65 49
71 44
71 46
73 23
73 50
75 25
84 7
84 33
85 15
85 60
88 10
88 36
88 84
89 29
89 37
92 12
94 4
96 13
96 62
96 65
backbone tree 26, llh: -10844.455685
-1 0
0 9
0 42
0 54
0 71
0 89
6 68
6 85
9 64
11 6
12 22
15 16
15 34
15 78
15 88
18 27
22 11
22 93
27 17
28 30
28 38
33 75
34 94
36 52
37 29
37 51
37 73
40 45
45 31
45 57
50 40
54 41
57 77
57 96
62 18
62 28
62 69
62 92
65 49
71 44
71 46
73 23
73 50
75 25
84 7
84 33
85 15
85 60
88 10
88 36
88 84
89 37
92 12
94 4
96 13
96 62
96 65
backbone tree 27, llh: -10844.462907
-1 0
0 9
0 42
0 54
0 71
0 89
6 68
6 85
9 64
11 6
12 22
15 16
15 34
15 78
15 88
18 27
22 11
22 93
27 17
28 30
28 38
33 75
34 94
36 52
37 51
37 73
40 45
45 31
45 57
50 40
54 41
57 77
57 96
62 18
62 28
62 69
62 92
65 49
65 60
71 44
71 46
73 23
73 50
75 25
84 7
84 33
85 15
88 10
88 36
88 84
89 29
89 37
92 12
94 4
96 13
96 62
96 65
backbone tree 28, llh: -10844.470676
-1 0
0 9
0 42
0 54
0 71
0 89
6 68
6 85
7 46
9 64
11 6
12 22
15 16
15 34
15 78
15 88
18 27
22 11
22 93
27 17
28 30
28 38
33 75
34 94
36 52
37 51
37 73
40 45
45 31
45 57
50 40
54 41
57 77
57 96
62 18
62 28
62 69
62 92
65 49
71 44
73 23
73 50
75 25
84 7
84 33
85 15
85 60
88 10
88 36
88 84
89 29
89 37
92 12
94 4
96 13
96 62
96 65
backbone tree 29, llh: -10844.440757
-1 0
0 9
0 42
0 54
0 71
0 89
6 68
6 85
9 64
11 6
12 22
15 16
15 34
15 78
15 88
18 27
22 11
22 93
27 17
28 30
28 38
33 75
34 94
36 52
37 51
37 73
40 45
45 31
45 57
50 40
54 41
57 77
57 96
62 18
62 28
62 69
62 92
65 49
71 44
71 46
73 23
73 50
75 25
84 7
84 33
85 15
85 60
88 10
88 36
88 84
89 29
89 37
92 12
94 4
96 13
96 62
96 65
backbone tree 30, llh: -10844.466907
-1 0
0 9
0 42
0 54
0 71
0 89
6 68
6 85
9 64
11 6
11 29
12 22
15 16
15 34
15 78
15 88
18 27
22 11
27 17
28 30
28 38
33 75
34 94
36 52
37 51
37 73
40 45
45 31
45 57
50 40
54 41
57 77
57 96
62 18
62 28
62 69
62 92
64 93
65 49
65 60
71 44
71 46
73 23
73 50
75 25
84 7
84 33
85 15
88 10
88 36
88 84
89 37
92 12
94 4
96 13
96 62
96 65
backbone tree 31, llh: -10844.467736
-1 0
0 9
0 42
0 54
0 71
0 89
6 68
6 85
9 64
11 6
12 22
15 16
15 34
15 78
15 88
18 27
22 11
22 60
27 17
28 30
28 38
33 75
34 94
36 52
37 29
37 51
37 73
40 45
45 31
45 57
50 40
54 41
57 77
57 96
62 18
62 28
62 69
62 92
64 93
65 49
71 44
71 46
73 23
73 50
75 25
84 7
84 33
85 15
88 10
88 36
88 84
89 37
92 12
94 4
96 13
96 62
96 65
backbone tree 32, llh: -10844.448117
-1 0
0 9
0 42
0 54
0 71
0 89
6 68
6 85
9 64
11 6
12 22
15 16
15 34
15 78
15 88
18 27
22 11
27 17
28 30
28 38
33 75
34 94
36 52
37 29
37 51
37 73
40 45
45 31
45 57
50 40
54 41
57 77
57 96
62 18
62 28
62 69
62 92
64 93
65 49
65 60
71 44
71 46
73 23
73 50
75 25
84 7
84 33
85 15
88 10
88 36
88 84
89 37
92 12
94 4
96 13
96 62
96 65
backbone tree 33, llh: -10844.453664
-1 0
0 9
0 42
0 54
0 71
0 89
6 68
6 85
7 46
9 64
11 6
12 22
15 16
15 34
15 78
15 88
18 27
22 11
27 17
28 30
28 38
33 75
34 94
36 52
37 29
37 51
37 73
40 45
45 31
45 57
50 40
54 41
57 77
57 96
62 18
62 28
62 69
62 92
64 93
65 49
71 44
73 23
73 50
75 25
84 7
84 33
85 15
85 60
88 10
88 36
88 84
89 37
92 12
94 4
96 13
96 62
96 65
backbone tree 34, llh: -10844.422645
-1 0
0 9
0 42
0 54
0 71
0 89
6 68
6 85
9 64
11 6
12 22
15 16
15 34
15 78
15 88
18 27
22 11
27 17
28 30
28 38
33 75
34 94
36 52
37 29
37 51
37 73
40 45
45 31
45 57
50 40
54 41
57 77
57 96
62 18
62 28
62 69
62 92
64 93
65 49
71 44
71 46
73 23
73 50
75 25
84 7
84 33
85 15
85 60
88 10
88 36
88 84
89 37
92 12
94 4
96 13
96 62
96 65
backbone tree 35, llh: -10844.453952
-1 0
0 9
0 42
0 54
0 71
0 89
6 68
6 85
9 64
11 6
12 22
15 16
15 34
15 78
15 88
18 27
22 11
22 60
27 17
28 30
28 38
33 75
34 94
36 52
37 51
37 73
40 45
45 31
45 57
50 40
54 41
57 77
57 96
62 18
62 28
62 69
62 92
64 93
65 49
71 44
71 46
73 23
73 50
75 25
84 7
84 33
85 15
88 10
88 36
88 84
89 29
89 37
92 12
94 4
96 13
96 62
96 65
backbone tree 36, llh: -10844.459323
-1 0
0 9
0 42
0 54
0 71
0 89
6 68
6 85
7 46
9 64
11 6
12 22
15 16
15 34
15 78
15 88
18 27
22 11
27 17
28 30
28 38
33 75
34 94
36 52
37 51
37 73
40 45
45 31
45 57
50 40
54 41
57 77
57 96
62 18
62 28
62 69
62 92
64 93
65 49
65 60
71 44
73 23
73 50
75 25
84 7
84 33
85 15
88 10
88 36
88 84
89 29
89 37
92 12
94 4
96 13
96 62
96 65
backbone tree 37, llh: -10844.431001
-1 0
0 9
0 42
0 54
0 71
0 89
6 68
6 85
9 64
11 6
12 22
15 16
15 34
15 78
15 88
18 27
22 11
27 17
28 30
28 38
33 75
34 94
36 52
37 51
37 73
40 45
45 31
45 57
50 40
54 41
57 77
57 96
62 18
62 28
62 69
62 92
64 93
65 49
65 60
71 44
71 46
73 23
73 50
75 25
84 7
84 33
85 15
88 10
88 36
88 84
89 29
89 37
92 12
94 4
96 13
96 62
96 65
backbone tree 38, llh: -10844.475299
-1 0
0 9
0 42
0 54
0 71
0 89
6 68
6 85
9 64
11 6
12 22
15 16
15 34
15 78
15 88
18 25
18 27
22 11
27 17
28 30
28 38
33 75
34 94
36 52
37 51
37 73
40 45
45 31
45 57
50 40
54 41
57 77
57 96
62 18
62 28
62 69
62 92
64 93
65 49
71 44
71 46
73 23
73 50
84 7
84 33
85 15
85 60
88 10
88 36
88 84
89 29
89 37
92 12
94 4
96 13
96 62
96 65
backbone tree 39, llh: -10844.437348
-1 0
0 9
0 42
0 54
0 71
0 89
6 68
6 85
7 46
9 64
11 6
12 22
15 16
15 34
15 78
15 88
18 27
22 11
27 17
28 30
28 38
33 75
34 94
36 52
37 51
37 73
40 45
45 31
45 57
50 40
54 41
57 77
57 96
62 18
62 28
62 69
62 92
64 93
65 49
71 44
73 23
73 50
75 25
84 7
84 33
85 15
85 60
88 10
88 36
88 84
89 29
89 37
92 12
94 4
96 13
96 62
96 65
backbone tree 40, llh: -10844.408861
-1 0
0 9
0 42
0 54
0 71
0 89
6 68
6 85
9 64
11 6
12 22
15 16
15 34
15 78
15 88
18 27
22 11
27 17
28 30
28 38
33 75
34 94
36 52
37 51
37 73
40 45
45 31
45 57
50 40
54 41
57 77
57 96
62 18
62 28
62 69
62 92
64 93
65 49
71 44
71 46
73 23
73 50
75 25
84 7
84 33
85 15
85 60
88 10
88 36
88 84
89 29
89 37
92 12
94 4
96 13
96 62
96 65
