# 8 backbone trees, 68 mutations
backbone tree 0, llh: -9570.446983
-1 55
0 9
0 53
3 40
4 54
8 31
9 1
9 8
9 39
9 49
17 78
17 96
21 38
23 36
23 61
28 57
30 46
30 94
31 7
31 70
32 35
33 44
36 10
36 51
36 74
37 58
37 69
38 79
40 82
44 19
46 81
48 42
50 28
53 33
53 62
53 73
53 91
54 75
55 0
56 71
56 97
57 76
58 64
59 17
59 72
62 32
62 68
68 50
68 59
70 4
70 89
71 20
71 23
72 15
72 87
73 30
73 37
73 66
75 95
76 67
78 3
79 6
82 5
82 56
87 22
87 45
91 21
95 48
backbone tree 1, llh: -9570.458760
-1 55
0 9
0 53
3 40
4 54
8 31
9 1
9 8
9 39
9 49
17 78
17 96
21 38
23 36
23 61
28 57
30 46
30 94
31 7
31 70
32 35
33 19
33 44
36 10
36 51
37 58
37 69
38 79
40 82
46 81
48 42
50 28
53 33
53 62
53 73
53 91
54 75
55 0
56 71
56 97
57 76
58 64
59 17
59 72
62 32
62 68
68 50
68 59
70 4
70 89
71 20
71 23
72 15
72 87
73 30
73 37
73 66
75 95
76 67
78 3
79 6
82 5
82 56
87 22
87 45
91 21
95 48
95 74
backbone tree 2, llh: -9570.432450
-1 55
0 9
0 53
3 40
4 54
8 31
9 1
9 8
9 39
9 49
17 78
17 96
21 38
23 36
23 61
28 57
30 46
30 94
31 7
31 70
32 35
33 44
36 10
36 51
37 58
37 69
38 79
40 82
44 19
46 6
46 81
48 42
50 28
53 33
53 62
53 73
53 91
54 75
55 0
56 71
56 97
57 76
58 64
59 17
59 72
62 32
62 68
68 50
68 59
70 4
70 89
71 20
71 23
72 15
72 87
73 30
73 37
73 66
75 95
76 67
78 3
82 5
82 56
87 22
87 45
91 21
95 48
95 74
backbone tree 3, llh: -9570.382787
-1 55
0 9
0 53
3 40
4 54
8 31
9 1
9 8
9 39
9 49
17 78
17 96
21 38
23 36
23 61
28 57
30 46
30 94
31 7
31 70
32 35
33 44
36 10
36 51
37 58
37 69
38 79
40 82
44 19
46 81
48 42
50 28
53 33
53 62
53 73
53 91
54 75
55 0
56 71
56 97
57 76
58 64
59 17
59 72
62 32
62 68
68 50
68 59
70 4
70 89
71 20
71 23
72 15
72 87
73 30
73 37
73 66
75 95
76 67
78 3
79 6
82 5
82 56
87 22
87 45
91 21
95 48
95 74
backbone tree 4, llh: -9570.468075
-1 55
0 9
0 53
3 40
4 54
8 31
9 1
9 8
9 49
17 78
17 96
21 38
23 36
23 61
28 57
30 46
30 94
31 7
31 70
32 35
33 44
36 10
36 51
37 39
37 58
37 69
38 79
40 82
44 19
46 81
48 42
50 28
53 33
53 62
53 73
53 91
54 75
55 0
56 71
56 97
57 76
58 64
59 17
59 72
62 32
62 68
68 50
68 59
70 4
70 89
71 20
71 23
72 15
72 87
73 30
73 37
73 66
75 95
76 67
78 3
79 6
82 5
82 56
87 22
87 45
91 21
95 48
95 74
backbone tree 5, llh: -9570.441990
-1 55
0 9
0 53
3 40
4 54
8 31
9 1
9 8
9 39
9 49
17 78
17 96
21 38
23 36
23 61
28 57
30 46
30 94
31 7
31 70
32 35
33 44
36 10
36 51
37 58
37 69
38 79
40 82
46 6
46 81
48 42
50 28
51 19
53 33
53 62
53 73
53 91
54 75
55 0
56 71
56 97
57 76
58 64
59 17
59 72
62 32
62 68
68 50
68 59
70 4
70 89
71 20
71 23
72 15
72 87
73 30
73 37
73 66
75 95
76 67
78 3
82 5
82 56
87 22
87 45
91 21
95 48
95 74
backbone tree 6, llh: -9570.392327
-1 55
0 9
0 53
3 40
4 54
8 31
9 1
9 8
9 39
9 49
17 78
17 96
21 38
23 36
23 61
28 57
30 46
30 94
31 7
31 70
32 35
33 44
36 10
36 51
37 58
37 69
38 79
40 82
46 81
48 42
50 28
51 19
53 33
53 62
53 73
53 91
54 75
55 0
56 71
56 97
57 76
58 64
59 17
59 72
62 32
62 68
68 50
68 59
70 4
70 89
71 20
71 23
72 15
72 87
73 30
73 37
73 66
75 95
76 67
78 3
79 6
82 5
82 56
87 22
87 45
91 21
95 48
95 74
backbone tree 7, llh: -9570.477614
-1 55
0 9
0 53
3 40
4 54
8 31
9 1
9 8
9 49
17 78
17 96
21 38
23 36
23 61
28 57
30 46
30 94
31 7
31 70
32 35
33 44
36 10
36 51
37 39
37 58
37 69
38 79
40 82
46 81
48 42
50 28
51 19
53 33
53 62
53 73
53 91
54 75
55 0
56 71
56 97
57 76
58 64
59 17
59 72
62 32
62 68
68 50
68 59
70 4
70 89
71 20
71 23
72 15
72 87
73 30
73 37
73 66
75 95
76 67
78 3
79 6
82 5
82 56
87 22
87 45
91 21
95 48
95 74
