# 4 backbone trees, 60 mutations
backbone tree 0, llh: -12238.406841
-1 0
0 2
0 28
0 95
2 80
3 69
4 54
6 93
10 68
10 89
14 70
15 57
16 77
17 3
17 18
18 21
18 41
21 72
22 6
24 67
25 62
27 37
27 47
28 46
30 32
30 33
33 38
33 78
34 15
36 12
36 83
37 4
38 44
38 52
41 74
43 85
44 11
46 22
46 59
54 14
57 86
59 43
62 34
62 36
64 31
65 17
72 40
72 64
74 20
84 30
85 10
85 27
85 84
86 16
86 23
86 91
89 25
91 1
91 24
91 65
backbone tree 1, llh: -12238.385973
-1 0
0 2
0 28
0 95
1 16
2 80
3 69
4 54
6 93
10 68
10 89
14 70
15 57
17 3
17 18
18 21
18 41
21 72
22 6
24 67
25 62
27 37
27 47
28 46
30 32
30 33
33 38
33 78
34 15
36 12
36 83
37 4
38 44
38 52
41 74
43 85
44 11
46 22
46 59
54 14
57 86
59 43
62 34
62 36
65 17
68 31
72 40
72 64
74 20
84 30
85 10
85 27
85 84
86 23
86 77
86 91
89 25
91 1
91 24
91 65
backbone tree 2, llh: -12238.384584
-1 0
0 2
0 28
0 95
2 80
3 69
4 54
6 93
10 68
10 89
14 70
15 57
17 3
17 18
18 21
18 41
21 72
22 6
24 67
25 62
27 37
27 47
28 46
30 32
30 33
33 38
33 78
34 15
34 16
36 12
36 83
37 4
38 44
38 52
41 74
43 85
44 11
46 22
46 59
54 14
57 86
59 43
62 34
62 36
65 17
68 31
72 40
72 64
74 20
84 30
85 10
85 27
85 84
86 23
86 77
86 91
89 25
91 1
91 24
91 65
backbone tree 3, llh: -12238.311033
-1 0
0 2
0 28
0 95
2 80
3 69
4 54
6 93
10 68
10 89
14 70
15 57
16 77
17 3
17 18
18 21
18 41
21 72
22 6
24 67
25 62
27 37
27 47
28 46
30 32
30 33
33 38
33 78
34 15
36 12
36 83
37 4
38 44
38 52
41 74
43 85
44 11
46 22
46 59
54 14
57 86
59 43
62 34
62 36
65 17
68 31
72 40
72 64
74 20
84 30
85 10
85 27
85 84
86 16
86 23
86 91
89 25
91 1
91 24
91 65
