# 4 backbone trees, 33 mutations
backbone tree 0, llh: -9925.011382
-1 0
0 9
0 54
0 71
0 89
6 85
11 6
12 22
15 34
15 88
18 27
22 11
33 75
34 94
37 73
40 45
45 57
50 40
57 77
57 96
62 18
62 28
62 92
73 23
73 50
84 33
85 15
88 36
88 84
89 37
92 12
96 62
96 65
backbone tree 1, llh: -9925.019312
-1 0
0 9
0 71
0 89
6 85
11 6
12 22
15 34
15 54
15 88
18 27
22 11
33 75
34 94
37 73
40 45
45 57
50 40
57 77
57 96
62 18
62 28
62 92
73 23
73 50
84 33
85 15
88 36
88 84
89 37
92 12
96 62
96 65
backbone tree 2, llh: -9925.099497
-1 0
0 9
0 71
0 89
6 85
11 6
12 22
15 34
15 88
18 27
22 11
33 75
34 94
37 73
40 45
40 54
45 57
50 40
57 77
57 96
62 18
62 28
62 92
73 23
73 50
84 33
85 15
88 36
88 84
89 37
92 12
96 62
96 65
backbone tree 3, llh: -9924.999911
-1 0
0 9
0 71
0 89
6 85
11 6
12 22
15 34
15 88
18 27
22 11
33 75
34 94
37 73
40 45
45 57
50 40
57 77
57 96
62 18
62 28
62 92
73 23
73 50
84 33
85 15
88 36
88 84
89 37
92 12
96 54
96 62
96 65
