# 16 backbone trees, 83 mutations
backbone tree 0, llh: -17349.778305
-1 42
0 59
3 83
5 18
7 73
7 78
8 29
9 4
10 12
10 21
11 16
11 72
13 44
13 85
14 13
16 51
17 88
18 24
18 66
19 84
20 52
21 15
22 8
22 37
25 90
26 32
27 11
27 31
28 46
29 23
31 55
32 25
33 86
34 28
34 49
35 36
36 5
36 92
38 45
38 48
42 26
42 41
42 43
42 75
44 82
46 65
46 80
47 34
47 38
51 33
51 53
51 74
52 62
52 93
53 19
53 70
55 63
58 0
59 77
64 3
65 39
67 35
67 96
68 20
69 47
70 69
72 50
72 89
75 9
75 58
75 81
77 79
78 27
79 7
80 68
82 91
84 14
84 17
85 10
89 64
91 67
93 22
96 94
backbone tree 1, llh: -17349.775049
-1 42
0 59
3 83
5 18
7 73
7 78
8 29
9 4
10 12
10 21
11 16
11 72
13 44
13 85
14 13
16 51
17 88
18 24
18 66
19 84
20 52
21 15
22 8
22 37
25 90
26 32
26 63
27 11
27 31
28 46
29 23
31 55
32 25
33 86
34 28
34 49
35 36
36 5
36 92
38 45
38 48
42 26
42 43
42 75
44 82
46 65
46 80
47 34
47 38
51 33
51 53
51 74
52 62
52 93
53 19
53 70
58 0
59 77
64 3
65 39
67 35
67 96
68 20
69 47
70 69
72 50
72 89
75 9
75 58
75 81
77 79
78 27
79 7
80 68
82 91
84 14
84 17
85 10
89 64
91 67
92 41
93 22
96 94
backbone tree 2, llh: -17349.705118
-1 42
0 59
3 83
5 18
7 73
7 78
8 29
9 4
10 12
10 21
11 16
11 72
13 44
13 85
14 13
16 51
17 88
18 24
18 66
19 84
20 52
21 15
22 8
22 37
25 90
26 32
27 11
27 31
28 46
29 23
31 55
32 25
33 86
34 28
34 49
35 36
36 5
36 92
38 45
38 48
42 26
42 43
42 75
44 82
46 65
46 80
47 34
47 38
51 33
51 53
51 74
52 62
52 93
53 19
53 70
55 63
58 0
59 77
64 3
65 39
67 35
67 96
68 20
69 47
70 69
72 50
72 89
75 9
75 58
75 81
77 79
78 27
79 7
80 68
82 91
84 14
84 17
85 10
89 64
91 67
92 41
93 22
96 94
backbone tree 3, llh: -17349.769477
-1 42
0 59
3 83
5 18
7 73
7 78
8 29
9 4
10 12
10 21
11 16
11 72
13 44
13 85
14 13
16 51
17 88
18 24
18 66
19 84
20 52
21 15
22 8
22 37
26 32
27 11
27 31
28 46
29 23
31 55
32 25
33 86
34 28
34 49
35 36
36 5
36 92
38 45
38 48
42 26
42 41
42 43
42 75
44 82
46 65
46 80
47 34
47 38
51 33
51 53
51 74
52 62
52 93
53 19
53 70
55 63
58 0
59 77
64 3
65 39
67 35
67 96
68 20
69 47
70 69
72 50
72 89
73 90
75 9
75 58
75 81
77 79
78 27
79 7
80 68
82 91
84 14
84 17
85 10
89 64
91 67
93 22
96 94
backbone tree 4, llh: -17349.766272
-1 42
0 59
3 83
5 18
7 73
7 78
8 29
9 4
10 12
10 21
11 16
11 72
13 44
13 85
14 13
16 51
17 88
18 24
18 66
19 84
20 52
21 15
22 8
22 37
26 32
26 63
27 11
27 31
28 46
29 23
31 55
32 25
33 86
34 28
34 49
35 36
36 5
36 92
38 45
38 48
42 26
42 43
42 75
44 82
46 65
46 80
47 34
47 38
51 33
51 53
51 74
52 62
52 93
53 19
53 70
58 0
59 77
64 3
65 39
67 35
67 96
68 20
69 47
70 69
72 50
72 89
73 90
75 9
75 58
75 81
77 79
78 27
79 7
80 68
82 91
84 14
84 17
85 10
89 64
91 67
92 41
93 22
96 94
backbone tree 5, llh: -17349.696290
-1 42
0 59
3 83
5 18
7 73
7 78
8 29
9 4
10 12
10 21
11 16
11 72
13 44
13 85
14 13
16 51
17 88
18 24
18 66
19 84
20 52
21 15
22 8
22 37
26 32
27 11
27 31
28 46
29 23
31 55
32 25
33 86
34 28
34 49
35 36
36 5
36 92
38 45
38 48
42 26
42 43
42 75
44 82
46 65
46 80
47 34
47 38
51 33
51 53
51 74
52 62
52 93
53 19
53 70
55 63
58 0
59 77
64 3
65 39
67 35
67 96
68 20
69 47
70 69
72 50
72 89
73 90
75 9
75 58
75 81
77 79
78 27
79 7
80 68
82 91
84 14
84 17
85 10
89 64
91 67
92 41
93 22
96 94
backbone tree 6, llh: -17349.767673
-1 42
0 59
3 83
5 18
7 73
7 78
8 29
9 4
10 12
10 21
11 16
11 72
13 44
13 85
14 13
16 51
18 24
18 66
19 84
20 52
21 15
22 8
22 37
25 90
26 32
27 11
27 31
28 46
29 23
31 55
32 25
33 86
34 28
34 49
35 36
36 5
36 92
38 45
38 48
42 26
42 43
42 75
44 82
46 65
46 80
47 34
47 38
51 33
51 53
51 74
52 62
52 93
53 19
53 70
55 63
55 88
58 0
59 77
64 3
65 39
67 35
67 96
68 20
69 47
70 69
72 50
72 89
75 9
75 58
75 81
77 79
78 27
79 7
80 68
82 91
84 14
84 17
85 10
89 64
91 67
92 41
93 22
96 94
backbone tree 7, llh: -17349.758761
-1 42
0 59
3 83
5 18
7 73
7 78
8 29
9 4
10 12
10 21
11 16
11 72
13 44
13 85
14 13
16 51
18 24
18 66
19 84
20 52
21 15
22 8
22 37
26 32
27 11
27 31
28 46
29 23
31 55
32 25
33 86
34 28
34 49
35 36
36 5
36 92
38 45
38 48
42 26
42 43
42 75
44 82
46 65
46 80
47 34
47 38
51 33
51 53
51 74
52 62
52 93
53 19
53 70
55 63
55 88
58 0
59 77
64 3
65 39
67 35
67 96
68 20
69 47
70 69
72 50
72 89
73 90
75 9
75 58
75 81
77 79
78 27
79 7
80 68
82 91
84 14
84 17
85 10
89 64
91 67
92 41
93 22
96 94
backbone tree 8, llh: -17349.740249
-1 42
0 59
3 83
5 18
7 73
7 78
8 29
9 4
10 21
11 16
11 72
13 44
13 85
14 13
16 51
17 88
18 24
18 66
19 84
20 52
21 15
22 8
22 37
25 90
26 32
27 11
27 31
28 46
29 23
31 55
32 25
33 86
34 28
34 49
35 36
36 5
36 92
38 45
38 48
42 26
42 43
42 75
44 82
46 65
46 80
47 34
47 38
48 12
51 33
51 53
51 74
52 62
52 93
53 19
53 70
55 63
58 0
59 77
64 3
65 39
67 35
67 96
68 20
69 47
70 69
72 50
72 89
75 9
75 58
75 81
77 79
78 27
79 7
80 68
82 91
84 14
84 17
85 10
89 64
91 67
92 41
93 22
96 94
backbone tree 9, llh: -17349.801404
-1 42
0 59
3 83
5 18
7 73
7 78
8 29
9 4
10 21
11 16
11 72
13 44
13 85
14 13
16 51
17 88
18 24
18 66
19 84
20 52
21 15
22 8
22 37
26 32
26 63
27 11
27 31
28 46
29 23
31 55
32 25
33 86
34 28
34 49
35 36
36 5
36 92
38 45
38 48
42 26
42 43
42 75
44 82
46 65
46 80
47 34
47 38
48 12
51 33
51 53
51 74
52 62
52 93
53 19
53 70
58 0
59 77
64 3
65 39
67 35
67 96
68 20
69 47
70 69
72 50
72 89
73 90
75 9
75 58
75 81
77 79
78 27
79 7
80 68
82 91
84 14
84 17
85 10
89 64
91 67
92 41
93 22
96 94
backbone tree 10, llh: -17349.731421
-1 42
0 59
3 83
5 18
7 73
7 78
8 29
9 4
10 21
11 16
11 72
13 44
13 85
14 13
16 51
17 88
18 24
18 66
19 84
20 52
21 15
22 8
22 37
26 32
27 11
27 31
28 46
29 23
31 55
32 25
33 86
34 28
34 49
35 36
36 5
36 92
38 45
38 48
42 26
42 43
42 75
44 82
46 65
46 80
47 34
47 38
48 12
51 33
51 53
51 74
52 62
52 93
53 19
53 70
55 63
58 0
59 77
64 3
65 39
67 35
67 96
68 20
69 47
70 69
72 50
72 89
73 90
75 9
75 58
75 81
77 79
78 27
79 7
80 68
82 91
84 14
84 17
85 10
89 64
91 67
92 41
93 22
96 94
backbone tree 11, llh: -17349.793892
-1 42
0 59
3 83
5 18
7 73
7 78
8 29
9 4
10 21
11 16
11 72
13 44
13 85
14 13
16 51
18 24
18 66
19 84
20 52
21 15
22 8
22 37
26 32
27 11
27 31
28 46
29 23
31 55
32 25
33 86
34 28
34 49
35 36
36 5
36 92
38 45
38 48
42 26
42 43
42 75
44 82
46 65
46 80
47 34
47 38
48 12
51 33
51 53
51 74
52 62
52 93
53 19
53 70
55 63
55 88
58 0
59 77
64 3
65 39
67 35
67 96
68 20
69 47
70 69
72 50
72 89
73 90
75 9
75 58
75 81
77 79
78 27
79 7
80 68
82 91
84 14
84 17
85 10
89 64
91 67
92 41
93 22
96 94
backbone tree 12, llh: -17349.749550
-1 42
0 59
3 83
5 18
7 73
7 78
8 29
9 4
10 21
11 16
11 72
13 44
13 85
14 13
16 51
17 88
18 24
18 66
19 84
20 52
21 15
22 8
22 37
25 90
26 32
27 11
27 31
28 46
29 23
31 55
32 25
33 86
34 28
34 49
35 36
36 5
36 92
38 45
38 48
42 26
42 43
42 75
44 82
46 65
46 80
47 34
47 38
50 12
51 33
51 53
51 74
52 62
52 93
53 19
53 70
55 63
58 0
59 77
64 3
65 39
67 35
67 96
68 20
69 47
70 69
72 50
72 89
75 9
75 58
75 81
77 79
78 27
79 7
80 68
82 91
84 14
84 17
85 10
89 64
91 67
92 41
93 22
96 94
backbone tree 13, llh: -17349.740721
-1 42
0 59
3 83
5 18
7 73
7 78
8 29
9 4
10 21
11 16
11 72
13 44
13 85
14 13
16 51
17 88
18 24
18 66
19 84
20 52
21 15
22 8
22 37
26 32
27 11
27 31
28 46
29 23
31 55
32 25
33 86
34 28
34 49
35 36
36 5
36 92
38 45
38 48
42 26
42 43
42 75
44 82
46 65
46 80
47 34
47 38
50 12
51 33
51 53
51 74
52 62
52 93
53 19
53 70
55 63
58 0
59 77
64 3
65 39
67 35
67 96
68 20
69 47
70 69
72 50
72 89
73 90
75 9
75 58
75 81
77 79
78 27
79 7
80 68
82 91
84 14
84 17
85 10
89 64
91 67
92 41
93 22
96 94
backbone tree 14, llh: -17349.779365
-1 42
0 59
5 18
7 73
7 78
8 29
9 4
10 12
10 21
11 16
11 72
13 44
13 85
14 13
16 51
17 88
18 24
18 66
19 84
20 52
21 15
22 8
22 37
25 90
26 32
27 11
27 31
28 46
29 23
31 55
32 25
33 86
34 28
34 49
35 36
36 5
36 92
38 45
38 48
42 26
42 43
42 75
44 82
46 65
46 80
47 34
47 38
51 33
51 53
51 74
52 62
52 93
53 19
53 70
55 63
58 0
59 77
64 3
65 39
67 35
67 96
68 20
69 47
70 69
72 50
72 89
73 83
75 9
75 58
75 81
77 79
78 27
79 7
80 68
82 91
84 14
84 17
85 10
89 64
91 67
92 41
93 22
96 94
backbone tree 15, llh: -17349.770956
-1 42
0 59
5 18
7 73
7 78
8 29
9 4
10 12
10 21
11 16
11 72
13 44
13 85
14 13
16 51
17 88
18 24
18 66
19 84
20 52
21 15
22 8
22 37
26 32
27 11
27 31
28 46
29 23
31 55
32 25
33 86
34 28
34 49
35 36
36 5
36 92
38 45
38 48
42 26
42 43
42 75
44 82
46 65
46 80
47 34
47 38
51 33
51 53
51 74
52 62
52 93
53 19
53 70
55 63
58 0
59 77
64 3
65 39
67 35
67 96
68 20
69 47
70 69
72 50
72 89
73 83
73 90
75 9
75 58
75 81
77 79
78 27
79 7
80 68
82 91
84 14
84 17
85 10
89 64
91 67
92 41
93 22
96 94
