# 30 backbone trees, 61 mutations
backbone tree 0, llh: -11896.441392
-1 0
0 16
0 29
0 78
0 85
3 7
4 6
4 34
6 59
6 70
8 51
8 53
10 95
14 4
16 99
17 74
17 94
18 3
18 19
18 61
20 46
22 52
26 18
27 22
27 96
30 84
30 93
34 63
36 30
40 13
40 15
40 38
40 71
42 20
42 62
42 77
42 79
45 32
48 8
52 26
52 76
53 27
53 36
53 40
60 82
60 83
70 17
70 88
71 91
75 60
77 33
78 45
78 90
79 14
82 42
84 75
90 10
90 24
90 25
95 48
96 28
backbone tree 1, llh: -11896.432474
-1 0
0 16
0 29
0 78
0 85
3 7
4 6
4 34
6 25
6 59
6 70
8 53
10 95
14 4
16 99
17 74
17 94
18 3
18 19
18 61
20 46
22 52
26 18
27 22
27 96
30 84
30 93
34 63
36 30
40 13
40 15
40 38
40 71
42 20
42 62
42 77
42 79
45 32
48 8
52 26
52 76
53 27
53 36
53 40
60 82
60 83
70 17
70 88
71 91
75 60
77 33
78 45
78 90
79 14
82 42
84 75
90 10
90 24
94 51
95 48
96 28
backbone tree 2, llh: -11896.375174
-1 0
0 16
0 29
0 78
0 85
3 7
4 6
4 34
6 59
6 70
8 53
10 95
14 4
16 99
17 74
17 94
18 3
18 19
18 61
20 46
22 52
26 18
27 22
27 96
30 84
30 93
34 63
36 30
40 13
40 15
40 38
40 71
42 20
42 62
42 77
42 79
45 32
48 8
52 26
52 76
53 27
53 36
53 40
60 82
60 83
70 17
70 88
71 91
75 60
77 33
78 45
78 90
79 14
82 42
84 75
90 10
90 24
90 25
94 51
95 48
96 28
backbone tree 3, llh: -11896.441439
-1 0
0 16
0 29
0 78
0 85
3 7
4 6
4 34
6 59
6 70
8 51
8 53
10 95
14 4
16 99
17 74
17 94
18 3
18 19
18 61
20 46
22 52
26 18
27 22
27 96
30 84
30 93
34 63
36 30
40 13
40 15
40 38
40 71
42 20
42 62
42 77
42 79
45 32
48 8
52 26
53 27
53 36
53 40
60 82
60 83
70 17
70 76
70 88
71 91
75 60
77 33
78 45
78 90
79 14
82 42
84 75
90 10
90 24
90 25
95 48
96 28
backbone tree 4, llh: -11896.432500
-1 0
0 16
0 29
0 78
0 85
3 7
4 6
4 34
6 25
6 59
6 70
8 53
10 95
14 4
16 99
17 74
17 94
18 3
18 19
18 61
20 46
22 52
26 18
27 22
27 96
30 84
30 93
34 63
36 30
40 13
40 15
40 38
40 71
42 20
42 62
42 77
42 79
45 32
48 8
52 26
53 27
53 36
53 40
60 82
60 83
70 17
70 76
70 88
71 91
75 60
77 33
78 45
78 90
79 14
82 42
84 75
90 10
90 24
94 51
95 48
96 28
backbone tree 5, llh: -11896.375221
-1 0
0 16
0 29
0 78
0 85
3 7
4 6
4 34
6 59
6 70
8 53
10 95
14 4
16 99
17 74
17 94
18 3
18 19
18 61
20 46
22 52
26 18
27 22
27 96
30 84
30 93
34 63
36 30
40 13
40 15
40 38
40 71
42 20
42 62
42 77
42 79
45 32
48 8
52 26
53 27
53 36
53 40
60 82
60 83
70 17
70 76
70 88
71 91
75 60
77 33
78 45
78 90
79 14
82 42
84 75
90 10
90 24
90 25
94 51
95 48
96 28
backbone tree 6, llh: -11896.419048
-1 0
0 16
0 29
0 78
0 85
3 7
4 6
4 34
6 25
6 70
8 51
8 53
10 95
14 4
16 99
17 74
17 94
18 3
18 19
18 61
20 46
22 52
26 18
27 22
27 96
30 84
30 93
34 63
36 30
40 13
40 15
40 38
40 71
42 20
42 62
42 77
42 79
45 32
48 8
52 26
52 76
53 27
53 36
53 40
60 82
60 83
70 17
70 88
71 91
75 60
77 33
78 45
78 90
79 14
82 42
84 75
90 10
90 24
90 59
95 48
96 28
backbone tree 7, llh: -11896.352829
-1 0
0 16
0 29
0 78
0 85
3 7
4 6
4 34
6 25
6 70
8 53
10 95
14 4
16 99
17 74
17 94
18 3
18 19
18 61
20 46
22 52
26 18
27 22
27 96
30 84
30 93
34 63
36 30
40 13
40 15
40 38
40 71
42 20
42 62
42 77
42 79
45 32
48 8
52 26
52 76
53 27
53 36
53 40
60 82
60 83
70 17
70 88
71 91
75 60
77 33
78 45
78 90
79 14
82 42
84 75
90 10
90 24
90 59
94 51
95 48
96 28
backbone tree 8, llh: -11896.450421
-1 0
0 16
0 29
0 78
0 85
3 7
4 6
4 34
6 70
8 53
10 95
14 4
16 99
17 74
17 94
18 3
18 19
18 61
20 46
22 52
26 18
27 22
27 96
30 84
30 93
34 63
36 30
40 13
40 15
40 38
40 71
42 20
42 62
42 77
42 79
45 32
48 8
52 26
52 76
53 27
53 36
53 40
60 82
60 83
70 17
70 88
71 91
75 60
77 33
78 45
78 90
79 14
82 42
84 75
90 10
90 24
90 25
90 59
94 51
95 48
96 28
backbone tree 9, llh: -11896.419117
-1 0
0 16
0 29
0 78
0 85
3 7
4 6
4 34
6 25
6 70
8 51
8 53
10 95
14 4
16 99
17 74
17 94
18 3
18 19
18 61
20 46
22 52
26 18
27 22
27 96
30 84
30 93
34 63
36 30
40 13
40 15
40 38
40 71
42 20
42 62
42 77
42 79
45 32
48 8
52 26
53 27
53 36
53 40
60 82
60 83
70 17
70 76
70 88
71 91
75 60
77 33
78 45
78 90
79 14
82 42
84 75
90 10
90 24
90 59
95 48
96 28
backbone tree 10, llh: -11896.352899
-1 0
0 16
0 29
0 78
0 85
3 7
4 6
4 34
6 25
6 70
8 53
10 95
14 4
16 99
17 74
17 94
18 3
18 19
18 61
20 46
22 52
26 18
27 22
27 96
30 84
30 93
34 63
36 30
40 13
40 15
40 38
40 71
42 20
42 62
42 77
42 79
45 32
48 8
52 26
53 27
53 36
53 40
60 82
60 83
70 17
70 76
70 88
71 91
75 60
77 33
78 45
78 90
79 14
82 42
84 75
90 10
90 24
90 59
94 51
95 48
96 28
backbone tree 11, llh: -11896.450512
-1 0
0 16
0 29
0 78
0 85
3 7
4 6
4 34
6 70
8 53
10 95
14 4
16 99
17 74
17 94
18 3
18 19
18 61
20 46
22 52
26 18
27 22
27 96
30 84
30 93
34 63
36 30
40 13
40 15
40 38
40 71
42 20
42 62
42 77
42 79
45 32
48 8
52 26
53 27
53 36
53 40
60 82
60 83
70 17
70 76
70 88
71 91
75 60
77 33
78 45
78 90
79 14
82 42
84 75
90 10
90 24
90 25
90 59
94 51
95 48
96 28
backbone tree 12, llh: -11896.450224
-1 0
0 16
0 29
0 78
0 85
3 7
4 6
4 34
6 25
6 70
8 53
10 95
14 4
16 99
17 74
17 94
18 3
18 19
18 61
20 46
22 52
26 18
27 22
27 96
30 84
30 93
34 63
36 30
40 13
40 15
40 38
40 71
42 20
42 62
42 77
42 79
48 8
52 26
52 76
53 27
53 36
53 40
60 82
60 83
61 32
70 17
70 88
71 91
75 60
77 33
78 45
78 90
79 14
82 42
84 75
90 10
90 24
90 59
94 51
95 48
96 28
backbone tree 13, llh: -11896.450293
-1 0
0 16
0 29
0 78
0 85
3 7
4 6
4 34
6 25
6 70
8 53
10 95
14 4
16 99
17 74
17 94
18 3
18 19
18 61
20 46
22 52
26 18
27 22
27 96
30 84
30 93
34 63
36 30
40 13
40 15
40 38
40 71
42 20
42 62
42 77
42 79
48 8
52 26
53 27
53 36
53 40
60 82
60 83
61 32
70 17
70 76
70 88
71 91
75 60
77 33
78 45
78 90
79 14
82 42
84 75
90 10
90 24
90 59
94 51
95 48
96 28
backbone tree 14, llh: -11896.451996
-1 0
0 16
0 29
0 78
0 85
3 7
4 6
4 34
6 25
6 59
6 70
8 53
10 95
14 4
16 99
17 74
17 94
18 3
18 19
18 61
20 46
22 52
26 18
27 22
27 96
30 84
30 93
34 63
36 30
40 13
40 15
40 38
40 71
42 20
42 62
42 77
42 79
45 32
48 8
52 26
52 76
53 27
53 36
53 40
60 82
70 17
70 88
71 91
75 60
77 33
78 45
78 90
79 14
82 42
82 83
84 75
90 10
90 24
94 51
95 48
96 28
backbone tree 15, llh: -11896.394696
-1 0
0 16
0 29
0 78
0 85
3 7
4 6
4 34
6 59
6 70
8 53
10 95
14 4
16 99
17 74
17 94
18 3
18 19
18 61
20 46
22 52
26 18
27 22
27 96
30 84
30 93
34 63
36 30
40 13
40 15
40 38
40 71
42 20
42 62
42 77
42 79
45 32
48 8
52 26
52 76
53 27
53 36
53 40
60 82
70 17
70 88
71 91
75 60
77 33
78 45
78 90
79 14
82 42
82 83
84 75
90 10
90 24
90 25
94 51
95 48
96 28
backbone tree 16, llh: -11896.452002
-1 0
0 16
0 29
0 78
0 85
3 7
4 6
4 34
6 25
6 59
6 70
8 53
10 95
14 4
16 99
17 74
17 94
18 3
18 19
18 61
20 46
22 52
26 18
27 22
27 96
30 84
30 93
34 63
36 30
40 13
40 15
40 38
40 71
42 20
42 62
42 77
42 79
45 32
48 8
52 26
53 27
53 36
53 40
60 82
70 17
70 76
70 88
71 91
75 60
77 33
78 45
78 90
79 14
82 42
82 83
84 75
90 10
90 24
94 51
95 48
96 28
backbone tree 17, llh: -11896.394723
-1 0
0 16
0 29
0 78
0 85
3 7
4 6
4 34
6 59
6 70
8 53
10 95
14 4
16 99
17 74
17 94
18 3
18 19
18 61
20 46
22 52
26 18
27 22
27 96
30 84
30 93
34 63
36 30
40 13
40 15
40 38
40 71
42 20
42 62
42 77
42 79
45 32
48 8
52 26
53 27
53 36
53 40
60 82
70 17
70 76
70 88
71 91
75 60
77 33
78 45
78 90
79 14
82 42
82 83
84 75
90 10
90 24
90 25
94 51
95 48
96 28
backbone tree 18, llh: -11896.430975
-1 0
0 16
0 29
0 78
0 85
3 7
4 6
4 34
6 25
6 70
8 51
8 53
10 95
14 4
16 99
17 74
17 94
18 3
18 19
18 61
20 46
22 52
26 18
27 22
27 96
30 84
30 93
34 63
36 30
40 13
40 15
40 38
40 71
42 20
42 62
42 77
42 79
45 32
48 8
52 26
52 76
53 27
53 36
53 40
60 82
70 17
70 88
71 91
75 60
77 33
78 45
78 90
79 14
82 42
82 83
84 75
90 10
90 24
90 59
95 48
96 28
backbone tree 19, llh: -11896.364726
-1 0
0 16
0 29
0 78
0 85
3 7
4 6
4 34
6 25
6 70
8 53
10 95
14 4
16 99
17 74
17 94
18 3
18 19
18 61
20 46
22 52
26 18
27 22
27 96
30 84
30 93
34 63
36 30
40 13
40 15
40 38
40 71
42 20
42 62
42 77
42 79
45 32
48 8
52 26
52 76
53 27
53 36
53 40
60 82
70 17
70 88
71 91
75 60
77 33
78 45
78 90
79 14
82 42
82 83
84 75
90 10
90 24
90 59
94 51
95 48
96 28
backbone tree 20, llh: -11896.431000
-1 0
0 16
0 29
0 78
0 85
3 7
4 6
4 34
6 25
6 70
8 51
8 53
10 95
14 4
16 99
17 74
17 94
18 3
18 19
18 61
20 46
22 52
26 18
27 22
27 96
30 84
30 93
34 63
36 30
40 13
40 15
40 38
40 71
42 20
42 62
42 77
42 79
45 32
48 8
52 26
53 27
53 36
53 40
60 82
70 17
70 76
70 88
71 91
75 60
77 33
78 45
78 90
79 14
82 42
82 83
84 75
90 10
90 24
90 59
95 48
96 28
backbone tree 21, llh: -11896.364751
-1 0
0 16
0 29
0 78
0 85
3 7
4 6
4 34
6 25
6 70
8 53
10 95
14 4
16 99
17 74
17 94
18 3
18 19
18 61
20 46
22 52
26 18
27 22
27 96
30 84
30 93
34 63
36 30
40 13
40 15
40 38
40 71
42 20
42 62
42 77
42 79
45 32
48 8
52 26
53 27
53 36
53 40
60 82
70 17
70 76
70 88
71 91
75 60
77 33
78 45
78 90
79 14
82 42
82 83
84 75
90 10
90 24
90 59
94 51
95 48
96 28
backbone tree 22, llh: -11896.411501
-1 0
0 16
0 29
0 78
0 85
3 7
4 6
4 34
6 25
6 70
8 53
10 95
14 4
16 99
17 74
17 94
18 3
18 19
18 61
20 46
22 52
26 18
27 22
27 96
30 84
30 93
34 63
36 30
40 13
40 15
40 38
40 71
42 20
42 62
42 77
42 79
45 32
48 8
52 26
52 76
53 27
53 36
53 40
60 82
70 17
70 88
75 60
77 33
78 45
78 90
79 14
82 42
82 83
83 91
84 75
90 10
90 24
90 59
94 51
95 48
96 28
backbone tree 23, llh: -11896.411482
-1 0
0 16
0 29
0 78
0 85
3 7
4 6
4 34
6 25
6 70
8 53
10 95
14 4
16 99
17 74
17 94
18 3
18 19
18 61
20 46
22 52
26 18
27 22
27 96
30 84
30 93
34 63
36 30
40 13
40 15
40 38
40 71
42 20
42 62
42 77
42 79
45 32
48 8
52 26
53 27
53 36
53 40
60 82
70 17
70 76
70 88
75 60
77 33
78 45
78 90
79 14
82 42
82 83
83 91
84 75
90 10
90 24
90 59
94 51
95 48
96 28
backbone tree 24, llh: -11896.441630
-1 0
0 16
0 29
0 78
0 85
3 7
4 6
4 34
6 25
6 70
8 53
10 95
14 4
16 99
17 74
17 94
18 3
18 19
18 61
20 46
22 52
26 18
27 22
27 96
30 84
30 93
34 63
36 30
40 13
40 15
40 38
40 71
42 20
42 62
42 77
42 79
45 32
48 8
52 26
53 27
53 36
53 40
60 82
70 17
70 88
71 76
75 60
77 33
78 45
78 90
79 14
82 42
82 83
83 91
84 75
90 10
90 24
90 59
94 51
95 48
96 28
backbone tree 25, llh: -11896.427344
-1 0
0 16
0 29
0 78
0 85
3 7
4 6
4 34
6 59
6 70
8 53
10 95
14 4
16 99
17 74
17 94
18 3
18 19
18 61
20 46
22 52
26 18
27 22
27 96
30 84
30 93
34 63
36 30
40 13
40 15
40 38
40 71
42 20
42 77
42 79
45 62
48 8
52 26
52 76
53 27
53 36
53 40
60 82
61 32
70 17
70 88
71 91
75 60
77 33
78 45
78 90
79 14
82 42
82 83
84 75
90 10
90 24
90 25
94 51
95 48
96 28
backbone tree 26, llh: -11896.449177
-1 0
0 16
0 29
0 78
0 85
3 7
4 6
4 34
6 59
6 70
8 53
10 95
14 4
16 99
17 74
17 94
18 3
18 19
18 61
20 46
22 52
26 18
27 22
27 96
30 84
30 93
36 30
40 13
40 15
40 38
40 71
42 20
42 63
42 77
42 79
45 62
48 8
52 26
52 76
53 27
53 36
53 40
60 82
61 32
70 17
70 88
71 91
75 60
77 33
78 45
78 90
79 14
82 42
82 83
84 75
90 10
90 24
90 25
94 51
95 48
96 28
backbone tree 27, llh: -11896.444975
-1 0
0 16
0 29
0 78
0 85
3 7
4 6
4 34
6 59
6 70
8 53
10 95
14 4
16 99
17 74
17 94
18 3
18 19
18 61
20 46
22 52
26 18
27 22
27 96
30 84
30 93
34 63
36 30
40 13
40 15
40 38
40 71
42 20
42 77
42 79
45 62
48 8
52 26
53 27
53 36
53 40
60 76
60 82
61 32
70 17
70 88
71 91
75 60
77 33
78 45
78 90
79 14
82 42
82 83
84 75
90 10
90 24
90 25
94 51
95 48
96 28
backbone tree 28, llh: -11896.427574
-1 0
0 16
0 29
0 78
0 85
3 7
4 6
4 34
6 59
6 70
8 53
10 95
14 4
16 99
17 74
17 94
18 3
18 19
18 61
20 46
22 52
26 18
27 22
27 96
30 84
30 93
34 63
36 30
40 13
40 15
40 38
40 71
42 20
42 77
42 79
45 62
48 8
52 26
53 27
53 36
53 40
60 82
61 32
70 17
70 76
70 88
71 91
75 60
77 33
78 45
78 90
79 14
82 42
82 83
84 75
90 10
90 24
90 25
94 51
95 48
96 28
backbone tree 29, llh: -11896.449370
-1 0
0 16
0 29
0 78
0 85
3 7
4 6
4 34
6 59
6 70
8 53
10 95
14 4
16 99
17 74
17 94
18 3
18 19
18 61
20 46
22 52
26 18
27 22
27 96
30 84
30 93
36 30
40 13
40 15
40 38
40 71
42 20
42 63
42 77
42 79
45 62
48 8
52 26
53 27
53 36
53 40
60 82
61 32
70 17
70 76
70 88
71 91
75 60
77 33
78 45
78 90
79 14
82 42
82 83
84 75
90 10
90 24
90 25
94 51
95 48
96 28
