# 29 backbone trees, 61 mutations
backbone tree 0, llh: -11451.764567
-1 0
0 24
0 47
0 71
0 87
1 84
2 96
4 27
4 34
6 81
7 57
7 77
9 38
9 67
12 16
12 42
12 69
14 53
14 91
16 58
18 30
19 14
20 31
20 48
21 4
21 73
23 7
24 25
30 64
31 55
33 18
34 85
39 41
41 63
47 75
50 83
53 44
56 2
57 33
58 93
61 1
61 72
64 6
64 56
67 10
67 19
67 20
67 21
67 78
68 35
73 92
75 12
76 9
83 8
83 68
92 23
92 39
92 89
93 50
93 61
93 76
backbone tree 1, llh: -11451.668077
-1 0
0 24
0 47
0 71
0 87
1 84
2 96
4 27
4 34
7 57
7 77
9 38
9 67
12 16
12 42
12 69
14 53
14 91
16 58
18 30
19 14
19 81
20 31
20 48
21 4
21 73
23 7
24 25
30 64
31 55
33 18
34 85
39 41
41 63
47 75
50 83
53 44
56 2
57 33
58 93
61 1
61 72
64 6
64 56
67 10
67 19
67 20
67 21
67 78
68 35
73 92
75 12
76 9
83 8
83 68
92 23
92 39
92 89
93 50
93 61
93 76
backbone tree 2, llh: -11451.678078
-1 0
0 24
0 47
0 71
0 87
1 84
2 96
4 27
4 34
7 57
7 77
9 38
9 67
12 16
12 42
12 69
14 53
14 91
16 58
18 30
19 14
20 31
20 48
21 4
21 73
23 7
24 25
30 64
31 55
33 18
34 85
39 41
41 63
47 75
50 83
53 44
56 2
57 33
58 93
61 1
61 72
64 6
64 56
67 10
67 19
67 20
67 21
67 78
68 35
73 92
75 12
76 9
83 8
83 68
92 23
92 39
92 89
93 50
93 61
93 76
96 81
backbone tree 3, llh: -11451.688190
-1 0
0 24
0 47
0 71
0 87
1 84
2 96
4 27
4 34
7 57
7 77
9 38
9 67
12 16
12 42
12 69
14 53
14 91
16 58
18 30
19 14
19 81
20 31
20 48
21 4
21 73
23 7
24 25
30 64
31 55
33 18
34 85
39 41
47 75
50 83
53 44
55 63
56 2
57 33
58 93
61 1
61 72
64 6
64 56
67 10
67 19
67 20
67 21
67 78
68 35
73 92
75 12
76 9
83 8
83 68
92 23
92 39
92 89
93 50
93 61
93 76
backbone tree 4, llh: -11451.698191
-1 0
0 24
0 47
0 71
0 87
1 84
2 96
4 27
4 34
7 57
7 77
9 38
9 67
12 16
12 42
12 69
14 53
14 91
16 58
18 30
19 14
20 31
20 48
21 4
21 73
23 7
24 25
30 64
31 55
33 18
34 85
39 41
47 75
50 83
53 44
55 63
56 2
57 33
58 93
61 1
61 72
64 6
64 56
67 10
67 19
67 20
67 21
67 78
68 35
73 92
75 12
76 9
83 8
83 68
92 23
92 39
92 89
93 50
93 61
93 76
96 81
backbone tree 5, llh: -11451.764587
-1 0
0 24
0 47
0 71
0 87
1 84
2 96
4 27
4 34
6 81
7 57
7 77
9 38
9 67
12 16
12 42
12 69
14 53
14 91
16 58
18 30
19 14
20 31
20 48
21 4
21 73
23 7
24 25
30 64
31 55
33 18
34 85
39 41
47 75
50 83
53 44
56 2
57 33
58 93
61 1
61 72
64 6
64 56
67 10
67 19
67 20
67 21
67 78
68 35
72 63
73 92
75 12
76 9
83 8
83 68
92 23
92 39
92 89
93 50
93 61
93 76
backbone tree 6, llh: -11451.668010
-1 0
0 24
0 47
0 71
0 87
1 84
2 96
4 27
4 34
7 57
7 77
9 38
9 67
12 16
12 42
12 69
14 53
14 91
16 58
18 30
19 14
19 81
20 31
20 48
21 4
21 73
23 7
24 25
30 64
31 55
33 18
34 85
39 41
47 75
50 83
53 44
56 2
57 33
58 93
61 1
61 72
64 6
64 56
67 10
67 19
67 20
67 21
67 78
68 35
72 63
73 92
75 12
76 9
83 8
83 68
92 23
92 39
92 89
93 50
93 61
93 76
backbone tree 7, llh: -11451.678099
-1 0
0 24
0 47
0 71
0 87
1 84
2 96
4 27
4 34
7 57
7 77
9 38
9 67
12 16
12 42
12 69
14 53
14 91
16 58
18 30
19 14
20 31
20 48
21 4
21 73
23 7
24 25
30 64
31 55
33 18
34 85
39 41
47 75
50 83
53 44
56 2
57 33
58 93
61 1
61 72
64 6
64 56
67 10
67 19
67 20
67 21
67 78
68 35
72 63
73 92
75 12
76 9
83 8
83 68
92 23
92 39
92 89
93 50
93 61
93 76
96 81
backbone tree 8, llh: -11451.726168
-1 0
0 24
0 47
0 71
0 87
1 84
2 96
4 27
4 34
7 57
9 38
9 67
12 16
12 42
12 69
14 53
14 91
16 58
18 30
19 14
19 81
20 31
20 48
21 4
21 73
23 7
24 25
27 77
30 64
31 55
33 18
34 85
39 41
41 63
47 75
50 83
53 44
56 2
57 33
58 93
61 1
61 72
64 6
64 56
67 10
67 19
67 20
67 21
67 78
68 35
73 92
75 12
76 9
83 8
83 68
92 23
92 39
92 89
93 50
93 61
93 76
backbone tree 9, llh: -11451.736327
-1 0
0 24
0 47
0 71
0 87
1 84
2 96
4 27
4 34
7 57
9 38
9 67
12 16
12 42
12 69
14 53
14 91
16 58
18 30
19 14
20 31
20 48
21 4
21 73
23 7
24 25
27 77
30 64
31 55
33 18
34 85
39 41
41 63
47 75
50 83
53 44
56 2
57 33
58 93
61 1
61 72
64 6
64 56
67 10
67 19
67 20
67 21
67 78
68 35
73 92
75 12
76 9
83 8
83 68
92 23
92 39
92 89
93 50
93 61
93 76
96 81
backbone tree 10, llh: -11451.746280
-1 0
0 24
0 47
0 71
0 87
1 84
2 96
4 27
4 34
7 57
9 38
9 67
12 16
12 42
12 69
14 53
14 91
16 58
18 30
19 14
19 81
20 31
20 48
21 4
21 73
23 7
24 25
27 77
30 64
31 55
33 18
34 85
39 41
47 75
50 83
53 44
55 63
56 2
57 33
58 93
61 1
61 72
64 6
64 56
67 10
67 19
67 20
67 21
67 78
68 35
73 92
75 12
76 9
83 8
83 68
92 23
92 39
92 89
93 50
93 61
93 76
backbone tree 11, llh: -11451.756439
-1 0
0 24
0 47
0 71
0 87
1 84
2 96
4 27
4 34
7 57
9 38
9 67
12 16
12 42
12 69
14 53
14 91
16 58
18 30
19 14
20 31
20 48
21 4
21 73
23 7
24 25
27 77
30 64
31 55
33 18
34 85
39 41
47 75
50 83
53 44
55 63
56 2
57 33
58 93
61 1
61 72
64 6
64 56
67 10
67 19
67 20
67 21
67 78
68 35
73 92
75 12
76 9
83 8
83 68
92 23
92 39
92 89
93 50
93 61
93 76
96 81
backbone tree 12, llh: -11451.726188
-1 0
0 24
0 47
0 71
0 87
1 84
2 96
4 27
4 34
7 57
9 38
9 67
12 16
12 42
12 69
14 53
14 91
16 58
18 30
19 14
19 81
20 31
20 48
21 4
21 73
23 7
24 25
27 77
30 64
31 55
33 18
34 85
39 41
47 75
50 83
53 44
56 2
57 33
58 93
61 1
61 72
64 6
64 56
67 10
67 19
67 20
67 21
67 78
68 35
72 63
73 92
75 12
76 9
83 8
83 68
92 23
92 39
92 89
93 50
93 61
93 76
backbone tree 13, llh: -11451.736435
-1 0
0 24
0 47
0 71
0 87
1 84
2 96
4 27
4 34
7 57
9 38
9 67
12 16
12 42
12 69
14 53
14 91
16 58
18 30
19 14
20 31
20 48
21 4
21 73
23 7
24 25
27 77
30 64
31 55
33 18
34 85
39 41
47 75
50 83
53 44
56 2
57 33
58 93
61 1
61 72
64 6
64 56
67 10
67 19
67 20
67 21
67 78
68 35
72 63
73 92
75 12
76 9
83 8
83 68
92 23
92 39
92 89
93 50
93 61
93 76
96 81
backbone tree 14, llh: -11451.735367
-1 0
0 24
0 47
0 71
0 87
1 84
2 96
4 27
4 34
7 57
7 77
9 67
12 16
12 42
12 69
14 53
14 91
16 38
16 58
18 30
19 14
19 81
20 31
20 48
21 4
21 73
23 7
24 25
30 64
31 55
33 18
34 85
39 41
41 63
47 75
50 83
53 44
56 2
57 33
58 93
61 1
61 72
64 6
64 56
67 10
67 19
67 20
67 21
67 78
68 35
73 92
75 12
76 9
83 8
83 68
92 23
92 39
92 89
93 50
93 61
93 76
backbone tree 15, llh: -11451.745318
-1 0
0 24
0 47
0 71
0 87
1 84
2 96
4 27
4 34
7 57
7 77
9 67
12 16
12 42
12 69
14 53
14 91
16 38
16 58
18 30
19 14
20 31
20 48
21 4
21 73
23 7
24 25
30 64
31 55
33 18
34 85
39 41
41 63
47 75
50 83
53 44
56 2
57 33
58 93
61 1
61 72
64 6
64 56
67 10
67 19
67 20
67 21
67 78
68 35
73 92
75 12
76 9
83 8
83 68
92 23
92 39
92 89
93 50
93 61
93 76
96 81
backbone tree 16, llh: -11451.755116
-1 0
0 24
0 47
0 71
0 87
1 84
2 96
4 27
4 34
7 57
7 77
9 67
12 16
12 42
12 69
14 53
14 91
16 38
16 58
18 30
19 14
19 81
20 31
20 48
21 4
21 73
23 7
24 25
30 64
31 55
33 18
34 85
39 41
47 75
50 83
53 44
55 63
56 2
57 33
58 93
61 1
61 72
64 6
64 56
67 10
67 19
67 20
67 21
67 78
68 35
73 92
75 12
76 9
83 8
83 68
92 23
92 39
92 89
93 50
93 61
93 76
backbone tree 17, llh: -11451.765067
-1 0
0 24
0 47
0 71
0 87
1 84
2 96
4 27
4 34
7 57
7 77
9 67
12 16
12 42
12 69
14 53
14 91
16 38
16 58
18 30
19 14
20 31
20 48
21 4
21 73
23 7
24 25
30 64
31 55
33 18
34 85
39 41
47 75
50 83
53 44
55 63
56 2
57 33
58 93
61 1
61 72
64 6
64 56
67 10
67 19
67 20
67 21
67 78
68 35
73 92
75 12
76 9
83 8
83 68
92 23
92 39
92 89
93 50
93 61
93 76
96 81
backbone tree 18, llh: -11451.735235
-1 0
0 24
0 47
0 71
0 87
1 84
2 96
4 27
4 34
7 57
7 77
9 67
12 16
12 42
12 69
14 53
14 91
16 38
16 58
18 30
19 14
19 81
20 31
20 48
21 4
21 73
23 7
24 25
30 64
31 55
33 18
34 85
39 41
47 75
50 83
53 44
56 2
57 33
58 93
61 1
61 72
64 6
64 56
67 10
67 19
67 20
67 21
67 78
68 35
72 63
73 92
75 12
76 9
83 8
83 68
92 23
92 39
92 89
93 50
93 61
93 76
backbone tree 19, llh: -11451.745186
-1 0
0 24
0 47
0 71
0 87
1 84
2 96
4 27
4 34
7 57
7 77
9 67
12 16
12 42
12 69
14 53
14 91
16 38
16 58
18 30
19 14
20 31
20 48
21 4
21 73
23 7
24 25
30 64
31 55
33 18
34 85
39 41
47 75
50 83
53 44
56 2
57 33
58 93
61 1
61 72
64 6
64 56
67 10
67 19
67 20
67 21
67 78
68 35
72 63
73 92
75 12
76 9
83 8
83 68
92 23
92 39
92 89
93 50
93 61
93 76
96 81
backbone tree 20, llh: -11451.729269
-1 0
0 24
0 47
0 71
0 87
1 84
2 96
4 27
4 34
7 57
7 77
9 67
12 16
12 42
12 69
14 53
14 91
16 58
18 30
19 14
19 81
20 31
20 48
21 4
21 73
23 7
24 25
30 64
31 55
33 18
34 85
39 41
41 63
47 75
50 83
53 44
56 2
57 33
58 93
61 1
61 72
64 6
64 56
67 10
67 19
67 20
67 21
67 78
68 35
73 92
75 12
76 9
83 8
83 38
83 68
92 23
92 39
92 89
93 50
93 61
93 76
backbone tree 21, llh: -11451.739334
-1 0
0 24
0 47
0 71
0 87
1 84
2 96
4 27
4 34
7 57
7 77
9 67
12 16
12 42
12 69
14 53
14 91
16 58
18 30
19 14
20 31
20 48
21 4
21 73
23 7
24 25
30 64
31 55
33 18
34 85
39 41
41 63
47 75
50 83
53 44
56 2
57 33
58 93
61 1
61 72
64 6
64 56
67 10
67 19
67 20
67 21
67 78
68 35
73 92
75 12
76 9
83 8
83 38
83 68
92 23
92 39
92 89
93 50
93 61
93 76
96 81
backbone tree 22, llh: -11451.748956
-1 0
0 24
0 47
0 71
0 87
1 84
2 96
4 27
4 34
7 57
7 77
9 67
12 16
12 42
12 69
14 53
14 91
16 58
18 30
19 14
19 81
20 31
20 48
21 4
21 73
23 7
24 25
30 64
31 55
33 18
34 85
39 41
47 75
50 83
53 44
55 63
56 2
57 33
58 93
61 1
61 72
64 6
64 56
67 10
67 19
67 20
67 21
67 78
68 35
73 92
75 12
76 9
83 8
83 38
83 68
92 23
92 39
92 89
93 50
93 61
93 76
backbone tree 23, llh: -11451.759021
-1 0
0 24
0 47
0 71
0 87
1 84
2 96
4 27
4 34
7 57
7 77
9 67
12 16
12 42
12 69
14 53
14 91
16 58
18 30
19 14
20 31
20 48
21 4
21 73
23 7
24 25
30 64
31 55
33 18
34 85
39 41
47 75
50 83
53 44
55 63
56 2
57 33
58 93
61 1
61 72
64 6
64 56
67 10
67 19
67 20
67 21
67 78
68 35
73 92
75 12
76 9
83 8
83 38
83 68
92 23
92 39
92 89
93 50
93 61
93 76
96 81
backbone tree 24, llh: -11451.728037
-1 0
0 24
0 47
0 71
0 87
1 84
2 96
4 27
4 34
7 57
7 77
9 67
12 16
12 42
12 69
14 53
14 91
16 58
18 30
19 14
19 81
20 31
20 48
21 4
21 73
23 7
24 25
30 64
31 55
33 18
34 85
39 41
47 75
50 83
53 44
56 2
57 33
58 93
61 1
61 72
64 6
64 56
67 10
67 19
67 20
67 21
67 78
68 35
72 63
73 92
75 12
76 9
83 8
83 38
83 68
92 23
92 39
92 89
93 50
93 61
93 76
backbone tree 25, llh: -11451.738102
-1 0
0 24
0 47
0 71
0 87
1 84
2 96
4 27
4 34
7 57
7 77
9 67
12 16
12 42
12 69
14 53
14 91
16 58
18 30
19 14
20 31
20 48
21 4
21 73
23 7
24 25
30 64
31 55
33 18
34 85
39 41
47 75
50 83
53 44
56 2
57 33
58 93
61 1
61 72
64 6
64 56
67 10
67 19
67 20
67 21
67 78
68 35
72 63
73 92
75 12
76 9
83 8
83 38
83 68
92 23
92 39
92 89
93 50
93 61
93 76
96 81
backbone tree 26, llh: -11451.720197
-1 0
0 24
0 47
0 71
0 87
1 84
2 96
4 27
4 34
7 57
7 77
9 38
9 67
12 16
12 42
12 69
14 53
16 58
18 30
19 14
19 81
20 31
20 48
21 4
21 73
23 7
24 25
30 64
31 55
33 18
34 85
39 41
41 63
47 75
50 83
53 44
56 2
57 33
58 93
61 1
61 72
64 6
64 56
67 10
67 19
67 20
67 21
67 78
68 35
72 91
73 92
75 12
76 9
83 8
83 68
92 23
92 39
92 89
93 50
93 61
93 76
backbone tree 27, llh: -11451.753741
-1 0
0 24
0 47
0 71
0 87
1 84
2 96
4 27
4 34
7 57
7 77
9 38
9 67
12 16
12 42
12 69
14 53
16 58
18 30
19 14
20 31
20 48
21 4
21 73
23 7
24 25
30 64
31 55
33 18
34 85
39 41
41 63
47 75
50 83
53 44
56 2
57 33
58 93
61 1
61 72
64 6
64 56
67 10
67 19
67 20
67 21
67 78
68 35
72 91
73 92
75 12
76 9
83 8
83 68
92 23
92 39
92 89
93 50
93 61
93 76
96 81
backbone tree 28, llh: -11451.740309
-1 0
0 24
0 47
0 71
0 87
1 84
2 96
4 27
4 34
7 57
7 77
9 38
9 67
12 16
12 42
12 69
14 53
16 58
18 30
19 14
19 81
20 31
20 48
21 4
21 73
23 7
24 25
30 64
31 55
33 18
34 85
39 41
47 75
50 83
53 44
55 63
56 2
57 33
58 93
61 1
61 72
64 6
64 56
67 10
67 19
67 20
67 21
67 78
68 35
72 91
73 92
75 12
76 9
83 8
83 68
92 23
92 39
92 89
93 50
93 61
93 76
