# 28 backbone trees, 66 mutations
backbone tree 0, llh: -9560.749308
-1 0
0 33
0 56
0 58
0 61
0 76
0 82
1 40
4 37
4 53
4 88
14 29
16 5
16 19
19 91
22 25
22 36
24 92
29 30
29 75
29 86
33 87
34 16
36 46
40 93
42 24
42 34
46 18
48 81
50 4
50 41
50 60
52 11
54 83
56 74
58 9
58 52
59 54
61 62
63 59
64 66
64 72
66 32
71 15
71 80
71 96
72 1
72 65
74 14
74 23
74 38
74 42
75 71
76 98
80 44
81 12
81 64
82 73
91 48
91 89
92 26
93 7
96 22
96 50
96 63
96 77
backbone tree 1, llh: -9560.749480
-1 0
0 33
0 56
0 58
0 61
0 76
0 82
1 40
4 37
4 53
4 88
14 29
16 5
16 19
19 91
22 25
22 36
24 92
29 30
29 75
29 86
33 87
34 16
36 46
40 93
42 24
42 34
46 18
48 81
50 4
50 41
50 60
52 11
56 74
58 9
58 52
58 83
59 54
61 62
63 59
64 66
64 72
66 32
71 15
71 80
71 96
72 1
72 65
74 14
74 23
74 38
74 42
75 71
76 98
80 44
81 12
81 64
82 73
91 48
91 89
92 26
93 7
96 22
96 50
96 63
96 77
backbone tree 2, llh: -9560.752737
-1 0
0 33
0 56
0 58
0 61
0 76
0 82
1 40
4 37
4 53
4 88
14 29
16 5
16 19
19 91
22 25
22 36
24 92
29 30
29 75
29 86
33 87
34 16
36 46
40 93
42 24
42 34
46 18
48 81
50 4
50 41
50 60
52 11
56 74
58 9
58 52
59 54
61 62
63 59
64 66
64 72
65 83
66 32
71 15
71 80
71 96
72 1
72 65
74 14
74 23
74 38
74 42
75 71
76 98
80 44
81 12
81 64
82 73
91 48
91 89
92 26
93 7
96 22
96 50
96 63
96 77
backbone tree 3, llh: -9560.738354
-1 0
0 33
0 56
0 58
0 61
0 76
0 82
1 25
1 40
4 37
4 88
14 29
16 5
16 19
19 91
22 23
22 36
24 92
29 30
29 75
29 86
33 87
34 16
36 46
40 93
42 24
42 34
46 18
48 81
50 4
50 41
50 60
52 11
54 83
56 74
58 9
58 52
59 54
61 62
63 59
64 66
64 72
66 32
71 15
71 80
71 96
72 1
72 65
74 14
74 38
74 42
74 53
75 71
76 98
80 44
81 12
81 64
82 73
91 48
91 89
92 26
93 7
96 22
96 50
96 63
96 77
backbone tree 4, llh: -9560.738700
-1 0
0 33
0 56
0 58
0 61
0 76
0 82
1 25
1 40
4 37
4 88
14 29
16 5
16 19
19 91
22 23
22 36
24 92
29 30
29 75
29 86
33 87
34 16
36 46
40 93
42 24
42 34
46 18
48 81
50 4
50 41
50 60
52 11
56 74
58 9
58 52
58 83
59 54
61 62
63 59
64 66
64 72
66 32
71 15
71 80
71 96
72 1
72 65
74 14
74 38
74 42
74 53
75 71
76 98
80 44
81 12
81 64
82 73
91 48
91 89
92 26
93 7
96 22
96 50
96 63
96 77
backbone tree 5, llh: -9560.741683
-1 0
0 33
0 56
0 58
0 61
0 76
0 82
1 25
1 40
4 37
4 88
14 29
16 5
16 19
19 91
22 23
22 36
24 92
29 30
29 75
29 86
33 87
34 16
36 46
40 93
42 24
42 34
46 18
48 81
50 4
50 41
50 60
52 11
56 74
58 9
58 52
59 54
61 62
63 59
64 66
64 72
65 83
66 32
71 15
71 80
71 96
72 1
72 65
74 14
74 38
74 42
74 53
75 71
76 98
80 44
81 12
81 64
82 73
91 48
91 89
92 26
93 7
96 22
96 50
96 63
96 77
backbone tree 6, llh: -9560.753313
-1 0
0 33
0 56
0 58
0 61
0 76
0 82
1 40
4 37
4 88
14 29
16 5
16 19
19 91
22 25
22 36
24 92
29 30
29 75
29 86
33 87
34 16
36 46
40 93
42 24
42 34
46 18
48 81
50 4
50 41
50 60
52 11
54 83
56 74
58 9
58 23
58 52
59 54
61 62
63 59
64 66
64 72
66 32
71 15
71 80
71 96
72 1
72 65
74 14
74 38
74 42
74 53
75 71
76 98
80 44
81 12
81 64
82 73
91 48
91 89
92 26
93 7
96 22
96 50
96 63
96 77
backbone tree 7, llh: -9560.756706
-1 0
0 33
0 56
0 58
0 61
0 76
0 82
1 40
4 37
4 88
14 29
16 5
16 19
19 91
22 25
22 36
24 92
29 30
29 75
29 86
33 87
34 16
36 46
40 93
42 24
42 34
46 18
48 81
50 4
50 41
50 60
52 11
56 74
58 9
58 23
58 52
59 54
61 62
63 59
64 66
64 72
65 83
66 32
71 15
71 80
71 96
72 1
72 65
74 14
74 38
74 42
74 53
75 71
76 98
80 44
81 12
81 64
82 73
91 48
91 89
92 26
93 7
96 22
96 50
96 63
96 77
backbone tree 8, llh: -9560.758747
-1 0
0 33
0 56
0 58
0 61
0 76
0 82
1 40
4 37
4 88
14 29
16 5
16 19
19 91
22 25
22 36
24 92
29 30
29 75
29 86
33 87
34 16
36 46
40 93
42 24
42 34
46 18
48 81
50 4
50 41
50 60
52 11
54 83
56 74
58 9
58 52
59 54
61 62
63 59
64 66
64 72
66 32
71 15
71 80
71 96
72 1
72 65
74 14
74 23
74 38
74 42
74 53
75 71
76 98
80 44
81 12
81 64
82 73
91 48
91 89
92 26
93 7
96 22
96 50
96 63
96 77
backbone tree 9, llh: -9560.758827
-1 0
0 33
0 56
0 58
0 61
0 76
0 82
1 40
4 37
4 88
14 29
16 5
16 19
19 91
22 25
22 36
24 92
29 30
29 75
29 86
33 87
34 16
36 46
40 93
42 24
42 34
46 18
48 81
50 4
50 41
50 60
52 11
56 74
58 9
58 52
58 83
59 54
61 62
63 59
64 66
64 72
66 32
71 15
71 80
71 96
72 1
72 65
74 14
74 23
74 38
74 42
74 53
75 71
76 98
80 44
81 12
81 64
82 73
91 48
91 89
92 26
93 7
96 22
96 50
96 63
96 77
backbone tree 10, llh: -9560.762210
-1 0
0 33
0 56
0 58
0 61
0 76
0 82
1 40
4 37
4 88
14 29
16 5
16 19
19 91
22 25
22 36
24 92
29 30
29 75
29 86
33 87
34 16
36 46
40 93
42 24
42 34
46 18
48 81
50 4
50 41
50 60
52 11
56 74
58 9
58 52
59 54
61 62
63 59
64 66
64 72
65 83
66 32
71 15
71 80
71 96
72 1
72 65
74 14
74 23
74 38
74 42
74 53
75 71
76 98
80 44
81 12
81 64
82 73
91 48
91 89
92 26
93 7
96 22
96 50
96 63
96 77
backbone tree 11, llh: -9560.698027
-1 0
0 33
0 56
0 58
0 61
0 76
0 82
1 40
4 37
4 88
14 29
16 5
16 19
19 91
22 23
22 36
24 92
29 30
29 75
29 86
33 87
34 16
36 46
40 93
42 24
42 34
46 18
48 81
50 4
50 25
50 60
52 11
54 83
56 74
58 9
58 52
59 54
61 62
63 59
64 66
64 72
66 32
71 15
71 80
71 89
71 96
72 1
72 41
72 65
74 14
74 38
74 42
74 53
75 71
76 98
80 44
81 12
81 64
82 73
91 48
92 26
93 7
96 22
96 50
96 63
96 77
backbone tree 12, llh: -9560.698368
-1 0
0 33
0 56
0 58
0 61
0 76
0 82
1 40
4 37
4 88
14 29
16 5
16 19
19 91
22 23
22 36
24 92
29 30
29 75
29 86
33 87
34 16
36 46
40 93
42 24
42 34
46 18
48 81
50 4
50 25
50 60
52 11
56 74
58 9
58 52
58 83
59 54
61 62
63 59
64 66
64 72
66 32
71 15
71 80
71 89
71 96
72 1
72 41
72 65
74 14
74 38
74 42
74 53
75 71
76 98
80 44
81 12
81 64
82 73
91 48
92 26
93 7
96 22
96 50
96 63
96 77
backbone tree 13, llh: -9560.703934
-1 0
0 33
0 56
0 58
0 61
0 76
0 82
1 40
4 37
4 88
14 29
16 5
16 19
19 91
22 23
22 36
24 92
29 30
29 75
29 86
33 87
34 16
36 46
40 93
42 24
42 34
46 18
48 81
50 4
50 25
50 60
52 11
56 74
58 9
58 52
59 54
61 62
63 59
64 66
64 72
65 83
66 32
71 15
71 80
71 89
71 96
72 1
72 41
72 65
74 14
74 38
74 42
74 53
75 71
76 98
80 44
81 12
81 64
82 73
91 48
92 26
93 7
96 22
96 50
96 63
96 77
backbone tree 14, llh: -9560.662550
-1 0
0 33
0 56
0 58
0 61
0 76
0 82
1 40
4 37
4 88
14 29
16 5
16 19
19 91
22 23
22 36
24 92
29 30
29 75
29 86
33 87
34 16
36 46
40 93
42 24
42 34
46 18
48 81
50 4
50 25
50 60
52 11
54 83
56 74
58 9
58 52
59 54
61 62
63 59
64 66
64 72
66 32
71 15
71 80
71 96
72 1
72 41
72 65
74 14
74 38
74 42
74 53
75 71
76 98
80 44
81 12
81 64
82 73
91 48
91 89
92 26
93 7
96 22
96 50
96 63
96 77
backbone tree 15, llh: -9560.662869
-1 0
0 33
0 56
0 58
0 61
0 76
0 82
1 40
4 37
4 88
14 29
16 5
16 19
19 91
22 23
22 36
24 92
29 30
29 75
29 86
33 87
34 16
36 46
40 93
42 24
42 34
46 18
48 81
50 4
50 25
50 60
52 11
56 74
58 9
58 52
58 83
59 54
61 62
63 59
64 66
64 72
66 32
71 15
71 80
71 96
72 1
72 41
72 65
74 14
74 38
74 42
74 53
75 71
76 98
80 44
81 12
81 64
82 73
91 48
91 89
92 26
93 7
96 22
96 50
96 63
96 77
backbone tree 16, llh: -9560.668507
-1 0
0 33
0 56
0 58
0 61
0 76
0 82
1 40
4 37
4 88
14 29
16 5
16 19
19 91
22 23
22 36
24 92
29 30
29 75
29 86
33 87
34 16
36 46
40 93
42 24
42 34
46 18
48 81
50 4
50 25
50 60
52 11
56 74
58 9
58 52
59 54
61 62
63 59
64 66
64 72
65 83
66 32
71 15
71 80
71 96
72 1
72 41
72 65
74 14
74 38
74 42
74 53
75 71
76 98
80 44
81 12
81 64
82 73
91 48
91 89
92 26
93 7
96 22
96 50
96 63
96 77
backbone tree 17, llh: -9560.693623
-1 0
0 33
0 56
0 58
0 61
0 76
0 82
1 40
4 37
4 88
14 29
16 5
16 19
19 91
22 23
22 36
24 92
29 30
29 75
29 86
33 87
34 16
36 46
40 93
42 24
42 34
46 18
48 81
50 4
50 25
50 41
52 11
54 83
56 74
58 9
58 52
59 54
61 62
63 59
64 66
64 72
66 32
71 15
71 80
71 89
71 96
72 1
72 65
74 14
74 38
74 42
74 53
75 71
76 98
80 44
81 12
81 64
82 73
87 60
91 48
92 26
93 7
96 22
96 50
96 63
96 77
backbone tree 18, llh: -9560.693963
-1 0
0 33
0 56
0 58
0 61
0 76
0 82
1 40
4 37
4 88
14 29
16 5
16 19
19 91
22 23
22 36
24 92
29 30
29 75
29 86
33 87
34 16
36 46
40 93
42 24
42 34
46 18
48 81
50 4
50 25
50 41
52 11
56 74
58 9
58 52
58 83
59 54
61 62
63 59
64 66
64 72
66 32
71 15
71 80
71 89
71 96
72 1
72 65
74 14
74 38
74 42
74 53
75 71
76 98
80 44
81 12
81 64
82 73
87 60
91 48
92 26
93 7
96 22
96 50
96 63
96 77
backbone tree 19, llh: -9560.696902
-1 0
0 33
0 56
0 58
0 61
0 76
0 82
1 40
4 37
4 88
14 29
16 5
16 19
19 91
22 23
22 36
24 92
29 30
29 75
29 86
33 87
34 16
36 46
40 93
42 24
42 34
46 18
48 81
50 4
50 25
50 41
52 11
56 74
58 9
58 52
59 54
61 62
63 59
64 66
64 72
65 83
66 32
71 15
71 80
71 89
71 96
72 1
72 65
74 14
74 38
74 42
74 53
75 71
76 98
80 44
81 12
81 64
82 73
87 60
91 48
92 26
93 7
96 22
96 50
96 63
96 77
backbone tree 20, llh: -9560.658127
-1 0
0 33
0 56
0 58
0 61
0 76
0 82
1 40
4 37
4 88
14 29
16 5
16 19
19 91
22 23
22 36
24 92
29 30
29 75
29 86
33 87
34 16
36 46
40 93
42 24
42 34
46 18
48 81
50 4
50 25
50 41
52 11
54 83
56 74
58 9
58 52
59 54
61 62
63 59
64 66
64 72
66 32
71 15
71 80
71 96
72 1
72 65
74 14
74 38
74 42
74 53
75 71
76 98
80 44
81 12
81 64
82 73
87 60
91 48
91 89
92 26
93 7
96 22
96 50
96 63
96 77
backbone tree 21, llh: -9560.658447
-1 0
0 33
0 56
0 58
0 61
0 76
0 82
1 40
4 37
4 88
14 29
16 5
16 19
19 91
22 23
22 36
24 92
29 30
29 75
29 86
33 87
34 16
36 46
40 93
42 24
42 34
46 18
48 81
50 4
50 25
50 41
52 11
56 74
58 9
58 52
58 83
59 54
61 62
63 59
64 66
64 72
66 32
71 15
71 80
71 96
72 1
72 65
74 14
74 38
74 42
74 53
75 71
76 98
80 44
81 12
81 64
82 73
87 60
91 48
91 89
92 26
93 7
96 22
96 50
96 63
96 77
backbone tree 22, llh: -9560.661456
-1 0
0 33
0 56
0 58
0 61
0 76
0 82
1 40
4 37
4 88
14 29
16 5
16 19
19 91
22 23
22 36
24 92
29 30
29 75
29 86
33 87
34 16
36 46
40 93
42 24
42 34
46 18
48 81
50 4
50 25
50 41
52 11
56 74
58 9
58 52
59 54
61 62
63 59
64 66
64 72
65 83
66 32
71 15
71 80
71 96
72 1
72 65
74 14
74 38
74 42
74 53
75 71
76 98
80 44
81 12
81 64
82 73
87 60
91 48
91 89
92 26
93 7
96 22
96 50
96 63
96 77
backbone tree 23, llh: -9560.737021
-1 0
0 33
0 56
0 58
0 61
0 76
0 82
1 40
4 37
4 88
14 29
16 5
16 19
19 91
22 25
22 36
24 92
29 30
29 75
29 86
33 87
34 16
36 46
40 93
42 24
42 34
46 18
48 81
50 4
50 41
50 60
52 11
54 83
56 74
58 9
58 52
59 54
61 62
63 59
64 66
64 72
66 32
71 15
71 80
71 96
72 1
72 65
74 14
74 23
74 38
74 42
75 53
75 71
76 98
80 44
81 12
81 64
82 73
91 48
91 89
92 26
93 7
96 22
96 50
96 63
96 77
backbone tree 24, llh: -9560.737313
-1 0
0 33
0 56
0 58
0 61
0 76
0 82
1 40
4 37
4 88
14 29
16 5
16 19
19 91
22 25
22 36
24 92
29 30
29 75
29 86
33 87
34 16
36 46
40 93
42 24
42 34
46 18
48 81
50 4
50 41
50 60
52 11
56 74
58 9
58 52
58 83
59 54
61 62
63 59
64 66
64 72
66 32
71 15
71 80
71 96
72 1
72 65
74 14
74 23
74 38
74 42
75 53
75 71
76 98
80 44
81 12
81 64
82 73
91 48
91 89
92 26
93 7
96 22
96 50
96 63
96 77
backbone tree 25, llh: -9560.740434
-1 0
0 33
0 56
0 58
0 61
0 76
0 82
1 40
4 37
4 88
14 29
16 5
16 19
19 91
22 25
22 36
24 92
29 30
29 75
29 86
33 87
34 16
36 46
40 93
42 24
42 34
46 18
48 81
50 4
50 41
50 60
52 11
56 74
58 9
58 52
59 54
61 62
63 59
64 66
64 72
65 83
66 32
71 15
71 80
71 96
72 1
72 65
74 14
74 23
74 38
74 42
75 53
75 71
76 98
80 44
81 12
81 64
82 73
91 48
91 89
92 26
93 7
96 22
96 50
96 63
96 77
backbone tree 26, llh: -9560.760976
-1 0
0 33
0 56
0 58
0 61
0 76
0 82
1 40
4 37
4 88
14 29
16 19
16 23
19 91
22 25
22 36
24 92
29 30
29 75
29 86
33 87
34 16
36 46
40 93
42 24
42 34
46 18
48 81
50 4
50 41
50 60
52 5
52 11
54 83
56 74
58 9
58 52
59 54
61 62
63 59
64 66
64 72
66 32
71 15
71 80
71 96
72 1
72 65
74 14
74 38
74 42
74 53
75 71
76 98
80 44
81 12
81 64
82 73
91 48
91 89
92 26
93 7
96 22
96 50
96 63
96 77
backbone tree 27, llh: -9560.761133
-1 0
0 33
0 56
0 58
0 61
0 76
0 82
1 40
4 37
4 88
14 29
16 19
16 23
19 91
22 25
22 36
24 92
29 30
29 75
29 86
33 87
34 16
36 46
40 93
42 24
42 34
46 18
48 81
50 4
50 41
50 60
52 5
52 11
56 74
58 9
58 52
58 83
59 54
61 62
63 59
64 66
64 72
66 32
71 15
71 80
71 96
72 1
72 65
74 14
74 38
74 42
74 53
75 71
76 98
80 44
81 12
81 64
82 73
91 48
91 89
92 26
93 7
96 22
96 50
96 63
96 77
