# 17 backbone trees, 66 mutations
backbone tree 0, llh: -14126.036508
-1 15
0 25
0 90
2 21
2 82
3 10
6 13
6 38
10 64
12 22
13 47
13 78
13 84
14 56
14 77
15 0
15 44
15 79
17 54
18 17
20 76
24 3
25 50
25 57
26 8
27 24
27 35
30 32
31 48
33 59
35 41
35 43
36 93
41 92
43 65
44 30
45 6
46 45
47 33
47 89
49 72
51 26
51 52
54 12
56 74
57 2
59 61
61 31
61 62
62 14
64 18
65 46
67 20
72 91
74 67
76 39
76 68
79 63
83 51
84 83
89 49
90 36
91 60
91 99
93 27
99 7
backbone tree 1, llh: -14126.082298
-1 15
0 25
0 90
2 21
2 82
3 10
6 13
6 38
10 64
12 22
13 47
13 78
13 84
14 56
15 0
15 44
15 79
17 54
18 17
20 76
20 77
24 3
25 50
25 57
26 8
27 24
27 35
30 32
31 48
33 59
35 41
35 43
36 93
41 92
43 65
44 30
45 6
46 45
47 33
47 89
49 72
51 26
51 52
54 12
56 74
57 2
59 61
61 31
61 62
62 14
64 18
65 46
67 20
72 91
74 67
76 39
76 68
79 63
83 51
84 83
89 49
90 36
91 60
91 99
93 27
99 7
backbone tree 2, llh: -14126.009780
-1 15
0 25
0 90
2 21
2 82
3 10
6 13
6 38
10 64
12 22
13 47
13 78
13 84
14 56
15 0
15 44
15 79
17 54
18 17
20 76
24 3
25 50
25 57
26 8
27 24
27 35
30 32
31 48
33 59
35 41
35 43
36 93
41 92
43 65
44 30
44 77
45 6
46 45
47 33
47 89
49 72
51 26
51 52
54 12
56 74
57 2
59 61
61 31
61 62
62 14
64 18
65 46
67 20
72 91
74 67
76 39
76 68
79 63
83 51
84 83
89 49
90 36
91 60
91 99
93 27
99 7
backbone tree 3, llh: -14126.045387
-1 15
0 25
0 90
2 21
2 82
3 10
6 13
6 38
10 64
12 22
13 47
13 84
14 56
14 77
15 0
15 44
15 79
17 54
18 17
20 76
24 3
25 50
25 57
26 8
27 24
27 35
30 32
31 48
33 59
35 41
35 43
36 93
39 78
41 92
43 65
44 30
45 6
46 45
47 33
47 89
49 72
51 26
51 52
54 12
56 74
57 2
59 61
61 31
61 62
62 14
64 18
65 46
67 20
72 91
74 67
76 39
76 68
79 63
83 51
84 83
89 49
90 36
91 60
91 99
93 27
99 7
backbone tree 4, llh: -14126.091177
-1 15
0 25
0 90
2 21
2 82
3 10
6 13
6 38
10 64
12 22
13 47
13 84
14 56
15 0
15 44
15 79
17 54
18 17
20 76
20 77
24 3
25 50
25 57
26 8
27 24
27 35
30 32
31 48
33 59
35 41
35 43
36 93
39 78
41 92
43 65
44 30
45 6
46 45
47 33
47 89
49 72
51 26
51 52
54 12
56 74
57 2
59 61
61 31
61 62
62 14
64 18
65 46
67 20
72 91
74 67
76 39
76 68
79 63
83 51
84 83
89 49
90 36
91 60
91 99
93 27
99 7
backbone tree 5, llh: -14126.018659
-1 15
0 25
0 90
2 21
2 82
3 10
6 13
6 38
10 64
12 22
13 47
13 84
14 56
15 0
15 44
15 79
17 54
18 17
20 76
24 3
25 50
25 57
26 8
27 24
27 35
30 32
31 48
33 59
35 41
35 43
36 93
39 78
41 92
43 65
44 30
44 77
45 6
46 45
47 33
47 89
49 72
51 26
51 52
54 12
56 74
57 2
59 61
61 31
61 62
62 14
64 18
65 46
67 20
72 91
74 67
76 39
76 68
79 63
83 51
84 83
89 49
90 36
91 60
91 99
93 27
99 7
backbone tree 6, llh: -14126.073991
-1 15
0 25
0 90
2 21
2 82
3 10
6 13
6 38
10 64
12 22
13 47
13 84
14 56
14 77
15 0
15 44
15 79
17 54
18 17
20 76
24 3
25 50
25 57
26 8
27 24
27 35
30 32
31 48
33 59
35 41
35 43
36 93
41 92
43 65
44 30
45 6
46 45
47 33
47 89
49 72
51 26
51 52
54 12
56 74
57 2
57 78
59 61
61 31
61 62
62 14
64 18
65 46
67 20
72 91
74 67
76 39
76 68
79 63
83 51
84 83
89 49
90 36
91 60
91 99
93 27
99 7
backbone tree 7, llh: -14126.047264
-1 15
0 25
0 90
2 21
2 82
3 10
6 13
6 38
10 64
12 22
13 47
13 84
14 56
15 0
15 44
15 79
17 54
18 17
20 76
24 3
25 50
25 57
26 8
27 24
27 35
30 32
31 48
33 59
35 41
35 43
36 93
41 92
43 65
44 30
44 77
45 6
46 45
47 33
47 89
49 72
51 26
51 52
54 12
56 74
57 2
57 78
59 61
61 31
61 62
62 14
64 18
65 46
67 20
72 91
74 67
76 39
76 68
79 63
83 51
84 83
89 49
90 36
91 60
91 99
93 27
99 7
backbone tree 8, llh: -14126.108329
-1 15
0 25
0 90
2 21
3 10
6 13
6 38
10 64
12 22
13 47
13 78
13 84
14 56
14 77
15 0
15 44
15 79
17 54
18 17
20 76
24 3
25 50
25 57
26 8
27 24
27 35
30 32
31 48
33 59
35 41
35 43
36 93
41 92
43 65
44 30
44 82
45 6
46 45
47 33
47 89
49 72
51 26
51 52
54 12
56 74
57 2
59 61
61 31
61 62
62 14
64 18
65 46
67 20
72 91
74 67
76 39
76 68
79 63
83 51
84 83
89 49
90 36
91 60
91 99
93 27
99 7
backbone tree 9, llh: -14126.065200
-1 15
0 25
0 90
2 21
2 82
3 10
6 13
6 38
10 64
12 22
13 47
13 78
13 84
14 56
14 77
15 0
15 44
15 79
17 54
18 17
20 76
24 3
25 50
25 57
26 8
27 24
27 35
30 32
31 48
33 59
35 41
35 43
36 93
43 65
43 92
44 30
45 6
46 45
47 33
47 89
49 72
51 26
51 52
54 12
56 74
57 2
59 61
61 31
61 62
62 14
64 18
65 46
67 20
72 91
74 67
76 39
76 68
79 63
83 51
84 83
89 49
90 36
91 60
91 99
93 27
99 7
backbone tree 10, llh: -14126.110988
-1 15
0 25
0 90
2 21
2 82
3 10
6 13
6 38
10 64
12 22
13 47
13 78
13 84
14 56
15 0
15 44
15 79
17 54
18 17
20 76
20 77
24 3
25 50
25 57
26 8
27 24
27 35
30 32
31 48
33 59
35 41
35 43
36 93
43 65
43 92
44 30
45 6
46 45
47 33
47 89
49 72
51 26
51 52
54 12
56 74
57 2
59 61
61 31
61 62
62 14
64 18
65 46
67 20
72 91
74 67
76 39
76 68
79 63
83 51
84 83
89 49
90 36
91 60
91 99
93 27
99 7
backbone tree 11, llh: -14126.038472
-1 15
0 25
0 90
2 21
2 82
3 10
6 13
6 38
10 64
12 22
13 47
13 78
13 84
14 56
15 0
15 44
15 79
17 54
18 17
20 76
24 3
25 50
25 57
26 8
27 24
27 35
30 32
31 48
33 59
35 41
35 43
36 93
43 65
43 92
44 30
44 77
45 6
46 45
47 33
47 89
49 72
51 26
51 52
54 12
56 74
57 2
59 61
61 31
61 62
62 14
64 18
65 46
67 20
72 91
74 67
76 39
76 68
79 63
83 51
84 83
89 49
90 36
91 60
91 99
93 27
99 7
backbone tree 12, llh: -14126.067984
-1 15
0 25
0 90
2 21
2 82
3 10
6 13
6 38
10 64
12 22
13 47
13 84
14 56
14 77
15 0
15 44
15 79
17 54
18 17
20 76
24 3
25 50
25 57
26 8
27 24
27 35
30 32
31 48
33 59
35 41
35 43
36 93
39 78
43 65
43 92
44 30
45 6
46 45
47 33
47 89
49 72
51 26
51 52
54 12
56 74
57 2
59 61
61 31
61 62
62 14
64 18
65 46
67 20
72 91
74 67
76 39
76 68
79 63
83 51
84 83
89 49
90 36
91 60
91 99
93 27
99 7
backbone tree 13, llh: -14126.113773
-1 15
0 25
0 90
2 21
2 82
3 10
6 13
6 38
10 64
12 22
13 47
13 84
14 56
15 0
15 44
15 79
17 54
18 17
20 76
20 77
24 3
25 50
25 57
26 8
27 24
27 35
30 32
31 48
33 59
35 41
35 43
36 93
39 78
43 65
43 92
44 30
45 6
46 45
47 33
47 89
49 72
51 26
51 52
54 12
56 74
57 2
59 61
61 31
61 62
62 14
64 18
65 46
67 20
72 91
74 67
76 39
76 68
79 63
83 51
84 83
89 49
90 36
91 60
91 99
93 27
99 7
backbone tree 14, llh: -14126.041256
-1 15
0 25
0 90
2 21
2 82
3 10
6 13
6 38
10 64
12 22
13 47
13 84
14 56
15 0
15 44
15 79
17 54
18 17
20 76
24 3
25 50
25 57
26 8
27 24
27 35
30 32
31 48
33 59
35 41
35 43
36 93
39 78
43 65
43 92
44 30
44 77
45 6
46 45
47 33
47 89
49 72
51 26
51 52
54 12
56 74
57 2
59 61
61 31
61 62
62 14
64 18
65 46
67 20
72 91
74 67
76 39
76 68
79 63
83 51
84 83
89 49
90 36
91 60
91 99
93 27
99 7
backbone tree 15, llh: -14126.096574
-1 15
0 25
0 90
2 21
2 82
3 10
6 13
6 38
10 64
12 22
13 47
13 84
14 56
14 77
15 0
15 44
15 79
17 54
18 17
20 76
24 3
25 50
25 57
26 8
27 24
27 35
30 32
31 48
33 59
35 41
35 43
36 93
43 65
43 92
44 30
45 6
46 45
47 33
47 89
49 72
51 26
51 52
54 12
56 74
57 2
57 78
59 61
61 31
61 62
62 14
64 18
65 46
67 20
72 91
74 67
76 39
76 68
79 63
83 51
84 83
89 49
90 36
91 60
91 99
93 27
99 7
backbone tree 16, llh: -14126.069846
-1 15
0 25
0 90
2 21
2 82
3 10
6 13
6 38
10 64
12 22
13 47
13 84
14 56
15 0
15 44
15 79
17 54
18 17
20 76
24 3
25 50
25 57
26 8
27 24
27 35
30 32
31 48
33 59
35 41
35 43
36 93
43 65
43 92
44 30
44 77
45 6
46 45
47 33
47 89
49 72
51 26
51 52
54 12
56 74
57 2
57 78
59 61
61 31
61 62
62 14
64 18
65 46
67 20
72 91
74 67
76 39
76 68
79 63
83 51
84 83
89 49
90 36
91 60
91 99
93 27
99 7
