# 20 backbone trees, 82 mutations
backbone tree 0, llh: -12795.059523
-1 0
0 2
0 28
0 95
2 8
2 58
2 80
3 45
3 69
4 54
6 66
6 93
10 68
10 89
11 39
14 70
15 57
16 77
17 3
17 18
18 21
18 41
20 26
21 72
22 6
23 96
24 67
25 62
27 37
27 47
28 46
30 32
30 33
30 88
30 92
32 7
33 38
33 78
34 15
36 12
36 83
37 4
38 44
38 52
41 74
41 87
43 85
44 11
44 53
44 75
46 22
46 59
54 14
57 86
58 29
59 43
62 34
62 36
64 31
65 17
66 94
67 51
68 73
68 76
68 82
72 40
72 64
74 20
78 48
80 35
83 19
84 30
85 10
85 27
85 84
86 16
86 23
86 91
89 25
91 1
91 24
91 65
backbone tree 1, llh: -12795.060811
-1 0
0 2
0 28
0 95
2 8
2 19
2 58
2 80
3 45
3 69
4 54
6 66
6 93
10 68
10 89
11 39
12 26
14 70
15 57
16 77
17 3
17 18
18 21
18 41
21 72
22 6
23 96
24 67
25 62
27 37
27 47
28 46
30 32
30 33
30 92
32 7
33 38
33 78
34 15
36 12
36 83
37 4
38 44
38 52
41 74
41 87
43 85
44 11
44 53
44 75
46 22
46 59
46 88
54 14
57 86
58 29
59 43
62 34
62 36
64 31
65 17
66 94
67 51
68 73
68 76
68 82
72 40
72 64
74 20
78 48
80 35
84 30
85 10
85 27
85 84
86 16
86 23
86 91
89 25
91 1
91 24
91 65
backbone tree 2, llh: -12795.060820
-1 0
0 2
0 28
0 95
2 8
2 19
2 58
2 80
3 45
3 69
4 54
6 66
6 93
10 68
10 89
11 39
12 26
14 70
15 57
16 77
17 3
17 18
18 21
18 41
21 72
22 6
23 96
24 67
25 62
27 37
27 47
28 46
30 32
30 33
30 92
32 7
33 38
33 78
34 15
36 12
36 83
37 4
38 44
38 52
41 74
41 87
43 85
44 11
44 53
44 75
46 22
46 59
46 88
54 14
57 86
58 29
59 43
62 34
62 36
64 31
65 17
66 94
67 51
68 73
68 76
68 82
72 40
72 64
74 20
78 48
83 35
84 30
85 10
85 27
85 84
86 16
86 23
86 91
89 25
91 1
91 24
91 65
backbone tree 3, llh: -12795.044323
-1 0
0 2
0 28
0 95
2 8
2 19
2 58
2 80
3 45
3 69
4 54
6 66
6 93
10 68
10 89
11 39
14 70
15 57
16 77
17 3
17 18
18 21
18 41
20 26
21 72
22 6
23 96
24 67
25 62
27 37
27 47
28 46
30 32
30 33
30 92
32 7
33 38
33 78
34 15
36 12
36 83
37 4
38 44
38 52
41 74
41 87
43 85
44 11
44 53
44 75
46 22
46 59
46 88
54 14
57 86
58 29
59 43
62 34
62 36
64 31
65 17
66 94
67 51
68 73
68 76
68 82
72 40
72 64
74 20
78 48
80 35
84 30
85 10
85 27
85 84
86 16
86 23
86 91
89 25
91 1
91 24
91 65
backbone tree 4, llh: -12795.044331
-1 0
0 2
0 28
0 95
2 8
2 19
2 58
2 80
3 45
3 69
4 54
6 66
6 93
10 68
10 89
11 39
14 70
15 57
16 77
17 3
17 18
18 21
18 41
20 26
21 72
22 6
23 96
24 67
25 62
27 37
27 47
28 46
30 32
30 33
30 92
32 7
33 38
33 78
34 15
36 12
36 83
37 4
38 44
38 52
41 74
41 87
43 85
44 11
44 53
44 75
46 22
46 59
46 88
54 14
57 86
58 29
59 43
62 34
62 36
64 31
65 17
66 94
67 51
68 73
68 76
68 82
72 40
72 64
74 20
78 48
83 35
84 30
85 10
85 27
85 84
86 16
86 23
86 91
89 25
91 1
91 24
91 65
backbone tree 5, llh: -12795.027491
-1 0
0 2
0 28
0 95
2 8
2 58
2 80
3 45
3 69
4 54
6 66
6 93
10 68
10 89
11 39
12 26
14 70
15 57
16 77
17 3
17 18
18 21
18 41
21 72
22 6
23 96
24 67
25 62
27 37
27 47
28 46
30 32
30 33
30 92
32 7
33 38
33 78
34 15
36 12
36 83
37 4
38 44
38 52
41 74
41 87
43 85
44 11
44 53
44 75
46 22
46 59
46 88
54 14
57 86
58 29
59 43
62 34
62 36
64 31
65 17
66 94
67 51
68 73
68 76
68 82
72 40
72 64
74 20
78 48
80 35
83 19
84 30
85 10
85 27
85 84
86 16
86 23
86 91
89 25
91 1
91 24
91 65
backbone tree 6, llh: -12795.011002
-1 0
0 2
0 28
0 95
2 8
2 58
2 80
3 45
3 69
4 54
6 66
6 93
10 68
10 89
11 39
14 70
15 57
16 77
17 3
17 18
18 21
18 41
20 26
21 72
22 6
23 96
24 67
25 62
27 37
27 47
28 46
30 32
30 33
30 92
32 7
33 38
33 78
34 15
36 12
36 83
37 4
38 44
38 52
41 74
41 87
43 85
44 11
44 53
44 75
46 22
46 59
46 88
54 14
57 86
58 29
59 43
62 34
62 36
64 31
65 17
66 94
67 51
68 73
68 76
68 82
72 40
72 64
74 20
78 48
80 35
83 19
84 30
85 10
85 27
85 84
86 16
86 23
86 91
89 25
91 1
91 24
91 65
backbone tree 7, llh: -12795.012987
-1 0
0 2
0 28
0 95
2 8
2 19
2 58
2 80
3 45
3 69
4 54
6 66
6 93
10 68
10 89
11 39
12 26
14 70
15 57
16 77
17 3
17 18
18 21
18 41
21 72
22 6
23 96
24 67
25 62
27 37
27 47
28 46
30 32
30 33
30 92
32 7
33 38
33 78
34 15
36 12
36 83
37 4
38 44
38 52
41 74
41 87
43 85
44 11
44 53
44 75
46 22
46 59
54 14
57 86
58 29
59 43
62 34
62 36
64 31
65 17
66 94
67 51
68 73
68 76
68 82
72 40
72 64
74 20
78 48
80 35
84 30
85 10
85 27
85 84
85 88
86 16
86 23
86 91
89 25
91 1
91 24
91 65
backbone tree 8, llh: -12795.013027
-1 0
0 2
0 28
0 95
2 8
2 19
2 58
2 80
3 45
3 69
4 54
6 66
6 93
10 68
10 89
11 39
12 26
14 70
15 57
16 77
17 3
17 18
18 21
18 41
21 72
22 6
23 96
24 67
25 62
27 37
27 47
28 46
30 32
30 33
30 92
32 7
33 38
33 78
34 15
36 12
36 83
37 4
38 44
38 52
41 74
41 87
43 85
44 11
44 53
44 75
46 22
46 59
54 14
57 86
58 29
59 43
62 34
62 36
64 31
65 17
66 94
67 51
68 73
68 76
68 82
72 40
72 64
74 20
78 48
83 35
84 30
85 10
85 27
85 84
85 88
86 16
86 23
86 91
89 25
91 1
91 24
91 65
backbone tree 9, llh: -12794.996498
-1 0
0 2
0 28
0 95
2 8
2 19
2 58
2 80
3 45
3 69
4 54
6 66
6 93
10 68
10 89
11 39
14 70
15 57
16 77
17 3
17 18
18 21
18 41
20 26
21 72
22 6
23 96
24 67
25 62
27 37
27 47
28 46
30 32
30 33
30 92
32 7
33 38
33 78
34 15
36 12
36 83
37 4
38 44
38 52
41 74
41 87
43 85
44 11
44 53
44 75
46 22
46 59
54 14
57 86
58 29
59 43
62 34
62 36
64 31
65 17
66 94
67 51
68 73
68 76
68 82
72 40
72 64
74 20
78 48
80 35
84 30
85 10
85 27
85 84
85 88
86 16
86 23
86 91
89 25
91 1
91 24
91 65
backbone tree 10, llh: -12794.996539
-1 0
0 2
0 28
0 95
2 8
2 19
2 58
2 80
3 45
3 69
4 54
6 66
6 93
10 68
10 89
11 39
14 70
15 57
16 77
17 3
17 18
18 21
18 41
20 26
21 72
22 6
23 96
24 67
25 62
27 37
27 47
28 46
30 32
30 33
30 92
32 7
33 38
33 78
34 15
36 12
36 83
37 4
38 44
38 52
41 74
41 87
43 85
44 11
44 53
44 75
46 22
46 59
54 14
57 86
58 29
59 43
62 34
62 36
64 31
65 17
66 94
67 51
68 73
68 76
68 82
72 40
72 64
74 20
78 48
83 35
84 30
85 10
85 27
85 84
85 88
86 16
86 23
86 91
89 25
91 1
91 24
91 65
backbone tree 11, llh: -12795.061096
-1 0
0 2
0 28
0 95
2 8
2 19
2 58
2 80
3 45
3 69
4 54
6 66
6 93
10 68
10 89
11 39
14 70
15 57
16 77
17 3
17 18
18 21
18 41
20 26
21 72
22 6
23 96
24 67
25 62
27 37
27 47
28 46
30 32
30 33
30 92
32 7
33 38
33 78
34 15
36 12
36 83
37 4
38 44
38 52
41 74
41 87
43 85
44 11
44 53
44 75
46 22
46 59
54 14
57 86
58 29
59 43
62 34
62 36
64 31
65 17
67 51
68 73
68 76
68 82
72 40
72 64
74 20
78 48
80 94
83 35
84 30
85 10
85 27
85 84
85 88
86 16
86 23
86 91
89 25
91 1
91 24
91 65
backbone tree 12, llh: -12794.979666
-1 0
0 2
0 28
0 95
2 8
2 58
2 80
3 45
3 69
4 54
6 66
6 93
10 68
10 89
11 39
12 26
14 70
15 57
16 77
17 3
17 18
18 21
18 41
21 72
22 6
23 96
24 67
25 62
27 37
27 47
28 46
30 32
30 33
30 92
32 7
33 38
33 78
34 15
36 12
36 83
37 4
38 44
38 52
41 74
41 87
43 85
44 11
44 53
44 75
46 22
46 59
54 14
57 86
58 29
59 43
62 34
62 36
64 31
65 17
66 94
67 51
68 73
68 76
68 82
72 40
72 64
74 20
78 48
80 35
83 19
84 30
85 10
85 27
85 84
85 88
86 16
86 23
86 91
89 25
91 1
91 24
91 65
backbone tree 13, llh: -12795.052397
-1 0
0 2
0 28
0 95
2 8
2 58
2 80
3 45
3 69
4 54
6 66
6 93
10 68
10 89
11 39
14 70
15 57
16 77
17 3
17 18
18 21
18 41
20 26
21 72
22 6
23 96
24 67
25 62
27 37
27 47
28 46
30 32
30 33
30 92
32 7
33 38
33 78
34 15
36 12
36 83
37 4
38 44
38 52
41 74
41 87
43 85
44 11
44 53
44 75
46 22
46 59
47 82
54 14
57 86
58 29
59 43
62 34
62 36
64 31
65 17
66 94
67 51
68 73
68 76
72 40
72 64
74 20
78 48
80 35
83 19
84 30
85 10
85 27
85 84
85 88
86 16
86 23
86 91
89 25
91 1
91 24
91 65
backbone tree 14, llh: -12795.054773
-1 0
0 2
0 28
0 95
2 8
2 58
2 80
3 45
3 69
4 54
6 66
6 93
10 68
10 89
11 39
12 29
14 70
15 57
16 77
17 3
17 18
18 21
18 41
20 26
21 72
22 6
23 96
24 67
25 62
27 37
27 47
28 46
30 32
30 33
30 92
32 7
33 38
33 78
34 15
36 12
36 83
37 4
38 44
38 52
41 74
41 87
43 85
44 11
44 53
44 75
46 22
46 59
54 14
57 86
59 43
62 34
62 36
64 31
65 17
66 94
67 51
68 73
68 76
68 82
72 40
72 64
74 20
78 48
80 35
83 19
84 30
85 10
85 27
85 84
85 88
86 16
86 23
86 91
89 25
91 1
91 24
91 65
backbone tree 15, llh: -12794.963178
-1 0
0 2
0 28
0 95
2 8
2 58
2 80
3 45
3 69
4 54
6 66
6 93
10 68
10 89
11 39
14 70
15 57
16 77
17 3
17 18
18 21
18 41
20 26
21 72
22 6
23 96
24 67
25 62
27 37
27 47
28 46
30 32
30 33
30 92
32 7
33 38
33 78
34 15
36 12
36 83
37 4
38 44
38 52
41 74
41 87
43 85
44 11
44 53
44 75
46 22
46 59
54 14
57 86
58 29
59 43
62 34
62 36
64 31
65 17
66 94
67 51
68 73
68 76
68 82
72 40
72 64
74 20
78 48
80 35
83 19
84 30
85 10
85 27
85 84
85 88
86 16
86 23
86 91
89 25
91 1
91 24
91 65
backbone tree 16, llh: -12795.057774
-1 0
0 2
0 28
0 95
2 8
2 58
2 80
3 45
3 69
4 54
6 66
6 93
10 68
10 89
11 39
14 70
15 57
16 77
17 3
17 18
18 21
18 41
20 26
21 72
22 6
23 96
24 67
25 62
27 37
27 47
28 46
30 32
30 33
30 92
32 7
33 38
33 78
34 15
36 12
36 83
37 4
38 44
38 52
41 74
41 87
43 85
44 11
44 53
44 75
46 22
46 59
54 14
57 86
58 29
59 43
62 34
62 36
64 31
65 17
66 94
67 51
68 73
68 76
68 82
72 40
72 64
74 20
78 48
83 19
84 30
85 10
85 27
85 84
85 88
86 16
86 23
86 91
87 35
89 25
91 1
91 24
91 65
backbone tree 17, llh: -12795.057514
-1 0
0 2
0 28
0 95
2 8
2 29
2 80
3 45
3 69
4 54
6 66
6 93
10 68
10 89
11 39
12 58
14 70
15 57
16 77
17 3
17 18
18 21
18 41
20 26
21 72
22 6
23 96
24 67
25 62
27 37
27 47
28 46
30 32
30 33
30 92
32 7
33 38
33 78
34 15
36 12
36 83
37 4
38 44
38 52
41 74
41 87
43 85
44 11
44 53
44 75
46 22
46 59
54 14
57 86
59 43
62 34
62 36
64 31
65 17
66 94
67 51
68 73
68 76
68 82
72 40
72 64
74 20
78 48
80 35
83 19
84 30
85 10
85 27
85 84
85 88
86 16
86 23
86 91
89 25
91 1
91 24
91 65
backbone tree 18, llh: -12795.066725
-1 0
0 2
0 28
0 95
2 8
2 58
2 80
3 45
3 69
4 54
6 66
6 93
10 68
10 89
11 39
14 70
15 57
16 77
17 3
17 18
18 21
18 41
20 26
21 72
22 6
23 96
24 67
25 62
27 37
27 47
28 46
30 32
30 33
30 92
33 38
33 78
34 15
36 12
36 83
37 4
38 44
38 52
40 7
41 74
41 87
43 85
44 11
44 53
44 75
46 22
46 59
54 14
57 86
58 29
59 43
62 34
62 36
64 31
65 17
66 94
67 51
68 73
68 76
68 82
72 40
72 64
74 20
78 48
80 35
83 19
84 30
85 10
85 27
85 84
85 88
86 16
86 23
86 91
89 25
91 1
91 24
91 65
backbone tree 19, llh: -12795.059952
-1 0
0 2
0 28
0 95
2 8
2 58
2 80
3 45
3 69
4 54
6 66
6 93
10 68
10 89
14 70
15 57
16 77
17 3
17 18
18 21
18 41
20 26
21 72
22 6
23 96
24 67
25 62
27 37
27 47
28 46
30 32
30 33
30 92
32 7
33 38
33 78
34 15
36 12
36 83
37 4
38 44
38 52
41 74
41 87
43 85
44 11
44 53
44 75
46 22
46 59
54 14
57 86
58 29
59 43
62 34
62 36
64 31
65 17
66 94
67 51
68 73
68 76
68 82
72 40
72 64
74 20
77 39
78 48
80 35
83 19
84 30
85 10
85 27
85 84
85 88
86 16
86 23
86 91
89 25
91 1
91 24
91 65
