# 49 backbone trees, 74 mutations
backbone tree 0, llh: -14339.882051
-1 15
0 25
0 90
2 21
2 82
3 10
3 28
6 13
6 38
8 94
10 64
12 22
12 42
13 47
13 78
13 84
14 56
14 77
15 0
15 44
15 79
17 54
18 17
20 76
24 3
25 50
25 57
26 8
27 24
27 35
30 32
31 48
33 59
35 41
35 43
36 93
41 92
41 95
43 65
44 30
44 53
45 6
46 45
47 33
47 89
49 72
51 26
51 52
54 12
54 19
56 74
57 2
59 61
61 31
61 62
62 14
63 88
64 18
65 46
67 20
72 91
74 67
76 39
76 68
76 80
79 63
83 51
84 83
89 49
90 36
91 60
91 99
93 27
99 7
backbone tree 1, llh: -14339.934347
-1 15
0 25
0 90
2 21
2 82
3 10
3 28
6 13
6 38
8 94
10 64
12 22
12 42
13 47
13 78
13 84
14 56
14 77
15 0
15 44
15 79
17 54
18 17
20 76
24 3
25 50
25 57
26 8
27 24
27 35
30 32
31 48
33 59
35 41
35 43
36 93
41 92
41 95
43 65
44 30
45 6
46 45
47 33
47 89
49 72
51 26
51 52
54 12
54 19
56 74
57 2
59 61
61 31
61 62
62 14
63 88
64 18
65 46
67 20
72 91
74 67
76 39
76 68
76 80
79 63
82 53
83 51
84 83
89 49
90 36
91 60
91 99
93 27
99 7
backbone tree 2, llh: -14339.959188
-1 15
0 25
0 90
2 21
2 82
3 10
3 28
6 13
6 38
8 94
10 64
12 22
13 47
13 78
13 84
14 56
14 77
15 0
15 44
15 79
17 54
17 88
18 17
20 76
24 3
25 50
25 57
26 8
27 24
27 35
30 32
31 48
32 42
33 59
35 41
35 43
36 93
41 92
41 95
43 65
44 30
44 53
45 6
46 45
47 33
47 89
49 72
51 26
51 52
54 12
54 19
56 74
57 2
59 61
61 31
61 62
62 14
64 18
65 46
67 20
72 91
74 67
76 39
76 68
76 80
79 63
83 51
84 83
89 49
90 36
91 60
91 99
93 27
99 7
backbone tree 3, llh: -14339.904784
-1 15
0 25
0 90
2 21
2 82
3 10
3 28
6 13
6 38
8 94
10 64
12 22
13 47
13 78
13 84
14 56
14 77
15 0
15 44
15 79
17 54
18 17
20 76
24 3
25 50
25 57
26 8
27 24
27 35
30 32
31 48
32 42
33 59
35 41
35 43
36 93
41 92
41 95
43 65
44 30
44 53
45 6
46 45
47 33
47 89
49 72
51 26
51 52
54 12
54 19
56 74
57 2
59 61
61 31
61 62
62 14
63 88
64 18
65 46
67 20
72 91
74 67
76 39
76 68
76 80
79 63
83 51
84 83
89 49
90 36
91 60
91 99
93 27
99 7
backbone tree 4, llh: -14339.957080
-1 15
0 25
0 90
2 21
2 82
3 10
3 28
6 13
6 38
8 94
10 64
12 22
13 47
13 78
13 84
14 56
14 77
15 0
15 44
15 79
17 54
18 17
20 76
24 3
25 50
25 57
26 8
27 24
27 35
30 32
31 48
32 42
33 59
35 41
35 43
36 93
41 92
41 95
43 65
44 30
45 6
46 45
47 33
47 89
49 72
51 26
51 52
54 12
54 19
56 74
57 2
59 61
61 31
61 62
62 14
63 88
64 18
65 46
67 20
72 91
74 67
76 39
76 68
76 80
79 63
82 53
83 51
84 83
89 49
90 36
91 60
91 99
93 27
99 7
backbone tree 5, llh: -14339.918623
-1 15
0 25
0 90
2 21
2 82
3 10
6 13
6 38
8 94
10 64
12 22
12 42
13 47
13 78
13 84
14 56
14 77
15 0
15 44
15 79
17 54
18 17
20 76
24 3
25 50
25 57
26 8
27 24
27 35
30 32
31 48
33 59
35 41
35 43
36 93
41 92
41 95
43 65
44 30
44 53
45 6
46 45
47 33
47 89
49 72
51 26
51 52
54 12
54 19
56 74
57 2
59 61
61 31
61 62
62 14
63 88
64 18
65 46
67 20
72 91
74 67
76 39
76 68
76 80
79 63
83 51
84 83
89 28
89 49
90 36
91 60
91 99
93 27
99 7
backbone tree 6, llh: -14339.970871
-1 15
0 25
0 90
2 21
2 82
3 10
6 13
6 38
8 94
10 64
12 22
12 42
13 47
13 78
13 84
14 56
14 77
15 0
15 44
15 79
17 54
18 17
20 76
24 3
25 50
25 57
26 8
27 24
27 35
30 32
31 48
33 59
35 41
35 43
36 93
41 92
41 95
43 65
44 30
45 6
46 45
47 33
47 89
49 72
51 26
51 52
54 12
54 19
56 74
57 2
59 61
61 31
61 62
62 14
63 88
64 18
65 46
67 20
72 91
74 67
76 39
76 68
76 80
79 63
82 53
83 51
84 83
89 28
89 49
90 36
91 60
91 99
93 27
99 7
backbone tree 7, llh: -14339.941357
-1 15
0 25
0 90
2 21
2 82
3 10
6 13
6 38
8 94
10 64
12 22
13 47
13 78
13 84
14 56
14 77
15 0
15 44
15 79
17 54
18 17
20 76
24 3
25 50
25 57
26 8
27 24
27 35
30 32
31 48
32 42
33 59
35 41
35 43
36 93
41 92
41 95
43 65
44 30
44 53
45 6
46 45
47 33
47 89
49 72
51 26
51 52
54 12
54 19
56 74
57 2
59 61
61 31
61 62
62 14
63 88
64 18
65 46
67 20
72 91
74 67
76 39
76 68
76 80
79 63
83 51
84 83
89 28
89 49
90 36
91 60
91 99
93 27
99 7
backbone tree 8, llh: -14339.917550
-1 15
0 25
0 90
2 21
2 82
3 10
6 13
6 38
8 94
10 64
12 22
12 42
13 47
13 78
13 84
14 56
15 0
15 44
15 79
17 54
18 17
20 76
24 3
25 19
25 50
25 57
26 8
27 24
27 35
30 32
31 48
33 59
35 41
35 43
36 93
41 92
41 95
43 65
44 30
44 77
45 6
46 45
47 33
47 89
49 72
51 26
51 52
54 12
54 28
56 74
57 2
59 61
61 31
61 62
62 14
63 88
64 18
65 46
67 20
72 91
74 67
76 39
76 68
76 80
79 63
82 53
83 51
84 83
89 49
90 36
91 60
91 99
93 27
99 7
backbone tree 9, llh: -14339.974967
-1 15
0 25
0 90
2 21
2 82
3 10
6 13
6 38
8 94
10 64
12 22
13 47
13 78
13 84
14 56
15 0
15 44
15 79
17 54
17 88
18 17
20 76
24 3
25 19
25 50
25 57
26 8
27 24
27 35
30 32
31 48
32 42
33 59
35 41
35 43
36 93
41 92
41 95
43 65
44 30
44 77
45 6
46 45
47 33
47 89
49 72
51 26
51 52
54 12
54 28
56 74
57 2
59 61
61 31
61 62
62 14
64 18
65 46
67 20
72 91
74 67
76 39
76 68
76 80
79 63
82 53
83 51
84 83
89 49
90 36
91 60
91 99
93 27
99 7
backbone tree 10, llh: -14339.919189
-1 15
0 25
0 90
2 21
2 82
3 10
6 13
6 38
8 94
10 64
12 22
13 47
13 78
13 84
14 56
15 0
15 44
15 79
17 54
18 17
20 76
24 3
25 19
25 50
25 57
26 8
27 24
27 35
30 32
31 48
32 42
33 59
35 41
35 43
36 93
41 92
41 95
43 65
44 30
44 77
45 6
46 45
47 33
47 89
49 72
51 26
51 52
54 12
54 28
56 74
57 2
59 61
61 31
61 62
62 14
63 88
64 18
65 46
67 20
72 91
74 67
76 39
76 68
76 80
79 63
82 53
83 51
84 83
89 49
90 36
91 60
91 99
93 27
99 7
backbone tree 11, llh: -14339.982015
-1 15
0 25
0 90
2 21
2 82
3 10
3 28
6 13
6 38
8 94
10 64
12 22
12 42
13 47
13 78
13 84
14 56
15 0
15 44
15 79
17 54
18 17
20 76
24 3
25 50
25 57
26 8
27 24
27 35
30 32
31 48
33 59
35 41
35 43
36 93
41 92
41 95
43 65
44 30
44 53
44 77
45 6
46 45
47 33
47 89
49 72
51 26
51 52
54 12
54 19
56 74
57 2
59 61
61 31
61 62
62 14
63 88
64 18
65 46
67 20
72 91
74 67
76 39
76 68
76 80
79 63
83 51
84 83
89 49
90 36
91 60
91 99
93 27
99 7
backbone tree 12, llh: -14339.908015
-1 15
0 25
0 90
2 21
2 82
3 10
3 28
6 13
6 38
8 94
10 64
12 22
12 42
13 47
13 78
13 84
14 56
15 0
15 44
15 79
17 54
18 17
20 76
24 3
25 50
25 57
26 8
27 24
27 35
30 32
31 48
33 59
35 41
35 43
36 93
41 92
41 95
43 65
44 30
44 77
45 6
46 45
47 33
47 89
49 72
51 26
51 52
54 12
54 19
56 74
57 2
59 61
61 31
61 62
62 14
63 88
64 18
65 46
67 20
72 91
74 67
76 39
76 68
76 80
79 63
82 53
83 51
84 83
89 49
90 36
91 60
91 99
93 27
99 7
backbone tree 13, llh: -14339.938648
-1 15
0 25
0 90
2 21
2 82
3 10
3 28
6 13
6 38
8 94
10 64
12 22
13 47
13 78
13 84
14 56
15 0
15 44
15 79
17 54
18 17
20 76
24 3
25 50
25 57
26 8
27 24
27 35
30 32
31 48
32 42
33 59
35 41
35 43
36 93
41 92
41 95
43 65
44 30
44 77
45 6
46 45
47 33
47 89
49 72
51 26
51 52
54 12
54 19
56 74
57 2
59 61
61 31
61 62
62 14
63 88
64 18
65 46
67 20
72 91
74 67
76 39
76 68
76 80
79 63
82 53
83 51
84 83
89 49
90 36
91 60
91 99
93 27
99 7
backbone tree 14, llh: -14339.944660
-1 15
0 25
0 90
2 21
2 82
3 10
6 13
6 38
8 94
10 64
12 22
12 42
13 47
13 78
13 84
14 56
15 0
15 44
15 79
17 54
18 17
20 76
24 3
25 50
25 57
26 8
27 24
27 35
30 32
31 48
33 59
35 41
35 43
36 93
41 92
41 95
43 65
44 30
44 77
45 6
46 45
47 33
47 89
49 72
51 26
51 52
54 12
54 19
56 74
57 2
59 61
61 31
61 62
62 14
63 88
64 18
65 46
67 20
72 91
74 67
76 39
76 68
76 80
79 63
82 53
83 51
84 83
89 28
89 49
90 36
91 60
91 99
93 27
99 7
backbone tree 15, llh: -14339.975292
-1 15
0 25
0 90
2 21
2 82
3 10
6 13
6 38
8 94
10 64
12 22
13 47
13 78
13 84
14 56
15 0
15 44
15 79
17 54
18 17
20 76
24 3
25 50
25 57
26 8
27 24
27 35
30 32
31 48
32 42
33 59
35 41
35 43
36 93
41 92
41 95
43 65
44 30
44 77
45 6
46 45
47 33
47 89
49 72
51 26
51 52
54 12
54 19
56 74
57 2
59 61
61 31
61 62
62 14
63 88
64 18
65 46
67 20
72 91
74 67
76 39
76 68
76 80
79 63
82 53
83 51
84 83
89 28
89 49
90 36
91 60
91 99
93 27
99 7
backbone tree 16, llh: -14339.890930
-1 15
0 25
0 90
2 21
2 82
3 10
3 28
6 13
6 38
8 94
10 64
12 22
12 42
13 47
13 84
14 56
14 77
15 0
15 44
15 79
17 54
18 17
20 76
24 3
25 50
25 57
26 8
27 24
27 35
30 32
31 48
33 59
35 41
35 43
36 93
39 78
41 92
41 95
43 65
44 30
44 53
45 6
46 45
47 33
47 89
49 72
51 26
51 52
54 12
54 19
56 74
57 2
59 61
61 31
61 62
62 14
63 88
64 18
65 46
67 20
72 91
74 67
76 39
76 68
76 80
79 63
83 51
84 83
89 49
90 36
91 60
91 99
93 27
99 7
backbone tree 17, llh: -14339.943225
-1 15
0 25
0 90
2 21
2 82
3 10
3 28
6 13
6 38
8 94
10 64
12 22
12 42
13 47
13 84
14 56
14 77
15 0
15 44
15 79
17 54
18 17
20 76
24 3
25 50
25 57
26 8
27 24
27 35
30 32
31 48
33 59
35 41
35 43
36 93
39 78
41 92
41 95
43 65
44 30
45 6
46 45
47 33
47 89
49 72
51 26
51 52
54 12
54 19
56 74
57 2
59 61
61 31
61 62
62 14
63 88
64 18
65 46
67 20
72 91
74 67
76 39
76 68
76 80
79 63
82 53
83 51
84 83
89 49
90 36
91 60
91 99
93 27
99 7
backbone tree 18, llh: -14339.968067
-1 15
0 25
0 90
2 21
2 82
3 10
3 28
6 13
6 38
8 94
10 64
12 22
13 47
13 84
14 56
14 77
15 0
15 44
15 79
17 54
17 88
18 17
20 76
24 3
25 50
25 57
26 8
27 24
27 35
30 32
31 48
32 42
33 59
35 41
35 43
36 93
39 78
41 92
41 95
43 65
44 30
44 53
45 6
46 45
47 33
47 89
49 72
51 26
51 52
54 12
54 19
56 74
57 2
59 61
61 31
61 62
62 14
64 18
65 46
67 20
72 91
74 67
76 39
76 68
76 80
79 63
83 51
84 83
89 49
90 36
91 60
91 99
93 27
99 7
backbone tree 19, llh: -14339.913662
-1 15
0 25
0 90
2 21
2 82
3 10
3 28
6 13
6 38
8 94
10 64
12 22
13 47
13 84
14 56
14 77
15 0
15 44
15 79
17 54
18 17
20 76
24 3
25 50
25 57
26 8
27 24
27 35
30 32
31 48
32 42
33 59
35 41
35 43
36 93
39 78
41 92
41 95
43 65
44 30
44 53
45 6
46 45
47 33
47 89
49 72
51 26
51 52
54 12
54 19
56 74
57 2
59 61
61 31
61 62
62 14
63 88
64 18
65 46
67 20
72 91
74 67
76 39
76 68
76 80
79 63
83 51
84 83
89 49
90 36
91 60
91 99
93 27
99 7
backbone tree 20, llh: -14339.965959
-1 15
0 25
0 90
2 21
2 82
3 10
3 28
6 13
6 38
8 94
10 64
12 22
13 47
13 84
14 56
14 77
15 0
15 44
15 79
17 54
18 17
20 76
24 3
25 50
25 57
26 8
27 24
27 35
30 32
31 48
32 42
33 59
35 41
35 43
36 93
39 78
41 92
41 95
43 65
44 30
45 6
46 45
47 33
47 89
49 72
51 26
51 52
54 12
54 19
56 74
57 2
59 61
61 31
61 62
62 14
63 88
64 18
65 46
67 20
72 91
74 67
76 39
76 68
76 80
79 63
82 53
83 51
84 83
89 49
90 36
91 60
91 99
93 27
99 7
backbone tree 21, llh: -14339.927503
-1 15
0 25
0 90
2 21
2 82
3 10
6 13
6 38
8 94
10 64
12 22
12 42
13 47
13 84
14 56
14 77
15 0
15 44
15 79
17 54
18 17
20 76
24 3
25 50
25 57
26 8
27 24
27 35
30 32
31 48
33 59
35 41
35 43
36 93
39 78
41 92
41 95
43 65
44 30
44 53
45 6
46 45
47 33
47 89
49 72
51 26
51 52
54 12
54 19
56 74
57 2
59 61
61 31
61 62
62 14
63 88
64 18
65 46
67 20
72 91
74 67
76 39
76 68
76 80
79 63
83 51
84 83
89 28
89 49
90 36
91 60
91 99
93 27
99 7
backbone tree 22, llh: -14339.979750
-1 15
0 25
0 90
2 21
2 82
3 10
6 13
6 38
8 94
10 64
12 22
12 42
13 47
13 84
14 56
14 77
15 0
15 44
15 79
17 54
18 17
20 76
24 3
25 50
25 57
26 8
27 24
27 35
30 32
31 48
33 59
35 41
35 43
36 93
39 78
41 92
41 95
43 65
44 30
45 6
46 45
47 33
47 89
49 72
51 26
51 52
54 12
54 19
56 74
57 2
59 61
61 31
61 62
62 14
63 88
64 18
65 46
67 20
72 91
74 67
76 39
76 68
76 80
79 63
82 53
83 51
84 83
89 28
89 49
90 36
91 60
91 99
93 27
99 7
backbone tree 23, llh: -14339.950236
-1 15
0 25
0 90
2 21
2 82
3 10
6 13
6 38
8 94
10 64
12 22
13 47
13 84
14 56
14 77
15 0
15 44
15 79
17 54
18 17
20 76
24 3
25 50
25 57
26 8
27 24
27 35
30 32
31 48
32 42
33 59
35 41
35 43
36 93
39 78
41 92
41 95
43 65
44 30
44 53
45 6
46 45
47 33
47 89
49 72
51 26
51 52
54 12
54 19
56 74
57 2
59 61
61 31
61 62
62 14
63 88
64 18
65 46
67 20
72 91
74 67
76 39
76 68
76 80
79 63
83 51
84 83
89 28
89 49
90 36
91 60
91 99
93 27
99 7
backbone tree 24, llh: -14339.916894
-1 15
0 25
0 90
2 21
2 82
3 10
3 28
6 13
6 38
8 94
10 64
12 22
12 42
13 47
13 84
14 56
15 0
15 44
15 79
17 54
18 17
20 76
24 3
25 50
25 57
26 8
27 24
27 35
30 32
31 48
33 59
35 41
35 43
36 93
39 78
41 92
41 95
43 65
44 30
44 77
45 6
46 45
47 33
47 89
49 72
51 26
51 52
54 12
54 19
56 74
57 2
59 61
61 31
61 62
62 14
63 88
64 18
65 46
67 20
72 91
74 67
76 39
76 68
76 80
79 63
82 53
83 51
84 83
89 49
90 36
91 60
91 99
93 27
99 7
backbone tree 25, llh: -14339.947527
-1 15
0 25
0 90
2 21
2 82
3 10
3 28
6 13
6 38
8 94
10 64
12 22
13 47
13 84
14 56
15 0
15 44
15 79
17 54
18 17
20 76
24 3
25 50
25 57
26 8
27 24
27 35
30 32
31 48
32 42
33 59
35 41
35 43
36 93
39 78
41 92
41 95
43 65
44 30
44 77
45 6
46 45
47 33
47 89
49 72
51 26
51 52
54 12
54 19
56 74
57 2
59 61
61 31
61 62
62 14
63 88
64 18
65 46
67 20
72 91
74 67
76 39
76 68
76 80
79 63
82 53
83 51
84 83
89 49
90 36
91 60
91 99
93 27
99 7
backbone tree 26, llh: -14339.953539
-1 15
0 25
0 90
2 21
2 82
3 10
6 13
6 38
8 94
10 64
12 22
12 42
13 47
13 84
14 56
15 0
15 44
15 79
17 54
18 17
20 76
24 3
25 50
25 57
26 8
27 24
27 35
30 32
31 48
33 59
35 41
35 43
36 93
39 78
41 92
41 95
43 65
44 30
44 77
45 6
46 45
47 33
47 89
49 72
51 26
51 52
54 12
54 19
56 74
57 2
59 61
61 31
61 62
62 14
63 88
64 18
65 46
67 20
72 91
74 67
76 39
76 68
76 80
79 63
82 53
83 51
84 83
89 28
89 49
90 36
91 60
91 99
93 27
99 7
backbone tree 27, llh: -14339.984172
-1 15
0 25
0 90
2 21
2 82
3 10
6 13
6 38
8 94
10 64
12 22
13 47
13 84
14 56
15 0
15 44
15 79
17 54
18 17
20 76
24 3
25 50
25 57
26 8
27 24
27 35
30 32
31 48
32 42
33 59
35 41
35 43
36 93
39 78
41 92
41 95
43 65
44 30
44 77
45 6
46 45
47 33
47 89
49 72
51 26
51 52
54 12
54 19
56 74
57 2
59 61
61 31
61 62
62 14
63 88
64 18
65 46
67 20
72 91
74 67
76 39
76 68
76 80
79 63
82 53
83 51
84 83
89 28
89 49
90 36
91 60
91 99
93 27
99 7
backbone tree 28, llh: -14339.919533
-1 15
0 25
0 90
2 21
2 82
3 10
3 28
6 13
6 38
8 94
10 64
12 22
12 42
13 47
13 84
14 56
14 77
15 0
15 44
15 79
17 54
18 17
20 76
24 3
25 50
25 57
26 8
27 24
27 35
30 32
31 48
33 59
35 41
35 43
36 93
41 92
41 95
43 65
44 30
44 53
45 6
46 45
47 33
47 89
49 72
51 26
51 52
54 12
54 19
56 74
57 2
57 78
59 61
61 31
61 62
62 14
63 88
64 18
65 46
67 20
72 91
74 67
76 39
76 68
76 80
79 63
83 51
84 83
89 49
90 36
91 60
91 99
93 27
99 7
backbone tree 29, llh: -14339.971830
-1 15
0 25
0 90
2 21
2 82
3 10
3 28
6 13
6 38
8 94
10 64
12 22
12 42
13 47
13 84
14 56
14 77
15 0
15 44
15 79
17 54
18 17
20 76
24 3
25 50
25 57
26 8
27 24
27 35
30 32
31 48
33 59
35 41
35 43
36 93
41 92
41 95
43 65
44 30
45 6
46 45
47 33
47 89
49 72
51 26
51 52
54 12
54 19
56 74
57 2
57 78
59 61
61 31
61 62
62 14
63 88
64 18
65 46
67 20
72 91
74 67
76 39
76 68
76 80
79 63
82 53
83 51
84 83
89 49
90 36
91 60
91 99
93 27
99 7
backbone tree 30, llh: -14339.942267
-1 15
0 25
0 90
2 21
2 82
3 10
3 28
6 13
6 38
8 94
10 64
12 22
13 47
13 84
14 56
14 77
15 0
15 44
15 79
17 54
18 17
20 76
24 3
25 50
25 57
26 8
27 24
27 35
30 32
31 48
32 42
33 59
35 41
35 43
36 93
41 92
41 95
43 65
44 30
44 53
45 6
46 45
47 33
47 89
49 72
51 26
51 52
54 12
54 19
56 74
57 2
57 78
59 61
61 31
61 62
62 14
63 88
64 18
65 46
67 20
72 91
74 67
76 39
76 68
76 80
79 63
83 51
84 83
89 49
90 36
91 60
91 99
93 27
99 7
backbone tree 31, llh: -14339.945498
-1 15
0 25
0 90
2 21
2 82
3 10
3 28
6 13
6 38
8 94
10 64
12 22
12 42
13 47
13 84
14 56
15 0
15 44
15 79
17 54
18 17
20 76
24 3
25 50
25 57
26 8
27 24
27 35
30 32
31 48
33 59
35 41
35 43
36 93
41 92
41 95
43 65
44 30
44 77
45 6
46 45
47 33
47 89
49 72
51 26
51 52
54 12
54 19
56 74
57 2
57 78
59 61
61 31
61 62
62 14
63 88
64 18
65 46
67 20
72 91
74 67
76 39
76 68
76 80
79 63
82 53
83 51
84 83
89 49
90 36
91 60
91 99
93 27
99 7
backbone tree 32, llh: -14339.976131
-1 15
0 25
0 90
2 21
2 82
3 10
3 28
6 13
6 38
8 94
10 64
12 22
13 47
13 84
14 56
15 0
15 44
15 79
17 54
18 17
20 76
24 3
25 50
25 57
26 8
27 24
27 35
30 32
31 48
32 42
33 59
35 41
35 43
36 93
41 92
41 95
43 65
44 30
44 77
45 6
46 45
47 33
47 89
49 72
51 26
51 52
54 12
54 19
56 74
57 2
57 78
59 61
61 31
61 62
62 14
63 88
64 18
65 46
67 20
72 91
74 67
76 39
76 68
76 80
79 63
82 53
83 51
84 83
89 49
90 36
91 60
91 99
93 27
99 7
backbone tree 33, llh: -14339.982144
-1 15
0 25
0 90
2 21
2 82
3 10
6 13
6 38
8 94
10 64
12 22
12 42
13 47
13 84
14 56
15 0
15 44
15 79
17 54
18 17
20 76
24 3
25 50
25 57
26 8
27 24
27 35
30 32
31 48
33 59
35 41
35 43
36 93
41 92
41 95
43 65
44 30
44 77
45 6
46 45
47 33
47 89
49 72
51 26
51 52
54 12
54 19
56 74
57 2
57 78
59 61
61 31
61 62
62 14
63 88
64 18
65 46
67 20
72 91
74 67
76 39
76 68
76 80
79 63
82 53
83 51
84 83
89 28
89 49
90 36
91 60
91 99
93 27
99 7
backbone tree 34, llh: -14339.921263
-1 15
0 25
0 90
2 21
2 82
3 10
3 28
6 13
6 38
8 94
10 64
12 22
12 42
13 47
13 78
13 84
14 56
14 77
15 0
15 44
15 79
17 54
18 17
20 76
24 3
25 50
25 57
26 8
27 24
27 35
30 32
31 48
33 59
35 41
35 43
36 93
41 95
43 65
43 92
44 30
44 53
45 6
46 45
47 33
47 89
49 72
51 26
51 52
54 12
54 19
56 74
57 2
59 61
61 31
61 62
62 14
63 88
64 18
65 46
67 20
72 91
74 67
76 39
76 68
76 80
79 63
83 51
84 83
89 49
90 36
91 60
91 99
93 27
99 7
backbone tree 35, llh: -14339.973560
-1 15
0 25
0 90
2 21
2 82
3 10
3 28
6 13
6 38
8 94
10 64
12 22
12 42
13 47
13 78
13 84
14 56
14 77
15 0
15 44
15 79
17 54
18 17
20 76
24 3
25 50
25 57
26 8
27 24
27 35
30 32
31 48
33 59
35 41
35 43
36 93
41 95
43 65
43 92
44 30
45 6
46 45
47 33
47 89
49 72
51 26
51 52
54 12
54 19
56 74
57 2
59 61
61 31
61 62
62 14
63 88
64 18
65 46
67 20
72 91
74 67
76 39
76 68
76 80
79 63
82 53
83 51
84 83
89 49
90 36
91 60
91 99
93 27
99 7
backbone tree 36, llh: -14339.943997
-1 15
0 25
0 90
2 21
2 82
3 10
3 28
6 13
6 38
8 94
10 64
12 22
13 47
13 78
13 84
14 56
14 77
15 0
15 44
15 79
17 54
18 17
20 76
24 3
25 50
25 57
26 8
27 24
27 35
30 32
31 48
32 42
33 59
35 41
35 43
36 93
41 95
43 65
43 92
44 30
44 53
45 6
46 45
47 33
47 89
49 72
51 26
51 52
54 12
54 19
56 74
57 2
59 61
61 31
61 62
62 14
63 88
64 18
65 46
67 20
72 91
74 67
76 39
76 68
76 80
79 63
83 51
84 83
89 49
90 36
91 60
91 99
93 27
99 7
backbone tree 37, llh: -14339.947228
-1 15
0 25
0 90
2 21
2 82
3 10
3 28
6 13
6 38
8 94
10 64
12 22
12 42
13 47
13 78
13 84
14 56
15 0
15 44
15 79
17 54
18 17
20 76
24 3
25 50
25 57
26 8
27 24
27 35
30 32
31 48
33 59
35 41
35 43
36 93
41 95
43 65
43 92
44 30
44 77
45 6
46 45
47 33
47 89
49 72
51 26
51 52
54 12
54 19
56 74
57 2
59 61
61 31
61 62
62 14
63 88
64 18
65 46
67 20
72 91
74 67
76 39
76 68
76 80
79 63
82 53
83 51
84 83
89 49
90 36
91 60
91 99
93 27
99 7
backbone tree 38, llh: -14339.977860
-1 15
0 25
0 90
2 21
2 82
3 10
3 28
6 13
6 38
8 94
10 64
12 22
13 47
13 78
13 84
14 56
15 0
15 44
15 79
17 54
18 17
20 76
24 3
25 50
25 57
26 8
27 24
27 35
30 32
31 48
32 42
33 59
35 41
35 43
36 93
41 95
43 65
43 92
44 30
44 77
45 6
46 45
47 33
47 89
49 72
51 26
51 52
54 12
54 19
56 74
57 2
59 61
61 31
61 62
62 14
63 88
64 18
65 46
67 20
72 91
74 67
76 39
76 68
76 80
79 63
82 53
83 51
84 83
89 49
90 36
91 60
91 99
93 27
99 7
backbone tree 39, llh: -14339.970319
-1 15
0 25
0 90
2 21
2 82
3 10
6 13
6 38
8 94
10 64
12 22
12 42
13 47
13 78
13 84
14 56
15 0
15 44
15 79
17 54
18 17
20 76
24 3
25 50
25 57
26 8
27 24
27 35
30 32
31 48
33 59
35 41
35 43
36 93
41 28
41 95
43 65
43 92
44 30
44 77
45 6
46 45
47 33
47 89
49 72
51 26
51 52
54 12
54 19
56 74
57 2
59 61
61 31
61 62
62 14
63 88
64 18
65 46
67 20
72 91
74 67
76 39
76 68
76 80
79 63
82 53
83 51
84 83
89 49
90 36
91 60
91 99
93 27
99 7
backbone tree 40, llh: -14339.974916
-1 15
0 25
0 90
2 21
2 82
3 10
6 13
6 38
8 94
10 64
12 22
12 42
13 47
13 78
13 84
14 56
15 0
15 44
15 79
17 54
18 17
20 76
24 3
25 50
25 57
26 8
27 24
27 35
30 32
31 48
33 59
35 41
35 43
36 93
41 95
43 65
43 92
44 30
44 77
45 6
46 45
47 33
47 89
49 72
51 26
51 52
54 12
54 19
56 74
57 2
59 61
61 31
61 62
62 14
63 88
64 18
65 46
67 20
72 91
74 67
76 39
76 68
76 80
79 63
82 53
83 51
84 83
89 28
89 49
90 36
91 60
91 99
93 27
99 7
backbone tree 41, llh: -14339.924047
-1 15
0 25
0 90
2 21
2 82
3 10
3 28
6 13
6 38
8 94
10 64
12 22
12 42
13 47
13 84
14 56
14 77
15 0
15 44
15 79
17 54
18 17
20 76
24 3
25 50
25 57
26 8
27 24
27 35
30 32
31 48
33 59
35 41
35 43
36 93
39 78
41 95
43 65
43 92
44 30
44 53
45 6
46 45
47 33
47 89
49 72
51 26
51 52
54 12
54 19
56 74
57 2
59 61
61 31
61 62
62 14
63 88
64 18
65 46
67 20
72 91
74 67
76 39
76 68
76 80
79 63
83 51
84 83
89 49
90 36
91 60
91 99
93 27
99 7
backbone tree 42, llh: -14339.976345
-1 15
0 25
0 90
2 21
2 82
3 10
3 28
6 13
6 38
8 94
10 64
12 22
12 42
13 47
13 84
14 56
14 77
15 0
15 44
15 79
17 54
18 17
20 76
24 3
25 50
25 57
26 8
27 24
27 35
30 32
31 48
33 59
35 41
35 43
36 93
39 78
41 95
43 65
43 92
44 30
45 6
46 45
47 33
47 89
49 72
51 26
51 52
54 12
54 19
56 74
57 2
59 61
61 31
61 62
62 14
63 88
64 18
65 46
67 20
72 91
74 67
76 39
76 68
76 80
79 63
82 53
83 51
84 83
89 49
90 36
91 60
91 99
93 27
99 7
backbone tree 43, llh: -14339.946782
-1 15
0 25
0 90
2 21
2 82
3 10
3 28
6 13
6 38
8 94
10 64
12 22
13 47
13 84
14 56
14 77
15 0
15 44
15 79
17 54
18 17
20 76
24 3
25 50
25 57
26 8
27 24
27 35
30 32
31 48
32 42
33 59
35 41
35 43
36 93
39 78
41 95
43 65
43 92
44 30
44 53
45 6
46 45
47 33
47 89
49 72
51 26
51 52
54 12
54 19
56 74
57 2
59 61
61 31
61 62
62 14
63 88
64 18
65 46
67 20
72 91
74 67
76 39
76 68
76 80
79 63
83 51
84 83
89 49
90 36
91 60
91 99
93 27
99 7
backbone tree 44, llh: -14339.950012
-1 15
0 25
0 90
2 21
2 82
3 10
3 28
6 13
6 38
8 94
10 64
12 22
12 42
13 47
13 84
14 56
15 0
15 44
15 79
17 54
18 17
20 76
24 3
25 50
25 57
26 8
27 24
27 35
30 32
31 48
33 59
35 41
35 43
36 93
39 78
41 95
43 65
43 92
44 30
44 77
45 6
46 45
47 33
47 89
49 72
51 26
51 52
54 12
54 19
56 74
57 2
59 61
61 31
61 62
62 14
63 88
64 18
65 46
67 20
72 91
74 67
76 39
76 68
76 80
79 63
82 53
83 51
84 83
89 49
90 36
91 60
91 99
93 27
99 7
backbone tree 45, llh: -14339.980645
-1 15
0 25
0 90
2 21
2 82
3 10
3 28
6 13
6 38
8 94
10 64
12 22
13 47
13 84
14 56
15 0
15 44
15 79
17 54
18 17
20 76
24 3
25 50
25 57
26 8
27 24
27 35
30 32
31 48
32 42
33 59
35 41
35 43
36 93
39 78
41 95
43 65
43 92
44 30
44 77
45 6
46 45
47 33
47 89
49 72
51 26
51 52
54 12
54 19
56 74
57 2
59 61
61 31
61 62
62 14
63 88
64 18
65 46
67 20
72 91
74 67
76 39
76 68
76 80
79 63
82 53
83 51
84 83
89 49
90 36
91 60
91 99
93 27
99 7
backbone tree 46, llh: -14339.973104
-1 15
0 25
0 90
2 21
2 82
3 10
6 13
6 38
8 94
10 64
12 22
12 42
13 47
13 84
14 56
15 0
15 44
15 79
17 54
18 17
20 76
24 3
25 50
25 57
26 8
27 24
27 35
30 32
31 48
33 59
35 41
35 43
36 93
39 78
41 28
41 95
43 65
43 92
44 30
44 77
45 6
46 45
47 33
47 89
49 72
51 26
51 52
54 12
54 19
56 74
57 2
59 61
61 31
61 62
62 14
63 88
64 18
65 46
67 20
72 91
74 67
76 39
76 68
76 80
79 63
82 53
83 51
84 83
89 49
90 36
91 60
91 99
93 27
99 7
backbone tree 47, llh: -14339.977701
-1 15
0 25
0 90
2 21
2 82
3 10
6 13
6 38
8 94
10 64
12 22
12 42
13 47
13 84
14 56
15 0
15 44
15 79
17 54
18 17
20 76
24 3
25 50
25 57
26 8
27 24
27 35
30 32
31 48
33 59
35 41
35 43
36 93
39 78
41 95
43 65
43 92
44 30
44 77
45 6
46 45
47 33
47 89
49 72
51 26
51 52
54 12
54 19
56 74
57 2
59 61
61 31
61 62
62 14
63 88
64 18
65 46
67 20
72 91
74 67
76 39
76 68
76 80
79 63
82 53
83 51
84 83
89 28
89 49
90 36
91 60
91 99
93 27
99 7
backbone tree 48, llh: -14339.978602
-1 15
0 25
0 90
2 21
2 82
3 10
3 28
6 13
6 38
8 94
10 64
12 22
12 42
13 47
13 84
14 56
15 0
15 44
15 79
17 54
18 17
20 76
24 3
25 50
25 57
26 8
27 24
27 35
30 32
31 48
33 59
35 41
35 43
36 93
41 95
43 65
43 92
44 30
44 77
45 6
46 45
47 33
47 89
49 72
51 26
51 52
54 12
54 19
56 74
57 2
57 78
59 61
61 31
61 62
62 14
63 88
64 18
65 46
67 20
72 91
74 67
76 39
76 68
76 80
79 63
82 53
83 51
84 83
89 49
90 36
91 60
91 99
93 27
99 7
