# 4 backbone trees, 62 mutations
backbone tree 0, llh: -13996.735624
-1 15
0 25
0 90
2 21
2 82
3 10
6 13
6 38
10 64
12 22
13 47
13 84
14 56
15 0
15 44
15 79
17 54
18 17
20 76
24 3
25 50
25 57
26 8
27 24
27 35
30 32
31 48
33 59
35 41
35 43
36 93
41 92
43 65
44 30
45 6
46 45
47 33
47 89
49 72
51 26
54 12
56 74
57 2
59 61
61 31
61 62
62 14
64 18
65 46
67 20
72 91
74 67
76 39
76 68
79 63
83 51
84 83
89 49
90 36
91 99
93 27
99 7
backbone tree 1, llh: -13996.807626
-1 15
0 25
0 90
2 21
3 10
6 13
6 38
10 64
12 22
13 47
13 84
14 56
15 0
15 44
15 79
17 54
18 17
20 76
24 3
25 50
25 57
26 8
27 24
27 35
30 32
31 48
33 59
35 41
35 43
36 93
41 92
43 65
44 30
44 82
45 6
46 45
47 33
47 89
49 72
51 26
54 12
56 74
57 2
59 61
61 31
61 62
62 14
64 18
65 46
67 20
72 91
74 67
76 39
76 68
79 63
83 51
84 83
89 49
90 36
91 99
93 27
99 7
backbone tree 2, llh: -13996.758183
-1 15
0 25
0 90
2 21
2 82
3 10
6 13
6 38
10 64
12 22
13 47
13 84
14 56
15 0
15 44
15 79
17 54
18 17
20 76
24 3
25 50
25 57
26 8
27 24
27 35
30 32
31 48
33 59
35 41
35 43
36 93
43 65
43 92
44 30
45 6
46 45
47 33
47 89
49 72
51 26
54 12
56 74
57 2
59 61
61 31
61 62
62 14
64 18
65 46
67 20
72 91
74 67
76 39
76 68
79 63
83 51
84 83
89 49
90 36
91 99
93 27
99 7
backbone tree 3, llh: -13996.830180
-1 15
0 25
0 90
2 21
3 10
6 13
6 38
10 64
12 22
13 47
13 84
14 56
15 0
15 44
15 79
17 54
18 17
20 76
24 3
25 50
25 57
26 8
27 24
27 35
30 32
31 48
33 59
35 41
35 43
36 93
43 65
43 92
44 30
44 82
45 6
46 45
47 33
47 89
49 72
51 26
54 12
56 74
57 2
59 61
61 31
61 62
62 14
64 18
65 46
67 20
72 91
74 67
76 39
76 68
79 63
83 51
84 83
89 49
90 36
91 99
93 27
99 7
