# 4 backbone trees, 20 mutations
backbone tree 0, llh: -5964.894341
-1 0
0 14
0 15
1 7
1 13
1 19
3 18
5 3
6 11
8 2
8 4
8 16
9 6
10 12
10 17
11 5
12 1
13 8
14 10
16 9
backbone tree 1, llh: -5964.851329
-1 0
0 14
0 15
1 7
1 13
3 18
3 19
5 3
6 11
8 2
8 4
8 16
9 6
10 12
10 17
11 5
12 1
13 8
14 10
16 9
backbone tree 2, llh: -5964.900330
-1 0
0 14
0 15
1 7
1 13
1 19
3 18
5 3
6 11
8 2
8 16
9 6
10 12
10 17
11 5
12 1
13 8
14 10
16 4
16 9
backbone tree 3, llh: -5964.857324
-1 0
0 14
0 15
1 7
1 13
3 18
3 19
5 3
6 11
8 2
8 16
9 6
10 12
10 17
11 5
12 1
13 8
14 10
16 4
16 9
