# 4 backbone trees, 46 mutations
backbone tree 0, llh: -6444.641814
-1 0
0 15
0 20
0 28
0 45
1 26
1 31
2 33
2 38
3 16
4 12
5 40
6 37
7 6
10 13
10 42
13 7
13 17
15 10
15 22
15 27
15 34
15 39
17 21
19 11
21 18
22 14
26 19
26 41
27 5
27 23
27 46
28 47
32 9
34 29
38 3
38 30
38 43
41 24
43 36
44 1
44 32
45 4
45 8
46 2
46 44
backbone tree 1, llh: -6444.595898
-1 0
0 15
0 20
0 28
0 45
1 26
1 31
2 33
2 38
3 16
4 12
6 37
7 6
10 13
10 42
13 7
13 17
14 40
15 10
15 22
15 27
15 34
15 39
17 21
19 11
21 18
22 14
26 19
26 41
27 5
27 23
27 46
28 47
32 9
34 29
38 3
38 30
38 43
41 24
43 36
44 1
44 32
45 4
45 8
46 2
46 44
backbone tree 2, llh: -6444.576925
-1 0
0 15
0 20
0 28
0 45
1 26
1 31
2 33
2 38
3 16
4 12
6 37
7 6
10 13
10 42
13 7
13 17
15 10
15 22
15 27
15 34
15 39
17 21
19 11
21 18
22 14
26 19
26 41
27 5
27 23
27 46
28 47
32 9
34 29
38 3
38 30
38 43
39 40
41 24
43 36
44 1
44 32
45 4
45 8
46 2
46 44
backbone tree 3, llh: -6444.613994
-1 0
0 15
0 20
0 28
0 45
1 26
1 31
2 33
2 38
3 16
4 12
6 37
7 6
10 13
10 42
13 7
13 17
15 10
15 22
15 27
15 34
15 39
17 21
19 11
21 18
22 14
26 19
26 41
27 5
27 23
27 46
28 47
32 9
34 29
38 3
38 30
38 43
41 24
42 40
43 36
44 1
44 32
45 4
45 8
46 2
46 44
