# 22 backbone trees, 42 mutations
backbone tree 0, llh: -6039.415640
-1 0
0 12
0 16
0 20
1 11
2 27
4 36
4 38
5 13
7 40
8 19
8 37
9 35
12 6
12 25
13 7
14 49
15 9
16 1
16 18
16 39
18 14
18 31
18 33
18 46
20 30
22 17
22 26
27 15
27 44
30 29
31 3
31 42
31 48
36 34
36 47
38 22
38 41
39 4
39 8
41 2
42 5
backbone tree 1, llh: -6039.362823
-1 0
0 12
0 16
0 20
1 11
2 27
4 36
4 38
5 13
7 40
8 19
8 37
9 35
12 6
12 25
13 7
14 49
15 9
15 48
16 1
16 18
16 39
18 14
18 31
18 46
20 30
22 17
22 26
27 15
27 44
30 29
30 33
31 3
31 42
36 34
36 47
38 22
38 41
39 4
39 8
41 2
42 5
backbone tree 2, llh: -6039.351191
-1 0
0 12
0 16
0 20
1 11
2 27
4 36
4 38
5 13
7 40
8 19
8 37
9 35
12 6
12 25
13 7
14 49
15 9
16 1
16 18
16 39
18 14
18 31
18 46
20 30
22 17
22 26
27 15
27 44
30 29
30 33
31 3
31 42
31 48
36 34
36 47
38 22
38 41
39 4
39 8
41 2
42 5
backbone tree 3, llh: -6039.352133
-1 0
0 12
0 16
0 20
1 11
2 27
4 36
4 38
5 13
7 40
8 19
8 37
9 35
12 6
12 25
13 7
14 49
15 9
16 1
16 18
16 39
18 14
18 31
18 46
20 30
22 17
22 26
27 15
27 44
30 29
30 33
31 3
31 42
36 34
36 47
36 48
38 22
38 41
39 4
39 8
41 2
42 5
backbone tree 4, llh: -6039.334341
-1 0
0 12
0 16
0 20
1 11
2 27
4 36
4 38
5 13
7 40
8 19
8 37
9 35
12 6
12 25
13 7
14 49
15 9
15 48
16 1
16 18
16 39
18 14
18 31
18 46
20 30
22 17
22 26
27 15
27 44
30 29
31 3
31 42
34 33
36 34
36 47
38 22
38 41
39 4
39 8
41 2
42 5
backbone tree 5, llh: -6039.322710
-1 0
0 12
0 16
0 20
1 11
2 27
4 36
4 38
5 13
7 40
8 19
8 37
9 35
12 6
12 25
13 7
14 49
15 9
16 1
16 18
16 39
18 14
18 31
18 46
20 30
22 17
22 26
27 15
27 44
30 29
31 3
31 42
31 48
34 33
36 34
36 47
38 22
38 41
39 4
39 8
41 2
42 5
backbone tree 6, llh: -6039.323651
-1 0
0 12
0 16
0 20
1 11
2 27
4 36
4 38
5 13
7 40
8 19
8 37
9 35
12 6
12 25
13 7
14 49
15 9
16 1
16 18
16 39
18 14
18 31
18 46
20 30
22 17
22 26
27 15
27 44
30 29
31 3
31 42
34 33
36 34
36 47
36 48
38 22
38 41
39 4
39 8
41 2
42 5
backbone tree 7, llh: -6039.381372
-1 0
0 12
0 16
0 20
1 11
2 27
4 36
4 38
5 13
7 40
8 19
8 37
9 35
12 6
12 25
13 7
14 49
15 9
15 48
16 1
16 18
16 39
18 14
18 31
18 46
20 30
22 17
22 26
27 15
27 44
30 29
30 33
31 42
36 34
36 47
38 22
38 41
39 4
39 8
41 2
42 5
46 3
backbone tree 8, llh: -6039.369695
-1 0
0 12
0 16
0 20
1 11
2 27
4 36
4 38
5 13
7 40
8 19
8 37
9 35
12 6
12 25
13 7
14 49
15 9
16 1
16 18
16 39
18 14
18 31
18 46
20 30
22 17
22 26
27 15
27 44
30 29
30 33
31 42
31 48
36 34
36 47
38 22
38 41
39 4
39 8
41 2
42 5
46 3
backbone tree 9, llh: -6039.370684
-1 0
0 12
0 16
0 20
1 11
2 27
4 36
4 38
5 13
7 40
8 19
8 37
9 35
12 6
12 25
13 7
14 49
15 9
16 1
16 18
16 39
18 14
18 31
18 46
20 30
22 17
22 26
27 15
27 44
30 29
30 33
31 42
36 34
36 47
36 48
38 22
38 41
39 4
39 8
41 2
42 5
46 3
backbone tree 10, llh: -6039.352891
-1 0
0 12
0 16
0 20
1 11
2 27
4 36
4 38
5 13
7 40
8 19
8 37
9 35
12 6
12 25
13 7
14 49
15 9
15 48
16 1
16 18
16 39
18 14
18 31
18 46
20 30
22 17
22 26
27 15
27 44
30 29
31 42
34 33
36 34
36 47
38 22
38 41
39 4
39 8
41 2
42 5
46 3
backbone tree 11, llh: -6039.341213
-1 0
0 12
0 16
0 20
1 11
2 27
4 36
4 38
5 13
7 40
8 19
8 37
9 35
12 6
12 25
13 7
14 49
15 9
16 1
16 18
16 39
18 14
18 31
18 46
20 30
22 17
22 26
27 15
27 44
30 29
31 42
31 48
34 33
36 34
36 47
38 22
38 41
39 4
39 8
41 2
42 5
46 3
backbone tree 12, llh: -6039.342203
-1 0
0 12
0 16
0 20
1 11
2 27
4 36
4 38
5 13
7 40
8 19
8 37
9 35
12 6
12 25
13 7
14 49
15 9
16 1
16 18
16 39
18 14
18 31
18 46
20 30
22 17
22 26
27 15
27 44
30 29
31 42
34 33
36 34
36 47
36 48
38 22
38 41
39 4
39 8
41 2
42 5
46 3
backbone tree 13, llh: -6039.415254
-1 0
0 12
0 16
0 20
1 11
2 27
4 36
4 38
5 13
7 40
8 19
8 37
9 35
12 6
12 25
13 7
15 9
15 48
16 1
16 18
16 39
18 14
18 31
18 33
18 46
20 30
22 17
22 26
27 15
27 44
30 29
30 49
31 3
31 42
36 34
36 47
38 22
38 41
39 4
39 8
41 2
42 5
backbone tree 14, llh: -6039.403754
-1 0
0 12
0 16
0 20
1 11
2 27
4 36
4 38
5 13
7 40
8 19
8 37
9 35
12 6
12 25
13 7
15 9
16 1
16 18
16 39
18 14
18 31
18 33
18 46
20 30
22 17
22 26
27 15
27 44
30 29
30 49
31 3
31 42
31 48
36 34
36 47
38 22
38 41
39 4
39 8
41 2
42 5
backbone tree 15, llh: -6039.404621
-1 0
0 12
0 16
0 20
1 11
2 27
4 36
4 38
5 13
7 40
8 19
8 37
9 35
12 6
12 25
13 7
15 9
16 1
16 18
16 39
18 14
18 31
18 33
18 46
20 30
22 17
22 26
27 15
27 44
30 29
30 49
31 3
31 42
36 34
36 47
36 48
38 22
38 41
39 4
39 8
41 2
42 5
backbone tree 16, llh: -6039.322259
-1 0
0 12
0 16
0 20
1 11
2 27
4 36
4 38
5 13
7 40
8 19
8 37
9 35
12 6
12 25
13 7
15 9
15 48
16 1
16 18
16 39
18 14
18 31
18 46
20 30
22 17
22 26
27 15
27 44
30 29
30 49
31 3
31 42
34 33
36 34
36 47
38 22
38 41
39 4
39 8
41 2
42 5
backbone tree 17, llh: -6039.310759
-1 0
0 12
0 16
0 20
1 11
2 27
4 36
4 38
5 13
7 40
8 19
8 37
9 35
12 6
12 25
13 7
15 9
16 1
16 18
16 39
18 14
18 31
18 46
20 30
22 17
22 26
27 15
27 44
30 29
30 49
31 3
31 42
31 48
34 33
36 34
36 47
38 22
38 41
39 4
39 8
41 2
42 5
backbone tree 18, llh: -6039.311627
-1 0
0 12
0 16
0 20
1 11
2 27
4 36
4 38
5 13
7 40
8 19
8 37
9 35
12 6
12 25
13 7
15 9
16 1
16 18
16 39
18 14
18 31
18 46
20 30
22 17
22 26
27 15
27 44
30 29
30 49
31 3
31 42
34 33
36 34
36 47
36 48
38 22
38 41
39 4
39 8
41 2
42 5
backbone tree 19, llh: -6039.340809
-1 0
0 12
0 16
0 20
1 11
2 27
4 36
4 38
5 13
7 40
8 19
8 37
9 35
12 6
12 25
13 7
15 9
15 48
16 1
16 18
16 39
18 14
18 31
18 46
20 30
22 17
22 26
27 15
27 44
30 29
30 49
31 42
34 33
36 34
36 47
38 22
38 41
39 4
39 8
41 2
42 5
46 3
backbone tree 20, llh: -6039.329263
-1 0
0 12
0 16
0 20
1 11
2 27
4 36
4 38
5 13
7 40
8 19
8 37
9 35
12 6
12 25
13 7
15 9
16 1
16 18
16 39
18 14
18 31
18 46
20 30
22 17
22 26
27 15
27 44
30 29
30 49
31 42
31 48
34 33
36 34
36 47
38 22
38 41
39 4
39 8
41 2
42 5
46 3
backbone tree 21, llh: -6039.330177
-1 0
0 12
0 16
0 20
1 11
2 27
4 36
4 38
5 13
7 40
8 19
8 37
9 35
12 6
12 25
13 7
15 9
16 1
16 18
16 39
18 14
18 31
18 46
20 30
22 17
22 26
27 15
27 44
30 29
30 49
31 42
34 33
36 34
36 47
36 48
38 22
38 41
39 4
39 8
41 2
42 5
46 3
