# 5 backbone trees, 42 mutations
backbone tree 0, llh: -8346.465047
-1 0
0 23
0 40
1 8
3 7
4 9
4 10
4 33
6 20
6 38
10 11
11 29
12 35
12 43
13 18
15 48
16 22
17 41
18 12
18 34
20 16
22 13
22 24
25 2
25 27
27 45
29 31
30 36
30 44
32 4
32 17
33 15
33 25
33 30
34 28
35 5
40 3
40 32
45 46
46 1
46 6
46 42
backbone tree 1, llh: -8346.515719
-1 0
0 23
0 40
3 7
4 9
4 10
4 33
5 8
6 20
6 38
10 11
11 29
12 35
12 43
13 18
15 48
16 22
17 41
18 12
18 34
20 16
22 13
22 24
25 2
25 27
27 45
29 31
30 36
30 44
32 4
32 17
33 15
33 25
33 30
34 28
35 5
40 3
40 32
45 46
46 1
46 6
46 42
backbone tree 2, llh: -8346.553349
-1 0
0 23
0 40
3 7
4 9
4 10
4 33
6 20
6 38
10 11
11 29
12 35
12 43
13 18
15 8
15 48
16 22
17 41
18 12
18 34
20 16
22 13
22 24
25 2
25 27
27 45
29 31
30 36
30 44
32 4
32 17
33 15
33 25
33 30
34 28
35 5
40 3
40 32
45 46
46 1
46 6
46 42
backbone tree 3, llh: -8346.525167
-1 0
0 40
1 8
3 7
4 9
4 10
4 33
6 20
6 38
10 11
11 29
12 35
12 43
13 18
15 48
16 22
17 41
18 12
18 34
20 16
22 13
22 24
25 2
25 27
27 45
29 31
30 36
30 44
32 4
32 17
32 23
33 15
33 25
33 30
34 28
35 5
40 3
40 32
45 46
46 1
46 6
46 42
backbone tree 4, llh: -8346.533490
-1 0
0 23
0 40
1 8
3 7
4 9
4 10
4 33
6 20
10 11
11 29
12 35
12 43
13 18
15 48
16 22
17 41
18 12
18 34
20 16
22 13
22 24
25 2
25 27
27 45
29 31
30 36
30 44
32 4
32 17
32 38
33 15
33 25
33 30
34 28
35 5
40 3
40 32
45 46
46 1
46 6
46 42
