# 20 backbone trees, 45 mutations
backbone tree 0, llh: -6921.099336
-1 0
0 7
0 18
0 40
0 45
0 47
1 8
1 24
3 6
4 46
6 15
6 36
7 33
7 44
10 11
10 35
10 43
12 14
12 37
14 16
15 17
15 21
16 29
17 13
17 19
17 32
20 31
22 48
23 34
24 23
24 49
25 3
27 1
27 10
27 20
32 28
32 39
34 4
39 41
40 9
40 22
40 27
43 12
43 25
44 2
backbone tree 1, llh: -6921.099338
-1 0
0 7
0 18
0 40
0 45
0 47
1 8
1 24
3 6
4 46
6 15
6 36
7 33
7 44
10 11
10 35
10 43
12 14
12 37
14 16
15 17
15 21
17 13
17 19
17 32
20 31
22 48
23 34
24 23
24 49
25 3
27 1
27 10
27 20
32 28
32 39
34 4
39 41
40 9
40 22
40 27
43 12
43 25
44 2
45 29
backbone tree 2, llh: -6921.131617
-1 0
0 7
0 18
0 40
0 45
0 47
1 8
1 24
3 6
4 46
6 15
6 36
7 33
7 44
10 11
10 35
10 43
12 14
12 37
13 41
14 16
15 17
15 21
16 29
17 13
17 19
17 32
20 31
23 34
24 23
24 49
25 3
27 1
27 10
27 20
32 28
32 39
34 4
40 9
40 22
40 27
43 12
43 25
44 2
45 48
backbone tree 3, llh: -6921.056877
-1 0
0 7
0 18
0 40
0 45
0 47
1 8
1 24
3 6
4 46
6 15
6 36
7 33
7 44
10 11
10 35
10 43
12 14
12 37
14 16
15 17
15 21
16 29
17 13
17 19
17 32
20 31
23 34
24 23
24 49
25 3
27 1
27 10
27 20
32 28
32 39
34 4
39 41
40 9
40 22
40 27
43 12
43 25
44 2
45 48
backbone tree 4, llh: -6921.099889
-1 0
0 7
0 18
0 40
0 45
0 47
1 8
1 24
3 6
4 46
6 15
6 36
7 33
7 44
10 11
10 35
10 43
12 14
12 37
14 16
15 17
15 21
17 13
17 19
17 32
20 31
23 34
24 23
24 49
25 3
27 1
27 10
27 20
32 28
32 39
34 4
39 41
40 9
40 22
40 27
43 12
43 25
44 2
45 29
45 48
backbone tree 5, llh: -6921.140442
-1 0
0 7
0 18
0 40
0 45
0 47
1 8
1 24
3 6
4 46
6 15
7 33
7 44
10 11
10 35
10 43
12 14
12 37
14 16
15 17
15 21
16 29
17 13
17 19
17 32
20 31
23 34
24 23
24 49
25 3
27 1
27 10
27 20
32 28
32 39
34 4
39 41
40 9
40 22
40 27
40 36
43 12
43 25
44 2
45 48
backbone tree 6, llh: -6921.151843
-1 0
0 7
0 18
0 40
0 45
1 8
1 24
3 6
4 46
6 15
6 36
7 33
7 44
10 11
10 35
10 43
10 47
12 14
12 37
14 16
15 17
15 21
16 29
17 13
17 19
17 32
20 31
23 34
24 23
24 49
25 3
27 1
27 10
27 20
32 28
32 39
34 4
39 41
40 9
40 22
40 27
43 12
43 25
44 2
45 48
backbone tree 7, llh: -6921.088104
-1 0
0 7
0 18
0 40
0 45
1 8
1 24
3 6
4 46
6 15
6 36
7 33
7 44
10 11
10 35
10 43
12 14
12 37
12 47
14 16
15 17
15 21
16 29
17 13
17 19
17 32
20 31
22 48
23 34
24 23
24 49
25 3
27 1
27 10
27 20
32 28
32 39
34 4
39 41
40 9
40 22
40 27
43 12
43 25
44 2
backbone tree 8, llh: -6921.088056
-1 0
0 7
0 18
0 40
0 45
1 8
1 24
3 6
4 46
6 15
6 36
7 33
7 44
10 11
10 35
10 43
12 14
12 37
12 47
14 16
15 17
15 21
17 13
17 19
17 32
20 31
22 48
23 34
24 23
24 49
25 3
27 1
27 10
27 20
32 28
32 39
34 4
39 41
40 9
40 22
40 27
43 12
43 25
44 2
45 29
backbone tree 9, llh: -6921.126342
-1 0
0 7
0 18
0 40
0 45
1 8
1 24
3 6
4 46
6 15
6 36
7 33
7 44
10 11
10 35
10 43
12 14
12 37
12 47
13 41
14 16
15 17
15 21
16 29
17 13
17 19
17 32
20 31
23 34
24 23
24 49
25 3
27 1
27 10
27 20
32 28
32 39
34 4
40 9
40 22
40 27
43 12
43 25
44 2
45 48
backbone tree 10, llh: -6921.142888
-1 0
0 7
0 18
0 40
0 45
1 8
1 24
3 6
4 46
6 15
6 36
7 33
7 44
10 11
10 35
10 43
12 14
12 37
12 47
13 41
14 16
15 17
15 21
17 13
17 19
17 32
20 31
23 34
24 23
24 49
25 3
27 1
27 10
27 20
32 28
32 39
34 4
40 9
40 22
40 27
43 12
43 25
44 2
45 29
45 48
backbone tree 11, llh: -6921.051601
-1 0
0 7
0 18
0 40
0 45
1 8
1 24
3 6
4 46
6 15
6 36
7 33
7 44
10 11
10 35
10 43
12 14
12 37
12 47
14 16
15 17
15 21
16 29
17 13
17 19
17 32
20 31
23 34
24 23
24 49
25 3
27 1
27 10
27 20
32 28
32 39
34 4
39 41
40 9
40 22
40 27
43 12
43 25
44 2
45 48
backbone tree 12, llh: -6921.068147
-1 0
0 7
0 18
0 40
0 45
1 8
1 24
3 6
4 46
6 15
6 36
7 33
7 44
10 11
10 35
10 43
12 14
12 37
12 47
14 16
15 17
15 21
17 13
17 19
17 32
20 31
23 34
24 23
24 49
25 3
27 1
27 10
27 20
32 28
32 39
34 4
39 41
40 9
40 22
40 27
43 12
43 25
44 2
45 29
45 48
backbone tree 13, llh: -6921.137987
-1 0
0 7
0 18
0 40
0 45
1 8
1 24
3 6
4 46
6 15
7 33
7 44
10 11
10 35
10 43
12 14
12 37
12 47
14 16
15 17
15 21
16 29
17 13
17 19
17 32
20 31
22 48
23 34
24 23
24 49
25 3
27 1
27 10
27 20
32 28
32 39
34 4
39 41
40 9
40 22
40 27
40 36
43 12
43 25
44 2
backbone tree 14, llh: -6921.137953
-1 0
0 7
0 18
0 40
0 45
1 8
1 24
3 6
4 46
6 15
7 33
7 44
10 11
10 35
10 43
12 14
12 37
12 47
14 16
15 17
15 21
17 13
17 19
17 32
20 31
22 48
23 34
24 23
24 49
25 3
27 1
27 10
27 20
32 28
32 39
34 4
39 41
40 9
40 22
40 27
40 36
43 12
43 25
44 2
45 29
backbone tree 15, llh: -6921.099762
-1 0
0 7
0 18
0 40
0 45
1 8
1 24
3 6
4 46
6 15
7 33
7 44
10 11
10 35
10 43
12 14
12 37
12 47
14 16
15 17
15 21
16 29
17 13
17 19
17 32
20 31
23 34
24 23
24 49
25 3
27 1
27 10
27 20
32 28
32 39
34 4
39 41
40 9
40 22
40 27
40 36
43 12
43 25
44 2
45 48
backbone tree 16, llh: -6921.116321
-1 0
0 7
0 18
0 40
0 45
1 8
1 24
3 6
4 46
6 15
7 33
7 44
10 11
10 35
10 43
12 14
12 37
12 47
14 16
15 17
15 21
17 13
17 19
17 32
20 31
23 34
24 23
24 49
25 3
27 1
27 10
27 20
32 28
32 39
34 4
39 41
40 9
40 22
40 27
40 36
43 12
43 25
44 2
45 29
45 48
backbone tree 17, llh: -6921.154274
-1 0
0 7
0 18
0 40
0 45
1 8
1 24
3 6
4 46
6 15
6 36
7 33
7 44
10 35
10 43
12 14
12 37
12 47
14 16
15 17
15 21
16 29
17 13
17 19
17 32
20 31
23 34
24 23
24 49
25 3
27 1
27 10
27 20
32 28
32 39
34 4
39 41
40 9
40 22
40 27
43 12
43 25
44 2
44 11
45 48
backbone tree 18, llh: -6921.122030
-1 0
0 7
0 18
0 40
0 45
1 8
1 24
3 6
4 46
6 15
6 36
7 33
7 44
10 11
10 35
10 43
12 14
12 37
14 16
15 17
15 21
16 29
17 13
17 19
17 32
20 31
23 34
24 23
24 49
25 3
27 1
27 10
27 20
27 47
32 28
32 39
34 4
39 41
40 9
40 22
40 27
43 12
43 25
44 2
45 48
backbone tree 19, llh: -6921.138584
-1 0
0 7
0 18
0 40
0 45
1 8
1 24
3 6
4 46
6 15
6 36
7 33
7 44
10 11
10 35
10 43
12 14
12 37
14 16
15 17
15 21
17 13
17 19
17 32
20 31
23 34
24 23
24 49
25 3
27 1
27 10
27 20
27 47
32 28
32 39
34 4
39 41
40 9
40 22
40 27
43 12
43 25
44 2
45 29
45 48
