# 26 backbone trees, 47 mutations
backbone tree 0, llh: -9275.039707
-1 0
0 17
0 25
0 27
0 30
0 48
1 40
3 14
4 16
4 42
5 22
7 10
7 13
7 15
7 20
7 35
9 11
9 18
9 23
9 43
10 33
10 45
13 4
13 44
15 28
16 12
17 34
18 21
20 29
26 9
27 31
30 49
31 26
37 3
37 5
37 24
37 36
39 47
40 7
41 37
42 2
43 1
43 38
43 39
45 19
45 32
45 41
backbone tree 1, llh: -9275.039712
-1 0
0 17
0 25
0 27
0 30
0 48
1 40
3 14
4 16
4 42
5 22
7 10
7 13
7 15
7 20
7 35
9 11
9 18
9 23
9 43
10 33
10 45
13 4
13 44
15 28
16 12
18 21
20 29
26 9
27 31
29 34
30 49
31 26
37 3
37 5
37 24
37 36
39 47
40 7
41 37
42 2
43 1
43 38
43 39
45 19
45 32
45 41
backbone tree 2, llh: -9275.024984
-1 0
0 17
0 25
0 27
0 30
0 48
1 40
3 14
4 16
4 42
5 22
7 10
7 13
7 15
7 20
7 35
9 11
9 18
9 23
9 43
10 33
10 45
13 4
13 44
15 28
16 12
17 34
18 21
20 29
26 9
27 31
31 26
37 3
37 5
37 24
37 36
39 47
40 7
41 37
42 2
43 1
43 38
43 39
45 19
45 32
45 41
47 49
backbone tree 3, llh: -9275.024989
-1 0
0 17
0 25
0 27
0 30
0 48
1 40
3 14
4 16
4 42
5 22
7 10
7 13
7 15
7 20
7 35
9 11
9 18
9 23
9 43
10 33
10 45
13 4
13 44
15 28
16 12
18 21
20 29
26 9
27 31
29 34
31 26
37 3
37 5
37 24
37 36
39 47
40 7
41 37
42 2
43 1
43 38
43 39
45 19
45 32
45 41
47 49
backbone tree 4, llh: -9275.026368
-1 0
0 17
0 25
0 27
0 30
0 48
1 40
3 14
4 16
4 42
5 22
5 34
7 10
7 13
7 15
7 20
7 35
9 18
9 23
9 43
10 33
10 45
13 4
13 44
15 28
16 12
18 21
20 11
20 29
26 9
27 31
30 49
31 26
37 3
37 5
37 24
37 36
39 47
40 7
41 37
42 2
43 1
43 38
43 39
45 19
45 32
45 41
backbone tree 5, llh: -9274.984968
-1 0
0 17
0 25
0 27
0 30
0 48
1 40
3 14
4 16
4 42
5 22
7 10
7 13
7 15
7 20
7 35
9 18
9 23
9 43
10 33
10 45
13 4
13 44
15 28
16 12
17 34
18 21
20 11
20 29
26 9
27 31
30 49
31 26
37 3
37 5
37 24
37 36
39 47
40 7
41 37
42 2
43 1
43 38
43 39
45 19
45 32
45 41
backbone tree 6, llh: -9274.984974
-1 0
0 17
0 25
0 27
0 30
0 48
1 40
3 14
4 16
4 42
5 22
7 10
7 13
7 15
7 20
7 35
9 18
9 23
9 43
10 33
10 45
13 4
13 44
15 28
16 12
18 21
20 11
20 29
26 9
27 31
29 34
30 49
31 26
37 3
37 5
37 24
37 36
39 47
40 7
41 37
42 2
43 1
43 38
43 39
45 19
45 32
45 41
backbone tree 7, llh: -9275.011706
-1 0
0 17
0 25
0 27
0 30
0 48
1 40
3 14
4 16
4 42
5 22
7 10
7 13
7 15
7 20
7 35
9 18
9 23
9 43
10 33
10 45
13 4
13 44
15 28
16 12
18 21
20 11
20 29
26 9
27 31
30 49
31 26
36 34
37 3
37 5
37 24
37 36
39 47
40 7
41 37
42 2
43 1
43 38
43 39
45 19
45 32
45 41
backbone tree 8, llh: -9275.011644
-1 0
0 17
0 25
0 27
0 30
0 48
1 40
3 14
4 16
4 42
5 22
5 34
7 10
7 13
7 15
7 20
7 35
9 18
9 23
9 43
10 33
10 45
13 4
13 44
15 28
16 12
18 21
20 11
20 29
26 9
27 31
31 26
37 3
37 5
37 24
37 36
39 47
40 7
41 37
42 2
43 1
43 38
43 39
45 19
45 32
45 41
47 49
backbone tree 9, llh: -9274.970245
-1 0
0 17
0 25
0 27
0 30
0 48
1 40
3 14
4 16
4 42
5 22
7 10
7 13
7 15
7 20
7 35
9 18
9 23
9 43
10 33
10 45
13 4
13 44
15 28
16 12
17 34
18 21
20 11
20 29
26 9
27 31
31 26
37 3
37 5
37 24
37 36
39 47
40 7
41 37
42 2
43 1
43 38
43 39
45 19
45 32
45 41
47 49
backbone tree 10, llh: -9274.970250
-1 0
0 17
0 25
0 27
0 30
0 48
1 40
3 14
4 16
4 42
5 22
7 10
7 13
7 15
7 20
7 35
9 18
9 23
9 43
10 33
10 45
13 4
13 44
15 28
16 12
18 21
20 11
20 29
26 9
27 31
29 34
31 26
37 3
37 5
37 24
37 36
39 47
40 7
41 37
42 2
43 1
43 38
43 39
45 19
45 32
45 41
47 49
backbone tree 11, llh: -9274.996983
-1 0
0 17
0 25
0 27
0 30
0 48
1 40
3 14
4 16
4 42
5 22
7 10
7 13
7 15
7 20
7 35
9 18
9 23
9 43
10 33
10 45
13 4
13 44
15 28
16 12
18 21
20 11
20 29
26 9
27 31
31 26
36 34
37 3
37 5
37 24
37 36
39 47
40 7
41 37
42 2
43 1
43 38
43 39
45 19
45 32
45 41
47 49
backbone tree 12, llh: -9275.005900
-1 0
0 17
0 25
0 27
0 30
1 40
3 14
4 16
4 42
5 22
5 34
7 10
7 13
7 15
7 20
7 35
9 11
9 18
9 23
9 43
10 33
10 45
13 4
13 44
15 28
16 12
18 21
20 29
26 9
27 31
29 48
30 49
31 26
37 3
37 5
37 24
37 36
39 47
40 7
41 37
42 2
43 1
43 38
43 39
45 19
45 32
45 41
backbone tree 13, llh: -9274.964501
-1 0
0 17
0 25
0 27
0 30
1 40
3 14
4 16
4 42
5 22
7 10
7 13
7 15
7 20
7 35
9 11
9 18
9 23
9 43
10 33
10 45
13 4
13 44
15 28
16 12
17 34
18 21
20 29
26 9
27 31
29 48
30 49
31 26
37 3
37 5
37 24
37 36
39 47
40 7
41 37
42 2
43 1
43 38
43 39
45 19
45 32
45 41
backbone tree 14, llh: -9274.991239
-1 0
0 17
0 25
0 27
0 30
1 40
3 14
4 16
4 42
5 22
7 10
7 13
7 15
7 20
7 35
9 11
9 18
9 23
9 43
10 33
10 45
13 4
13 44
15 28
16 12
18 21
20 29
26 9
27 31
29 48
30 49
31 26
36 34
37 3
37 5
37 24
37 36
39 47
40 7
41 37
42 2
43 1
43 38
43 39
45 19
45 32
45 41
backbone tree 15, llh: -9275.008167
-1 0
0 17
0 25
0 27
0 30
1 40
3 14
4 16
4 42
5 22
5 34
7 10
7 13
7 15
7 20
7 35
9 11
9 18
9 23
9 43
10 33
10 45
13 4
13 44
15 28
16 12
18 21
20 29
26 9
27 31
29 48
31 26
37 3
37 5
37 24
37 36
39 47
40 7
41 37
42 2
43 1
43 38
43 39
45 19
45 32
45 41
47 49
backbone tree 16, llh: -9274.966768
-1 0
0 17
0 25
0 27
0 30
1 40
3 14
4 16
4 42
5 22
7 10
7 13
7 15
7 20
7 35
9 11
9 18
9 23
9 43
10 33
10 45
13 4
13 44
15 28
16 12
17 34
18 21
20 29
26 9
27 31
29 48
31 26
37 3
37 5
37 24
37 36
39 47
40 7
41 37
42 2
43 1
43 38
43 39
45 19
45 32
45 41
47 49
backbone tree 17, llh: -9274.993505
-1 0
0 17
0 25
0 27
0 30
1 40
3 14
4 16
4 42
5 22
7 10
7 13
7 15
7 20
7 35
9 11
9 18
9 23
9 43
10 33
10 45
13 4
13 44
15 28
16 12
18 21
20 29
26 9
27 31
29 48
31 26
36 34
37 3
37 5
37 24
37 36
39 47
40 7
41 37
42 2
43 1
43 38
43 39
45 19
45 32
45 41
47 49
backbone tree 18, llh: -9274.980035
-1 0
0 17
0 25
0 27
0 30
1 40
3 14
4 16
4 42
5 22
5 34
7 10
7 13
7 15
7 20
7 35
9 18
9 23
9 43
10 33
10 45
13 4
13 44
15 28
16 12
18 21
20 11
20 29
26 9
27 31
29 48
30 49
31 26
37 3
37 5
37 24
37 36
39 47
40 7
41 37
42 2
43 1
43 38
43 39
45 19
45 32
45 41
backbone tree 19, llh: -9274.938635
-1 0
0 17
0 25
0 27
0 30
1 40
3 14
4 16
4 42
5 22
7 10
7 13
7 15
7 20
7 35
9 18
9 23
9 43
10 33
10 45
13 4
13 44
15 28
16 12
17 34
18 21
20 11
20 29
26 9
27 31
29 48
30 49
31 26
37 3
37 5
37 24
37 36
39 47
40 7
41 37
42 2
43 1
43 38
43 39
45 19
45 32
45 41
backbone tree 20, llh: -9275.023262
-1 0
0 17
0 25
0 27
0 30
1 40
3 14
4 16
4 42
5 22
7 10
7 13
7 15
7 20
7 35
9 18
9 23
9 43
10 33
10 45
13 4
13 44
15 28
16 12
18 21
20 11
20 29
20 34
26 9
27 31
29 48
30 49
31 26
37 3
37 5
37 24
37 36
39 47
40 7
41 37
42 2
43 1
43 38
43 39
45 19
45 32
45 41
backbone tree 21, llh: -9274.965373
-1 0
0 17
0 25
0 27
0 30
1 40
3 14
4 16
4 42
5 22
7 10
7 13
7 15
7 20
7 35
9 18
9 23
9 43
10 33
10 45
13 4
13 44
15 28
16 12
18 21
20 11
20 29
26 9
27 31
29 48
30 49
31 26
36 34
37 3
37 5
37 24
37 36
39 47
40 7
41 37
42 2
43 1
43 38
43 39
45 19
45 32
45 41
backbone tree 22, llh: -9274.982302
-1 0
0 17
0 25
0 27
0 30
1 40
3 14
4 16
4 42
5 22
5 34
7 10
7 13
7 15
7 20
7 35
9 18
9 23
9 43
10 33
10 45
13 4
13 44
15 28
16 12
18 21
20 11
20 29
26 9
27 31
29 48
31 26
37 3
37 5
37 24
37 36
39 47
40 7
41 37
42 2
43 1
43 38
43 39
45 19
45 32
45 41
47 49
backbone tree 23, llh: -9274.940902
-1 0
0 17
0 25
0 27
0 30
1 40
3 14
4 16
4 42
5 22
7 10
7 13
7 15
7 20
7 35
9 18
9 23
9 43
10 33
10 45
13 4
13 44
15 28
16 12
17 34
18 21
20 11
20 29
26 9
27 31
29 48
31 26
37 3
37 5
37 24
37 36
39 47
40 7
41 37
42 2
43 1
43 38
43 39
45 19
45 32
45 41
47 49
backbone tree 24, llh: -9275.025529
-1 0
0 17
0 25
0 27
0 30
1 40
3 14
4 16
4 42
5 22
7 10
7 13
7 15
7 20
7 35
9 18
9 23
9 43
10 33
10 45
13 4
13 44
15 28
16 12
18 21
20 11
20 29
20 34
26 9
27 31
29 48
31 26
37 3
37 5
37 24
37 36
39 47
40 7
41 37
42 2
43 1
43 38
43 39
45 19
45 32
45 41
47 49
backbone tree 25, llh: -9274.967640
-1 0
0 17
0 25
0 27
0 30
1 40
3 14
4 16
4 42
5 22
7 10
7 13
7 15
7 20
7 35
9 18
9 23
9 43
10 33
10 45
13 4
13 44
15 28
16 12
18 21
20 11
20 29
26 9
27 31
29 48
31 26
36 34
37 3
37 5
37 24
37 36
39 47
40 7
41 37
42 2
43 1
43 38
43 39
45 19
45 32
45 41
47 49
