# 41 backbone trees, 42 mutations
backbone tree 0, llh: -10080.317262
-1 41
0 3
0 47
2 38
2 39
3 2
5 49
7 34
8 21
9 7
9 17
9 46
14 19
15 40
17 20
18 16
20 10
21 25
21 30
21 35
21 42
22 31
26 9
26 36
26 44
27 14
27 28
28 22
29 4
31 8
31 11
31 32
31 45
37 43
38 26
41 0
41 18
41 29
43 27
45 5
46 15
46 37
backbone tree 1, llh: -10080.305532
-1 41
0 3
0 47
2 38
2 39
3 2
5 49
7 34
8 21
9 7
9 17
9 46
14 19
15 40
17 20
20 10
21 25
21 30
21 35
21 42
22 31
26 9
26 36
26 44
27 14
27 28
28 22
29 4
31 8
31 11
31 32
31 45
37 43
38 26
41 0
41 18
41 29
42 16
43 27
45 5
46 15
46 37
backbone tree 2, llh: -10080.331836
-1 41
0 3
0 47
2 38
3 2
5 49
7 34
8 21
9 7
9 17
9 46
14 19
15 40
17 20
18 16
20 10
21 25
21 30
21 35
21 42
22 31
26 9
26 36
26 44
27 14
27 28
28 22
29 4
31 8
31 11
31 32
31 45
37 43
38 26
38 39
41 0
41 18
41 29
43 27
45 5
46 15
46 37
backbone tree 3, llh: -10080.320982
-1 41
0 3
0 47
2 38
3 2
5 49
7 34
8 21
9 7
9 17
9 46
14 19
15 40
17 20
20 10
21 25
21 30
21 35
21 42
22 31
26 9
26 36
26 44
27 14
27 28
28 22
29 4
31 8
31 11
31 32
31 45
37 43
38 26
38 39
41 0
41 18
41 29
42 16
43 27
45 5
46 15
46 37
backbone tree 4, llh: -10080.313272
-1 41
0 3
0 47
2 38
2 39
3 2
5 49
7 34
8 21
9 7
9 17
9 46
15 40
17 20
18 19
20 10
21 25
21 30
21 35
21 42
22 31
26 9
26 36
26 44
27 14
27 28
28 22
29 4
31 8
31 11
31 32
31 45
37 43
38 26
41 0
41 18
41 29
42 16
43 27
45 5
46 15
46 37
backbone tree 5, llh: -10080.328240
-1 41
0 3
0 47
2 38
3 2
5 49
7 34
8 21
9 7
9 17
9 46
15 40
17 20
18 19
20 10
21 25
21 30
21 35
21 42
22 31
26 9
26 36
26 44
27 14
27 28
28 22
29 4
31 8
31 11
31 32
31 45
37 43
38 26
38 39
41 0
41 18
41 29
42 16
43 27
45 5
46 15
46 37
backbone tree 6, llh: -10080.317126
-1 41
0 3
0 47
2 38
2 39
3 2
5 49
7 34
8 21
9 7
9 17
9 46
15 40
17 20
18 16
20 10
21 25
21 30
21 35
21 42
22 31
26 9
26 36
26 44
27 14
27 28
28 22
29 4
31 8
31 11
31 32
31 45
37 43
38 26
41 0
41 18
41 29
42 19
43 27
45 5
46 15
46 37
backbone tree 7, llh: -10080.331699
-1 41
0 3
0 47
2 38
3 2
5 49
7 34
8 21
9 7
9 17
9 46
15 40
17 20
18 16
20 10
21 25
21 30
21 35
21 42
22 31
26 9
26 36
26 44
27 14
27 28
28 22
29 4
31 8
31 11
31 32
31 45
37 43
38 26
38 39
41 0
41 18
41 29
42 19
43 27
45 5
46 15
46 37
backbone tree 8, llh: -10080.252977
-1 41
0 3
0 47
2 38
2 39
3 2
5 49
7 34
8 21
9 7
9 17
9 46
14 19
15 40
17 20
18 16
20 10
21 25
21 35
21 42
22 31
26 9
26 36
26 44
27 14
27 28
27 30
28 22
29 4
31 8
31 11
31 32
31 45
37 43
38 26
41 0
41 18
41 29
43 27
45 5
46 15
46 37
backbone tree 9, llh: -10080.241264
-1 41
0 3
0 47
2 38
2 39
3 2
5 49
7 34
8 21
9 7
9 17
9 46
14 19
15 40
17 20
20 10
21 25
21 35
21 42
22 31
26 9
26 36
26 44
27 14
27 28
27 30
28 22
29 4
31 8
31 11
31 32
31 45
37 43
38 26
41 0
41 18
41 29
42 16
43 27
45 5
46 15
46 37
backbone tree 10, llh: -10080.307645
-1 41
0 3
0 47
2 38
3 2
5 49
7 34
8 21
9 7
9 17
9 46
14 19
15 40
17 20
18 39
20 10
21 25
21 35
21 42
22 31
26 9
26 36
26 44
27 14
27 28
27 30
28 22
29 4
31 8
31 11
31 32
31 45
37 43
38 26
41 0
41 18
41 29
42 16
43 27
45 5
46 15
46 37
backbone tree 11, llh: -10080.267475
-1 41
0 3
0 47
2 38
3 2
5 49
7 34
8 21
9 7
9 17
9 46
14 19
15 40
17 20
18 16
20 10
21 25
21 35
21 42
22 31
26 9
26 36
26 44
27 14
27 28
27 30
28 22
29 4
31 8
31 11
31 32
31 45
37 43
38 26
38 39
41 0
41 18
41 29
43 27
45 5
46 15
46 37
backbone tree 12, llh: -10080.256621
-1 41
0 3
0 47
2 38
3 2
5 49
7 34
8 21
9 7
9 17
9 46
14 19
15 40
17 20
20 10
21 25
21 35
21 42
22 31
26 9
26 36
26 44
27 14
27 28
27 30
28 22
29 4
31 8
31 11
31 32
31 45
37 43
38 26
38 39
41 0
41 18
41 29
42 16
43 27
45 5
46 15
46 37
backbone tree 13, llh: -10080.248896
-1 41
0 3
0 47
2 38
2 39
3 2
5 49
7 34
8 21
9 7
9 17
9 46
15 40
17 20
18 19
20 10
21 25
21 35
21 42
22 31
26 9
26 36
26 44
27 14
27 28
27 30
28 22
29 4
31 8
31 11
31 32
31 45
37 43
38 26
41 0
41 18
41 29
42 16
43 27
45 5
46 15
46 37
backbone tree 14, llh: -10080.263771
-1 41
0 3
0 47
2 38
3 2
5 49
7 34
8 21
9 7
9 17
9 46
15 40
17 20
18 19
20 10
21 25
21 35
21 42
22 31
26 9
26 36
26 44
27 14
27 28
27 30
28 22
29 4
31 8
31 11
31 32
31 45
37 43
38 26
38 39
41 0
41 18
41 29
42 16
43 27
45 5
46 15
46 37
backbone tree 15, llh: -10080.252845
-1 41
0 3
0 47
2 38
2 39
3 2
5 49
7 34
8 21
9 7
9 17
9 46
15 40
17 20
18 16
20 10
21 25
21 35
21 42
22 31
26 9
26 36
26 44
27 14
27 28
27 30
28 22
29 4
31 8
31 11
31 32
31 45
37 43
38 26
41 0
41 18
41 29
42 19
43 27
45 5
46 15
46 37
backbone tree 16, llh: -10080.292892
-1 41
0 3
0 47
2 38
2 39
3 2
5 49
7 34
8 21
9 7
9 17
9 46
15 40
17 20
20 10
21 25
21 35
21 42
22 31
26 9
26 36
26 44
27 14
27 28
27 30
28 22
29 4
31 8
31 11
31 32
31 45
37 43
38 26
41 0
41 18
41 29
42 16
42 19
43 27
45 5
46 15
46 37
backbone tree 17, llh: -10080.267343
-1 41
0 3
0 47
2 38
3 2
5 49
7 34
8 21
9 7
9 17
9 46
15 40
17 20
18 16
20 10
21 25
21 35
21 42
22 31
26 9
26 36
26 44
27 14
27 28
27 30
28 22
29 4
31 8
31 11
31 32
31 45
37 43
38 26
38 39
41 0
41 18
41 29
42 19
43 27
45 5
46 15
46 37
backbone tree 18, llh: -10080.308249
-1 41
0 3
0 47
2 38
3 2
5 49
7 34
8 21
9 7
9 17
9 46
15 40
17 20
20 10
21 25
21 35
21 42
22 31
26 9
26 36
26 44
27 14
27 28
27 30
28 22
29 4
31 8
31 11
31 32
31 45
37 43
38 26
38 39
41 0
41 18
41 29
42 16
42 19
43 27
45 5
46 15
46 37
backbone tree 19, llh: -10080.242068
-1 41
0 3
0 47
2 38
2 39
3 2
5 49
7 34
8 21
9 7
9 17
9 46
14 19
15 40
17 20
18 16
20 10
21 25
21 35
21 42
22 31
26 9
26 36
26 44
27 14
27 28
28 22
29 4
31 8
31 11
31 32
31 45
37 30
37 43
38 26
41 0
41 18
41 29
43 27
45 5
46 15
46 37
backbone tree 20, llh: -10080.230356
-1 41
0 3
0 47
2 38
2 39
3 2
5 49
7 34
8 21
9 7
9 17
9 46
14 19
15 40
17 20
20 10
21 25
21 35
21 42
22 31
26 9
26 36
26 44
27 14
27 28
28 22
29 4
31 8
31 11
31 32
31 45
37 30
37 43
38 26
41 0
41 18
41 29
42 16
43 27
45 5
46 15
46 37
backbone tree 21, llh: -10080.296737
-1 41
0 3
0 47
2 38
3 2
5 49
7 34
8 21
9 7
9 17
9 46
14 19
15 40
17 20
18 39
20 10
21 25
21 35
21 42
22 31
26 9
26 36
26 44
27 14
27 28
28 22
29 4
31 8
31 11
31 32
31 45
37 30
37 43
38 26
41 0
41 18
41 29
42 16
43 27
45 5
46 15
46 37
backbone tree 22, llh: -10080.256695
-1 41
0 3
0 47
2 38
3 2
5 49
7 34
8 21
9 7
9 17
9 46
14 19
15 40
17 20
18 16
20 10
21 25
21 35
21 42
22 31
26 9
26 36
26 44
27 14
27 28
28 22
29 4
31 8
31 11
31 32
31 45
37 30
37 43
38 26
38 39
41 0
41 18
41 29
43 27
45 5
46 15
46 37
backbone tree 23, llh: -10080.245841
-1 41
0 3
0 47
2 38
3 2
5 49
7 34
8 21
9 7
9 17
9 46
14 19
15 40
17 20
20 10
21 25
21 35
21 42
22 31
26 9
26 36
26 44
27 14
27 28
28 22
29 4
31 8
31 11
31 32
31 45
37 30
37 43
38 26
38 39
41 0
41 18
41 29
42 16
43 27
45 5
46 15
46 37
backbone tree 24, llh: -10080.237987
-1 41
0 3
0 47
2 38
2 39
3 2
5 49
7 34
8 21
9 7
9 17
9 46
15 40
17 20
18 19
20 10
21 25
21 35
21 42
22 31
26 9
26 36
26 44
27 14
27 28
28 22
29 4
31 8
31 11
31 32
31 45
37 30
37 43
38 26
41 0
41 18
41 29
42 16
43 27
45 5
46 15
46 37
backbone tree 25, llh: -10080.252991
-1 41
0 3
0 47
2 38
3 2
5 49
7 34
8 21
9 7
9 17
9 46
15 40
17 20
18 19
20 10
21 25
21 35
21 42
22 31
26 9
26 36
26 44
27 14
27 28
28 22
29 4
31 8
31 11
31 32
31 45
37 30
37 43
38 26
38 39
41 0
41 18
41 29
42 16
43 27
45 5
46 15
46 37
backbone tree 26, llh: -10080.241936
-1 41
0 3
0 47
2 38
2 39
3 2
5 49
7 34
8 21
9 7
9 17
9 46
15 40
17 20
18 16
20 10
21 25
21 35
21 42
22 31
26 9
26 36
26 44
27 14
27 28
28 22
29 4
31 8
31 11
31 32
31 45
37 30
37 43
38 26
41 0
41 18
41 29
42 19
43 27
45 5
46 15
46 37
backbone tree 27, llh: -10080.281983
-1 41
0 3
0 47
2 38
2 39
3 2
5 49
7 34
8 21
9 7
9 17
9 46
15 40
17 20
20 10
21 25
21 35
21 42
22 31
26 9
26 36
26 44
27 14
27 28
28 22
29 4
31 8
31 11
31 32
31 45
37 30
37 43
38 26
41 0
41 18
41 29
42 16
42 19
43 27
45 5
46 15
46 37
backbone tree 28, llh: -10080.256563
-1 41
0 3
0 47
2 38
3 2
5 49
7 34
8 21
9 7
9 17
9 46
15 40
17 20
18 16
20 10
21 25
21 35
21 42
22 31
26 9
26 36
26 44
27 14
27 28
28 22
29 4
31 8
31 11
31 32
31 45
37 30
37 43
38 26
38 39
41 0
41 18
41 29
42 19
43 27
45 5
46 15
46 37
backbone tree 29, llh: -10080.297469
-1 41
0 3
0 47
2 38
3 2
5 49
7 34
8 21
9 7
9 17
9 46
15 40
17 20
20 10
21 25
21 35
21 42
22 31
26 9
26 36
26 44
27 14
27 28
28 22
29 4
31 8
31 11
31 32
31 45
37 30
37 43
38 26
38 39
41 0
41 18
41 29
42 16
42 19
43 27
45 5
46 15
46 37
backbone tree 30, llh: -10080.261198
-1 41
0 3
2 38
2 39
3 2
5 49
7 34
8 21
9 7
9 17
9 46
14 19
15 40
17 20
18 16
20 10
21 25
21 30
21 35
21 42
22 31
26 9
26 36
26 44
27 14
27 28
28 22
29 4
31 8
31 11
31 32
31 45
37 43
38 26
41 0
41 18
41 29
43 27
43 47
45 5
46 15
46 37
backbone tree 31, llh: -10080.249468
-1 41
0 3
2 38
2 39
3 2
5 49
7 34
8 21
9 7
9 17
9 46
14 19
15 40
17 20
20 10
21 25
21 30
21 35
21 42
22 31
26 9
26 36
26 44
27 14
27 28
28 22
29 4
31 8
31 11
31 32
31 45
37 43
38 26
41 0
41 18
41 29
42 16
43 27
43 47
45 5
46 15
46 37
backbone tree 32, llh: -10080.315866
-1 41
0 3
2 38
3 2
5 49
7 34
8 21
9 7
9 17
9 46
14 19
15 40
17 20
18 39
20 10
21 25
21 30
21 35
21 42
22 31
26 9
26 36
26 44
27 14
27 28
28 22
29 4
31 8
31 11
31 32
31 45
37 43
38 26
41 0
41 18
41 29
42 16
43 27
43 47
45 5
46 15
46 37
backbone tree 33, llh: -10080.275772
-1 41
0 3
2 38
3 2
5 49
7 34
8 21
9 7
9 17
9 46
14 19
15 40
17 20
18 16
20 10
21 25
21 30
21 35
21 42
22 31
26 9
26 36
26 44
27 14
27 28
28 22
29 4
31 8
31 11
31 32
31 45
37 43
38 26
38 39
41 0
41 18
41 29
43 27
43 47
45 5
46 15
46 37
backbone tree 34, llh: -10080.264918
-1 41
0 3
2 38
3 2
5 49
7 34
8 21
9 7
9 17
9 46
14 19
15 40
17 20
20 10
21 25
21 30
21 35
21 42
22 31
26 9
26 36
26 44
27 14
27 28
28 22
29 4
31 8
31 11
31 32
31 45
37 43
38 26
38 39
41 0
41 18
41 29
42 16
43 27
43 47
45 5
46 15
46 37
backbone tree 35, llh: -10080.256269
-1 41
0 3
2 38
2 39
3 2
5 49
7 34
8 21
9 7
9 17
9 46
15 40
17 20
18 19
20 10
21 25
21 30
21 35
21 42
22 31
26 9
26 36
26 44
27 14
27 28
28 22
29 4
31 8
31 11
31 32
31 45
37 43
38 26
41 0
41 18
41 29
42 16
43 27
43 47
45 5
46 15
46 37
backbone tree 36, llh: -10080.271237
-1 41
0 3
2 38
3 2
5 49
7 34
8 21
9 7
9 17
9 46
15 40
17 20
18 19
20 10
21 25
21 30
21 35
21 42
22 31
26 9
26 36
26 44
27 14
27 28
28 22
29 4
31 8
31 11
31 32
31 45
37 43
38 26
38 39
41 0
41 18
41 29
42 16
43 27
43 47
45 5
46 15
46 37
backbone tree 37, llh: -10080.261189
-1 41
0 3
2 38
2 39
3 2
5 49
7 34
8 21
9 7
9 17
9 46
15 40
17 20
18 16
20 10
21 25
21 30
21 35
21 42
22 31
26 9
26 36
26 44
27 14
27 28
28 22
29 4
31 8
31 11
31 32
31 45
37 43
38 26
41 0
41 18
41 29
42 19
43 27
43 47
45 5
46 15
46 37
backbone tree 38, llh: -10080.301218
-1 41
0 3
2 38
2 39
3 2
5 49
7 34
8 21
9 7
9 17
9 46
15 40
17 20
20 10
21 25
21 30
21 35
21 42
22 31
26 9
26 36
26 44
27 14
27 28
28 22
29 4
31 8
31 11
31 32
31 45
37 43
38 26
41 0
41 18
41 29
42 16
42 19
43 27
43 47
45 5
46 15
46 37
backbone tree 39, llh: -10080.275762
-1 41
0 3
2 38
3 2
5 49
7 34
8 21
9 7
9 17
9 46
15 40
17 20
18 16
20 10
21 25
21 30
21 35
21 42
22 31
26 9
26 36
26 44
27 14
27 28
28 22
29 4
31 8
31 11
31 32
31 45
37 43
38 26
38 39
41 0
41 18
41 29
42 19
43 27
43 47
45 5
46 15
46 37
backbone tree 40, llh: -10080.316668
-1 41
0 3
2 38
3 2
5 49
7 34
8 21
9 7
9 17
9 46
15 40
17 20
20 10
21 25
21 30
21 35
21 42
22 31
26 9
26 36
26 44
27 14
27 28
28 22
29 4
31 8
31 11
31 32
31 45
37 43
38 26
38 39
41 0
41 18
41 29
42 16
42 19
43 27
43 47
45 5
46 15
46 37
