# 33 backbone trees, 46 mutations
backbone tree 0, llh: -6564.779700
-1 0
0 1
0 17
1 22
1 24
1 40
3 48
4 14
4 36
4 45
7 9
7 37
7 39
7 43
8 30
8 42
9 23
9 28
11 13
12 2
12 19
13 18
14 5
14 32
17 4
17 8
17 25
18 33
18 35
20 11
22 21
22 44
23 15
23 27
23 29
29 6
30 7
30 16
33 38
38 46
41 20
41 49
42 3
42 12
42 41
43 31
backbone tree 1, llh: -6564.789175
-1 0
0 1
0 17
1 22
1 24
1 40
3 48
4 14
4 36
4 45
7 9
7 37
7 39
7 43
8 30
8 42
9 23
9 28
11 13
12 2
12 19
13 18
14 5
14 32
17 4
17 8
17 25
18 33
20 11
22 21
22 44
23 15
23 27
23 29
24 46
29 6
30 7
30 16
33 38
41 20
41 35
41 49
42 3
42 12
42 41
43 31
backbone tree 2, llh: -6564.724707
-1 0
0 1
0 17
1 22
1 24
1 40
3 48
4 14
4 36
4 45
7 9
7 37
7 39
7 43
8 30
8 42
9 23
9 28
11 13
12 2
12 19
13 18
14 5
14 32
17 4
17 8
17 25
18 33
20 11
22 21
22 44
23 15
23 27
23 29
29 6
30 7
30 16
33 38
38 46
41 20
41 35
41 49
42 3
42 12
42 41
43 31
backbone tree 3, llh: -6564.783000
-1 0
0 1
0 17
1 22
1 24
1 40
3 48
4 14
4 36
4 45
7 9
7 37
7 39
7 43
8 30
8 42
9 23
9 28
11 13
12 19
12 46
13 18
14 5
14 32
16 2
17 4
17 8
17 25
18 33
18 35
20 11
22 21
22 44
23 15
23 27
23 29
29 6
30 7
30 16
33 38
41 20
41 49
42 3
42 12
42 41
43 31
backbone tree 4, llh: -6564.741214
-1 0
0 1
0 17
1 22
1 24
1 40
3 48
4 14
4 36
4 45
7 9
7 37
7 39
7 43
8 30
8 42
9 23
9 28
11 13
12 19
13 18
14 5
14 32
16 2
17 4
17 8
17 25
18 33
18 35
20 11
22 21
22 44
23 15
23 27
23 29
29 6
30 7
30 16
33 38
38 46
41 20
41 49
42 3
42 12
42 41
43 31
backbone tree 5, llh: -6564.763719
-1 0
0 1
0 17
1 22
1 24
1 40
3 48
4 14
4 36
4 45
7 9
7 37
7 39
7 43
8 30
8 42
9 23
9 28
11 13
12 19
13 18
14 5
14 32
16 2
17 4
17 8
17 25
18 33
20 11
22 21
22 44
23 15
23 27
23 29
29 6
29 35
30 7
30 16
33 38
38 46
41 20
41 49
42 3
42 12
42 41
43 31
backbone tree 6, llh: -6564.728008
-1 0
0 1
0 17
1 22
1 24
1 40
3 48
4 14
4 36
4 45
7 9
7 37
7 39
7 43
8 30
8 42
9 23
9 28
11 13
12 19
12 46
13 18
14 5
14 32
16 2
17 4
17 8
17 25
18 33
20 11
22 21
22 44
23 15
23 27
23 29
29 6
30 7
30 16
33 38
41 20
41 35
41 49
42 3
42 12
42 41
43 31
backbone tree 7, llh: -6564.750844
-1 0
0 1
0 17
1 22
1 24
1 40
3 48
4 14
4 36
4 45
7 9
7 37
7 39
7 43
8 30
8 42
9 23
9 28
11 13
12 19
13 18
14 5
14 32
16 2
17 4
17 8
17 25
18 33
20 11
22 21
22 44
23 15
23 27
23 29
24 46
29 6
30 7
30 16
33 38
41 20
41 35
41 49
42 3
42 12
42 41
43 31
backbone tree 8, llh: -6564.686222
-1 0
0 1
0 17
1 22
1 24
1 40
3 48
4 14
4 36
4 45
7 9
7 37
7 39
7 43
8 30
8 42
9 23
9 28
11 13
12 19
13 18
14 5
14 32
16 2
17 4
17 8
17 25
18 33
20 11
22 21
22 44
23 15
23 27
23 29
29 6
30 7
30 16
33 38
38 46
41 20
41 35
41 49
42 3
42 12
42 41
43 31
backbone tree 9, llh: -6564.766047
-1 0
0 1
0 17
1 22
1 24
1 40
3 48
4 14
4 36
4 45
7 9
7 37
7 39
7 43
8 30
8 42
9 23
9 28
11 13
12 19
13 18
14 5
14 32
17 4
17 8
17 25
18 33
18 35
20 11
22 21
22 44
23 15
23 27
23 29
29 6
30 7
30 16
33 38
37 2
38 46
41 20
41 49
42 3
42 12
42 41
43 31
backbone tree 10, llh: -6564.788551
-1 0
0 1
0 17
1 22
1 24
1 40
3 48
4 14
4 36
4 45
7 9
7 37
7 39
7 43
8 30
8 42
9 23
9 28
11 13
12 19
13 18
14 5
14 32
17 4
17 8
17 25
18 33
20 11
22 21
22 44
23 15
23 27
23 29
29 6
29 35
30 7
30 16
33 38
37 2
38 46
41 20
41 49
42 3
42 12
42 41
43 31
backbone tree 11, llh: -6564.752840
-1 0
0 1
0 17
1 22
1 24
1 40
3 48
4 14
4 36
4 45
7 9
7 37
7 39
7 43
8 30
8 42
9 23
9 28
11 13
12 19
12 46
13 18
14 5
14 32
17 4
17 8
17 25
18 33
20 11
22 21
22 44
23 15
23 27
23 29
29 6
30 7
30 16
33 38
37 2
41 20
41 35
41 49
42 3
42 12
42 41
43 31
backbone tree 12, llh: -6564.775615
-1 0
0 1
0 17
1 22
1 24
1 40
3 48
4 14
4 36
4 45
7 9
7 37
7 39
7 43
8 30
8 42
9 23
9 28
11 13
12 19
13 18
14 5
14 32
17 4
17 8
17 25
18 33
20 11
22 21
22 44
23 15
23 27
23 29
24 46
29 6
30 7
30 16
33 38
37 2
41 20
41 35
41 49
42 3
42 12
42 41
43 31
backbone tree 13, llh: -6564.711054
-1 0
0 1
0 17
1 22
1 24
1 40
3 48
4 14
4 36
4 45
7 9
7 37
7 39
7 43
8 30
8 42
9 23
9 28
11 13
12 19
13 18
14 5
14 32
17 4
17 8
17 25
18 33
20 11
22 21
22 44
23 15
23 27
23 29
29 6
30 7
30 16
33 38
37 2
38 46
41 20
41 35
41 49
42 3
42 12
42 41
43 31
backbone tree 14, llh: -6564.782285
-1 0
0 1
0 17
1 22
1 24
1 40
4 14
4 36
4 45
7 9
7 37
7 39
7 43
8 30
8 42
9 23
9 28
11 13
12 19
12 46
13 18
14 5
14 32
16 2
17 4
17 8
17 25
18 33
20 11
22 21
22 44
23 15
23 27
23 29
24 48
29 6
30 7
30 16
33 38
41 20
41 35
41 49
42 3
42 12
42 41
43 31
backbone tree 15, llh: -6564.745975
-1 0
0 1
0 17
1 22
1 24
1 40
4 14
4 36
4 45
7 9
7 37
7 39
7 43
8 30
8 42
9 23
9 28
11 13
12 19
13 18
14 5
14 32
16 2
17 4
17 8
17 25
18 33
20 11
22 21
22 44
23 15
23 27
23 29
24 48
29 6
30 7
30 16
33 38
38 46
41 20
41 35
41 49
42 3
42 12
42 41
43 31
backbone tree 16, llh: -6564.741315
-1 0
0 1
0 17
1 22
1 24
1 40
3 48
4 14
4 45
7 9
7 37
7 39
7 43
8 30
8 42
9 23
9 28
11 13
12 2
12 19
13 18
14 5
14 32
17 4
17 8
17 25
17 36
18 33
20 11
22 21
22 44
23 15
23 27
23 29
29 6
30 7
30 16
33 38
38 46
41 20
41 35
41 49
42 3
42 12
42 41
43 31
backbone tree 17, llh: -6564.757840
-1 0
0 1
0 17
1 22
1 24
1 40
3 48
4 14
4 45
7 9
7 37
7 39
7 43
8 30
8 42
9 23
9 28
11 13
12 19
13 18
14 5
14 32
16 2
17 4
17 8
17 25
17 36
18 33
18 35
20 11
22 21
22 44
23 15
23 27
23 29
29 6
30 7
30 16
33 38
38 46
41 20
41 49
42 3
42 12
42 41
43 31
backbone tree 18, llh: -6564.780344
-1 0
0 1
0 17
1 22
1 24
1 40
3 48
4 14
4 45
7 9
7 37
7 39
7 43
8 30
8 42
9 23
9 28
11 13
12 19
13 18
14 5
14 32
16 2
17 4
17 8
17 25
17 36
18 33
20 11
22 21
22 44
23 15
23 27
23 29
29 6
29 35
30 7
30 16
33 38
38 46
41 20
41 49
42 3
42 12
42 41
43 31
backbone tree 19, llh: -6564.755929
-1 0
0 1
0 17
1 22
1 24
1 40
3 48
4 14
4 45
7 9
7 37
7 39
7 43
8 30
8 42
9 23
9 28
11 13
12 19
12 46
13 18
14 5
14 32
16 2
17 4
17 8
17 25
17 36
18 33
20 11
22 21
22 44
23 15
23 27
23 29
29 6
30 7
30 16
33 38
41 20
41 35
41 49
42 3
42 12
42 41
43 31
backbone tree 20, llh: -6564.771171
-1 0
0 1
0 17
1 22
1 24
1 40
3 48
4 14
4 45
7 9
7 37
7 39
7 43
8 30
8 42
9 23
9 28
11 13
12 19
13 18
14 5
14 32
16 2
17 4
17 8
17 25
17 36
18 33
20 11
22 21
22 44
23 15
23 27
23 29
24 46
29 6
30 7
30 16
33 38
41 20
41 35
41 49
42 3
42 12
42 41
43 31
backbone tree 21, llh: -6564.702829
-1 0
0 1
0 17
1 22
1 24
1 40
3 48
4 14
4 45
7 9
7 37
7 39
7 43
8 30
8 42
9 23
9 28
11 13
12 19
13 18
14 5
14 32
16 2
17 4
17 8
17 25
17 36
18 33
20 11
22 21
22 44
23 15
23 27
23 29
29 6
30 7
30 16
33 38
38 46
41 20
41 35
41 49
42 3
42 12
42 41
43 31
backbone tree 22, llh: -6564.782665
-1 0
0 1
0 17
1 22
1 24
1 40
3 48
4 14
4 45
7 9
7 37
7 39
7 43
8 30
8 42
9 23
9 28
11 13
12 19
13 18
14 5
14 32
17 4
17 8
17 25
17 36
18 33
18 35
20 11
22 21
22 44
23 15
23 27
23 29
29 6
30 7
30 16
33 38
37 2
38 46
41 20
41 49
42 3
42 12
42 41
43 31
backbone tree 23, llh: -6564.780755
-1 0
0 1
0 17
1 22
1 24
1 40
3 48
4 14
4 45
7 9
7 37
7 39
7 43
8 30
8 42
9 23
9 28
11 13
12 19
12 46
13 18
14 5
14 32
17 4
17 8
17 25
17 36
18 33
20 11
22 21
22 44
23 15
23 27
23 29
29 6
30 7
30 16
33 38
37 2
41 20
41 35
41 49
42 3
42 12
42 41
43 31
backbone tree 24, llh: -6564.727655
-1 0
0 1
0 17
1 22
1 24
1 40
3 48
4 14
4 45
7 9
7 37
7 39
7 43
8 30
8 42
9 23
9 28
11 13
12 19
13 18
14 5
14 32
17 4
17 8
17 25
17 36
18 33
20 11
22 21
22 44
23 15
23 27
23 29
29 6
30 7
30 16
33 38
37 2
38 46
41 20
41 35
41 49
42 3
42 12
42 41
43 31
backbone tree 25, llh: -6564.760817
-1 0
0 1
0 17
1 22
1 24
1 40
4 14
4 45
7 9
7 37
7 39
7 43
8 30
8 42
9 23
9 28
11 13
12 19
13 18
14 5
14 32
16 2
17 4
17 8
17 25
17 36
18 33
20 11
22 21
22 44
23 15
23 27
23 29
24 48
29 6
30 7
30 16
33 38
38 46
41 20
41 35
41 49
42 3
42 12
42 41
43 31
backbone tree 26, llh: -6564.762130
-1 0
0 1
0 17
1 22
1 24
3 48
4 14
4 36
4 45
7 9
7 37
7 39
7 43
8 30
8 42
9 23
9 28
11 13
12 19
13 18
14 5
14 32
14 40
16 2
17 4
17 8
17 25
18 33
20 11
22 21
22 44
23 15
23 27
23 29
29 6
30 7
30 16
33 38
38 46
41 20
41 35
41 49
42 3
42 12
42 41
43 31
backbone tree 27, llh: -6564.786963
-1 0
0 1
0 17
1 22
1 24
3 48
4 14
4 36
4 45
7 9
7 37
7 39
7 43
8 30
8 42
9 23
9 28
11 13
12 19
13 18
14 5
14 32
14 40
17 4
17 8
17 25
18 33
20 11
22 21
22 44
23 15
23 27
23 29
29 6
30 7
30 16
33 38
37 2
38 46
41 20
41 35
41 49
42 3
42 12
42 41
43 31
backbone tree 28, llh: -6564.771573
-1 0
0 1
0 17
1 22
1 24
3 48
4 14
4 45
7 9
7 37
7 39
7 43
8 30
8 42
9 23
9 28
11 13
12 2
12 19
13 18
14 5
14 32
14 40
17 4
17 8
17 25
17 36
18 33
20 11
22 21
22 44
23 15
23 27
23 29
29 6
30 7
30 16
33 38
38 46
41 20
41 35
41 49
42 3
42 12
42 41
43 31
backbone tree 29, llh: -6564.788718
-1 0
0 1
0 17
1 22
1 24
3 48
4 14
4 45
7 9
7 37
7 39
7 43
8 30
8 42
9 23
9 28
11 13
12 19
13 18
14 5
14 32
14 40
16 2
17 4
17 8
17 25
17 36
18 33
18 35
20 11
22 21
22 44
23 15
23 27
23 29
29 6
30 7
30 16
33 38
38 46
41 20
41 49
42 3
42 12
42 41
43 31
backbone tree 30, llh: -6564.786854
-1 0
0 1
0 17
1 22
1 24
3 48
4 14
4 45
7 9
7 37
7 39
7 43
8 30
8 42
9 23
9 28
11 13
12 19
12 46
13 18
14 5
14 32
14 40
16 2
17 4
17 8
17 25
17 36
18 33
20 11
22 21
22 44
23 15
23 27
23 29
29 6
30 7
30 16
33 38
41 20
41 35
41 49
42 3
42 12
42 41
43 31
backbone tree 31, llh: -6564.733708
-1 0
0 1
0 17
1 22
1 24
3 48
4 14
4 45
7 9
7 37
7 39
7 43
8 30
8 42
9 23
9 28
11 13
12 19
13 18
14 5
14 32
14 40
16 2
17 4
17 8
17 25
17 36
18 33
20 11
22 21
22 44
23 15
23 27
23 29
29 6
30 7
30 16
33 38
38 46
41 20
41 35
41 49
42 3
42 12
42 41
43 31
backbone tree 32, llh: -6564.758535
-1 0
0 1
0 17
1 22
1 24
3 48
4 14
4 45
7 9
7 37
7 39
7 43
8 30
8 42
9 23
9 28
11 13
12 19
13 18
14 5
14 32
14 40
17 4
17 8
17 25
17 36
18 33
20 11
22 21
22 44
23 15
23 27
23 29
29 6
30 7
30 16
33 38
37 2
38 46
41 20
41 35
41 49
42 3
42 12
42 41
43 31
