# 3 backbone trees, 35 mutations
backbone tree 0, llh: -5828.225090
-1 0
0 12
0 16
0 20
1 11
2 27
4 36
4 38
5 13
7 46
8 19
9 35
12 6
12 25
13 7
15 9
16 1
16 18
16 39
18 14
18 31
20 30
22 17
22 26
27 15
27 44
30 29
31 42
36 34
38 22
38 41
39 4
39 8
41 2
42 5
backbone tree 1, llh: -5828.183542
-1 0
0 12
0 16
0 20
1 11
2 27
4 36
4 38
5 13
7 35
8 19
12 6
12 25
13 7
15 9
16 1
16 18
16 39
18 14
18 31
18 46
20 30
22 17
22 26
27 15
27 44
30 29
31 42
36 34
38 22
38 41
39 4
39 8
41 2
42 5
backbone tree 2, llh: -5828.226149
-1 0
0 12
0 16
0 20
1 11
2 27
4 36
4 38
5 13
8 19
9 35
12 6
12 25
13 7
15 9
16 1
16 18
16 39
18 14
18 31
18 46
20 30
22 17
22 26
27 15
27 44
30 29
31 42
36 34
38 22
38 41
39 4
39 8
41 2
42 5
