# 28 backbone trees, 41 mutations
backbone tree 0, llh: -9301.673293
-1 0
0 12
0 14
0 40
1 4
1 15
1 19
1 29
1 38
5 41
8 17
9 6
10 49
11 28
11 43
12 42
13 8
13 9
13 22
13 46
13 48
18 13
22 23
23 30
24 10
25 33
25 35
25 36
25 47
27 18
28 16
28 24
28 37
29 2
29 27
30 7
30 11
31 1
31 5
36 31
42 25
backbone tree 1, llh: -9301.693764
-1 0
0 12
0 14
0 40
1 15
1 19
1 29
1 38
5 41
8 4
8 17
9 6
10 49
11 28
11 43
12 42
13 8
13 9
13 22
13 46
13 48
18 13
22 23
23 30
24 10
25 33
25 35
25 36
25 47
27 18
28 16
28 24
28 37
29 2
29 27
30 7
30 11
31 1
31 5
36 31
42 25
backbone tree 2, llh: -9301.673267
-1 0
0 12
0 14
0 40
1 15
1 19
1 29
1 38
5 41
8 17
9 6
10 49
11 28
11 43
12 42
13 8
13 9
13 22
13 46
13 48
14 4
18 13
22 23
23 30
24 10
25 33
25 35
25 36
25 47
27 18
28 16
28 24
28 37
29 2
29 27
30 7
30 11
31 1
31 5
36 31
42 25
backbone tree 3, llh: -9301.673301
-1 0
0 12
0 14
0 40
1 15
1 19
1 29
1 38
5 41
8 17
9 6
10 49
11 28
11 43
12 42
13 8
13 9
13 22
13 46
13 48
18 13
22 23
23 30
24 10
25 33
25 35
25 36
25 47
27 18
28 16
28 24
28 37
29 2
29 27
30 7
30 11
31 1
31 4
31 5
36 31
42 25
backbone tree 4, llh: -9301.687102
-1 0
0 12
0 14
0 40
1 4
1 15
1 19
1 29
1 38
5 41
8 17
9 6
10 49
11 28
11 43
12 42
13 8
13 9
13 22
13 46
13 48
18 13
22 23
23 30
24 10
25 33
25 36
25 47
27 18
28 16
28 24
28 37
29 2
29 27
30 7
30 11
31 1
31 5
31 35
36 31
42 25
backbone tree 5, llh: -9301.707615
-1 0
0 12
0 14
0 40
1 15
1 19
1 29
1 38
5 41
8 4
8 17
9 6
10 49
11 28
11 43
12 42
13 8
13 9
13 22
13 46
13 48
18 13
22 23
23 30
24 10
25 33
25 36
25 47
27 18
28 16
28 24
28 37
29 2
29 27
30 7
30 11
31 1
31 5
31 35
36 31
42 25
backbone tree 6, llh: -9301.687118
-1 0
0 12
0 14
0 40
1 15
1 19
1 29
1 38
5 41
8 17
9 6
10 49
11 28
11 43
12 42
13 8
13 9
13 22
13 46
13 48
14 4
18 13
22 23
23 30
24 10
25 33
25 36
25 47
27 18
28 16
28 24
28 37
29 2
29 27
30 7
30 11
31 1
31 5
31 35
36 31
42 25
backbone tree 7, llh: -9301.687532
-1 0
0 12
0 14
0 40
1 15
1 19
1 29
1 38
5 41
8 17
9 6
10 49
11 28
11 43
12 42
13 8
13 9
13 22
13 46
13 48
18 13
22 23
23 30
24 10
25 33
25 36
25 47
27 18
28 16
28 24
28 37
29 2
29 27
30 7
30 11
31 1
31 4
31 5
31 35
36 31
42 25
backbone tree 8, llh: -9301.629739
-1 0
0 12
0 14
0 40
1 4
1 15
1 19
1 29
1 38
5 41
8 17
9 6
10 49
11 28
11 43
12 42
13 8
13 9
13 22
13 46
13 48
18 13
22 23
23 30
24 10
25 33
25 35
25 36
27 18
28 16
28 24
28 37
29 2
29 27
30 11
30 47
31 1
31 5
31 7
36 31
42 25
backbone tree 9, llh: -9301.650248
-1 0
0 12
0 14
0 40
1 15
1 19
1 29
1 38
5 41
8 4
8 17
9 6
10 49
11 28
11 43
12 42
13 8
13 9
13 22
13 46
13 48
18 13
22 23
23 30
24 10
25 33
25 35
25 36
27 18
28 16
28 24
28 37
29 2
29 27
30 11
30 47
31 1
31 5
31 7
36 31
42 25
backbone tree 10, llh: -9301.629762
-1 0
0 12
0 14
0 40
1 15
1 19
1 29
1 38
5 41
8 17
9 6
10 49
11 28
11 43
12 42
13 8
13 9
13 22
13 46
13 48
14 4
18 13
22 23
23 30
24 10
25 33
25 35
25 36
27 18
28 16
28 24
28 37
29 2
29 27
30 11
30 47
31 1
31 5
31 7
36 31
42 25
backbone tree 11, llh: -9301.629739
-1 0
0 12
0 14
0 40
1 15
1 19
1 29
1 38
5 41
8 17
9 6
10 49
11 28
11 43
12 42
13 8
13 9
13 22
13 46
13 48
18 13
22 23
23 30
24 10
25 33
25 35
25 36
27 18
28 16
28 24
28 37
29 2
29 27
30 11
30 47
31 1
31 4
31 5
31 7
36 31
42 25
backbone tree 12, llh: -9301.696377
-1 0
0 12
0 14
0 40
1 15
1 29
1 35
1 38
5 41
8 4
8 17
9 6
10 49
11 28
11 43
12 42
13 8
13 9
13 22
13 46
13 48
18 13
22 23
23 30
24 10
25 19
25 33
25 36
27 18
28 16
28 24
28 37
29 2
29 27
30 11
30 47
31 1
31 5
31 7
36 31
42 25
backbone tree 13, llh: -9301.674970
-1 0
0 12
0 14
0 40
1 15
1 29
1 35
1 38
5 41
8 17
9 6
10 49
11 28
11 43
12 42
13 8
13 9
13 22
13 46
13 48
14 4
18 13
22 23
23 30
24 10
25 19
25 33
25 36
27 18
28 16
28 24
28 37
29 2
29 27
30 11
30 47
31 1
31 5
31 7
36 31
42 25
backbone tree 14, llh: -9301.674986
-1 0
0 12
0 14
0 40
1 15
1 29
1 35
1 38
5 41
8 17
9 6
10 49
11 28
11 43
12 42
13 8
13 9
13 22
13 46
13 48
18 13
22 23
23 30
24 10
25 19
25 33
25 36
27 18
28 16
28 24
28 37
29 2
29 27
30 11
30 47
31 1
31 4
31 5
31 7
36 31
42 25
backbone tree 15, llh: -9301.677104
-1 0
0 12
0 14
0 40
1 4
1 15
1 29
1 38
5 41
8 17
8 35
9 6
10 49
11 28
11 43
12 42
13 8
13 9
13 22
13 46
13 48
18 13
22 23
23 30
24 10
25 19
25 33
25 36
27 18
28 16
28 24
28 37
29 2
29 27
30 11
30 47
31 1
31 5
31 7
36 31
42 25
backbone tree 16, llh: -9301.677089
-1 0
0 12
0 14
0 40
1 15
1 29
1 38
5 41
8 17
8 35
9 6
10 49
11 28
11 43
12 42
13 8
13 9
13 22
13 46
13 48
14 4
18 13
22 23
23 30
24 10
25 19
25 33
25 36
27 18
28 16
28 24
28 37
29 2
29 27
30 11
30 47
31 1
31 5
31 7
36 31
42 25
backbone tree 17, llh: -9301.677131
-1 0
0 12
0 14
0 40
1 15
1 29
1 38
5 41
8 17
8 35
9 6
10 49
11 28
11 43
12 42
13 8
13 9
13 22
13 46
13 48
18 13
22 23
23 30
24 10
25 19
25 33
25 36
27 18
28 16
28 24
28 37
29 2
29 27
30 11
30 47
31 1
31 4
31 5
31 7
36 31
42 25
backbone tree 18, llh: -9301.615031
-1 0
0 12
0 14
0 40
1 4
1 15
1 29
1 38
5 41
8 17
9 6
10 49
11 28
11 43
12 42
13 8
13 9
13 22
13 46
13 48
18 13
22 23
23 30
24 10
25 19
25 33
25 35
25 36
27 18
28 16
28 24
28 37
29 2
29 27
30 11
30 47
31 1
31 5
31 7
36 31
42 25
backbone tree 19, llh: -9301.635540
-1 0
0 12
0 14
0 40
1 15
1 29
1 38
5 41
8 4
8 17
9 6
10 49
11 28
11 43
12 42
13 8
13 9
13 22
13 46
13 48
18 13
22 23
23 30
24 10
25 19
25 33
25 35
25 36
27 18
28 16
28 24
28 37
29 2
29 27
30 11
30 47
31 1
31 5
31 7
36 31
42 25
backbone tree 20, llh: -9301.615054
-1 0
0 12
0 14
0 40
1 15
1 29
1 38
5 41
8 17
9 6
10 49
11 28
11 43
12 42
13 8
13 9
13 22
13 46
13 48
14 4
18 13
22 23
23 30
24 10
25 19
25 33
25 35
25 36
27 18
28 16
28 24
28 37
29 2
29 27
30 11
30 47
31 1
31 5
31 7
36 31
42 25
backbone tree 21, llh: -9301.615031
-1 0
0 12
0 14
0 40
1 15
1 29
1 38
5 41
8 17
9 6
10 49
11 28
11 43
12 42
13 8
13 9
13 22
13 46
13 48
18 13
22 23
23 30
24 10
25 19
25 33
25 35
25 36
27 18
28 16
28 24
28 37
29 2
29 27
30 11
30 47
31 1
31 4
31 5
31 7
36 31
42 25
backbone tree 22, llh: -9301.716701
-1 0
0 12
0 14
0 40
1 4
1 15
1 29
1 38
5 41
8 17
9 6
10 49
11 28
11 43
12 42
13 8
13 9
13 22
13 46
13 48
18 13
22 23
23 30
24 10
25 19
25 33
25 36
27 18
28 16
28 24
28 37
29 2
29 27
30 11
30 47
31 1
31 5
31 7
36 31
42 25
42 35
backbone tree 23, llh: -9301.716707
-1 0
0 12
0 14
0 40
1 15
1 29
1 38
5 41
8 17
9 6
10 49
11 28
11 43
12 42
13 8
13 9
13 22
13 46
13 48
14 4
18 13
22 23
23 30
24 10
25 19
25 33
25 36
27 18
28 16
28 24
28 37
29 2
29 27
30 11
30 47
31 1
31 5
31 7
36 31
42 25
42 35
backbone tree 24, llh: -9301.716701
-1 0
0 12
0 14
0 40
1 15
1 29
1 38
5 41
8 17
9 6
10 49
11 28
11 43
12 42
13 8
13 9
13 22
13 46
13 48
18 13
22 23
23 30
24 10
25 19
25 33
25 36
27 18
28 16
28 24
28 37
29 2
29 27
30 11
30 47
31 1
31 4
31 5
31 7
36 31
42 25
42 35
backbone tree 25, llh: -9301.716813
-1 0
0 12
0 14
0 40
1 4
1 15
1 29
1 38
5 41
8 17
9 6
10 49
11 28
11 43
12 42
13 8
13 9
13 22
13 46
13 48
18 13
22 23
23 30
24 10
25 19
25 33
25 35
25 36
27 18
28 16
28 24
29 2
29 27
30 11
30 37
30 47
31 1
31 5
31 7
36 31
42 25
backbone tree 26, llh: -9301.716836
-1 0
0 12
0 14
0 40
1 15
1 29
1 38
5 41
8 17
9 6
10 49
11 28
11 43
12 42
13 8
13 9
13 22
13 46
13 48
14 4
18 13
22 23
23 30
24 10
25 19
25 33
25 35
25 36
27 18
28 16
28 24
29 2
29 27
30 11
30 37
30 47
31 1
31 5
31 7
36 31
42 25
backbone tree 27, llh: -9301.716813
-1 0
0 12
0 14
0 40
1 15
1 29
1 38
5 41
8 17
9 6
10 49
11 28
11 43
12 42
13 8
13 9
13 22
13 46
13 48
18 13
22 23
23 30
24 10
25 19
25 33
25 35
25 36
27 18
28 16
28 24
29 2
29 27
30 11
30 37
30 47
31 1
31 4
31 5
31 7
36 31
42 25
