# 14 backbone trees, 48 mutations
backbone tree 0, llh: -6484.991595
-1 0
0 15
0 20
0 28
0 45
1 26
1 31
2 33
2 38
3 16
4 12
5 35
5 40
6 37
7 6
10 13
10 42
13 7
13 17
15 10
15 22
15 27
15 34
15 39
17 21
19 11
21 18
22 14
23 48
26 19
26 41
27 5
27 23
27 46
28 47
32 9
34 29
38 3
38 30
38 43
41 24
43 36
44 1
44 32
45 4
45 8
46 2
46 44
backbone tree 1, llh: -6485.028522
-1 0
0 15
0 20
0 28
0 45
1 26
1 31
2 33
2 38
3 16
4 12
5 35
5 40
6 37
7 6
10 13
10 42
13 7
13 17
15 10
15 22
15 27
15 34
15 39
17 21
19 11
21 18
22 14
26 19
26 41
27 5
27 23
27 46
28 47
32 9
34 29
38 3
38 30
38 43
39 48
41 24
43 36
44 1
44 32
45 4
45 8
46 2
46 44
backbone tree 2, llh: -6484.945679
-1 0
0 15
0 20
0 28
0 45
1 26
1 31
2 33
2 38
3 16
4 12
5 35
6 37
7 6
10 13
10 42
13 7
13 17
14 40
15 10
15 22
15 27
15 34
15 39
17 21
19 11
21 18
22 14
23 48
26 19
26 41
27 5
27 23
27 46
28 47
32 9
34 29
38 3
38 30
38 43
41 24
43 36
44 1
44 32
45 4
45 8
46 2
46 44
backbone tree 3, llh: -6485.031254
-1 0
0 15
0 20
0 28
0 45
1 26
1 31
2 33
2 38
3 16
4 12
6 37
7 6
10 13
10 42
13 7
13 17
14 35
14 40
15 10
15 22
15 27
15 34
15 39
17 21
19 11
21 18
22 14
23 48
26 19
26 41
27 5
27 23
27 46
28 47
32 9
34 29
38 3
38 30
38 43
41 24
43 36
44 1
44 32
45 4
45 8
46 2
46 44
backbone tree 4, llh: -6484.988295
-1 0
0 15
0 20
0 28
0 45
1 26
1 31
2 33
2 38
3 16
4 12
5 35
6 37
7 6
10 13
10 42
13 7
13 17
14 40
15 10
15 22
15 27
15 34
15 39
17 21
19 11
21 18
22 14
26 19
26 41
26 48
27 5
27 23
27 46
28 47
32 9
34 29
38 3
38 30
38 43
41 24
43 36
44 1
44 32
45 4
45 8
46 2
46 44
backbone tree 5, llh: -6484.982606
-1 0
0 15
0 20
0 28
0 45
1 26
1 31
2 33
2 38
3 16
4 12
5 35
6 37
7 6
10 13
10 42
13 7
13 17
14 40
15 10
15 22
15 27
15 34
15 39
17 21
19 11
21 18
22 14
26 19
26 41
27 5
27 23
27 46
28 47
32 9
34 29
38 3
38 30
38 43
39 48
41 24
43 36
44 1
44 32
45 4
45 8
46 2
46 44
backbone tree 6, llh: -6485.018199
-1 0
0 15
0 20
0 28
0 45
1 26
1 31
2 33
2 38
3 16
4 12
5 48
6 37
7 6
10 13
10 42
13 7
13 17
14 35
15 10
15 22
15 27
15 34
15 39
17 21
19 11
21 18
22 14
26 19
26 41
27 5
27 23
27 46
28 47
32 9
34 29
38 3
38 30
38 43
39 40
41 24
43 36
44 1
44 32
45 4
45 8
46 2
46 44
backbone tree 7, llh: -6484.926706
-1 0
0 15
0 20
0 28
0 45
1 26
1 31
2 33
2 38
3 16
4 12
5 35
6 37
7 6
10 13
10 42
13 7
13 17
15 10
15 22
15 27
15 34
15 39
17 21
19 11
21 18
22 14
23 48
26 19
26 41
27 5
27 23
27 46
28 47
32 9
34 29
38 3
38 30
38 43
39 40
41 24
43 36
44 1
44 32
45 4
45 8
46 2
46 44
backbone tree 8, llh: -6485.012281
-1 0
0 15
0 20
0 28
0 45
1 26
1 31
2 33
2 38
3 16
4 12
6 37
7 6
10 13
10 42
13 7
13 17
14 35
15 10
15 22
15 27
15 34
15 39
17 21
19 11
21 18
22 14
23 48
26 19
26 41
27 5
27 23
27 46
28 47
32 9
34 29
38 3
38 30
38 43
39 40
41 24
43 36
44 1
44 32
45 4
45 8
46 2
46 44
backbone tree 9, llh: -6484.969322
-1 0
0 15
0 20
0 28
0 45
1 26
1 31
2 33
2 38
3 16
4 12
5 35
6 37
7 6
10 13
10 42
13 7
13 17
15 10
15 22
15 27
15 34
15 39
17 21
19 11
21 18
22 14
26 19
26 41
26 48
27 5
27 23
27 46
28 47
32 9
34 29
38 3
38 30
38 43
39 40
41 24
43 36
44 1
44 32
45 4
45 8
46 2
46 44
backbone tree 10, llh: -6484.963633
-1 0
0 15
0 20
0 28
0 45
1 26
1 31
2 33
2 38
3 16
4 12
5 35
6 37
7 6
10 13
10 42
13 7
13 17
15 10
15 22
15 27
15 34
15 39
17 21
19 11
21 18
22 14
26 19
26 41
27 5
27 23
27 46
28 47
32 9
34 29
38 3
38 30
38 43
39 40
39 48
41 24
43 36
44 1
44 32
45 4
45 8
46 2
46 44
backbone tree 11, llh: -6484.963775
-1 0
0 15
0 20
0 28
0 45
1 26
1 31
2 33
2 38
3 16
4 12
5 35
6 37
7 6
10 13
10 42
13 7
13 17
15 10
15 22
15 27
15 34
15 39
17 21
19 11
21 18
22 14
23 48
26 19
26 41
27 5
27 23
27 46
28 47
32 9
34 29
38 3
38 30
38 43
41 24
42 40
43 36
44 1
44 32
45 4
45 8
46 2
46 44
backbone tree 12, llh: -6485.006420
-1 0
0 15
0 20
0 28
0 45
1 26
1 31
2 33
2 38
3 16
4 12
5 35
6 37
7 6
10 13
10 42
13 7
13 17
15 10
15 22
15 27
15 34
15 39
17 21
19 11
21 18
22 14
26 19
26 41
26 48
27 5
27 23
27 46
28 47
32 9
34 29
38 3
38 30
38 43
41 24
42 40
43 36
44 1
44 32
45 4
45 8
46 2
46 44
backbone tree 13, llh: -6485.000702
-1 0
0 15
0 20
0 28
0 45
1 26
1 31
2 33
2 38
3 16
4 12
5 35
6 37
7 6
10 13
10 42
13 7
13 17
15 10
15 22
15 27
15 34
15 39
17 21
19 11
21 18
22 14
26 19
26 41
27 5
27 23
27 46
28 47
32 9
34 29
38 3
38 30
38 43
39 48
41 24
42 40
43 36
44 1
44 32
45 4
45 8
46 2
46 44
