# 16 backbone trees, 48 mutations
backbone tree 0, llh: -8530.643335
-1 35
0 38
3 13
3 41
6 10
6 11
6 33
7 8
7 21
10 9
10 26
10 36
11 16
11 17
11 18
11 19
13 28
13 43
15 4
16 2
16 5
17 40
18 3
19 31
21 27
21 29
22 15
26 1
26 7
30 46
31 14
32 25
32 44
32 45
34 6
34 49
35 0
35 12
35 48
37 34
38 30
38 37
41 20
41 42
43 24
43 32
43 39
46 22
backbone tree 1, llh: -8530.642068
-1 35
0 38
3 13
3 41
6 10
6 11
6 33
7 8
7 21
10 9
10 26
10 36
11 16
11 17
11 18
11 19
13 28
13 43
15 4
16 2
17 40
18 3
19 31
21 27
21 29
22 15
25 5
26 1
26 7
27 45
30 46
31 14
32 25
32 44
34 6
34 49
35 0
35 12
35 48
37 34
38 30
38 37
41 20
41 42
43 24
43 32
43 39
46 22
backbone tree 2, llh: -8530.641329
-1 35
0 38
3 13
3 41
6 10
6 11
6 24
6 33
7 8
7 21
10 9
10 26
10 36
11 16
11 17
11 18
11 19
13 28
13 43
15 4
16 2
17 40
18 3
19 31
21 27
21 29
22 15
25 5
26 1
26 7
30 46
31 14
32 25
32 44
32 45
34 6
34 49
35 0
35 12
35 48
37 34
38 30
38 37
41 20
41 42
43 32
43 39
46 22
backbone tree 3, llh: -8530.611918
-1 35
0 38
3 13
3 41
6 10
6 11
6 33
7 8
7 21
10 9
10 26
10 36
11 16
11 17
11 18
11 19
13 28
13 43
15 4
16 2
17 40
18 3
19 31
21 27
21 29
22 15
25 5
26 1
26 7
30 46
31 14
32 25
32 44
32 45
34 6
34 49
35 0
35 12
35 48
37 34
38 30
38 37
41 20
41 42
43 24
43 32
43 39
46 22
backbone tree 4, llh: -8530.636516
-1 35
0 38
3 13
3 41
6 10
6 11
6 24
6 33
7 8
7 21
10 26
10 36
11 9
11 16
11 17
11 18
11 19
13 28
13 43
15 4
16 2
16 5
17 40
18 3
19 31
21 27
21 29
22 15
26 1
26 7
27 45
30 46
31 14
32 25
32 44
34 6
34 49
35 0
35 12
35 48
37 34
38 30
38 37
41 20
41 42
43 32
43 39
46 22
backbone tree 5, llh: -8530.607139
-1 35
0 38
3 13
3 41
6 10
6 11
6 33
7 8
7 21
10 26
10 36
11 9
11 16
11 17
11 18
11 19
13 28
13 43
15 4
16 2
16 5
17 40
18 3
19 31
21 27
21 29
22 15
26 1
26 7
27 45
30 46
31 14
32 25
32 44
34 6
34 49
35 0
35 12
35 48
37 34
38 30
38 37
41 20
41 42
43 24
43 32
43 39
46 22
backbone tree 6, llh: -8530.606300
-1 35
0 38
3 13
3 41
6 10
6 11
6 24
6 33
7 8
7 21
10 26
10 36
11 9
11 16
11 17
11 18
11 19
13 28
13 43
15 4
16 2
16 5
17 40
18 3
19 31
21 27
21 29
22 15
26 1
26 7
30 46
31 14
32 25
32 44
32 45
34 6
34 49
35 0
35 12
35 48
37 34
38 30
38 37
41 20
41 42
43 32
43 39
46 22
backbone tree 7, llh: -8530.576972
-1 35
0 38
3 13
3 41
6 10
6 11
6 33
7 8
7 21
10 26
10 36
11 9
11 16
11 17
11 18
11 19
13 28
13 43
15 4
16 2
16 5
17 40
18 3
19 31
21 27
21 29
22 15
26 1
26 7
30 46
31 14
32 25
32 44
32 45
34 6
34 49
35 0
35 12
35 48
37 34
38 30
38 37
41 20
41 42
43 24
43 32
43 39
46 22
backbone tree 8, llh: -8530.648024
-1 35
0 24
0 38
3 13
3 41
6 10
6 11
6 33
7 8
7 21
10 26
10 36
11 9
11 16
11 17
11 18
11 19
13 28
13 43
15 4
16 2
17 40
18 3
19 31
21 27
21 29
22 15
25 5
26 1
26 7
27 45
30 46
31 14
32 25
32 44
34 6
34 49
35 0
35 12
35 48
37 34
38 30
38 37
41 20
41 42
43 32
43 39
46 22
backbone tree 9, llh: -8530.603719
-1 35
0 38
3 13
3 41
6 10
6 11
6 24
6 33
7 8
7 21
10 26
10 36
11 9
11 16
11 17
11 18
11 19
13 28
13 43
15 4
16 2
17 40
18 3
19 31
21 27
21 29
22 15
25 5
26 1
26 7
27 45
30 46
31 14
32 25
32 44
34 6
34 49
35 0
35 12
35 48
37 34
38 30
38 37
41 20
41 42
43 32
43 39
46 22
backbone tree 10, llh: -8530.574321
-1 35
0 38
3 13
3 41
6 10
6 11
6 33
7 8
7 21
10 26
10 36
11 9
11 16
11 17
11 18
11 19
13 28
13 43
15 4
16 2
17 40
18 3
19 31
21 27
21 29
22 15
25 5
26 1
26 7
27 45
30 46
31 14
32 25
32 44
34 6
34 49
35 0
35 12
35 48
37 34
38 30
38 37
41 20
41 42
43 24
43 32
43 39
46 22
backbone tree 11, llh: -8530.617875
-1 35
0 24
0 38
3 13
3 41
6 10
6 11
6 33
7 8
7 21
10 26
10 36
11 9
11 16
11 17
11 18
11 19
13 28
13 43
15 4
16 2
17 40
18 3
19 31
21 27
21 29
22 15
25 5
26 1
26 7
30 46
31 14
32 25
32 44
32 45
34 6
34 49
35 0
35 12
35 48
37 34
38 30
38 37
41 20
41 42
43 32
43 39
46 22
backbone tree 12, llh: -8530.573552
-1 35
0 38
3 13
3 41
6 10
6 11
6 24
6 33
7 8
7 21
10 26
10 36
11 9
11 16
11 17
11 18
11 19
13 28
13 43
15 4
16 2
17 40
18 3
19 31
21 27
21 29
22 15
25 5
26 1
26 7
30 46
31 14
32 25
32 44
32 45
34 6
34 49
35 0
35 12
35 48
37 34
38 30
38 37
41 20
41 42
43 32
43 39
46 22
backbone tree 13, llh: -8530.544155
-1 35
0 38
3 13
3 41
6 10
6 11
6 33
7 8
7 21
10 26
10 36
11 9
11 16
11 17
11 18
11 19
13 28
13 43
15 4
16 2
17 40
18 3
19 31
21 27
21 29
22 15
25 5
26 1
26 7
30 46
31 14
32 25
32 44
32 45
34 6
34 49
35 0
35 12
35 48
37 34
38 30
38 37
41 20
41 42
43 24
43 32
43 39
46 22
backbone tree 14, llh: -8530.620442
-1 35
0 38
3 13
3 41
6 10
6 11
6 33
7 8
7 21
10 26
10 36
11 9
11 16
11 17
11 18
11 19
13 28
13 43
16 2
17 40
18 3
19 4
19 31
21 27
21 29
22 15
25 5
26 1
26 7
30 46
31 14
32 25
32 44
32 45
34 6
34 49
35 0
35 12
35 48
37 34
38 30
38 37
41 20
41 42
43 24
43 32
43 39
46 22
backbone tree 15, llh: -8530.642520
-1 35
0 38
3 13
3 41
6 10
6 11
6 33
7 8
7 21
10 26
10 36
11 16
11 17
11 18
11 19
13 28
13 43
15 4
16 2
17 40
18 3
19 31
20 9
21 27
21 29
22 15
25 5
26 1
26 7
30 46
31 14
32 25
32 44
32 45
34 6
34 49
35 0
35 12
35 48
37 34
38 30
38 37
41 20
41 42
43 24
43 32
43 39
46 22
