# 9 backbone trees, 38 mutations
backbone tree 0, llh: -7583.042043
-1 0
0 1
0 16
0 24
0 48
1 19
3 35
3 39
4 5
4 14
6 36
6 40
7 34
8 3
9 23
9 47
11 37
14 25
16 31
19 8
19 26
19 28
23 13
23 46
25 42
26 27
26 32
28 7
28 22
29 11
29 38
31 44
35 9
38 6
38 20
44 4
46 29
46 41
backbone tree 1, llh: -7583.007788
-1 0
0 1
0 16
0 24
0 48
1 19
3 35
3 39
4 5
4 14
6 36
7 34
8 3
8 40
9 23
9 47
11 37
14 25
16 31
19 8
19 26
19 28
23 13
23 46
25 42
26 27
26 32
28 7
28 22
29 11
29 38
31 44
35 9
38 6
38 20
44 4
46 29
46 41
backbone tree 2, llh: -7583.059065
-1 0
0 1
0 16
0 24
0 48
1 19
3 35
3 39
4 5
4 14
6 36
6 40
7 34
8 3
9 23
11 37
14 25
16 31
19 8
19 26
19 28
23 13
23 46
25 42
26 27
26 32
28 7
28 22
28 47
29 11
29 38
31 44
35 9
38 6
38 20
44 4
46 29
46 41
backbone tree 3, llh: -7583.024599
-1 0
0 1
0 16
0 24
0 48
1 19
3 35
3 39
4 5
4 14
6 36
7 34
8 3
8 40
9 23
11 37
14 25
16 31
19 8
19 26
19 28
23 13
23 46
25 42
26 27
26 32
28 7
28 22
28 47
29 11
29 38
31 44
35 9
38 6
38 20
44 4
46 29
46 41
backbone tree 4, llh: -7583.070336
-1 0
0 1
0 16
0 47
0 48
1 19
3 35
3 39
4 5
4 14
6 36
7 34
8 3
8 40
9 23
11 37
14 25
16 24
16 31
19 8
19 26
19 28
23 13
23 46
25 42
26 27
26 32
28 7
28 22
29 11
29 38
31 44
35 9
38 6
38 20
44 4
46 29
46 41
backbone tree 5, llh: -7583.047234
-1 0
0 1
0 16
0 48
1 19
3 35
3 39
4 5
4 14
6 36
6 40
7 34
8 3
9 23
9 47
11 37
14 25
16 24
16 31
19 8
19 26
19 28
23 13
23 46
25 42
26 27
26 32
28 7
28 22
29 11
29 38
31 44
35 9
38 6
38 20
44 4
46 29
46 41
backbone tree 6, llh: -7582.988119
-1 0
0 1
0 16
0 48
1 19
3 35
3 39
4 5
4 14
6 36
7 34
8 3
8 40
9 23
9 47
11 37
14 25
16 24
16 31
19 8
19 26
19 28
23 13
23 46
25 42
26 27
26 32
28 7
28 22
29 11
29 38
31 44
35 9
38 6
38 20
44 4
46 29
46 41
backbone tree 7, llh: -7583.064112
-1 0
0 1
0 16
0 48
1 19
3 35
3 39
4 5
4 14
6 36
6 40
7 34
8 3
9 23
11 37
14 25
16 24
16 31
19 8
19 26
19 28
23 13
23 46
25 42
26 27
26 32
28 7
28 22
28 47
29 11
29 38
31 44
35 9
38 6
38 20
44 4
46 29
46 41
backbone tree 8, llh: -7583.005022
-1 0
0 1
0 16
0 48
1 19
3 35
3 39
4 5
4 14
6 36
7 34
8 3
8 40
9 23
11 37
14 25
16 24
16 31
19 8
19 26
19 28
23 13
23 46
25 42
26 27
26 32
28 7
28 22
28 47
29 11
29 38
31 44
35 9
38 6
38 20
44 4
46 29
46 41
