# 5 backbone trees, 39 mutations
backbone tree 0, llh: -8177.233106
-1 0
0 18
0 23
0 33
2 1
5 40
6 32
6 38
7 20
7 45
10 3
10 9
11 39
12 10
12 37
15 22
18 2
18 24
18 43
19 21
19 26
19 35
21 29
21 31
22 6
24 7
24 11
26 44
28 13
32 28
34 25
35 5
38 14
38 19
39 46
40 12
45 15
45 34
46 16
backbone tree 1, llh: -8177.223936
-1 0
0 18
0 23
0 33
2 1
5 40
6 14
6 32
6 38
7 20
7 45
10 9
11 39
12 10
12 37
15 22
18 2
18 24
18 43
19 21
19 26
19 35
21 29
21 31
22 6
24 7
24 11
25 3
26 44
28 13
32 28
34 25
35 5
38 19
39 46
40 12
45 15
45 34
46 16
backbone tree 2, llh: -8177.134766
-1 0
0 18
0 23
0 33
2 1
5 40
6 32
6 38
7 20
7 45
10 9
11 39
12 10
12 37
15 22
18 2
18 24
18 43
19 21
19 26
19 35
21 29
21 31
22 6
24 7
24 11
25 3
26 44
28 13
32 28
34 25
35 5
38 14
38 19
39 46
40 12
45 15
45 34
46 16
backbone tree 3, llh: -8177.224915
-1 0
0 18
0 23
2 1
2 33
5 40
6 32
6 38
7 20
7 45
10 9
11 39
12 10
12 37
15 22
18 2
18 24
18 43
19 21
19 26
19 35
21 29
21 31
22 6
24 7
24 11
25 3
26 44
28 13
32 28
34 25
35 5
38 14
38 19
39 46
40 12
45 15
45 34
46 16
backbone tree 4, llh: -8177.216268
-1 0
0 18
0 23
0 33
2 1
5 40
6 32
6 38
7 45
10 9
11 39
12 10
12 37
15 22
18 2
18 24
18 43
19 21
19 26
19 35
21 29
21 31
22 6
24 7
24 11
24 20
25 3
26 44
28 13
32 28
34 25
35 5
38 14
38 19
39 46
40 12
45 15
45 34
46 16
