# 4 backbone trees, 30 mutations
backbone tree 0, llh: -6011.638195
-1 0
0 4
0 9
0 30
1 12
4 8
8 13
8 21
8 38
8 40
9 7
10 43
12 27
13 5
16 18
18 10
19 35
22 1
22 11
22 37
22 44
29 16
30 17
30 24
33 39
35 28
35 33
40 19
40 22
44 29
backbone tree 1, llh: -6011.631798
-1 0
0 4
0 9
0 30
1 12
4 8
8 13
8 21
8 38
8 40
9 7
10 43
13 5
16 18
18 10
19 35
22 1
22 11
22 37
22 44
24 27
29 16
30 17
30 24
33 39
35 28
35 33
40 19
40 22
44 29
backbone tree 2, llh: -6011.646369
-1 0
0 4
0 9
0 30
1 12
4 8
8 13
8 38
8 40
9 7
10 43
12 27
13 5
16 18
18 10
19 35
22 1
22 11
22 37
22 44
29 16
30 17
30 21
30 24
33 39
35 28
35 33
40 19
40 22
44 29
backbone tree 3, llh: -6011.639896
-1 0
0 4
0 9
0 30
1 12
4 8
8 13
8 38
8 40
9 7
10 43
13 5
16 18
18 10
19 35
22 1
22 11
22 37
22 44
24 27
29 16
30 17
30 21
30 24
33 39
35 28
35 33
40 19
40 22
44 29
