# 13 backbone trees, 44 mutations
backbone tree 0, llh: -6514.878606
-1 0
0 1
0 17
1 22
1 24
1 40
3 48
4 14
4 36
4 45
7 9
7 37
7 39
7 43
8 30
8 42
9 23
9 28
11 13
12 2
12 19
13 18
14 5
14 32
17 4
17 8
17 25
18 33
20 11
22 21
22 44
23 15
23 27
23 29
29 6
30 7
30 16
33 38
41 20
41 49
42 3
42 12
42 41
43 31
backbone tree 1, llh: -6514.840121
-1 0
0 1
0 17
1 22
1 24
1 40
3 48
4 14
4 36
4 45
7 9
7 37
7 39
7 43
8 30
8 42
9 23
9 28
11 13
12 19
13 18
14 5
14 32
16 2
17 4
17 8
17 25
18 33
20 11
22 21
22 44
23 15
23 27
23 29
29 6
30 7
30 16
33 38
41 20
41 49
42 3
42 12
42 41
43 31
backbone tree 2, llh: -6514.864953
-1 0
0 1
0 17
1 22
1 24
1 40
3 48
4 14
4 36
4 45
7 9
7 37
7 39
7 43
8 30
8 42
9 23
9 28
11 13
12 19
13 18
14 5
14 32
17 4
17 8
17 25
18 33
20 11
22 21
22 44
23 15
23 27
23 29
29 6
30 7
30 16
33 38
37 2
41 20
41 49
42 3
42 12
42 41
43 31
backbone tree 3, llh: -6514.899893
-1 0
0 1
0 17
1 22
1 24
1 40
4 14
4 36
4 45
7 9
7 37
7 39
7 43
8 30
8 42
9 23
9 28
11 13
12 19
13 18
14 5
14 32
16 2
17 4
17 8
17 25
18 33
20 11
22 21
22 44
23 15
23 27
23 29
24 48
29 6
30 7
30 16
33 38
41 20
41 49
42 3
42 12
42 41
43 31
backbone tree 4, llh: -6514.895231
-1 0
0 1
0 17
1 22
1 24
1 40
3 48
4 14
4 45
7 9
7 37
7 39
7 43
8 30
8 42
9 23
9 28
11 13
12 2
12 19
13 18
14 5
14 32
17 4
17 8
17 25
17 36
18 33
20 11
22 21
22 44
23 15
23 27
23 29
29 6
30 7
30 16
33 38
41 20
41 49
42 3
42 12
42 41
43 31
backbone tree 5, llh: -6514.856745
-1 0
0 1
0 17
1 22
1 24
1 40
3 48
4 14
4 45
7 9
7 37
7 39
7 43
8 30
8 42
9 23
9 28
11 13
12 19
13 18
14 5
14 32
16 2
17 4
17 8
17 25
17 36
18 33
20 11
22 21
22 44
23 15
23 27
23 29
29 6
30 7
30 16
33 38
41 20
41 49
42 3
42 12
42 41
43 31
backbone tree 6, llh: -6514.881572
-1 0
0 1
0 17
1 22
1 24
1 40
3 48
4 14
4 45
7 9
7 37
7 39
7 43
8 30
8 42
9 23
9 28
11 13
12 19
13 18
14 5
14 32
17 4
17 8
17 25
17 36
18 33
20 11
22 21
22 44
23 15
23 27
23 29
29 6
30 7
30 16
33 38
37 2
41 20
41 49
42 3
42 12
42 41
43 31
backbone tree 7, llh: -6514.914752
-1 0
0 1
0 17
1 22
1 24
1 40
4 14
4 45
7 9
7 37
7 39
7 43
8 30
8 42
9 23
9 28
11 13
12 19
13 18
14 5
14 32
16 2
17 4
17 8
17 25
17 36
18 33
20 11
22 21
22 44
23 15
23 27
23 29
24 48
29 6
30 7
30 16
33 38
41 20
41 49
42 3
42 12
42 41
43 31
backbone tree 8, llh: -6514.916029
-1 0
0 1
0 17
1 22
1 24
3 48
4 14
4 36
4 45
7 9
7 37
7 39
7 43
8 30
8 42
9 23
9 28
11 13
12 19
13 18
14 5
14 32
14 40
16 2
17 4
17 8
17 25
18 33
20 11
22 21
22 44
23 15
23 27
23 29
29 6
30 7
30 16
33 38
41 20
41 49
42 3
42 12
42 41
43 31
backbone tree 9, llh: -6514.940862
-1 0
0 1
0 17
1 22
1 24
3 48
4 14
4 36
4 45
7 9
7 37
7 39
7 43
8 30
8 42
9 23
9 28
11 13
12 19
13 18
14 5
14 32
14 40
17 4
17 8
17 25
18 33
20 11
22 21
22 44
23 15
23 27
23 29
29 6
30 7
30 16
33 38
37 2
41 20
41 49
42 3
42 12
42 41
43 31
backbone tree 10, llh: -6514.925489
-1 0
0 1
0 17
1 22
1 24
3 48
4 14
4 45
7 9
7 37
7 39
7 43
8 30
8 42
9 23
9 28
11 13
12 2
12 19
13 18
14 5
14 32
14 40
17 4
17 8
17 25
17 36
18 33
20 11
22 21
22 44
23 15
23 27
23 29
29 6
30 7
30 16
33 38
41 20
41 49
42 3
42 12
42 41
43 31
backbone tree 11, llh: -6514.887624
-1 0
0 1
0 17
1 22
1 24
3 48
4 14
4 45
7 9
7 37
7 39
7 43
8 30
8 42
9 23
9 28
11 13
12 19
13 18
14 5
14 32
14 40
16 2
17 4
17 8
17 25
17 36
18 33
20 11
22 21
22 44
23 15
23 27
23 29
29 6
30 7
30 16
33 38
41 20
41 49
42 3
42 12
42 41
43 31
backbone tree 12, llh: -6514.912451
-1 0
0 1
0 17
1 22
1 24
3 48
4 14
4 45
7 9
7 37
7 39
7 43
8 30
8 42
9 23
9 28
11 13
12 19
13 18
14 5
14 32
14 40
17 4
17 8
17 25
17 36
18 33
20 11
22 21
22 44
23 15
23 27
23 29
29 6
30 7
30 16
33 38
37 2
41 20
41 49
42 3
42 12
42 41
43 31
