0 90 
90 88 25 
25 16 97 38 
38 40 39 
39 70 34 
34 6 10 95 
95 69 75 
75 41 1 
1 33 
33 23 76 68 
68 99 35 89 72 
72 3 59 
59 61 82 
82 24 50 
50 8 
8 83 44 
40 18 32 
44 60 78 84 
84 87 71 
32 73 49 48 
71 47 
96 77 19 
47 5 
48 15 56 96 
5 79 
53 58 27 
19 53 
10 65 20 81 
79 74 55 
81 67 31 
27 64 
18 63 43 
43 17 
31 14 
64 93 57 
55 91 7 
17 4 
70 36 54 
57 80 11 
14 45 12 
4 28 
78 29 66 
76 
7 86 
12 26 
24 2 37 
23 30 
28 51 
11 13 
91 21 52 
26 46 
83 
89 
74 98 
66 
51 
30 
87 
46 62 
93 
49 
58 
20 
97 
67 42 
35 
60 
3 
41 
61 
88 
29 
85 
86 85 
13 
80 
77 9 
62 
54 22 
22 
42 
99 92 
52 
37 94 
56 
69 
36 
45 
73 
9 
98 
92 
21 
16 
2 
65 
63 
94 
6 
15 
