# clone tree 0 objective: 4.63728
0 84 64 
64 70 73 24 18 
18 55 
55 77 80 60 
88 72 75 
60 2 88 
75 61 33 
33 3 9 
9 48 
48 14 13 37 32 
32 29 
29 68 39 
39 78 56 
56 19 81 21 
21 59 63 30 
37 6 62 91 
30 71 44 
91 92 54 
44 90 
90 57 36 
54 93 74 
36 58 43 
13 49 94 
74 31 26 
94 27 95 
81 16 
95 20 
43 79 
26 50 28 
79 7 
66 10 
20 96 
14 38 
7 22 
24 4 23 
16 82 66 
28 85 
10 98 87 
62 41 52 
85 1 
61 69 
63 51 
19 46 
2 
51 86 
69 99 76 
96 89 
22 
80 5 
46 
38 34 
78 8 
1 97 
72 65 
49 
71 17 53 
59 
52 
77 12 
89 83 
23 
92 35 
3 40 
87 
65 
93 
4 
68 
86 
76 47 
35 
84 
83 
40 67 
57 
5 11 
41 
53 
27 15 
97 
12 
6 45 
34 
11 
47 
98 
17 
73 
8 
99 
82 
31 
70 
45 42 
50 
15 
58 
42 
67 25 
25 
