0 1 98 90 63 
63 68 58 35 
35 56 4 10 
10 34 87 
87 41 21 
21 59 89 9 
9 53 65 70 
70 24 19 
19 28 
65 37 88 
28 80 71 
25 48 
74 2 32 
71 67 
88 6 25 
48 46 
46 30 55 
69 91 
52 74 
67 22 52 
41 11 
32 43 69 
91 45 
11 85 92 
4 23 31 
55 84 
31 8 83 
83 51 
84 94 49 
90 62 93 
45 78 60 
51 44 
60 33 57 
49 81 
92 29 
34 20 66 
85 75 50 
53 97 39 
93 12 
80 73 
57 3 5 
29 26 
39 82 
44 77 
81 13 
12 61 
30 86 
66 7 
26 54 
58 40 
40 64 
54 99 
56 17 
62 
5 15 
17 
23 95 14 42 
77 38 
98 
7 
86 
2 
82 36 
50 
64 18 
99 
68 
78 96 
73 79 
3 72 
15 
72 
89 
13 
22 47 
33 
37 
1 
75 
18 76 
59 
94 
20 
8 
6 
42 
38 
97 
24 
36 
61 16 
96 
47 27 
43 
79 
76 
27 
14 
16 
95 
