0 81 
81 84 72 
72 30 
60 71 
30 60 
13 77 23 87 46 
71 31 47 
47 13 
46 25 
25 74 
92 32 
74 92 
32 36 62 
62 43 50 88 
88 10 68 
87 86 57 
23 99 28 9 
68 78 34 38 
57 18 16 83 
9 59 8 
38 39 67 
83 51 73 76 
8 26 
67 40 14 
76 1 
26 89 3 
50 64 
64 41 
3 6 22 
1 37 
15 82 
14 69 15 
37 65 
28 20 7 
82 44 80 
41 49 
65 55 
43 61 
61 79 
10 66 21 
22 94 
79 97 
7 53 4 
84 19 27 
80 29 
16 5 
55 52 
49 70 
34 42 11 
77 17 
70 35 
86 
27 24 
5 98 95 
21 91 
97 45 
29 48 
52 
35 96 
99 33 
94 54 
44 63 
18 12 
96 
11 58 
24 75 
20 
45 90 
63 
36 85 
33 
39 
95 
6 
89 
4 
91 
90 
19 
48 2 
69 56 
54 
31 
66 
85 
98 93 
75 
12 
78 
53 
58 
56 
73 
17 
51 
42 
2 
59 
93 
40 
