0 58 84 64 
64 24 88 
18 60 
55 6 77 75 
88 18 
60 55 
75 53 57 85 33 
33 3 9 
9 48 
48 56 32 
32 71 29 
29 2 39 
39 72 14 95 21 
56 25 49 36 37 
21 13 91 
37 19 30 
30 62 90 
91 92 54 
44 81 
90 50 44 
54 93 74 
36 43 
13 17 47 63 
74 76 26 
94 20 
81 70 16 
95 94 
43 98 79 
26 28 
79 7 
66 10 
20 96 
14 38 
7 86 46 
24 4 23 
16 82 66 
28 80 
10 78 
62 61 
85 69 
61 89 
63 51 
19 52 
2 68 
51 22 
69 1 
96 99 87 
22 27 
80 5 
46 67 42 59 
38 
78 8 
1 97 
72 65 
49 41 
71 12 
59 
52 73 
77 34 
89 83 
23 
92 35 
3 40 
87 
65 
93 
4 
68 
86 
76 31 
35 
84 
83 
40 
57 
5 15 11 
41 
53 
27 
97 
12 
6 45 
34 
11 
47 
98 
17 
73 
8 
99 
82 
31 
70 
45 
50 
15 
58 
42 
67 
25 
