# clone tree 0 objective: 5.53485
0 23 92 
92 42 31 15 
15 67 
67 89 46 
46 17 7 11 
11 52 83 75 
75 25 26 19 
19 45 66 
66 84 5 
28 69 87 
5 14 6 
6 33 28 
87 98 4 24 
24 1 55 
20 78 
16 20 
55 16 
78 9 
9 40 39 
86 72 38 
39 18 86 
7 3 13 73 
38 54 
54 32 
32 51 85 82 
73 68 95 
95 37 
82 71 
91 60 
60 35 53 
37 58 48 
71 91 
72 93 
48 59 
59 44 64 
45 10 
93 70 74 
13 12 8 
47 65 27 
26 90 
89 47 
90 29 
68 62 34 
2 94 
10 79 49 
84 36 
74 2 
64 97 
31 
4 
83 57 
1 61 
27 56 
53 21 
29 99 
52 63 
36 81 
49 
21 96 
63 
17 
97 
30 76 
85 30 
3 
69 80 
14 
18 
51 77 
35 
8 
81 
77 
76 
40 41 
61 88 
33 
79 
94 
56 
57 
98 22 
42 
58 
25 
34 
62 
96 
99 
80 
44 43 
23 
22 
12 
88 
41 
70 
65 
43 50 
50 
# clone tree 1 objective: 5.53485
0 23 92 
92 42 31 15 
15 67 
67 89 46 
46 17 7 11 
11 52 83 75 
75 25 26 19 
19 45 66 
66 84 5 
28 69 87 
5 14 6 
6 33 28 
87 98 4 24 
24 1 55 
20 78 
16 20 
55 16 
78 9 
9 40 39 
86 72 38 
39 18 86 
7 3 13 73 
38 54 
54 32 
32 51 85 82 
73 68 95 
95 37 
82 71 
91 60 
60 35 53 
37 58 48 
71 91 
72 93 
48 59 
59 44 64 
45 10 
93 70 74 
13 12 8 
47 65 27 
26 90 
89 47 
90 29 
68 62 34 
2 94 
10 79 49 
84 36 
74 2 
64 97 
31 
4 
83 57 
1 61 
27 56 
53 21 
29 99 
52 63 
36 81 
49 
21 96 
63 
17 
97 
30 76 
85 30 
3 
69 80 
14 
18 
51 77 
35 
8 
81 
77 
76 
40 41 
61 88 
33 
79 
94 
56 
57 
98 22 
42 
58 
25 
34 
62 
96 
99 
80 
44 43 
23 
22 
12 
88 
41 
70 
65 50 
43 
50 
# clone tree 2 objective: 5.53485
0 23 92 
92 42 31 15 
15 67 
67 89 46 
46 17 7 11 
11 52 83 75 
75 25 26 19 
19 45 66 
66 84 5 
28 69 87 
5 14 6 
6 33 28 
87 4 24 
24 1 55 
20 78 
16 20 
55 16 
78 98 9 
9 40 39 
86 72 38 
39 43 18 86 
7 3 13 73 
38 54 
54 32 
32 51 85 82 
73 68 95 
95 37 
82 50 71 
91 60 
60 35 53 
37 58 48 
71 91 
72 41 93 
48 59 
59 44 64 
45 10 
93 74 
13 12 8 
47 65 27 
26 90 
89 47 
90 29 
68 62 34 
2 94 
10 79 49 
84 70 36 
74 2 
64 97 
31 
4 22 
83 57 
1 61 
27 56 
53 21 
29 99 
52 63 
36 81 
49 
21 96 
63 
17 
97 
30 76 
85 30 
3 
69 80 
14 
18 
51 77 
35 
8 
81 
77 
76 
40 
61 
33 
79 
94 88 
56 
57 
98 
42 
58 
25 
34 
62 
96 
99 
80 
44 
23 
22 
12 
88 
41 
70 
65 
43 
50 
# clone tree 3 objective: 5.53485
0 23 92 
92 42 31 15 
15 67 
67 89 46 
46 17 7 11 
11 52 83 75 
75 25 26 19 
19 45 66 
66 84 5 
28 69 87 
5 14 6 
6 33 28 
87 4 24 
24 1 55 
20 78 
16 20 
55 16 
78 98 9 
9 40 39 
86 72 38 
39 43 18 86 
7 3 13 73 
38 54 
54 32 
32 51 85 82 
73 68 95 
95 37 
82 71 
91 60 
60 35 53 
37 58 48 
71 91 
72 41 93 
48 59 
59 44 64 
45 10 
93 74 
13 12 8 
47 65 27 
26 90 
89 47 
90 29 
68 62 34 
2 94 
10 79 49 
84 70 36 
74 2 
64 97 
31 
4 22 
83 57 
1 61 
27 56 
53 21 
29 99 
52 63 
36 81 
49 
21 96 
63 
17 
97 
30 76 
85 30 
3 
69 80 
14 
18 
51 77 
35 
8 
81 
77 
76 
40 
61 
33 
79 
94 88 
56 
57 
98 
42 
58 
25 
34 
62 
96 
99 
80 
44 
23 
22 
12 
88 50 
41 
70 
65 
43 
50 
# clone tree 4 objective: 5.53485
0 50 88 92 
92 42 31 15 
15 67 
67 89 46 
46 17 7 11 
11 52 83 75 
75 25 26 19 
19 65 45 66 
66 84 5 
28 69 87 
5 23 14 6 
6 33 28 
87 98 4 24 
24 1 55 
20 78 
16 20 
55 16 
78 9 
9 40 39 
86 72 38 
39 18 86 
7 3 13 73 
38 54 
54 32 
32 51 85 82 
73 68 95 
95 37 
82 71 
91 60 
60 35 53 
37 58 48 
71 91 
72 93 
48 59 
59 44 64 
45 41 22 10 
93 74 
13 8 
47 27 
26 90 
89 47 
90 29 
68 62 34 
2 94 
10 79 49 
84 36 
74 2 
64 97 
31 
4 
83 57 
1 61 
27 56 
53 21 
29 99 
52 63 
36 81 
49 
21 96 
63 
17 
97 
30 76 
85 30 
3 
69 80 
14 
18 
51 77 
35 
8 
81 
77 
76 
40 
61 
33 
79 12 
94 
56 
57 
98 
42 
58 
25 
34 
62 
96 
99 
80 
44 
23 
22 43 
12 
88 
41 70 
70 
65 
43 
50 
# clone tree 5 objective: 5.53485
0 23 92 
92 43 42 31 15 
15 67 
67 89 46 
46 17 7 11 
11 52 83 75 
75 25 26 19 
19 45 66 
66 84 5 
28 69 87 
5 14 6 
6 33 28 
87 4 24 
24 1 55 
20 78 
16 20 
55 16 
78 98 9 
9 40 39 
86 72 38 
39 18 86 
7 3 13 73 
38 54 
54 32 
32 51 85 82 
73 68 95 
95 37 
82 71 
91 60 
60 35 53 
37 58 48 
71 91 
72 93 
48 22 59 
59 44 64 
45 10 
93 74 
13 8 
47 27 
26 90 
89 50 47 
90 29 
68 62 34 
2 88 94 
10 79 49 
84 41 36 
74 2 
64 97 
31 12 
4 
83 57 
1 61 
27 56 
53 21 
29 99 
52 63 
36 81 
49 
21 96 
63 
17 
97 
30 76 
85 30 
3 
69 80 
14 70 
18 
51 77 
35 
8 
81 
77 
76 
40 
61 
33 
79 
94 
56 
57 
98 
42 
58 
25 
34 65 
62 
96 
99 
80 
44 
23 
22 
12 
88 
41 
70 
65 
43 
50 
# clone tree 6 objective: 5.53485
0 23 92 
92 42 31 15 
15 67 
67 89 46 
46 17 7 11 
11 52 83 75 
75 25 26 19 
19 45 66 
66 84 5 
28 69 87 
5 14 6 
6 33 28 
87 98 4 24 
24 50 1 55 
20 78 
16 20 
55 16 
78 9 
9 40 39 
86 72 38 
39 18 86 
7 3 13 73 
38 70 54 
54 32 
32 51 85 82 
73 68 95 
95 37 
82 71 
91 60 
60 35 53 
37 58 48 
71 91 
72 93 
48 59 
59 44 64 
45 10 
93 74 
13 8 
47 41 27 
26 90 
89 43 47 
90 29 
68 88 62 34 
2 94 
10 79 49 
84 36 
74 2 
64 97 
31 12 
4 
83 57 
1 61 
27 56 
53 22 21 
29 99 
52 63 
36 81 
49 
21 96 
63 
17 
97 
30 76 
85 30 
3 
69 80 
14 
18 
51 77 
35 
8 
81 
77 
76 
40 
61 
33 
79 
94 
56 
57 
98 
42 
58 
25 
34 65 
62 
96 
99 
80 
44 
23 
22 
12 
88 
41 
70 
65 
43 
50 
# clone tree 7 objective: 5.53485
0 88 92 
92 42 31 15 
15 67 
67 89 46 
46 17 7 11 
11 52 83 75 
75 25 26 19 
19 65 45 66 
66 84 5 
28 69 87 
5 23 14 6 
6 33 28 
87 98 4 24 
24 1 55 
20 78 
16 20 
55 16 
78 9 
9 40 39 
86 72 38 
39 18 86 
7 3 13 73 
38 54 
54 32 
32 51 85 82 
73 68 95 
95 37 
82 71 
91 60 
60 35 53 
37 58 48 
71 91 
72 93 
48 59 
59 44 64 
45 41 22 10 
93 74 
13 8 
47 27 
26 90 
89 47 
90 29 
68 62 34 
2 94 
10 79 49 
84 36 
74 2 
64 97 
31 
4 
83 50 57 
1 43 61 
27 56 
53 21 
29 99 
52 63 
36 81 
49 
21 96 
63 
17 
97 
30 76 
85 30 
3 
69 80 
14 
18 
51 77 
35 
8 
81 
77 
76 
40 
61 
33 
79 12 
94 
56 
57 
98 
42 
58 
25 
34 
62 
96 
99 
80 
44 
23 
22 
12 
88 
41 70 
70 
65 
43 
50 
# clone tree 8 objective: 5.53485
0 88 92 
92 42 31 15 
15 67 
67 89 46 
46 17 7 11 
11 52 83 75 
75 25 26 19 
19 65 45 66 
66 50 84 5 
28 69 87 
5 23 14 6 
6 33 28 
87 98 4 24 
24 1 55 
20 78 
16 20 
55 16 
78 9 
9 40 39 
86 72 38 
39 18 86 
7 3 13 73 
38 54 
54 32 
32 51 85 82 
73 68 95 
95 37 
82 71 
91 60 
60 35 53 
37 58 48 
71 91 
72 93 
48 59 
59 44 64 
45 41 22 10 
93 74 
13 8 
47 27 
26 90 
89 47 
90 29 
68 62 34 
2 94 
10 79 49 
84 36 
74 2 
64 97 
31 
4 
83 57 
1 61 
27 56 
53 21 
29 99 
52 63 
36 81 
49 
21 96 
63 
17 
97 
30 76 
85 30 
3 
69 80 
14 
18 
51 77 
35 
8 
81 
77 
76 
40 
61 
33 
79 12 
94 
56 
57 
98 
42 
58 
25 
34 
62 
96 
99 
80 
44 
23 
22 43 
12 
88 
41 70 
70 
65 
43 
50 
# clone tree 9 objective: 5.53485
0 23 92 
92 43 42 31 15 
15 67 
67 89 46 
46 17 7 11 
11 52 83 75 
75 25 26 19 
19 45 66 
66 84 5 
28 69 87 
5 14 6 
6 33 28 
87 4 24 
24 1 55 
20 78 
16 20 
55 16 
78 98 9 
9 40 39 
86 72 38 
39 18 86 
7 3 13 73 
38 54 
54 32 
32 51 85 82 
73 68 95 
95 37 
82 71 
91 60 
60 35 53 
37 58 48 
71 91 
72 93 
48 22 59 
59 44 64 
45 10 
93 74 
13 8 
47 27 
26 90 
89 47 
90 29 
68 50 62 34 
2 88 94 
10 79 49 
84 41 36 
74 2 
64 97 
31 12 
4 
83 57 
1 61 
27 56 
53 21 
29 99 
52 63 
36 81 
49 
21 96 
63 
17 
97 
30 76 
85 30 
3 
69 80 
14 70 
18 
51 77 
35 
8 
81 
77 
76 
40 
61 
33 
79 
94 
56 
57 
98 
42 
58 
25 
34 65 
62 
96 
99 
80 
44 
23 
22 
12 
88 
41 
70 
65 
43 
50 
# clone tree 10 objective: 5.53485
0 88 92 
92 42 31 15 
15 67 
67 89 46 
46 17 7 11 
11 50 52 83 75 
75 25 26 19 
19 65 45 66 
66 84 5 
28 69 87 
5 23 14 6 
6 33 28 
87 98 4 24 
24 1 55 
20 78 
16 20 
55 16 
78 9 
9 40 39 
86 72 38 
39 18 86 
7 3 13 73 
38 54 
54 32 
32 51 85 82 
73 68 95 
95 37 
82 71 
91 60 
60 35 53 
37 58 48 
71 91 
72 93 
48 59 
59 44 64 
45 41 22 10 
93 74 
13 8 
47 27 
26 90 
89 47 
90 29 
68 62 34 
2 94 
10 79 49 
84 36 
74 2 
64 97 
31 
4 
83 57 
1 61 
27 56 
53 21 
29 99 
52 63 
36 81 
49 
21 96 
63 
17 
97 
30 76 
85 30 
3 
69 80 
14 
18 
51 77 
35 
8 
81 
77 
76 
40 
61 
33 
79 12 
94 
56 
57 
98 
42 
58 
25 
34 
62 
96 
99 
80 
44 
23 
22 43 
12 
88 
41 70 
70 
65 
43 
50 
# clone tree 11 objective: 5.53485
0 23 92 
92 43 42 31 15 
15 67 
67 89 46 
46 17 7 11 
11 52 83 75 
75 25 26 19 
19 45 66 
66 84 5 
28 69 87 
5 14 6 
6 33 28 
87 4 24 
24 1 55 
20 78 
16 20 
55 16 
78 98 9 
9 40 39 
86 72 38 
39 18 86 
7 3 13 73 
38 54 
54 32 
32 51 85 82 
73 68 95 
95 37 
82 71 
91 60 
60 35 53 
37 58 48 
71 50 91 
72 93 
48 22 59 
59 44 64 
45 10 
93 74 
13 8 
47 27 
26 90 
89 47 
90 29 
68 62 34 
2 88 94 
10 79 49 
84 41 36 
74 2 
64 97 
31 12 
4 
83 57 
1 61 
27 56 
53 21 
29 99 
52 63 
36 81 
49 
21 96 
63 
17 
97 
30 76 
85 30 
3 
69 80 
14 70 
18 
51 77 
35 
8 
81 
77 
76 
40 
61 
33 
79 
94 
56 
57 
98 
42 
58 
25 
34 65 
62 
96 
99 
80 
44 
23 
22 
12 
88 
41 
70 
65 
43 
50 
# clone tree 12 objective: 5.53485
0 23 92 
92 42 31 15 
15 67 
67 89 46 
46 17 7 11 
11 52 83 75 
75 25 26 19 
19 45 66 
66 84 5 
28 69 87 
5 14 6 
6 33 28 
87 98 4 24 
24 1 55 
20 78 
16 20 
55 16 
78 9 
9 40 39 
86 72 38 
39 18 86 
7 3 13 73 
38 54 
54 32 
32 51 85 82 
73 68 95 
95 37 
82 71 
91 60 
60 35 53 
37 58 48 
71 91 
72 93 
48 59 
59 44 64 
45 10 
93 70 74 
13 12 8 
47 65 27 
26 90 
89 47 
90 29 
68 62 34 
2 94 
10 79 49 
84 36 
74 2 
64 97 
31 
4 
83 57 
1 61 
27 56 
53 21 
29 99 
52 63 
36 81 
49 
21 96 
63 
17 
97 
30 76 
85 30 
3 
69 80 
14 
18 
51 77 
35 
8 
81 
77 
76 
40 41 
61 88 
33 
79 
94 50 
56 
57 
98 22 
42 
58 
25 
34 
62 
96 
99 
80 
44 43 
23 
22 
12 
88 
41 
70 
65 
43 
50 
# clone tree 13 objective: 5.53485
0 88 92 
92 42 31 15 
15 67 
67 89 46 
46 17 7 11 
11 52 83 75 
75 25 26 19 
19 65 45 66 
66 84 5 
28 69 87 
5 23 14 6 
6 33 28 
87 98 4 24 
24 1 55 
20 78 
16 20 
55 16 
78 9 
9 40 39 
86 72 38 
39 18 86 
7 3 13 73 
38 54 
54 32 
32 51 85 82 
73 68 95 
95 37 
82 71 
91 60 
60 35 53 
37 58 48 
71 91 
72 93 
48 59 
59 44 64 
45 41 22 10 
93 74 
13 8 
47 27 
26 90 
89 47 
90 29 
68 62 34 
2 94 
10 79 49 
84 36 
74 2 
64 97 
31 
4 
83 57 
1 50 61 
27 56 
53 21 
29 99 
52 63 
36 81 
49 
21 96 
63 
17 
97 
30 76 
85 30 
3 
69 80 
14 
18 
51 77 
35 
8 
81 
77 
76 
40 
61 
33 
79 12 
94 
56 
57 
98 
42 
58 
25 
34 
62 
96 
99 
80 
44 
23 
22 
12 
88 
41 70 
70 
65 
43 
50 43 
# clone tree 14 objective: 5.53485
0 23 92 
92 42 31 15 
15 67 
67 89 46 
46 17 7 11 
11 52 83 75 
75 25 26 19 
19 45 66 
66 84 5 
28 69 87 
5 14 6 
6 33 28 
87 98 4 24 
24 1 55 
20 78 
16 20 
55 16 
78 9 
9 40 39 
86 72 38 
39 18 86 
7 3 13 73 
38 54 
54 32 
32 51 85 82 
73 68 95 
95 37 
82 71 
91 60 
60 35 53 
37 58 48 
71 91 
72 93 
48 59 
59 44 64 
45 10 
93 70 74 
13 12 8 
47 65 27 
26 90 
89 47 
90 29 
68 62 34 
2 94 
10 79 49 
84 36 
74 2 
64 97 
31 
4 
83 57 
1 61 
27 56 
53 21 
29 99 
52 63 
36 81 
49 
21 96 
63 
17 
97 
30 76 
85 30 
3 
69 80 
14 
18 
51 50 77 
35 
8 
81 
77 
76 
40 41 
61 88 
33 
79 
94 
56 
57 
98 22 
42 
58 
25 
34 
62 
96 
99 
80 
44 43 
23 
22 
12 
88 
41 
70 
65 
43 
50 
# clone tree 15 objective: 5.53485
0 88 92 
92 42 31 15 
15 67 
67 89 46 
46 17 7 11 
11 52 83 75 
75 25 26 19 
19 65 45 66 
66 84 5 
28 69 87 
5 23 14 6 
6 33 28 
87 98 4 24 
24 1 55 
20 78 
16 20 
55 16 
78 9 
9 40 39 
86 72 38 
39 18 86 
7 3 13 73 
38 54 
54 32 
32 51 85 82 
73 68 95 
95 37 
82 71 
91 60 
60 35 53 
37 58 48 
71 91 
72 93 
48 59 
59 44 64 
45 41 22 10 
93 74 
13 8 
47 27 
26 90 
89 47 
90 29 
68 62 34 
2 94 
10 79 49 
84 36 
74 2 
64 97 
31 
4 
83 57 
1 50 43 61 
27 56 
53 21 
29 99 
52 63 
36 81 
49 
21 96 
63 
17 
97 
30 76 
85 30 
3 
69 80 
14 
18 
51 77 
35 
8 
81 
77 
76 
40 
61 
33 
79 12 
94 
56 
57 
98 
42 
58 
25 
34 
62 
96 
99 
80 
44 
23 
22 
12 
88 
41 70 
70 
65 
43 
50 
# clone tree 16 objective: 5.53485
0 23 92 
92 42 31 15 
15 67 
67 89 46 
46 17 7 11 
11 52 83 75 
75 25 26 19 
19 45 66 
66 84 5 
28 69 87 
5 14 6 
6 33 28 
87 98 4 24 
24 1 55 
20 78 
16 20 
55 16 
78 9 
9 40 39 
86 72 38 
39 18 86 
7 3 13 73 
38 54 
54 32 
32 51 85 82 
73 68 95 
95 37 
82 71 
91 60 
60 35 53 
37 58 48 
71 91 
72 93 
48 59 
59 44 64 
45 10 
93 70 74 
13 12 8 
47 65 27 
26 90 
89 47 
90 29 
68 62 34 
2 94 
10 79 49 
84 36 
74 2 
64 97 
31 
4 
83 57 
1 61 
27 56 
53 21 
29 99 
52 63 
36 81 
49 
21 96 
63 
17 
97 
30 76 
85 30 
3 
69 80 
14 
18 50 
51 77 
35 
8 
81 
77 
76 
40 41 
61 88 
33 
79 
94 
56 
57 
98 22 
42 
58 
25 
34 
62 
96 
99 
80 
44 43 
23 
22 
12 
88 
41 
70 
65 
43 
50 
# clone tree 17 objective: 5.53485
0 23 92 
92 43 42 31 15 
15 67 
67 89 46 
46 17 7 11 
11 52 83 75 
75 25 26 19 
19 45 66 
66 84 5 
28 69 87 
5 14 6 
6 33 28 
87 4 24 
24 1 55 
20 78 
16 20 
55 16 
78 98 9 
9 40 39 
86 72 38 
39 18 86 
7 3 13 73 
38 54 
54 32 
32 50 51 85 82 
73 68 95 
95 37 
82 71 
91 60 
60 35 53 
37 58 48 
71 91 
72 93 
48 22 59 
59 44 64 
45 10 
93 74 
13 8 
47 27 
26 90 
89 47 
90 29 
68 62 34 
2 88 94 
10 79 49 
84 41 36 
74 2 
64 97 
31 12 
4 
83 57 
1 61 
27 56 
53 21 
29 99 
52 63 
36 81 
49 
21 96 
63 
17 
97 
30 76 
85 30 
3 
69 80 
14 70 
18 
51 77 
35 
8 
81 
77 
76 
40 
61 
33 
79 
94 
56 
57 
98 
42 
58 
25 
34 65 
62 
96 
99 
80 
44 
23 
22 
12 
88 
41 
70 
65 
43 
50 
# clone tree 18 objective: 5.53485
0 23 92 
92 42 31 15 
15 67 
67 89 46 
46 17 7 11 
11 52 83 75 
75 25 26 19 
19 45 66 
66 84 5 
28 69 87 
5 14 6 
6 33 28 
87 98 4 24 
24 1 55 
20 78 
16 20 
55 16 
78 9 
9 40 39 
86 72 38 
39 18 86 
7 3 13 73 
38 54 
54 32 
32 51 85 82 
73 68 95 
95 37 
82 71 
91 60 
60 35 53 
37 58 48 
71 91 
72 93 
48 59 
59 44 64 
45 10 
93 70 74 
13 12 8 
47 65 27 
26 90 
89 47 
90 29 
68 62 34 
2 94 
10 79 49 
84 36 
74 2 
64 97 
31 
4 
83 57 
1 61 
27 56 
53 21 
29 99 
52 63 
36 81 
49 50 
21 96 
63 
17 
97 
30 76 
85 30 
3 
69 80 
14 
18 
51 77 
35 
8 
81 
77 
76 
40 41 
61 88 
33 
79 
94 
56 
57 
98 22 
42 
58 
25 
34 
62 
96 
99 
80 
44 43 
23 
22 
12 
88 
41 
70 
65 
43 
50 
# clone tree 19 objective: 5.53485
0 88 92 
92 42 31 15 
15 67 
67 89 46 
46 17 7 11 
11 52 83 75 
75 25 26 19 
19 65 45 66 
66 84 5 
28 69 87 
5 23 14 6 
6 33 28 
87 98 4 24 
24 1 55 
20 78 
16 20 
55 16 
78 9 
9 40 39 
86 72 38 
39 18 86 
7 3 13 73 
38 54 
54 32 
32 51 85 82 
73 68 95 
95 37 
82 71 
91 60 
60 35 53 
37 58 48 
71 91 
72 93 
48 59 
59 44 64 
45 41 22 10 
93 74 
13 50 8 
47 27 
26 90 
89 47 
90 29 
68 62 34 
2 94 
10 79 49 
84 36 
74 2 
64 97 
31 
4 
83 57 
1 43 61 
27 56 
53 21 
29 99 
52 63 
36 81 
49 
21 96 
63 
17 
97 
30 76 
85 30 
3 
69 80 
14 
18 
51 77 
35 
8 
81 
77 
76 
40 
61 
33 
79 12 
94 
56 
57 
98 
42 
58 
25 
34 
62 
96 
99 
80 
44 
23 
22 
12 
88 
41 70 
70 
65 
43 
50 
# clone tree 20 objective: 5.53485
0 23 92 
92 42 31 15 
15 67 
67 89 46 
46 17 7 11 
11 52 83 75 
75 25 26 19 
19 45 66 
66 84 5 
28 69 87 
5 14 6 
6 33 28 
87 98 4 24 
24 1 55 
20 78 
16 20 
55 16 
78 9 
9 40 39 
86 72 38 
39 18 86 
7 3 13 73 
38 54 
54 32 
32 51 85 82 
73 68 95 
95 37 
82 71 
91 60 
60 35 53 
37 58 48 
71 91 
72 93 
48 59 
59 44 64 
45 10 
93 70 74 
13 12 8 
47 65 27 
26 90 
89 47 
90 29 
68 62 34 
2 94 
10 79 49 
84 36 
74 2 
64 50 97 
31 
4 
83 57 
1 61 
27 56 
53 21 
29 99 
52 63 
36 81 
49 
21 96 
63 
17 
97 
30 76 
85 30 
3 
69 80 
14 
18 
51 77 
35 
8 
81 
77 
76 
40 41 
61 88 
33 
79 
94 
56 
57 
98 22 
42 
58 
25 
34 
62 
96 
99 
80 
44 43 
23 
22 
12 
88 
41 
70 
65 
43 
50 
# clone tree 21 objective: 5.53485
0 23 92 
92 43 42 31 15 
15 67 
67 89 46 
46 17 7 11 
11 52 83 75 
75 25 26 19 
19 45 66 
66 84 5 
28 69 87 
5 14 6 
6 33 28 
87 4 24 
24 1 55 
20 78 
16 20 
55 16 
78 98 9 
9 40 39 
86 72 38 
39 18 86 
7 3 13 73 
38 54 
54 32 
32 51 85 82 
73 68 95 
95 37 
82 71 
91 60 
60 35 53 
37 58 48 
71 91 
72 93 
48 22 59 
59 44 64 
45 10 
93 74 
13 50 8 
47 27 
26 90 
89 47 
90 29 
68 62 34 
2 88 94 
10 79 49 
84 41 36 
74 2 
64 97 
31 12 
4 
83 57 
1 61 
27 56 
53 21 
29 99 
52 63 
36 81 
49 
21 96 
63 
17 
97 
30 76 
85 30 
3 
69 80 
14 70 
18 
51 77 
35 
8 
81 
77 
76 
40 
61 
33 
79 
94 
56 
57 
98 
42 
58 
25 
34 65 
62 
96 
99 
80 
44 
23 
22 
12 
88 
41 
70 
65 
43 
50 
# clone tree 22 objective: 5.53485
0 23 92 
92 42 31 15 
15 67 
67 89 46 
46 17 7 11 
11 52 83 75 
75 25 26 19 
19 45 66 
66 84 5 
28 69 87 
5 14 6 
6 33 28 
87 98 4 24 
24 1 55 
20 78 
16 20 
55 16 
78 9 
9 40 39 
86 72 38 
39 18 86 
7 3 13 73 
38 54 
54 32 
32 51 85 82 
73 68 95 
95 37 
82 71 
91 60 
60 35 53 
37 58 48 
71 91 
72 93 
48 59 
59 44 64 
45 10 
93 70 74 
13 12 8 
47 65 27 
26 90 
89 47 
90 29 
68 62 34 
2 94 
10 79 49 
84 36 
74 2 
64 97 
31 
4 
83 57 
1 61 
27 56 
53 21 
29 99 
52 63 
36 81 
49 
21 96 
63 
17 
97 
30 76 
85 30 
3 
69 80 
14 
18 
51 77 
35 
8 
81 
77 
76 
40 41 
61 88 
33 
79 
94 
56 
57 
98 22 
42 
58 
25 
34 
62 
96 
99 
80 
44 43 
23 
22 
12 
88 50 
41 
70 
65 
43 
50 
# clone tree 23 objective: 5.53485
0 88 92 
92 42 31 15 
15 67 
67 89 46 
46 17 7 11 
11 52 83 75 
75 25 26 19 
19 65 45 66 
66 84 5 
28 69 87 
5 23 14 6 
6 33 28 
87 98 4 24 
24 1 55 
20 78 
16 20 
55 50 16 
78 9 
9 40 39 
86 72 38 
39 18 86 
7 3 13 73 
38 54 
54 32 
32 51 85 82 
73 68 95 
95 37 
82 71 
91 60 
60 35 53 
37 58 48 
71 91 
72 93 
48 59 
59 44 64 
45 41 22 10 
93 74 
13 8 
47 27 
26 90 
89 47 
90 29 
68 62 34 
2 94 
10 79 49 
84 36 
74 2 
64 97 
31 
4 
83 57 
1 43 61 
27 56 
53 21 
29 99 
52 63 
36 81 
49 
21 96 
63 
17 
97 
30 76 
85 30 
3 
69 80 
14 
18 
51 77 
35 
8 
81 
77 
76 
40 
61 
33 
79 12 
94 
56 
57 
98 
42 
58 
25 
34 
62 
96 
99 
80 
44 
23 
22 
12 
88 
41 70 
70 
65 
43 
50 
# clone tree 24 objective: 5.53485
0 23 92 
92 42 31 15 
15 67 
67 89 46 
46 17 7 11 
11 52 83 75 
75 25 26 19 
19 45 66 
66 84 5 
28 69 87 
5 14 6 
6 33 28 
87 98 4 24 
24 1 55 
20 78 
16 20 
55 16 
78 9 
9 40 39 
86 72 38 
39 18 86 
7 3 13 73 
38 54 
54 32 
32 51 85 82 
73 68 95 
95 37 
82 71 
91 50 60 
60 35 53 
37 58 48 
71 91 
72 93 
48 59 
59 44 64 
45 10 
93 70 74 
13 12 8 
47 65 27 
26 90 
89 47 
90 29 
68 62 34 
2 94 
10 79 49 
84 36 
74 2 
64 97 
31 
4 
83 57 
1 61 
27 56 
53 21 
29 99 
52 63 
36 81 
49 
21 96 
63 
17 
97 
30 76 
85 30 
3 
69 80 
14 
18 
51 77 
35 
8 
81 
77 
76 
40 41 
61 88 
33 
79 
94 
56 
57 
98 22 
42 
58 
25 
34 
62 
96 
99 
80 
44 43 
23 
22 
12 
88 
41 
70 
65 
43 
50 
# clone tree 25 objective: 5.53485
0 23 92 
92 43 42 31 15 
15 67 
67 89 46 
46 17 7 11 
11 52 83 75 
75 25 26 19 
19 45 66 
66 84 5 
28 69 87 
5 14 6 
6 33 28 
87 4 24 
24 1 55 
20 78 
16 20 
55 16 
78 98 9 
9 40 39 
86 72 38 
39 18 86 
7 3 13 73 
38 54 
54 32 
32 51 85 82 
73 68 95 
95 37 
82 71 
91 60 
60 35 53 
37 50 58 48 
71 91 
72 93 
48 22 59 
59 44 64 
45 10 
93 74 
13 8 
47 27 
26 90 
89 47 
90 29 
68 62 34 
2 88 94 
10 79 49 
84 41 36 
74 2 
64 97 
31 12 
4 
83 57 
1 61 
27 56 
53 21 
29 99 
52 63 
36 81 
49 
21 96 
63 
17 
97 
30 76 
85 30 
3 
69 80 
14 70 
18 
51 77 
35 
8 
81 
77 
76 
40 
61 
33 
79 
94 
56 
57 
98 
42 
58 
25 
34 65 
62 
96 
99 
80 
44 
23 
22 
12 
88 
41 
70 
65 
43 
50 
# clone tree 26 objective: 5.53485
0 23 92 
92 42 31 15 
15 67 
67 89 46 
46 17 7 11 
11 52 83 75 
75 25 26 19 
19 45 66 
66 84 5 
28 69 87 
5 14 6 
6 33 28 
87 98 4 24 
24 1 55 
20 78 
16 20 
55 16 
78 9 
9 40 39 
86 72 38 
39 18 86 
7 3 13 73 
38 54 
54 32 
32 51 85 82 
73 68 95 
95 37 
82 50 71 
91 60 
60 35 53 
37 58 48 
71 91 
72 93 
48 59 
59 44 64 
45 10 
93 70 74 
13 12 8 
47 65 27 
26 90 
89 47 
90 29 
68 62 34 
2 94 
10 79 49 
84 36 
74 2 
64 97 
31 
4 
83 57 
1 61 
27 56 
53 21 
29 99 
52 63 
36 81 
49 
21 96 
63 
17 
97 
30 76 
85 30 
3 
69 80 
14 
18 
51 77 
35 
8 
81 
77 
76 
40 41 
61 88 
33 
79 
94 
56 
57 
98 22 
42 
58 
25 
34 
62 
96 
99 
80 
44 43 
23 
22 
12 
88 
41 
70 
65 
43 
50 
# clone tree 27 objective: 5.53485
0 23 92 
92 42 31 15 
15 67 
67 89 46 
46 17 7 11 
11 52 83 75 
75 25 26 19 
19 45 66 
66 84 5 
28 69 87 
5 14 6 
6 33 28 
87 4 24 
24 1 55 
20 78 
16 20 
55 16 
78 43 98 9 
9 40 39 
86 72 38 
39 18 86 
7 3 13 73 
38 54 
54 32 
32 51 85 82 
73 68 95 
95 37 
82 71 
91 60 
60 35 53 
37 58 48 
71 91 
72 41 93 
48 59 
59 44 64 
45 10 
93 74 
13 12 8 
47 27 
26 90 
89 47 
90 29 
68 62 34 
2 94 
10 79 49 
84 70 36 
74 2 
64 97 
31 
4 22 
83 57 
1 61 
27 56 
53 21 
29 99 
52 63 
36 81 
49 65 
21 96 
63 
17 
97 
30 76 
85 30 
3 
69 80 
14 
18 50 
51 77 
35 
8 
81 
77 
76 
40 
61 
33 
79 
94 88 
56 
57 
98 
42 
58 
25 
34 
62 
96 
99 
80 
44 
23 
22 
12 
88 
41 
70 
65 
43 
50 
# clone tree 28 objective: 5.53485
0 23 92 
92 42 31 15 
15 67 
67 89 46 
46 17 7 11 
11 52 83 75 
75 25 26 19 
19 45 66 
66 84 5 
28 69 87 
5 14 6 
6 33 28 
87 98 4 24 
24 1 55 
20 78 
16 20 
55 16 
78 9 
9 40 39 
86 72 38 
39 18 86 
7 3 13 73 
38 70 54 
54 32 
32 51 85 82 
73 68 95 
95 37 
82 71 
91 60 
60 35 53 
37 58 48 
71 91 
72 93 
48 59 
59 44 64 
45 10 
93 74 
13 8 
47 41 27 
26 90 
89 43 47 
90 29 
68 88 62 34 
2 94 
10 79 49 
84 36 
74 2 
64 97 
31 12 
4 
83 57 
1 61 
27 56 
53 22 21 
29 99 
52 50 63 
36 81 
49 
21 96 
63 
17 
97 
30 76 
85 30 
3 
69 80 
14 
18 
51 77 
35 
8 
81 
77 
76 
40 
61 
33 
79 
94 
56 
57 
98 
42 
58 
25 
34 65 
62 
96 
99 
80 
44 
23 
22 
12 
88 
41 
70 
65 
43 
50 
# clone tree 29 objective: 5.53485
0 88 92 
92 42 31 15 
15 67 
67 89 46 
46 17 7 11 
11 52 83 75 
75 25 26 19 
19 65 45 66 
66 84 5 
28 69 87 
5 23 14 6 
6 33 28 
87 98 4 24 
24 1 55 
20 78 
16 20 
55 16 
78 9 
9 40 39 
86 72 38 
39 18 86 
7 3 13 73 
38 50 54 
54 32 
32 51 85 82 
73 68 95 
95 37 
82 71 
91 60 
60 35 53 
37 58 48 
71 91 
72 93 
48 59 
59 44 64 
45 41 22 10 
93 74 
13 8 
47 27 
26 90 
89 47 
90 29 
68 62 34 
2 94 
10 79 49 
84 36 
74 2 
64 97 
31 
4 
83 57 
1 61 
27 56 
53 21 
29 99 
52 63 
36 81 
49 
21 96 
63 
17 
97 
30 76 
85 30 
3 
69 80 
14 
18 
51 77 
35 
8 
81 43 
77 
76 
40 
61 
33 
79 12 
94 
56 
57 
98 
42 
58 
25 
34 
62 
96 
99 
80 
44 
23 
22 
12 
88 
41 70 
70 
65 
43 
50 
# clone tree 30 objective: 5.53485
0 23 92 
92 42 31 15 
15 67 
67 89 46 
46 17 7 11 
11 52 83 75 
75 25 26 19 
19 45 66 
66 84 5 
28 69 87 
5 14 6 
6 33 28 
87 22 4 24 
24 1 55 
20 78 
16 20 
55 16 
78 98 9 
9 40 39 
86 72 38 
39 12 18 86 
7 3 13 73 
38 54 
54 32 
32 51 85 82 
73 68 95 
95 88 37 
82 71 
91 60 
60 35 53 
37 58 48 
71 91 
72 93 
48 59 
59 44 64 
45 10 
93 74 
13 8 
47 27 
26 90 
89 47 
90 29 
68 62 34 
2 94 
10 79 49 
84 70 36 
74 50 2 
64 97 
31 
4 
83 57 
1 61 
27 56 
53 21 
29 43 99 
52 63 
36 81 
49 
21 96 
63 
17 
97 
30 76 
85 30 
3 
69 80 
14 65 
18 41 
51 77 
35 
8 
81 
77 
76 
40 
61 
33 
79 
94 
56 
57 
98 
42 
58 
25 
34 
62 
96 
99 
80 
44 
23 
22 
12 
88 
41 
70 
65 
43 
50 
# clone tree 31 objective: 5.53485
0 92 
92 42 31 15 
15 67 
67 89 46 
46 17 7 11 
11 41 52 83 75 
75 25 26 19 
19 45 66 
66 22 84 5 
28 69 87 
5 14 6 
6 33 28 
87 4 24 
24 1 55 
20 78 
16 20 
55 16 
78 98 9 
9 40 39 
86 72 38 
39 18 86 
7 3 13 73 
38 54 
54 32 
32 51 85 82 
73 68 95 
95 37 
82 71 
91 60 
60 35 53 
37 70 58 48 
71 91 
72 93 
48 59 
59 23 44 64 
45 65 10 
93 74 
13 8 
47 27 
26 90 
89 47 
90 29 
68 62 34 
2 94 
10 79 49 
84 36 
74 2 
64 97 
31 
4 
83 57 
1 61 
27 56 
53 21 
29 99 
52 63 
36 81 
49 
21 96 
63 
17 
97 
30 76 
85 30 
3 
69 80 
14 
18 
51 77 
35 
8 
81 
77 
76 
40 
61 88 
33 
79 12 
94 
56 
57 43 
98 
42 
58 
25 
34 
62 
96 
99 
80 
44 
23 
22 
12 
88 
41 
70 
65 
43 50 
50 
# clone tree 32 objective: 5.53485
0 23 92 
92 43 42 31 15 
15 67 
67 89 46 
46 17 7 11 
11 52 83 75 
75 25 26 19 
19 45 66 
66 84 5 
28 69 87 
5 14 6 
6 33 28 
87 4 24 
24 1 55 
20 78 
16 20 
55 16 
78 98 9 
9 40 39 
86 72 38 
39 18 86 
7 3 13 73 
38 54 
54 32 
32 51 85 82 
73 68 95 
95 37 
82 71 
91 60 
60 35 53 
37 58 48 
71 91 
72 93 
48 22 59 
59 44 64 
45 10 
93 74 
13 8 
47 27 
26 90 
89 47 
90 29 
68 62 34 
2 50 88 94 
10 79 49 
84 41 36 
74 2 
64 97 
31 12 
4 
83 57 
1 61 
27 56 
53 21 
29 99 
52 63 
36 81 
49 
21 96 
63 
17 
97 
30 76 
85 30 
3 
69 80 
14 70 
18 
51 77 
35 
8 
81 
77 
76 
40 
61 
33 
79 
94 
56 
57 
98 
42 
58 
25 
34 65 
62 
96 
99 
80 
44 
23 
22 
12 
88 
41 
70 
65 
43 
50 
# clone tree 33 objective: 5.53485
0 23 92 
92 42 31 15 
15 67 
67 89 46 
46 17 7 11 
11 41 52 83 75 
75 25 26 19 
19 45 66 
66 43 84 5 
28 69 87 
5 14 6 
6 33 28 
87 98 4 24 
24 1 55 
20 78 
16 20 
55 16 
78 9 
9 40 39 
86 72 38 
39 18 86 
7 3 13 73 
38 54 
54 32 
32 51 85 82 
73 68 95 
95 37 
82 71 
91 60 
60 35 53 
37 58 48 
71 91 
72 93 
48 59 
59 44 64 
45 10 
93 74 
13 12 8 
47 27 
26 90 
89 47 
90 29 
68 62 34 
2 94 
10 79 49 
84 36 
74 2 
64 97 
31 
4 
83 65 57 
1 61 
27 50 56 
53 21 
29 70 99 
52 63 
36 81 
49 
21 96 
63 
17 
97 
30 76 
85 30 
3 
69 80 
14 
18 
51 77 
35 
8 
81 
77 
76 
40 
61 88 
33 
79 
94 
56 
57 
98 22 
42 
58 
25 
34 
62 
96 
99 
80 
44 
23 
22 
12 
88 
41 
70 
65 
43 
50 
# clone tree 34 objective: 5.53485
0 92 
92 42 31 15 
15 67 
67 89 46 
46 17 7 11 
11 52 83 75 
75 25 26 19 
19 45 66 
66 22 84 5 
28 23 69 87 
5 14 6 
6 33 28 
87 4 24 
24 1 55 
20 78 
16 20 
55 16 
78 98 9 
9 40 39 
86 72 38 
39 18 86 
7 3 13 73 
38 54 
54 32 
32 51 85 82 
73 68 95 
95 37 
82 71 
91 60 
60 35 53 
37 58 48 
71 91 
72 93 
48 59 
59 44 64 
45 10 
93 74 
13 8 
47 27 
26 90 
89 47 
90 29 
68 62 34 
2 94 
10 79 49 
84 36 
74 12 2 
64 97 
31 
4 
83 57 
1 88 61 
27 56 
53 21 
29 99 
52 63 
36 81 
49 
21 96 
63 41 
17 
97 
30 76 
85 30 
3 
69 80 
14 
18 
51 77 
35 
8 
81 
77 
76 65 
40 
61 
33 
79 
94 
56 
57 50 
98 
42 43 
58 
25 
34 
62 
96 
99 
80 
44 70 
23 
22 
12 
88 
41 
70 
65 
43 
50 
# clone tree 35 objective: 5.53485
0 23 92 
92 42 31 15 
15 67 
67 89 46 
46 17 7 11 
11 52 83 75 
75 25 26 19 
19 45 66 
66 84 5 
28 69 87 
5 14 6 
6 33 28 
87 4 24 
24 1 55 
20 78 
16 20 
55 16 
78 98 9 
9 40 39 
86 72 38 
39 18 86 
7 3 13 73 
38 54 
54 32 
32 51 85 82 
73 68 95 
95 37 
82 71 
91 60 
60 35 53 
37 58 48 
71 91 
72 41 93 
48 59 
59 44 64 
45 10 
93 74 
13 8 
47 27 
26 90 
89 47 
90 22 29 
68 62 34 
2 94 
10 79 49 
84 36 
74 2 
64 97 
31 88 
4 
83 43 57 
1 61 
27 50 56 
53 21 
29 99 
52 63 
36 81 
49 
21 96 
63 
17 
97 
30 76 
85 30 
3 
69 80 
14 
18 
51 77 
35 
8 
81 
77 
76 65 
40 
61 
33 
79 12 
94 
56 
57 
98 
42 
58 
25 
34 
62 
96 
99 
80 
44 
23 
22 
12 
88 
41 70 
70 
65 
43 
50 
# clone tree 36 objective: 5.53485
0 23 92 
92 42 31 15 
15 67 
67 89 46 
46 17 7 11 
11 52 83 75 
75 25 26 19 
19 45 66 
66 84 5 
28 69 87 
5 14 6 
6 33 28 
87 98 4 24 
24 1 55 
20 78 
16 20 
55 16 
78 9 
9 40 39 
86 72 38 
39 18 86 
7 3 13 73 
38 54 
54 32 
32 51 85 82 
73 50 68 95 
95 37 
82 71 
91 60 
60 35 53 
37 65 58 48 
71 91 
72 93 
48 59 
59 44 64 
45 10 
93 74 
13 12 8 
47 27 
26 90 
89 47 
90 29 
68 62 34 
2 94 
10 79 49 
84 36 
74 2 
64 97 
31 
4 
83 57 
1 61 
27 56 
53 21 
29 99 
52 63 
36 81 
49 
21 96 
63 
17 
97 
30 76 
85 30 
3 
69 80 
14 41 
18 
51 77 
35 
8 
81 
77 
76 
40 
61 88 
33 
79 
94 
56 
57 70 
98 22 
42 
58 
25 
34 43 
62 
96 
99 
80 
44 
23 
22 
12 
88 
41 
70 
65 
43 
50 
# clone tree 37 objective: 5.53485
0 23 92 
92 42 31 15 
15 67 
67 89 46 
46 17 7 11 
11 52 83 75 
75 25 26 19 
19 45 66 
66 84 5 
28 69 87 
5 14 6 
6 33 28 
87 98 4 24 
24 1 55 
20 78 
16 20 
55 16 
78 9 
9 40 39 
86 72 38 
39 18 86 
7 3 13 73 
38 54 
54 32 
32 51 85 82 
73 68 95 
95 37 
82 71 
91 60 
60 35 53 
37 58 48 
71 91 
72 93 
48 59 
59 44 64 
45 65 10 
93 70 74 
13 12 8 
47 27 
26 90 
89 47 
90 29 
68 62 34 
2 94 
10 79 49 
84 36 
74 2 
64 97 
31 
4 
83 57 
1 61 
27 56 
53 21 
29 99 
52 63 
36 81 
49 43 
21 96 
63 
17 
97 
30 76 
85 30 
3 
69 80 
14 
18 
51 77 
35 
8 
81 
77 50 
76 
40 41 
61 88 
33 
79 
94 
56 
57 
98 22 
42 
58 
25 
34 
62 
96 
99 
80 
44 
23 
22 
12 
88 
41 
70 
65 
43 
50 
# clone tree 38 objective: 5.53485
0 23 92 
92 42 31 15 
15 67 
67 89 46 
46 17 7 11 
11 52 83 75 
75 25 26 19 
19 45 66 
66 84 5 
28 69 87 
5 14 6 
6 33 28 
87 4 24 
24 1 55 
20 43 78 
16 20 
55 16 
78 98 9 
9 40 39 
86 72 38 
39 18 86 
7 3 13 73 
38 54 
54 32 
32 51 85 82 
73 68 95 
95 37 
82 71 
91 60 
60 35 53 
37 58 48 
71 91 
72 41 93 
48 59 
59 44 64 
45 10 
93 70 74 
13 12 8 
47 27 
26 90 
89 47 
90 29 
68 62 34 
2 94 
10 79 49 
84 36 
74 2 
64 97 
31 
4 50 22 
83 57 
1 61 
27 65 56 
53 21 
29 99 
52 63 
36 81 
49 
21 96 
63 
17 
97 
30 76 
85 30 
3 
69 80 
14 
18 
51 77 
35 
8 
81 
77 
76 
40 
61 
33 
79 
94 88 
56 
57 
98 
42 
58 
25 
34 
62 
96 
99 
80 
44 
23 
22 
12 
88 
41 
70 
65 
43 
50 
# clone tree 39 objective: 5.53485
0 23 92 
92 42 31 15 
15 67 
67 43 89 46 
46 17 7 11 
11 41 52 83 75 
75 25 26 19 
19 45 66 
66 84 5 
28 69 87 
5 14 6 
6 33 28 
87 98 4 24 
24 1 55 
20 78 
16 20 
55 16 
78 9 
9 40 39 
86 72 38 
39 18 86 
7 3 13 73 
38 54 
54 32 
32 51 85 82 
73 68 95 
95 37 
82 71 
91 60 
60 35 53 
37 58 48 
71 91 
72 93 
48 59 
59 44 64 
45 10 
93 74 
13 12 8 
47 27 
26 90 
89 47 
90 29 
68 62 34 
2 94 
10 79 49 
84 50 36 
74 2 
64 97 
31 
4 
83 65 57 
1 61 
27 56 
53 21 
29 70 99 
52 63 
36 81 
49 
21 96 
63 
17 
97 
30 76 
85 30 
3 
69 80 
14 
18 
51 77 
35 
8 
81 
77 
76 
40 
61 88 
33 
79 
94 
56 
57 
98 22 
42 
58 
25 
34 
62 
96 
99 
80 
44 
23 
22 
12 
88 
41 
70 
65 
43 
50 
# clone tree 40 objective: 5.53485
0 23 92 
92 42 31 15 
15 67 
67 89 46 
46 17 7 11 
11 52 83 75 
75 25 26 19 
19 45 66 
66 84 5 
28 69 87 
5 14 6 
6 33 28 
87 4 24 
24 1 55 
20 65 78 
16 20 
55 16 
78 98 9 
9 40 39 
86 72 38 
39 12 18 86 
7 3 13 73 
38 54 
54 32 
32 51 85 82 
73 68 95 
95 37 
82 71 
91 60 
60 35 53 
37 58 48 
71 91 
72 93 
48 59 
59 44 64 
45 22 10 
93 74 
13 8 
47 27 
26 90 
89 47 
90 50 29 
68 62 34 
2 94 
10 79 49 
84 36 
74 2 
64 97 
31 
4 
83 57 
1 61 
27 56 
53 21 
29 99 
52 63 
36 81 
49 41 
21 96 
63 
17 
97 
30 76 
85 30 
3 
69 80 
14 
18 
51 43 77 
35 
8 
81 
77 
76 
40 
61 
33 
79 
94 
56 
57 
98 
42 
58 
25 
34 
62 88 
96 
99 
80 
44 
23 
22 
12 
88 
41 70 
70 
65 
43 
50 
# clone tree 41 objective: 5.53485
0 92 
92 42 31 15 
15 67 
67 89 46 
46 17 7 11 
11 52 83 75 
75 25 26 19 
19 41 45 66 
66 22 84 5 
28 23 69 87 
5 50 14 6 
6 33 28 
87 4 24 
24 88 1 55 
20 12 78 
16 20 
55 16 
78 98 9 
9 40 39 
86 72 38 
39 18 86 
7 3 13 73 
38 54 
54 32 
32 51 85 82 
73 68 95 
95 43 37 
82 71 
91 60 
60 35 53 
37 70 58 48 
71 91 
72 93 
48 59 
59 44 64 
45 10 
93 74 
13 8 
47 27 
26 90 
89 47 
90 29 
68 62 34 
2 94 
10 79 49 
84 36 
74 2 
64 97 
31 
4 
83 57 
1 61 
27 56 
53 21 
29 99 
52 63 
36 81 
49 
21 96 
63 
17 
97 
30 76 
85 30 
3 
69 80 
14 
18 
51 77 
35 
8 
81 
77 
76 
40 
61 
33 
79 
94 
56 
57 65 
98 
42 
58 
25 
34 
62 
96 
99 
80 
44 
23 
22 
12 
88 
41 
70 
65 
43 
50 
# clone tree 42 objective: 5.53485
0 23 92 
92 42 31 15 
15 67 
67 89 46 
46 17 7 11 
11 52 83 75 
75 25 26 19 
19 45 66 
66 84 5 
28 69 87 
5 14 6 
6 33 28 
87 4 24 
24 1 55 
20 78 
16 20 
55 16 
78 98 9 
9 40 39 
86 72 38 
39 18 86 
7 3 13 73 
38 54 
54 32 
32 51 85 82 
73 68 95 
95 37 
82 71 
91 60 
60 35 53 
37 58 48 
71 91 
72 41 93 
48 59 
59 44 64 
45 10 
93 74 
13 8 
47 27 
26 90 
89 47 
90 22 29 
68 62 34 
2 94 
10 79 49 
84 36 
74 2 
64 97 
31 88 
4 
83 57 
1 61 
27 56 
53 21 
29 99 
52 50 63 
36 81 
49 
21 43 96 
63 
17 
97 
30 76 
85 30 
3 
69 80 
14 
18 
51 77 
35 
8 
81 
77 
76 65 
40 
61 
33 
79 12 
94 
56 
57 
98 
42 
58 
25 
34 
62 
96 
99 
80 
44 
23 
22 
12 
88 
41 70 
70 
65 
43 
50 
# clone tree 43 objective: 5.53485
0 88 92 
92 42 31 15 
15 67 
67 89 46 
46 17 7 11 
11 70 52 83 75 
75 25 26 19 
19 45 66 
66 84 5 
28 23 69 87 
5 14 6 
6 33 28 
87 4 24 
24 1 55 
20 78 
16 20 
55 16 
78 98 9 
9 40 39 
86 72 38 
39 18 86 
7 3 13 73 
38 54 
54 32 
32 51 85 82 
73 68 95 
95 37 
82 71 
91 60 
60 35 53 
37 58 48 
71 91 
72 93 
48 59 
59 44 64 
45 10 
93 74 
13 8 
47 65 41 27 
26 90 
89 47 
90 29 
68 62 34 
2 94 
10 79 49 
84 36 
74 2 
64 97 
31 12 
4 
83 57 
1 61 
27 56 
53 21 
29 99 
52 63 
36 81 
49 
21 96 
63 
17 
97 
30 43 76 
85 30 
3 
69 80 
14 
18 
51 77 
35 
8 
81 
77 
76 50 
40 
61 
33 
79 
94 
56 
57 
98 22 
42 
58 
25 
34 
62 
96 
99 
80 
44 
23 
22 
12 
88 
41 
70 
65 
43 
50 
# clone tree 44 objective: 5.53485
0 23 92 
92 42 31 15 
15 67 
67 89 46 
46 17 7 11 
11 52 83 75 
75 25 26 19 
19 45 66 
66 84 5 
28 69 87 
5 14 6 
6 33 28 
87 4 24 
24 1 55 
20 78 
16 20 
55 16 
78 98 9 
9 40 39 
86 72 38 
39 18 86 
7 3 13 73 
38 54 
54 32 
32 51 85 82 
73 68 95 
95 37 
82 71 
91 60 
60 35 53 
37 58 48 
71 91 
72 41 93 
48 59 
59 44 64 
45 10 
93 74 
13 8 
47 27 
26 90 
89 47 
90 22 29 
68 62 34 
2 94 
10 79 49 
84 36 
74 2 
64 50 97 
31 88 
4 
83 57 
1 61 
27 56 
53 21 
29 99 
52 63 
36 81 
49 
21 96 
63 
17 
97 
30 76 
85 30 
3 
69 80 
14 
18 43 
51 77 
35 
8 
81 
77 
76 65 
40 
61 
33 
79 12 
94 
56 
57 
98 
42 
58 
25 
34 
62 
96 
99 
80 
44 
23 
22 
12 
88 
41 70 
70 
65 
43 
50 
# clone tree 45 objective: 5.53485
0 43 88 92 
92 42 31 15 
15 67 
67 89 46 
46 17 7 11 
11 52 83 75 
75 25 26 19 
19 45 66 
66 84 5 
28 23 69 87 
5 14 6 
6 33 28 
87 4 24 
24 1 55 
20 78 
16 20 
55 16 
78 98 9 
9 40 39 
86 72 38 
39 18 86 
7 3 13 73 
38 54 
54 32 
32 51 85 82 
73 68 95 
95 37 
82 71 
91 60 
60 35 53 
37 58 48 
71 91 
72 93 
48 59 
59 44 64 
45 10 
93 74 
13 8 
47 27 
26 90 
89 47 
90 29 
68 62 34 
2 50 94 
10 79 49 
84 36 
74 2 
64 97 
31 12 
4 
83 70 57 
1 61 
27 56 
53 21 
29 99 
52 63 
36 81 
49 
21 96 
63 
17 
97 
30 76 
85 30 
3 
69 80 
14 65 
18 
51 77 
35 
8 
81 
77 
76 
40 
61 
33 
79 
94 
56 
57 
98 22 
42 
58 
25 
34 41 
62 
96 
99 
80 
44 
23 
22 
12 
88 
41 
70 
65 
43 
50 
# clone tree 46 objective: 5.53485
0 23 92 
92 42 31 15 
15 67 
67 89 46 
46 17 7 11 
11 52 83 75 
75 25 26 19 
19 45 66 
66 84 5 
28 69 87 
5 14 6 
6 33 28 
87 4 24 
24 1 55 
20 78 
16 20 
55 16 
78 98 9 
9 40 39 
86 72 38 
39 18 86 
7 3 13 73 
38 54 
54 32 
32 51 85 82 
73 68 95 
95 37 
82 71 
91 60 
60 35 53 
37 58 48 
71 91 
72 41 93 
48 59 
59 44 64 
45 10 
93 74 
13 8 
47 27 
26 90 
89 47 
90 22 29 
68 62 34 
2 94 
10 79 49 
84 36 
74 2 
64 97 
31 88 
4 
83 57 
1 61 
27 56 
53 21 
29 99 
52 63 
36 81 
49 43 
21 96 
63 
17 
97 
30 76 
85 30 
3 
69 80 
14 
18 
51 77 
35 
8 50 
81 
77 
76 65 
40 
61 
33 
79 12 
94 
56 
57 
98 
42 
58 
25 
34 
62 
96 
99 
80 
44 
23 
22 
12 
88 
41 70 
70 
65 
43 
50 
# clone tree 47 objective: 5.53485
0 23 92 
92 42 31 15 
15 67 
67 89 46 
46 17 7 11 
11 52 83 75 
75 25 26 19 
19 45 66 
66 84 5 
28 69 87 
5 14 6 
6 33 28 
87 4 24 
24 1 55 
20 78 
16 20 
55 16 
78 98 9 
9 40 39 
86 72 38 
39 18 86 
7 3 13 73 
38 54 
54 32 
32 51 85 82 
73 68 95 
95 37 
82 71 
91 60 
60 35 53 
37 58 48 
71 91 
72 41 93 
48 59 
59 44 64 
45 10 
93 74 
13 12 8 
47 65 27 
26 90 
89 47 
90 29 
68 62 34 
2 94 
10 79 49 
84 70 36 
74 2 
64 97 
31 
4 22 
83 57 
1 61 
27 56 
53 21 
29 99 
52 63 
36 81 
49 
21 96 
63 
17 
97 
30 76 
85 30 
3 50 
69 80 
14 
18 
51 77 
35 
8 
81 
77 
76 
40 
61 
33 
79 
94 88 
56 
57 
98 
42 
58 
25 
34 
62 
96 
99 
80 
44 
23 
22 
12 43 
88 
41 
70 
65 
43 
50 
# clone tree 48 objective: 5.53485
0 92 
92 42 31 15 
15 67 
67 89 46 
46 17 7 11 
11 52 83 75 
75 25 26 19 
19 70 45 66 
66 84 5 
28 23 69 87 
5 14 6 
6 33 28 
87 98 4 24 
24 1 55 
20 41 78 
16 20 
55 16 
78 43 9 
9 40 39 
86 72 38 
39 12 18 86 
7 3 13 73 
38 54 
54 32 
32 51 85 82 
73 68 95 
95 37 
82 71 
91 60 
60 35 53 
37 58 48 
71 91 
72 93 
48 59 
59 44 64 
45 22 10 
93 74 
13 8 
47 65 27 
26 90 
89 47 
90 29 
68 62 34 
2 94 
10 79 49 
84 36 
74 2 
64 97 
31 
4 
83 57 
1 88 61 
27 56 
53 21 
29 99 
52 63 
36 81 
49 
21 96 
63 
17 
97 
30 76 
85 30 
3 
69 80 
14 
18 
51 77 
35 
8 
81 
77 
76 
40 
61 
33 
79 
94 
56 
57 50 
98 
42 
58 
25 
34 
62 
96 
99 
80 
44 
23 
22 
12 
88 
41 
70 
65 
43 
50 
# clone tree 49 objective: 5.53485
0 23 92 
92 42 31 15 
15 67 
67 89 46 
46 17 7 11 
11 52 83 75 
75 25 26 19 
19 45 66 
66 84 5 
28 69 87 
5 14 6 
6 33 28 
87 4 24 
24 1 55 
20 78 
16 20 
55 16 
78 98 9 
9 40 39 
86 72 38 
39 18 86 
7 3 13 73 
38 54 
54 32 
32 51 85 82 
73 68 95 
95 37 
82 71 
91 60 
60 35 53 
37 58 48 
71 12 91 
72 93 
48 59 
59 44 64 
45 70 10 
93 74 
13 8 
47 27 
26 90 
89 47 
90 50 29 
68 88 62 34 
2 94 
10 79 49 
84 36 
74 2 
64 97 
31 
4 22 
83 57 
1 61 
27 56 
53 21 
29 99 
52 63 
36 81 
49 
21 96 
63 65 
17 
97 
30 76 
85 30 
3 
69 80 
14 
18 41 
51 77 
35 
8 
81 
77 
76 
40 
61 
33 
79 
94 
56 
57 
98 
42 
58 
25 
34 
62 
96 
99 
80 
44 
23 43 
22 
12 
88 
41 
70 
65 
43 
50 
# clone tree 50 objective: 5.53485
0 92 
92 42 31 15 
15 67 
67 89 46 
46 17 7 11 
11 52 83 75 
75 25 26 19 
19 45 66 
66 84 5 
28 69 87 
5 14 6 
6 33 28 
87 4 24 
24 1 55 
20 12 78 
16 20 
55 16 
78 98 9 
9 40 39 
86 72 38 
39 18 86 
7 3 13 73 
38 54 
54 32 
32 51 85 82 
73 68 95 
95 37 
82 71 
91 88 60 
60 35 53 
37 58 48 
71 91 
72 93 
48 59 
59 23 44 64 
45 41 10 
93 74 
13 8 
47 27 
26 90 
89 47 
90 29 
68 62 34 
2 50 94 
10 79 49 
84 36 
74 2 
64 43 97 
31 
4 
83 65 57 
1 61 
27 56 
53 22 21 
29 99 
52 63 
36 81 
49 
21 96 
63 
17 
97 
30 76 
85 30 
3 
69 80 
14 
18 
51 77 
35 
8 
81 
77 
76 
40 
61 
33 
79 
94 
56 
57 70 
98 
42 
58 
25 
34 
62 
96 
99 
80 
44 
23 
22 
12 
88 
41 
70 
65 
43 
50 
# clone tree 51 objective: 5.53485
0 23 92 
92 42 31 15 
15 67 
67 89 46 
46 17 7 11 
11 52 83 75 
75 25 26 19 
19 45 66 
66 84 5 
28 69 87 
5 14 6 
6 33 28 
87 4 24 
24 1 55 
20 78 
16 20 
55 16 
78 98 9 
9 40 39 
86 72 38 
39 18 86 
7 3 13 73 
38 54 
54 32 
32 51 85 82 
73 68 95 
95 37 
82 71 
91 60 
60 35 53 
37 58 48 
71 91 
72 41 93 
48 59 
59 44 64 
45 10 
93 74 
13 8 
47 27 
26 90 
89 47 
90 22 29 
68 62 34 
2 94 
10 79 49 
84 50 36 
74 2 
64 97 
31 88 
4 
83 57 
1 61 
27 56 
53 21 
29 99 
52 63 
36 81 
49 
21 96 
63 
17 
97 
30 76 
85 30 
3 
69 80 
14 
18 
51 77 
35 
8 
81 
77 
76 65 
40 
61 
33 
79 43 12 
94 
56 
57 
98 
42 
58 
25 
34 
62 
96 
99 
80 
44 
23 
22 
12 
88 
41 70 
70 
65 
43 
50 
# clone tree 52 objective: 5.53485
0 23 92 
92 42 31 15 
15 67 
67 89 46 
46 17 7 11 
11 52 83 75 
75 25 26 19 
19 45 66 
66 84 5 
28 69 87 
5 14 6 
6 33 28 
87 4 24 
24 1 55 
20 78 
16 20 
55 16 
78 98 9 
9 40 39 
86 72 38 
39 18 86 
7 3 13 73 
38 54 
54 32 
32 51 85 82 
73 68 95 
95 37 
82 71 
91 60 
60 35 53 
37 58 48 
71 91 
72 41 93 
48 59 
59 44 64 
45 10 
93 74 
13 12 8 
47 43 27 
26 90 
89 47 
90 29 
68 62 34 
2 94 
10 79 49 
84 70 36 
74 2 
64 97 
31 
4 22 
83 57 
1 61 
27 56 
53 21 
29 99 
52 63 
36 81 
49 
21 96 
63 
17 
97 
30 76 
85 30 
3 
69 80 
14 
18 
51 77 
35 
8 
81 
77 
76 65 
40 
61 
33 
79 
94 50 88 
56 
57 
98 
42 
58 
25 
34 
62 
96 
99 
80 
44 
23 
22 
12 
88 
41 
70 
65 
43 
50 
# clone tree 53 objective: 5.53485
0 92 
92 42 31 15 
15 67 
67 89 46 
46 17 7 11 
11 52 83 75 
75 25 26 19 
19 70 45 66 
66 84 5 
28 23 69 87 
5 14 6 
6 33 28 
87 98 4 24 
24 1 55 
20 41 78 
16 20 
55 16 
78 9 
9 40 39 
86 50 72 38 
39 12 18 86 
7 3 13 73 
38 54 
54 32 
32 51 85 82 
73 68 95 
95 37 
82 71 
91 60 
60 35 53 
37 58 48 
71 91 
72 65 93 
48 59 
59 44 64 
45 22 10 
93 74 
13 8 
47 27 
26 90 
89 47 
90 29 
68 62 34 
2 94 
10 79 49 
84 36 
74 2 
64 97 
31 
4 
83 57 
1 88 61 
27 56 
53 21 
29 99 
52 63 
36 81 
49 
21 96 
63 
17 
97 
30 76 
85 30 
3 
69 80 
14 
18 
51 77 
35 
8 
81 
77 
76 
40 
61 
33 
79 
94 
56 
57 
98 
42 
58 
25 
34 
62 
96 
99 
80 
44 
23 
22 
12 43 
88 
41 
70 
65 
43 
50 
# clone tree 54 objective: 5.53485
0 92 
92 42 31 15 
15 67 
67 89 46 
46 17 7 11 
11 52 83 75 
75 25 26 19 
19 45 66 
66 84 5 
28 69 87 
5 14 6 
6 22 33 28 
87 4 24 
24 1 55 
20 78 
16 20 
55 16 
78 98 9 
9 40 39 
86 72 38 
39 18 86 
7 3 13 73 
38 54 
54 32 
32 51 85 82 
73 68 95 
95 37 
82 71 
91 60 
60 35 53 
37 58 48 
71 12 91 
72 93 
48 59 
59 23 44 64 
45 10 
93 74 
13 50 8 
47 27 
26 90 
89 47 
90 29 
68 62 34 
2 94 
10 79 49 
84 36 
74 2 
64 97 
31 
4 
83 57 
1 61 
27 70 56 
53 21 
29 99 
52 63 
36 81 
49 
21 96 
63 41 
17 
97 
30 76 
85 30 
3 
69 80 
14 
18 
51 77 
35 
8 
81 
77 
76 43 
40 65 
61 
33 
79 
94 88 
56 
57 
98 
42 
58 
25 
34 
62 
96 
99 
80 
44 
23 
22 
12 
88 
41 
70 
65 
43 
50 
# clone tree 55 objective: 5.53485
0 92 
92 42 31 15 
15 67 
67 89 46 
46 17 7 11 
11 52 83 75 
75 25 26 19 
19 45 66 
66 84 5 
28 69 87 
5 14 6 
6 33 28 
87 4 24 
24 1 55 
20 12 78 
16 20 
55 16 
78 98 9 
9 40 39 
86 72 38 
39 18 86 
7 3 13 73 
38 54 
54 32 
32 51 85 82 
73 68 95 
95 37 
82 71 
91 88 60 
60 35 53 
37 58 48 
71 91 
72 93 
48 59 
59 23 44 64 
45 41 10 
93 74 
13 8 
47 27 
26 90 
89 47 
90 29 
68 62 34 
2 94 
10 79 49 
84 36 
74 2 
64 97 
31 
4 
83 65 57 
1 61 
27 56 
53 22 21 
29 70 99 
52 63 
36 81 
49 
21 96 
63 
17 
97 
30 76 
85 30 
3 
69 80 
14 
18 
51 77 
35 
8 
81 
77 
76 
40 
61 
33 
79 50 
94 
56 
57 
98 
42 
58 
25 
34 
62 
96 
99 
80 
44 
23 
22 
12 43 
88 
41 
70 
65 
43 
50 
# clone tree 56 objective: 5.53485
0 92 
92 42 31 15 
15 67 
67 89 46 
46 17 7 11 
11 52 83 75 
75 25 26 19 
19 45 66 
66 84 5 
28 69 87 
5 14 6 
6 33 28 
87 4 24 
24 1 55 
20 78 
16 20 
55 16 
78 98 9 
9 40 39 
86 72 38 
39 18 86 
7 3 13 73 
38 54 
54 32 
32 51 85 82 
73 68 95 
95 37 
82 71 
91 60 
60 35 53 
37 58 48 
71 91 
72 93 
48 59 
59 23 44 64 
45 22 10 
93 74 
13 8 
47 27 
26 90 
89 47 
90 29 
68 62 34 
2 94 
10 79 49 
84 36 
74 2 
64 97 
31 
4 
83 57 
1 61 
27 70 56 
53 21 
29 99 
52 63 
36 81 
49 
21 96 
63 
17 
97 88 
30 76 
85 30 
3 
69 80 
14 
18 
51 77 
35 
8 50 
81 
77 
76 
40 41 
61 43 
33 
79 12 
94 
56 
57 
98 
42 
58 
25 
34 
62 
96 
99 
80 
44 65 
23 
22 
12 
88 
41 
70 
65 
43 
50 
# clone tree 57 objective: 5.53485
0 92 
92 42 31 15 
15 67 
67 89 46 
46 17 7 11 
11 52 83 75 
75 25 26 19 
19 45 66 
66 84 5 
28 69 87 
5 23 14 6 
6 33 28 
87 98 4 24 
24 1 55 
20 78 
16 20 
55 16 
78 9 
9 50 40 39 
86 72 38 
39 18 86 
7 3 13 73 
38 54 
54 32 
32 51 85 82 
73 68 95 
95 37 
82 71 
91 60 
60 35 53 
37 58 48 
71 91 
72 93 
48 22 59 
59 44 64 
45 10 
93 74 
13 8 
47 27 
26 90 
89 88 47 
90 29 
68 62 34 
2 94 
10 79 49 
84 36 
74 2 
64 97 
31 12 
4 
83 57 
1 61 
27 56 
53 21 
29 99 
52 63 
36 81 
49 70 
21 96 
63 
17 
97 
30 76 
85 30 
3 
69 80 
14 
18 
51 77 
35 
8 
81 65 
77 
76 
40 
61 
33 
79 
94 
56 
57 41 
98 
42 
58 
25 
34 
62 43 
96 
99 
80 
44 
23 
22 
12 
88 
41 
70 
65 
43 
50 
# clone tree 58 objective: 5.53485
0 92 
92 42 31 15 
15 67 
67 89 46 
46 17 7 11 
11 52 83 75 
75 25 26 19 
19 45 66 
66 84 5 
28 23 69 87 
5 14 6 
6 33 28 
87 12 22 4 24 
24 1 55 
20 78 
16 20 
55 16 
78 98 9 
9 40 39 
86 72 38 
39 18 86 
7 3 13 73 
38 54 
54 32 
32 51 85 82 
73 68 95 
95 37 
82 71 
91 60 
60 35 53 
37 58 48 
71 91 
72 93 
48 59 
59 44 64 
45 43 10 
93 74 
13 8 
47 50 88 27 
26 90 
89 47 
90 29 
68 62 34 
2 94 
10 79 49 
84 36 
74 2 
64 97 
31 
4 
83 57 
1 61 
27 56 
53 21 
29 70 99 
52 63 
36 81 
49 
21 96 
63 
17 
97 
30 76 
85 30 
3 
69 80 
14 41 
18 
51 77 
35 
8 
81 
77 
76 
40 
61 
33 
79 
94 
56 
57 
98 
42 
58 
25 
34 
62 
96 
99 
80 
44 
23 
22 
12 
88 
41 65 
70 
65 
43 
50 
# clone tree 59 objective: 5.53485
0 92 
92 42 31 15 
15 67 
67 89 46 
46 17 7 11 
11 70 52 83 75 
75 25 26 19 
19 45 66 
66 84 5 
28 69 87 
5 14 6 
6 22 33 28 
87 4 24 
24 1 55 
20 78 
16 20 
55 16 
78 98 9 
9 40 39 
86 72 38 
39 18 86 
7 3 13 73 
38 54 
54 32 
32 51 85 82 
73 68 95 
95 37 
82 71 
91 60 
60 35 53 
37 58 48 
71 12 91 
72 93 
48 59 
59 23 44 64 
45 10 
93 74 
13 8 
47 27 
26 50 90 
89 47 
90 29 
68 62 34 
2 94 
10 79 49 
84 36 
74 2 
64 97 
31 
4 
83 57 
1 61 
27 56 
53 21 
29 99 
52 63 
36 81 
49 
21 96 
63 
17 
97 
30 76 
85 30 
3 
69 80 
14 65 
18 41 
51 77 
35 
8 
81 
77 
76 
40 
61 
33 
79 
94 88 
56 
57 
98 
42 
58 
25 
34 
62 43 
96 
99 
80 
44 
23 
22 
12 
88 
41 
70 
65 
43 
50 
# clone tree 60 objective: 5.53485
0 23 92 
92 42 31 15 
15 67 
67 89 46 
46 17 7 11 
11 52 83 75 
75 25 26 19 
19 45 66 
66 84 5 
28 69 87 
5 14 6 
6 33 28 
87 4 24 
24 1 55 
20 78 
16 20 
55 16 
78 98 9 
9 40 39 
86 72 38 
39 12 18 86 
7 3 13 73 
38 54 
54 32 
32 51 85 82 
73 68 95 
95 37 
82 71 
91 60 
60 35 53 
37 58 48 
71 91 
72 93 
48 59 
59 50 44 64 
45 10 
93 74 
13 8 
47 43 27 
26 90 
89 47 
90 29 
68 62 34 
2 94 
10 79 49 
84 36 
74 2 
64 97 
31 
4 22 
83 57 
1 61 
27 56 
53 21 
29 99 
52 63 
36 81 
49 
21 88 96 
63 
17 
97 
30 76 
85 30 
3 
69 80 
14 
18 
51 77 
35 
8 
81 65 
77 
76 
40 41 
61 
33 
79 
94 
56 
57 
98 
42 
58 
25 
34 
62 
96 
99 
80 
44 
23 
22 
12 
88 
41 70 
70 
65 
43 
50 
# clone tree 61 objective: 5.53485
0 23 92 
92 42 31 15 
15 67 
67 89 46 
46 17 7 11 
11 52 83 75 
75 25 26 19 
19 45 66 
66 84 5 
28 69 87 
5 14 6 
6 33 28 
87 4 24 
24 1 55 
20 78 
16 20 
55 16 
78 98 9 
9 40 39 
86 72 38 
39 18 86 
7 3 13 73 
38 54 
54 32 
32 51 85 82 
73 68 95 
95 37 
82 71 
91 60 
60 35 53 
37 58 48 
71 91 
72 93 
48 22 59 
59 44 64 
45 41 10 
93 74 
13 8 
47 27 
26 90 
89 47 
90 29 
68 62 34 
2 94 
10 79 49 
84 36 
74 2 
64 97 
31 12 
4 
83 70 57 
1 61 
27 88 56 
53 21 
29 99 
52 63 
36 81 
49 65 
21 96 
63 
17 
97 
30 76 
85 30 
3 
69 80 
14 
18 
51 77 
35 
8 
81 
77 
76 
40 
61 
33 
79 
94 
56 43 
57 
98 
42 
58 
25 
34 
62 
96 
99 
80 
44 
23 
22 
12 
88 50 
41 
70 
65 
43 
50 
# clone tree 62 objective: 5.53485
0 23 92 
92 42 31 15 
15 67 
67 89 46 
46 17 7 11 
11 52 83 75 
75 25 26 19 
19 45 66 
66 84 5 
28 69 87 
5 14 6 
6 33 28 
87 98 4 24 
24 1 55 
20 78 
16 20 
55 16 
78 9 
9 40 39 
86 72 38 
39 18 86 
7 3 13 73 
38 54 
54 32 
32 51 85 82 
73 68 95 
95 37 
82 71 
91 60 
60 35 53 
37 58 48 
71 91 
72 93 
48 59 
59 44 64 
45 10 
93 70 74 
13 12 8 
47 27 
26 90 
89 47 
90 29 
68 62 34 
2 94 
10 79 49 
84 36 
74 2 
64 97 
31 
4 50 
83 57 
1 61 
27 56 
53 21 
29 99 
52 63 
36 81 
49 
21 96 
63 
17 
97 
30 76 
85 43 30 
3 
69 80 
14 
18 
51 77 
35 
8 
81 
77 
76 
40 41 
61 88 
33 
79 
94 
56 
57 
98 22 
42 
58 
25 
34 65 
62 
96 
99 
80 
44 
23 
22 
12 
88 
41 
70 
65 
43 
50 
# clone tree 63 objective: 5.53485
0 23 92 
92 42 31 15 
15 67 
67 89 46 
46 17 7 11 
11 52 83 75 
75 25 26 19 
19 45 66 
66 84 5 
28 69 87 
5 14 6 
6 33 28 
87 98 4 24 
24 1 55 
20 78 
16 20 
55 16 
78 9 
9 40 39 
86 43 72 38 
39 18 86 
7 3 13 73 
38 54 
54 32 
32 51 85 82 
73 68 95 
95 37 
82 71 
91 60 
60 35 53 
37 58 48 
71 91 
72 93 
48 59 
59 44 64 
45 10 
93 70 74 
13 12 8 
47 65 27 
26 90 
89 47 
90 29 
68 62 34 
2 94 
10 79 49 
84 36 
74 2 
64 97 
31 
4 
83 57 
1 61 
27 56 
53 21 
29 99 
52 50 63 
36 81 
49 
21 96 
63 
17 
97 
30 76 
85 30 
3 
69 80 
14 
18 
51 77 
35 
8 
81 
77 
76 
40 41 
61 88 
33 
79 
94 
56 
57 
98 22 
42 
58 
25 
34 
62 
96 
99 
80 
44 
23 
22 
12 
88 
41 
70 
65 
43 
50 
# clone tree 64 objective: 5.53485
0 23 92 
92 42 31 15 
15 67 
67 89 46 
46 17 7 11 
11 41 52 83 75 
75 25 26 19 
19 45 66 
66 84 5 
28 69 87 
5 14 6 
6 33 28 
87 98 4 24 
24 1 55 
20 78 
16 20 
55 16 
78 9 
9 40 39 
86 43 72 38 
39 18 86 
7 3 13 73 
38 54 
54 32 
32 51 85 82 
73 68 95 
95 37 
82 71 
91 60 
60 35 53 
37 58 48 
71 91 
72 93 
48 59 
59 44 64 
45 10 
93 74 
13 12 8 
47 27 
26 90 
89 47 
90 29 
68 62 34 
2 94 
10 79 49 
84 36 
74 2 
64 97 
31 
4 
83 57 
1 61 
27 56 
53 21 
29 50 70 99 
52 63 
36 81 
49 
21 96 
63 
17 
97 
30 76 
85 30 
3 
69 80 
14 
18 
51 77 
35 
8 
81 
77 
76 
40 
61 88 
33 
79 
94 
56 
57 
98 22 
42 
58 
25 
34 
62 
96 
99 
80 
44 
23 
22 
12 
88 
41 
70 65 
65 
43 
50 
# clone tree 65 objective: 5.53485
0 23 92 
92 42 31 15 
15 67 
67 89 46 
46 17 7 11 
11 52 83 75 
75 25 26 19 
19 45 66 
66 50 84 5 
28 69 87 
5 14 6 
6 33 28 
87 4 24 
24 1 55 
20 78 
16 20 
55 16 
78 98 9 
9 40 39 
86 72 38 
39 18 86 
7 3 13 73 
38 54 
54 32 
32 51 85 82 
73 68 95 
95 37 
82 71 
91 60 
60 35 53 
37 58 48 
71 91 
72 41 93 
48 59 
59 44 64 
45 10 
93 74 
13 8 
47 27 
26 90 
89 47 
90 22 29 
68 62 34 
2 94 
10 79 49 
84 36 
74 2 
64 97 
31 88 
4 
83 57 
1 61 
27 56 
53 21 
29 99 
52 63 
36 81 
49 
21 96 
63 
17 
97 
30 76 
85 30 
3 
69 80 
14 
18 43 
51 77 
35 
8 
81 
77 
76 65 
40 
61 
33 
79 12 
94 
56 
57 
98 
42 
58 
25 
34 
62 
96 
99 
80 
44 
23 
22 
12 
88 
41 70 
70 
65 
43 
50 
# clone tree 66 objective: 5.53485
0 23 92 
92 42 31 15 
15 67 
67 89 46 
46 17 7 11 
11 52 83 75 
75 25 26 19 
19 45 66 
66 84 5 
28 69 87 
5 14 6 
6 33 28 
87 4 24 
24 1 55 
20 78 
16 20 
55 16 
78 98 9 
9 40 39 
86 72 38 
39 18 86 
7 3 13 73 
38 54 
54 32 
32 51 85 82 
73 68 95 
95 37 
82 71 
91 60 
60 35 53 
37 58 48 
71 91 
72 41 93 
48 59 
59 44 64 
45 10 
93 74 
13 8 
47 27 
26 90 
89 47 
90 22 29 
68 62 34 
2 94 
10 79 49 
84 36 
74 2 
64 50 97 
31 88 
4 
83 57 
1 61 
27 56 
53 21 
29 99 
52 63 
36 81 
49 
21 96 
63 
17 
97 
30 76 
85 30 
3 
69 80 
14 
18 
51 77 
35 
8 
81 
77 
76 65 
40 
61 
33 
79 12 
94 
56 
57 
98 
42 
58 
25 
34 
62 
96 43 
99 
80 
44 
23 
22 
12 
88 
41 70 
70 
65 
43 
50 
# clone tree 67 objective: 5.53485
0 92 
92 42 31 15 
15 67 
67 89 46 
46 17 7 11 
11 70 52 83 75 
75 25 26 19 
19 45 66 
66 84 5 
28 69 87 
5 14 6 
6 22 33 28 
87 4 24 
24 1 55 
20 78 
16 20 
55 16 
78 98 9 
9 40 39 
86 72 38 
39 18 86 
7 3 13 73 
38 54 
54 32 
32 51 85 82 
73 68 95 
95 43 37 
82 71 
91 60 
60 35 53 
37 58 48 
71 12 91 
72 93 
48 59 
59 23 44 64 
45 10 
93 74 
13 8 
47 27 
26 90 
89 47 
90 29 
68 62 34 
2 94 
10 79 49 
84 36 
74 2 
64 97 
31 
4 
83 57 
1 61 
27 56 
53 21 
29 99 
52 50 63 
36 81 
49 
21 96 
63 
17 
97 
30 76 
85 30 
3 
69 80 
14 
18 41 
51 77 
35 
8 
81 
77 
76 
40 
61 
33 
79 
94 88 
56 
57 
98 
42 
58 
25 
34 
62 
96 
99 
80 
44 
23 
22 
12 
88 
41 
70 65 
65 
43 
50 
# clone tree 68 objective: 5.53485
0 23 92 
92 42 31 15 
15 67 
67 89 46 
46 17 7 11 
11 41 52 83 75 
75 25 26 19 
19 45 66 
66 84 5 
28 69 87 
5 14 6 
6 33 28 
87 98 4 24 
24 1 55 
20 78 
16 20 
55 16 
78 9 
9 40 39 
86 43 72 38 
39 18 86 
7 3 13 73 
38 54 
54 32 
32 51 85 82 
73 68 95 
95 37 
82 71 
91 60 
60 35 53 
37 58 48 
71 91 
72 93 
48 59 
59 44 64 
45 10 
93 74 
13 12 8 
47 27 
26 90 
89 47 
90 29 
68 50 62 34 
2 94 
10 79 49 
84 36 
74 2 
64 97 
31 
4 
83 57 
1 61 
27 56 
53 21 
29 70 99 
52 63 
36 81 
49 
21 96 
63 
17 
97 
30 76 
85 30 
3 
69 80 
14 
18 
51 77 
35 
8 
81 
77 
76 
40 
61 88 
33 
79 
94 
56 
57 
98 22 
42 
58 
25 
34 
62 
96 
99 
80 
44 
23 
22 
12 
88 
41 
70 65 
65 
43 
50 
# clone tree 69 objective: 5.53485
0 23 92 
92 42 31 15 
15 67 
67 89 46 
46 17 7 11 
11 52 83 75 
75 50 25 26 19 
19 45 66 
66 84 5 
28 69 87 
5 14 6 
6 33 28 
87 4 24 
24 1 55 
20 78 
16 20 
55 16 
78 98 9 
9 40 39 
86 72 38 
39 18 86 
7 3 13 73 
38 54 
54 32 
32 51 85 82 
73 68 95 
95 37 
82 71 
91 60 
60 35 53 
37 58 48 
71 91 
72 41 93 
48 59 
59 44 64 
45 10 
93 74 
13 8 
47 27 
26 90 
89 47 
90 22 29 
68 62 34 
2 94 
10 79 49 
84 36 
74 2 
64 97 
31 88 
4 
83 57 
1 61 
27 56 
53 21 
29 99 
52 63 
36 81 
49 43 
21 96 
63 
17 
97 
30 76 
85 30 
3 
69 80 
14 
18 
51 77 
35 
8 
81 
77 
76 65 
40 
61 
33 
79 12 
94 
56 
57 
98 
42 
58 
25 
34 
62 
96 
99 
80 
44 
23 
22 
12 
88 
41 70 
70 
65 
43 
50 
# clone tree 70 objective: 5.53485
0 88 92 
92 42 31 15 
15 67 
67 89 46 
46 17 7 11 
11 52 83 75 
75 25 26 19 
19 65 45 66 
66 84 5 
28 69 87 
5 23 14 6 
6 33 28 
87 98 4 24 
24 1 55 
20 78 
16 20 
55 16 
78 9 
9 40 39 
86 72 38 
39 18 86 
7 3 13 73 
38 54 
54 32 
32 51 85 82 
73 68 95 
95 37 
82 71 
91 60 
60 35 53 
37 58 48 
71 91 
72 93 
48 59 
59 44 64 
45 41 22 10 
93 74 
13 8 
47 27 
26 90 
89 47 
90 29 
68 62 34 
2 94 
10 79 49 
84 36 
74 2 
64 97 
31 50 
4 
83 57 
1 61 
27 56 
53 21 
29 99 
52 63 
36 81 
49 
21 96 
63 
17 
97 
30 76 
85 30 
3 
69 80 
14 
18 
51 77 
35 
8 
81 43 
77 
76 
40 
61 
33 
79 12 
94 
56 
57 
98 
42 
58 
25 
34 
62 
96 
99 
80 
44 
23 
22 
12 
88 
41 70 
70 
65 
43 
50 
# clone tree 71 objective: 5.53485
0 23 92 
92 42 31 15 
15 67 
67 89 46 
46 17 7 11 
11 41 52 83 75 
75 25 26 19 
19 45 66 
66 84 5 
28 69 87 
5 14 6 
6 33 28 
87 98 4 24 
24 1 55 
20 78 
16 20 
55 16 
78 9 
9 40 39 
86 72 38 
39 18 86 
7 3 13 73 
38 54 
54 32 
32 51 85 82 
73 68 95 
95 37 
82 71 
91 60 
60 35 53 
37 58 48 
71 91 
72 93 
48 59 
59 44 64 
45 10 
93 74 
13 12 8 
47 27 
26 90 
89 47 
90 29 
68 62 34 
2 94 
10 79 49 
84 36 
74 2 
64 97 
31 
4 
83 57 
1 61 
27 56 
53 21 
29 70 99 
52 63 
36 81 
49 65 
21 96 
63 
17 
97 
30 76 
85 30 
3 
69 80 
14 
18 
51 43 77 
35 
8 50 
81 
77 
76 
40 
61 88 
33 
79 
94 
56 
57 
98 22 
42 
58 
25 
34 
62 
96 
99 
80 
44 
23 
22 
12 
88 
41 
70 
65 
43 
50 
# clone tree 72 objective: 5.53485
0 23 92 
92 43 42 31 15 
15 67 
67 89 46 
46 17 7 11 
11 41 52 83 75 
75 25 26 19 
19 45 66 
66 84 5 
28 69 87 
5 14 6 
6 33 28 
87 98 4 24 
24 1 55 
20 78 
16 20 
55 16 
78 9 
9 40 39 
86 72 38 
39 18 86 
7 3 13 73 
38 54 
54 32 
32 51 85 82 
73 68 95 
95 37 
82 71 
91 60 
60 35 53 
37 58 48 
71 91 
72 93 
48 59 
59 44 64 
45 10 
93 74 
13 12 8 
47 27 
26 90 
89 47 
90 29 
68 62 34 
2 94 
10 79 49 
84 36 
74 2 
64 97 
31 
4 
83 65 57 
1 61 
27 56 
53 21 
29 70 99 
52 63 
36 81 
49 
21 96 
63 
17 
97 
30 76 
85 30 
3 
69 80 
14 
18 
51 77 
35 
8 
81 
77 
76 
40 
61 88 
33 50 
79 
94 
56 
57 
98 22 
42 
58 
25 
34 
62 
96 
99 
80 
44 
23 
22 
12 
88 
41 
70 
65 
43 
50 
# clone tree 73 objective: 5.53485
0 23 92 
92 50 42 31 15 
15 67 
67 89 46 
46 17 7 11 
11 52 83 75 
75 25 26 19 
19 45 66 
66 84 5 
28 69 87 
5 14 6 
6 33 28 
87 4 24 
24 1 55 
20 78 
16 20 
55 16 
78 98 9 
9 40 39 
86 72 38 
39 18 86 
7 3 13 73 
38 54 
54 32 
32 51 85 82 
73 68 95 
95 37 
82 71 
91 60 
60 35 53 
37 58 48 
71 91 
72 41 93 
48 59 
59 44 64 
45 10 
93 74 
13 8 
47 27 
26 90 
89 47 
90 22 29 
68 62 34 
2 94 
10 79 49 
84 36 
74 2 
64 97 
31 88 
4 
83 43 57 
1 61 
27 56 
53 21 
29 99 
52 63 
36 81 
49 
21 96 
63 
17 
97 
30 76 
85 30 
3 
69 80 
14 
18 
51 77 
35 
8 
81 
77 
76 65 
40 
61 
33 
79 12 
94 
56 
57 
98 
42 
58 
25 
34 
62 
96 
99 
80 
44 
23 
22 
12 
88 
41 70 
70 
65 
43 
50 
# clone tree 74 objective: 5.53485
0 23 92 
92 42 31 15 
15 67 
67 89 46 
46 17 7 11 
11 52 83 75 
75 25 26 19 
19 45 66 
66 84 5 
28 69 87 
5 14 6 
6 33 28 
87 4 24 
24 1 55 
20 78 
16 50 20 
55 16 
78 98 9 
9 40 39 
86 72 38 
39 18 86 
7 3 13 73 
38 54 
54 32 
32 51 85 82 
73 68 95 
95 37 
82 71 
91 60 
60 35 53 
37 58 48 
71 91 
72 41 93 
48 59 
59 44 64 
45 10 
93 74 
13 12 8 
47 65 27 
26 90 
89 47 
90 29 
68 62 34 
2 94 
10 79 49 
84 70 36 
74 2 
64 97 
31 
4 22 
83 57 
1 61 
27 56 
53 21 
29 99 
52 63 
36 81 
49 
21 96 
63 
17 
97 
30 76 
85 30 
3 
69 80 
14 
18 
51 77 
35 
8 
81 
77 
76 
40 
61 
33 
79 
94 88 
56 
57 
98 
42 
58 
25 
34 
62 
96 
99 
80 
44 
23 
22 
12 43 
88 
41 
70 
65 
43 
50 
# clone tree 75 objective: 5.53485
0 23 92 
92 42 31 15 
15 67 
67 89 46 
46 17 7 11 
11 52 83 75 
75 25 26 19 
19 45 66 
66 84 5 
28 69 87 
5 14 6 
6 33 28 
87 98 4 24 
24 1 55 
20 43 78 
16 20 
55 16 
78 9 
9 40 39 
86 72 38 
39 18 86 
7 3 13 73 
38 54 
54 32 
32 51 85 82 
73 68 95 
95 37 
82 71 
91 60 
60 35 53 
37 58 48 
71 91 
72 93 
48 59 
59 44 64 
45 10 
93 74 
13 12 8 
47 27 
26 90 
89 47 
90 29 
68 62 34 
2 94 
10 50 79 49 
84 70 36 
74 2 
64 97 
31 
4 
83 57 
1 61 
27 56 
53 21 
29 99 
52 63 
36 81 
49 
21 96 
63 
17 
97 
30 76 
85 30 
3 
69 80 
14 
18 
51 77 
35 
8 
81 
77 
76 
40 41 
61 88 
33 
79 
94 
56 
57 
98 22 
42 
58 
25 
34 
62 
96 
99 
80 
44 
23 
22 
12 
88 
41 
70 65 
65 
43 
50 
# clone tree 76 objective: 5.53485
0 92 
92 42 31 15 
15 67 
67 43 89 46 
46 17 7 11 
11 70 52 83 75 
75 25 26 19 
19 45 66 
66 84 5 
28 69 87 
5 14 6 
6 22 33 28 
87 4 24 
24 1 55 
20 78 
16 20 
55 16 
78 98 9 
9 40 39 
86 72 38 
39 18 86 
7 3 13 73 
38 54 
54 32 
32 51 85 82 
73 68 95 
95 37 
82 71 
91 60 
60 35 53 
37 58 48 
71 12 91 
72 93 
48 59 
59 23 44 64 
45 10 
93 74 
13 8 
47 27 
26 90 
89 47 
90 29 
68 62 34 
2 94 
10 79 49 
84 36 
74 2 
64 97 
31 
4 
83 57 
1 61 
27 56 
53 21 
29 99 
52 63 
36 81 
49 
21 96 
63 
17 
97 
30 76 
85 30 
3 
69 80 
14 65 
18 41 
51 77 
35 
8 
81 
77 
76 
40 
61 
33 50 
79 
94 88 
56 
57 
98 
42 
58 
25 
34 
62 
96 
99 
80 
44 
23 
22 
12 
88 
41 
70 
65 
43 
50 
# clone tree 77 objective: 5.53485
0 92 
92 42 31 15 
15 67 
67 89 46 
46 17 7 11 
11 52 83 75 
75 25 26 19 
19 45 66 
66 84 5 
28 69 87 
5 14 6 
6 23 33 28 
87 12 4 24 
24 1 55 
20 78 
16 20 
55 16 
78 22 98 9 
9 40 39 
86 72 38 
39 18 86 
7 3 13 73 
38 54 
54 32 
32 51 85 82 
73 68 95 
95 37 
82 71 
91 60 
60 35 53 
37 58 48 
71 91 
72 93 
48 59 
59 44 64 
45 10 
93 74 
13 8 
47 43 27 
26 90 
89 47 
90 29 
68 62 34 
2 88 94 
10 79 49 
84 36 
74 2 
64 97 
31 
4 50 
83 57 
1 61 
27 56 
53 21 
29 99 
52 63 
36 81 
49 
21 96 
63 70 
17 
97 
30 76 
85 30 
3 
69 80 
14 65 
18 
51 77 
35 
8 
81 
77 
76 
40 
61 
33 
79 
94 
56 
57 
98 
42 
58 
25 
34 41 
62 
96 
99 
80 
44 
23 
22 
12 
88 
41 
70 
65 
43 
50 
# clone tree 78 objective: 5.53485
0 88 92 
92 42 31 15 
15 67 
67 89 46 
46 17 7 11 
11 52 83 75 
75 25 26 19 
19 65 45 66 
66 84 5 
28 69 87 
5 23 14 6 
6 33 28 
87 98 4 24 
24 1 55 
20 78 
16 20 
55 16 
78 9 
9 40 39 
86 72 38 
39 18 86 
7 3 13 73 
38 54 
54 32 
32 51 85 82 
73 68 95 
95 37 
82 71 
91 60 
60 35 53 
37 58 48 
71 91 
72 93 
48 59 
59 44 64 
45 41 22 10 
93 74 
13 8 
47 27 
26 90 
89 47 
90 29 
68 62 34 
2 94 
10 79 49 
84 36 
74 2 
64 97 
31 
4 
83 57 
1 61 
27 56 
53 21 
29 99 
52 63 
36 81 
49 
21 96 
63 
17 
97 
30 43 76 
85 30 
3 
69 80 
14 
18 
51 77 
35 
8 
81 
77 
76 
40 
61 
33 
79 12 
94 
56 
57 
98 
42 
58 
25 
34 
62 
96 
99 
80 
44 50 
23 
22 
12 
88 
41 70 
70 
65 
43 
50 
# clone tree 79 objective: 5.53485
0 23 92 
92 42 31 15 
15 67 
67 89 46 
46 17 7 11 
11 52 83 75 
75 25 26 19 
19 45 66 
66 84 5 
28 69 87 
5 14 6 
6 33 28 
87 4 24 
24 1 55 
20 78 
16 20 
55 16 
78 98 9 
9 40 39 
86 72 38 
39 18 86 
7 3 13 73 
38 54 
54 32 
32 51 85 82 
73 68 95 
95 43 37 
82 71 
91 60 
60 35 53 
37 58 48 
71 91 
72 41 93 
48 59 
59 44 64 
45 10 
93 74 
13 12 8 
47 27 
26 90 
89 47 
90 29 
68 62 34 
2 94 
10 79 49 
84 70 36 
74 2 
64 97 
31 
4 22 
83 57 
1 61 
27 56 
53 21 
29 99 
52 63 
36 81 
49 
21 96 
63 
17 
97 
30 76 
85 30 
3 
69 80 
14 
18 
51 77 
35 
8 
81 50 
77 
76 
40 
61 
33 
79 
94 88 
56 
57 
98 
42 
58 
25 
34 
62 
96 
99 
80 
44 65 
23 
22 
12 
88 
41 
70 
65 
43 
50 
# clone tree 80 objective: 5.53485
0 23 92 
92 42 31 15 
15 67 
67 89 46 
46 17 7 11 
11 52 83 75 
75 25 26 19 
19 45 66 
66 84 5 
28 69 87 
5 14 6 
6 33 28 
87 98 4 24 
24 1 55 
20 78 
16 20 
55 16 
78 9 
9 40 39 
86 72 38 
39 18 86 
7 3 13 73 
38 54 
54 32 
32 51 85 82 
73 68 95 
95 37 
82 71 
91 60 
60 35 53 
37 58 48 
71 91 
72 93 
48 59 
59 44 64 
45 41 10 
93 74 
13 8 
47 27 
26 90 
89 47 
90 29 
68 88 62 34 
2 94 
10 79 49 
84 36 
74 2 
64 97 
31 12 
4 
83 57 
1 61 
27 56 
53 22 21 
29 43 65 99 
52 63 
36 81 
49 
21 96 
63 
17 
97 
30 76 
85 30 
3 
69 80 
14 
18 
51 77 
35 
8 
81 
77 
76 
40 
61 
33 
79 
94 
56 
57 
98 
42 
58 
25 
34 50 70 
62 
96 
99 
80 
44 
23 
22 
12 
88 
41 
70 
65 
43 
50 
# clone tree 81 objective: 5.53485
0 92 
92 42 31 15 
15 67 
67 89 46 
46 17 7 11 
11 65 52 83 75 
75 25 26 19 
19 45 66 
66 22 84 5 
28 23 69 87 
5 14 6 
6 33 28 
87 4 24 
24 1 55 
20 78 
16 20 
55 16 
78 98 9 
9 40 39 
86 72 38 
39 18 86 
7 3 13 73 
38 50 54 
54 32 
32 51 85 82 
73 68 95 
95 37 
82 43 71 
91 60 
60 35 53 
37 58 48 
71 91 
72 93 
48 59 
59 44 64 
45 10 
93 74 
13 8 
47 41 27 
26 90 
89 47 
90 29 
68 62 34 
2 94 
10 79 49 
84 36 
74 2 
64 97 
31 12 
4 
83 57 
1 61 
27 70 56 
53 21 
29 99 
52 63 
36 81 
49 
21 96 
63 
17 
97 88 
30 76 
85 30 
3 
69 80 
14 
18 
51 77 
35 
8 
81 
77 
76 
40 
61 
33 
79 
94 
56 
57 
98 
42 
58 
25 
34 
62 
96 
99 
80 
44 
23 
22 
12 
88 
41 
70 
65 
43 
50 
# clone tree 82 objective: 5.53485
0 92 
92 42 31 15 
15 67 
67 89 46 
46 17 7 11 
11 52 83 75 
75 25 26 19 
19 65 41 45 66 
66 22 84 5 
28 23 69 87 
5 14 6 
6 33 28 
87 4 24 
24 88 1 55 
20 12 78 
16 20 
55 16 
78 98 9 
9 40 39 
86 72 38 
39 18 86 
7 3 13 73 
38 54 
54 32 
32 51 85 82 
73 68 95 
95 37 
82 71 
91 60 
60 35 53 
37 70 58 48 
71 91 
72 93 
48 59 
59 44 64 
45 10 
93 50 74 
13 8 
47 27 
26 90 
89 47 
90 29 
68 62 34 
2 94 
10 79 49 
84 36 
74 2 
64 97 
31 43 
4 
83 57 
1 61 
27 56 
53 21 
29 99 
52 63 
36 81 
49 
21 96 
63 
17 
97 
30 76 
85 30 
3 
69 80 
14 
18 
51 77 
35 
8 
81 
77 
76 
40 
61 
33 
79 
94 
56 
57 
98 
42 
58 
25 
34 
62 
96 
99 
80 
44 
23 
22 
12 
88 
41 
70 
65 
43 
50 
# clone tree 83 objective: 5.53485
0 23 92 
92 42 31 15 
15 67 
67 89 46 
46 17 7 11 
11 52 83 75 
75 25 26 19 
19 45 66 
66 84 5 
28 69 87 
5 14 6 
6 33 28 
87 98 4 24 
24 1 55 
20 78 
16 20 
55 16 
78 9 
9 40 39 
86 72 38 
39 18 86 
7 3 13 73 
38 70 54 
54 32 
32 51 85 82 
73 68 95 
95 37 
82 71 
91 60 
60 35 53 
37 58 48 
71 91 
72 65 93 
48 59 
59 44 64 
45 10 
93 74 
13 8 
47 41 27 
26 90 
89 47 
90 29 
68 88 62 34 
2 94 
10 79 49 
84 36 
74 2 
64 97 
31 12 
4 
83 57 
1 61 
27 56 
53 22 21 
29 99 
52 63 
36 81 
49 
21 96 
63 
17 
97 
30 76 
85 30 
3 50 43 
69 80 
14 
18 
51 77 
35 
8 
81 
77 
76 
40 
61 
33 
79 
94 
56 
57 
98 
42 
58 
25 
34 
62 
96 
99 
80 
44 
23 
22 
12 
88 
41 
70 
65 
43 
50 
# clone tree 84 objective: 5.53485
0 92 
92 42 31 15 
15 67 
67 89 46 
46 17 7 11 
11 52 83 75 
75 25 26 19 
19 45 66 
66 84 5 
28 69 87 
5 23 14 6 
6 33 28 
87 98 4 24 
24 1 55 
20 78 
16 20 
55 16 
78 9 
9 40 39 
86 72 38 
39 18 86 
7 3 13 73 
38 54 
54 32 
32 51 85 82 
73 68 95 
95 37 
82 71 
91 60 
60 35 53 
37 58 48 
71 50 91 
72 93 
48 22 59 
59 44 64 
45 10 
93 74 
13 8 
47 27 
26 90 
89 88 47 
90 29 
68 62 34 
2 94 
10 79 49 
84 70 36 
74 2 
64 97 
31 12 
4 
83 57 
1 61 
27 56 
53 21 
29 99 
52 63 
36 81 
49 
21 96 
63 
17 
97 43 
30 76 
85 30 
3 
69 80 
14 
18 
51 77 
35 
8 
81 
77 
76 
40 
61 
33 
79 
94 
56 
57 41 
98 
42 
58 
25 
34 65 
62 
96 
99 
80 
44 
23 
22 
12 
88 
41 
70 
65 
43 
50 
# clone tree 85 objective: 5.53485
0 92 
92 42 31 15 
15 67 
67 89 46 
46 17 7 11 
11 52 83 75 
75 25 26 19 
19 45 66 
66 22 84 5 
28 23 69 87 
5 14 6 
6 33 28 
87 4 24 
24 1 55 
20 78 
16 20 
55 16 
78 98 9 
9 50 40 39 
86 72 38 
39 18 86 
7 3 13 73 
38 70 54 
54 32 
32 51 85 82 
73 68 95 
95 37 
82 71 
91 60 
60 35 53 
37 58 48 
71 91 
72 93 
48 59 
59 44 64 
45 10 
93 74 
13 8 
47 27 
26 90 
89 47 
90 29 
68 62 34 
2 94 
10 79 49 
84 36 
74 2 
64 97 
31 12 
4 
83 57 
1 61 
27 56 
53 21 
29 99 
52 63 
36 81 
49 
21 96 
63 
17 
97 88 
30 76 
85 30 
3 
69 80 
14 43 41 
18 
51 77 
35 
8 
81 
77 
76 
40 
61 
33 
79 
94 
56 
57 65 
98 
42 
58 
25 
34 
62 
96 
99 
80 
44 
23 
22 
12 
88 
41 
70 
65 
43 
50 
# clone tree 86 objective: 5.53485
0 88 92 
92 42 31 15 
15 67 
67 89 46 
46 17 7 11 
11 52 83 75 
75 25 26 19 
19 45 66 
66 84 5 
28 69 87 
5 70 23 14 6 
6 33 28 
87 98 4 24 
24 1 55 
20 78 
16 20 
55 16 
78 9 
9 40 39 
86 72 38 
39 18 86 
7 3 13 73 
38 54 
54 32 
32 51 85 82 
73 68 95 
95 37 
82 71 
91 60 
60 35 53 
37 58 48 
71 91 
72 93 
48 59 
59 44 64 
45 41 22 10 
93 74 
13 8 
47 27 
26 90 
89 47 
90 29 
68 62 34 
2 94 
10 79 49 
84 36 
74 2 
64 97 
31 
4 
83 57 
1 61 
27 56 
53 21 
29 99 
52 63 
36 81 
49 
21 50 43 96 
63 
17 
97 
30 76 
85 30 
3 
69 80 
14 
18 
51 77 
35 
8 
81 
77 
76 65 
40 
61 
33 
79 12 
94 
56 
57 
98 
42 
58 
25 
34 
62 
96 
99 
80 
44 
23 
22 
12 
88 
41 
70 
65 
43 
50 
# clone tree 87 objective: 5.53485
0 88 92 
92 42 31 15 
15 67 
67 89 46 
46 17 7 11 
11 52 83 75 
75 25 26 19 
19 65 45 66 
66 84 5 
28 69 87 
5 23 14 6 
6 33 28 
87 98 4 24 
24 1 55 
20 78 
16 20 
55 16 
78 9 
9 40 39 
86 72 38 
39 18 86 
7 3 13 73 
38 54 
54 32 
32 51 85 82 
73 68 95 
95 37 
82 71 
91 60 
60 35 53 
37 58 48 
71 91 
72 93 
48 59 
59 44 64 
45 41 22 10 
93 74 
13 8 
47 27 
26 90 
89 47 
90 29 
68 62 34 
2 94 
10 79 49 
84 36 
74 2 
64 97 
31 
4 
83 57 
1 61 
27 50 56 
53 21 
29 99 
52 63 
36 81 
49 
21 96 
63 
17 
97 
30 76 
85 30 
3 
69 80 
14 
18 
51 77 
35 
8 
81 
77 
76 
40 
61 
33 
79 12 
94 
56 
57 
98 
42 43 
58 
25 
34 
62 
96 
99 
80 
44 
23 
22 
12 
88 
41 70 
70 
65 
43 
50 
# clone tree 88 objective: 5.53485
0 23 92 
92 42 31 15 
15 67 
67 89 46 
46 17 7 11 
11 52 83 75 
75 25 26 19 
19 45 66 
66 84 5 
28 69 87 
5 14 6 
6 33 28 
87 4 24 
24 1 55 
20 78 
16 20 
55 16 
78 98 9 
9 40 39 
86 72 38 
39 43 18 86 
7 3 13 73 
38 54 
54 32 
32 51 85 82 
73 68 95 
95 37 
82 71 
91 60 
60 35 53 
37 58 48 
71 91 
72 41 93 
48 59 
59 44 64 
45 10 
93 74 
13 12 8 
47 65 27 
26 90 
89 47 
90 29 
68 62 34 
2 94 
10 79 49 
84 50 70 36 
74 2 
64 97 
31 
4 22 
83 57 
1 61 
27 56 
53 21 
29 99 
52 63 
36 81 
49 
21 96 
63 
17 
97 
30 76 
85 30 
3 
69 80 
14 
18 
51 77 
35 
8 
81 
77 
76 
40 
61 
33 
79 
94 88 
56 
57 
98 
42 
58 
25 
34 
62 
96 
99 
80 
44 
23 
22 
12 
88 
41 
70 
65 
43 
50 
# clone tree 89 objective: 5.53485
0 92 
92 42 31 15 
15 67 
67 89 46 
46 17 7 11 
11 52 83 75 
75 25 26 19 
19 45 66 
66 84 5 
28 69 87 
5 14 6 
6 22 33 28 
87 4 24 
24 1 55 
20 78 
16 20 
55 16 
78 98 9 
9 40 39 
86 72 38 
39 18 86 
7 3 13 73 
38 54 
54 32 
32 50 51 85 82 
73 68 95 
95 37 
82 71 
91 60 
60 35 53 
37 58 48 
71 12 91 
72 93 
48 59 
59 23 44 64 
45 10 
93 74 
13 8 
47 27 
26 90 
89 47 
90 29 
68 62 34 
2 94 
10 79 49 
84 36 
74 2 
64 97 
31 
4 
83 57 
1 61 
27 70 56 
53 21 
29 99 
52 63 
36 81 
49 
21 96 
63 41 
17 
97 
30 76 
85 30 
3 
69 80 
14 
18 
51 77 
35 
8 
81 
77 
76 43 
40 65 
61 
33 
79 
94 88 
56 
57 
98 
42 
58 
25 
34 
62 
96 
99 
80 
44 
23 
22 
12 
88 
41 
70 
65 
43 
50 
# clone tree 90 objective: 5.53485
0 92 
92 42 31 15 
15 67 
67 89 46 
46 17 7 11 
11 52 83 75 
75 25 26 19 
19 45 66 
66 84 5 
28 69 87 
5 23 14 6 
6 33 28 
87 98 4 24 
24 1 55 
20 78 
16 43 20 
55 16 
78 9 
9 40 39 
86 72 38 
39 18 86 
7 3 13 73 
38 54 
54 32 
32 51 85 82 
73 68 95 
95 37 
82 71 
91 60 
60 65 35 53 
37 58 48 
71 91 
72 93 
48 22 59 
59 44 64 
45 10 
93 74 
13 8 
47 27 
26 90 
89 47 
90 29 
68 62 34 
2 94 
10 79 49 
84 36 
74 2 
64 97 
31 12 
4 
83 57 
1 61 
27 88 56 
53 21 
29 99 
52 63 
36 81 
49 
21 96 
63 
17 
97 
30 76 
85 30 
3 
69 80 
14 41 
18 
51 77 
35 
8 
81 
77 
76 
40 
61 
33 
79 
94 
56 
57 
98 
42 
58 
25 50 
34 
62 
96 
99 
80 
44 70 
23 
22 
12 
88 
41 
70 
65 
43 
50 
# clone tree 91 objective: 5.53485
0 50 23 92 
92 42 31 15 
15 67 
67 89 46 
46 17 7 11 
11 52 83 75 
75 25 26 19 
19 45 66 
66 84 5 
28 69 87 
5 14 6 
6 33 28 
87 98 4 24 
24 1 55 
20 78 
16 20 
55 16 
78 9 
9 40 39 
86 72 38 
39 18 86 
7 3 13 73 
38 54 
54 32 
32 51 85 82 
73 68 95 
95 37 
82 71 
91 60 
60 65 35 53 
37 58 48 
71 91 
72 93 
48 59 
59 44 64 
45 10 
93 74 
13 12 8 
47 27 
26 90 
89 47 
90 29 
68 62 34 
2 94 
10 79 49 
84 36 
74 2 
64 97 
31 
4 
83 57 
1 61 
27 56 
53 21 
29 99 
52 43 63 
36 81 
49 
21 96 
63 
17 
97 
30 76 
85 30 
3 
69 80 
14 41 
18 
51 77 
35 
8 
81 
77 
76 70 
40 
61 88 
33 
79 
94 
56 
57 
98 22 
42 
58 
25 
34 
62 
96 
99 
80 
44 
23 
22 
12 
88 
41 
70 
65 
43 
50 
# clone tree 92 objective: 5.53485
0 23 92 
92 42 31 15 
15 67 
67 89 46 
46 17 7 11 
11 52 83 75 
75 25 26 19 
19 45 66 
66 84 5 
28 69 87 
5 14 6 
6 33 28 
87 4 24 
24 1 55 
20 78 
16 20 
55 16 
78 98 9 
9 40 39 
86 72 38 
39 18 86 
7 3 13 73 
38 54 
54 32 
32 51 85 82 
73 68 95 
95 37 
82 71 
91 60 
60 35 53 
37 58 48 
71 91 
72 41 93 
48 59 
59 44 64 
45 10 
93 74 
13 12 8 
47 27 
26 90 
89 47 
90 29 
68 62 34 
2 94 
10 79 49 
84 70 36 
74 2 
64 50 97 
31 43 
4 22 
83 57 
1 61 
27 56 
53 21 
29 99 
52 63 
36 81 
49 
21 96 
63 
17 
97 
30 76 
85 30 
3 
69 80 
14 65 
18 
51 77 
35 
8 
81 
77 
76 
40 
61 
33 
79 
94 88 
56 
57 
98 
42 
58 
25 
34 
62 
96 
99 
80 
44 
23 
22 
12 
88 
41 
70 
65 
43 
50 
# clone tree 93 objective: 5.53485
0 23 92 
92 42 31 15 
15 67 
67 89 46 
46 17 7 11 
11 41 52 83 75 
75 25 26 19 
19 45 66 
66 84 5 
28 69 87 
5 14 6 
6 33 28 
87 98 4 24 
24 1 55 
20 78 
16 20 
55 16 
78 50 9 
9 40 39 
86 72 38 
39 18 86 
7 3 13 73 
38 54 
54 32 
32 51 85 82 
73 68 95 
95 37 
82 71 
91 60 
60 35 53 
37 58 48 
71 91 
72 93 
48 59 
59 44 64 
45 10 
93 74 
13 12 8 
47 27 
26 90 
89 47 
90 29 
68 62 34 
2 94 
10 79 49 
84 36 
74 2 
64 97 
31 
4 
83 57 
1 61 
27 56 
53 21 
29 43 70 99 
52 63 
36 81 
49 
21 96 
63 
17 
97 
30 76 
85 30 
3 
69 80 
14 
18 
51 77 
35 
8 
81 
77 
76 
40 
61 88 
33 
79 
94 
56 
57 
98 22 
42 
58 
25 
34 65 
62 
96 
99 
80 
44 
23 
22 
12 
88 
41 
70 
65 
43 
50 
# clone tree 94 objective: 5.53485
0 23 92 
92 42 31 15 
15 67 
67 89 46 
46 17 7 11 
11 52 83 75 
75 25 26 19 
19 45 66 
66 84 5 
28 69 87 
5 14 6 
6 33 28 
87 4 24 
24 1 55 
20 65 78 
16 20 
55 16 
78 98 9 
9 40 39 
86 72 38 
39 12 18 86 
7 3 13 73 
38 54 
54 32 
32 51 85 82 
73 68 95 
95 37 
82 71 
91 60 
60 35 53 
37 58 48 
71 91 
72 93 
48 59 
59 44 64 
45 22 10 
93 74 
13 8 
47 27 
26 90 
89 47 
90 29 
68 62 34 
2 94 
10 79 49 
84 36 
74 2 
64 50 97 
31 
4 
83 57 
1 61 
27 56 
53 21 
29 99 
52 63 
36 81 
49 41 
21 96 
63 
17 
97 
30 76 
85 30 
3 
69 80 
14 
18 
51 43 77 
35 
8 
81 
77 
76 
40 
61 
33 
79 
94 
56 
57 
98 
42 
58 
25 
34 
62 88 
96 
99 
80 
44 
23 
22 
12 
88 
41 70 
70 
65 
43 
50 
# clone tree 95 objective: 5.53485
0 92 
92 42 31 15 
15 67 
67 89 46 
46 17 7 11 
11 52 83 75 
75 25 26 19 
19 41 45 66 
66 22 84 5 
28 23 69 87 
5 14 6 
6 33 28 
87 4 24 
24 88 1 55 
20 12 78 
16 20 
55 16 
78 98 9 
9 40 39 
86 72 38 
39 18 86 
7 3 13 73 
38 54 
54 32 
32 51 85 82 
73 68 95 
95 43 37 
82 71 
91 60 
60 35 53 
37 70 58 48 
71 91 
72 93 
48 59 
59 44 64 
45 10 
93 74 
13 8 
47 27 
26 90 
89 47 
90 29 
68 62 34 
2 94 
10 79 49 
84 36 
74 2 
64 97 
31 
4 
83 57 
1 61 
27 56 
53 21 
29 99 
52 63 
36 81 
49 50 
21 96 
63 
17 
97 
30 76 
85 30 
3 
69 80 
14 
18 
51 77 
35 
8 
81 
77 
76 
40 
61 
33 
79 
94 
56 
57 65 
98 
42 
58 
25 
34 
62 
96 
99 
80 
44 
23 
22 
12 
88 
41 
70 
65 
43 
50 
# clone tree 96 objective: 5.53485
0 92 
92 42 31 15 
15 67 
67 89 46 
46 17 7 11 
11 52 83 75 
75 25 26 19 
19 45 66 
66 84 5 
28 69 87 
5 14 6 
6 23 33 28 
87 98 4 24 
24 1 55 
20 78 
16 20 
55 16 
78 9 
9 40 39 
86 72 38 
39 18 86 
7 3 13 73 
38 54 
54 32 
32 51 85 82 
73 68 95 
95 37 
82 71 
91 60 
60 35 53 
37 58 48 
71 12 91 
72 93 
48 22 59 
59 44 64 
45 70 10 
93 74 
13 8 
47 27 
26 90 
89 47 
90 29 
68 62 34 
2 94 
10 50 79 49 
84 36 
74 2 
64 97 
31 
4 
83 57 
1 61 
27 56 
53 21 
29 65 99 
52 63 
36 81 
49 
21 96 
63 
17 
97 
30 76 
85 30 
3 
69 80 
14 
18 
51 77 
35 
8 
81 
77 
76 
40 
61 
33 
79 
94 88 
56 
57 
98 
42 
58 
25 
34 41 
62 
96 43 
99 
80 
44 
23 
22 
12 
88 
41 
70 
65 
43 
50 
# clone tree 97 objective: 5.53485
0 92 
92 42 31 15 
15 67 
67 89 46 
46 17 7 11 
11 52 83 75 
75 25 26 19 
19 45 66 
66 84 5 
28 23 69 87 
5 14 6 
6 33 28 
87 12 22 4 24 
24 1 55 
20 78 
16 20 
55 16 
78 98 9 
9 40 39 
86 72 38 
39 18 86 
7 3 13 73 
38 54 
54 32 
32 51 85 82 
73 68 95 
95 37 
82 71 
91 60 
60 35 53 
37 58 48 
71 91 
72 93 
48 59 
59 44 64 
45 43 10 
93 74 
13 8 
47 88 27 
26 90 
89 47 
90 29 
68 62 34 
2 50 94 
10 79 49 
84 36 
74 2 
64 97 
31 
4 
83 57 
1 61 
27 56 
53 21 
29 70 99 
52 63 
36 81 
49 
21 96 
63 
17 
97 
30 76 
85 30 
3 
69 80 
14 41 
18 
51 77 
35 
8 
81 
77 
76 
40 
61 
33 
79 
94 
56 
57 
98 
42 
58 
25 
34 
62 
96 
99 
80 
44 
23 
22 
12 
88 
41 65 
70 
65 
43 
50 
# clone tree 98 objective: 5.53485
0 23 92 
92 42 31 15 
15 67 
67 89 46 
46 17 7 11 
11 52 83 75 
75 25 26 19 
19 45 66 
66 84 5 
28 69 87 
5 14 6 
6 33 28 
87 98 4 24 
24 1 55 
20 78 
16 20 
55 16 
78 9 
9 40 39 
86 72 38 
39 18 86 
7 3 13 73 
38 70 54 
54 32 
32 51 85 82 
73 68 95 
95 37 
82 71 
91 60 
60 35 53 
37 58 48 
71 91 
72 93 
48 59 
59 44 64 
45 10 
93 74 
13 8 
47 41 27 
26 90 
89 43 47 
90 29 
68 88 62 34 
2 94 
10 79 49 
84 36 
74 2 
64 97 
31 12 
4 
83 57 
1 61 
27 56 
53 22 21 
29 99 
52 63 
36 81 
49 
21 96 
63 
17 
97 
30 76 
85 30 
3 
69 80 
14 
18 50 
51 77 
35 
8 
81 
77 
76 
40 
61 
33 
79 
94 
56 
57 
98 
42 
58 
25 
34 65 
62 
96 
99 
80 
44 
23 
22 
12 
88 
41 
70 
65 
43 
50 
# clone tree 99 objective: 5.53485
0 23 92 
92 42 31 15 
15 67 
67 89 46 
46 17 7 11 
11 41 52 83 75 
75 25 26 19 
19 45 66 
66 84 5 
28 69 87 
5 14 6 
6 33 28 
87 98 4 24 
24 1 55 
20 78 
16 20 
55 16 
78 9 
9 40 39 
86 43 72 38 
39 18 86 
7 3 13 73 
38 54 
54 32 
32 51 85 82 
73 68 95 
95 37 
82 71 
91 60 
60 35 53 
37 58 48 
71 91 
72 93 
48 59 
59 44 64 
45 10 
93 74 
13 12 8 
47 27 
26 90 
89 47 
90 29 
68 62 34 
2 94 
10 79 49 
84 36 
74 2 
64 97 
31 
4 
83 57 
1 61 
27 56 
53 21 
29 70 99 
52 63 
36 81 
49 
21 96 
63 
17 
97 
30 76 
85 30 
3 
69 80 
14 
18 
51 77 
35 
8 
81 
77 
76 
40 
61 88 
33 
79 
94 
56 
57 
98 22 
42 
58 
25 50 
34 
62 
96 
99 
80 
44 
23 
22 
12 
88 
41 
70 65 
65 
43 
50 
