0 97 1 84 35 
63 28 10 
35 63 
10 87 
87 27 62 53 21 
21 91 9 
9 36 65 70 
70 95 24 86 19 
19 16 51 71 
65 88 
28 80 69 
25 98 48 
74 52 
71 68 67 
88 75 25 
48 46 
46 30 4 
69 59 32 
52 41 
67 22 74 
41 11 
32 94 31 
91 37 93 45 
11 33 55 
4 78 60 
55 34 49 
31 64 83 
83 92 
84 85 
90 3 23 
45 96 90 
51 14 44 
60 6 57 
49 17 81 
92 29 
34 66 
85 58 
53 39 
93 47 20 
80 61 73 5 
57 89 77 
29 26 
39 82 
44 56 
81 13 
12 
30 12 
66 7 
26 54 
58 40 
40 50 
54 99 
56 
62 
5 
17 
23 42 
77 38 
98 
7 
86 
2 
82 
50 2 
64 18 
99 8 
68 
78 
73 79 
3 72 
15 
72 
89 15 
13 
22 
33 
37 43 
1 
75 76 
18 
59 
94 
20 
8 
6 
42 
38 
97 
24 
36 
61 
96 
47 
43 
79 
76 
27 
14 
16 
95 
