0 60 63 23 59 
28 79 46 
46 35 85 
59 28 
43 93 74 84 10 
85 8 43 
10 56 68 25 
62 77 89 
25 97 19 62 
89 9 34 
34 50 12 15 
57 86 
15 13 57 
86 82 92 47 91 
91 98 29 36 30 
65 17 
17 3 18 
30 65 
84 24 33 
18 40 41 
33 81 78 37 
38 27 
41 38 
27 94 21 
37 4 
2 44 
21 75 54 
72 64 
68 73 72 
44 11 80 
4 2 
36 22 
24 5 32 83 
74 1 
22 6 
54 14 
3 45 69 
6 67 
14 70 
23 95 
64 31 
80 99 87 
83 52 
12 61 
69 76 
32 42 7 
70 53 
1 16 
67 51 
95 96 
11 39 
40 20 
31 
77 55 
16 90 
93 88 
20 26 
76 58 
88 
87 
47 66 
78 48 
96 
52 
66 
73 
8 
92 
39 
7 
45 
19 
58 
55 
51 
26 71 
75 
82 49 
94 
48 
29 
53 
35 
13 
99 
56 
61 
42 
63 
81 
98 
50 
49 
60 
79 
9 
90 
71 
97 
5 
