0 52 7 
7 72 57 93 19 2 51 86 
86 53 68 16 
16 82 24 8 
8 92 58 44 
44 54 90 
90 45 64 
64 6 83 33 94 
94 28 37 
37 71 50 67 76 
31 38 
38 40 32 
76 31 
32 56 47 
47 15 9 
89 27 
9 89 
27 35 29 
33 3 
29 49 91 
3 55 
91 70 65 
55 25 62 
65 78 
67 12 77 13 
75 23 61 
62 11 
78 39 75 
11 5 
24 18 
13 85 
5 97 43 30 
51 1 80 
18 88 34 
61 59 
68 14 
2 79 95 
19 48 46 
59 20 4 
14 81 
77 74 
30 63 
80 42 87 
83 66 
1 96 
53 73 
82 60 
96 17 
45 
85 98 
34 36 
46 
87 
74 
36 
35 10 
52 26 
95 
58 69 
4 22 
73 
84 
10 
60 
56 41 
50 
70 
66 
49 
15 84 
54 
48 
81 21 
63 
17 
26 
98 
6 
92 
93 
22 
43 
12 
20 99 
40 
21 
23 
42 
69 
71 
39 
79 
88 
41 
57 
28 
72 
25 
97 
99 
