# clone tree 0 objective: 4.94069
0 90 
90 88 25 
25 37 97 38 
38 82 39 
39 70 34 
34 47 75 
95 60 1 
75 42 95 
1 87 33 
33 56 76 68 
68 99 35 59 
72 16 21 50 
59 51 72 
82 13 58 40 
50 2 8 
8 83 44 
40 18 32 
44 78 84 
84 11 71 
32 30 48 
71 24 5 
96 77 19 
47 66 10 
48 96 
5 79 
53 61 27 
19 6 53 
10 45 81 
79 54 49 55 
81 31 
27 64 
18 63 43 
43 17 
31 14 
64 57 
55 91 7 
17 4 
70 36 
57 3 74 
14 12 
4 73 28 
78 69 23 
76 29 
7 86 
12 41 26 
24 92 
23 93 
28 20 
11 89 
91 52 
26 46 
83 80 
89 67 
74 98 
66 
51 
30 
87 
46 62 
93 
49 
58 
20 
97 
67 
35 65 
60 
3 94 85 
41 
61 
88 
29 
85 
86 
13 
80 
77 9 
62 
54 22 
22 
42 
99 
52 
37 
56 
69 
36 
45 15 
73 
9 
98 
92 
21 
16 
2 
65 
63 
94 
6 
15 
# clone tree 1 objective: 4.94069
0 90 
90 88 25 
25 16 37 97 38 
38 82 39 
39 70 34 
34 47 75 
95 60 1 
75 42 95 
1 92 87 33 
33 56 76 68 
68 99 35 59 
72 21 50 
59 51 72 
82 13 58 40 
50 2 8 
8 83 44 
40 18 32 
44 78 84 
84 11 71 
32 30 48 
71 24 5 
96 77 19 
47 66 10 
48 96 
5 79 
53 61 27 
19 53 
10 45 81 
79 54 49 55 
81 31 
27 64 
18 63 43 
43 17 
31 14 
64 57 
55 91 7 
17 4 
70 36 
57 3 74 
14 12 
4 73 28 
78 69 23 
76 29 
7 86 
12 6 41 26 
24 
23 93 
28 20 
11 89 
91 52 
26 46 
83 94 80 
89 67 
74 98 
66 
51 
30 
87 
46 62 
93 
49 
58 
20 
97 
67 
35 65 
60 
3 85 
41 
61 
88 
29 
85 
86 
13 
80 
77 9 
62 
54 22 
22 
42 
99 
52 
37 
56 
69 15 
36 
45 
73 
9 
98 
92 
21 
16 
2 
65 
63 
94 
6 
15 
# clone tree 2 objective: 4.94069
0 15 90 
90 56 88 25 
25 37 97 38 
38 82 39 
39 70 34 
34 47 75 
95 60 1 
75 42 95 
1 92 87 33 
33 76 68 
68 65 99 35 59 
72 16 21 50 
59 51 72 
82 13 58 40 
50 2 8 
8 94 83 44 
40 18 32 
44 78 84 
84 11 71 
32 30 48 
71 24 5 
96 77 19 
47 66 10 
48 96 
5 79 
53 61 27 
19 53 
10 45 81 
79 54 49 55 
81 31 
27 64 
18 63 43 
43 17 
31 14 
64 29 57 
55 91 7 
17 4 
70 36 
57 3 74 
14 12 
4 73 28 
78 69 23 
76 
7 86 
12 41 26 
24 
23 93 
28 20 
11 89 
91 52 
26 46 
83 80 
89 67 
74 98 
66 
51 
30 
87 
46 62 
93 
49 
58 
20 
97 
67 
35 
60 
3 85 
41 
61 
88 
29 
85 
86 
13 
80 
77 9 
62 
54 22 
22 
42 
99 
52 
37 
56 
69 
36 
45 
73 6 
9 
98 
92 
21 
16 
2 
65 
63 
94 
6 
15 
# clone tree 3 objective: 4.94069
0 90 
90 88 25 
25 16 37 97 38 
38 82 39 
39 70 34 
34 47 75 
95 60 1 
75 42 95 
1 92 87 33 
33 56 76 68 
68 99 35 59 
72 21 50 
59 51 72 
82 13 58 40 
50 2 8 
8 83 44 
40 18 32 
44 78 84 
84 11 71 
32 30 48 
71 24 5 
96 77 19 
47 66 10 
48 96 
5 79 
53 61 27 
19 53 
10 45 81 
79 54 49 55 
81 31 
27 64 
18 63 43 
43 17 
31 14 
64 57 
55 91 7 
17 4 
70 36 
57 3 74 
14 12 
4 73 28 
78 69 23 
76 29 
7 86 
12 6 41 26 
24 
23 93 
28 20 
11 89 
91 52 
26 46 
83 94 80 
89 67 
74 98 
66 
51 
30 
87 15 
46 62 
93 
49 
58 
20 
97 
67 
35 65 
60 
3 85 
41 
61 
88 
29 
85 
86 
13 
80 
77 9 
62 
54 22 
22 
42 
99 
52 
37 
56 
69 
36 
45 
73 
9 
98 
92 
21 
16 
2 
65 
63 
94 
6 
15 
# clone tree 4 objective: 4.94069
0 90 
90 56 88 25 
25 37 97 38 
38 15 82 39 
39 70 34 
34 47 75 
95 60 1 
75 42 95 
1 92 87 33 
33 76 68 
68 65 99 35 59 
72 16 21 50 
59 51 72 
82 13 58 40 
50 2 8 
8 94 83 44 
40 18 32 
44 78 84 
84 11 71 
32 30 48 
71 24 5 
96 77 19 
47 66 10 
48 96 
5 79 
53 61 27 
19 53 
10 45 81 
79 54 49 55 
81 31 
27 64 
18 63 43 
43 17 
31 14 
64 29 57 
55 91 7 
17 4 
70 36 
57 3 74 
14 12 
4 73 28 
78 69 23 
76 
7 86 
12 41 26 
24 
23 93 
28 20 
11 89 
91 52 
26 46 
83 80 
89 67 
74 98 
66 
51 
30 
87 
46 62 
93 
49 
58 
20 
97 
67 
35 
60 
3 85 
41 
61 
88 
29 
85 
86 
13 
80 
77 9 
62 
54 22 
22 
42 
99 
52 
37 
56 
69 
36 
45 
73 6 
9 
98 
92 
21 
16 
2 
65 
63 
94 
6 
15 
# clone tree 5 objective: 4.94069
0 90 
90 88 25 
25 16 37 97 38 
38 82 39 
39 70 34 
34 47 75 
95 60 1 
75 42 95 
1 92 87 33 
33 56 76 68 
68 99 35 59 
72 21 50 
59 51 72 
82 13 58 40 
50 2 8 
8 83 44 
40 18 32 
44 78 84 
84 11 71 
32 30 48 
71 24 5 
96 77 19 
47 66 10 
48 96 
5 79 
53 61 27 
19 53 
10 45 81 
79 54 49 55 
81 31 
27 64 
18 63 43 
43 17 
31 14 
64 57 
55 91 7 
17 4 
70 36 
57 3 74 
14 12 
4 73 28 
78 69 23 
76 29 
7 86 
12 6 41 26 
24 
23 93 
28 20 
11 89 
91 52 
26 46 
83 94 80 
89 67 
74 98 
66 
51 
30 
87 
46 62 
93 
49 
58 
20 
97 
67 
35 65 
60 
3 85 
41 
61 
88 
29 
85 
86 
13 
80 
77 9 
62 
54 22 
22 
42 
99 
52 
37 
56 
69 
36 
45 
73 
9 
98 
92 
21 
16 
2 
65 15 
63 
94 
6 
15 
# clone tree 6 objective: 4.94069
0 90 
90 56 88 25 
25 37 97 38 
38 82 39 
39 15 70 34 
34 47 75 
95 60 1 
75 42 95 
1 92 87 33 
33 76 68 
68 65 99 35 59 
72 16 21 50 
59 51 72 
82 13 58 40 
50 2 8 
8 94 83 44 
40 18 32 
44 78 84 
84 11 71 
32 30 48 
71 24 5 
96 77 19 
47 66 10 
48 96 
5 79 
53 61 27 
19 53 
10 45 81 
79 54 49 55 
81 31 
27 64 
18 63 43 
43 17 
31 14 
64 29 57 
55 91 7 
17 4 
70 36 
57 3 74 
14 12 
4 73 28 
78 69 23 
76 
7 86 
12 41 26 
24 
23 93 
28 20 
11 89 
91 52 
26 46 
83 80 
89 67 
74 98 
66 
51 
30 
87 
46 62 
93 
49 
58 
20 
97 
67 
35 
60 
3 85 
41 
61 
88 
29 
85 
86 
13 
80 
77 9 
62 
54 22 
22 
42 
99 
52 
37 
56 
69 
36 
45 
73 6 
9 
98 
92 
21 
16 
2 
65 
63 
94 
6 
15 
# clone tree 7 objective: 4.94069
0 90 
90 88 25 
25 16 37 97 38 
38 82 39 
39 70 34 
34 47 75 
95 60 1 
75 42 95 
1 92 87 33 
33 76 68 
68 99 35 59 
72 21 50 
59 51 72 
82 13 58 40 
50 2 8 
8 83 44 
40 18 32 
44 78 84 
84 11 71 
32 30 48 
71 24 5 
96 77 19 
47 66 10 
48 96 
5 79 
53 61 27 
19 53 
10 45 81 
79 54 49 55 
81 31 
27 64 
18 63 43 
43 17 
31 14 
64 29 57 
55 91 7 
17 4 
70 36 
57 3 74 
14 12 
4 73 28 
78 69 23 
76 56 
7 86 
12 41 26 
24 94 
23 93 
28 20 
11 89 
91 52 
26 46 
83 80 
89 67 
74 98 
66 
51 
30 
87 
46 62 
93 
49 
58 
20 
97 
67 
35 
60 65 
3 85 
41 
61 
88 
29 
85 
86 
13 
80 
77 9 
62 
54 22 
22 
42 
99 
52 
37 
56 
69 
36 
45 
73 
9 
98 
92 
21 
16 
2 
65 
63 6 
94 15 
6 
15 
# clone tree 8 objective: 4.94069
0 90 
90 88 25 
25 16 37 97 38 
38 82 39 
39 70 34 
34 47 75 
95 60 1 
75 42 95 
1 92 87 33 
33 56 76 68 
68 99 35 59 
72 21 50 
59 51 72 
82 13 58 40 
50 2 8 
8 83 44 
40 18 32 
44 78 84 
84 11 71 
32 30 48 
71 24 5 
96 77 19 
47 66 10 
48 96 
5 79 
53 61 27 
19 53 
10 45 81 
79 94 54 49 55 
81 31 
27 64 
18 63 43 
43 17 
31 14 
64 57 
55 91 7 
17 4 
70 36 
57 3 74 
14 12 
4 73 28 
78 69 23 
76 29 
7 86 
12 41 26 
24 
23 93 
28 20 
11 89 
91 52 
26 46 
83 80 
89 67 
74 98 
66 
51 
30 
87 
46 62 
93 
49 
58 
20 6 
97 
67 
35 
60 65 
3 85 
41 
61 
88 
29 
85 
86 
13 
80 
77 9 
62 
54 22 
22 
42 
99 
52 
37 
56 
69 
36 
45 
73 
9 
98 
92 
21 
16 
2 
65 
63 
94 15 
6 
15 
# clone tree 9 objective: 4.94069
0 90 
90 88 25 
25 16 37 97 38 
38 82 39 
39 70 34 
34 47 75 
95 60 1 
75 42 95 
1 87 33 
33 76 68 
68 99 35 59 
72 21 50 
59 51 72 
82 13 58 40 
50 2 8 
8 83 44 
40 18 32 
44 78 84 
84 6 11 71 
32 30 48 
71 24 5 
96 77 19 
47 66 10 
48 96 
5 79 
53 61 27 
19 53 
10 45 81 
79 54 49 55 
81 31 
27 64 
18 63 43 
43 17 
31 14 
64 29 57 
55 91 7 
17 4 
70 36 
57 3 74 
14 12 
4 73 28 
78 69 23 
76 56 
7 86 
12 41 26 
24 92 
23 93 
28 20 
11 89 
91 52 
26 46 
83 80 
89 67 
74 98 
66 
51 15 
30 
87 
46 62 
93 
49 
58 
20 
97 
67 
35 65 
60 
3 85 
41 
61 
88 
29 
85 
86 
13 
80 
77 9 
62 
54 22 
22 
42 
99 
52 
37 
56 
69 
36 94 
45 
73 
9 
98 
92 
21 
16 
2 
65 
63 
94 
6 
15 
# clone tree 10 objective: 4.94069
0 90 
90 56 88 25 
25 37 97 38 
38 82 39 
39 70 34 
34 47 75 
95 60 1 
75 15 42 95 
1 92 87 33 
33 76 68 
68 65 99 35 59 
72 16 21 50 
59 51 72 
82 13 58 40 
50 2 8 
8 94 83 44 
40 18 32 
44 78 84 
84 11 71 
32 30 48 
71 24 5 
96 77 19 
47 66 10 
48 96 
5 79 
53 61 27 
19 53 
10 45 81 
79 54 49 55 
81 31 
27 64 
18 63 43 
43 17 
31 14 
64 29 57 
55 91 7 
17 4 
70 36 
57 3 74 
14 12 
4 73 28 
78 69 23 
76 
7 86 
12 41 26 
24 
23 93 
28 20 
11 89 
91 52 
26 46 
83 80 
89 67 
74 98 
66 
51 
30 
87 
46 62 
93 
49 
58 
20 
97 
67 
35 
60 
3 85 
41 
61 
88 
29 
85 
86 
13 
80 
77 9 
62 
54 22 
22 
42 
99 
52 
37 
56 
69 
36 
45 
73 6 
9 
98 
92 
21 
16 
2 
65 
63 
94 
6 
15 
# clone tree 11 objective: 4.94069
0 90 
90 88 25 
25 16 37 97 38 
38 82 39 
39 70 34 
34 47 75 
95 60 1 
75 42 95 
1 87 33 
33 76 68 
68 99 35 59 
72 21 50 
59 51 72 
82 13 58 40 
50 2 8 
8 83 44 
40 18 32 
44 78 84 
84 6 11 71 
32 30 48 
71 24 5 
96 77 19 
47 66 10 
48 96 
5 79 
53 61 27 
19 53 
10 45 81 
79 54 49 55 
81 31 
27 64 
18 63 43 
43 17 
31 14 
64 29 57 
55 91 7 
17 4 
70 36 
57 3 74 
14 12 
4 73 28 
78 69 23 
76 56 
7 86 
12 41 26 
24 92 
23 93 
28 20 
11 89 
91 52 
26 46 
83 80 
89 67 
74 98 
66 
51 
30 
87 
46 62 
93 
49 
58 
20 
97 
67 15 
35 65 
60 
3 85 
41 
61 
88 
29 
85 
86 
13 
80 
77 9 
62 
54 22 
22 
42 
99 
52 
37 
56 
69 
36 94 
45 
73 
9 
98 
92 
21 
16 
2 
65 
63 
94 
6 
15 
# clone tree 12 objective: 4.94069
0 90 
90 56 88 25 
25 37 97 38 
38 82 39 
39 70 34 
34 47 75 
95 60 1 
75 42 95 
1 92 87 33 
33 76 68 
68 65 99 35 59 
72 16 21 50 
59 51 72 
82 15 13 58 40 
50 2 8 
8 94 83 44 
40 18 32 
44 78 84 
84 11 71 
32 30 48 
71 24 5 
96 77 19 
47 66 10 
48 96 
5 79 
53 61 27 
19 53 
10 45 81 
79 54 49 55 
81 31 
27 64 
18 63 43 
43 17 
31 14 
64 29 57 
55 91 7 
17 4 
70 36 
57 3 74 
14 12 
4 73 28 
78 69 23 
76 
7 86 
12 41 26 
24 
23 93 
28 20 
11 89 
91 52 
26 46 
83 80 
89 67 
74 98 
66 
51 
30 
87 
46 62 
93 
49 
58 
20 
97 
67 
35 
60 
3 85 
41 
61 
88 
29 
85 
86 
13 
80 
77 9 
62 
54 22 
22 
42 
99 
52 
37 
56 
69 
36 
45 
73 6 
9 
98 
92 
21 
16 
2 
65 
63 
94 
6 
15 
# clone tree 13 objective: 4.94069
0 90 
90 88 25 
25 16 37 97 38 
38 82 39 
39 70 34 
34 47 75 
95 60 1 
75 42 95 
1 87 33 
33 76 68 
68 99 35 59 
72 21 50 
59 51 72 
82 13 58 40 
50 2 8 
8 83 44 
40 18 32 
44 78 84 
84 6 11 71 
32 30 48 
71 24 5 
96 77 19 
47 66 10 
48 96 
5 79 
53 61 27 
19 53 
10 45 81 
79 54 49 55 
81 31 
27 64 
18 63 43 
43 17 
31 14 
64 29 57 
55 91 7 
17 4 
70 36 
57 3 74 
14 12 
4 73 28 
78 69 23 
76 56 
7 86 
12 41 26 
24 92 
23 93 
28 20 
11 89 
91 52 
26 46 
83 80 
89 67 
74 98 
66 
51 
30 
87 
46 62 
93 
49 
58 
20 
97 
67 
35 65 
60 
3 85 
41 
61 
88 
29 
85 15 
86 
13 
80 
77 9 
62 
54 22 
22 
42 
99 
52 
37 
56 
69 
36 94 
45 
73 
9 
98 
92 
21 
16 
2 
65 
63 
94 
6 
15 
# clone tree 14 objective: 4.94069
0 90 
90 88 25 
25 37 97 38 
38 82 39 
39 70 34 
34 47 75 
95 60 1 
75 42 95 
1 87 33 
33 56 76 68 
68 99 35 59 
72 16 21 50 
59 51 72 
82 13 58 40 
50 2 8 
8 83 44 
40 18 32 
44 78 84 
84 11 71 
32 30 48 
71 24 5 
96 77 19 
47 66 10 
48 96 
5 79 
53 61 27 
19 6 53 
10 45 81 
79 54 49 55 
81 31 
27 64 
18 63 43 
43 17 
31 14 
64 57 
55 91 7 
17 4 
70 36 
57 3 74 
14 12 
4 73 28 
78 69 23 
76 29 
7 86 
12 41 26 
24 92 
23 93 
28 20 
11 89 
91 52 
26 46 
83 80 
89 67 
74 98 
66 
51 
30 
87 
46 62 
93 
49 
58 
20 
97 
67 
35 65 
60 
3 94 85 
41 
61 
88 
29 
85 
86 
13 
80 
77 9 
62 
54 22 
22 
42 
99 
52 
37 
56 
69 
36 
45 
73 
9 15 
98 
92 
21 
16 
2 
65 
63 
94 
6 
15 
# clone tree 15 objective: 4.94069
0 90 
90 88 25 
25 16 37 97 38 
38 82 39 
39 70 34 
34 47 75 
95 60 1 
75 42 95 
1 92 87 33 
33 76 68 
68 99 35 59 
72 21 50 
59 51 72 
82 13 58 40 
50 2 8 
8 83 44 
40 18 32 
44 78 84 
84 11 71 
32 30 48 
71 24 5 
96 77 19 
47 66 10 
48 96 
5 79 
53 61 27 
19 53 
10 45 81 
79 54 49 55 
81 31 
27 64 
18 63 43 
43 17 
31 14 
64 29 57 
55 15 91 7 
17 4 
70 36 
57 3 74 
14 12 
4 73 28 
78 69 23 
76 56 
7 86 
12 41 26 
24 94 
23 93 
28 20 
11 89 
91 52 
26 46 
83 80 
89 67 
74 98 
66 
51 
30 
87 
46 62 
93 
49 
58 
20 
97 
67 
35 
60 65 
3 85 
41 
61 
88 
29 
85 
86 
13 
80 
77 9 
62 
54 22 
22 
42 
99 
52 
37 
56 
69 
36 
45 
73 
9 
98 
92 
21 
16 
2 
65 
63 6 
94 
6 
15 
# clone tree 16 objective: 4.94069
0 90 
90 88 25 
25 37 97 38 
38 82 39 
39 70 34 
34 47 75 
95 60 1 
75 42 95 
1 87 33 
33 56 76 68 
68 99 35 59 
72 16 21 50 
59 51 72 
82 13 58 40 
50 2 8 
8 83 44 
40 18 32 
44 78 84 
84 11 71 
32 30 48 
71 24 5 
96 77 19 
47 66 10 
48 96 
5 79 
53 61 27 
19 6 53 
10 45 81 
79 54 49 55 
81 31 
27 64 
18 63 43 
43 17 
31 14 
64 57 
55 91 7 
17 4 
70 36 
57 3 74 
14 12 
4 73 28 
78 69 23 
76 29 
7 86 
12 41 26 
24 92 
23 93 
28 20 
11 89 
91 52 
26 46 
83 80 
89 67 
74 98 
66 
51 
30 
87 
46 62 
93 
49 
58 
20 
97 
67 
35 65 
60 
3 94 85 
41 
61 
88 
29 
85 
86 
13 
80 
77 9 
62 15 
54 22 
22 
42 
99 
52 
37 
56 
69 
36 
45 
73 
9 
98 
92 
21 
16 
2 
65 
63 
94 
6 
15 
# clone tree 17 objective: 4.94069
0 90 
90 88 25 
25 16 37 97 38 
38 82 39 
39 70 34 
34 47 75 
95 60 1 
75 42 95 
1 87 33 
33 76 68 
68 99 35 59 
72 21 50 
59 51 72 
82 13 58 40 
50 2 8 
8 83 44 
40 18 32 
44 78 84 
84 6 11 71 
32 30 48 
71 24 5 
96 77 19 
47 66 10 
48 96 
5 79 
53 61 27 
19 53 
10 45 81 
79 54 49 55 
81 31 
27 64 
18 63 43 
43 17 
31 14 
64 29 57 
55 91 7 
17 4 
70 36 
57 3 74 
14 12 
4 73 28 
78 69 23 
76 56 
7 86 
12 41 26 
24 92 
23 93 
28 20 
11 89 
91 52 
26 46 
83 80 
89 67 
74 98 
66 
51 
30 
87 
46 62 
93 
49 
58 
20 
97 15 
67 
35 65 
60 
3 85 
41 
61 
88 
29 
85 
86 
13 
80 
77 9 
62 
54 22 
22 
42 
99 
52 
37 
56 
69 
36 94 
45 
73 
9 
98 
92 
21 
16 
2 
65 
63 
94 
6 
15 
# clone tree 18 objective: 4.94069
0 90 
90 88 25 
25 37 97 38 
38 82 39 
39 70 34 
34 47 75 
95 60 1 
75 42 95 
1 87 33 
33 56 76 68 
68 99 35 59 
72 16 21 50 
59 51 72 
82 13 58 40 
50 2 8 
8 83 44 
40 18 32 
44 78 84 
84 11 71 
32 30 48 
71 24 5 
96 77 19 
47 66 10 
48 96 
5 79 
53 61 27 
19 6 53 
10 45 81 
79 54 49 55 
81 31 
27 64 
18 63 43 
43 17 
31 14 
64 57 
55 91 7 
17 4 
70 36 
57 3 74 
14 12 
4 73 28 
78 69 23 
76 29 
7 86 
12 41 26 
24 92 
23 93 
28 20 
11 89 
91 52 
26 46 
83 80 
89 67 
74 98 
66 
51 
30 
87 
46 62 
93 
49 
58 
20 
97 
67 
35 65 
60 
3 15 94 85 
41 
61 
88 
29 
85 
86 
13 
80 
77 9 
62 
54 22 
22 
42 
99 
52 
37 
56 
69 
36 
45 
73 
9 
98 
92 
21 
16 
2 
65 
63 
94 
6 
15 
# clone tree 19 objective: 4.94069
0 90 
90 88 25 
25 16 37 97 38 
38 82 39 
39 70 34 
34 47 75 
95 60 1 
75 42 95 
1 87 33 
33 76 68 
68 99 35 59 
72 21 50 
59 51 72 
82 13 58 40 
50 2 8 
8 83 44 
40 18 32 
44 78 84 
84 6 11 71 
32 30 48 
71 24 5 
96 77 19 
47 66 10 
48 96 
5 79 
53 61 27 
19 53 
10 45 81 
79 54 49 55 
81 31 
27 64 
18 63 43 
43 17 
31 14 
64 29 57 
55 91 7 
17 4 
70 36 
57 3 74 
14 12 
4 73 28 
78 69 23 
76 56 
7 86 
12 41 26 
24 92 
23 93 
28 20 
11 89 
91 52 
26 15 46 
83 80 
89 67 
74 98 
66 
51 
30 
87 
46 62 
93 
49 
58 
20 
97 
67 
35 65 
60 
3 85 
41 
61 
88 
29 
85 
86 
13 
80 
77 9 
62 
54 22 
22 
42 
99 
52 
37 
56 
69 
36 94 
45 
73 
9 
98 
92 
21 
16 
2 
65 
63 
94 
6 
15 
# clone tree 20 objective: 4.94069
0 90 
90 88 25 
25 37 97 38 
38 82 39 
39 70 34 
34 47 75 
95 60 1 
75 42 95 
1 87 33 
33 56 76 68 
68 99 35 59 
72 16 21 50 
59 51 72 
82 13 58 40 
50 2 8 
8 83 44 
40 18 32 
44 78 84 
84 11 71 
32 30 48 
71 24 5 
96 77 19 
47 66 10 
48 96 
5 79 
53 61 27 
19 6 53 
10 45 81 
79 54 49 55 
81 31 
27 64 
18 63 43 
43 17 
31 14 
64 57 
55 91 7 
17 4 
70 36 
57 3 74 
14 12 
4 73 28 
78 69 23 
76 29 
7 86 
12 41 26 
24 92 
23 93 
28 20 
11 89 
91 15 52 
26 46 
83 80 
89 67 
74 98 
66 
51 
30 
87 
46 62 
93 
49 
58 
20 
97 
67 
35 65 
60 
3 94 85 
41 
61 
88 
29 
85 
86 
13 
80 
77 9 
62 
54 22 
22 
42 
99 
52 
37 
56 
69 
36 
45 
73 
9 
98 
92 
21 
16 
2 
65 
63 
94 
6 
15 
# clone tree 21 objective: 4.94069
0 90 
90 88 25 
25 16 37 97 38 
38 82 39 
39 70 34 
34 47 75 
95 60 1 
75 42 95 
1 92 87 33 
33 56 76 68 
68 99 35 59 
72 21 50 
59 51 72 
82 13 58 40 
50 2 8 
8 83 44 
40 18 32 
44 78 84 
84 11 71 
32 30 48 
71 24 5 
96 77 19 
47 66 10 
48 96 
5 79 
53 61 27 
19 53 
10 45 81 
79 94 54 49 55 
81 31 
27 64 
18 63 43 
43 17 
31 14 
64 57 
55 91 7 
17 4 
70 36 
57 3 74 
14 12 
4 73 28 
78 69 23 
76 29 
7 86 
12 41 26 
24 
23 93 
28 20 
11 15 89 
91 52 
26 46 
83 80 
89 67 
74 98 
66 
51 
30 
87 
46 62 
93 
49 
58 
20 6 
97 
67 
35 
60 65 
3 85 
41 
61 
88 
29 
85 
86 
13 
80 
77 9 
62 
54 22 
22 
42 
99 
52 
37 
56 
69 
36 
45 
73 
9 
98 
92 
21 
16 
2 
65 
63 
94 
6 
15 
# clone tree 22 objective: 4.94069
0 90 
90 88 25 
25 37 97 38 
38 82 39 
39 70 34 
34 47 75 
95 60 1 
75 42 95 
1 87 33 
33 56 76 68 
68 99 35 59 
72 16 21 50 
59 51 72 
82 13 58 40 
50 2 8 
8 83 44 
40 18 32 
44 78 84 
84 11 71 
32 30 48 
71 24 5 
96 77 19 
47 66 10 
48 96 
5 79 
53 61 27 
19 6 53 
10 45 81 
79 54 49 55 
81 31 
27 64 
18 63 43 
43 17 
31 14 
64 57 
55 91 7 
17 4 
70 36 
57 3 74 
14 12 
4 73 28 
78 69 23 
76 29 
7 86 
12 41 26 
24 92 
23 93 
28 20 
11 89 
91 52 
26 46 
83 80 
89 67 
74 98 
66 
51 
30 
87 
46 62 
93 
49 
58 
20 
97 
67 
35 65 
60 
3 94 85 
41 
61 
88 
29 
85 
86 
13 
80 
77 9 
62 
54 22 
22 
42 
99 
52 
37 
56 
69 
36 
45 
73 
9 
98 
92 
21 
16 
2 
65 
63 
94 
6 15 
15 
# clone tree 23 objective: 4.94069
0 90 
90 88 25 
25 16 37 97 38 
38 82 39 
39 70 34 
34 47 75 
95 60 1 
75 42 95 
1 92 87 33 
33 76 68 
68 99 35 59 
72 21 50 
59 51 72 
82 13 58 40 
50 2 8 
8 83 44 
40 18 32 
44 78 84 
84 11 71 
32 30 48 
71 15 24 5 
96 77 19 
47 66 10 
48 96 
5 79 
53 61 27 
19 53 
10 45 81 
79 54 49 55 
81 31 
27 64 
18 63 43 
43 17 
31 14 
64 29 57 
55 91 7 
17 4 
70 36 
57 3 74 
14 12 
4 73 28 
78 69 23 
76 56 
7 86 
12 41 26 
24 94 
23 93 
28 20 
11 89 
91 52 
26 46 
83 80 
89 67 
74 98 
66 
51 
30 
87 
46 62 
93 
49 
58 
20 
97 
67 
35 
60 65 
3 85 
41 
61 
88 
29 
85 
86 
13 
80 
77 9 
62 
54 22 
22 
42 
99 
52 
37 
56 
69 
36 
45 
73 
9 
98 
92 
21 
16 
2 
65 
63 6 
94 
6 
15 
# clone tree 24 objective: 4.94069
0 90 
90 88 25 
25 37 97 38 
38 82 39 
39 70 34 
34 47 75 
95 60 1 
75 42 95 
1 87 33 
33 56 76 68 
68 99 35 59 
72 16 21 50 
59 51 72 
82 13 58 40 
50 2 8 
8 83 44 
40 18 32 
44 78 84 
84 11 71 
32 30 48 
71 24 5 
96 77 19 
47 66 10 
48 96 
5 79 
53 61 27 
19 6 53 
10 45 81 
79 54 49 55 
81 31 
27 64 
18 63 43 
43 17 
31 14 
64 57 
55 91 7 
17 4 
70 36 
57 3 74 
14 15 12 
4 73 28 
78 69 23 
76 29 
7 86 
12 41 26 
24 92 
23 93 
28 20 
11 89 
91 52 
26 46 
83 80 
89 67 
74 98 
66 
51 
30 
87 
46 62 
93 
49 
58 
20 
97 
67 
35 65 
60 
3 94 85 
41 
61 
88 
29 
85 
86 
13 
80 
77 9 
62 
54 22 
22 
42 
99 
52 
37 
56 
69 
36 
45 
73 
9 
98 
92 
21 
16 
2 
65 
63 
94 
6 
15 
# clone tree 25 objective: 4.94069
0 90 
90 88 25 
25 16 37 97 38 
38 82 39 
39 70 34 
34 47 75 
95 60 1 
75 42 95 
1 92 87 33 
33 76 68 
68 99 35 59 
72 21 50 
59 51 72 
82 13 58 40 
50 2 8 
8 83 44 
40 18 32 
44 78 84 
84 11 71 
32 30 48 
71 24 5 
96 77 19 
47 66 10 
48 96 
5 79 
53 61 27 
19 53 
10 45 81 
79 54 49 55 
81 31 
27 64 
18 63 43 
43 17 
31 14 
64 29 57 
55 91 7 
17 4 
70 36 
57 3 74 
14 12 
4 73 28 
78 69 23 
76 56 
7 86 
12 41 26 
24 94 
23 93 
28 20 
11 89 
91 52 
26 46 
83 80 
89 67 
74 98 
66 
51 
30 
87 
46 62 
93 
49 
58 
20 
97 
67 
35 
60 65 
3 85 
41 
61 
88 
29 15 
85 
86 
13 
80 
77 9 
62 
54 22 
22 
42 
99 
52 
37 
56 
69 
36 
45 
73 
9 
98 
92 
21 
16 
2 
65 
63 6 
94 
6 
15 
# clone tree 26 objective: 4.94069
0 90 
90 88 25 
25 37 97 38 
38 82 39 
39 70 34 
34 47 75 
95 60 1 
75 42 95 
1 87 33 
33 56 76 68 
68 99 35 59 
72 16 21 50 
59 51 72 
82 13 58 40 
50 2 8 
8 83 44 
40 18 32 
44 78 84 
84 11 71 
32 30 48 
71 24 5 
96 77 19 
47 66 10 
48 96 
5 79 
53 61 27 
19 6 53 
10 45 81 
79 54 49 55 
81 31 
27 64 
18 63 43 
43 17 
31 14 
64 57 
55 91 7 
17 4 
70 36 
57 3 74 
14 12 
4 73 28 
78 69 23 
76 29 
7 86 
12 41 26 
24 92 
23 93 
28 20 
11 89 
91 52 
26 46 
83 80 
89 67 
74 98 
66 
51 
30 
87 
46 62 
93 
49 
58 
20 
97 
67 
35 65 
60 
3 94 85 
41 
61 
88 
29 
85 
86 
13 
80 
77 9 
62 
54 22 
22 
42 
99 
52 
37 
56 
69 
36 
45 
73 
9 
98 15 
92 
21 
16 
2 
65 
63 
94 
6 
15 
# clone tree 27 objective: 4.94069
0 90 
90 15 88 25 
25 16 37 97 38 
38 82 39 
39 70 34 
34 47 75 
95 60 1 
75 65 42 95 
1 87 33 
33 76 68 
68 99 35 59 
72 21 50 
59 51 72 
82 13 58 40 
50 2 8 
8 83 44 
40 18 32 
44 78 84 
84 11 71 
32 30 48 
71 24 5 
96 77 19 
47 66 10 
48 96 
5 79 
53 61 27 
19 53 
10 45 81 
79 54 49 55 
81 31 
27 64 
18 63 43 
43 17 
31 14 
64 29 57 
55 91 7 
17 94 4 
70 36 
57 3 74 
14 12 
4 73 28 
78 69 23 
76 56 
7 86 
12 41 26 
24 92 
23 93 
28 20 
11 89 
91 52 
26 46 
83 80 
89 67 
74 98 
66 
51 
30 
87 
46 62 
93 
49 
58 
20 
97 
67 
35 
60 
3 85 
41 
61 
88 
29 
85 
86 
13 
80 
77 6 9 
62 
54 22 
22 
42 
99 
52 
37 
56 
69 
36 
45 
73 
9 
98 
92 
21 
16 
2 
65 
63 
94 
6 
15 
# clone tree 28 objective: 4.94069
0 90 
90 88 25 
25 16 37 97 38 
38 82 39 
39 70 34 
34 47 75 
95 60 1 
75 42 95 
1 92 87 33 
33 76 68 
68 65 99 35 59 
72 21 50 
59 15 51 72 
82 13 58 40 
50 2 8 
8 83 44 
40 18 32 
44 78 84 
84 11 71 
32 30 48 
71 24 5 
96 77 19 
47 66 10 
48 56 96 
5 79 
53 61 27 
19 53 
10 45 81 
79 54 49 55 
81 31 
27 64 
18 63 43 
43 17 
31 14 
64 29 57 
55 91 7 
17 4 
70 36 
57 3 74 
14 12 
4 73 28 
78 69 23 
76 
7 86 
12 41 26 
24 
23 93 
28 20 
11 89 
91 52 
26 46 
83 80 
89 67 
74 98 
66 
51 
30 
87 
46 62 
93 94 
49 
58 
20 
97 
67 
35 
60 
3 85 
41 6 
61 
88 
29 
85 
86 
13 
80 
77 9 
62 
54 22 
22 
42 
99 
52 
37 
56 
69 
36 
45 
73 
9 
98 
92 
21 
16 
2 
65 
63 
94 
6 
15 
# clone tree 29 objective: 4.94069
0 90 
90 88 25 
25 94 37 97 38 
38 82 39 
39 70 34 
34 47 75 
95 60 1 
75 65 42 95 
1 87 33 
33 56 76 68 
68 99 35 59 
72 16 21 50 
59 51 72 
82 13 58 40 
50 2 8 
8 83 44 
40 18 32 
44 78 84 
84 11 71 
32 30 48 
71 24 5 
96 77 19 
47 66 10 
48 96 
5 79 
53 61 27 
19 53 
10 45 81 
79 54 49 55 
81 31 
27 64 
18 63 43 
43 17 
31 14 
64 29 57 
55 91 7 
17 4 
70 36 
57 3 74 
14 12 
4 73 28 
78 69 23 
76 
7 86 
12 41 26 
24 
23 93 
28 20 
11 89 
91 52 
26 46 
83 80 
89 67 
74 98 
66 6 
51 
30 
87 
46 62 
93 
49 
58 
20 
97 
67 
35 
60 
3 85 
41 
61 
88 
29 
85 
86 
13 
80 
77 9 
62 
54 22 
22 
42 
99 92 
52 
37 
56 
69 
36 
45 
73 
9 
98 
92 
21 
16 
2 
65 
63 
94 15 
6 
15 
# clone tree 30 objective: 4.94069
0 90 
90 88 25 
25 16 37 97 38 
38 82 39 
39 70 34 
34 47 75 
95 60 1 
75 42 95 
1 92 87 33 
33 76 68 
68 99 35 59 
72 21 50 
59 51 72 
82 13 58 40 
50 2 8 
8 83 44 
40 18 32 
44 78 84 
84 11 71 
32 30 48 
71 24 5 
96 77 19 
47 66 10 
48 96 
5 79 
53 61 27 
19 53 
10 45 81 
79 54 49 55 
81 31 
27 15 64 
18 63 43 
43 17 
31 14 
64 29 57 
55 91 7 
17 4 
70 36 
57 3 74 
14 12 
4 73 28 
78 69 23 
76 56 
7 86 
12 41 26 
24 94 
23 93 
28 20 
11 89 
91 52 
26 46 
83 80 
89 67 
74 98 
66 
51 
30 
87 
46 62 
93 
49 
58 
20 
97 
67 
35 
60 65 
3 85 
41 
61 
88 
29 
85 
86 
13 
80 
77 9 
62 
54 22 
22 
42 
99 
52 
37 
56 
69 
36 
45 
73 
9 
98 
92 
21 
16 
2 
65 
63 6 
94 
6 
15 
# clone tree 31 objective: 4.94069
0 90 
90 56 88 25 
25 37 97 38 
38 82 39 
39 70 34 
34 47 75 
95 60 1 
75 42 95 
1 6 87 33 
33 76 68 
68 65 99 35 59 
72 16 21 50 
59 51 72 
82 13 58 40 
50 2 8 
8 83 44 
40 18 32 
44 78 84 
84 11 71 
32 30 48 
71 24 5 
96 77 19 
47 66 10 
48 96 
5 79 
53 61 27 
19 53 
10 45 81 
79 54 49 55 
81 31 
27 64 
18 63 43 
43 17 
31 14 
64 29 57 
55 91 7 
17 4 
70 36 
57 3 74 
14 12 
4 73 28 
78 69 23 
76 
7 86 
12 41 26 
24 92 
23 93 
28 20 
11 89 
91 52 
26 46 
83 80 
89 67 
74 98 
66 
51 
30 
87 
46 62 
93 
49 15 
58 
20 
97 94 
67 
35 
60 
3 85 
41 
61 
88 
29 
85 
86 
13 
80 
77 9 
62 
54 22 
22 
42 
99 
52 
37 
56 
69 
36 
45 
73 
9 
98 
92 
21 
16 
2 
65 
63 
94 
6 
15 
# clone tree 32 objective: 4.94069
0 90 
90 88 25 
25 16 37 97 38 
38 82 39 
39 70 34 
34 47 75 
95 60 1 
75 65 42 95 
1 92 87 33 
33 76 68 
68 99 35 59 
72 21 50 
59 51 72 
82 13 58 40 
50 2 8 
8 83 44 
40 18 32 
44 78 84 
84 11 71 
32 30 48 
71 24 5 
96 77 19 
47 66 10 
48 56 96 
5 79 
53 61 27 
19 53 
10 45 81 
79 94 54 49 55 
81 31 
27 64 
18 63 43 
43 17 
31 14 
64 57 
55 91 7 
17 4 
70 36 
57 3 74 
14 12 
4 73 28 
78 69 23 
76 29 
7 86 
12 41 26 
24 
23 93 
28 20 
11 89 
91 52 
26 46 
83 80 
89 67 
74 98 
66 
51 
30 
87 
46 62 
93 
49 
58 
20 
97 
67 
35 
60 
3 85 
41 
61 
88 
29 
85 
86 6 
13 
80 
77 9 
62 
54 22 
22 
42 15 
99 
52 
37 
56 
69 
36 
45 
73 
9 
98 
92 
21 
16 
2 
65 
63 
94 
6 
15 
# clone tree 33 objective: 4.94069
0 90 
90 88 25 
25 37 97 38 
38 82 39 
39 70 34 
34 47 75 
95 60 1 
75 65 42 95 
1 87 33 
33 56 76 68 
68 99 35 59 
72 16 21 50 
59 51 72 
82 13 58 40 
50 2 8 
8 83 44 
40 18 32 
44 78 84 
84 11 71 
32 30 48 
71 24 5 
96 77 19 
47 66 10 
48 96 
5 79 
53 61 27 
19 53 
10 45 81 
79 54 49 55 
81 31 
27 64 
18 63 43 
43 17 
31 14 
64 6 57 
55 91 7 
17 4 
70 36 
57 3 74 
14 12 
4 73 28 
78 69 23 
76 29 
7 86 
12 41 26 
24 
23 93 
28 20 
11 89 
91 52 
26 46 
83 80 
89 67 
74 98 
66 
51 
30 
87 
46 62 
93 
49 
58 
20 
97 
67 
35 
60 
3 85 
41 
61 
88 
29 
85 
86 
13 
80 
77 9 
62 
54 22 
22 
42 
99 92 
52 
37 94 
56 
69 
36 
45 
73 15 
9 
98 
92 
21 
16 
2 
65 
63 
94 
6 
15 
# clone tree 34 objective: 4.94069
0 90 
90 88 25 
25 37 97 38 
38 82 39 
39 70 34 
34 47 75 
95 60 1 
75 65 42 95 
1 92 87 33 
33 56 76 68 
68 99 35 59 
72 16 21 50 
59 51 72 
82 13 58 40 
50 2 8 
8 83 44 
40 18 32 
44 78 84 
84 11 71 
32 30 48 
71 24 5 
96 77 19 
47 66 10 
48 6 96 
5 79 
53 61 27 
19 53 
10 45 81 
79 54 49 55 
81 31 
27 64 
18 63 43 
43 17 
31 14 
64 29 57 
55 15 91 7 
17 4 
70 36 
57 3 74 
14 12 
4 73 28 
78 69 23 
76 
7 86 
12 41 26 
24 
23 93 
28 20 
11 89 
91 52 
26 46 
83 80 
89 67 
74 98 
66 
51 
30 
87 
46 62 
93 
49 
58 
20 
97 
67 
35 
60 
3 85 
41 
61 
88 
29 
85 
86 
13 
80 
77 9 
62 
54 22 
22 
42 
99 
52 
37 94 
56 
69 
36 
45 
73 
9 
98 
92 
21 
16 
2 
65 
63 
94 
6 
15 
# clone tree 35 objective: 4.94069
0 90 
90 88 25 
25 16 37 97 38 
38 82 39 
39 70 34 
34 47 75 
95 60 1 
75 65 42 95 
1 87 33 
33 56 76 68 
68 99 35 59 
72 21 50 
59 51 72 
82 13 58 40 
50 2 8 
8 83 44 
40 18 32 
44 78 84 
84 11 71 
32 30 48 
71 24 5 
96 77 19 
47 66 10 
48 96 
5 79 
53 61 27 
19 53 
10 94 45 81 
79 54 49 55 
81 31 
27 64 
18 63 43 
43 17 
31 14 
64 57 
55 91 7 
17 4 
70 36 
57 3 74 
14 12 
4 73 28 
78 69 23 
76 29 
7 86 
12 41 26 
24 
23 93 
28 20 
11 89 
91 52 
26 15 46 
83 80 
89 67 
74 98 
66 
51 
30 
87 
46 62 
93 
49 
58 
20 
97 
67 
35 
60 
3 6 85 
41 
61 
88 
29 
85 
86 
13 
80 
77 9 
62 
54 22 
22 
42 
99 92 
52 
37 
56 
69 
36 
45 
73 
9 
98 
92 
21 
16 
2 
65 
63 
94 
6 
15 
# clone tree 36 objective: 4.94069
0 90 
90 88 25 
25 37 97 38 
38 82 39 
39 70 34 
34 47 75 
95 60 1 
75 42 95 
1 92 87 33 
33 56 76 68 
68 99 35 59 
72 16 21 50 
59 51 72 
82 13 58 40 
50 2 8 
8 83 44 
40 18 32 
44 78 84 
84 11 71 
32 30 48 
71 24 5 
96 77 19 
47 66 10 
48 96 
5 79 
53 6 61 27 
19 53 
10 45 81 
79 54 49 55 
81 31 
27 64 
18 63 43 
43 94 17 
31 14 
64 57 
55 91 7 
17 4 
70 36 
57 3 74 
14 12 
4 73 28 
78 69 23 
76 29 
7 86 
12 41 26 
24 
23 93 
28 20 
11 89 
91 52 
26 46 
83 80 
89 67 
74 98 
66 
51 
30 
87 
46 62 
93 
49 
58 
20 
97 
67 
35 
60 65 
3 85 
41 
61 
88 
29 
85 
86 
13 
80 
77 9 
62 
54 22 
22 
42 
99 
52 
37 
56 
69 
36 
45 
73 
9 
98 
92 
21 
16 
2 
65 
63 
94 15 
6 
15 
# clone tree 37 objective: 4.94069
0 90 
90 56 88 25 
25 37 97 38 
38 82 39 
39 70 34 
34 47 75 
95 60 1 
75 65 42 95 
1 87 33 
33 76 68 
68 99 35 59 
72 16 21 50 
59 51 72 
82 13 58 40 
50 2 8 
8 83 44 
40 18 32 
44 78 84 
84 11 71 
32 30 48 
71 24 5 
96 77 19 
47 66 10 
48 96 
5 79 
53 61 27 
19 53 
10 45 81 
79 54 49 55 
81 31 
27 64 
18 63 43 
43 17 
31 14 
64 29 57 
55 91 7 
17 4 
70 36 
57 3 74 
14 12 
4 73 28 
78 69 23 
76 
7 86 
12 41 26 
24 
23 93 
28 20 
11 89 
91 52 
26 46 
83 80 
89 67 
74 98 
66 
51 
30 
87 
46 62 
93 
49 
58 
20 
97 
67 6 
35 
60 
3 15 85 
41 
61 
88 
29 
85 
86 
13 
80 
77 9 
62 
54 22 
22 
42 
99 92 
52 94 
37 
56 
69 
36 
45 
73 
9 
98 
92 
21 
16 
2 
65 
63 
94 
6 
15 
# clone tree 38 objective: 4.94069
0 90 
90 88 25 
25 16 37 97 38 
38 82 39 
39 70 34 
34 47 75 
95 60 1 
75 42 95 
1 87 33 
33 76 68 
68 65 99 35 59 
72 21 50 
59 51 72 
82 13 58 40 
50 2 8 
8 94 83 44 
40 6 18 32 
44 78 84 
84 11 71 
32 30 48 
71 24 5 
96 77 19 
47 66 10 
48 96 
5 79 
53 61 27 
19 53 
10 45 81 
79 54 49 55 
81 31 
27 64 
18 63 43 
43 17 
31 14 
64 29 57 
55 91 7 
17 4 
70 36 
57 3 74 
14 12 
4 73 28 
78 69 23 
76 56 
7 86 
12 41 26 
24 92 
23 93 
28 20 
11 89 
91 52 
26 46 
83 80 
89 67 
74 98 
66 
51 
30 
87 
46 62 
93 
49 
58 
20 
97 
67 
35 
60 
3 85 
41 
61 
88 
29 
85 
86 
13 
80 
77 9 
62 
54 22 
22 
42 
99 
52 
37 
56 
69 
36 
45 
73 
9 
98 
92 15 
21 
16 
2 
65 
63 
94 
6 
15 
# clone tree 39 objective: 4.94069
0 90 
90 56 88 25 
25 37 97 38 
38 82 39 
39 70 34 
34 47 75 
95 60 1 
75 42 95 
1 87 33 
33 76 68 
68 99 35 59 
72 16 21 50 
59 51 72 
82 13 58 40 
50 2 8 
8 83 44 
40 18 32 
44 78 84 
84 11 71 
32 30 48 
71 24 5 
96 77 19 
47 66 10 
48 96 
5 79 
53 61 27 
19 53 
10 45 81 
79 54 49 55 
81 31 
27 64 
18 63 43 
43 17 
31 14 
64 29 57 
55 91 7 
17 4 
70 36 
57 3 74 
14 12 
4 73 28 
78 69 23 
76 
7 86 
12 41 26 
24 
23 93 
28 20 
11 89 
91 52 
26 46 
83 80 
89 67 
74 6 98 
66 
51 
30 
87 
46 62 
93 
49 
58 
20 
97 
67 
35 
60 65 
3 85 
41 
61 
88 
29 
85 
86 
13 
80 
77 9 
62 
54 94 22 
22 
42 
99 92 
52 
37 
56 
69 
36 15 
45 
73 
9 
98 
92 
21 
16 
2 
65 
63 
94 
6 
15 
# clone tree 40 objective: 4.94069
0 90 
90 88 25 
25 37 97 38 
38 82 39 
39 70 34 
34 47 75 
95 60 1 
75 42 95 
1 87 33 
33 76 68 
68 99 35 59 
72 16 21 50 
59 51 72 
82 13 58 40 
50 2 8 
8 83 44 
40 18 32 
44 78 84 
84 11 71 
32 30 48 
71 24 5 
96 77 19 
47 66 10 
48 56 96 
5 79 
53 61 27 
19 53 
10 45 81 
79 54 49 55 
81 31 
27 64 
18 63 43 
43 17 
31 14 
64 29 57 
55 91 7 
17 4 
70 36 
57 3 74 
14 12 
4 73 28 
78 69 23 
76 
7 86 
12 41 26 
24 
23 93 
28 20 
11 89 
91 52 
26 46 
83 80 
89 67 
74 98 
66 
51 
30 
87 
46 15 62 
93 
49 6 
58 
20 
97 
67 
35 
60 65 
3 85 
41 
61 
88 
29 
85 
86 
13 
80 
77 9 
62 
54 22 
22 
42 
99 92 
52 
37 
56 
69 
36 94 
45 
73 
9 
98 
92 
21 
16 
2 
65 
63 
94 
6 
15 
# clone tree 41 objective: 4.94069
0 90 
90 88 25 
25 37 97 38 
38 82 39 
39 70 34 
34 47 75 
95 60 1 
75 42 95 
1 87 33 
33 76 68 
68 65 99 35 59 
72 16 21 50 
59 51 72 
82 13 58 40 
50 2 8 
8 6 83 44 
40 18 32 
44 78 84 
84 11 71 
32 30 48 
71 24 5 
96 77 19 
47 66 10 
48 56 96 
5 79 
53 61 27 
19 53 
10 45 81 
79 54 49 55 
81 31 
27 64 
18 63 43 
43 17 
31 14 
64 94 57 
55 91 7 
17 4 
70 36 
57 3 74 
14 12 
4 73 28 
78 69 23 
76 29 
7 86 
12 41 26 
24 
23 93 
28 20 
11 15 89 
91 52 
26 46 
83 80 
89 67 
74 98 
66 
51 
30 
87 
46 62 
93 
49 
58 
20 
97 
67 
35 
60 
3 85 
41 
61 
88 
29 
85 
86 
13 
80 
77 9 
62 
54 22 
22 
42 
99 92 
52 
37 
56 
69 
36 
45 
73 
9 
98 
92 
21 
16 
2 
65 
63 
94 
6 
15 
# clone tree 42 objective: 4.94069
0 90 
90 88 25 
25 94 16 37 97 38 
38 82 39 
39 70 34 
34 47 75 
95 60 1 
75 65 42 95 
1 87 33 
33 76 68 
68 99 35 59 
72 21 50 
59 51 72 
82 13 58 40 
50 2 8 
8 83 44 
40 18 32 
44 78 84 
84 11 71 
32 30 48 
71 24 5 
96 77 19 
47 66 10 
48 96 
5 79 
53 61 27 
19 53 
10 15 45 81 
79 54 49 55 
81 31 
27 64 
18 63 43 
43 17 
31 14 
64 29 57 
55 91 7 
17 4 
70 36 
57 3 74 
14 12 
4 73 28 
78 69 23 
76 56 
7 86 
12 41 26 
24 92 
23 93 
28 6 20 
11 89 
91 52 
26 46 
83 80 
89 67 
74 98 
66 
51 
30 
87 
46 62 
93 
49 
58 
20 
97 
67 
35 
60 
3 85 
41 
61 
88 
29 
85 
86 
13 
80 
77 9 
62 
54 22 
22 
42 
99 
52 
37 
56 
69 
36 
45 
73 
9 
98 
92 
21 
16 
2 
65 
63 
94 
6 
15 
# clone tree 43 objective: 4.94069
0 90 
90 88 25 
25 94 37 97 38 
38 82 39 
39 70 34 
34 47 75 
95 60 1 
75 65 42 95 
1 87 33 
33 56 76 68 
68 99 35 59 
72 16 21 50 
59 51 72 
82 13 58 40 
50 2 8 
8 83 44 
40 18 32 
44 78 84 
84 11 71 
32 30 48 
71 24 5 
96 77 19 
47 66 10 
48 96 
5 79 
53 61 27 
19 53 
10 45 81 
79 54 49 55 
81 31 
27 64 
18 63 43 
43 17 
31 14 
64 29 57 
55 91 7 
17 4 
70 36 
57 3 74 
14 12 
4 73 28 
78 69 23 
76 
7 86 
12 41 26 
24 
23 93 
28 20 
11 89 
91 52 
26 46 
83 80 
89 67 
74 6 98 
66 
51 
30 
87 
46 62 
93 
49 
58 
20 
97 
67 
35 
60 
3 85 
41 
61 
88 
29 
85 
86 
13 
80 
77 9 
62 
54 22 
22 
42 
99 92 
52 
37 
56 
69 
36 
45 
73 
9 
98 
92 
21 
16 
2 
65 
63 
94 15 
6 
15 
# clone tree 44 objective: 4.94069
0 90 
90 88 25 
25 16 37 97 38 
38 82 39 
39 70 34 
34 47 75 
95 60 1 
75 42 95 
1 92 87 33 
33 56 76 68 
68 99 35 59 
72 21 50 
59 51 72 
82 13 58 40 
50 2 8 
8 83 44 
40 18 32 
44 78 84 
84 11 71 
32 30 48 
71 24 5 
96 77 19 
47 66 10 
48 96 
5 79 
53 61 27 
19 53 
10 45 81 
79 54 49 55 
81 31 
27 64 
18 63 43 
43 17 
31 14 
64 57 
55 91 7 
17 4 
70 36 
57 3 74 
14 12 
4 6 73 28 
78 69 23 
76 29 
7 86 
12 41 26 
24 
23 93 
28 20 
11 89 
91 52 
26 46 
83 80 
89 67 
74 98 
66 
51 
30 
87 
46 62 
93 
49 
58 
20 
97 
67 
35 
60 65 
3 85 
41 
61 
88 
29 
85 
86 
13 
80 94 
77 9 
62 
54 22 
22 
42 
99 
52 
37 
56 
69 
36 15 
45 
73 
9 
98 
92 
21 
16 
2 
65 
63 
94 
6 
15 
# clone tree 45 objective: 4.94069
0 90 
90 88 25 
25 16 37 97 38 
38 82 39 
39 70 34 
34 47 75 
95 60 1 
75 42 95 
1 92 87 33 
33 56 76 68 
68 99 35 59 
72 21 50 
59 51 72 
82 13 58 40 
50 2 8 
8 83 44 
40 18 32 
44 78 84 
84 11 71 
32 30 48 
71 24 5 
96 77 19 
47 66 10 
48 96 
5 79 
53 61 27 
19 53 
10 45 81 
79 94 54 49 55 
81 31 
27 64 
18 63 43 
43 17 
31 14 
64 57 
55 91 7 
17 4 
70 36 
57 3 74 
14 12 
4 73 28 
78 69 23 
76 29 
7 86 
12 15 41 26 
24 
23 93 
28 20 
11 89 
91 52 
26 46 
83 80 
89 67 
74 98 
66 
51 
30 
87 
46 62 
93 
49 
58 
20 6 
97 
67 
35 
60 65 
3 85 
41 
61 
88 
29 
85 
86 
13 
80 
77 9 
62 
54 22 
22 
42 
99 
52 
37 
56 
69 
36 
45 
73 
9 
98 
92 
21 
16 
2 
65 
63 
94 
6 
15 
# clone tree 46 objective: 4.94069
0 90 
90 88 25 
25 16 37 97 38 
38 82 39 
39 70 34 
34 47 75 
95 60 1 
75 65 42 95 
1 87 33 
33 56 76 68 
68 99 35 59 
72 21 50 
59 51 72 
82 13 58 40 
50 2 8 
8 83 44 
40 18 32 
44 78 84 
84 11 71 
32 30 48 
71 24 5 
96 77 19 
47 66 10 
48 96 
5 79 
53 61 27 
19 53 
10 94 45 81 
79 54 49 55 
81 31 
27 64 
18 63 43 
43 17 
31 14 
64 57 
55 91 7 
17 4 
70 36 
57 3 74 
14 12 
4 73 28 
78 69 23 
76 29 
7 86 
12 41 26 
24 
23 93 
28 20 
11 89 
91 15 52 
26 46 
83 80 
89 67 
74 98 
66 
51 
30 
87 
46 62 
93 
49 
58 
20 
97 
67 
35 
60 
3 85 
41 
61 
88 
29 
85 
86 
13 
80 
77 9 
62 
54 22 
22 
42 
99 92 
52 
37 
56 6 
69 
36 
45 
73 
9 
98 
92 
21 
16 
2 
65 
63 
94 
6 
15 
# clone tree 47 objective: 4.94069
0 90 
90 88 25 
25 94 16 37 97 38 
38 82 39 
39 70 34 
34 47 75 
95 60 1 
75 65 42 95 
1 87 33 
33 76 68 
68 99 35 59 
72 21 50 
59 51 72 
82 13 58 40 
50 2 8 
8 83 44 
40 18 32 
44 78 84 
84 11 71 
32 30 48 
71 24 5 
96 77 19 
47 66 10 
48 96 
5 79 
53 61 27 
19 53 
10 45 81 
79 54 49 55 
81 6 31 
27 64 
18 63 43 
43 17 
31 14 
64 29 57 
55 91 7 
17 4 
70 36 
57 3 74 
14 12 
4 73 28 
78 69 23 
76 56 
7 86 
12 15 41 26 
24 92 
23 93 
28 20 
11 89 
91 52 
26 46 
83 80 
89 67 
74 98 
66 
51 
30 
87 
46 62 
93 
49 
58 
20 
97 
67 
35 
60 
3 85 
41 
61 
88 
29 
85 
86 
13 
80 
77 9 
62 
54 22 
22 
42 
99 
52 
37 
56 
69 
36 
45 
73 
9 
98 
92 
21 
16 
2 
65 
63 
94 
6 
15 
# clone tree 48 objective: 4.94069
0 90 
90 88 25 
25 37 97 38 
38 82 39 
39 15 70 34 
34 47 75 
95 60 1 
75 42 95 
1 87 33 
33 76 68 
68 99 35 59 
72 16 21 50 
59 51 72 
82 13 58 40 
50 2 8 
8 83 44 
40 18 32 
44 78 84 
84 11 71 
32 30 48 
71 24 5 
96 77 19 
47 66 10 
48 94 56 96 
5 79 
53 61 27 
19 53 
10 45 81 
79 54 49 55 
81 31 
27 64 
18 63 43 
43 17 
31 14 
64 29 57 
55 91 7 
17 4 
70 36 
57 3 74 
14 12 
4 73 28 
78 69 23 
76 
7 86 
12 41 26 
24 
23 93 
28 20 
11 89 
91 52 
26 46 
83 80 
89 67 
74 98 
66 
51 
30 
87 
46 62 
93 
49 
58 
20 
97 
67 
35 65 
60 
3 85 
41 
61 
88 
29 
85 6 
86 
13 
80 
77 9 
62 
54 22 
22 
42 
99 92 
52 
37 
56 
69 
36 
45 
73 
9 
98 
92 
21 
16 
2 
65 
63 
94 
6 
15 
# clone tree 49 objective: 4.94069
0 90 
90 88 25 
25 16 37 97 38 
38 82 39 
39 70 34 
34 47 75 
95 60 1 
75 42 95 
1 92 87 33 
33 56 76 68 
68 99 35 59 
72 21 50 
59 51 72 
82 13 58 40 
50 2 8 
8 83 44 
40 18 32 
44 78 84 
84 11 71 
32 30 48 
71 24 5 
96 77 19 
47 66 10 
48 96 
5 79 
53 15 61 27 
19 6 53 
10 45 81 
79 94 54 49 55 
81 31 
27 64 
18 63 43 
43 17 
31 14 
64 57 
55 91 7 
17 4 
70 36 
57 3 74 
14 12 
4 73 28 
78 69 23 
76 29 
7 86 
12 41 26 
24 
23 93 
28 20 
11 89 
91 52 
26 46 
83 80 
89 67 
74 98 
66 
51 
30 
87 
46 62 
93 
49 
58 
20 
97 
67 
35 
60 65 
3 85 
41 
61 
88 
29 
85 
86 
13 
80 
77 9 
62 
54 22 
22 
42 
99 
52 
37 
56 
69 
36 
45 
73 
9 
98 
92 
21 
16 
2 
65 
63 
94 
6 
15 
# clone tree 50 objective: 4.94069
0 90 
90 88 25 
25 16 37 97 38 
38 82 39 
39 70 34 
34 47 75 
95 60 1 
75 42 95 
1 92 87 33 
33 76 68 
68 65 99 35 59 
72 21 50 
59 51 72 
82 13 58 40 
50 2 8 
8 83 44 
40 18 32 
44 6 78 84 
84 11 71 
32 30 48 
71 15 24 5 
96 77 19 
47 66 10 
48 56 96 
5 79 
53 61 27 
19 53 
10 45 81 
79 54 49 55 
81 31 
27 64 
18 63 43 
43 17 
31 14 
64 29 57 
55 91 7 
17 4 
70 36 
57 3 74 
14 12 
4 73 28 
78 69 23 
76 
7 86 
12 41 26 
24 
23 93 
28 20 
11 89 
91 52 
26 46 
83 80 
89 67 
74 98 
66 
51 
30 
87 
46 62 
93 
49 
58 
20 
97 
67 
35 
60 
3 85 
41 
61 
88 
29 
85 
86 
13 
80 
77 9 
62 
54 22 
22 
42 
99 
52 
37 
56 
69 
36 94 
45 
73 
9 
98 
92 
21 
16 
2 
65 
63 
94 
6 
15 
# clone tree 51 objective: 4.94069
0 90 
90 88 25 
25 16 37 97 38 
38 82 39 
39 70 34 
34 47 75 
95 60 1 
75 42 95 
1 87 33 
33 76 68 
68 65 99 35 59 
72 21 50 
59 51 72 
82 6 13 58 40 
50 2 8 
8 94 83 44 
40 18 32 
44 78 84 
84 11 71 
32 30 48 
71 24 5 
96 77 19 
47 66 10 
48 96 
5 79 
53 61 27 
19 53 
10 45 81 
79 54 49 55 
81 31 
27 64 
18 63 43 
43 17 
31 14 
64 29 57 
55 91 7 
17 4 
70 36 
57 3 74 
14 12 
4 73 28 
78 69 23 
76 56 
7 86 
12 41 26 
24 92 
23 93 
28 20 
11 89 
91 52 
26 46 
83 80 
89 67 
74 98 
66 
51 
30 
87 
46 62 
93 
49 
58 
20 
97 
67 
35 15 
60 
3 85 
41 
61 
88 
29 
85 
86 
13 
80 
77 9 
62 
54 22 
22 
42 
99 
52 
37 
56 
69 
36 
45 
73 
9 
98 
92 
21 
16 
2 
65 
63 
94 
6 
15 
# clone tree 52 objective: 4.94069
0 90 
90 56 88 25 
25 37 97 38 
38 82 39 
39 70 34 
34 47 75 
95 60 1 
75 42 95 
1 92 87 33 
33 76 68 
68 65 99 35 59 
72 16 21 50 
59 51 72 
82 13 58 40 
50 2 8 
8 94 83 44 
40 18 32 
44 78 84 
84 11 71 
32 30 48 
71 24 5 
96 77 19 
47 66 10 
48 96 
5 79 
53 61 27 
19 53 
10 45 81 
79 54 49 55 
81 31 
27 64 
18 63 43 
43 17 
31 14 
64 29 57 
55 91 7 
17 4 
70 36 
57 3 74 
14 12 
4 73 28 
78 69 23 
76 
7 86 
12 41 26 
24 
23 93 
28 20 
11 6 89 
91 52 
26 15 46 
83 80 
89 67 
74 98 
66 
51 
30 
87 
46 62 
93 
49 
58 
20 
97 
67 
35 
60 
3 85 
41 
61 
88 
29 
85 
86 
13 
80 
77 9 
62 
54 22 
22 
42 
99 
52 
37 
56 
69 
36 
45 
73 
9 
98 
92 
21 
16 
2 
65 
63 
94 
6 
15 
# clone tree 53 objective: 4.94069
0 90 
90 56 88 25 
25 37 97 38 
38 82 39 
39 70 34 
34 47 75 
95 60 1 
75 42 95 
1 87 33 
33 76 68 
68 65 99 35 59 
72 16 21 50 
59 51 72 
82 13 58 40 
50 2 8 
8 83 44 
40 18 32 
44 78 84 
84 11 71 
32 30 48 
71 24 5 
96 77 19 
47 66 10 
48 96 
5 79 
53 61 27 
19 53 
10 45 81 
79 54 49 55 
81 31 
27 64 
18 63 43 
43 17 
31 14 
64 57 
55 91 7 
17 4 
70 36 
57 3 74 
14 12 
4 73 28 
78 6 69 23 
76 94 29 
7 86 
12 41 26 
24 
23 93 
28 20 
11 89 
91 52 
26 46 
83 80 
89 67 
74 98 
66 
51 15 
30 
87 
46 62 
93 
49 
58 
20 
97 
67 
35 
60 
3 85 
41 
61 
88 
29 
85 
86 
13 
80 
77 9 
62 
54 22 
22 
42 
99 92 
52 
37 
56 
69 
36 
45 
73 
9 
98 
92 
21 
16 
2 
65 
63 
94 
6 
15 
# clone tree 54 objective: 4.94069
0 90 
90 88 25 
25 16 37 97 38 
38 82 39 
39 70 34 
34 47 75 
95 60 1 
75 65 42 95 
1 87 33 
33 56 76 68 
68 99 35 59 
72 21 50 
59 51 72 
82 13 58 40 
50 2 8 
8 83 44 
40 18 32 
44 78 84 
84 11 71 
32 30 48 
71 24 5 
96 77 19 
47 66 10 
48 96 
5 79 
53 61 27 
19 53 
10 94 45 81 
79 54 49 55 
81 31 
27 64 
18 63 43 
43 17 
31 14 
64 15 57 
55 91 7 
17 4 
70 36 
57 3 74 
14 12 
4 73 28 
78 69 23 
76 29 
7 86 
12 41 26 
24 
23 93 
28 20 
11 89 
91 52 
26 46 
83 80 
89 67 
74 98 
66 
51 
30 
87 
46 62 
93 
49 
58 
20 
97 
67 
35 
60 
3 85 
41 
61 
88 
29 
85 
86 
13 
80 
77 9 
62 
54 22 
22 
42 
99 92 
52 
37 
56 
69 
36 
45 6 
73 
9 
98 
92 
21 
16 
2 
65 
63 
94 
6 
15 
# clone tree 55 objective: 4.94069
0 90 
90 88 25 
25 37 97 38 
38 82 39 
39 70 34 
34 47 75 
95 60 1 
75 42 95 
1 87 33 
33 56 76 68 
68 65 99 35 59 
72 16 21 50 
59 51 72 
82 13 58 40 
50 2 8 
8 83 44 
40 18 32 
44 78 84 
84 6 11 71 
32 30 48 
71 24 5 
96 77 19 
47 66 10 
48 96 
5 79 
53 61 27 
19 53 
10 45 81 
79 54 49 55 
81 31 
27 64 
18 63 43 
43 17 
31 14 
64 29 57 
55 91 7 
17 4 
70 36 
57 3 74 
14 12 
4 73 28 
78 15 69 23 
76 
7 86 
12 41 26 
24 92 
23 93 
28 20 
11 89 
91 52 
26 46 
83 80 
89 67 
74 98 
66 
51 
30 
87 
46 62 
93 
49 
58 
20 
97 94 
67 
35 
60 
3 85 
41 
61 
88 
29 
85 
86 
13 
80 
77 9 
62 
54 22 
22 
42 
99 
52 
37 
56 
69 
36 
45 
73 
9 
98 
92 
21 
16 
2 
65 
63 
94 
6 
15 
# clone tree 56 objective: 4.94069
0 90 
90 88 25 
25 16 37 97 38 
38 82 39 
39 70 34 
34 47 75 
95 60 1 
75 65 42 95 
1 87 33 
33 56 76 68 
68 99 35 59 
72 21 50 
59 51 72 
82 13 58 40 
50 2 8 
8 83 44 
40 18 32 
44 78 84 
84 11 71 
32 30 48 
71 24 5 
96 77 19 
47 66 10 
48 96 
5 79 
53 61 27 
19 53 
10 94 45 81 
79 54 49 55 
81 31 
27 64 
18 63 43 
43 17 
31 14 
64 57 
55 91 7 
17 4 
70 36 
57 3 74 
14 12 
4 73 28 
78 15 69 23 
76 29 
7 86 
12 41 26 
24 
23 93 
28 20 
11 89 
91 52 
26 46 
83 80 
89 67 
74 98 
66 
51 
30 
87 
46 62 
93 
49 
58 
20 
97 
67 
35 
60 
3 85 
41 
61 
88 
29 
85 
86 
13 
80 
77 9 
62 6 
54 22 
22 
42 
99 92 
52 
37 
56 
69 
36 
45 
73 
9 
98 
92 
21 
16 
2 
65 
63 
94 
6 
15 
# clone tree 57 objective: 4.94069
0 90 
90 88 25 
25 37 97 38 
38 82 39 
39 70 34 
34 47 75 
95 60 1 
75 65 42 95 
1 87 33 
33 76 68 
68 99 35 59 
72 16 21 50 
59 51 72 
82 13 58 40 
50 2 8 
8 83 44 
40 18 32 
44 78 84 
84 11 71 
32 30 48 
71 24 5 
96 77 19 
47 66 10 
48 56 96 
5 79 
53 61 27 
19 53 
10 45 81 
79 54 49 55 
81 31 
27 64 
18 63 43 
43 94 17 
31 14 
64 29 57 
55 91 7 
17 4 
70 36 
57 3 74 
14 12 
4 73 28 
78 69 23 
76 
7 86 
12 41 26 
24 
23 93 
28 20 
11 89 
91 15 52 
26 46 
83 80 
89 67 
74 98 
66 
51 6 
30 
87 
46 62 
93 
49 
58 
20 
97 
67 
35 
60 
3 85 
41 
61 
88 
29 
85 
86 
13 
80 
77 9 
62 
54 22 
22 
42 
99 92 
52 
37 
56 
69 
36 
45 
73 
9 
98 
92 
21 
16 
2 
65 
63 
94 
6 
15 
# clone tree 58 objective: 4.94069
0 90 
90 56 88 25 
25 37 97 38 
38 82 39 
39 70 34 
34 47 75 
95 60 1 
75 42 95 
1 92 87 33 
33 76 68 
68 65 99 35 59 
72 16 21 50 
59 51 72 
82 13 58 40 
50 2 8 
8 94 83 44 
40 18 32 
44 78 84 
84 11 71 
32 30 48 
71 24 5 
96 77 19 
47 66 10 
48 96 
5 79 
53 61 27 
19 53 
10 45 81 
79 54 49 55 
81 31 
27 64 
18 63 43 
43 17 
31 14 
64 29 57 
55 91 7 
17 4 
70 36 
57 3 74 
14 12 
4 73 28 
78 69 23 
76 
7 86 
12 41 26 
24 
23 93 
28 20 
11 89 
91 52 
26 46 
83 80 
89 67 
74 98 
66 
51 
30 
87 
46 62 
93 
49 
58 
20 
97 
67 
35 
60 
3 85 
41 
61 
88 15 
29 
85 
86 
13 
80 
77 9 
62 
54 22 
22 
42 
99 
52 
37 
56 
69 
36 
45 6 
73 
9 
98 
92 
21 
16 
2 
65 
63 
94 
6 
15 
# clone tree 59 objective: 4.94069
0 90 
90 56 88 25 
25 37 97 38 
38 82 39 
39 70 34 
34 47 75 
95 60 1 
75 65 42 95 
1 92 87 33 
33 76 68 
68 99 35 59 
72 16 21 50 
59 51 72 
82 13 58 40 
50 2 8 
8 83 44 
40 18 32 
44 78 84 
84 11 71 
32 30 48 
71 24 5 
96 77 19 
47 66 10 
48 96 
5 79 
53 61 27 
19 53 
10 45 81 
79 54 49 55 
81 31 
27 64 
18 63 43 
43 17 
31 14 
64 57 
55 91 7 
17 4 
70 36 
57 3 74 
14 12 
4 6 73 28 
78 69 23 
76 29 
7 86 
12 41 26 
24 94 
23 93 
28 20 
11 89 
91 52 
26 46 
83 80 
89 67 
74 98 
66 
51 
30 
87 
46 62 
93 
49 
58 
20 
97 
67 
35 
60 
3 85 
41 
61 
88 
29 
85 
86 
13 
80 
77 9 
62 15 
54 22 
22 
42 
99 
52 
37 
56 
69 
36 
45 
73 
9 
98 
92 
21 
16 
2 
65 
63 
94 
6 
15 
# clone tree 60 objective: 4.94069
0 90 
90 88 25 
25 37 97 38 
38 82 39 
39 70 34 
34 47 75 
95 60 1 
75 42 95 
1 92 87 33 
33 56 76 68 
68 99 35 59 
72 16 21 50 
59 51 72 
82 13 58 40 
50 2 8 
8 83 44 
40 18 32 
44 78 84 
84 11 71 
32 30 48 
71 24 5 
96 77 19 
47 66 10 
48 96 
5 79 
53 6 61 27 
19 53 
10 45 81 
79 54 49 55 
81 31 
27 64 
18 63 43 
43 94 17 
31 14 
64 57 
55 91 7 
17 4 
70 36 
57 3 74 
14 12 
4 73 28 
78 69 23 
76 29 
7 86 
12 41 26 
24 
23 93 
28 20 
11 89 
91 52 
26 46 
83 80 
89 67 
74 98 
66 
51 
30 
87 
46 62 
93 
49 
58 
20 
97 
67 
35 
60 65 
3 85 
41 
61 
88 
29 
85 
86 
13 
80 
77 9 
62 
54 22 
22 
42 
99 15 
52 
37 
56 
69 
36 
45 
73 
9 
98 
92 
21 
16 
2 
65 
63 
94 
6 
15 
# clone tree 61 objective: 4.94069
0 90 
90 88 25 
25 16 37 97 38 
38 82 39 
39 70 34 
34 47 75 
95 60 1 
75 42 95 
1 87 33 
33 76 68 
68 99 35 59 
72 21 50 
59 51 72 
82 13 58 40 
50 2 8 
8 83 44 
40 18 32 
44 78 84 
84 11 71 
32 30 48 
71 24 5 
96 77 19 
47 66 10 
48 56 96 
5 79 
53 61 27 
19 53 
10 45 81 
79 15 54 49 55 
81 31 
27 64 
18 63 43 
43 94 17 
31 14 
64 29 57 
55 91 7 
17 4 
70 36 
57 3 74 
14 12 
4 73 28 
78 69 23 
76 
7 86 
12 41 26 
24 
23 93 
28 20 
11 89 
91 52 
26 46 
83 80 
89 67 
74 98 
66 
51 
30 
87 
46 62 
93 
49 
58 6 
20 
97 
67 
35 65 
60 
3 85 
41 
61 
88 
29 
85 
86 
13 
80 
77 9 
62 
54 22 
22 
42 
99 92 
52 
37 
56 
69 
36 
45 
73 
9 
98 
92 
21 
16 
2 
65 
63 
94 
6 
15 
# clone tree 62 objective: 4.94069
0 90 
90 6 88 25 
25 16 37 97 38 
38 82 39 
39 70 34 
34 47 75 
95 60 1 
75 42 95 
1 87 33 
33 76 68 
68 65 99 35 59 
72 21 50 
59 51 72 
82 13 58 40 
50 2 8 
8 94 83 44 
40 18 32 
44 78 84 
84 11 71 
32 30 48 
71 24 5 
96 15 77 19 
47 66 10 
48 96 
5 79 
53 61 27 
19 53 
10 45 81 
79 54 49 55 
81 31 
27 64 
18 63 43 
43 17 
31 14 
64 29 57 
55 91 7 
17 4 
70 36 
57 3 74 
14 12 
4 73 28 
78 69 23 
76 56 
7 86 
12 41 26 
24 92 
23 93 
28 20 
11 89 
91 52 
26 46 
83 80 
89 67 
74 98 
66 
51 
30 
87 
46 62 
93 
49 
58 
20 
97 
67 
35 
60 
3 85 
41 
61 
88 
29 
85 
86 
13 
80 
77 9 
62 
54 22 
22 
42 
99 
52 
37 
56 
69 
36 
45 
73 
9 
98 
92 
21 
16 
2 
65 
63 
94 
6 
15 
# clone tree 63 objective: 4.94069
0 90 
90 88 25 
25 37 97 38 
38 82 39 
39 70 34 
34 47 75 
95 60 1 
75 65 42 95 
1 87 33 
33 56 76 68 
68 99 35 59 
72 16 21 50 
59 51 72 
82 13 58 40 
50 2 8 
8 94 83 44 
40 18 32 
44 78 84 
84 11 71 
32 30 48 
71 24 5 
96 77 19 
47 66 10 
48 96 
5 79 
53 61 27 
19 53 
10 45 81 
79 54 49 55 
81 31 
27 64 
18 63 43 
43 17 
31 14 
64 57 
55 91 7 
17 4 
70 36 
57 3 74 
14 12 
4 73 28 
78 69 23 
76 29 
7 86 
12 41 26 
24 
23 93 
28 20 
11 89 
91 52 
26 46 
83 80 
89 67 
74 98 
66 
51 
30 
87 
46 15 62 
93 6 
49 
58 
20 
97 
67 
35 
60 
3 85 
41 
61 
88 
29 
85 
86 
13 
80 
77 9 
62 
54 22 
22 
42 
99 92 
52 
37 
56 
69 
36 
45 
73 
9 
98 
92 
21 
16 
2 
65 
63 
94 
6 
15 
# clone tree 64 objective: 4.94069
0 90 
90 56 88 25 
25 6 16 37 97 38 
38 82 39 
39 70 34 
34 47 75 
95 60 1 
75 42 95 
1 87 33 
33 15 76 68 
68 65 99 35 59 
72 21 50 
59 51 72 
82 13 58 40 
50 2 8 
8 83 44 
40 18 32 
44 78 84 
84 11 71 
32 30 48 
71 24 5 
96 77 19 
47 66 10 
48 96 
5 79 
53 61 27 
19 53 
10 45 81 
79 54 49 55 
81 31 
27 64 
18 63 43 
43 17 
31 14 
64 29 57 
55 91 7 
17 4 
70 36 
57 3 74 
14 12 
4 73 28 
78 69 23 
76 
7 86 
12 41 26 
24 
23 93 
28 20 
11 89 
91 52 
26 46 
83 80 
89 67 
74 98 
66 
51 
30 
87 
46 62 
93 
49 
58 
20 
97 
67 
35 
60 
3 85 
41 
61 
88 
29 
85 94 
86 
13 
80 
77 9 
62 
54 22 
22 
42 
99 92 
52 
37 
56 
69 
36 
45 
73 
9 
98 
92 
21 
16 
2 
65 
63 
94 
6 
15 
# clone tree 65 objective: 4.94069
0 90 
90 88 25 
25 94 37 97 38 
38 82 39 
39 70 34 
34 47 75 
95 60 1 
75 65 42 95 
1 87 33 
33 56 76 68 
68 99 35 59 
72 16 21 50 
59 51 72 
82 13 58 40 
50 2 8 
8 83 44 
40 18 32 
44 78 84 
84 11 71 
32 30 48 
71 24 5 
96 77 19 
47 66 10 
48 96 
5 79 
53 61 27 
19 53 
10 45 81 
79 54 49 55 
81 31 
27 64 
18 63 43 
43 17 
31 14 
64 29 57 
55 91 7 
17 4 
70 15 36 
57 3 74 
14 12 
4 73 28 
78 69 23 
76 
7 86 
12 41 26 
24 
23 93 
28 20 
11 89 
91 52 
26 46 
83 80 
89 67 
74 98 
66 
51 
30 
87 
46 62 
93 
49 
58 
20 
97 
67 
35 
60 
3 85 
41 6 
61 
88 
29 
85 
86 
13 
80 
77 9 
62 
54 22 
22 
42 
99 92 
52 
37 
56 
69 
36 
45 
73 
9 
98 
92 
21 
16 
2 
65 
63 
94 
6 
15 
# clone tree 66 objective: 4.94069
0 90 
90 88 25 
25 37 97 38 
38 82 39 
39 70 34 
34 47 75 
95 60 1 
75 65 42 95 
1 87 33 
33 56 76 68 
68 99 35 59 
72 16 21 50 
59 51 72 
82 13 58 40 
50 2 8 
8 83 44 
40 18 32 
44 15 78 84 
84 11 71 
32 30 48 
71 24 5 
96 77 19 
47 66 10 
48 96 
5 79 
53 61 27 
19 53 
10 45 81 
79 54 49 55 
81 31 
27 64 
18 63 43 
43 94 17 
31 14 
64 57 
55 91 7 
17 4 
70 36 
57 3 74 
14 12 
4 73 28 
78 69 23 
76 29 
7 86 
12 41 26 
24 
23 93 
28 20 
11 89 
91 52 
26 46 
83 80 
89 67 
74 98 
66 
51 
30 
87 
46 62 
93 
49 
58 
20 
97 
67 
35 
60 
3 85 
41 6 
61 
88 
29 
85 
86 
13 
80 
77 9 
62 
54 22 
22 
42 
99 92 
52 
37 
56 
69 
36 
45 
73 
9 
98 
92 
21 
16 
2 
65 
63 
94 
6 
15 
# clone tree 67 objective: 4.94069
0 90 
90 88 25 
25 16 37 97 38 
38 15 82 39 
39 70 34 
34 47 75 
95 60 1 
75 42 95 
1 87 33 
33 76 68 
68 65 99 35 59 
72 21 50 
59 51 72 
82 13 58 40 
50 2 8 
8 83 44 
40 18 32 
44 78 84 
84 11 71 
32 30 48 
71 24 5 
96 77 19 
47 66 10 
48 56 96 
5 79 
53 61 27 
19 53 
10 45 81 
79 54 49 55 
81 31 
27 64 
18 63 43 
43 6 94 17 
31 14 
64 29 57 
55 91 7 
17 4 
70 36 
57 3 74 
14 12 
4 73 28 
78 69 23 
76 
7 86 
12 41 26 
24 
23 93 
28 20 
11 89 
91 52 
26 46 
83 80 
89 67 
74 98 
66 
51 
30 
87 
46 62 
93 
49 
58 
20 
97 
67 
35 
60 
3 85 
41 
61 
88 
29 
85 
86 
13 
80 
77 9 
62 
54 22 
22 
42 
99 92 
52 
37 
56 
69 
36 
45 
73 
9 
98 
92 
21 
16 
2 
65 
63 
94 
6 
15 
# clone tree 68 objective: 4.94069
0 90 
90 88 25 
25 94 16 37 97 38 
38 82 39 
39 70 34 
34 47 75 
95 60 1 
75 65 42 95 
1 87 33 
33 76 68 
68 99 35 59 
72 21 50 
59 51 72 
82 13 58 40 
50 2 8 
8 83 44 
40 18 32 
44 78 84 
84 11 71 
32 30 48 
71 24 5 
96 77 19 
47 66 10 
48 96 
5 79 
53 61 27 
19 53 
10 45 81 
79 54 49 55 
81 31 
27 64 
18 63 43 
43 17 
31 14 
64 29 57 
55 91 7 
17 4 
70 36 
57 3 74 
14 12 
4 73 28 
78 15 69 23 
76 56 
7 86 
12 41 26 
24 92 
23 93 
28 6 20 
11 89 
91 52 
26 46 
83 80 
89 67 
74 98 
66 
51 
30 
87 
46 62 
93 
49 
58 
20 
97 
67 
35 
60 
3 85 
41 
61 
88 
29 
85 
86 
13 
80 
77 9 
62 
54 22 
22 
42 
99 
52 
37 
56 
69 
36 
45 
73 
9 
98 
92 
21 
16 
2 
65 
63 
94 
6 
15 
# clone tree 69 objective: 4.94069
0 90 
90 88 25 
25 16 37 97 38 
38 82 39 
39 70 34 
34 47 75 
95 60 1 
75 65 42 95 
1 87 33 
33 56 76 68 
68 99 35 59 
72 21 50 
59 51 72 
82 13 58 40 
50 2 8 
8 83 44 
40 18 32 
44 15 78 84 
84 11 71 
32 30 48 
71 24 5 
96 77 19 
47 66 10 
48 96 
5 79 
53 61 27 
19 53 
10 94 45 81 
79 54 49 55 
81 31 
27 64 
18 63 43 
43 17 
31 14 
64 57 
55 91 7 
17 4 
70 36 
57 3 74 
14 12 
4 73 28 
78 69 23 
76 29 
7 86 
12 41 26 
24 
23 93 
28 20 
11 89 
91 52 
26 46 
83 80 
89 67 
74 98 
66 
51 
30 
87 
46 62 
93 
49 
58 
20 
97 
67 
35 
60 
3 6 85 
41 
61 
88 
29 
85 
86 
13 
80 
77 9 
62 
54 22 
22 
42 
99 92 
52 
37 
56 
69 
36 
45 
73 
9 
98 
92 
21 
16 
2 
65 
63 
94 
6 
15 
# clone tree 70 objective: 4.94069
0 90 
90 88 25 
25 16 37 97 38 
38 82 39 
39 70 34 
34 47 75 
95 60 1 
75 42 95 
1 87 33 
33 76 68 
68 65 99 35 59 
72 21 50 
59 51 72 
82 13 58 40 
50 2 8 
8 94 83 44 
40 18 32 
44 78 84 
84 11 71 
32 30 48 
71 24 5 
96 6 77 19 
47 66 10 
48 96 
5 79 
53 61 27 
19 53 
10 45 81 
79 54 49 55 
81 31 
27 64 
18 63 43 
43 15 17 
31 14 
64 29 57 
55 91 7 
17 4 
70 36 
57 3 74 
14 12 
4 73 28 
78 69 23 
76 56 
7 86 
12 41 26 
24 92 
23 93 
28 20 
11 89 
91 52 
26 46 
83 80 
89 67 
74 98 
66 
51 
30 
87 
46 62 
93 
49 
58 
20 
97 
67 
35 
60 
3 85 
41 
61 
88 
29 
85 
86 
13 
80 
77 9 
62 
54 22 
22 
42 
99 
52 
37 
56 
69 
36 
45 
73 
9 
98 
92 
21 
16 
2 
65 
63 
94 
6 
15 
# clone tree 71 objective: 4.94069
0 90 
90 56 88 25 
25 16 37 97 38 
38 15 82 39 
39 70 34 
34 47 75 
95 60 1 
75 42 95 
1 87 33 
33 76 68 
68 99 35 59 
72 21 50 
59 51 72 
82 13 58 40 
50 2 8 
8 83 44 
40 18 32 
44 78 84 
84 11 71 
32 30 48 
71 24 5 
96 77 19 
47 66 10 
48 96 
5 79 
53 61 27 
19 53 
10 45 81 
79 54 49 55 
81 31 
27 64 
18 63 43 
43 17 
31 14 
64 57 
55 91 7 
17 4 
70 36 
57 3 74 
14 12 
4 73 28 
78 69 23 
76 94 29 
7 86 
12 41 26 
24 92 
23 93 
28 20 
11 89 
91 52 
26 46 
83 80 
89 67 
74 98 
66 
51 
30 
87 
46 62 
93 
49 
58 
20 
97 
67 
35 
60 65 
3 85 
41 
61 6 
88 
29 
85 
86 
13 
80 
77 9 
62 
54 22 
22 
42 
99 
52 
37 
56 
69 
36 
45 
73 
9 
98 
92 
21 
16 
2 
65 
63 
94 
6 
15 
# clone tree 72 objective: 4.94069
0 90 
90 88 25 
25 94 37 97 38 
38 82 39 
39 70 34 
34 47 75 
95 60 1 
75 65 42 95 
1 87 33 
33 56 76 68 
68 99 35 59 
72 16 21 50 
59 51 72 
82 13 58 40 
50 2 8 
8 83 44 
40 18 32 
44 78 84 
84 11 71 
32 30 48 
71 24 5 
96 77 19 
47 66 10 
48 96 
5 79 
53 61 27 
19 53 
10 45 81 
79 54 49 55 
81 31 
27 64 
18 63 43 
43 17 
31 14 
64 29 57 
55 91 7 
17 4 
70 36 
57 3 74 
14 12 
4 73 28 
78 69 23 
76 
7 86 
12 41 26 
24 
23 93 
28 20 
11 89 
91 52 
26 46 
83 80 
89 67 
74 98 
66 6 
51 
30 
87 
46 62 
93 
49 
58 
20 
97 
67 
35 
60 
3 85 
41 
61 
88 
29 
85 
86 15 
13 
80 
77 9 
62 
54 22 
22 
42 
99 92 
52 
37 
56 
69 
36 
45 
73 
9 
98 
92 
21 
16 
2 
65 
63 
94 
6 
15 
# clone tree 73 objective: 4.94069
0 90 
90 6 88 25 
25 37 97 38 
38 82 39 
39 70 34 
34 47 75 
95 60 1 
75 42 95 
1 87 33 
33 76 68 
68 65 99 35 59 
72 16 21 50 
59 15 51 72 
82 13 58 40 
50 2 8 
8 83 44 
40 18 32 
44 78 84 
84 11 71 
32 30 48 
71 24 5 
96 77 19 
47 66 10 
48 56 96 
5 79 
53 61 27 
19 53 
10 45 81 
79 54 49 55 
81 31 
27 64 
18 63 43 
43 17 
31 14 
64 94 57 
55 91 7 
17 4 
70 36 
57 3 74 
14 12 
4 73 28 
78 69 23 
76 29 
7 86 
12 41 26 
24 
23 93 
28 20 
11 89 
91 52 
26 46 
83 80 
89 67 
74 98 
66 
51 
30 
87 
46 62 
93 
49 
58 
20 
97 
67 
35 
60 
3 85 
41 
61 
88 
29 
85 
86 
13 
80 
77 9 
62 
54 22 
22 
42 
99 92 
52 
37 
56 
69 
36 
45 
73 
9 
98 
92 
21 
16 
2 
65 
63 
94 
6 
15 
# clone tree 74 objective: 4.94069
0 90 
90 88 25 
25 16 37 97 38 
38 82 39 
39 70 34 
34 47 75 
95 60 1 
75 65 42 95 
1 87 33 
33 56 76 68 
68 99 35 59 
72 21 50 
59 51 72 
82 13 58 40 
50 2 8 
8 83 44 
40 18 32 
44 78 84 
84 11 71 
32 30 48 
71 24 5 
96 77 19 
47 66 10 
48 96 
5 79 
53 61 27 
19 53 
10 94 45 81 
79 54 49 55 
81 31 
27 64 
18 63 43 
43 17 
31 14 
64 57 
55 91 7 
17 4 
70 36 
57 3 74 
14 12 
4 73 28 
78 69 23 
76 29 
7 86 
12 41 26 
24 
23 93 
28 20 
11 89 
91 52 
26 46 
83 80 
89 67 
74 98 
66 
51 
30 
87 
46 62 
93 
49 
58 
20 
97 
67 15 
35 
60 
3 85 
41 
61 
88 
29 
85 
86 
13 
80 
77 9 
62 
54 22 
22 
42 
99 92 
52 
37 
56 6 
69 
36 
45 
73 
9 
98 
92 
21 
16 
2 
65 
63 
94 
6 
15 
# clone tree 75 objective: 4.94069
0 90 
90 88 25 
25 16 37 97 38 
38 82 39 
39 70 34 
34 47 75 
95 60 1 
75 42 95 
1 92 87 33 
33 56 76 68 
68 99 35 59 
72 21 50 
59 51 72 
82 13 58 40 
50 2 8 
8 83 44 
40 18 32 
44 78 84 
84 11 71 
32 30 48 
71 24 5 
96 77 19 
47 66 10 
48 96 
5 79 
53 61 27 
19 6 53 
10 45 81 
79 94 54 49 55 
81 31 
27 64 
18 63 43 
43 17 
31 14 
64 57 
55 91 7 
17 4 
70 36 
57 3 74 
14 12 
4 73 28 
78 69 23 
76 29 
7 86 
12 41 26 
24 
23 15 93 
28 20 
11 89 
91 52 
26 46 
83 80 
89 67 
74 98 
66 
51 
30 
87 
46 62 
93 
49 
58 
20 
97 
67 
35 
60 65 
3 85 
41 
61 
88 
29 
85 
86 
13 
80 
77 9 
62 
54 22 
22 
42 
99 
52 
37 
56 
69 
36 
45 
73 
9 
98 
92 
21 
16 
2 
65 
63 
94 
6 
15 
# clone tree 76 objective: 4.94069
0 90 
90 88 25 
25 16 37 97 38 
38 82 39 
39 70 34 
34 47 75 
95 60 1 
75 65 42 95 
1 92 87 33 
33 76 68 
68 99 35 59 
72 21 50 
59 51 72 
82 13 58 40 
50 2 8 
8 83 44 
40 18 32 
44 78 84 
84 11 71 
32 30 48 
71 24 5 
96 77 19 
47 66 10 
48 96 
5 79 
53 61 27 
19 53 
10 45 81 
79 94 54 49 55 
81 31 
27 64 
18 63 43 
43 17 
31 14 
64 29 57 
55 91 7 
17 6 4 
70 36 
57 3 74 
14 12 
4 73 28 
78 69 23 
76 56 
7 86 
12 41 26 
24 
23 93 
28 20 
11 89 
91 52 
26 46 
83 80 
89 67 
74 98 
66 
51 
30 
87 
46 15 62 
93 
49 
58 
20 
97 
67 
35 
60 
3 85 
41 
61 
88 
29 
85 
86 
13 
80 
77 9 
62 
54 22 
22 
42 
99 
52 
37 
56 
69 
36 
45 
73 
9 
98 
92 
21 
16 
2 
65 
63 
94 
6 
15 
# clone tree 77 objective: 4.94069
0 90 
90 88 25 
25 16 37 97 38 
38 82 39 
39 70 34 
34 47 75 
95 60 1 
75 15 42 95 
1 87 33 
33 76 68 
68 99 35 59 
72 21 50 
59 51 72 
82 13 58 40 
50 2 8 
8 83 44 
40 18 32 
44 78 84 
84 6 11 71 
32 30 48 
71 24 5 
96 77 19 
47 66 10 
48 96 
5 79 
53 61 27 
19 53 
10 45 81 
79 54 49 55 
81 31 
27 64 
18 63 43 
43 17 
31 14 
64 29 57 
55 91 7 
17 4 
70 36 
57 3 74 
14 12 
4 73 28 
78 69 23 
76 56 
7 86 
12 41 26 
24 92 
23 93 
28 20 
11 89 
91 52 
26 46 
83 80 
89 67 
74 98 
66 
51 
30 
87 
46 62 
93 
49 
58 
20 
97 
67 
35 65 
60 
3 85 
41 
61 
88 
29 
85 
86 
13 
80 
77 9 
62 
54 22 
22 
42 
99 
52 
37 
56 
69 
36 94 
45 
73 
9 
98 
92 
21 
16 
2 
65 
63 
94 
6 
15 
# clone tree 78 objective: 4.94069
0 90 
90 88 25 
25 16 37 97 38 
38 82 39 
39 70 34 
34 47 75 
95 60 1 
75 42 95 
1 87 33 
33 76 68 
68 65 99 35 59 
72 21 50 
59 51 72 
82 6 13 58 40 
50 2 8 
8 94 83 44 
40 18 32 
44 78 84 
84 11 71 
32 30 48 
71 15 24 5 
96 77 19 
47 66 10 
48 96 
5 79 
53 61 27 
19 53 
10 45 81 
79 54 49 55 
81 31 
27 64 
18 63 43 
43 17 
31 14 
64 29 57 
55 91 7 
17 4 
70 36 
57 3 74 
14 12 
4 73 28 
78 69 23 
76 56 
7 86 
12 41 26 
24 92 
23 93 
28 20 
11 89 
91 52 
26 46 
83 80 
89 67 
74 98 
66 
51 
30 
87 
46 62 
93 
49 
58 
20 
97 
67 
35 
60 
3 85 
41 
61 
88 
29 
85 
86 
13 
80 
77 9 
62 
54 22 
22 
42 
99 
52 
37 
56 
69 
36 
45 
73 
9 
98 
92 
21 
16 
2 
65 
63 
94 
6 
15 
# clone tree 79 objective: 4.94069
0 90 
90 56 88 25 
25 37 97 38 
38 82 39 
39 70 34 
34 47 75 
95 60 1 
75 65 42 95 
1 87 33 
33 76 68 
68 99 35 59 
72 16 21 50 
59 51 72 
82 13 58 40 
50 2 8 
8 83 44 
40 18 32 
44 78 84 
84 11 71 
32 30 48 
71 24 5 
96 77 19 
47 66 10 
48 96 
5 79 
53 61 27 
19 53 
10 45 81 
79 54 49 55 
81 31 
27 64 
18 63 43 
43 17 
31 14 
64 29 57 
55 91 7 
17 4 
70 36 
57 3 74 
14 12 
4 73 28 
78 69 23 
76 
7 86 
12 41 26 
24 
23 93 
28 20 
11 89 
91 52 
26 46 
83 80 
89 15 67 
74 98 
66 
51 
30 
87 
46 62 
93 
49 
58 
20 
97 
67 6 
35 
60 
3 85 
41 
61 
88 
29 
85 
86 
13 
80 
77 9 
62 
54 22 
22 
42 
99 92 
52 94 
37 
56 
69 
36 
45 
73 
9 
98 
92 
21 
16 
2 
65 
63 
94 
6 
15 
# clone tree 80 objective: 4.94069
0 90 
90 88 25 
25 16 37 97 38 
38 82 39 
39 70 34 
34 47 75 
95 60 1 
75 42 95 
1 92 87 33 
33 56 76 68 
68 99 35 59 
72 21 50 
59 51 72 
82 13 58 40 
50 2 8 
8 83 44 
40 18 32 
44 78 84 
84 11 71 
32 30 48 
71 24 5 
96 77 19 
47 66 10 
48 96 
5 79 
53 61 27 
19 53 
10 45 81 
79 54 49 55 
81 31 
27 64 
18 63 43 
43 17 
31 14 
64 29 57 
55 91 7 
17 4 
70 36 
57 3 74 
14 12 
4 73 28 
78 69 23 
76 
7 86 
12 41 26 
24 
23 93 
28 20 
11 89 
91 52 
26 46 
83 80 
89 67 
74 98 
66 
51 
30 
87 
46 62 
93 
49 
58 
20 
97 
67 
35 65 
60 
3 85 
41 
61 
88 
29 
85 
86 
13 
80 
77 9 
62 94 
54 22 
22 
42 
99 
52 
37 
56 
69 
36 
45 
73 
9 
98 
92 
21 6 
16 
2 15 
65 
63 
94 
6 
15 
# clone tree 81 objective: 4.94069
0 90 
90 56 88 25 
25 37 97 38 
38 82 39 
39 70 34 
34 47 75 
95 60 1 
75 42 95 
1 92 87 33 
33 76 68 
68 65 99 35 59 
72 16 21 50 
59 51 72 
82 13 58 40 
50 2 8 
8 94 83 44 
40 18 32 
44 15 78 84 
84 11 71 
32 30 48 
71 24 5 
96 77 19 
47 66 10 
48 96 
5 79 
53 61 27 
19 53 
10 45 81 
79 54 49 55 
81 31 
27 64 
18 63 43 
43 17 
31 14 
64 29 57 
55 91 7 
17 4 
70 36 
57 3 74 
14 12 
4 73 28 
78 69 23 
76 
7 86 
12 41 26 
24 
23 93 
28 20 
11 89 
91 52 
26 46 
83 80 
89 67 
74 98 
66 
51 
30 
87 
46 62 
93 
49 
58 
20 
97 
67 
35 
60 
3 85 
41 
61 
88 
29 
85 6 
86 
13 
80 
77 9 
62 
54 22 
22 
42 
99 
52 
37 
56 
69 
36 
45 
73 
9 
98 
92 
21 
16 
2 
65 
63 
94 
6 
15 
# clone tree 82 objective: 4.94069
0 90 
90 56 88 25 
25 37 97 38 
38 82 39 
39 70 34 
34 47 75 
95 60 1 
75 42 95 
1 92 87 33 
33 76 68 
68 65 99 35 59 
72 16 21 50 
59 51 72 
82 13 58 40 
50 2 8 
8 94 83 44 
40 18 32 
44 78 84 
84 11 71 
32 30 48 
71 24 5 
96 77 19 
47 66 10 
48 96 
5 79 
53 61 27 
19 53 
10 45 81 
79 54 49 55 
81 31 
27 15 64 
18 63 43 
43 17 
31 14 
64 29 57 
55 91 7 
17 4 
70 36 
57 3 74 
14 12 
4 73 28 
78 69 23 
76 
7 86 
12 41 26 
24 
23 93 
28 20 
11 6 89 
91 52 
26 46 
83 80 
89 67 
74 98 
66 
51 
30 
87 
46 62 
93 
49 
58 
20 
97 
67 
35 
60 
3 85 
41 
61 
88 
29 
85 
86 
13 
80 
77 9 
62 
54 22 
22 
42 
99 
52 
37 
56 
69 
36 
45 
73 
9 
98 
92 
21 
16 
2 
65 
63 
94 
6 
15 
# clone tree 83 objective: 4.94069
0 90 
90 56 88 25 
25 16 37 97 38 
38 82 39 
39 70 34 
34 47 75 
95 60 1 
75 65 42 95 
1 87 33 
33 76 68 
68 99 35 59 
72 21 50 
59 51 72 
82 13 58 40 
50 2 8 
8 6 83 44 
40 18 32 
44 78 84 
84 11 71 
32 30 48 
71 24 5 
96 77 19 
47 66 10 
48 96 
5 15 79 
53 61 27 
19 53 
10 45 81 
79 54 49 55 
81 31 
27 64 
18 63 43 
43 17 
31 14 
64 29 57 
55 91 7 
17 4 
70 36 
57 3 74 
14 12 
4 73 28 
78 69 23 
76 94 
7 86 
12 41 26 
24 
23 93 
28 20 
11 89 
91 52 
26 46 
83 80 
89 67 
74 98 
66 
51 
30 
87 
46 62 
93 
49 
58 
20 
97 
67 
35 
60 
3 85 
41 
61 
88 
29 
85 
86 
13 
80 
77 9 
62 
54 22 
22 
42 
99 92 
52 
37 
56 
69 
36 
45 
73 
9 
98 
92 
21 
16 
2 
65 
63 
94 
6 
15 
# clone tree 84 objective: 4.94069
0 90 
90 88 25 
25 15 16 37 97 38 
38 82 39 
39 70 34 
34 47 75 
95 60 1 
75 65 42 95 
1 87 33 
33 56 76 68 
68 99 35 59 
72 21 50 
59 51 72 
82 13 58 40 
50 2 8 
8 83 44 
40 18 32 
44 78 84 
84 11 71 
32 30 48 
71 24 5 
96 77 19 
47 66 10 
48 96 
5 79 
53 61 27 
19 53 
10 94 45 81 
79 54 49 55 
81 31 
27 64 
18 63 43 
43 17 
31 14 
64 57 
55 91 7 
17 4 
70 36 
57 3 74 
14 12 
4 73 28 
78 69 23 
76 29 
7 86 
12 41 26 
24 
23 93 
28 20 
11 89 
91 52 
26 46 
83 80 
89 67 
74 98 
66 
51 
30 
87 
46 62 
93 
49 
58 
20 
97 
67 
35 
60 
3 85 
41 
61 
88 
29 
85 
86 
13 
80 
77 9 
62 
54 22 
22 
42 
99 92 
52 
37 
56 
69 
36 
45 6 
73 
9 
98 
92 
21 
16 
2 
65 
63 
94 
6 
15 
# clone tree 85 objective: 4.94069
0 90 
90 88 25 
25 16 37 97 38 
38 82 39 
39 70 34 
34 47 75 
95 60 1 
75 65 42 95 
1 87 33 
33 56 76 68 
68 99 35 59 
72 21 50 
59 51 72 
82 13 58 40 
50 15 2 8 
8 83 44 
40 18 32 
44 78 84 
84 11 71 
32 30 48 
71 24 5 
96 77 19 
47 66 10 
48 96 
5 79 
53 61 27 
19 53 
10 94 45 81 
79 54 49 55 
81 31 
27 64 
18 63 43 
43 17 
31 14 
64 57 
55 91 7 
17 4 
70 36 
57 3 74 
14 12 
4 73 28 
78 69 23 
76 29 
7 86 
12 41 26 
24 
23 93 
28 20 
11 89 
91 52 
26 46 
83 80 
89 67 
74 98 
66 
51 
30 
87 
46 62 
93 
49 
58 
20 
97 
67 
35 
60 
3 85 
41 
61 
88 
29 
85 
86 
13 
80 
77 9 
62 
54 22 
22 
42 
99 92 
52 
37 
56 
69 
36 
45 6 
73 
9 
98 
92 
21 
16 
2 
65 
63 
94 
6 
15 
# clone tree 86 objective: 4.94069
0 90 
90 56 88 25 
25 37 97 38 
38 82 39 
39 70 34 
34 47 75 
95 60 1 
75 42 95 
1 87 33 
33 76 68 
68 65 99 35 59 
72 16 21 50 
59 51 72 
82 13 58 40 
50 2 8 
8 83 44 
40 18 32 
44 78 84 
84 11 71 
32 30 48 
71 24 5 
96 77 19 
47 66 10 
48 96 
5 79 
53 61 27 
19 15 53 
10 6 45 81 
79 54 49 55 
81 31 
27 64 
18 63 43 
43 17 
31 14 
64 29 57 
55 91 7 
17 4 
70 36 
57 3 74 
14 12 
4 73 28 
78 69 23 
76 
7 86 
12 41 26 
24 
23 93 
28 20 
11 89 
91 52 
26 46 
83 80 
89 67 
74 98 
66 
51 
30 
87 
46 62 
93 94 
49 
58 
20 
97 
67 
35 
60 
3 85 
41 
61 
88 
29 
85 
86 
13 
80 
77 9 
62 
54 22 
22 
42 
99 92 
52 
37 
56 
69 
36 
45 
73 
9 
98 
92 
21 
16 
2 
65 
63 
94 
6 
15 
# clone tree 87 objective: 4.94069
0 90 
90 88 25 
25 16 37 97 38 
38 82 39 
39 70 34 
34 47 75 
95 60 1 
75 42 95 
1 87 33 
33 76 68 
68 65 99 35 59 
72 21 50 
59 51 72 
82 13 58 40 
50 2 8 
8 94 83 44 
40 18 32 
44 15 78 84 
84 11 71 
32 30 48 
71 24 5 
96 6 77 19 
47 66 10 
48 96 
5 79 
53 61 27 
19 53 
10 45 81 
79 54 49 55 
81 31 
27 64 
18 63 43 
43 17 
31 14 
64 29 57 
55 91 7 
17 4 
70 36 
57 3 74 
14 12 
4 73 28 
78 69 23 
76 56 
7 86 
12 41 26 
24 92 
23 93 
28 20 
11 89 
91 52 
26 46 
83 80 
89 67 
74 98 
66 
51 
30 
87 
46 62 
93 
49 
58 
20 
97 
67 
35 
60 
3 85 
41 
61 
88 
29 
85 
86 
13 
80 
77 9 
62 
54 22 
22 
42 
99 
52 
37 
56 
69 
36 
45 
73 
9 
98 
92 
21 
16 
2 
65 
63 
94 
6 
15 
# clone tree 88 objective: 4.94069
0 90 
90 56 88 25 
25 37 97 38 
38 82 39 
39 70 34 
34 47 75 
95 15 60 1 
75 42 95 
1 87 33 
33 76 68 
68 65 99 35 59 
72 16 21 50 
59 51 72 
82 13 58 40 
50 2 8 
8 83 44 
40 18 32 
44 78 84 
84 11 71 
32 30 48 
71 24 5 
96 77 19 
47 66 10 
48 96 
5 79 
53 61 27 
19 53 
10 45 81 
79 54 49 55 
81 31 
27 64 
18 63 43 
43 17 
31 14 
64 57 
55 91 7 
17 4 
70 36 
57 3 74 
14 12 
4 73 28 
78 6 69 23 
76 94 29 
7 86 
12 41 26 
24 
23 93 
28 20 
11 89 
91 52 
26 46 
83 80 
89 67 
74 98 
66 
51 
30 
87 
46 62 
93 
49 
58 
20 
97 
67 
35 
60 
3 85 
41 
61 
88 
29 
85 
86 
13 
80 
77 9 
62 
54 22 
22 
42 
99 92 
52 
37 
56 
69 
36 
45 
73 
9 
98 
92 
21 
16 
2 
65 
63 
94 
6 
15 
# clone tree 89 objective: 4.94069
0 90 
90 88 25 
25 16 37 97 38 
38 82 39 
39 70 34 
34 47 75 
95 60 1 
75 65 42 95 
1 87 33 
33 56 76 68 
68 99 35 59 
72 21 50 
59 51 72 
82 13 58 40 
50 2 8 
8 83 44 
40 18 32 
44 78 84 
84 11 71 
32 30 48 
71 24 5 
96 77 19 
47 66 10 
48 96 
5 79 
53 15 61 27 
19 53 
10 94 45 81 
79 54 49 55 
81 31 
27 64 
18 63 43 
43 17 
31 14 
64 57 
55 91 7 
17 4 
70 36 
57 3 74 
14 12 
4 73 28 
78 69 23 
76 29 
7 86 
12 41 26 
24 
23 93 
28 20 
11 89 
91 52 
26 46 
83 80 
89 67 
74 98 
66 
51 
30 
87 
46 62 
93 
49 
58 
20 
97 
67 
35 
60 
3 85 
41 
61 
88 
29 
85 
86 
13 
80 
77 9 
62 6 
54 22 
22 
42 
99 92 
52 
37 
56 
69 
36 
45 
73 
9 
98 
92 
21 
16 
2 
65 
63 
94 
6 
15 
# clone tree 90 objective: 4.94069
0 90 
90 56 88 25 
25 37 97 38 
38 82 39 
39 70 34 
34 47 75 
95 60 1 
75 42 95 
1 6 87 33 
33 76 68 
68 65 99 35 59 
72 16 21 50 
59 51 72 
82 13 58 40 
50 2 8 
8 83 44 
40 18 32 
44 78 84 
84 11 71 
32 30 48 
71 24 5 
96 77 19 
47 15 66 10 
48 96 
5 79 
53 61 27 
19 53 
10 45 81 
79 54 49 55 
81 31 
27 64 
18 63 43 
43 17 
31 14 
64 29 57 
55 91 7 
17 4 
70 36 
57 3 74 
14 12 
4 73 28 
78 69 23 
76 
7 86 
12 41 26 
24 92 
23 93 
28 20 
11 89 
91 52 
26 46 
83 80 
89 67 
74 98 
66 
51 
30 
87 
46 62 
93 
49 
58 
20 
97 94 
67 
35 
60 
3 85 
41 
61 
88 
29 
85 
86 
13 
80 
77 9 
62 
54 22 
22 
42 
99 
52 
37 
56 
69 
36 
45 
73 
9 
98 
92 
21 
16 
2 
65 
63 
94 
6 
15 
# clone tree 91 objective: 4.94069
0 90 
90 6 88 25 
25 37 97 38 
38 82 39 
39 70 34 
34 47 75 
95 60 1 
75 42 95 
1 87 33 
33 76 68 
68 65 99 35 59 
72 16 21 50 
59 51 72 
82 13 58 40 
50 2 8 
8 83 44 
40 18 32 
44 78 84 
84 11 71 
32 30 48 
71 24 5 
96 77 19 
47 66 10 
48 56 96 
5 79 
53 61 27 
19 53 
10 45 81 
79 54 49 55 
81 31 
27 64 
18 63 43 
43 17 
31 14 
64 94 57 
55 91 7 
17 4 
70 36 
57 3 74 
14 12 
4 73 28 
78 69 23 
76 29 
7 86 
12 41 26 
24 
23 93 
28 20 
11 89 
91 52 
26 46 
83 80 
89 67 
74 98 
66 
51 
30 
87 
46 62 
93 
49 
58 
20 
97 
67 
35 
60 
3 85 
41 
61 
88 
29 
85 
86 
13 
80 
77 9 
62 
54 22 
22 
42 
99 92 
52 
37 
56 
69 
36 
45 
73 
9 
98 15 
92 
21 
16 
2 
65 
63 
94 
6 
15 
# clone tree 92 objective: 4.94069
0 90 
90 88 25 
25 37 97 38 
38 82 39 
39 70 34 
34 47 75 
95 60 1 
75 42 95 
1 87 33 
33 76 68 
68 6 99 35 59 
72 16 21 50 
59 51 72 
82 13 58 40 
50 2 8 
8 83 44 
40 18 32 
44 78 84 
84 11 71 
32 30 48 
71 24 5 
96 77 19 
47 66 10 
48 56 96 
5 79 
53 61 27 
19 53 
10 45 81 
79 54 49 55 
81 31 
27 64 
18 63 43 
43 17 
31 14 
64 29 57 
55 91 7 
17 15 4 
70 36 
57 3 74 
14 12 
4 73 28 
78 69 23 
76 
7 86 
12 41 26 
24 
23 93 
28 20 
11 89 
91 52 
26 46 
83 80 
89 67 
74 98 
66 
51 
30 
87 
46 62 
93 
49 
58 
20 
97 
67 
35 
60 65 
3 85 
41 
61 
88 
29 
85 
86 
13 
80 
77 9 
62 
54 22 
22 
42 
99 92 
52 
37 
56 
69 
36 94 
45 
73 
9 
98 
92 
21 
16 
2 
65 
63 
94 
6 
15 
# clone tree 93 objective: 4.94069
0 90 
90 88 25 
25 16 37 97 38 
38 82 39 
39 70 34 
34 6 47 75 
95 60 1 
75 42 95 
1 87 33 
33 76 68 
68 65 99 35 59 
72 21 50 
59 51 72 
82 13 58 40 
50 15 2 8 
8 94 83 44 
40 18 32 
44 78 84 
84 11 71 
32 30 48 
71 24 5 
96 77 19 
47 66 10 
48 96 
5 79 
53 61 27 
19 53 
10 45 81 
79 54 49 55 
81 31 
27 64 
18 63 43 
43 17 
31 14 
64 29 57 
55 91 7 
17 4 
70 36 
57 3 74 
14 12 
4 73 28 
78 69 23 
76 56 
7 86 
12 41 26 
24 92 
23 93 
28 20 
11 89 
91 52 
26 46 
83 80 
89 67 
74 98 
66 
51 
30 
87 
46 62 
93 
49 
58 
20 
97 
67 
35 
60 
3 85 
41 
61 
88 
29 
85 
86 
13 
80 
77 9 
62 
54 22 
22 
42 
99 
52 
37 
56 
69 
36 
45 
73 
9 
98 
92 
21 
16 
2 
65 
63 
94 
6 
15 
# clone tree 94 objective: 4.94069
0 90 
90 88 25 
25 37 97 38 
38 82 39 
39 70 34 
34 47 75 
95 60 1 
75 42 95 
1 87 33 
33 76 68 
68 99 35 59 
72 16 21 50 
59 51 72 
82 13 58 40 
50 2 8 
8 83 44 
40 18 32 
44 15 78 84 
84 11 71 
32 30 48 
71 24 5 
96 77 19 
47 66 10 
48 56 96 
5 79 
53 61 27 
19 53 
10 45 81 
79 54 49 55 
81 31 
27 64 
18 63 43 
43 17 
31 14 
64 29 57 
55 91 7 
17 4 
70 36 
57 3 74 
14 12 
4 73 28 
78 69 23 
76 
7 86 
12 41 26 
24 
23 93 
28 20 
11 89 
91 52 
26 46 
83 80 
89 67 
74 98 
66 
51 
30 
87 
46 62 
93 
49 6 
58 
20 
97 
67 
35 
60 65 
3 85 
41 
61 
88 
29 
85 
86 
13 
80 
77 9 
62 
54 22 
22 
42 
99 92 
52 
37 
56 
69 
36 94 
45 
73 
9 
98 
92 
21 
16 
2 
65 
63 
94 
6 
15 
# clone tree 95 objective: 4.94069
0 90 
90 88 25 
25 94 16 37 97 38 
38 82 39 
39 70 34 
34 47 75 
95 60 1 
75 65 42 95 
1 87 33 
33 76 68 
68 99 35 59 
72 21 50 
59 51 72 
82 13 58 40 
50 2 8 
8 83 44 
40 18 32 
44 78 84 
84 11 71 
32 30 48 
71 24 5 
96 77 19 
47 66 10 
48 96 
5 79 
53 61 27 
19 53 
10 45 81 
79 54 49 55 
81 6 31 
27 64 
18 63 43 
43 17 
31 14 
64 29 57 
55 91 7 
17 4 
70 36 
57 3 74 
14 12 
4 73 28 
78 69 23 
76 56 
7 86 
12 41 26 
24 92 
23 93 
28 20 
11 89 
91 52 
26 46 
83 80 
89 67 
74 98 
66 
51 
30 
87 
46 62 
93 
49 
58 
20 
97 15 
67 
35 
60 
3 85 
41 
61 
88 
29 
85 
86 
13 
80 
77 9 
62 
54 22 
22 
42 
99 
52 
37 
56 
69 
36 
45 
73 
9 
98 
92 
21 
16 
2 
65 
63 
94 
6 
15 
# clone tree 96 objective: 4.94069
0 90 
90 88 25 
25 16 37 97 38 
38 82 39 
39 70 34 
34 6 47 75 
95 60 1 
75 42 95 
1 87 33 
33 76 68 
68 65 99 35 59 
72 21 50 
59 51 72 
82 13 58 40 
50 2 8 
8 94 83 44 
40 18 32 
44 78 84 
84 11 71 
32 30 48 
71 24 5 
96 77 19 
47 66 10 
48 96 
5 79 
53 61 27 
19 53 
10 45 81 
79 54 49 55 
81 31 
27 64 
18 63 43 
43 17 
31 14 
64 29 57 
55 91 7 
17 4 
70 36 
57 3 74 
14 12 
4 73 28 
78 69 23 
76 56 
7 86 
12 41 26 
24 92 
23 93 
28 20 
11 89 
91 15 52 
26 46 
83 80 
89 67 
74 98 
66 
51 
30 
87 
46 62 
93 
49 
58 
20 
97 
67 
35 
60 
3 85 
41 
61 
88 
29 
85 
86 
13 
80 
77 9 
62 
54 22 
22 
42 
99 
52 
37 
56 
69 
36 
45 
73 
9 
98 
92 
21 
16 
2 
65 
63 
94 
6 
15 
# clone tree 97 objective: 4.94069
0 90 
90 88 25 
25 16 37 97 38 
38 82 39 
39 70 34 
34 47 75 
95 60 1 
75 65 42 95 
1 87 33 
33 56 76 68 
68 99 35 59 
72 21 50 
59 51 72 
82 13 58 40 
50 2 8 
8 83 44 
40 18 32 
44 78 84 
84 11 71 
32 30 48 
71 24 5 
96 77 19 
47 66 10 
48 96 
5 79 
53 61 27 
19 53 
10 94 45 81 
79 54 49 55 
81 31 
27 64 
18 63 43 
43 17 
31 14 
64 57 
55 91 7 
17 4 
70 36 
57 15 3 74 
14 12 
4 73 28 
78 69 23 
76 29 
7 86 
12 41 26 
24 
23 93 
28 20 
11 89 
91 52 
26 46 
83 80 
89 67 
74 98 
66 
51 
30 
87 
46 62 
93 
49 
58 
20 
97 
67 
35 
60 
3 85 
41 
61 
88 
29 
85 
86 
13 
80 
77 9 
62 6 
54 22 
22 
42 
99 92 
52 
37 
56 
69 
36 
45 
73 
9 
98 
92 
21 
16 
2 
65 
63 
94 
6 
15 
# clone tree 98 objective: 4.94069
0 90 
90 88 25 
25 16 37 97 38 
38 82 39 
39 70 34 
34 47 75 
95 60 1 
75 65 42 95 
1 92 87 33 
33 76 68 
68 99 35 59 
72 21 50 
59 51 72 
82 13 58 40 
50 2 8 
8 83 44 
40 18 32 
44 78 84 
84 11 71 
32 30 48 
71 24 5 
96 77 19 
47 66 10 
48 56 96 
5 79 
53 61 27 
19 53 
10 45 81 
79 94 54 49 55 
81 31 
27 64 
18 63 43 
43 17 
31 14 
64 57 
55 91 7 
17 4 
70 36 
57 3 74 
14 12 
4 73 28 
78 69 23 
76 29 
7 86 
12 41 26 
24 
23 93 
28 20 
11 89 
91 52 
26 46 
83 80 
89 67 
74 98 
66 
51 
30 
87 
46 62 
93 
49 
58 
20 
97 
67 
35 
60 
3 85 
41 
61 
88 
29 
85 
86 6 
13 
80 
77 9 
62 
54 22 
22 
42 
99 
52 
37 
56 
69 
36 
45 
73 
9 
98 
92 
21 
16 
2 
65 
63 15 
94 
6 
15 
# clone tree 99 objective: 4.94069
0 90 
90 88 25 
25 94 16 37 97 38 
38 82 39 
39 70 34 
34 47 75 
95 60 1 
75 65 42 95 
1 87 33 
33 76 68 
68 99 35 59 
72 21 50 
59 51 72 
82 13 58 40 
50 2 8 
8 83 44 
40 18 32 
44 78 84 
84 11 71 
32 30 48 
71 24 5 
96 77 19 
47 66 10 
48 96 
5 79 
53 61 27 
19 53 
10 45 81 
79 54 49 55 
81 31 
27 64 
18 63 43 
43 17 
31 14 
64 29 57 
55 91 7 
17 4 
70 36 
57 3 74 
14 12 
4 73 28 
78 69 23 
76 15 56 
7 86 
12 41 26 
24 92 
23 93 
28 20 
11 89 
91 52 
26 46 
83 80 
89 67 
74 98 
66 
51 
30 
87 
46 62 
93 6 
49 
58 
20 
97 
67 
35 
60 
3 85 
41 
61 
88 
29 
85 
86 
13 
80 
77 9 
62 
54 22 
22 
42 
99 
52 
37 
56 
69 
36 
45 
73 
9 
98 
92 
21 
16 
2 
65 
63 
94 
6 
15 
