0 81 
81 18 72 
72 60 
60 71 
30 53 47 
13 39 74 46 
71 30 
47 13 
46 86 25 
25 92 
92 29 62 
74 54 77 32 
32 16 9 87 
62 58 61 38 88 
88 10 68 
87 42 23 
23 57 
68 15 64 
57 80 83 
9 51 8 
38 20 76 
83 70 67 
8 26 
67 14 
76 69 50 
26 89 3 
50 28 
64 43 
3 6 22 
1 63 37 
15 78 82 
14 1 
37 65 
28 7 
82 84 
41 85 90 21 
65 55 
43 12 49 
61 79 
10 66 34 
22 94 
79 41 
7 97 
84 19 27 
80 73 11 
16 5 
55 99 52 
49 35 
34 48 
77 17 44 
70 
86 96 
27 24 
5 31 95 
21 4 
97 45 
29 36 
52 
35 
99 33 
94 91 
44 
18 
96 
11 2 
24 75 
20 
45 
63 
36 
33 
39 
95 
6 
89 
4 56 
91 40 
90 
19 
48 59 
69 
54 
31 98 
66 
85 
98 
75 
12 
78 
53 93 
58 
56 
73 
17 
51 
42 
2 
59 
93 
40 
