# clone tree 0 objective: 2.94223
0 99 65 59 40 56 
56 2 74 
74 39 44 77 37 16 29 
29 14 
14 21 53 75 
42 38 91 
75 67 71 
71 15 19 
16 34 
34 42 
91 79 89 48 
19 55 96 
48 61 81 
96 9 22 50 
81 12 64 
64 90 51 82 72 
72 6 92 1 
50 57 58 
1 60 4 
40 66 
58 63 
22 97 23 93 
4 43 88 87 
63 33 
66 52 
93 78 32 
15 45 62 
33 80 
52 5 
59 36 
82 24 
36 86 
24 11 
46 18 
87 30 
86 17 83 
37 84 
32 7 
12 27 
80 54 
77 46 
61 
65 76 
54 3 
9 85 
92 26 
30 41 
38 47 
11 73 
26 28 
76 98 
88 49 
5 95 
18 70 
73 
53 
60 
7 
62 35 20 
23 
41 25 
44 31 
98 94 
25 10 
28 68 
3 8 
89 
83 
84 
49 
27 
20 
47 
51 
97 
21 
17 
6 
90 69 
43 13 
94 
57 
99 
10 
8 
67 
95 
31 
13 
55 
68 
35 
78 
79 
45 
70 
85 
2 
69 
39 
