# clone tree 0 objective: 3.42311
0 7 37 
37 68 73 
89 43 50 
73 75 89 
50 80 40 
40 57 
57 54 45 
45 10 30 96 
96 74 13 77 62 
62 86 51 18 92 
92 12 
12 67 22 
22 1 64 11 
11 66 98 6 
6 85 
85 95 56 21 59 15 
15 41 31 27 88 
88 35 44 36 84 
84 8 79 33 
18 81 47 28 
34 9 
33 53 71 
9 61 78 
36 69 52 
28 34 
27 29 
71 94 
94 46 
77 65 
65 49 
54 83 42 
64 93 
75 23 
13 
23 32 
51 58 25 
68 2 14 
7 26 
30 91 
31 48 
16 
78 63 5 
93 19 
46 38 
41 16 
52 60 
29 
69 17 
49 
4 
42 99 
44 4 
10 39 
61 72 
17 
38 90 
60 87 
25 
79 
26 97 
83 
58 55 
39 20 
47 
5 24 
59 
67 
21 
86 
72 
43 
48 
90 
19 3 
80 
35 
20 
32 
99 76 
53 
8 
74 
91 
55 
14 70 
97 
98 
63 
81 
87 82 
24 
56 
2 
76 
1 
70 
3 
66 
95 
82 
