0 14 66 55 
55 17 53 
53 44 73 62 
62 12 92 6 5 42 68 
68 37 59 
59 95 9 
17 63 26 78 
9 35 49 3 
78 15 82 
3 2 10 40 
82 43 39 97 70 
73 84 93 45 56 
40 85 8 
8 77 31 
56 1 71 
31 86 96 72 
71 23 
70 89 4 
4 11 54 
54 25 75 
72 47 50 
23 36 
37 98 69 87 
50 28 
28 22 21 
36 83 30 
75 32 
95 91 
30 57 
91 33 
32 61 48 
21 38 
87 60 58 
66 94 
57 13 76 
33 64 81 
38 80 79 
48 46 
46 51 
76 67 
94 65 
22 
49 29 99 
45 
89 90 
58 24 
44 19 
96 
42 
67 34 
10 
79 20 
97 7 
81 74 
15 
1 41 
5 16 
35 18 
7 
74 
69 
51 
61 
6 
19 
64 
20 
39 
83 
90 
16 
24 52 
85 
27 
98 27 
11 
2 
41 88 
77 
52 
99 
43 
34 
18 
29 
26 
60 
65 
93 
63 
92 
14 
84 
25 
47 
88 
86 
13 
80 
12 
