0 38 16 37 
37 43 68 73 
89 57 
73 23 50 
50 89 
40 32 45 
57 55 40 
45 87 19 77 96 
96 59 49 13 62 
62 17 71 18 92 
92 12 
12 67 11 
22 51 6 
11 22 
6 80 31 85 
85 21 60 15 
15 34 88 
88 10 44 36 84 
84 79 93 33 
18 47 4 9 
34 28 
33 90 75 
9 64 
36 69 27 
28 54 
27 29 
71 3 94 
94 24 61 
77 65 
65 35 58 
54 7 
64 1 78 
75 53 25 
13 98 
23 76 30 
51 83 
68 70 
7 2 97 46 
30 91 
31 48 
16 41 
78 
93 63 14 
46 5 
41 42 
52 
29 
69 
49 26 
4 56 81 
42 66 99 
44 86 
10 39 
61 72 
17 
38 
60 52 
25 74 
79 
26 
83 
58 
39 20 
47 8 
5 95 
59 
67 
21 
86 
72 
43 
48 
90 
19 
80 
35 
20 
32 
99 
53 
8 
74 
91 
55 
14 
97 
98 
63 
81 
87 
24 
56 
2 
76 
1 
70 
3 
66 82 
95 
82 
