# clone tree 0 objective: 4.05707
0 1 98 90 63 
63 68 58 35 
35 56 4 10 
10 34 87 
87 41 21 
21 59 89 9 
9 53 65 70 
70 19 
19 28 
65 37 88 
28 80 71 
25 48 
74 2 32 
71 47 67 
88 6 25 
48 46 
46 30 55 
69 91 
52 74 
67 22 52 
41 11 
32 24 69 
91 43 45 
11 85 92 
4 23 31 
55 84 
31 8 83 
83 96 51 
84 94 49 
90 62 93 
45 78 60 
51 44 
60 33 57 
49 76 81 
92 29 
34 20 66 
85 75 50 
53 97 39 
93 12 
80 61 73 
57 3 5 
29 26 
39 82 
44 77 
81 13 
12 
30 86 
66 7 
26 54 
58 40 
40 64 
54 99 
56 17 
62 
5 15 
17 
23 42 
77 38 
98 
7 27 
86 
2 
82 36 
50 
64 18 
99 
68 
78 
73 14 
3 72 
15 
72 79 
89 
13 
22 
33 
37 16 
1 
75 
18 
59 
94 
20 
8 
6 
42 
38 
97 
24 
36 
61 
96 
47 
43 95 
79 
76 
27 
14 
16 
95 
# clone tree 1 objective: 4.05707
0 98 90 63 
63 68 58 35 
35 27 56 4 10 
10 34 87 
87 41 21 
21 59 89 9 
9 53 65 70 
70 37 19 
19 79 28 
65 88 
28 80 71 
25 48 
74 2 32 
71 67 
88 6 25 
48 46 
46 30 55 
69 91 
52 97 74 
67 22 52 
41 1 11 
32 69 
91 43 47 45 
11 85 92 
4 23 31 
55 84 
31 8 83 
83 51 
84 94 49 
90 62 93 
45 78 60 
51 61 44 
60 33 57 
49 76 81 
92 29 
34 20 66 
85 75 50 
53 39 
93 12 
80 73 
57 3 5 
29 26 
39 24 82 
44 77 
81 16 13 
12 
30 86 
66 7 
26 54 
58 40 
40 64 
54 99 
56 17 
62 
5 15 
17 95 
23 42 
77 38 
98 
7 
86 
2 
82 36 
50 
64 18 
99 
68 
78 96 
73 14 
3 72 
15 
72 
89 
13 
22 
33 
37 
1 
75 
18 
59 
94 
20 
8 
6 
42 
38 
97 
24 
36 
61 
96 
47 
43 
79 
76 
27 
14 
16 
95 
# clone tree 2 objective: 4.05707
0 1 98 90 63 
63 95 68 58 35 
35 56 4 10 
10 34 87 
87 41 21 
21 59 89 9 
9 53 65 70 
70 19 
19 28 
65 37 88 
28 80 71 
25 48 
74 2 32 
71 47 67 
88 6 25 
48 46 
46 30 55 
69 91 
52 74 
67 22 52 
41 11 
32 24 69 
91 43 45 
11 85 92 
4 23 31 
55 84 
31 8 83 
83 96 51 
84 94 49 
90 62 93 
45 78 60 
51 44 
60 33 57 
49 76 81 
92 29 
34 20 66 
85 75 50 
53 97 39 
93 12 
80 61 73 
57 3 5 
29 26 
39 82 
44 77 
81 13 
12 
30 86 
66 7 
26 54 
58 40 
40 64 
54 99 
56 17 
62 
5 15 
17 
23 42 
77 38 
98 
7 27 
86 
2 
82 36 
50 
64 18 
99 
68 
78 
73 14 
3 72 
15 
72 79 
89 
13 
22 
33 
37 
1 
75 
18 
59 
94 
20 16 
8 
6 
42 
38 
97 
24 
36 
61 
96 
47 
43 
79 
76 
27 
14 
16 
95 
# clone tree 3 objective: 4.05707
0 1 98 90 63 
63 68 58 35 
35 56 4 10 
10 34 87 
87 41 21 
21 59 89 9 
9 53 65 70 
70 19 
19 28 
65 37 88 
28 80 71 
25 48 
74 2 32 
71 47 67 
88 6 25 
48 46 
46 30 55 
69 91 
52 74 
67 22 52 
41 11 
32 24 69 
91 43 45 
11 85 92 
4 23 31 
55 84 
31 8 83 
83 96 51 
84 94 49 
90 62 93 
45 78 60 
51 44 
60 33 57 
49 76 81 
92 29 
34 20 66 
85 75 50 
53 97 39 
93 12 
80 61 73 
57 3 5 
29 26 
39 82 
44 77 
81 13 
12 
30 86 
66 7 
26 54 
58 40 
40 64 
54 99 
56 17 
62 
5 15 
17 
23 42 
77 38 
98 
7 27 
86 
2 
82 36 
50 
64 18 
99 
68 
78 
73 14 
3 72 
15 
72 79 
89 
13 
22 95 
33 
37 
1 
75 
18 
59 
94 
20 
8 
6 
42 16 
38 
97 
24 
36 
61 
96 
47 
43 
79 
76 
27 
14 
16 
95 
# clone tree 4 objective: 4.05707
0 1 98 90 63 
63 68 58 35 
35 56 4 10 
10 34 87 
87 41 21 
21 59 89 9 
9 53 65 70 
70 19 
19 28 
65 37 88 
28 80 71 
25 48 
74 2 32 
71 47 67 
88 6 25 
48 46 
46 30 55 
69 91 
52 74 
67 22 52 
41 11 
32 24 69 
91 43 45 
11 85 92 
4 23 31 
55 84 
31 8 83 
83 96 51 
84 94 49 
90 62 93 
45 78 60 
51 44 
60 33 57 
49 76 81 
92 29 
34 20 66 
85 75 50 
53 97 39 
93 12 
80 61 73 
57 3 5 
29 26 
39 82 
44 77 
81 13 
12 
30 86 
66 7 
26 54 
58 40 
40 64 
54 99 
56 17 
62 
5 15 
17 
23 42 
77 38 
98 
7 27 
86 
2 
82 36 
50 
64 18 
99 
68 
78 
73 14 
3 72 
15 
72 79 
89 
13 
22 
33 
37 
1 
75 95 
18 
59 
94 
20 
8 
6 
42 16 
38 
97 
24 
36 
61 
96 
47 
43 
79 
76 
27 
14 
16 
95 
# clone tree 5 objective: 4.05707
0 98 90 63 
63 68 58 35 
35 27 56 4 10 
10 34 87 
87 95 41 21 
21 59 89 9 
9 53 65 70 
70 37 19 
19 79 28 
65 88 
28 80 71 
25 48 
74 2 32 
71 67 
88 6 25 
48 46 
46 30 55 
69 91 
52 97 74 
67 22 52 
41 1 11 
32 69 
91 43 47 45 
11 85 92 
4 23 31 
55 84 
31 8 83 
83 51 
84 94 49 
90 62 93 
45 78 60 
51 61 44 
60 33 57 
49 76 81 
92 29 
34 20 66 
85 75 50 
53 39 
93 12 
80 73 
57 3 5 
29 16 26 
39 24 82 
44 77 
81 13 
12 
30 86 
66 7 
26 54 
58 40 
40 64 
54 99 
56 17 
62 
5 15 
17 
23 42 
77 38 
98 
7 
86 
2 
82 36 
50 
64 18 
99 
68 
78 96 
73 14 
3 72 
15 
72 
89 
13 
22 
33 
37 
1 
75 
18 
59 
94 
20 
8 
6 
42 
38 
97 
24 
36 
61 
96 
47 
43 
79 
76 
27 
14 
16 
95 
# clone tree 6 objective: 4.05707
0 98 90 63 
63 68 58 35 
35 56 4 10 
10 34 87 
87 41 21 
21 59 89 9 
9 53 65 70 
70 37 19 
19 28 
65 88 
28 80 71 
25 48 
74 2 32 
71 67 
88 6 25 
48 46 
46 30 55 
69 91 
52 97 74 
67 22 52 
41 1 11 
32 69 
91 43 47 45 
11 85 92 
4 23 31 
55 84 
31 8 83 
83 51 
84 94 49 
90 62 93 
45 78 60 
51 44 
60 33 57 
49 81 
92 29 
34 20 66 
85 75 50 
53 39 
93 12 
80 61 73 
57 3 5 
29 26 
39 95 24 82 
44 77 
81 13 
12 
30 86 
66 7 
26 54 
58 40 
40 76 64 
54 16 99 
56 17 
62 
5 15 
17 
23 42 
77 38 
98 
7 27 
86 
2 
82 36 
50 
64 18 
99 
68 
78 96 
73 
3 72 
15 
72 79 
89 
13 
22 
33 
37 
1 
75 
18 
59 
94 
20 
8 
6 
42 
38 
97 
24 
36 
61 14 
96 
47 
43 
79 
76 
27 
14 
16 
95 
# clone tree 7 objective: 4.05707
0 1 98 90 63 
63 68 58 35 
35 56 4 10 
10 34 87 
87 41 21 
21 59 89 9 
9 53 65 70 
70 19 
19 28 
65 37 88 
28 80 71 
25 48 
74 2 32 
71 47 67 
88 6 25 
48 46 
46 30 55 
69 91 
52 74 
67 22 52 
41 11 
32 24 69 
91 43 45 
11 85 92 
4 23 31 
55 84 
31 8 83 
83 96 51 
84 94 49 
90 62 93 
45 78 60 
51 44 
60 33 57 
49 76 81 
92 29 
34 20 66 
85 75 50 
53 97 39 
93 12 
80 61 73 
57 3 5 
29 26 
39 82 
44 77 
81 13 
12 
30 86 
66 7 
26 54 
58 40 
40 64 
54 99 
56 17 
62 
5 15 
17 
23 42 
77 38 
98 
7 27 
86 
2 
82 36 
50 
64 18 
99 
68 
78 
73 14 
3 72 
15 
72 79 
89 
13 95 
22 
33 
37 16 
1 
75 
18 
59 
94 
20 
8 
6 
42 
38 
97 
24 
36 
61 
96 
47 
43 
79 
76 
27 
14 
16 
95 
# clone tree 8 objective: 4.05707
0 98 90 63 
63 68 58 35 
35 56 4 10 
10 34 87 
87 41 21 
21 59 89 9 
9 53 65 70 
70 37 19 
19 28 
65 88 
28 80 71 
25 48 
74 2 32 
71 67 
88 6 25 
48 46 
46 30 55 
69 91 
52 97 74 
67 22 52 
41 1 11 
32 69 
91 43 47 45 
11 85 92 
4 23 31 
55 84 
31 8 83 
83 51 
84 94 49 
90 62 93 
45 78 60 
51 44 
60 33 57 
49 81 
92 29 
34 20 66 
85 75 50 
53 39 
93 12 
80 61 73 
57 3 5 
29 26 
39 24 82 
44 77 
81 13 
12 
30 86 
66 7 
26 54 
58 40 
40 76 64 
54 16 99 
56 17 
62 
5 15 
17 
23 42 
77 38 
98 
7 27 
86 
2 
82 36 
50 
64 18 
99 
68 
78 96 
73 
3 72 
15 
72 79 
89 
13 
22 
33 
37 
1 
75 
18 
59 
94 
20 
8 
6 
42 95 
38 
97 
24 
36 
61 14 
96 
47 
43 
79 
76 
27 
14 
16 
95 
# clone tree 9 objective: 4.05707
0 1 98 90 63 
63 68 58 35 
35 56 4 10 
10 34 87 
87 41 21 
21 59 89 9 
9 53 65 70 
70 19 
19 28 
65 37 88 
28 80 71 
25 48 
74 2 32 
71 47 67 
88 6 25 
48 46 
46 30 55 
69 91 
52 74 
67 22 52 
41 11 
32 24 69 
91 43 45 
11 85 92 
4 23 31 
55 84 
31 8 83 
83 96 51 
84 94 49 
90 62 93 
45 78 60 
51 44 
60 33 57 
49 76 81 
92 29 
34 20 66 
85 75 50 
53 97 39 
93 12 
80 61 73 
57 3 5 
29 26 
39 82 
44 77 
81 13 
12 
30 86 
66 7 
26 54 
58 40 
40 64 
54 99 
56 17 
62 
5 15 
17 
23 42 
77 38 
98 
7 27 
86 
2 
82 36 
50 95 
64 18 
99 
68 
78 
73 14 
3 72 
15 
72 79 
89 
13 
22 
33 
37 16 
1 
75 
18 
59 
94 
20 
8 
6 
42 
38 
97 
24 
36 
61 
96 
47 
43 
79 
76 
27 
14 
16 
95 
