0 81 
81 18 72 
72 42 30 
60 71 
30 60 
13 39 77 23 87 46 
71 98 31 47 
47 89 13 
46 25 
25 74 
92 32 
74 92 
32 36 62 
62 73 41 38 88 
88 54 16 68 
87 86 57 
23 34 9 
68 6 15 64 
57 95 83 
9 8 
38 20 26 
83 70 67 
8 90 76 
67 1 
76 50 
26 93 3 
50 28 
64 59 17 43 
3 85 84 
1 37 
15 78 82 
14 10 
37 65 
28 7 
82 14 
41 79 
65 55 
43 49 
61 22 
10 80 
22 94 
79 61 
7 97 
84 27 
80 29 
16 5 
55 99 52 
49 44 
34 11 
77 
70 35 
86 4 
27 24 
5 21 
21 51 63 
97 45 
29 48 
52 66 
35 96 
99 33 
94 91 
44 
18 12 
96 
11 2 
24 75 
20 
45 53 
63 
36 19 
33 
39 
95 58 
6 
89 
4 56 
91 
90 
19 
48 69 
69 
54 40 
31 
66 
85 
98 
75 
12 
78 
53 
58 
56 
73 
17 
51 
42 
2 
59 
93 
40 
