# clone tree 0 objective: 5.55537
0 94 67 
92 42 15 
15 89 46 
67 92 
46 23 17 7 11 
11 52 83 75 
75 25 26 19 
19 43 65 49 45 28 
66 5 
28 66 
5 69 6 
6 33 87 
87 98 4 24 
24 1 55 
20 12 78 
16 20 
55 16 
78 9 
9 40 39 
86 72 38 
39 41 86 
7 3 13 73 
38 70 54 
54 32 
32 51 85 82 
73 68 95 
95 37 
82 71 
91 60 
60 36 53 
37 58 48 
71 91 
72 14 93 
48 59 
59 44 31 
45 22 10 
93 74 
13 8 
47 27 
26 90 
89 47 
90 29 
68 84 
2 
10 79 81 
84 34 
74 2 
64 97 
31 64 
4 35 
83 57 
1 62 61 
27 56 
53 21 
29 99 
52 63 
36 30 
49 18 
21 96 
63 
17 
97 
30 
85 76 
3 
69 80 
14 
18 
51 77 
35 
8 
81 
77 88 
76 
40 
61 
33 
79 
94 
56 
57 
98 
42 
58 
25 
34 
62 
96 
99 
80 
44 
23 
22 
12 
88 
41 
70 
65 50 
43 
50 
# clone tree 1 objective: 5.55537
0 94 67 
92 42 15 
15 89 46 
67 92 
46 23 17 7 11 
11 52 83 75 
75 25 26 19 
19 43 65 49 45 28 
66 5 
28 66 
5 69 6 
6 33 87 
87 98 4 24 
24 1 55 
20 12 78 
16 20 
55 16 
78 9 
9 40 39 
86 72 38 
39 41 86 
7 3 13 73 
38 70 54 
54 32 
32 51 85 82 
73 68 95 
95 37 
82 71 
91 60 
60 36 53 
37 58 48 
71 91 
72 14 93 
48 59 
59 44 31 
45 22 10 
93 74 
13 8 
47 27 
26 90 
89 47 
90 29 
68 84 
2 
10 79 81 
84 34 
74 2 
64 97 
31 64 
4 35 
83 57 
1 62 61 
27 56 
53 21 
29 99 
52 63 
36 30 
49 18 
21 96 
63 
17 
97 
30 
85 76 
3 
69 80 
14 
18 
51 77 
35 
8 
81 
77 88 
76 
40 
61 
33 
79 
94 
56 
57 
98 
42 
58 
25 
34 
62 
96 
99 
80 50 
44 
23 
22 
12 
88 
41 
70 
65 
43 
50 
# clone tree 2 objective: 5.55537
0 94 67 
92 42 15 
15 89 46 
67 92 
46 17 7 11 
11 65 52 83 75 
75 25 26 19 
19 49 45 28 
66 5 
28 35 66 
5 44 69 6 
6 33 87 
87 12 4 24 
24 1 55 
20 78 
16 20 
55 16 
78 98 9 
9 40 39 
86 72 38 
39 86 
7 3 13 73 
38 54 
54 32 
32 51 85 82 
73 68 95 
95 37 
82 71 
91 60 
60 36 53 
37 41 58 48 
71 43 91 
72 14 93 
48 59 
59 31 
45 10 
93 74 
13 8 
47 27 
26 90 
89 47 
90 29 
68 84 
2 23 
10 79 81 
84 34 
74 2 
64 97 
31 64 
4 
83 57 
1 62 61 
27 70 56 
53 22 21 
29 99 
52 63 
36 30 
49 18 
21 96 
63 
17 
97 
30 
85 76 
3 
69 80 
14 
18 
51 77 
35 
8 
81 
77 
76 
40 
61 
33 
79 
94 88 
56 
57 
98 
42 
58 
25 50 
34 
62 
96 
99 
80 
44 
23 
22 
12 
88 
41 
70 
65 
43 
50 
# clone tree 3 objective: 5.55537
0 94 67 
92 42 15 
15 89 46 
67 92 
46 17 7 11 
11 65 52 83 75 
75 25 26 19 
19 49 45 28 
66 5 
28 35 66 
5 44 69 6 
6 33 87 
87 12 4 24 
24 1 55 
20 78 
16 20 
55 16 
78 98 9 
9 40 39 
86 72 38 
39 86 
7 3 13 73 
38 54 
54 32 
32 51 85 82 
73 68 95 
95 37 
82 71 
91 60 
60 36 53 
37 41 58 48 
71 43 91 
72 14 93 
48 59 
59 31 
45 10 
93 74 
13 8 
47 50 27 
26 90 
89 47 
90 29 
68 84 
2 23 
10 79 81 
84 34 
74 2 
64 97 
31 64 
4 
83 57 
1 62 61 
27 70 56 
53 22 21 
29 99 
52 63 
36 30 
49 18 
21 96 
63 
17 
97 
30 
85 76 
3 
69 80 
14 
18 
51 77 
35 
8 
81 
77 
76 
40 
61 
33 
79 
94 88 
56 
57 
98 
42 
58 
25 
34 
62 
96 
99 
80 
44 
23 
22 
12 
88 
41 
70 
65 
43 
50 
# clone tree 4 objective: 5.55537
0 94 67 
92 42 15 
15 89 46 
67 92 
46 17 7 11 
11 65 52 83 75 
75 25 26 19 
19 49 45 28 
66 5 
28 35 66 
5 44 69 6 
6 33 87 
87 12 4 24 
24 1 55 
20 78 
16 20 
55 16 
78 98 9 
9 40 39 
86 72 38 
39 86 
7 3 13 73 
38 54 
54 32 
32 51 85 82 
73 68 95 
95 37 
82 71 
91 60 
60 36 53 
37 41 58 48 
71 43 91 
72 14 93 
48 59 
59 31 
45 10 
93 74 
13 8 
47 27 
26 90 
89 47 
90 29 
68 84 
2 23 
10 79 81 
84 34 
74 2 
64 97 
31 64 
4 
83 57 
1 62 61 
27 70 56 
53 22 21 
29 99 
52 63 
36 30 
49 18 
21 96 
63 
17 
97 
30 
85 76 
3 
69 80 
14 
18 
51 77 
35 
8 
81 
77 
76 
40 
61 
33 
79 
94 88 
56 
57 
98 
42 50 
58 
25 
34 
62 
96 
99 
80 
44 
23 
22 
12 
88 
41 
70 
65 
43 
50 
# clone tree 5 objective: 5.55537
0 94 67 
92 42 15 
15 89 46 
67 50 92 
46 23 17 7 11 
11 52 83 75 
75 25 26 19 
19 65 49 45 28 
66 5 
28 66 
5 69 6 
6 33 87 
87 98 4 24 
24 1 55 
20 12 78 
16 20 
55 16 
78 9 
9 40 39 
86 72 38 
39 41 86 
7 43 3 13 73 
38 70 54 
54 32 
32 51 85 82 
73 68 95 
95 37 
82 71 
91 60 
60 36 53 
37 58 48 
71 91 
72 14 93 
48 59 
59 44 31 
45 22 10 
93 74 
13 8 
47 27 
26 90 
89 47 
90 29 
68 84 
2 
10 79 81 
84 34 
74 2 
64 97 
31 64 
4 35 
83 57 
1 62 61 
27 56 
53 21 
29 99 
52 63 
36 30 
49 18 
21 96 
63 
17 
97 
30 
85 76 
3 
69 80 
14 
18 
51 77 
35 
8 
81 
77 88 
76 
40 
61 
33 
79 
94 
56 
57 
98 
42 
58 
25 
34 
62 
96 
99 
80 
44 
23 
22 
12 
88 
41 
70 
65 
43 
50 
# clone tree 6 objective: 5.55537
0 94 67 
92 42 15 
15 89 46 
67 92 
46 17 7 11 
11 65 52 83 75 
75 25 26 19 
19 49 45 28 
66 5 
28 35 66 
5 44 69 6 
6 33 87 
87 12 4 24 
24 1 55 
20 78 
16 20 
55 16 
78 98 9 
9 40 39 
86 72 38 
39 86 
7 3 13 73 
38 54 
54 32 
32 51 85 82 
73 68 95 
95 37 
82 71 
91 60 
60 36 53 
37 41 58 48 
71 43 91 
72 14 93 
48 59 
59 31 
45 10 
93 74 
13 8 
47 27 
26 90 
89 47 
90 29 
68 84 
2 23 
10 79 81 
84 34 
74 2 
64 97 
31 64 
4 
83 57 
1 62 61 
27 70 56 
53 22 21 
29 99 
52 63 
36 30 
49 18 
21 96 
63 
17 
97 
30 
85 76 
3 
69 80 
14 
18 
51 77 
35 
8 
81 
77 
76 
40 
61 
33 
79 
94 88 
56 
57 
98 
42 
58 
25 
34 
62 
96 
99 
80 
44 
23 
22 
12 50 
88 
41 
70 
65 
43 
50 
# clone tree 7 objective: 5.55537
0 94 67 
92 42 15 
15 50 89 46 
67 92 
46 23 17 7 11 
11 52 83 75 
75 25 26 19 
19 65 49 45 28 
66 5 
28 66 
5 69 6 
6 33 87 
87 98 4 24 
24 1 55 
20 12 78 
16 20 
55 16 
78 9 
9 40 39 
86 72 38 
39 41 86 
7 43 3 13 73 
38 70 54 
54 32 
32 51 85 82 
73 68 95 
95 37 
82 71 
91 60 
60 36 53 
37 58 48 
71 91 
72 14 93 
48 59 
59 44 31 
45 22 10 
93 74 
13 8 
47 27 
26 90 
89 47 
90 29 
68 84 
2 
10 79 81 
84 34 
74 2 
64 97 
31 64 
4 35 
83 57 
1 62 61 
27 56 
53 21 
29 99 
52 63 
36 30 
49 18 
21 96 
63 
17 
97 
30 
85 76 
3 
69 80 
14 
18 
51 77 
35 
8 
81 
77 88 
76 
40 
61 
33 
79 
94 
56 
57 
98 
42 
58 
25 
34 
62 
96 
99 
80 
44 
23 
22 
12 
88 
41 
70 
65 
43 
50 
# clone tree 8 objective: 5.55537
0 94 67 
92 42 15 
15 89 46 
67 92 
46 17 7 11 
11 52 83 75 
75 25 26 19 
19 49 45 28 
66 5 
28 35 66 
5 44 69 6 
6 33 87 
87 12 4 24 
24 1 55 
20 78 
16 20 
55 16 
78 98 9 
9 40 39 
86 72 38 
39 86 
7 3 13 73 
38 65 54 
54 32 
32 51 85 82 
73 68 95 
95 37 
82 71 
91 60 
60 36 53 
37 41 58 48 
71 91 
72 14 93 
48 59 
59 31 
45 10 
93 74 
13 8 
47 27 
26 90 
89 47 
90 29 
68 84 
2 23 
10 79 81 
84 34 
74 2 
64 50 97 
31 64 
4 43 
83 57 
1 62 61 
27 56 
53 22 21 
29 99 
52 63 
36 30 
49 18 
21 96 
63 
17 
97 
30 
85 76 
3 
69 80 
14 
18 
51 77 
35 
8 
81 
77 
76 
40 70 
61 
33 
79 
94 88 
56 
57 
98 
42 
58 
25 
34 
62 
96 
99 
80 
44 
23 
22 
12 
88 
41 
70 
65 
43 
50 
# clone tree 9 objective: 5.55537
0 67 
92 42 15 
15 89 46 
67 92 
46 17 7 11 
11 52 83 75 
75 25 26 19 
19 49 45 28 
66 5 
28 43 35 66 
5 70 44 69 6 
6 33 87 
87 12 98 4 24 
24 1 55 
20 78 
16 20 
55 16 
78 9 
9 22 40 39 
86 72 38 
39 86 
7 3 13 73 
38 54 
54 23 32 
32 51 85 82 
73 68 95 
95 37 
82 71 
91 60 
60 36 53 
37 58 48 
71 91 
72 14 93 
48 59 
59 31 
45 10 
93 74 
13 8 
47 27 
26 90 
89 88 47 
90 29 
68 84 
2 94 
10 50 79 81 
84 34 
74 2 
64 97 
31 64 
4 
83 41 57 
1 62 61 
27 56 
53 21 
29 99 
52 63 
36 30 
49 18 
21 96 
63 
17 
97 
30 
85 76 
3 
69 80 
14 
18 65 
51 77 
35 
8 
81 
77 
76 
40 
61 
33 
79 
94 
56 
57 
98 
42 
58 
25 
34 
62 
96 
99 
80 
44 
23 
22 
12 
88 
41 
70 
65 
43 
50 
# clone tree 10 objective: 5.55537
0 94 67 
92 42 15 
15 89 46 
67 92 
46 17 7 11 
11 52 83 75 
75 25 26 19 
19 49 45 28 
66 5 
28 35 66 
5 44 69 6 
6 33 87 
87 12 4 24 
24 1 55 
20 78 
16 20 
55 16 
78 98 9 
9 40 39 
86 72 38 
39 86 
7 3 13 73 
38 65 54 
54 32 
32 51 85 82 
73 68 95 
95 37 
82 71 
91 60 
60 36 53 
37 41 58 48 
71 91 
72 14 93 
48 59 
59 31 
45 10 
93 74 
13 8 
47 27 
26 90 
89 47 
90 29 
68 84 
2 23 
10 79 81 
84 34 
74 2 
64 97 
31 64 
4 43 
83 57 
1 62 61 
27 56 
53 22 21 
29 99 
52 63 
36 30 
49 18 
21 96 
63 
17 
97 
30 
85 76 
3 
69 80 
14 
18 
51 77 
35 
8 
81 
77 
76 
40 70 
61 
33 
79 
94 88 
56 
57 
98 
42 
58 
25 50 
34 
62 
96 
99 
80 
44 
23 
22 
12 
88 
41 
70 
65 
43 
50 
# clone tree 11 objective: 5.55537
0 94 67 
92 42 15 
15 89 46 
67 92 
46 23 17 7 11 
11 52 83 75 
75 25 26 19 
19 65 49 45 28 
66 50 5 
28 66 
5 69 6 
6 33 87 
87 98 4 24 
24 1 55 
20 12 78 
16 20 
55 16 
78 9 
9 40 39 
86 72 38 
39 41 86 
7 43 3 13 73 
38 70 54 
54 32 
32 51 85 82 
73 68 95 
95 37 
82 71 
91 60 
60 36 53 
37 58 48 
71 91 
72 14 93 
48 59 
59 44 31 
45 22 10 
93 74 
13 8 
47 27 
26 90 
89 47 
90 29 
68 84 
2 
10 79 81 
84 34 
74 2 
64 97 
31 64 
4 35 
83 57 
1 62 61 
27 56 
53 21 
29 99 
52 63 
36 30 
49 18 
21 96 
63 
17 
97 
30 
85 76 
3 
69 80 
14 
18 
51 77 
35 
8 
81 
77 88 
76 
40 
61 
33 
79 
94 
56 
57 
98 
42 
58 
25 
34 
62 
96 
99 
80 
44 
23 
22 
12 
88 
41 
70 
65 
43 
50 
# clone tree 12 objective: 5.55537
0 67 
92 42 15 
15 89 46 
67 92 
46 17 7 11 
11 65 52 83 75 
75 25 26 19 
19 49 45 28 
66 5 
28 35 66 
5 44 69 6 
6 33 87 
87 12 98 4 24 
24 1 55 
20 78 
16 20 
55 16 
78 9 
9 22 40 39 
86 72 38 
39 86 
7 3 13 73 
38 54 
54 23 32 
32 51 85 82 
73 68 95 
95 37 
82 71 
91 60 
60 50 36 53 
37 58 48 
71 91 
72 14 93 
48 59 
59 31 
45 10 
93 74 
13 8 
47 27 
26 90 
89 43 88 47 
90 29 
68 84 
2 94 
10 79 81 
84 34 
74 2 
64 97 
31 64 
4 
83 41 57 
1 62 61 
27 70 56 
53 21 
29 99 
52 63 
36 30 
49 18 
21 96 
63 
17 
97 
30 
85 76 
3 
69 80 
14 
18 
51 77 
35 
8 
81 
77 
76 
40 
61 
33 
79 
94 
56 
57 
98 
42 
58 
25 
34 
62 
96 
99 
80 
44 
23 
22 
12 
88 
41 
70 
65 
43 
50 
# clone tree 13 objective: 5.55537
0 94 67 
92 42 15 
15 89 46 
67 92 
46 23 17 7 11 
11 52 83 75 
75 25 26 19 
19 65 49 45 28 
66 5 
28 66 
5 69 6 
6 33 87 
87 98 4 24 
24 1 55 
20 12 78 
16 50 20 
55 16 
78 9 
9 40 39 
86 72 38 
39 41 86 
7 43 3 13 73 
38 70 54 
54 32 
32 51 85 82 
73 68 95 
95 37 
82 71 
91 60 
60 36 53 
37 58 48 
71 91 
72 14 93 
48 59 
59 44 31 
45 22 10 
93 74 
13 8 
47 27 
26 90 
89 47 
90 29 
68 84 
2 
10 79 81 
84 34 
74 2 
64 97 
31 64 
4 35 
83 57 
1 62 61 
27 56 
53 21 
29 99 
52 63 
36 30 
49 18 
21 96 
63 
17 
97 
30 
85 76 
3 
69 80 
14 
18 
51 77 
35 
8 
81 
77 88 
76 
40 
61 
33 
79 
94 
56 
57 
98 
42 
58 
25 
34 
62 
96 
99 
80 
44 
23 
22 
12 
88 
41 
70 
65 
43 
50 
# clone tree 14 objective: 5.55537
0 67 
92 42 15 
15 89 46 
67 92 
46 17 7 11 
11 65 52 83 75 
75 25 26 19 
19 49 45 28 
66 5 
28 35 66 
5 44 69 6 
6 33 87 
87 12 98 4 24 
24 1 55 
20 78 
16 20 
55 16 
78 9 
9 22 40 39 
86 72 38 
39 86 
7 3 13 73 
38 54 
54 23 32 
32 51 85 82 
73 68 95 
95 37 
82 71 
91 60 
60 36 53 
37 58 48 
71 91 
72 14 93 
48 59 
59 31 
45 10 
93 74 
13 8 
47 27 
26 90 
89 43 88 47 
90 29 
68 84 
2 94 
10 79 81 
84 34 
74 2 
64 97 
31 64 
4 
83 41 57 
1 62 61 
27 70 56 
53 21 
29 99 
52 63 
36 30 
49 18 
21 96 
63 
17 
97 
30 
85 76 
3 
69 80 
14 
18 50 
51 77 
35 
8 
81 
77 
76 
40 
61 
33 
79 
94 
56 
57 
98 
42 
58 
25 
34 
62 
96 
99 
80 
44 
23 
22 
12 
88 
41 
70 
65 
43 
50 
# clone tree 15 objective: 5.55537
0 94 67 
92 42 15 
15 89 46 
67 92 
46 23 17 7 11 
11 52 83 75 
75 25 26 19 
19 65 49 45 28 
66 5 
28 66 
5 69 6 
6 33 87 
87 98 4 24 
24 1 55 
20 12 78 
16 20 
55 16 
78 9 
9 40 39 
86 50 72 38 
39 41 86 
7 43 3 13 73 
38 70 54 
54 32 
32 51 85 82 
73 68 95 
95 37 
82 71 
91 60 
60 36 53 
37 58 48 
71 91 
72 14 93 
48 59 
59 44 31 
45 22 10 
93 74 
13 8 
47 27 
26 90 
89 47 
90 29 
68 84 
2 
10 79 81 
84 34 
74 2 
64 97 
31 64 
4 35 
83 57 
1 62 61 
27 56 
53 21 
29 99 
52 63 
36 30 
49 18 
21 96 
63 
17 
97 
30 
85 76 
3 
69 80 
14 
18 
51 77 
35 
8 
81 
77 88 
76 
40 
61 
33 
79 
94 
56 
57 
98 
42 
58 
25 
34 
62 
96 
99 
80 
44 
23 
22 
12 
88 
41 
70 
65 
43 
50 
# clone tree 16 objective: 5.55537
0 94 67 
92 42 15 
15 89 46 
67 92 
46 17 7 11 
11 52 83 75 
75 25 26 19 
19 49 45 28 
66 5 
28 35 66 
5 44 69 6 
6 33 87 
87 12 4 24 
24 1 55 
20 78 
16 20 
55 16 
78 98 9 
9 40 39 
86 72 38 
39 86 
7 3 13 73 
38 65 54 
54 32 
32 51 85 82 
73 68 95 
95 37 
82 71 
91 60 
60 36 53 
37 41 58 48 
71 91 
72 14 93 
48 59 
59 31 
45 10 
93 74 
13 8 
47 27 
26 90 
89 47 
90 29 
68 84 
2 23 
10 79 81 
84 34 
74 2 
64 97 
31 64 
4 43 
83 57 
1 62 61 
27 56 
53 22 21 
29 99 
52 63 
36 30 
49 18 
21 96 
63 
17 
97 
30 
85 76 
3 
69 80 
14 
18 
51 77 
35 
8 
81 
77 
76 
40 70 
61 
33 
79 
94 88 
56 
57 
98 
42 
58 
25 
34 
62 
96 
99 
80 
44 
23 
22 
12 
88 
41 50 
70 
65 
43 
50 
# clone tree 17 objective: 5.55537
0 94 67 
92 42 15 
15 89 46 
67 92 
46 23 17 7 11 
11 52 83 75 
75 25 26 19 
19 65 49 45 28 
66 5 
28 66 
5 69 6 
6 33 87 
87 98 4 24 
24 1 55 
20 50 12 78 
16 20 
55 16 
78 9 
9 40 39 
86 72 38 
39 41 86 
7 43 3 13 73 
38 70 54 
54 32 
32 51 85 82 
73 68 95 
95 37 
82 71 
91 60 
60 36 53 
37 58 48 
71 91 
72 14 93 
48 59 
59 44 31 
45 22 10 
93 74 
13 8 
47 27 
26 90 
89 47 
90 29 
68 84 
2 
10 79 81 
84 34 
74 2 
64 97 
31 64 
4 35 
83 57 
1 62 61 
27 56 
53 21 
29 99 
52 63 
36 30 
49 18 
21 96 
63 
17 
97 
30 
85 76 
3 
69 80 
14 
18 
51 77 
35 
8 
81 
77 88 
76 
40 
61 
33 
79 
94 
56 
57 
98 
42 
58 
25 
34 
62 
96 
99 
80 
44 
23 
22 
12 
88 
41 
70 
65 
43 
50 
# clone tree 18 objective: 5.55537
0 67 
92 42 15 
15 89 46 
67 92 
46 17 7 11 
11 65 52 83 75 
75 25 26 19 
19 49 45 28 
66 5 
28 35 66 
5 44 69 6 
6 33 87 
87 12 98 4 24 
24 1 55 
20 78 
16 20 
55 16 
78 9 
9 22 40 39 
86 72 38 
39 86 
7 3 13 73 
38 54 
54 23 32 
32 51 85 82 
73 68 95 
95 37 
82 71 
91 60 
60 36 53 
37 58 48 
71 91 
72 14 93 
48 59 
59 31 
45 10 
93 74 
13 8 
47 27 
26 90 
89 43 88 47 
90 29 
68 50 84 
2 94 
10 79 81 
84 34 
74 2 
64 97 
31 64 
4 
83 41 57 
1 62 61 
27 70 56 
53 21 
29 99 
52 63 
36 30 
49 18 
21 96 
63 
17 
97 
30 
85 76 
3 
69 80 
14 
18 
51 77 
35 
8 
81 
77 
76 
40 
61 
33 
79 
94 
56 
57 
98 
42 
58 
25 
34 
62 
96 
99 
80 
44 
23 
22 
12 
88 
41 
70 
65 
43 
50 
# clone tree 19 objective: 5.55537
0 94 67 
92 42 15 
15 89 46 
67 92 
46 23 17 7 11 
11 52 83 75 
75 25 26 19 
19 43 65 49 45 28 
66 5 
28 66 
5 69 6 
6 33 87 
87 98 4 24 
24 1 55 
20 12 78 
16 20 
55 16 
78 9 
9 40 39 
86 72 38 
39 41 86 
7 3 13 73 
38 70 54 
54 32 
32 51 85 82 
73 68 95 
95 37 
82 71 
91 60 
60 36 53 
37 58 48 
71 91 
72 14 93 
48 59 
59 44 31 
45 22 10 
93 74 
13 8 
47 27 
26 90 
89 47 
90 29 
68 84 
2 
10 79 81 
84 34 
74 2 
64 97 
31 64 
4 35 
83 57 
1 62 61 
27 56 
53 21 
29 99 
52 63 
36 30 
49 18 
21 96 
63 
17 
97 
30 
85 76 
3 
69 80 
14 
18 
51 77 
35 
8 
81 
77 88 
76 
40 
61 
33 
79 
94 
56 50 
57 
98 
42 
58 
25 
34 
62 
96 
99 
80 
44 
23 
22 
12 
88 
41 
70 
65 
43 
50 
# clone tree 20 objective: 5.55537
0 67 
92 42 15 
15 89 46 
67 92 
46 17 7 11 
11 65 52 83 75 
75 25 26 19 
19 49 45 28 
66 5 
28 35 66 
5 44 69 6 
6 33 87 
87 12 98 4 24 
24 1 55 
20 78 
16 20 
55 16 
78 9 
9 22 40 39 
86 72 38 
39 86 
7 3 13 73 
38 54 
54 23 32 
32 51 85 82 
73 68 95 
95 37 
82 71 
91 60 
60 36 53 
37 58 48 
71 91 
72 14 93 
48 59 
59 31 
45 10 
93 74 
13 8 
47 27 
26 90 
89 43 88 47 
90 29 
68 84 
2 94 
10 79 81 
84 34 
74 2 
64 97 
31 64 
4 
83 41 57 
1 62 61 
27 70 56 
53 21 
29 99 
52 63 
36 30 
49 18 
21 96 
63 
17 
97 
30 
85 76 
3 
69 80 
14 
18 
51 77 
35 
8 
81 
77 
76 
40 
61 
33 
79 
94 
56 
57 
98 
42 
58 
25 
34 
62 
96 
99 
80 
44 
23 
22 
12 
88 50 
41 
70 
65 
43 
50 
# clone tree 21 objective: 5.55537
0 94 67 
92 42 15 
15 89 46 
67 92 
46 23 17 7 11 
11 52 83 75 
75 25 26 19 
19 43 65 49 45 28 
66 5 
28 66 
5 69 6 
6 33 87 
87 98 4 24 
24 1 55 
20 12 78 
16 20 
55 16 
78 9 
9 40 39 
86 72 38 
39 41 86 
7 3 13 73 
38 70 54 
54 32 
32 51 85 82 
73 68 95 
95 37 
82 71 
91 60 
60 36 53 
37 58 48 
71 91 
72 14 93 
48 59 
59 44 31 
45 22 10 
93 74 
13 8 
47 27 
26 90 
89 47 
90 29 
68 84 
2 
10 79 81 
84 34 
74 2 
64 97 
31 64 
4 35 
83 57 
1 62 61 
27 56 
53 21 
29 99 
52 63 
36 30 
49 18 
21 96 
63 
17 
97 
30 
85 76 
3 
69 80 
14 
18 
51 77 
35 
8 
81 
77 88 
76 
40 
61 
33 
79 
94 
56 
57 
98 
42 
58 
25 
34 
62 
96 50 
99 
80 
44 
23 
22 
12 
88 
41 
70 
65 
43 
50 
# clone tree 22 objective: 5.55537
0 67 
92 42 15 
15 89 46 
67 92 
46 17 7 11 
11 65 52 83 75 
75 25 26 19 
19 49 45 28 
66 5 
28 35 66 
5 44 69 6 
6 33 87 
87 12 98 4 24 
24 1 55 
20 78 
16 20 
55 16 
78 9 
9 22 40 39 
86 72 38 
39 86 
7 3 13 73 
38 54 
54 23 32 
32 51 85 82 
73 68 95 
95 37 
82 71 
91 60 
60 36 53 
37 58 48 
71 91 
72 14 93 
48 59 
59 31 
45 10 
93 74 
13 8 
47 27 
26 90 
89 43 88 47 
90 29 
68 84 
2 94 
10 79 81 
84 34 
74 2 
64 97 
31 64 
4 
83 41 57 
1 62 61 
27 70 56 
53 21 
29 99 
52 63 
36 30 
49 18 
21 96 
63 
17 
97 
30 
85 76 
3 
69 80 
14 
18 
51 77 
35 
8 
81 
77 
76 
40 
61 
33 
79 
94 
56 
57 
98 
42 
58 
25 
34 
62 
96 
99 50 
80 
44 
23 
22 
12 
88 
41 
70 
65 
43 
50 
# clone tree 23 objective: 5.55537
0 94 67 
92 42 15 
15 89 46 
67 92 
46 23 17 7 11 
11 52 83 75 
75 25 26 19 
19 43 65 49 45 28 
66 5 
28 66 
5 69 6 
6 33 87 
87 98 4 24 
24 1 55 
20 12 78 
16 20 
55 16 
78 9 
9 40 39 
86 72 38 
39 41 86 
7 3 13 73 
38 70 54 
54 32 
32 51 85 82 
73 68 95 
95 37 
82 71 
91 60 
60 36 53 
37 58 48 
71 91 
72 14 93 
48 59 
59 44 31 
45 22 10 
93 74 
13 8 
47 27 
26 90 
89 47 
90 29 
68 84 
2 
10 79 81 
84 34 
74 2 
64 97 
31 64 
4 35 
83 57 
1 62 61 
27 56 
53 21 
29 99 
52 63 
36 30 
49 18 
21 96 
63 
17 
97 
30 
85 76 
3 
69 80 
14 
18 
51 77 
35 
8 
81 
77 88 
76 
40 
61 
33 50 
79 
94 
56 
57 
98 
42 
58 
25 
34 
62 
96 
99 
80 
44 
23 
22 
12 
88 
41 
70 
65 
43 
50 
# clone tree 24 objective: 5.55537
0 94 67 
92 42 15 
15 89 46 
67 92 
46 17 7 11 
11 52 83 75 
75 25 26 19 
19 49 45 28 
66 5 
28 35 66 
5 44 69 6 
6 33 87 
87 12 4 24 
24 1 55 
20 78 
16 20 
55 16 
78 98 9 
9 40 39 
86 72 38 
39 86 
7 3 13 73 
38 65 54 
54 32 
32 51 85 82 
73 68 95 
95 37 
82 71 
91 60 
60 36 53 
37 41 58 48 
71 91 
72 14 93 
48 59 
59 31 
45 10 
93 74 
13 8 
47 27 
26 90 
89 47 
90 29 
68 84 
2 23 
10 79 81 
84 34 
74 2 
64 97 
31 64 
4 43 
83 57 
1 62 61 
27 56 
53 22 21 
29 99 
52 63 
36 30 
49 18 
21 96 
63 
17 
97 
30 
85 76 
3 
69 80 
14 
18 
51 77 
35 
8 
81 
77 
76 
40 70 
61 
33 
79 
94 88 
56 
57 
98 
42 
58 50 
25 
34 
62 
96 
99 
80 
44 
23 
22 
12 
88 
41 
70 
65 
43 
50 
# clone tree 25 objective: 5.55537
0 23 67 
92 42 15 
15 89 46 
67 92 
46 17 7 11 
11 52 83 75 
75 25 26 19 
19 49 45 28 
66 5 
28 50 66 
5 44 69 6 
6 33 87 
87 98 4 24 
24 1 55 
20 78 
16 20 
55 16 
78 9 
9 40 39 
86 72 38 
39 65 86 
7 3 13 73 
38 54 
54 32 
32 51 85 82 
73 68 95 
95 37 
82 71 
91 60 
60 36 53 
37 58 48 
71 12 91 
72 14 93 
48 59 
59 31 
45 10 
93 41 74 
13 8 
47 27 
26 90 
89 47 
90 29 
68 84 
2 94 
10 79 81 
84 34 
74 2 
64 97 
31 64 
4 35 
83 70 57 
1 62 61 
27 56 
53 21 
29 99 
52 63 
36 43 22 30 
49 18 
21 96 
63 
17 
97 
30 
85 76 
3 
69 80 
14 
18 
51 77 
35 
8 
81 
77 
76 
40 
61 88 
33 
79 
94 
56 
57 
98 
42 
58 
25 
34 
62 
96 
99 
80 
44 
23 
22 
12 
88 
41 
70 
65 
43 
50 
# clone tree 26 objective: 5.55537
0 67 
92 42 15 
15 89 46 
67 92 
46 43 17 7 11 
11 52 83 75 
75 25 26 19 
19 49 45 28 
66 5 
28 35 66 
5 70 44 69 6 
6 33 87 
87 12 98 4 24 
24 1 55 
20 78 
16 20 
55 16 
78 9 
9 22 40 39 
86 72 38 
39 86 
7 3 13 73 
38 54 
54 23 32 
32 51 85 82 
73 68 95 
95 37 
82 71 
91 60 
60 36 53 
37 58 48 
71 91 
72 14 93 
48 59 
59 31 
45 10 
93 74 
13 8 
47 27 
26 90 
89 88 47 
90 29 
68 84 
2 94 
10 79 81 
84 34 
74 2 
64 97 
31 64 
4 
83 41 57 
1 62 61 
27 56 
53 21 
29 99 
52 63 
36 30 
49 18 
21 96 
63 
17 
97 
30 
85 76 
3 
69 80 
14 
18 65 
51 50 77 
35 
8 
81 
77 
76 
40 
61 
33 
79 
94 
56 
57 
98 
42 
58 
25 
34 
62 
96 
99 
80 
44 
23 
22 
12 
88 
41 
70 
65 
43 
50 
# clone tree 27 objective: 5.55537
0 94 67 
92 50 42 15 
15 89 46 
67 92 
46 17 7 11 
11 52 83 75 
75 25 26 19 
19 49 45 28 
66 5 
28 35 66 
5 44 69 6 
6 33 87 
87 12 4 24 
24 1 55 
20 78 
16 20 
55 16 
78 98 9 
9 40 39 
86 72 38 
39 86 
7 3 13 73 
38 65 54 
54 32 
32 51 85 82 
73 43 68 95 
95 37 
82 71 
91 60 
60 36 53 
37 41 58 48 
71 91 
72 14 93 
48 59 
59 31 
45 10 
93 74 
13 8 
47 27 
26 90 
89 47 
90 29 
68 84 
2 23 
10 79 81 
84 34 
74 2 
64 97 
31 64 
4 
83 57 
1 62 61 
27 56 
53 22 21 
29 99 
52 63 
36 30 
49 18 
21 96 
63 
17 
97 
30 
85 76 
3 
69 80 
14 
18 
51 77 
35 
8 
81 
77 
76 
40 70 
61 
33 
79 
94 88 
56 
57 
98 
42 
58 
25 
34 
62 
96 
99 
80 
44 
23 
22 
12 
88 
41 
70 
65 
43 
50 
# clone tree 28 objective: 5.55537
0 67 
92 42 15 
15 89 46 
67 92 
46 17 7 11 
11 65 52 83 75 
75 25 26 19 
19 49 45 28 
66 5 
28 35 66 
5 44 69 6 
6 33 87 
87 12 98 4 24 
24 1 55 
20 78 
16 20 
55 16 
78 9 
9 22 40 39 
86 72 38 
39 86 
7 3 13 73 
38 43 54 
54 23 32 
32 51 85 82 
73 68 95 
95 37 
82 71 
91 60 
60 36 53 
37 58 48 
71 91 
72 14 93 
48 59 
59 31 
45 10 
93 74 
13 8 
47 27 
26 90 
89 88 47 
90 29 
68 84 
2 94 
10 79 81 
84 34 
74 2 
64 97 
31 64 
4 
83 41 57 
1 62 61 
27 70 56 
53 21 
29 99 
52 63 
36 30 
49 18 
21 96 
63 
17 
97 
30 
85 76 
3 
69 80 
14 
18 
51 77 
35 
8 
81 
77 
76 
40 
61 
33 
79 
94 
56 
57 
98 
42 
58 
25 
34 
62 
96 
99 
80 
44 
23 
22 
12 
88 50 
41 
70 
65 
43 
50 
# clone tree 29 objective: 5.55537
0 67 
92 42 15 
15 89 46 
67 92 
46 17 7 11 
11 65 52 83 75 
75 25 26 19 
19 49 45 28 
66 5 
28 35 66 
5 44 69 6 
6 33 87 
87 12 98 4 24 
24 1 55 
20 78 
16 20 
55 16 
78 9 
9 22 40 39 
86 72 38 
39 86 
7 3 13 73 
38 54 
54 23 32 
32 51 85 82 
73 68 95 
95 37 
82 71 
91 60 
60 36 53 
37 58 48 
71 91 
72 14 93 
48 59 
59 31 
45 10 
93 74 
13 8 
47 27 
26 90 
89 88 47 
90 29 
68 84 
2 94 
10 79 81 
84 43 34 
74 2 
64 97 
31 64 
4 
83 41 57 
1 62 61 
27 70 56 
53 21 
29 99 
52 63 
36 30 
49 18 
21 96 
63 
17 
97 
30 
85 76 
3 
69 80 
14 
18 
51 77 
35 
8 
81 
77 
76 
40 
61 
33 
79 
94 
56 
57 
98 
42 
58 
25 
34 
62 
96 
99 
80 50 
44 
23 
22 
12 
88 
41 
70 
65 
43 
50 
# clone tree 30 objective: 5.55537
0 23 67 
92 42 15 
15 89 46 
67 92 
46 17 7 11 
11 52 83 75 
75 25 26 19 
19 49 45 28 
66 5 
28 66 
5 44 69 6 
6 33 87 
87 98 4 24 
24 1 55 
20 78 
16 20 
55 16 
78 9 
9 40 39 
86 72 38 
39 86 
7 3 13 73 
38 54 
54 32 
32 51 85 82 
73 68 95 
95 37 
82 71 
91 88 60 
60 36 53 
37 58 48 
71 12 91 
72 14 93 
48 59 
59 31 
45 10 
93 74 
13 8 
47 41 27 
26 90 
89 47 
90 29 
68 84 
2 94 
10 79 81 
84 34 
74 2 
64 97 
31 64 
4 35 
83 57 
1 62 61 
27 56 
53 21 
29 99 
52 63 
36 22 30 
49 18 
21 96 
63 
17 
97 
30 50 
85 76 
3 
69 65 80 
14 
18 
51 77 
35 
8 
81 
77 
76 43 70 
40 
61 
33 
79 
94 
56 
57 
98 
42 
58 
25 
34 
62 
96 
99 
80 
44 
23 
22 
12 
88 
41 
70 
65 
43 
50 
# clone tree 31 objective: 5.55537
0 94 67 
92 42 15 
15 89 46 
67 92 
46 17 7 11 
11 52 83 75 
75 25 26 19 
19 49 45 28 
66 5 
28 35 66 
5 44 69 6 
6 33 87 
87 12 4 24 
24 1 55 
20 78 
16 20 
55 16 
78 98 9 
9 43 40 39 
86 72 38 
39 86 
7 3 13 73 
38 65 54 
54 32 
32 51 85 82 
73 68 95 
95 37 
82 71 
91 60 
60 36 53 
37 41 58 48 
71 91 
72 14 93 
48 59 
59 31 
45 10 
93 74 
13 8 
47 27 
26 90 
89 47 
90 29 
68 84 
2 23 
10 79 81 
84 34 
74 50 2 
64 97 
31 64 
4 
83 57 
1 62 61 
27 56 
53 22 21 
29 99 
52 63 
36 30 
49 18 
21 96 
63 
17 
97 
30 
85 76 
3 
69 80 
14 
18 
51 77 
35 
8 
81 
77 
76 
40 70 
61 
33 
79 
94 88 
56 
57 
98 
42 
58 
25 
34 
62 
96 
99 
80 
44 
23 
22 
12 
88 
41 
70 
65 
43 
50 
# clone tree 32 objective: 5.55537
0 94 67 
92 42 15 
15 89 46 
67 92 
46 17 7 11 
11 65 52 83 75 
75 25 26 19 
19 49 45 28 
66 5 
28 35 66 
5 44 69 6 
6 33 87 
87 12 4 24 
24 1 55 
20 78 
16 20 
55 16 
78 98 9 
9 40 39 
86 72 38 
39 86 
7 3 13 73 
38 54 
54 32 
32 51 85 82 
73 68 95 
95 37 
82 71 
91 60 
60 36 53 
37 41 58 48 
71 91 
72 14 93 
48 59 
59 31 
45 10 
93 74 
13 8 
47 27 
26 90 
89 47 
90 29 
68 84 
2 23 
10 79 81 
84 34 
74 2 
64 97 
31 64 
4 43 
83 57 
1 62 61 
27 70 56 
53 22 21 
29 99 
52 63 
36 30 
49 18 
21 96 
63 
17 
97 
30 
85 76 
3 
69 80 
14 
18 
51 77 
35 
8 
81 
77 
76 
40 
61 
33 
79 
94 50 88 
56 
57 
98 
42 
58 
25 
34 
62 
96 
99 
80 
44 
23 
22 
12 
88 
41 
70 
65 
43 
50 
# clone tree 33 objective: 5.55537
0 23 67 
92 42 15 
15 89 46 
67 92 
46 17 7 11 
11 52 83 75 
75 25 26 19 
19 49 45 28 
66 5 
28 66 
5 44 69 6 
6 33 87 
87 98 4 24 
24 1 55 
20 78 
16 20 
55 16 
78 9 
9 40 39 
86 72 38 
39 86 
7 3 13 73 
38 54 
54 32 
32 51 85 82 
73 68 95 
95 37 
82 71 
91 60 
60 36 53 
37 58 48 
71 12 91 
72 14 93 
48 59 
59 31 
45 10 
93 74 
13 8 
47 27 
26 90 
89 47 
90 29 
68 84 
2 94 
10 79 81 
84 34 
74 2 
64 97 
31 64 
4 35 
83 50 57 
1 62 61 
27 56 
53 43 21 
29 99 
52 63 
36 22 30 
49 18 
21 96 
63 
17 
97 88 
30 65 
85 76 
3 
69 80 
14 
18 41 
51 77 
35 
8 
81 
77 
76 
40 
61 
33 
79 
94 
56 
57 
98 
42 
58 
25 
34 
62 
96 
99 
80 
44 70 
23 
22 
12 
88 
41 
70 
65 
43 
50 
# clone tree 34 objective: 5.55537
0 23 67 
92 42 15 
15 89 46 
67 92 
46 17 7 11 
11 52 83 75 
75 25 26 19 
19 49 45 28 
66 5 
28 66 
5 44 69 6 
6 50 33 87 
87 98 4 24 
24 1 55 
20 78 
16 20 
55 16 
78 9 
9 40 39 
86 72 38 
39 86 
7 3 13 73 
38 54 
54 32 
32 51 85 82 
73 68 95 
95 37 
82 71 
91 60 
60 36 53 
37 58 48 
71 12 91 
72 14 93 
48 59 
59 31 
45 10 
93 74 
13 8 
47 27 
26 90 
89 47 
90 29 
68 84 
2 94 
10 79 81 
84 34 
74 2 
64 97 
31 64 
4 35 
83 57 
1 62 61 
27 56 
53 43 21 
29 99 
52 63 
36 22 30 
49 18 
21 96 
63 65 
17 
97 88 
30 
85 76 
3 
69 80 
14 
18 41 
51 77 
35 
8 
81 
77 
76 
40 
61 
33 
79 
94 
56 
57 
98 
42 
58 
25 
34 
62 
96 
99 
80 
44 70 
23 
22 
12 
88 
41 
70 
65 
43 
50 
# clone tree 35 objective: 5.55537
0 23 67 
92 12 42 15 
15 89 46 
67 92 
46 17 7 11 
11 52 83 75 
75 25 26 19 
19 49 45 28 
66 5 
28 66 
5 44 69 6 
6 33 87 
87 98 4 24 
24 1 55 
20 78 
16 20 
55 16 
78 9 
9 40 39 
86 72 38 
39 86 
7 3 13 73 
38 65 54 
54 32 
32 51 85 82 
73 68 95 
95 37 
82 71 
91 60 
60 36 53 
37 58 48 
71 91 
72 14 93 
48 43 59 
59 31 
45 10 
93 74 
13 8 
47 88 27 
26 90 
89 47 
90 29 
68 84 
2 94 
10 79 81 
84 34 
74 2 
64 97 
31 64 
4 35 
83 57 
1 62 61 
27 56 
53 21 
29 99 
52 63 
36 22 30 
49 18 
21 96 
63 
17 
97 
30 
85 76 
3 
69 80 
14 41 
18 70 
51 77 
35 50 
8 
81 
77 
76 
40 
61 
33 
79 
94 
56 
57 
98 
42 
58 
25 
34 
62 
96 
99 
80 
44 
23 
22 
12 
88 
41 
70 
65 
43 
50 
# clone tree 36 objective: 5.55537
0 67 
92 42 15 
15 89 46 
67 50 92 
46 17 7 11 
11 65 52 83 75 
75 25 26 19 
19 49 45 28 
66 5 
28 35 66 
5 44 69 6 
6 33 87 
87 12 98 4 24 
24 1 55 
20 78 
16 20 
55 16 
78 9 
9 22 40 39 
86 72 38 
39 86 
7 3 13 73 
38 54 
54 23 32 
32 51 85 82 
73 68 95 
95 37 
82 71 
91 60 
60 36 53 
37 58 48 
71 91 
72 14 93 
48 59 
59 31 
45 10 
93 74 
13 8 
47 27 
26 90 
89 88 47 
90 29 
68 84 
2 94 
10 79 81 
84 43 34 
74 2 
64 97 
31 64 
4 
83 41 57 
1 62 61 
27 70 56 
53 21 
29 99 
52 63 
36 30 
49 18 
21 96 
63 
17 
97 
30 
85 76 
3 
69 80 
14 
18 
51 77 
35 
8 
81 
77 
76 
40 
61 
33 
79 
94 
56 
57 
98 
42 
58 
25 
34 
62 
96 
99 
80 
44 
23 
22 
12 
88 
41 
70 
65 
43 
50 
# clone tree 37 objective: 5.55537
0 67 
92 42 15 
15 89 46 
67 65 92 
46 17 7 11 
11 52 83 75 
75 25 26 19 
19 49 45 28 
66 5 
28 35 66 
5 44 69 6 
6 33 87 
87 12 98 4 24 
24 1 55 
20 78 
16 20 
55 16 
78 9 
9 22 40 39 
86 72 38 
39 86 
7 3 13 73 
38 54 
54 23 32 
32 51 85 82 
73 68 95 
95 37 
82 71 
91 60 
60 36 53 
37 58 48 
71 91 
72 14 93 
48 59 
59 31 
45 10 
93 74 
13 8 
47 27 
26 90 
89 88 47 
90 29 
68 84 
2 94 
10 79 81 
84 34 
74 2 
64 97 
31 64 
4 
83 41 57 
1 62 61 
27 56 
53 21 
29 99 
52 63 
36 30 
49 18 
21 96 
63 
17 
97 70 
30 
85 76 
3 
69 80 
14 
18 
51 77 
35 
8 
81 
77 
76 
40 
61 
33 
79 
94 
56 
57 
98 
42 
58 
25 
34 
62 
96 
99 43 
80 
44 
23 
22 50 
12 
88 
41 
70 
65 
43 
50 
# clone tree 38 objective: 5.55537
0 23 67 
92 42 15 
15 89 46 
67 43 41 92 
46 50 17 7 11 
11 52 83 75 
75 25 26 19 
19 49 45 28 
66 5 
28 66 
5 44 69 6 
6 33 87 
87 98 4 24 
24 1 55 
20 78 
16 20 
55 16 
78 9 
9 40 39 
86 72 38 
39 86 
7 3 13 73 
38 54 
54 32 
32 51 85 82 
73 68 95 
95 37 
82 71 
91 60 
60 36 53 
37 58 48 
71 12 91 
72 14 93 
48 59 
59 31 
45 10 
93 74 
13 8 
47 27 
26 90 
89 47 
90 29 
68 84 
2 94 
10 79 81 
84 34 
74 2 
64 97 
31 64 
4 35 
83 57 
1 62 61 
27 56 
53 21 
29 99 
52 63 
36 22 30 
49 18 
21 96 
63 
17 
97 88 
30 
85 76 
3 
69 80 
14 65 
18 70 
51 77 
35 
8 
81 
77 
76 
40 
61 
33 
79 
94 
56 
57 
98 
42 
58 
25 
34 
62 
96 
99 
80 
44 
23 
22 
12 
88 
41 
70 
65 
43 
50 
# clone tree 39 objective: 5.55537
0 67 
92 42 15 
15 89 46 
67 92 
46 17 7 11 
11 52 83 75 
75 25 26 19 
19 49 45 28 
66 5 
28 35 66 
5 44 69 6 
6 33 87 
87 12 98 4 24 
24 1 55 
20 78 
16 20 
55 16 
78 9 
9 22 40 39 
86 72 38 
39 86 
7 3 13 73 
38 54 
54 23 32 
32 51 85 82 
73 68 95 
95 37 
82 71 
91 60 
60 36 53 
37 58 48 
71 91 
72 14 93 
48 59 
59 31 
45 10 
93 74 
13 8 
47 27 
26 90 
89 88 47 
90 50 29 
68 84 
2 94 
10 79 81 
84 34 
74 2 
64 97 
31 64 
4 
83 41 57 
1 62 61 
27 56 
53 21 
29 99 
52 63 
36 30 
49 18 
21 96 
63 
17 
97 
30 
85 76 
3 43 
69 80 
14 
18 
51 77 
35 
8 
81 
77 
76 70 
40 
61 
33 
79 
94 
56 
57 
98 
42 
58 
25 
34 
62 
96 
99 
80 
44 
23 
22 
12 
88 
41 
70 65 
65 
43 
50 
# clone tree 40 objective: 5.55537
0 23 67 
92 42 15 
15 89 46 
67 92 
46 17 7 11 
11 50 52 83 75 
75 25 26 19 
19 49 45 28 
66 5 
28 66 
5 44 69 6 
6 33 87 
87 98 4 24 
24 1 55 
20 78 
16 20 
55 16 
78 9 
9 40 39 
86 72 38 
39 86 
7 3 13 73 
38 54 
54 32 
32 51 85 82 
73 68 95 
95 37 
82 71 
91 88 60 
60 36 53 
37 58 48 
71 12 91 
72 14 93 
48 59 
59 31 
45 10 
93 74 
13 8 
47 41 27 
26 90 
89 47 
90 29 
68 84 
2 94 
10 79 81 
84 34 
74 2 
64 97 
31 64 
4 35 
83 57 
1 62 61 
27 56 
53 21 
29 99 
52 63 
36 22 30 
49 18 
21 96 
63 
17 
97 
30 
85 76 
3 
69 65 80 
14 
18 
51 77 
35 
8 
81 
77 
76 43 70 
40 
61 
33 
79 
94 
56 
57 
98 
42 
58 
25 
34 
62 
96 
99 
80 
44 
23 
22 
12 
88 
41 
70 
65 
43 
50 
# clone tree 41 objective: 5.55537
0 67 
92 42 15 
15 89 46 
67 50 92 
46 17 7 11 
11 65 52 83 75 
75 25 26 19 
19 49 45 28 
66 5 
28 35 66 
5 44 69 6 
6 33 87 
87 12 98 4 24 
24 1 55 
20 78 
16 20 
55 16 
78 9 
9 22 40 39 
86 72 38 
39 86 
7 3 13 73 
38 54 
54 23 32 
32 51 85 82 
73 68 95 
95 37 
82 71 
91 60 
60 36 53 
37 58 48 
71 91 
72 14 93 
48 59 
59 31 
45 10 
93 74 
13 8 
47 27 
26 90 
89 43 88 47 
90 29 
68 84 
2 94 
10 79 81 
84 34 
74 2 
64 97 
31 64 
4 
83 41 57 
1 62 61 
27 70 56 
53 21 
29 99 
52 63 
36 30 
49 18 
21 96 
63 
17 
97 
30 
85 76 
3 
69 80 
14 
18 
51 77 
35 
8 
81 
77 
76 
40 
61 
33 
79 
94 
56 
57 
98 
42 
58 
25 
34 
62 
96 
99 
80 
44 
23 
22 
12 
88 
41 
70 
65 
43 
50 
# clone tree 42 objective: 5.55537
0 88 23 67 
92 42 15 
15 89 46 
67 92 
46 17 7 11 
11 52 83 75 
75 25 26 19 
19 49 45 28 
66 5 
28 66 
5 41 44 69 6 
6 33 87 
87 98 4 24 
24 1 55 
20 78 
16 20 
55 16 
78 9 
9 40 39 
86 72 38 
39 86 
7 3 13 73 
38 54 
54 32 
32 51 85 82 
73 68 95 
95 37 
82 71 
91 60 
60 36 53 
37 58 48 
71 12 91 
72 14 93 
48 59 
59 31 
45 10 
93 74 
13 8 
47 27 
26 90 
89 47 
90 29 
68 84 
2 94 
10 79 81 
84 34 
74 2 
64 43 97 
31 64 
4 35 
83 57 
1 62 61 
27 56 
53 21 
29 99 
52 63 
36 22 30 
49 18 
21 96 
63 
17 
97 65 
30 
85 76 
3 
69 80 
14 
18 70 
51 77 
35 
8 
81 
77 
76 
40 
61 
33 
79 
94 
56 
57 50 
98 
42 
58 
25 
34 
62 
96 
99 
80 
44 
23 
22 
12 
88 
41 
70 
65 
43 
50 
# clone tree 43 objective: 5.55537
0 67 
92 42 15 
15 89 46 
67 65 92 
46 17 7 11 
11 52 83 75 
75 25 26 19 
19 49 45 28 
66 5 
28 35 66 
5 44 69 6 
6 33 87 
87 12 98 4 24 
24 1 55 
20 43 78 
16 20 
55 16 
78 9 
9 22 40 39 
86 72 38 
39 86 
7 3 13 73 
38 54 
54 23 32 
32 51 85 82 
73 68 95 
95 37 
82 71 
91 60 
60 36 53 
37 58 48 
71 91 
72 50 14 93 
48 59 
59 31 
45 10 
93 74 
13 8 
47 27 
26 90 
89 88 47 
90 29 
68 84 
2 94 
10 79 81 
84 34 
74 2 
64 97 
31 64 
4 
83 41 57 
1 62 61 
27 56 
53 21 
29 99 
52 63 
36 30 
49 18 
21 96 
63 
17 
97 70 
30 
85 76 
3 
69 80 
14 
18 
51 77 
35 
8 
81 
77 
76 
40 
61 
33 
79 
94 
56 
57 
98 
42 
58 
25 
34 
62 
96 
99 
80 
44 
23 
22 
12 
88 
41 
70 
65 
43 
50 
# clone tree 44 objective: 5.55537
0 23 67 
92 42 15 
15 89 46 
67 92 
46 17 7 11 
11 52 83 75 
75 25 26 19 
19 49 45 28 
66 5 
28 66 
5 44 69 6 
6 33 87 
87 98 4 24 
24 1 55 
20 78 
16 20 
55 16 
78 9 
9 40 39 
86 72 38 
39 65 86 
7 3 13 73 
38 54 
54 32 
32 51 85 82 
73 68 95 
95 37 
82 71 
91 60 
60 36 53 
37 58 48 
71 12 91 
72 14 93 
48 59 
59 31 
45 10 
93 41 74 
13 8 
47 50 27 
26 90 
89 47 
90 29 
68 84 
2 94 
10 79 81 
84 34 
74 2 
64 97 
31 64 
4 35 
83 70 57 
1 62 61 
27 56 
53 21 
29 99 
52 63 
36 43 22 30 
49 18 
21 96 
63 
17 
97 
30 
85 76 
3 
69 80 
14 
18 
51 77 
35 
8 
81 
77 
76 
40 
61 88 
33 
79 
94 
56 
57 
98 
42 
58 
25 
34 
62 
96 
99 
80 
44 
23 
22 
12 
88 
41 
70 
65 
43 
50 
# clone tree 45 objective: 5.55537
0 67 
92 42 15 
15 89 46 
67 65 92 
46 17 7 11 
11 52 83 75 
75 43 25 26 19 
19 49 45 28 
66 5 
28 35 66 
5 44 69 6 
6 33 87 
87 12 98 4 24 
24 1 55 
20 78 
16 20 
55 16 
78 9 
9 22 40 39 
86 72 38 
39 86 
7 3 13 73 
38 54 
54 23 32 
32 51 85 82 
73 68 95 
95 37 
82 71 
91 50 60 
60 36 53 
37 58 48 
71 91 
72 14 93 
48 59 
59 31 
45 10 
93 74 
13 8 
47 27 
26 90 
89 88 47 
90 29 
68 84 
2 94 
10 79 81 
84 34 
74 2 
64 97 
31 64 
4 
83 41 57 
1 62 61 
27 56 
53 21 
29 99 
52 63 
36 30 
49 18 
21 96 
63 
17 
97 70 
30 
85 76 
3 
69 80 
14 
18 
51 77 
35 
8 
81 
77 
76 
40 
61 
33 
79 
94 
56 
57 
98 
42 
58 
25 
34 
62 
96 
99 
80 
44 
23 
22 
12 
88 
41 
70 
65 
43 
50 
# clone tree 46 objective: 5.55537
0 94 67 
92 42 15 
15 89 46 
67 92 
46 23 17 7 11 
11 52 83 75 
75 25 26 19 
19 65 49 45 28 
66 5 
28 66 
5 69 6 
6 33 87 
87 98 4 24 
24 1 55 
20 12 78 
16 20 
55 16 
78 9 
9 40 39 
86 72 38 
39 41 86 
7 3 13 73 
38 70 54 
54 32 
32 51 85 82 
73 68 95 
95 37 
82 71 
91 60 
60 36 53 
37 58 48 
71 91 
72 14 93 
48 59 
59 44 31 
45 22 10 
93 74 
13 8 
47 27 
26 90 
89 47 
90 29 
68 84 
2 
10 79 81 
84 34 
74 2 
64 43 97 
31 64 
4 35 
83 57 
1 62 61 
27 56 
53 21 
29 99 
52 63 
36 30 
49 18 
21 96 
63 
17 
97 
30 
85 76 
3 
69 80 
14 
18 
51 77 
35 
8 
81 
77 88 
76 
40 
61 
33 
79 
94 
56 
57 
98 
42 
58 
25 
34 
62 
96 
99 
80 
44 
23 
22 
12 50 
88 
41 
70 
65 
43 
50 
# clone tree 47 objective: 5.55537
0 67 
92 42 15 
15 89 46 
67 65 92 
46 17 7 11 
11 52 83 75 
75 43 25 26 19 
19 49 45 28 
66 5 
28 35 66 
5 44 69 6 
6 33 87 
87 12 98 4 24 
24 1 55 
20 78 
16 20 
55 16 
78 9 
9 22 40 39 
86 72 38 
39 86 
7 3 13 73 
38 54 
54 23 32 
32 51 85 82 
73 68 95 
95 37 
82 71 
91 60 
60 36 53 
37 58 48 
71 91 
72 14 93 
48 59 
59 31 
45 10 
93 74 
13 8 
47 27 
26 90 
89 88 47 
90 29 
68 84 
2 94 
10 79 81 
84 34 
74 2 
64 97 
31 64 
4 
83 41 57 
1 62 61 
27 56 
53 21 
29 99 
52 63 
36 30 
49 18 
21 96 
63 
17 
97 70 
30 
85 76 
3 
69 80 
14 
18 
51 77 
35 
8 
81 
77 
76 
40 
61 
33 
79 
94 
56 
57 
98 
42 
58 
25 
34 
62 
96 
99 
80 
44 
23 
22 
12 
88 
41 50 
70 
65 
43 
50 
# clone tree 48 objective: 5.55537
0 23 67 
92 42 15 
15 89 46 
67 92 
46 17 7 11 
11 52 83 75 
75 25 26 19 
19 49 45 28 
66 5 
28 66 
5 44 69 6 
6 33 87 
87 98 4 24 
24 1 55 
20 78 
16 20 
55 16 
78 9 
9 40 39 
86 72 38 
39 86 
7 3 13 73 
38 54 
54 32 
32 51 85 82 
73 68 95 
95 50 37 
82 71 
91 88 60 
60 36 53 
37 58 48 
71 12 91 
72 14 93 
48 59 
59 31 
45 10 
93 74 
13 8 
47 41 27 
26 90 
89 47 
90 29 
68 84 
2 94 
10 79 81 
84 34 
74 2 
64 97 
31 64 
4 35 
83 57 
1 62 61 
27 56 
53 21 
29 43 99 
52 63 
36 22 30 
49 18 
21 96 
63 
17 
97 
30 
85 76 
3 
69 80 
14 
18 65 
51 77 
35 
8 
81 
77 
76 
40 
61 
33 
79 
94 
56 
57 
98 
42 
58 
25 
34 
62 
96 
99 
80 
44 70 
23 
22 
12 
88 
41 
70 
65 
43 
50 
# clone tree 49 objective: 5.55537
0 43 67 
92 42 15 
15 89 46 
67 92 
46 17 7 11 
11 52 83 75 
75 25 26 19 
19 49 45 28 
66 5 
28 35 66 
5 70 44 69 6 
6 33 87 
87 12 98 4 24 
24 1 55 
20 78 
16 20 
55 16 
78 9 
9 22 40 39 
86 72 38 
39 86 
7 3 13 73 
38 54 
54 23 32 
32 51 85 82 
73 68 95 
95 37 
82 71 
91 60 
60 36 53 
37 58 48 
71 91 
72 14 93 
48 59 
59 31 
45 50 10 
93 74 
13 8 
47 27 
26 90 
89 88 47 
90 29 
68 84 
2 94 
10 79 81 
84 34 
74 2 
64 97 
31 64 
4 
83 41 57 
1 62 61 
27 56 
53 21 
29 99 
52 63 
36 30 
49 18 
21 96 
63 
17 
97 
30 
85 76 
3 
69 80 
14 
18 65 
51 77 
35 
8 
81 
77 
76 
40 
61 
33 
79 
94 
56 
57 
98 
42 
58 
25 
34 
62 
96 
99 
80 
44 
23 
22 
12 
88 
41 
70 
65 
43 
50 
