# clone tree 0 objective: 2.76314
0 66 58 56 
56 61 74 
74 99 97 44 88 42 14 
29 75 
14 79 29 
42 82 34 
75 77 71 
71 9 91 
16 21 48 
34 16 
91 89 93 64 
19 81 
48 65 19 
96 6 20 22 72 
81 96 
64 23 40 50 
72 92 1 
50 36 33 
1 60 4 
40 38 15 
58 63 
22 87 46 
4 69 43 90 80 
63 57 59 
66 17 51 52 
93 78 32 
15 2 35 30 
33 25 76 
52 37 
59 12 
82 24 
36 86 
24 11 
46 18 
87 10 
86 3 
37 5 
32 7 
12 27 
80 54 
77 67 
61 55 62 
65 98 
54 83 
9 85 
92 26 
30 41 
38 47 
11 73 
26 28 
76 
88 49 
5 95 
18 53 
73 84 
53 
60 
7 
62 
23 
41 
44 31 
98 94 
25 70 
28 68 
3 
89 
83 8 
84 
49 
27 
20 
47 
51 
97 
21 
17 
6 
90 
43 13 
94 
57 
99 
10 
8 45 
67 
95 
31 
13 
55 39 
68 
35 
78 
79 
45 
70 
85 
2 
69 
39 
# clone tree 1 objective: 2.76314
0 66 58 56 
56 61 74 
74 99 97 44 88 42 14 
29 75 
14 29 
42 82 34 
75 77 71 
71 9 91 
16 21 48 
34 13 16 
91 89 93 64 
19 81 
48 65 19 
96 6 20 22 72 
81 2 96 
64 23 40 50 
72 92 1 
50 36 33 
1 60 4 
40 38 15 
58 63 
22 87 46 
4 69 43 90 80 
63 57 59 
66 17 51 52 
93 78 35 32 
15 45 30 
33 25 76 
52 37 
59 12 
82 24 
36 86 
24 11 
46 18 
87 55 10 
86 3 
37 5 
32 7 
12 27 
80 54 
77 67 
61 62 
65 98 
54 83 
9 85 
92 26 
30 41 
38 47 
11 73 
26 28 
76 
88 49 
5 95 
18 53 
73 84 
53 
60 
7 
62 
23 
41 
44 
98 39 94 
25 31 
28 
3 
89 68 
83 8 
84 
49 70 
27 
20 
47 
51 
97 
21 
17 
6 79 
90 
43 
94 
57 
99 
10 
8 
67 
95 
31 
13 
55 
68 
35 
78 
79 
45 
70 
85 
2 
69 
39 
# clone tree 2 objective: 2.76314
0 66 58 56 
56 61 74 
74 99 97 44 88 42 14 
29 75 
14 29 
42 82 34 
75 77 71 
71 9 91 
16 21 48 
34 13 16 
91 89 93 64 
19 81 
48 65 19 
96 6 20 22 72 
81 2 96 
64 23 40 50 
72 92 1 
50 36 33 
1 60 4 
40 38 15 
58 63 
22 87 46 
4 69 43 90 80 
63 57 59 
66 17 51 52 
93 78 35 32 
15 45 30 
33 25 76 
52 37 
59 12 
82 24 
36 86 
24 11 
46 18 
87 55 10 
86 3 
37 5 
32 7 
12 27 
80 54 
77 67 
61 62 
65 98 
54 83 
9 85 
92 26 
30 41 
38 47 
11 73 
26 28 
76 
88 49 
5 95 
18 53 
73 84 
53 
60 
7 
62 
23 
41 
44 
98 94 
25 31 
28 
3 
89 68 
83 8 
84 
49 70 
27 
20 
47 
51 
97 
21 
17 
6 39 79 
90 
43 
94 
57 
99 
10 
8 
67 
95 
31 
13 
55 
68 
35 
78 
79 
45 
70 
85 
2 
69 
39 
# clone tree 3 objective: 2.76314
0 66 58 56 
56 61 74 
74 99 97 44 88 42 14 
29 75 
14 29 
42 82 34 
75 69 77 71 
71 9 91 
16 21 48 
34 45 13 16 
91 79 89 93 64 
19 81 
48 65 19 
96 6 20 22 72 
81 96 
64 2 23 40 50 
72 92 1 
50 36 33 
1 60 4 
40 38 15 
58 63 
22 87 46 
4 43 90 80 
63 57 59 
66 17 51 52 
93 32 
15 35 30 
33 25 76 
52 37 
59 12 
82 24 
36 86 
24 11 
46 18 
87 78 10 
86 3 
37 5 
32 7 
12 27 
80 54 
77 
61 39 62 
65 98 
54 67 83 
9 85 
92 26 
30 41 
38 47 
11 73 
26 28 
76 55 
88 49 
5 95 
18 53 
73 84 
53 
60 
7 
62 
23 
41 
44 31 
98 94 
25 
28 
3 
89 68 
83 8 
84 
49 70 
27 
20 
47 
51 
97 
21 
17 
6 
90 
43 
94 
57 
99 
10 
8 
67 
95 
31 
13 
55 
68 
35 
78 
79 
45 
70 
85 
2 
69 
39 
# clone tree 4 objective: 2.76314
0 66 58 56 
56 61 74 
74 99 97 44 88 42 14 
29 75 
14 29 
42 82 34 
75 77 71 
71 9 91 
16 21 48 
34 16 
91 89 93 64 
19 81 
48 65 19 
96 6 20 22 72 
81 45 96 
64 23 40 50 
72 92 1 
50 36 33 
1 60 4 
40 38 15 
58 31 63 
22 87 46 
4 43 90 80 
63 57 59 
66 17 51 52 
93 78 32 
15 30 
33 25 76 
52 37 
59 12 
82 24 
36 86 
24 11 
46 18 
87 10 
86 3 
37 5 
32 7 
12 27 
80 39 54 
77 
61 55 62 
65 98 
54 67 83 
9 85 
92 26 
30 41 
38 47 
11 73 
26 28 
76 35 
88 49 
5 95 
18 53 
73 84 
53 
60 
7 
62 
23 
41 79 
44 
98 94 
25 
28 68 
3 
89 
83 8 
84 
49 70 
27 
20 
47 
51 2 
97 69 
21 
17 
6 
90 
43 13 
94 
57 
99 
10 
8 
67 
95 
31 
13 
55 
68 
35 
78 
79 
45 
70 
85 
2 
69 
39 
# clone tree 5 objective: 2.76314
0 66 58 56 
56 61 74 
74 99 97 44 88 42 14 
29 75 
14 29 
42 82 34 
75 69 77 71 
71 9 91 
16 21 48 
34 45 13 16 
91 79 89 93 64 
19 81 
48 65 19 
96 6 20 22 72 
81 96 
64 2 23 40 50 
72 92 1 
50 36 33 
1 60 4 
40 38 15 
58 63 
22 87 46 
4 43 90 80 
63 57 59 
66 17 51 52 
93 39 32 
15 35 30 
33 25 76 
52 37 
59 12 
82 24 
36 86 
24 11 
46 18 
87 78 10 
86 3 
37 5 
32 7 
12 27 
80 54 
77 
61 62 
65 98 
54 67 83 
9 85 
92 26 
30 41 
38 47 
11 73 
26 28 
76 55 
88 49 
5 95 
18 53 
73 84 
53 
60 
7 
62 
23 
41 
44 31 
98 94 
25 
28 
3 
89 68 
83 8 
84 
49 70 
27 
20 
47 
51 
97 
21 
17 
6 
90 
43 
94 
57 
99 
10 
8 
67 
95 
31 
13 
55 
68 
35 
78 
79 
45 
70 
85 
2 
69 
39 
# clone tree 6 objective: 2.76314
0 66 58 56 
56 61 74 
74 99 97 44 88 42 14 
29 75 
14 39 29 
42 82 34 
75 77 71 
71 9 91 
16 69 21 48 
34 13 16 
91 89 93 64 
19 81 
48 65 19 
96 6 20 22 72 
81 96 
64 23 40 50 
72 92 1 
50 36 33 
1 60 4 
40 38 15 
58 45 63 
22 87 46 
4 43 90 80 
63 57 59 
66 17 51 52 
93 78 35 32 
15 30 
33 25 76 
52 37 
59 12 
82 24 
36 86 
24 11 
46 18 
87 55 10 
86 2 3 
37 5 
32 7 
12 27 
80 54 
77 67 
61 62 
65 98 
54 70 83 
9 85 
92 26 
30 41 
38 47 
11 73 
26 28 
76 
88 49 
5 95 
18 53 
73 84 
53 
60 
7 
62 
23 
41 79 
44 
98 94 
25 31 
28 
3 
89 68 
83 8 
84 
49 
27 
20 
47 
51 
97 
21 
17 
6 
90 
43 
94 
57 
99 
10 
8 
67 
95 
31 
13 
55 
68 
35 
78 
79 
45 
70 
85 
2 
69 
39 
# clone tree 7 objective: 2.76314
0 66 58 56 
56 61 74 
74 99 97 44 88 42 14 
29 75 
14 29 
42 82 34 
75 69 77 71 
71 9 91 
16 21 48 
34 45 13 16 
91 79 89 93 64 
19 81 
48 65 19 
96 6 20 22 72 
81 96 
64 2 23 40 50 
72 92 1 
50 36 33 
1 60 4 
40 38 15 
58 63 
22 87 46 
4 43 90 80 
63 57 59 
66 17 51 52 
93 32 
15 35 30 
33 25 76 
52 37 
59 12 
82 24 
36 86 
24 11 
46 18 
87 78 10 
86 3 
37 5 
32 7 
12 27 
80 54 
77 
61 62 
65 98 
54 67 83 
9 85 
92 26 
30 41 
38 47 
11 39 73 
26 28 
76 55 
88 49 
5 95 
18 53 
73 84 
53 
60 
7 
62 
23 
41 
44 31 
98 94 
25 
28 
3 
89 68 
83 8 
84 
49 70 
27 
20 
47 
51 
97 
21 
17 
6 
90 
43 
94 
57 
99 
10 
8 
67 
95 
31 
13 
55 
68 
35 
78 
79 
45 
70 
85 
2 
69 
39 
# clone tree 8 objective: 2.76314
0 66 58 56 
56 61 74 
74 99 97 44 88 42 14 
29 75 
14 29 
42 82 34 
75 77 71 
71 9 91 
16 69 21 48 
34 13 16 
91 89 93 64 
19 39 81 
48 65 19 
96 6 20 22 72 
81 96 
64 23 40 50 
72 92 1 
50 36 33 
1 60 4 
40 38 15 
58 45 63 
22 87 46 
4 43 90 80 
63 57 59 
66 17 51 52 
93 78 35 32 
15 30 
33 25 76 
52 37 
59 12 
82 24 
36 86 
24 11 
46 18 
87 55 10 
86 2 3 
37 5 
32 7 
12 27 
80 54 
77 67 
61 62 
65 98 
54 70 83 
9 85 
92 26 
30 41 
38 47 
11 73 
26 28 
76 
88 49 
5 95 
18 53 
73 84 
53 
60 
7 
62 
23 
41 79 
44 
98 94 
25 31 
28 
3 
89 68 
83 8 
84 
49 
27 
20 
47 
51 
97 
21 
17 
6 
90 
43 
94 
57 
99 
10 
8 
67 
95 
31 
13 
55 
68 
35 
78 
79 
45 
70 
85 
2 
69 
39 
# clone tree 9 objective: 2.76314
0 66 58 56 
56 61 74 
74 99 97 44 88 42 14 
29 75 
14 29 
42 82 34 
75 69 77 71 
71 9 91 
16 21 48 
34 45 13 16 
91 79 89 93 64 
19 81 
48 65 19 
96 6 20 22 72 
81 96 
64 2 23 40 50 
72 92 1 
50 36 33 
1 60 4 
40 38 15 
58 63 
22 87 46 
4 43 90 80 
63 39 57 59 
66 17 51 52 
93 32 
15 35 30 
33 25 76 
52 37 
59 12 
82 24 
36 86 
24 11 
46 18 
87 78 10 
86 3 
37 5 
32 7 
12 27 
80 54 
77 
61 62 
65 98 
54 67 83 
9 85 
92 26 
30 41 
38 47 
11 73 
26 28 
76 55 
88 49 
5 95 
18 53 
73 84 
53 
60 
7 
62 
23 
41 
44 31 
98 94 
25 
28 
3 
89 68 
83 8 
84 
49 70 
27 
20 
47 
51 
97 
21 
17 
6 
90 
43 
94 
57 
99 
10 
8 
67 
95 
31 
13 
55 
68 
35 
78 
79 
45 
70 
85 
2 
69 
39 
# clone tree 10 objective: 2.76314
0 66 58 56 
56 61 74 
74 99 97 44 88 42 14 
29 75 
14 79 29 
42 82 34 
75 77 71 
71 9 91 
16 21 48 
34 16 
91 89 93 64 
19 81 
48 65 19 
96 6 20 22 72 
81 96 
64 23 40 50 
72 92 1 
50 36 33 
1 60 4 
40 38 15 
58 63 
22 87 46 
4 69 43 90 80 
63 57 59 
66 17 51 52 
93 78 32 
15 2 35 30 
33 25 76 
52 37 
59 12 
82 24 
36 86 
24 11 
46 18 
87 10 
86 3 
37 5 
32 7 
12 27 
80 54 
77 67 
61 55 62 
65 98 
54 83 
9 85 
92 26 
30 41 
38 47 
11 73 
26 28 
76 
88 49 
5 95 
18 53 
73 84 
53 
60 
7 
62 
23 
41 
44 31 
98 94 
25 70 
28 68 
3 
89 
83 8 
84 
49 
27 
20 
47 
51 
97 
21 
17 
6 
90 
43 13 
94 
57 
99 
10 
8 45 
67 
95 
31 
13 
55 
68 
35 
78 
79 
45 
70 
85 
2 39 
69 
39 
# clone tree 11 objective: 2.76314
0 66 58 56 
56 61 74 
74 99 97 44 88 42 14 
29 75 
14 29 
42 82 34 
75 69 77 71 
71 9 91 
16 21 48 
34 45 13 16 
91 79 89 93 64 
19 81 
48 65 19 
96 6 20 22 72 
81 96 
64 2 23 40 50 
72 92 1 
50 36 33 
1 60 4 
40 38 15 
58 63 
22 87 46 
4 43 90 80 
63 57 59 
66 17 51 52 
93 32 
15 35 30 
33 25 76 
52 37 
59 12 
82 24 
36 86 
24 11 
46 18 
87 78 10 
86 3 
37 5 
32 7 
12 27 
80 54 
77 
61 62 
65 98 
54 67 83 
9 39 85 
92 26 
30 41 
38 47 
11 73 
26 28 
76 55 
88 49 
5 95 
18 53 
73 84 
53 
60 
7 
62 
23 
41 
44 31 
98 94 
25 
28 
3 
89 68 
83 8 
84 
49 70 
27 
20 
47 
51 
97 
21 
17 
6 
90 
43 
94 
57 
99 
10 
8 
67 
95 
31 
13 
55 
68 
35 
78 
79 
45 
70 
85 
2 
69 
39 
# clone tree 12 objective: 2.76314
0 66 58 56 
56 61 74 
74 99 97 44 88 42 14 
29 75 
14 79 29 
42 82 34 
75 77 71 
71 9 91 
16 21 48 
34 16 
91 89 93 64 
19 81 
48 65 19 
96 6 20 22 72 
81 96 
64 23 40 50 
72 92 1 
50 36 33 
1 60 4 
40 38 15 
58 63 
22 87 46 
4 69 43 90 80 
63 57 59 
66 17 51 52 
93 78 32 
15 2 35 30 
33 25 76 
52 37 
59 12 
82 24 
36 86 
24 11 
46 18 
87 10 
86 3 
37 5 
32 7 
12 27 
80 54 
77 67 
61 55 62 
65 98 
54 83 
9 85 
92 26 
30 41 
38 47 
11 73 
26 28 
76 
88 49 
5 95 
18 53 
73 84 
53 
60 
7 
62 
23 
41 
44 31 
98 94 
25 70 
28 68 
3 
89 
83 8 
84 
49 
27 
20 
47 
51 
97 
21 
17 
6 
90 
43 13 
94 
57 
99 
10 
8 45 
67 
95 
31 39 
13 
55 
68 
35 
78 
79 
45 
70 
85 
2 
69 
39 
# clone tree 13 objective: 2.76314
0 66 58 56 
56 61 74 
74 99 97 44 88 42 14 
29 75 
14 29 
42 82 34 
75 77 71 
71 9 91 
16 21 48 
34 16 
91 89 93 64 
19 81 
48 65 19 
96 6 20 22 72 
81 45 96 
64 23 40 50 
72 92 1 
50 36 33 
1 60 4 
40 38 15 
58 31 63 
22 87 46 
4 43 90 80 
63 57 59 
66 17 51 52 
93 78 32 
15 30 
33 25 76 
52 37 
59 12 
82 24 
36 86 
24 11 
46 18 
87 10 
86 3 
37 5 
32 7 
12 27 
80 54 
77 
61 55 62 
65 98 
54 67 83 
9 85 
92 26 
30 41 
38 47 
11 73 
26 28 
76 35 
88 49 
5 95 
18 53 
73 84 
53 
60 
7 
62 
23 
41 79 
44 
98 94 
25 
28 68 
3 
89 
83 8 
84 
49 70 
27 
20 
47 
51 2 
97 69 
21 
17 
6 
90 
43 13 
94 
57 
99 
10 
8 
67 
95 39 
31 
13 
55 
68 
35 
78 
79 
45 
70 
85 
2 
69 
39 
# clone tree 14 objective: 2.76314
0 66 58 56 
56 61 74 
74 99 97 44 88 42 14 
29 75 
14 79 29 
42 82 34 
75 77 71 
71 9 91 
16 21 48 
34 16 
91 89 93 64 
19 81 
48 65 19 
96 6 20 22 72 
81 96 
64 23 40 50 
72 92 1 
50 36 33 
1 60 4 
40 38 15 
58 63 
22 87 46 
4 69 43 90 80 
63 57 59 
66 17 51 52 
93 78 32 
15 2 35 30 
33 25 76 
52 37 
59 12 
82 24 
36 86 
24 11 
46 18 
87 10 
86 3 
37 5 
32 7 
12 27 
80 54 
77 67 
61 55 62 
65 98 
54 83 
9 85 
92 26 
30 41 
38 47 
11 73 
26 28 
76 
88 49 
5 95 
18 53 
73 84 
53 
60 
7 
62 
23 
41 
44 31 
98 94 
25 70 
28 68 
3 
89 
83 8 
84 
49 
27 
20 
47 
51 
97 
21 
17 
6 39 
90 
43 13 
94 
57 
99 
10 
8 45 
67 
95 
31 
13 
55 
68 
35 
78 
79 
45 
70 
85 
2 
69 
39 
# clone tree 15 objective: 2.76314
0 66 58 56 
56 61 74 
74 99 97 44 88 42 14 
29 75 
14 29 
42 82 34 
75 69 77 71 
71 9 91 
16 21 48 
34 45 13 16 
91 79 89 93 64 
19 81 
48 65 19 
96 6 20 22 72 
81 96 
64 2 23 40 50 
72 92 1 
50 36 33 
1 60 4 
40 38 15 
58 39 63 
22 87 46 
4 43 90 80 
63 57 59 
66 17 51 52 
93 32 
15 35 30 
33 25 76 
52 37 
59 12 
82 24 
36 86 
24 11 
46 18 
87 78 10 
86 3 
37 5 
32 7 
12 27 
80 54 
77 
61 62 
65 98 
54 67 83 
9 85 
92 26 
30 41 
38 47 
11 73 
26 28 
76 55 
88 49 
5 95 
18 53 
73 84 
53 
60 
7 
62 
23 
41 
44 31 
98 94 
25 
28 
3 
89 68 
83 8 
84 
49 70 
27 
20 
47 
51 
97 
21 
17 
6 
90 
43 
94 
57 
99 
10 
8 
67 
95 
31 
13 
55 
68 
35 
78 
79 
45 
70 
85 
2 
69 
39 
# clone tree 16 objective: 2.76314
0 66 58 56 
56 61 74 
74 99 97 44 88 42 14 
29 75 
14 79 29 
42 82 34 
75 77 71 
71 9 91 
16 21 48 
34 16 
91 89 93 64 
19 81 
48 65 19 
96 6 20 22 72 
81 96 
64 23 40 50 
72 92 1 
50 36 33 
1 60 4 
40 38 15 
58 63 
22 87 46 
4 69 43 90 80 
63 57 59 
66 17 51 52 
93 78 32 
15 2 35 30 
33 25 76 
52 37 
59 12 
82 24 
36 86 
24 11 
46 18 
87 10 
86 3 
37 5 
32 7 
12 27 
80 54 
77 67 
61 55 62 
65 98 
54 83 
9 85 
92 26 
30 41 
38 47 
11 73 
26 28 
76 
88 49 
5 95 
18 53 
73 84 
53 
60 
7 
62 
23 
41 
44 31 
98 94 
25 70 
28 68 
3 
89 
83 8 
84 
49 
27 
20 
47 
51 
97 
21 
17 
6 
90 
43 13 
94 
57 
99 
10 
8 45 
67 
95 
31 
13 
55 
68 
35 
78 39 
79 
45 
70 
85 
2 
69 
39 
# clone tree 17 objective: 2.76314
0 66 58 56 
56 61 74 
74 99 97 44 88 42 14 
29 75 
14 29 
42 82 34 
75 39 69 77 71 
71 9 91 
16 21 48 
34 45 13 16 
91 79 89 93 64 
19 81 
48 65 19 
96 6 20 22 72 
81 96 
64 2 23 40 50 
72 92 1 
50 36 33 
1 60 4 
40 38 15 
58 63 
22 87 46 
4 43 90 80 
63 57 59 
66 17 51 52 
93 32 
15 35 30 
33 25 76 
52 37 
59 12 
82 24 
36 86 
24 11 
46 18 
87 78 10 
86 3 
37 5 
32 7 
12 27 
80 54 
77 
61 62 
65 98 
54 67 83 
9 85 
92 26 
30 41 
38 47 
11 73 
26 28 
76 55 
88 49 
5 95 
18 53 
73 84 
53 
60 
7 
62 
23 
41 
44 31 
98 94 
25 
28 
3 
89 68 
83 8 
84 
49 70 
27 
20 
47 
51 
97 
21 
17 
6 
90 
43 
94 
57 
99 
10 
8 
67 
95 
31 
13 
55 
68 
35 
78 
79 
45 
70 
85 
2 
69 
39 
# clone tree 18 objective: 2.76314
0 66 58 56 
56 61 74 
74 99 97 44 88 42 14 
29 75 
14 79 29 
42 82 34 
75 77 71 
71 9 91 
16 21 48 
34 16 
91 89 93 64 
19 81 
48 65 19 
96 6 20 22 72 
81 96 
64 23 40 50 
72 92 1 
50 36 33 
1 60 4 
40 38 15 
58 63 
22 87 46 
4 69 43 90 80 
63 57 59 
66 17 51 52 
93 78 32 
15 2 35 30 
33 25 76 
52 37 
59 12 
82 24 
36 86 
24 11 
46 18 
87 10 
86 3 
37 5 
32 7 
12 27 
80 54 
77 67 
61 55 62 
65 98 
54 83 
9 85 
92 26 
30 41 
38 47 
11 73 
26 28 
76 
88 49 
5 95 
18 53 
73 84 
53 
60 
7 
62 
23 
41 
44 31 
98 94 
25 70 
28 68 
3 
89 
83 39 8 
84 
49 
27 
20 
47 
51 
97 
21 
17 
6 
90 
43 13 
94 
57 
99 
10 
8 45 
67 
95 
31 
13 
55 
68 
35 
78 
79 
45 
70 
85 
2 
69 
39 
# clone tree 19 objective: 2.76314
0 66 58 56 
56 61 74 
74 99 97 44 88 42 14 
29 75 
14 29 
42 82 34 
75 77 71 
71 9 91 
16 21 48 
34 16 
91 89 93 64 
19 81 
48 65 19 
96 6 20 22 72 
81 45 96 
64 23 40 50 
72 92 1 
50 36 33 
1 60 4 
40 38 15 
58 31 63 
22 87 46 
4 43 90 80 
63 57 59 
66 17 51 52 
93 78 32 
15 30 
33 25 76 
52 37 
59 12 
82 24 
36 86 
24 11 
46 18 
87 10 
86 3 
37 5 
32 7 
12 27 
80 54 
77 
61 55 62 
65 98 
54 67 83 
9 85 
92 26 
30 41 
38 47 
11 73 
26 28 
76 35 
88 49 
5 95 
18 53 
73 84 
53 
60 
7 
62 
23 
41 79 
44 
98 94 
25 
28 68 
3 
89 
83 8 
84 
49 70 
27 
20 
47 
51 2 
97 69 
21 
17 
6 
90 
43 13 
94 
57 
99 
10 
8 
67 
95 
31 
13 
55 
68 
35 
78 
79 
45 
70 
85 
2 39 
69 
39 
# clone tree 20 objective: 2.76314
0 66 58 56 
56 61 74 
74 99 97 44 88 42 14 
29 75 
14 79 29 
42 82 34 
75 77 71 
71 9 91 
16 21 48 
34 16 
91 89 93 64 
19 81 
48 65 19 
96 6 20 22 72 
81 96 
64 23 40 50 
72 92 1 
50 36 33 
1 60 4 
40 38 15 
58 63 
22 87 46 
4 69 43 90 80 
63 57 59 
66 17 51 52 
93 78 32 
15 2 35 30 
33 25 76 
52 37 
59 12 
82 24 
36 86 
24 11 
46 18 
87 10 
86 3 
37 5 
32 7 
12 27 
80 54 
77 67 
61 55 62 
65 98 
54 83 
9 85 
92 26 
30 41 
38 47 
11 73 
26 28 
76 
88 49 
5 95 
18 53 
73 84 
53 
60 
7 
62 
23 
41 
44 31 
98 94 
25 70 
28 68 
3 
89 
83 8 
84 
49 
27 
20 
47 
51 
97 
21 
17 
6 
90 
43 13 
94 
57 
99 39 
10 
8 45 
67 
95 
31 
13 
55 
68 
35 
78 
79 
45 
70 
85 
2 
69 
39 
# clone tree 21 objective: 2.76314
0 66 58 56 
56 61 74 
74 99 97 44 88 42 14 
29 75 
14 29 
42 82 34 
75 69 77 71 
71 9 91 
16 21 48 
34 45 13 16 
91 79 89 93 64 
19 81 
48 65 19 
96 6 20 22 72 
81 96 
64 2 23 40 50 
72 92 1 
50 36 33 
1 60 4 
40 38 15 
58 63 
22 87 46 
4 43 90 80 
63 57 59 
66 17 51 52 
93 32 
15 35 30 
33 25 76 
52 37 
59 12 
82 24 
36 39 86 
24 11 
46 18 
87 78 10 
86 3 
37 5 
32 7 
12 27 
80 54 
77 
61 62 
65 98 
54 67 83 
9 85 
92 26 
30 41 
38 47 
11 73 
26 28 
76 55 
88 49 
5 95 
18 53 
73 84 
53 
60 
7 
62 
23 
41 
44 31 
98 94 
25 
28 
3 
89 68 
83 8 
84 
49 70 
27 
20 
47 
51 
97 
21 
17 
6 
90 
43 
94 
57 
99 
10 
8 
67 
95 
31 
13 
55 
68 
35 
78 
79 
45 
70 
85 
2 
69 
39 
# clone tree 22 objective: 2.76314
0 66 58 56 
56 61 74 
74 99 97 44 88 42 14 
29 75 
14 79 29 
42 82 34 
75 77 71 
71 9 91 
16 21 48 
34 16 
91 89 93 64 
19 81 
48 65 19 
96 6 20 22 72 
81 96 
64 23 40 50 
72 92 1 
50 36 33 
1 60 4 
40 38 15 
58 63 
22 87 46 
4 69 43 90 80 
63 57 59 
66 17 51 52 
93 78 32 
15 2 35 30 
33 25 76 
52 37 
59 12 
82 24 
36 86 
24 11 
46 18 
87 10 
86 3 
37 5 
32 7 
12 27 
80 54 
77 67 
61 55 62 
65 98 
54 83 
9 85 
92 26 
30 41 
38 47 
11 73 
26 28 
76 
88 49 
5 95 
18 53 
73 84 
53 
60 
7 
62 
23 
41 
44 31 
98 94 
25 70 
28 68 
3 
89 
83 8 
84 
49 
27 
20 
47 
51 
97 
21 
17 
6 
90 39 
43 13 
94 
57 
99 
10 
8 45 
67 
95 
31 
13 
55 
68 
35 
78 
79 
45 
70 
85 
2 
69 
39 
# clone tree 23 objective: 2.76314
0 66 58 56 
56 61 74 
74 99 97 44 88 42 14 
29 75 
14 29 
42 82 34 
75 69 77 71 
71 9 91 
16 21 48 
34 45 13 16 
91 79 89 93 64 
19 81 
48 65 19 
96 6 20 22 72 
81 96 
64 39 2 23 40 50 
72 92 1 
50 36 33 
1 60 4 
40 38 15 
58 63 
22 87 46 
4 43 90 80 
63 57 59 
66 17 51 52 
93 32 
15 35 30 
33 25 76 
52 37 
59 12 
82 24 
36 86 
24 11 
46 18 
87 78 10 
86 3 
37 5 
32 7 
12 27 
80 54 
77 
61 62 
65 98 
54 67 83 
9 85 
92 26 
30 41 
38 47 
11 73 
26 28 
76 55 
88 49 
5 95 
18 53 
73 84 
53 
60 
7 
62 
23 
41 
44 31 
98 94 
25 
28 
3 
89 68 
83 8 
84 
49 70 
27 
20 
47 
51 
97 
21 
17 
6 
90 
43 
94 
57 
99 
10 
8 
67 
95 
31 
13 
55 
68 
35 
78 
79 
45 
70 
85 
2 
69 
39 
# clone tree 24 objective: 2.76314
0 66 58 56 
56 61 74 
74 99 97 44 88 42 14 
29 75 
14 79 29 
42 82 34 
75 77 71 
71 9 91 
16 21 48 
34 16 
91 89 93 64 
19 81 
48 65 19 
96 6 20 22 72 
81 96 
64 23 40 50 
72 92 1 
50 36 33 
1 60 4 
40 38 15 
58 63 
22 87 46 
4 69 43 90 80 
63 57 59 
66 17 51 52 
93 78 32 
15 2 35 30 
33 25 76 
52 37 
59 12 
82 24 
36 86 
24 11 
46 18 
87 10 
86 3 
37 5 
32 7 
12 27 
80 54 
77 67 
61 55 62 
65 98 
54 83 
9 85 
92 26 
30 41 
38 47 
11 73 
26 28 
76 
88 49 
5 95 
18 53 
73 84 
53 
60 
7 39 
62 
23 
41 
44 31 
98 94 
25 70 
28 68 
3 
89 
83 8 
84 
49 
27 
20 
47 
51 
97 
21 
17 
6 
90 
43 13 
94 
57 
99 
10 
8 45 
67 
95 
31 
13 
55 
68 
35 
78 
79 
45 
70 
85 
2 
69 
39 
# clone tree 25 objective: 2.76314
0 66 58 56 
56 61 74 
74 99 97 44 88 42 14 
29 75 
14 29 
42 82 34 
75 77 71 
71 9 91 
16 21 48 
34 16 
91 89 93 64 
19 81 
48 65 19 
96 6 20 22 72 
81 96 
64 23 40 50 
72 92 1 
50 36 33 
1 60 4 
40 38 15 
58 31 63 
22 69 87 46 
4 43 90 80 
63 57 59 
66 17 51 52 
93 78 32 
15 2 30 
33 25 76 
52 37 
59 12 
82 24 
36 86 
24 11 
46 18 
87 10 
86 3 
37 5 
32 7 
12 27 
80 39 54 
77 70 
61 55 62 
65 98 
54 67 83 
9 85 
92 26 
30 41 
38 47 
11 73 
26 28 
76 35 
88 49 
5 95 
18 53 
73 84 
53 
60 
7 
62 
23 
41 79 
44 
98 94 
25 
28 68 
3 
89 45 
83 8 
84 
49 
27 
20 
47 
51 
97 
21 
17 
6 
90 
43 13 
94 
57 
99 
10 
8 
67 
95 
31 
13 
55 
68 
35 
78 
79 
45 
70 
85 
2 
69 
39 
# clone tree 26 objective: 2.76314
0 66 58 56 
56 61 74 
74 99 97 44 88 42 14 
29 75 
14 29 
42 82 34 
75 69 77 71 
71 9 91 
16 21 48 
34 13 16 
91 89 93 64 
19 81 
48 65 19 
96 6 20 22 72 
81 45 96 
64 23 40 50 
72 92 1 
50 36 33 
1 60 4 
40 38 15 
58 63 
22 87 46 
4 43 90 80 
63 57 59 
66 17 51 52 
93 78 35 32 
15 30 
33 25 76 
52 37 
59 12 
82 24 
36 86 
24 11 
46 18 
87 55 10 
86 2 3 
37 5 
32 39 7 
12 27 
80 54 
77 67 
61 62 
65 98 
54 70 83 
9 85 
92 26 
30 41 
38 47 
11 73 
26 28 
76 
88 49 
5 95 
18 53 
73 84 
53 
60 
7 
62 
23 
41 79 
44 
98 94 
25 31 
28 
3 
89 68 
83 8 
84 
49 
27 
20 
47 
51 
97 
21 
17 
6 
90 
43 
94 
57 
99 
10 
8 
67 
95 
31 
13 
55 
68 
35 
78 
79 
45 
70 
85 
2 
69 
39 
# clone tree 27 objective: 2.76314
0 66 58 56 
56 61 74 
74 99 97 44 88 42 14 
29 75 
14 29 
42 82 34 
75 77 71 
71 9 91 
16 21 48 
34 16 
91 89 93 64 
19 81 
48 65 19 
96 6 20 22 72 
81 96 
64 23 40 50 
72 79 92 1 
50 36 33 
1 60 4 
40 39 38 15 
58 31 63 
22 87 46 
4 43 90 80 
63 57 59 
66 17 51 52 
93 45 78 32 
15 30 
33 25 76 
52 37 
59 12 
82 2 24 
36 86 
24 11 
46 18 
87 10 
86 3 
37 69 5 
32 7 
12 27 
80 54 
77 
61 55 62 
65 98 
54 67 83 
9 85 
92 26 
30 41 
38 47 
11 73 
26 28 
76 35 
88 49 
5 95 
18 53 
73 84 
53 
60 
7 
62 
23 
41 
44 
98 94 
25 70 
28 68 
3 
89 
83 8 
84 
49 
27 
20 
47 
51 
97 
21 
17 
6 
90 
43 13 
94 
57 
99 
10 
8 
67 
95 
31 
13 
55 
68 
35 
78 
79 
45 
70 
85 
2 
69 
39 
# clone tree 28 objective: 2.76314
0 66 58 56 
56 61 74 
74 99 97 44 88 42 14 
29 2 75 
14 29 
42 82 34 
75 69 77 71 
71 9 91 
16 21 48 
34 13 16 
91 79 89 93 64 
19 81 
48 65 19 
96 6 20 22 72 
81 96 
64 23 40 50 
72 92 1 
50 36 33 
1 60 4 
40 38 15 
58 63 
22 87 46 
4 43 90 80 
63 57 59 
66 17 51 52 
93 78 35 32 
15 45 30 
33 25 76 
52 37 
59 12 
82 24 
36 86 
24 11 
46 18 
87 55 10 
86 3 
37 5 
32 7 
12 27 
80 54 
77 67 
61 62 
65 98 
54 83 
9 85 
92 26 
30 41 
38 47 
11 73 
26 28 
76 
88 49 
5 95 
18 53 
73 84 
53 
60 
7 
62 
23 
41 
44 
98 94 
25 39 31 
28 
3 
89 68 
83 8 
84 
49 70 
27 
20 
47 
51 
97 
21 
17 
6 
90 
43 
94 
57 
99 
10 
8 
67 
95 
31 
13 
55 
68 
35 
78 
79 
45 
70 
85 
2 
69 
39 
# clone tree 29 objective: 2.76314
0 66 58 56 
56 61 74 
74 99 97 44 88 42 14 
29 75 
14 79 29 
42 82 34 
75 77 71 
71 9 91 
16 21 48 
34 16 
91 89 93 64 
19 81 
48 65 19 
96 6 20 22 72 
81 96 
64 23 40 50 
72 92 1 
50 36 33 
1 60 4 
40 38 15 
58 63 
22 87 46 
4 43 90 80 
63 57 59 
66 17 51 52 
93 78 32 
15 35 30 
33 25 76 
52 37 
59 12 
82 2 24 
36 86 
24 11 
46 18 
87 10 
86 3 
37 5 
32 7 
12 27 
80 54 
77 67 
61 55 62 
65 39 98 
54 70 83 
9 85 
92 26 
30 41 
38 47 
11 73 
26 28 
76 
88 49 
5 95 
18 53 
73 84 
53 
60 
7 
62 
23 
41 
44 31 
98 94 
25 
28 68 
3 
89 
83 8 
84 
49 
27 
20 
47 
51 
97 69 
21 
17 
6 
90 
43 13 
94 
57 
99 
10 
8 45 
67 
95 
31 
13 
55 
68 
35 
78 
79 
45 
70 
85 
2 
69 
39 
# clone tree 30 objective: 2.76314
0 66 58 56 
56 61 74 
74 99 97 44 88 42 14 
29 75 
14 29 
42 82 34 
75 77 71 
71 9 91 
16 21 48 
34 35 16 
91 79 89 93 64 
19 81 
48 65 19 
96 6 20 22 72 
81 96 
64 23 40 50 
72 68 92 1 
50 36 33 
1 60 4 
40 38 15 
58 63 
22 87 46 
4 43 90 80 
63 69 57 59 
66 17 51 52 
93 78 32 
15 30 
33 25 76 
52 37 
59 12 
82 2 24 
36 86 
24 11 
46 18 
87 10 
86 3 
37 5 
32 7 
12 27 
80 54 
77 67 
61 55 62 
65 98 
54 70 83 
9 85 
92 26 
30 41 
38 47 
11 39 73 
26 28 
76 
88 49 
5 95 
18 53 
73 84 
53 
60 
7 
62 
23 
41 
44 31 
98 94 
25 
28 
3 
89 
83 8 
84 
49 
27 
20 
47 
51 
97 
21 
17 
6 
90 
43 13 
94 
57 
99 
10 
8 45 
67 
95 
31 
13 
55 
68 
35 
78 
79 
45 
70 
85 
2 
69 
39 
# clone tree 31 objective: 2.76314
0 66 58 56 
56 61 74 
74 99 97 44 88 42 14 
29 75 
14 29 
42 82 34 
75 77 71 
71 9 91 
16 21 48 
34 35 16 
91 79 89 93 64 
19 81 
48 65 19 
96 6 20 22 72 
81 96 
64 23 40 50 
72 68 92 1 
50 36 33 
1 60 4 
40 38 15 
58 63 
22 87 46 
4 43 90 80 
63 57 59 
66 17 51 52 
93 78 32 
15 30 
33 25 76 
52 39 37 
59 12 
82 2 24 
36 86 
24 11 
46 18 
87 10 
86 3 
37 69 5 
32 7 
12 27 
80 54 
77 67 
61 55 62 
65 98 
54 70 83 
9 85 
92 26 
30 41 
38 47 
11 73 
26 28 
76 
88 49 
5 95 
18 53 
73 84 
53 
60 
7 
62 
23 
41 
44 31 
98 94 
25 
28 
3 
89 
83 8 
84 
49 
27 
20 
47 
51 
97 
21 
17 
6 
90 
43 13 
94 
57 
99 
10 
8 45 
67 
95 
31 
13 
55 
68 
35 
78 
79 
45 
70 
85 
2 
69 
39 
# clone tree 32 objective: 2.76314
0 66 58 56 
56 61 74 
74 99 97 44 88 42 14 
29 75 
14 29 
42 82 34 
75 69 77 71 
71 9 91 
16 21 48 
34 45 13 16 
91 79 89 93 64 
19 81 
48 65 19 
96 6 20 22 72 
81 96 
64 2 23 40 50 
72 92 1 
50 36 33 
1 60 4 
40 38 15 
58 63 
22 87 46 
4 43 90 80 
63 57 59 
66 17 51 52 
93 32 
15 35 30 
33 25 76 
52 37 
59 12 
82 24 
36 86 
24 11 
46 18 
87 78 10 
86 3 
37 5 
32 7 
12 27 
80 54 
77 
61 62 
65 98 
54 67 83 
9 85 
92 26 
30 41 
38 47 
11 73 
26 28 
76 55 
88 49 
5 95 
18 53 
73 84 
53 
60 
7 
62 
23 
41 
44 31 
98 94 
25 
28 
3 
89 68 
83 8 
84 
49 70 
27 
20 
47 
51 
97 
21 
17 
6 
90 
43 
94 39 
57 
99 
10 
8 
67 
95 
31 
13 
55 
68 
35 
78 
79 
45 
70 
85 
2 
69 
39 
# clone tree 33 objective: 2.76314
0 66 58 56 
56 61 74 
74 99 97 44 88 42 14 
29 75 
14 29 
42 82 34 
75 77 71 
71 9 91 
16 21 48 
34 16 
91 89 93 64 
19 81 
48 65 19 
96 6 20 22 72 
81 96 
64 23 40 50 
72 92 1 
50 36 33 
1 60 4 
40 2 38 15 
58 31 63 
22 87 46 
4 43 90 80 
63 57 59 
66 17 51 52 
93 78 32 
15 30 
33 25 76 
52 37 
59 12 
82 24 
36 86 
24 11 
46 18 
87 10 
86 3 
37 5 
32 7 
12 27 
80 54 
77 
61 55 62 
65 98 
54 67 83 
9 85 
92 26 
30 41 
38 47 
11 73 
26 28 
76 35 
88 49 
5 95 
18 53 
73 84 
53 39 
60 
7 
62 
23 
41 79 
44 
98 94 
25 70 
28 68 
3 
89 45 
83 8 
84 
49 
27 69 
20 
47 
51 
97 
21 
17 
6 
90 
43 13 
94 
57 
99 
10 
8 
67 
95 
31 
13 
55 
68 
35 
78 
79 
45 
70 
85 
2 
69 
39 
# clone tree 34 objective: 2.76314
0 66 58 56 
56 61 74 
74 99 97 44 88 42 14 
29 75 
14 29 
42 82 34 
75 77 71 
71 9 91 
16 21 48 
34 35 16 
91 89 93 64 
19 81 
48 65 19 
96 6 20 22 72 
81 96 
64 23 40 50 
72 68 92 1 
50 36 33 
1 60 4 
40 2 38 15 
58 63 
22 87 46 
4 43 90 80 
63 57 59 
66 17 51 52 
93 32 
15 45 30 
33 25 76 
52 37 
59 12 
82 24 
36 86 
24 11 
46 18 
87 78 10 
86 3 
37 69 5 
32 7 
12 27 
80 54 
77 67 
61 55 62 
65 98 
54 83 
9 85 
92 26 
30 41 
38 47 
11 73 
26 39 28 
76 
88 49 
5 95 
18 53 
73 84 
53 
60 
7 
62 
23 
41 
44 31 
98 94 
25 
28 
3 
89 
83 8 
84 
49 70 
27 
20 
47 
51 
97 
21 
17 
6 79 
90 
43 13 
94 
57 
99 
10 
8 
67 
95 
31 
13 
55 
68 
35 
78 
79 
45 
70 
85 
2 
69 
39 
# clone tree 35 objective: 2.76314
0 66 58 56 
56 61 74 
74 99 97 44 88 42 14 
29 75 
14 29 
42 82 34 
75 77 71 
71 9 91 
16 21 48 
34 13 16 
91 79 89 93 64 
19 81 
48 65 19 
96 6 20 22 72 
81 45 96 
64 23 40 50 
72 92 1 
50 36 33 
1 60 4 
40 38 15 
58 63 
22 87 46 
4 43 90 80 
63 57 59 
66 17 51 52 
93 78 35 32 
15 30 
33 39 25 76 
52 37 
59 12 
82 2 24 
36 86 
24 11 
46 18 
87 55 10 
86 3 
37 5 
32 7 
12 27 
80 54 
77 67 
61 62 
65 98 
54 83 
9 85 
92 26 
30 41 
38 47 
11 73 
26 28 
76 
88 49 
5 
18 53 
73 84 
53 
60 
7 
62 
23 
41 
44 31 
98 94 
25 
28 95 
3 
89 68 
83 8 
84 
49 70 
27 
20 
47 
51 
97 
21 
17 
6 
90 69 
43 
94 
57 
99 
10 
8 
67 
95 
31 
13 
55 
68 
35 
78 
79 
45 
70 
85 
2 
69 
39 
# clone tree 36 objective: 2.76314
0 66 58 56 
56 61 74 
74 99 97 44 88 42 14 
29 75 
14 29 
42 82 34 
75 77 71 
71 9 91 
16 21 48 
34 45 16 
91 89 93 64 
19 81 
48 65 19 
96 6 20 22 72 
81 2 96 
64 23 40 50 
72 92 1 
50 36 33 
1 60 4 
40 38 15 
58 31 63 
22 87 46 
4 43 90 80 
63 57 59 
66 17 51 52 
93 78 32 
15 30 
33 25 76 
52 37 
59 12 
82 24 
36 86 
24 11 
46 18 
87 10 
86 3 
37 5 
32 7 
12 27 
80 54 
77 
61 55 62 
65 98 
54 67 83 
9 85 
92 26 
30 41 
38 47 
11 73 
26 28 
76 35 
88 49 
5 95 
18 53 
73 84 
53 
60 
7 
62 
23 69 
41 
44 
98 94 
25 
28 68 
3 
89 
83 8 
84 
49 70 
27 
20 
47 
51 
97 
21 
17 
6 79 
90 
43 13 
94 
57 
99 
10 
8 
67 
95 
31 
13 
55 
68 
35 
78 39 
79 
45 
70 
85 
2 
69 
39 
# clone tree 37 objective: 2.76314
0 66 58 56 
56 61 74 
74 99 97 44 88 42 14 
29 75 
14 29 
42 82 34 
75 69 77 71 
71 9 91 
16 21 48 
34 45 13 16 
91 79 89 93 64 
19 81 
48 65 19 
96 6 20 22 72 
81 96 
64 2 23 40 50 
72 92 1 
50 36 33 
1 60 4 
40 38 15 
58 63 
22 87 46 
4 43 90 80 
63 57 59 
66 17 51 52 
93 32 
15 35 30 
33 25 76 
52 37 
59 12 
82 24 
36 86 
24 11 
46 18 
87 78 10 
86 3 
37 5 
32 7 
12 27 
80 54 
77 
61 62 
65 98 
54 39 67 83 
9 85 
92 26 
30 41 
38 47 
11 73 
26 28 
76 55 
88 49 
5 95 
18 53 
73 84 
53 
60 
7 
62 
23 
41 
44 31 
98 94 
25 
28 
3 
89 68 
83 8 
84 
49 70 
27 
20 
47 
51 
97 
21 
17 
6 
90 
43 
94 
57 
99 
10 
8 
67 
95 
31 
13 
55 
68 
35 
78 
79 
45 
70 
85 
2 
69 
39 
# clone tree 38 objective: 2.76314
0 66 58 56 
56 39 61 74 
74 99 97 44 88 42 14 
29 75 
14 29 
42 82 34 
75 77 71 
71 9 91 
16 21 48 
34 13 16 
91 89 93 64 
19 81 
48 65 19 
96 6 20 22 72 
81 2 96 
64 23 40 50 
72 92 1 
50 36 33 
1 60 4 
40 38 15 
58 63 
22 87 46 
4 69 43 90 80 
63 57 59 
66 17 51 52 
93 78 35 32 
15 45 30 
33 25 76 
52 37 
59 12 
82 24 
36 86 
24 11 
46 18 
87 55 10 
86 3 
37 5 
32 7 
12 27 
80 54 
77 67 
61 62 
65 98 
54 83 
9 85 
92 26 
30 41 
38 47 
11 73 
26 28 
76 
88 49 
5 95 
18 53 
73 84 
53 
60 
7 
62 
23 
41 
44 
98 94 
25 31 
28 
3 
89 68 
83 8 
84 
49 70 
27 
20 
47 
51 
97 
21 
17 
6 79 
90 
43 
94 
57 
99 
10 
8 
67 
95 
31 
13 
55 
68 
35 
78 
79 
45 
70 
85 
2 
69 
39 
# clone tree 39 objective: 2.76314
0 66 58 56 
56 61 74 
74 99 97 44 88 42 14 
29 75 
14 29 
42 82 34 
75 77 71 
71 9 91 
16 21 48 
34 16 
91 89 93 64 
19 81 
48 65 19 
96 6 20 22 72 
81 96 
64 23 40 50 
72 79 92 1 
50 36 33 
1 60 4 
40 38 15 
58 31 63 
22 87 46 
4 43 90 80 
63 57 59 
66 17 51 52 
93 45 78 32 
15 30 
33 25 76 
52 37 
59 12 
82 2 24 
36 86 
24 11 
46 18 
87 10 
86 3 
37 5 
32 7 
12 27 
80 54 
77 
61 55 62 
65 98 
54 67 83 
9 85 
92 26 
30 41 
38 47 
11 73 
26 28 
76 35 
88 49 
5 95 
18 53 
73 84 
53 
60 
7 
62 
23 
41 39 
44 
98 94 
25 70 
28 68 
3 
89 
83 8 
84 
49 
27 
20 
47 
51 
97 69 
21 
17 
6 
90 
43 13 
94 
57 
99 
10 
8 
67 
95 
31 
13 
55 
68 
35 
78 
79 
45 
70 
85 
2 
69 
39 
# clone tree 40 objective: 2.76314
0 66 58 56 
56 61 74 
74 99 97 44 88 42 14 
29 75 
14 29 
42 82 34 
75 39 77 71 
71 9 91 
16 21 48 
34 13 16 
91 89 93 64 
19 81 
48 65 19 
96 6 20 22 72 
81 2 96 
64 23 40 50 
72 92 1 
50 36 33 
1 60 4 
40 38 15 
58 63 
22 87 46 
4 43 90 80 
63 57 59 
66 17 51 52 
93 78 35 32 
15 45 30 
33 25 76 
52 37 
59 12 
82 24 
36 86 
24 11 
46 18 
87 55 10 
86 3 
37 5 
32 7 
12 27 
80 54 
77 67 
61 62 
65 98 
54 69 83 
9 85 
92 26 
30 41 
38 47 
11 73 
26 28 
76 
88 49 
5 95 
18 53 
73 84 
53 
60 
7 
62 
23 
41 
44 
98 94 
25 31 
28 
3 
89 68 
83 8 
84 
49 70 
27 
20 
47 
51 
97 
21 
17 
6 79 
90 
43 
94 
57 
99 
10 
8 
67 
95 
31 
13 
55 
68 
35 
78 
79 
45 
70 
85 
2 
69 
39 
# clone tree 41 objective: 2.76314
0 66 58 56 
56 39 61 74 
74 99 97 44 88 42 14 
29 75 
14 29 
42 82 34 
75 77 71 
71 9 91 
16 21 48 
34 16 
91 89 93 64 
19 81 
48 65 19 
96 6 20 22 72 
81 96 
64 23 40 50 
72 92 1 
50 36 33 
1 60 4 
40 38 15 
58 31 63 
22 87 46 
4 43 90 80 
63 69 57 59 
66 17 51 52 
93 78 32 
15 2 30 
33 25 76 
52 37 
59 12 
82 24 
36 86 
24 11 
46 18 
87 10 
86 3 
37 5 
32 7 
12 27 
80 54 
77 
61 55 62 
65 98 
54 67 83 
9 85 
92 26 
30 41 
38 47 
11 73 
26 28 
76 35 
88 49 
5 95 
18 53 
73 84 
53 
60 
7 
62 
23 
41 79 
44 
98 94 
25 
28 68 
3 
89 45 
83 8 
84 
49 70 
27 
20 
47 
51 
97 
21 
17 
6 
90 
43 13 
94 
57 
99 
10 
8 
67 
95 
31 
13 
55 
68 
35 
78 
79 
45 
70 
85 
2 
69 
39 
# clone tree 42 objective: 2.76314
0 66 58 56 
56 61 74 
74 99 97 44 88 42 14 
29 75 
14 29 
42 82 34 
75 69 77 71 
71 9 91 
16 21 48 
34 45 13 16 
91 79 89 93 64 
19 81 
48 65 19 
96 6 20 22 72 
81 96 
64 2 23 40 50 
72 92 1 
50 36 33 
1 60 4 
40 38 15 
58 63 
22 87 46 
4 43 90 80 
63 57 59 
66 17 51 52 
93 32 
15 35 30 
33 25 76 
52 39 37 
59 12 
82 24 
36 86 
24 11 
46 18 
87 78 10 
86 3 
37 5 
32 7 
12 27 
80 54 
77 
61 62 
65 98 
54 67 83 
9 85 
92 26 
30 41 
38 47 
11 73 
26 28 
76 55 
88 49 
5 95 
18 53 
73 84 
53 
60 
7 
62 
23 
41 
44 31 
98 94 
25 
28 
3 
89 68 
83 8 
84 
49 70 
27 
20 
47 
51 
97 
21 
17 
6 
90 
43 
94 
57 
99 
10 
8 
67 
95 
31 
13 
55 
68 
35 
78 
79 
45 
70 
85 
2 
69 
39 
# clone tree 43 objective: 2.76314
0 66 58 56 
56 61 74 
74 99 97 44 88 42 14 
29 75 
14 29 
42 82 34 
75 77 71 
71 9 91 
16 69 21 48 
34 13 16 
91 79 89 93 64 
19 81 
48 65 19 
96 6 20 22 72 
81 45 96 
64 23 40 50 
72 92 1 
50 36 33 
1 60 4 
40 38 15 
58 63 
22 87 46 
4 43 90 80 
63 57 59 
66 17 51 52 
93 78 35 32 
15 30 
33 25 76 
52 37 
59 12 
82 2 24 
36 86 
24 11 
46 18 
87 55 10 
86 3 
37 5 
32 7 
12 27 
80 54 
77 67 
61 62 
65 98 
54 83 
9 85 
92 26 
30 41 
38 47 
11 73 
26 28 
76 
88 49 
5 
18 53 
73 84 
53 
60 
7 
62 
23 
41 
44 31 
98 94 
25 39 
28 95 
3 
89 68 
83 8 
84 
49 70 
27 
20 
47 
51 
97 
21 
17 
6 
90 
43 
94 
57 
99 
10 
8 
67 
95 
31 
13 
55 
68 
35 
78 
79 
45 
70 
85 
2 
69 
39 
# clone tree 44 objective: 2.76314
0 66 58 56 
56 61 74 
74 99 97 44 88 42 14 
29 75 
14 79 29 
42 82 34 
75 77 71 
71 9 91 
16 69 21 48 
34 16 
91 89 93 64 
19 81 
48 65 19 
96 6 20 22 72 
81 45 96 
64 23 40 50 
72 92 1 
50 36 33 
1 60 4 
40 38 15 
58 63 
22 87 46 
4 43 90 80 
63 57 59 
66 17 51 52 
93 78 32 
15 2 35 30 
33 25 76 
52 37 
59 12 
82 24 
36 86 
24 11 
46 18 
87 10 
86 3 
37 5 
32 7 
12 27 
80 54 
77 67 
61 39 55 62 
65 98 
54 70 83 
9 85 
92 26 
30 41 
38 47 
11 73 
26 28 
76 
88 49 
5 95 
18 53 
73 84 
53 
60 
7 
62 
23 
41 
44 31 
98 94 
25 
28 68 
3 
89 
83 8 
84 
49 
27 
20 
47 
51 
97 
21 
17 
6 
90 
43 13 
94 
57 
99 
10 
8 
67 
95 
31 
13 
55 
68 
35 
78 
79 
45 
70 
85 
2 
69 
39 
# clone tree 45 objective: 2.76314
0 66 58 56 
56 61 74 
74 99 97 44 88 42 14 
29 75 
14 29 
42 82 34 
75 77 71 
71 9 91 
16 21 48 
34 35 16 
91 79 89 93 64 
19 81 
48 65 19 
96 6 20 22 72 
81 96 
64 23 40 50 
72 68 92 1 
50 36 33 
1 60 4 
40 38 15 
58 63 
22 87 46 
4 43 90 80 
63 57 59 
66 17 51 52 
93 78 32 
15 30 
33 25 76 
52 37 
59 12 
82 2 24 
36 86 
24 11 
46 18 
87 10 
86 3 
37 5 
32 7 
12 27 
80 54 
77 67 
61 55 62 
65 98 
54 70 83 
9 85 
92 26 
30 41 
38 47 
11 73 
26 28 
76 
88 49 
5 95 
18 53 
73 84 
53 
60 
7 
62 
23 
41 
44 39 31 
98 94 
25 
28 
3 
89 
83 8 
84 
49 
27 
20 
47 
51 
97 
21 
17 
6 
90 69 
43 13 
94 
57 
99 
10 
8 45 
67 
95 
31 
13 
55 
68 
35 
78 
79 
45 
70 
85 
2 
69 
39 
# clone tree 46 objective: 2.76314
0 66 58 56 
56 61 74 
74 99 97 44 88 42 14 
29 75 
14 29 
42 82 34 
75 77 71 
71 9 91 
16 21 48 
34 16 
91 89 93 64 
19 81 
48 65 19 
96 6 20 22 72 
81 96 
64 23 40 50 
72 39 92 1 
50 36 33 
1 60 4 
40 38 15 
58 31 63 
22 87 46 
4 43 90 80 
63 69 57 59 
66 17 51 52 
93 78 32 
15 30 
33 25 76 
52 37 
59 12 
82 2 24 
36 86 
24 11 
46 18 
87 10 
86 3 
37 5 
32 7 
12 27 
80 54 
77 70 
61 55 62 
65 98 
54 67 83 
9 85 
92 26 
30 41 
38 47 
11 73 
26 28 
76 35 
88 49 
5 95 
18 53 
73 84 
53 
60 
7 
62 
23 
41 79 
44 
98 94 
25 
28 68 
3 
89 45 
83 8 
84 
49 
27 
20 
47 
51 
97 
21 
17 
6 
90 
43 13 
94 
57 
99 
10 
8 
67 
95 
31 
13 
55 
68 
35 
78 
79 
45 
70 
85 
2 
69 
39 
# clone tree 47 objective: 2.76314
0 66 58 56 
56 61 74 
74 99 97 44 88 42 14 
29 75 
14 29 
42 82 34 
75 77 71 
71 9 91 
16 21 48 
34 16 
91 89 93 64 
19 81 
48 65 19 
96 6 20 22 72 
81 96 
64 23 40 50 
72 79 92 1 
50 36 33 
1 60 4 
40 38 15 
58 31 63 
22 87 46 
4 43 90 80 
63 39 57 59 
66 17 51 52 
93 45 78 32 
15 30 
33 25 76 
52 37 
59 12 
82 2 24 
36 86 
24 11 
46 18 
87 10 
86 3 
37 5 
32 7 
12 27 
80 54 
77 
61 55 62 
65 98 
54 67 83 
9 85 
92 26 
30 41 
38 47 
11 73 
26 28 
76 35 
88 49 
5 95 
18 53 
73 84 
53 
60 
7 
62 
23 
41 
44 
98 94 
25 70 
28 68 
3 
89 
83 8 
84 
49 
27 
20 
47 
51 
97 69 
21 
17 
6 
90 
43 13 
94 
57 
99 
10 
8 
67 
95 
31 
13 
55 
68 
35 
78 
79 
45 
70 
85 
2 
69 
39 
# clone tree 48 objective: 2.76314
0 66 58 56 
56 61 74 
74 99 97 44 88 42 14 
29 75 
14 29 
42 82 34 
75 77 71 
71 9 91 
16 21 48 
34 16 
91 89 93 64 
19 81 
48 65 19 
96 6 20 22 72 
81 96 
64 23 40 50 
72 92 1 
50 36 33 
1 60 4 
40 38 15 
58 31 63 
22 87 46 
4 43 90 80 
63 69 57 59 
66 17 51 52 
93 78 32 
15 30 
33 25 76 
52 37 
59 12 
82 2 24 
36 86 
24 11 
46 18 
87 10 
86 3 
37 5 
32 7 
12 27 
80 54 
77 70 
61 55 62 
65 98 
54 67 83 
9 85 
92 26 
30 41 
38 47 
11 73 
26 28 
76 35 
88 49 
5 95 
18 53 
73 84 
53 
60 
7 
62 
23 39 
41 79 
44 
98 94 
25 
28 68 
3 
89 45 
83 8 
84 
49 
27 
20 
47 
51 
97 
21 
17 
6 
90 
43 13 
94 
57 
99 
10 
8 
67 
95 
31 
13 
55 
68 
35 
78 
79 
45 
70 
85 
2 
69 
39 
# clone tree 49 objective: 2.76314
0 66 58 56 
56 61 74 
74 99 97 44 88 42 14 
29 2 75 
14 29 
42 82 34 
75 77 71 
71 9 91 
16 21 48 
34 13 16 
91 79 89 93 64 
19 81 
48 65 19 
96 6 20 22 72 
81 96 
64 23 40 50 
72 92 1 
50 36 33 
1 60 4 
40 38 15 
58 63 
22 87 46 
4 43 90 80 
63 57 59 
66 17 51 52 
93 78 35 32 
15 45 30 
33 25 76 
52 39 37 
59 12 
82 24 
36 86 
24 11 
46 18 
87 55 10 
86 3 
37 5 
32 7 
12 27 
80 54 
77 67 
61 62 
65 98 
54 83 
9 85 
92 26 
30 41 
38 47 
11 73 
26 28 
76 
88 49 
5 95 
18 53 
73 84 
53 
60 
7 
62 
23 69 
41 
44 
98 94 
25 31 
28 
3 
89 68 
83 8 
84 
49 70 
27 
20 
47 
51 
97 
21 
17 
6 
90 
43 
94 
57 
99 
10 
8 
67 
95 
31 
13 
55 
68 
35 
78 
79 
45 
70 
85 
2 
69 
39 
