0 58 31 
31 9 
9 84 78 
78 80 1 4 
4 51 87 11 50 
50 79 12 
12 48 56 
56 25 67 52 
86 76 59 10 
52 35 97 86 
67 83 13 
10 47 96 88 63 81 
13 57 
57 55 
81 71 16 
59 41 
55 15 91 72 
21 38 3 
41 64 85 
72 17 
48 21 
76 39 92 74 
85 94 36 33 
17 19 
3 69 43 60 
16 27 90 
33 75 
11 28 
1 30 
79 82 20 40 62 
83 61 
65 14 93 
19 65 
30 54 26 
28 44 
61 22 24 
32 53 46 
75 32 
90 34 
26 6 18 
60 29 
74 37 
71 68 
80 77 
25 95 
45 89 
62 45 
77 73 
84 
87 98 5 
34 
93 2 
63 
51 
27 23 
95 
92 
37 
88 
46 8 
44 99 
89 
73 
29 7 
5 
53 
43 
8 
68 
99 
23 
64 
38 
18 
58 66 
39 
14 
7 
96 
24 
97 
22 
91 
54 49 
36 
40 
94 
2 
98 
20 
6 
66 42 
82 
69 
35 
15 
49 
42 
47 70 
70 
