0 17 71 85 
85 44 1 49 74 47 
47 97 5 
5 65 59 
59 20 26 
26 18 66 53 
53 68 40 36 
36 80 29 91 48 
48 15 31 60 
20 35 
35 57 
62 50 
60 62 
50 28 
57 8 64 98 4 
28 67 
67 94 24 
4 61 
6 19 
81 22 
91 81 
24 6 
61 89 2 
22 39 79 77 
2 87 41 
45 76 
41 45 
19 37 
71 51 83 
83 43 52 
77 93 13 
13 21 
76 16 
74 34 84 95 
16 82 
21 63 25 
65 12 30 
52 42 73 
37 72 
82 58 
40 75 
73 70 
49 54 
66 46 86 
25 88 
72 7 
11 96 
58 11 
75 55 
88 38 
86 14 
70 32 
87 
18 
1 
32 
31 23 
54 
55 
7 10 
30 
38 3 
89 69 
97 
96 
15 33 
95 99 
10 27 
94 90 
3 92 
43 
29 56 
51 
12 
17 
98 
79 
84 9 
14 
64 
93 
68 
34 
90 
23 
46 78 
39 
42 
44 
63 
80 
33 
27 
99 
78 
69 
56 
8 
9 
92 
