# clone tree 0 objective: 4.44806
0 84 64 
64 73 24 18 
18 70 55 
55 80 88 
88 42 60 
60 19 75 
75 53 16 33 
33 3 9 
9 50 48 
48 49 36 37 32 
32 71 29 
29 68 39 
39 31 78 56 
56 72 81 21 
21 13 91 
37 23 30 
30 62 44 
91 57 54 
44 90 
90 74 
54 58 95 
36 26 
13 34 4 63 
74 85 66 
94 20 
81 59 14 
95 94 
43 79 
26 43 
79 7 
66 10 
20 96 
14 99 38 
7 28 
24 65 92 
16 15 2 
28 1 
10 46 
62 61 
85 69 
61 89 
63 51 
19 52 
2 67 87 
51 22 
69 76 
96 93 
22 27 
80 5 
46 8 
38 
78 
1 11 
72 
49 86 
71 77 
59 
52 97 
77 12 
89 83 
23 6 
92 
3 40 
87 
65 45 
93 
4 
68 
86 41 
76 47 
35 
84 
83 82 
40 35 
57 
5 98 
41 
53 
27 
97 
12 
6 
34 17 
11 
47 
98 
17 
73 
8 
99 
82 
31 
70 
45 
50 
15 
58 
42 25 
67 
25 
# clone tree 1 objective: 4.44806
0 84 64 
64 73 24 18 
18 70 55 
55 80 88 
88 25 60 
60 42 19 75 
75 53 16 33 
33 3 9 
9 50 48 
48 49 36 37 32 
32 71 29 
29 68 39 
39 31 78 56 
56 72 81 21 
21 13 91 
37 23 30 
30 62 44 
91 58 57 54 
44 90 
90 74 
54 95 
36 26 
13 34 4 63 
74 85 66 
94 20 
81 67 59 14 
95 94 
43 79 
26 43 
79 7 
66 10 
20 96 
14 99 38 
7 28 
24 65 92 
16 15 2 
28 1 
10 46 
62 61 
85 69 
61 89 
63 51 
19 52 
2 87 
51 22 
69 76 
96 93 
22 27 
80 5 
46 8 
38 
78 
1 11 
72 
49 86 
71 77 
59 
52 97 
77 12 
89 83 
23 6 
92 
3 40 
87 
65 45 
93 
4 
68 
86 41 
76 47 
35 
84 
83 82 
40 35 
57 
5 98 
41 
53 
27 
97 
12 
6 
34 17 
11 
47 
98 
17 
73 
8 
99 
82 
31 
70 
45 
50 
15 
58 
42 
67 
25 
# clone tree 2 objective: 4.44806
0 84 64 
64 73 24 18 
18 70 55 
55 80 88 
88 60 
60 42 19 75 
75 53 16 33 
33 3 9 
9 50 48 
48 49 36 37 32 
32 71 29 
29 68 39 
39 31 78 56 
56 72 81 21 
21 13 91 
37 23 30 
30 62 44 
91 58 57 54 
44 90 
90 74 
54 95 
36 26 
13 34 4 63 
74 85 66 
94 20 
81 59 14 
95 94 
43 79 
26 43 
79 7 
66 10 
20 96 
14 99 38 
7 28 
24 65 92 
16 15 2 
28 1 
10 46 
62 61 
85 69 
61 67 89 
63 51 
19 52 
2 87 
51 22 
69 76 
96 93 
22 27 
80 5 
46 8 
38 
78 
1 11 
72 
49 86 
71 77 
59 
52 97 
77 12 
89 83 
23 6 
92 
3 40 
87 
65 45 
93 
4 
68 
86 41 
76 47 
35 
84 
83 82 
40 35 
57 
5 98 
41 
53 
27 
97 
12 
6 
34 17 
11 
47 
98 
17 
73 25 
8 
99 
82 
31 
70 
45 
50 
15 
58 
42 
67 
25 
# clone tree 3 objective: 4.44806
0 84 64 
64 73 24 18 
18 70 55 
55 80 88 
88 42 60 
60 19 75 
75 53 16 33 
33 3 9 
9 50 48 
48 49 36 37 32 
32 71 29 
29 68 39 
39 31 78 56 
56 72 81 21 
21 13 91 
37 23 30 
30 62 44 
91 57 54 
44 90 
90 74 
54 58 95 
36 26 
13 34 4 63 
74 85 66 
94 20 
81 59 14 
95 94 
43 79 
26 43 
79 7 
66 10 
20 96 
14 99 38 
7 28 
24 65 92 
16 15 2 
28 1 
10 46 
62 61 
85 69 
61 89 
63 51 
19 52 
2 25 87 
51 22 
69 76 
96 93 
22 27 
80 5 
46 8 
38 
78 
1 11 
72 
49 86 
71 77 
59 
52 97 
77 12 
89 83 
23 6 
92 
3 40 
87 
65 45 
93 
4 
68 
86 41 
76 47 
35 
84 
83 82 
40 35 
57 67 
5 98 
41 
53 
27 
97 
12 
6 
34 17 
11 
47 
98 
17 
73 
8 
99 
82 
31 
70 
45 
50 
15 
58 
42 
67 
25 
# clone tree 4 objective: 4.44806
0 84 64 
64 73 24 18 
18 70 55 
55 80 88 
88 42 60 
60 19 75 
75 53 16 33 
33 3 9 
9 50 48 
48 49 36 37 32 
32 71 29 
29 68 39 
39 31 78 56 
56 72 81 21 
21 13 91 
37 23 30 
30 62 44 
91 57 54 
44 90 
90 74 
54 58 95 
36 26 
13 34 4 63 
74 85 66 
94 20 
81 59 14 
95 94 
43 79 
26 43 
79 7 
66 10 
20 96 
14 99 38 
7 28 
24 65 92 
16 15 2 
28 1 
10 46 
62 61 
85 69 
61 89 
63 51 
19 52 
2 87 
51 22 
69 76 
96 93 
22 27 
80 5 
46 8 
38 
78 25 
1 11 
72 
49 86 
71 77 
59 
52 97 
77 12 
89 83 
23 6 
92 
3 40 
87 
65 45 
93 
4 
68 
86 41 
76 47 
35 
84 
83 82 
40 35 
57 67 
5 98 
41 
53 
27 
97 
12 
6 
34 17 
11 
47 
98 
17 
73 
8 
99 
82 
31 
70 
45 
50 
15 
58 
42 
67 
25 
# clone tree 5 objective: 4.44806
0 58 84 64 
64 73 24 18 
18 55 
55 25 80 88 
88 60 
60 19 75 
75 53 16 33 
33 3 9 
9 67 48 
48 49 36 37 32 
32 71 29 
29 68 39 
39 31 78 56 
56 72 81 21 
21 13 91 
37 23 30 
30 62 44 
91 57 54 
44 90 
90 70 74 
54 95 
36 26 
13 34 4 63 
74 50 85 66 
94 20 
81 59 14 
95 94 
43 79 
26 43 
79 7 
66 10 
20 96 
14 99 38 
7 28 
24 65 92 
16 2 
28 1 
10 46 
62 61 
85 69 
61 89 
63 51 
19 52 
2 87 
51 22 
69 76 
96 93 
22 27 
80 5 
46 
38 
78 8 
1 11 
72 
49 86 
71 77 
59 
52 97 
77 15 12 
89 83 
23 6 
92 
3 40 
87 
65 
93 
4 
68 
86 41 
76 47 
35 
84 
83 82 
40 35 
57 
5 98 
41 
53 
27 
97 
12 
6 45 
34 17 
11 
47 
98 
17 
73 42 
8 
99 
82 
31 
70 
45 
50 
15 
58 
42 
67 
25 
# clone tree 6 objective: 4.44806
0 84 64 
64 73 24 18 
18 70 55 
55 80 88 
88 60 
60 42 19 75 
75 53 16 33 
33 3 9 
9 50 48 
48 49 36 37 32 
32 71 29 
29 68 39 
39 31 78 56 
56 72 81 21 
21 13 91 
37 23 30 
30 62 44 
91 58 57 54 
44 90 
90 67 74 
54 95 
36 26 
13 34 4 63 
74 85 66 
94 20 
81 59 14 
95 94 
43 79 
26 43 
79 7 
66 10 
20 96 
14 99 38 
7 28 
24 65 92 
16 15 2 
28 1 
10 46 
62 25 61 
85 69 
61 89 
63 51 
19 52 
2 87 
51 22 
69 76 
96 93 
22 27 
80 5 
46 8 
38 
78 
1 11 
72 
49 86 
71 77 
59 
52 97 
77 12 
89 83 
23 6 
92 
3 40 
87 
65 45 
93 
4 
68 
86 41 
76 47 
35 
84 
83 82 
40 35 
57 
5 98 
41 
53 
27 
97 
12 
6 
34 17 
11 
47 
98 
17 
73 
8 
99 
82 
31 
70 
45 
50 
15 
58 
42 
67 
25 
# clone tree 7 objective: 4.44806
0 58 84 64 
64 73 24 18 
18 25 55 
55 80 88 
88 60 
60 19 75 
75 53 16 33 
33 3 9 
9 67 48 
48 49 36 37 32 
32 71 29 
29 68 39 
39 31 78 56 
56 72 81 21 
21 13 91 
37 23 30 
30 62 44 
91 57 54 
44 90 
90 70 74 
54 95 
36 26 
13 34 4 63 
74 50 85 66 
94 20 
81 59 14 
95 94 
43 79 
26 43 
79 7 
66 10 
20 96 
14 99 38 
7 28 
24 65 92 
16 2 
28 1 
10 46 
62 61 
85 69 
61 89 
63 51 
19 52 
2 87 
51 22 
69 76 
96 93 
22 27 
80 5 
46 
38 
78 8 
1 11 
72 
49 86 
71 77 
59 
52 97 
77 15 12 
89 83 
23 6 
92 
3 40 
87 
65 
93 
4 
68 
86 41 
76 47 
35 
84 
83 82 
40 35 
57 
5 98 
41 
53 
27 
97 
12 
6 45 
34 17 
11 
47 
98 
17 
73 42 
8 
99 
82 
31 
70 
45 
50 
15 
58 
42 
67 
25 
# clone tree 8 objective: 4.44806
0 84 64 
64 73 24 18 
18 70 55 
55 80 88 
88 60 
60 42 19 75 
75 53 16 33 
33 3 9 
9 50 48 
48 49 36 37 32 
32 71 29 
29 68 39 
39 31 78 56 
56 72 81 21 
21 13 91 
37 23 30 
30 62 44 
91 58 57 54 
44 90 
90 67 74 
54 95 
36 26 
13 34 4 63 
74 85 66 
94 20 
81 59 14 
95 94 
43 79 
26 43 
79 7 
66 10 
20 96 
14 99 38 
7 28 
24 65 92 
16 15 2 
28 1 
10 46 
62 61 
85 69 
61 89 
63 51 
19 52 
2 87 
51 22 
69 76 
96 93 
22 27 
80 5 
46 8 
38 
78 
1 11 
72 
49 86 
71 77 
59 
52 97 
77 12 
89 83 
23 6 
92 
3 40 
87 
65 45 
93 
4 
68 
86 41 
76 25 47 
35 
84 
83 82 
40 35 
57 
5 98 
41 
53 
27 
97 
12 
6 
34 17 
11 
47 
98 
17 
73 
8 
99 
82 
31 
70 
45 
50 
15 
58 
42 
67 
25 
# clone tree 9 objective: 4.44806
0 58 84 64 
64 73 24 18 
18 55 
55 80 88 
88 60 
60 25 19 75 
75 53 16 33 
33 3 9 
9 67 48 
48 49 36 37 32 
32 71 29 
29 68 39 
39 31 78 56 
56 72 81 21 
21 13 91 
37 23 30 
30 62 44 
91 57 54 
44 90 
90 70 74 
54 95 
36 26 
13 34 4 63 
74 50 85 66 
94 20 
81 59 14 
95 94 
43 79 
26 43 
79 7 
66 10 
20 96 
14 99 38 
7 28 
24 65 92 
16 2 
28 1 
10 46 
62 61 
85 69 
61 89 
63 51 
19 52 
2 87 
51 22 
69 76 
96 93 
22 27 
80 5 
46 
38 
78 8 
1 11 
72 
49 86 
71 77 
59 
52 97 
77 15 12 
89 83 
23 6 
92 
3 40 
87 
65 
93 
4 
68 
86 41 
76 47 
35 
84 
83 82 
40 35 
57 
5 98 
41 
53 
27 
97 
12 
6 45 
34 17 
11 
47 
98 
17 
73 42 
8 
99 
82 
31 
70 
45 
50 
15 
58 
42 
67 
25 
# clone tree 10 objective: 4.44806
0 84 64 
64 73 24 18 
18 70 55 
55 80 88 
88 42 60 
60 19 75 
75 53 16 33 
33 3 9 
9 50 48 
48 49 36 37 32 
32 71 29 
29 68 39 
39 31 78 56 
56 72 81 21 
21 13 91 
37 23 30 
30 62 44 
91 57 54 
44 90 
90 74 
54 58 95 
36 26 
13 34 4 63 
74 85 66 
94 20 
81 59 14 
95 94 
43 79 
26 43 
79 7 
66 10 
20 96 
14 99 38 
7 28 
24 65 92 
16 25 15 2 
28 1 
10 46 
62 61 
85 69 
61 89 
63 51 
19 52 
2 87 
51 22 
69 76 
96 93 
22 27 
80 5 
46 8 
38 
78 
1 11 
72 
49 86 
71 77 
59 
52 67 97 
77 12 
89 83 
23 6 
92 
3 40 
87 
65 45 
93 
4 
68 
86 41 
76 47 
35 
84 
83 82 
40 35 
57 
5 98 
41 
53 
27 
97 
12 
6 
34 17 
11 
47 
98 
17 
73 
8 
99 
82 
31 
70 
45 
50 
15 
58 
42 
67 
25 
# clone tree 11 objective: 4.44806
0 84 64 
64 73 24 18 
18 70 55 
55 80 88 
88 60 
60 42 19 75 
75 53 16 33 
33 3 9 
9 50 48 
48 49 36 37 32 
32 71 29 
29 68 39 
39 31 78 56 
56 25 72 81 21 
21 13 91 
37 23 30 
30 62 44 
91 58 57 54 
44 90 
90 74 
54 95 
36 26 
13 34 4 63 
74 85 66 
94 20 
81 59 14 
95 94 
43 79 
26 43 
79 7 
66 10 
20 96 
14 99 38 
7 28 
24 65 92 
16 15 2 
28 1 
10 46 
62 61 
85 69 
61 89 
63 51 
19 52 
2 87 
51 22 
69 76 
96 93 
22 27 
80 5 
46 8 
38 
78 
1 11 
72 
49 86 
71 77 
59 
52 97 
77 12 
89 83 
23 6 
92 67 
3 40 
87 
65 45 
93 
4 
68 
86 41 
76 47 
35 
84 
83 82 
40 35 
57 
5 98 
41 
53 
27 
97 
12 
6 
34 17 
11 
47 
98 
17 
73 
8 
99 
82 
31 
70 
45 
50 
15 
58 
42 
67 
25 
# clone tree 12 objective: 4.44806
0 84 64 
64 73 24 18 
18 70 55 
55 80 88 
88 60 
60 42 19 75 
75 53 16 33 
33 3 9 
9 50 48 
48 49 36 37 32 
32 71 29 
29 68 39 
39 25 31 78 56 
56 72 81 21 
21 13 91 
37 23 30 
30 62 44 
91 58 57 54 
44 90 
90 74 
54 95 
36 26 
13 34 4 63 
74 85 66 
94 20 
81 59 14 
95 94 
43 79 
26 43 
79 7 
66 10 
20 96 
14 99 38 
7 28 
24 65 92 
16 15 2 
28 1 
10 46 
62 61 
85 69 
61 89 
63 51 
19 52 
2 87 
51 22 
69 76 
96 93 
22 27 
80 5 
46 8 
38 
78 
1 11 
72 
49 86 
71 77 
59 
52 97 
77 12 
89 83 
23 6 
92 67 
3 40 
87 
65 45 
93 
4 
68 
86 41 
76 47 
35 
84 
83 82 
40 35 
57 
5 98 
41 
53 
27 
97 
12 
6 
34 17 
11 
47 
98 
17 
73 
8 
99 
82 
31 
70 
45 
50 
15 
58 
42 
67 
25 
# clone tree 13 objective: 4.44806
0 84 64 
64 73 24 18 
18 70 55 
55 80 88 
88 42 60 
60 19 75 
75 53 16 33 
33 3 9 
9 50 48 
48 49 36 37 32 
32 71 29 
29 68 39 
39 31 78 56 
56 72 81 21 
21 13 91 
37 23 30 
30 62 44 
91 57 54 
44 90 
90 74 
54 58 95 
36 26 
13 34 4 63 
74 85 66 
94 20 
81 59 14 
95 94 
43 79 
26 43 
79 7 
66 10 
20 96 
14 99 38 
7 28 
24 65 92 
16 15 2 
28 1 
10 46 
62 61 
85 69 
61 89 
63 51 
19 52 
2 67 87 
51 22 
69 76 
96 93 
22 27 
80 5 
46 8 
38 
78 
1 11 
72 
49 86 
71 77 
59 
52 97 
77 12 
89 83 
23 6 
92 
3 40 
87 
65 45 
93 
4 
68 25 
86 41 
76 47 
35 
84 
83 82 
40 35 
57 
5 98 
41 
53 
27 
97 
12 
6 
34 17 
11 
47 
98 
17 
73 
8 
99 
82 
31 
70 
45 
50 
15 
58 
42 
67 
25 
# clone tree 14 objective: 4.44806
0 84 64 
64 73 24 18 
18 55 
55 58 80 88 
88 60 
60 19 75 
75 53 16 33 
33 3 9 
9 50 48 
48 49 36 37 32 
32 71 29 
29 68 39 
39 31 78 56 
56 72 81 21 
21 13 91 
37 23 30 
30 62 44 
91 57 54 
44 90 
90 74 
54 95 
36 26 
13 34 4 63 
74 85 66 
94 20 
81 59 14 
95 94 
43 79 
26 43 
79 7 
66 10 
20 96 
14 25 99 38 
7 28 
24 65 92 
16 2 
28 1 
10 67 46 
62 42 61 
85 69 
61 89 
63 51 
19 52 
2 87 
51 22 
69 76 
96 93 
22 27 
80 5 
46 
38 
78 
1 11 
72 
49 70 86 
71 77 
59 
52 97 
77 12 
89 83 
23 6 
92 
3 40 
87 8 
65 45 
93 
4 
68 
86 41 
76 47 
35 
84 
83 82 
40 35 
57 
5 98 
41 
53 
27 
97 
12 
6 
34 17 
11 
47 15 
98 
17 
73 
8 
99 
82 
31 
70 
45 
50 
15 
58 
42 
67 
25 
# clone tree 15 objective: 4.44806
0 84 64 
64 73 24 18 
18 70 55 
55 80 88 
88 42 60 
60 19 75 
75 53 16 33 
33 3 9 
9 50 48 
48 49 36 37 32 
32 71 29 
29 68 39 
39 31 78 56 
56 72 81 21 
21 13 91 
37 23 30 
30 62 44 
91 57 54 
44 90 
90 74 
54 58 95 
36 26 
13 34 4 63 
74 85 66 
94 20 
81 59 14 
95 94 
43 79 
26 43 
79 7 
66 10 
20 96 
14 99 38 
7 28 
24 65 92 
16 15 2 
28 1 
10 46 
62 61 
85 69 
61 89 
63 51 
19 52 
2 67 87 
51 22 
69 76 
96 93 
22 27 
80 5 
46 8 
38 
78 
1 11 
72 
49 86 
71 77 
59 
52 25 97 
77 12 
89 83 
23 6 
92 
3 40 
87 
65 45 
93 
4 
68 
86 41 
76 47 
35 
84 
83 82 
40 35 
57 
5 98 
41 
53 
27 
97 
12 
6 
34 17 
11 
47 
98 
17 
73 
8 
99 
82 
31 
70 
45 
50 
15 
58 
42 
67 
25 
# clone tree 16 objective: 4.44806
0 84 64 
64 73 24 18 
18 70 55 
55 80 88 
88 60 
60 42 19 75 
75 53 16 33 
33 3 9 
9 50 48 
48 25 49 36 37 32 
32 71 29 
29 68 39 
39 31 78 56 
56 72 81 21 
21 13 91 
37 23 30 
30 62 44 
91 58 57 54 
44 90 
90 74 
54 95 
36 26 
13 34 4 63 
74 85 66 
94 20 
81 59 14 
95 94 
43 79 
26 43 
79 7 
66 10 
20 96 
14 99 38 
7 28 
24 65 92 
16 15 2 
28 1 
10 46 
62 61 
85 69 
61 89 
63 51 
19 52 
2 87 
51 22 
69 76 
96 93 
22 27 
80 5 
46 8 
38 
78 
1 11 
72 
49 86 
71 77 
59 
52 97 
77 12 
89 83 
23 6 
92 67 
3 40 
87 
65 45 
93 
4 
68 
86 41 
76 47 
35 
84 
83 82 
40 35 
57 
5 98 
41 
53 
27 
97 
12 
6 
34 17 
11 
47 
98 
17 
73 
8 
99 
82 
31 
70 
45 
50 
15 
58 
42 
67 
25 
# clone tree 17 objective: 4.44806
0 58 84 64 
64 73 24 18 
18 55 
55 80 88 
88 60 
60 19 75 
75 25 53 16 33 
33 3 9 
9 67 48 
48 49 36 37 32 
32 71 29 
29 68 39 
39 31 78 56 
56 72 81 21 
21 13 91 
37 23 30 
30 62 44 
91 57 54 
44 90 
90 70 74 
54 95 
36 26 
13 34 4 63 
74 50 85 66 
94 20 
81 59 14 
95 94 
43 79 
26 43 
79 7 
66 10 
20 96 
14 99 38 
7 28 
24 65 92 
16 2 
28 1 
10 46 
62 61 
85 69 
61 89 
63 51 
19 52 
2 87 
51 22 
69 76 
96 93 
22 27 
80 5 
46 
38 
78 8 
1 11 
72 
49 86 
71 77 
59 
52 97 
77 15 12 
89 83 
23 6 
92 
3 40 
87 
65 
93 
4 
68 
86 41 
76 47 
35 
84 
83 82 
40 35 
57 
5 98 
41 
53 
27 
97 
12 
6 45 
34 17 
11 
47 
98 
17 
73 42 
8 
99 
82 
31 
70 
45 
50 
15 
58 
42 
67 
25 
# clone tree 18 objective: 4.44806
0 84 64 
64 73 24 18 
18 55 
55 58 80 88 
88 60 
60 19 75 
75 53 16 33 
33 3 9 
9 50 48 
48 49 36 37 32 
32 71 29 
29 68 39 
39 31 78 56 
56 72 81 21 
21 13 91 
37 23 30 
30 62 44 
91 57 54 
44 90 
90 74 
54 95 
36 26 
13 34 4 63 
74 85 66 
94 20 
81 59 14 
95 94 
43 79 
26 43 
79 7 
66 10 
20 96 
14 99 38 
7 28 
24 65 92 
16 2 
28 1 
10 67 46 
62 42 61 
85 69 
61 89 
63 51 
19 52 
2 87 
51 22 
69 76 
96 93 
22 27 
80 5 
46 
38 
78 
1 11 
72 
49 70 86 
71 77 
59 
52 97 
77 12 
89 83 
23 6 
92 
3 40 
87 8 
65 25 45 
93 
4 
68 
86 41 
76 47 
35 
84 
83 82 
40 35 
57 
5 98 
41 
53 
27 
97 
12 
6 
34 17 
11 
47 15 
98 
17 
73 
8 
99 
82 
31 
70 
45 
50 
15 
58 
42 
67 
25 
# clone tree 19 objective: 4.44806
0 58 84 64 
64 73 24 18 
18 55 
55 80 88 
88 60 
60 19 75 
75 53 16 33 
33 25 3 9 
9 67 48 
48 49 36 37 32 
32 71 29 
29 68 39 
39 31 78 56 
56 72 81 21 
21 13 91 
37 23 30 
30 62 44 
91 57 54 
44 90 
90 70 74 
54 95 
36 26 
13 34 4 63 
74 50 85 66 
94 20 
81 59 14 
95 94 
43 79 
26 43 
79 7 
66 10 
20 96 
14 99 38 
7 28 
24 65 92 
16 2 
28 1 
10 46 
62 61 
85 69 
61 89 
63 51 
19 52 
2 87 
51 22 
69 76 
96 93 
22 27 
80 5 
46 
38 
78 8 
1 11 
72 
49 86 
71 77 
59 
52 97 
77 15 12 
89 83 
23 6 
92 
3 40 
87 
65 
93 
4 
68 
86 41 
76 47 
35 
84 
83 82 
40 35 
57 
5 98 
41 
53 
27 
97 
12 
6 45 
34 17 
11 
47 
98 
17 
73 42 
8 
99 
82 
31 
70 
45 
50 
15 
58 
42 
67 
25 
# clone tree 20 objective: 4.44806
0 84 64 
64 73 24 18 
18 55 
55 58 80 88 
88 60 
60 19 75 
75 53 16 33 
33 3 9 
9 50 48 
48 49 36 37 32 
32 71 29 
29 68 39 
39 31 78 56 
56 72 81 21 
21 13 91 
37 23 30 
30 62 44 
91 57 54 
44 90 
90 74 
54 95 
36 26 
13 34 4 63 
74 85 66 
94 20 
81 59 14 
95 94 
43 79 
26 43 
79 7 
66 10 
20 96 
14 99 38 
7 28 
24 65 92 
16 2 
28 1 
10 67 46 
62 42 61 
85 69 
61 89 
63 51 
19 52 
2 87 
51 22 
69 76 
96 93 
22 27 
80 5 
46 
38 
78 
1 11 
72 
49 70 86 
71 77 
59 
52 97 
77 12 
89 83 
23 6 
92 
3 40 
87 8 
65 45 
93 
4 
68 
86 41 
76 47 
35 25 
84 
83 82 
40 35 
57 
5 98 
41 
53 
27 
97 
12 
6 
34 17 
11 
47 15 
98 
17 
73 
8 
99 
82 
31 
70 
45 
50 
15 
58 
42 
67 
25 
# clone tree 21 objective: 4.44806
0 58 84 64 
64 73 24 18 
18 55 
55 80 88 
88 60 
60 19 75 
75 53 16 33 
33 3 9 
9 67 48 
48 49 36 37 32 
32 71 29 
29 25 68 39 
39 31 78 56 
56 72 81 21 
21 13 91 
37 23 30 
30 62 44 
91 57 54 
44 90 
90 70 74 
54 95 
36 26 
13 34 4 63 
74 50 85 66 
94 20 
81 59 14 
95 94 
43 79 
26 43 
79 7 
66 10 
20 96 
14 99 38 
7 28 
24 65 92 
16 2 
28 1 
10 46 
62 61 
85 69 
61 89 
63 51 
19 52 
2 87 
51 22 
69 76 
96 93 
22 27 
80 5 
46 
38 
78 8 
1 11 
72 
49 86 
71 77 
59 
52 97 
77 15 12 
89 83 
23 6 
92 
3 40 
87 
65 
93 
4 
68 
86 41 
76 47 
35 
84 
83 82 
40 35 
57 
5 98 
41 
53 
27 
97 
12 
6 45 
34 17 
11 
47 
98 
17 
73 42 
8 
99 
82 
31 
70 
45 
50 
15 
58 
42 
67 
25 
# clone tree 22 objective: 4.44806
0 84 64 
64 73 24 18 
18 55 
55 58 80 88 
88 60 
60 19 75 
75 53 16 33 
33 3 9 
9 50 48 
48 49 36 37 32 
32 71 29 
29 68 39 
39 31 78 56 
56 72 81 21 
21 13 91 
37 23 30 
30 62 44 
91 57 54 
44 90 
90 74 
54 95 
36 26 
13 34 4 63 
74 85 66 
94 20 
81 59 14 
95 94 
43 79 
26 25 43 
79 7 
66 10 
20 96 
14 99 38 
7 28 
24 65 92 
16 2 
28 1 
10 67 46 
62 42 61 
85 69 
61 89 
63 51 
19 52 
2 87 
51 22 
69 76 
96 93 
22 27 
80 5 
46 
38 
78 
1 11 
72 
49 70 86 
71 77 
59 
52 97 
77 12 
89 83 
23 6 
92 
3 40 
87 8 
65 45 
93 
4 
68 
86 41 
76 47 
35 
84 
83 82 
40 35 
57 
5 98 
41 
53 
27 
97 
12 
6 
34 17 
11 
47 15 
98 
17 
73 
8 
99 
82 
31 
70 
45 
50 
15 
58 
42 
67 
25 
# clone tree 23 objective: 4.44806
0 58 84 64 
64 73 24 18 
18 55 
55 80 88 
88 60 
60 19 75 
75 53 16 33 
33 3 9 
9 67 48 
48 49 36 37 32 
32 71 29 
29 68 39 
39 31 78 56 
56 72 81 21 
21 25 13 91 
37 23 30 
30 62 44 
91 57 54 
44 90 
90 70 74 
54 95 
36 26 
13 34 4 63 
74 50 85 66 
94 20 
81 59 14 
95 94 
43 79 
26 43 
79 7 
66 10 
20 96 
14 99 38 
7 28 
24 65 92 
16 2 
28 1 
10 46 
62 61 
85 69 
61 89 
63 51 
19 52 
2 87 
51 22 
69 76 
96 93 
22 27 
80 5 
46 
38 
78 8 
1 11 
72 
49 86 
71 77 
59 
52 97 
77 15 12 
89 83 
23 6 
92 
3 40 
87 
65 
93 
4 
68 
86 41 
76 47 
35 
84 
83 82 
40 35 
57 
5 98 
41 
53 
27 
97 
12 
6 45 
34 17 
11 
47 
98 
17 
73 42 
8 
99 
82 
31 
70 
45 
50 
15 
58 
42 
67 
25 
# clone tree 24 objective: 4.44806
0 84 64 
64 42 73 24 18 
18 70 55 
55 80 88 
88 60 
60 19 75 
75 53 16 33 
33 3 9 
9 67 50 48 
48 49 36 37 32 
32 71 29 
29 68 39 
39 58 31 78 56 
56 72 81 21 
21 13 91 
37 23 30 
30 62 44 
91 57 54 
44 90 
90 74 
54 95 
36 26 
13 34 4 63 
74 85 66 
94 20 
81 59 14 
95 94 
43 79 
26 43 
79 7 
66 10 
20 96 
14 99 38 
7 28 
24 65 92 
16 25 15 2 
28 1 
10 46 
62 61 
85 69 
61 89 
63 51 
19 52 
2 87 
51 22 
69 76 
96 93 
22 27 
80 5 
46 8 
38 
78 
1 11 
72 
49 86 
71 77 
59 
52 97 
77 12 
89 83 
23 6 
92 
3 40 
87 
65 45 
93 
4 
68 
86 41 
76 47 
35 
84 
83 82 
40 35 
57 
5 98 
41 
53 
27 
97 
12 
6 
34 17 
11 
47 
98 
17 
73 
8 
99 
82 
31 
70 
45 
50 
15 
58 
42 
67 
25 
# clone tree 25 objective: 4.44806
0 84 64 
64 73 24 18 
18 70 55 
55 80 88 
88 60 
60 42 19 75 
75 53 16 33 
33 3 9 
9 50 48 
48 49 36 37 32 
32 71 29 
29 68 39 
39 31 78 56 
56 72 81 21 
21 13 91 
37 23 30 
30 62 44 
91 58 57 54 
44 90 
90 74 
54 95 
36 26 
13 34 4 63 
74 85 66 
94 20 
81 59 14 
95 94 
43 79 
26 43 
79 7 
66 10 
20 96 
14 99 38 
7 28 
24 65 92 
16 15 2 
28 25 1 
10 46 
62 61 
85 69 
61 89 
63 51 
19 52 
2 87 
51 22 
69 76 
96 67 93 
22 27 
80 5 
46 8 
38 
78 
1 11 
72 
49 86 
71 77 
59 
52 97 
77 12 
89 83 
23 6 
92 
3 40 
87 
65 45 
93 
4 
68 
86 41 
76 47 
35 
84 
83 82 
40 35 
57 
5 98 
41 
53 
27 
97 
12 
6 
34 17 
11 
47 
98 
17 
73 
8 
99 
82 
31 
70 
45 
50 
15 
58 
42 
67 
25 
# clone tree 26 objective: 4.44806
0 58 84 64 
64 73 24 18 
18 55 
55 80 88 
88 60 
60 19 75 
75 53 16 33 
33 3 9 
9 67 48 
48 49 36 37 32 
32 71 29 
29 68 39 
39 31 78 56 
56 72 81 21 
21 13 91 
37 23 30 
30 62 44 
91 57 54 
44 90 
90 70 74 
54 95 
36 26 
13 34 4 63 
74 50 85 66 
94 20 
81 59 14 
95 94 
43 79 
26 43 
79 7 
66 10 
20 96 
14 99 38 
7 28 
24 65 92 
16 2 
28 1 
10 25 46 
62 61 
85 69 
61 89 
63 51 
19 52 
2 87 
51 22 
69 76 
96 93 
22 27 
80 5 
46 
38 
78 8 
1 11 
72 
49 86 
71 77 
59 
52 97 
77 15 12 
89 83 
23 6 
92 
3 40 
87 
65 
93 
4 
68 
86 41 
76 47 
35 
84 
83 82 
40 35 
57 
5 98 
41 
53 
27 
97 
12 
6 45 
34 17 
11 
47 
98 
17 
73 42 
8 
99 
82 
31 
70 
45 
50 
15 
58 
42 
67 
25 
# clone tree 27 objective: 4.44806
0 84 64 
64 73 24 18 
18 70 55 
55 80 88 
88 60 
60 42 19 75 
75 67 53 16 33 
33 3 9 
9 50 48 
48 49 36 37 32 
32 71 29 
29 68 39 
39 31 78 56 
56 72 81 21 
21 13 91 
37 23 30 
30 62 44 
91 58 57 54 
44 90 
90 74 
54 95 
36 26 
13 34 4 63 
74 85 66 
94 20 
81 59 14 
95 94 
43 79 
26 43 
79 7 
66 10 
20 96 
14 99 38 
7 28 
24 65 92 
16 15 2 
28 1 
10 46 
62 61 
85 69 
61 89 
63 51 
19 52 
2 87 
51 22 
69 76 
96 93 
22 27 
80 5 
46 8 
38 
78 
1 11 
72 
49 86 
71 77 
59 
52 97 
77 12 
89 25 83 
23 6 
92 
3 40 
87 
65 45 
93 
4 
68 
86 41 
76 47 
35 
84 
83 82 
40 35 
57 
5 98 
41 
53 
27 
97 
12 
6 
34 17 
11 
47 
98 
17 
73 
8 
99 
82 
31 
70 
45 
50 
15 
58 
42 
67 
25 
# clone tree 28 objective: 4.44806
0 84 64 
64 73 24 18 
18 70 55 
55 80 88 
88 60 
60 42 19 75 
75 53 16 33 
33 3 9 
9 50 48 
48 49 36 37 32 
32 71 29 
29 68 39 
39 31 78 56 
56 72 81 21 
21 13 91 
37 23 30 
30 62 44 
91 58 57 54 
44 90 
90 74 
54 95 
36 26 
13 34 4 63 
74 85 66 
94 20 
81 59 14 
95 25 94 
43 79 
26 43 
79 7 
66 10 
20 96 
14 99 38 
7 28 
24 65 92 
16 15 2 
28 1 
10 46 
62 61 
85 69 
61 89 
63 51 
19 52 
2 67 87 
51 22 
69 76 
96 93 
22 27 
80 5 
46 8 
38 
78 
1 11 
72 
49 86 
71 77 
59 
52 97 
77 12 
89 83 
23 6 
92 
3 40 
87 
65 45 
93 
4 
68 
86 41 
76 47 
35 
84 
83 82 
40 35 
57 
5 98 
41 
53 
27 
97 
12 
6 
34 17 
11 
47 
98 
17 
73 
8 
99 
82 
31 
70 
45 
50 
15 
58 
42 
67 
25 
# clone tree 29 objective: 4.44806
0 84 64 
64 73 24 18 
18 70 55 
55 80 88 
88 42 60 
60 19 75 
75 53 16 33 
33 3 9 
9 50 48 
48 49 36 37 32 
32 71 29 
29 68 39 
39 31 78 56 
56 72 81 21 
21 13 91 
37 23 30 
30 62 44 
91 57 54 
44 90 
90 74 
54 58 95 
36 26 
13 34 4 63 
74 85 66 
94 20 
81 59 14 
95 94 
43 79 
26 43 
79 7 
66 10 
20 96 
14 99 38 
7 28 
24 65 92 
16 15 2 
28 1 
10 46 
62 61 
85 69 
61 89 
63 51 
19 52 
2 87 
51 22 
69 76 
96 93 
22 27 
80 5 
46 8 
38 
78 
1 11 
72 
49 86 
71 77 
59 
52 67 97 
77 12 
89 83 
23 6 
92 
3 40 
87 
65 45 
93 
4 
68 
86 25 41 
76 47 
35 
84 
83 82 
40 35 
57 
5 98 
41 
53 
27 
97 
12 
6 
34 17 
11 
47 
98 
17 
73 
8 
99 
82 
31 
70 
45 
50 
15 
58 
42 
67 
25 
# clone tree 30 objective: 4.44806
0 84 64 
64 73 24 18 
18 70 55 
55 80 88 
88 42 60 
60 19 75 
75 53 16 33 
33 3 9 
9 50 48 
48 49 36 37 32 
32 71 29 
29 68 39 
39 31 78 56 
56 72 81 21 
21 13 91 
37 23 30 
30 62 44 
91 57 54 
44 90 
90 74 
54 58 95 
36 26 
13 34 4 63 
74 85 66 
94 20 
81 59 14 
95 94 
43 79 
26 43 
79 7 
66 10 
20 96 
14 99 38 
7 28 
24 65 92 
16 15 2 
28 1 
10 46 
62 61 
85 69 
61 89 
63 51 
19 52 
2 87 
51 22 
69 76 
96 93 
22 27 
80 5 
46 67 8 
38 
78 
1 11 
72 
49 86 
71 77 
59 
52 97 
77 12 
89 83 
23 6 
92 
3 40 
87 
65 45 
93 
4 
68 
86 41 
76 47 
35 
84 
83 82 
40 35 
57 25 
5 98 
41 
53 
27 
97 
12 
6 
34 17 
11 
47 
98 
17 
73 
8 
99 
82 
31 
70 
45 
50 
15 
58 
42 
67 
25 
# clone tree 31 objective: 4.44806
0 84 64 
64 73 24 18 
18 70 55 
55 80 88 
88 42 60 
60 19 75 
75 53 16 33 
33 3 9 
9 50 48 
48 49 36 37 32 
32 71 29 
29 25 68 39 
39 31 78 56 
56 72 81 21 
21 13 91 
37 23 30 
30 62 44 
91 57 54 
44 90 
90 67 74 
54 58 95 
36 26 
13 34 4 63 
74 85 66 
94 20 
81 59 14 
95 94 
43 79 
26 43 
79 7 
66 10 
20 96 
14 99 38 
7 28 
24 65 92 
16 15 2 
28 1 
10 46 
62 61 
85 69 
61 89 
63 51 
19 52 
2 87 
51 22 
69 76 
96 93 
22 27 
80 5 
46 8 
38 
78 
1 11 
72 
49 86 
71 77 
59 
52 97 
77 12 
89 83 
23 6 
92 
3 40 
87 
65 45 
93 
4 
68 
86 41 
76 47 
35 
84 
83 82 
40 35 
57 
5 98 
41 
53 
27 
97 
12 
6 
34 17 
11 
47 
98 
17 
73 
8 
99 
82 
31 
70 
45 
50 
15 
58 
42 
67 
25 
# clone tree 32 objective: 4.44806
0 25 84 64 
64 73 24 18 
18 70 55 
55 80 88 
88 42 60 
60 19 75 
75 53 16 33 
33 3 9 
9 50 48 
48 49 36 37 32 
32 71 29 
29 68 39 
39 31 78 56 
56 72 81 21 
21 13 91 
37 23 30 
30 62 44 
91 57 54 
44 90 
90 74 
54 58 95 
36 26 
13 34 4 63 
74 85 66 
94 20 
81 59 14 
95 94 
43 79 
26 43 
79 7 
66 10 
20 96 
14 99 38 
7 28 
24 65 92 
16 15 2 
28 1 
10 46 
62 61 
85 69 
61 89 
63 51 
19 52 
2 87 
51 22 
69 76 
96 93 
22 27 
80 5 
46 8 
38 
78 
1 11 
72 
49 86 
71 77 
59 
52 97 
77 12 
89 83 
23 6 
92 
3 40 
87 
65 45 
93 
4 
68 67 
86 41 
76 47 
35 
84 
83 82 
40 35 
57 
5 98 
41 
53 
27 
97 
12 
6 
34 17 
11 
47 
98 
17 
73 
8 
99 
82 
31 
70 
45 
50 
15 
58 
42 
67 
25 
# clone tree 33 objective: 4.44806
0 84 64 
64 42 73 24 18 
18 70 55 
55 80 88 
88 60 
60 19 75 
75 67 53 16 33 
33 3 9 
9 50 48 
48 49 36 37 32 
32 71 29 
29 68 39 
39 58 31 78 56 
56 72 81 21 
21 13 91 
37 23 30 
30 62 44 
91 57 54 
44 90 
90 74 
54 95 
36 26 
13 34 4 63 
74 85 66 
94 20 
81 59 14 
95 94 
43 79 
26 43 
79 7 
66 10 
20 96 
14 99 38 
7 28 
24 65 92 
16 15 2 
28 1 
10 46 
62 61 
85 69 
61 89 
63 51 
19 52 
2 87 
51 22 
69 76 
96 93 
22 27 
80 5 
46 8 
38 
78 
1 11 
72 
49 86 
71 77 
59 
52 97 
77 12 
89 83 
23 6 
92 
3 40 
87 
65 45 
93 
4 
68 
86 41 
76 47 
35 
84 
83 82 
40 35 
57 
5 98 
41 
53 
27 
97 
12 
6 
34 17 
11 
47 
98 
17 
73 
8 
99 
82 
31 
70 
45 
50 25 
15 
58 
42 
67 
25 
# clone tree 34 objective: 4.44806
0 84 64 
64 73 24 18 
18 70 55 
55 80 88 
88 60 
60 42 19 75 
75 53 16 33 
33 3 9 
9 67 50 48 
48 49 36 37 32 
32 71 29 
29 68 39 
39 31 78 56 
56 72 81 21 
21 13 91 
37 23 30 
30 62 44 
91 58 57 54 
44 90 
90 74 
54 95 
36 26 
13 34 4 63 
74 85 66 
94 20 
81 59 14 
95 94 
43 79 
26 43 
79 7 
66 10 
20 96 
14 99 38 
7 28 
24 65 92 
16 15 2 
28 1 
10 46 
62 61 
85 69 
61 89 
63 51 
19 52 
2 87 
51 22 
69 76 
96 93 
22 27 
80 5 
46 8 
38 25 
78 
1 11 
72 
49 86 
71 77 
59 
52 97 
77 12 
89 83 
23 6 
92 
3 40 
87 
65 45 
93 
4 
68 
86 41 
76 47 
35 
84 
83 82 
40 35 
57 
5 98 
41 
53 
27 
97 
12 
6 
34 17 
11 
47 
98 
17 
73 
8 
99 
82 
31 
70 
45 
50 
15 
58 
42 
67 
25 
# clone tree 35 objective: 4.44806
0 84 64 
64 73 24 18 
18 70 55 
55 80 88 
88 60 
60 42 19 75 
75 53 16 33 
33 3 9 
9 50 48 
48 49 36 37 32 
32 71 29 
29 68 39 
39 31 78 56 
56 72 81 21 
21 13 91 
37 23 30 
30 62 44 
91 58 57 54 
44 90 
90 74 
54 95 
36 26 
13 34 4 63 
74 85 66 
94 20 
81 59 14 
95 94 
43 79 
26 43 
79 7 
66 10 
20 25 96 
14 99 38 
7 28 
24 65 92 
16 15 2 
28 1 
10 46 
62 61 
85 69 
61 89 
63 51 
19 52 
2 87 
51 22 
69 76 
96 93 
22 27 
80 5 
46 8 
38 
78 
1 11 
72 
49 86 
71 77 
59 
52 97 
77 12 
89 83 
23 67 6 
92 
3 40 
87 
65 45 
93 
4 
68 
86 41 
76 47 
35 
84 
83 82 
40 35 
57 
5 98 
41 
53 
27 
97 
12 
6 
34 17 
11 
47 
98 
17 
73 
8 
99 
82 
31 
70 
45 
50 
15 
58 
42 
67 
25 
# clone tree 36 objective: 4.44806
0 84 64 
64 73 24 18 
18 70 55 
55 80 88 
88 60 
60 42 19 75 
75 53 16 33 
33 3 9 
9 50 48 
48 49 36 37 32 
32 71 29 
29 68 39 
39 31 78 56 
56 72 81 21 
21 13 91 
37 23 30 
30 62 44 
91 58 57 54 
44 90 
90 74 
54 95 
36 25 26 
13 34 4 63 
74 85 66 
94 20 
81 59 14 
95 94 
43 79 
26 43 
79 7 
66 10 
20 96 
14 99 38 
7 28 
24 65 92 
16 15 2 
28 1 
10 46 
62 61 
85 69 
61 89 
63 51 
19 52 
2 87 
51 22 
69 76 
96 93 
22 27 
80 5 
46 8 
38 
78 
1 11 
72 
49 86 
71 77 
59 
52 97 
77 12 
89 83 
23 6 
92 
3 40 
87 
65 45 
93 
4 
68 
86 41 
76 47 
35 
84 
83 82 
40 35 
57 
5 98 
41 
53 
27 
97 
12 
6 
34 17 
11 
47 67 
98 
17 
73 
8 
99 
82 
31 
70 
45 
50 
15 
58 
42 
67 
25 
# clone tree 37 objective: 4.44806
0 84 64 
64 73 24 18 
18 70 55 
55 80 88 
88 60 
60 42 19 75 
75 53 16 33 
33 3 9 
9 50 48 
48 49 36 37 32 
32 71 29 
29 68 39 
39 31 78 56 
56 72 81 21 
21 13 91 
37 23 30 
30 62 44 
91 58 57 54 
44 90 
90 67 74 
54 95 
36 26 
13 34 4 63 
74 85 66 
94 20 
81 59 14 
95 94 
43 79 
26 43 
79 7 
66 10 
20 96 
14 99 38 
7 28 
24 65 92 
16 15 2 
28 1 
10 46 
62 61 
85 69 
61 89 
63 51 
19 52 
2 87 
51 22 
69 76 
96 93 
22 27 
80 5 
46 8 
38 25 
78 
1 11 
72 
49 86 
71 77 
59 
52 97 
77 12 
89 83 
23 6 
92 
3 40 
87 
65 45 
93 
4 
68 
86 41 
76 47 
35 
84 
83 82 
40 35 
57 
5 98 
41 
53 
27 
97 
12 
6 
34 17 
11 
47 
98 
17 
73 
8 
99 
82 
31 
70 
45 
50 
15 
58 
42 
67 
25 
# clone tree 38 objective: 4.44806
0 84 64 
64 73 24 18 
18 70 55 
55 80 88 
88 60 
60 19 75 
75 67 53 16 33 
33 3 9 
9 50 48 
48 49 36 37 32 
32 71 29 
29 68 39 
39 58 31 78 56 
56 72 81 21 
21 13 91 
37 23 30 
30 62 44 
91 57 54 
44 90 
90 74 
54 95 
36 26 
13 34 4 63 
74 85 66 
94 20 
81 59 14 
95 94 
43 79 
26 43 
79 7 
66 10 
20 96 
14 99 38 
7 28 
24 65 92 
16 15 2 
28 1 
10 46 
62 61 
85 69 
61 89 
63 51 
19 52 
2 87 
51 22 
69 76 
96 93 
22 27 
80 5 
46 8 
38 
78 
1 11 
72 
49 86 
71 25 77 
59 
52 97 
77 12 
89 83 
23 6 
92 
3 40 
87 
65 45 
93 
4 
68 
86 41 
76 47 
35 
84 
83 82 
40 35 
57 
5 98 
41 
53 
27 
97 
12 
6 42 
34 17 
11 
47 
98 
17 
73 
8 
99 
82 
31 
70 
45 
50 
15 
58 
42 
67 
25 
# clone tree 39 objective: 4.44806
0 84 64 
64 73 24 18 
18 55 
55 58 80 88 
88 60 
60 19 75 
75 53 16 33 
33 3 9 
9 50 48 
48 49 36 37 32 
32 71 29 
29 68 39 
39 31 78 56 
56 72 81 21 
21 13 91 
37 23 30 
30 62 44 
91 57 54 
44 90 
90 74 
54 95 
36 26 
13 34 4 63 
74 85 66 
94 20 
81 59 14 
95 94 
43 79 
26 43 
79 7 
66 10 
20 96 
14 99 38 
7 28 
24 65 92 
16 2 
28 1 
10 67 46 
62 42 61 
85 69 
61 89 
63 51 
19 52 
2 87 
51 22 
69 76 
96 93 
22 27 
80 5 
46 
38 
78 
1 11 
72 
49 70 86 
71 77 
59 
52 97 
77 12 
89 25 83 
23 6 
92 
3 40 
87 8 
65 45 
93 
4 
68 
86 41 
76 47 
35 
84 
83 82 
40 35 
57 
5 98 
41 
53 
27 
97 
12 
6 
34 17 
11 
47 15 
98 
17 
73 
8 
99 
82 
31 
70 
45 
50 
15 
58 
42 
67 
25 
# clone tree 40 objective: 4.44806
0 84 64 
64 73 24 18 
18 70 55 
55 80 88 
88 42 60 
60 19 75 
75 53 16 33 
33 3 9 
9 50 48 
48 49 36 37 32 
32 71 29 
29 68 39 
39 31 78 56 
56 72 81 21 
21 13 91 
37 23 30 
30 62 44 
91 57 54 
44 90 
90 74 
54 58 95 
36 26 
13 34 4 63 
74 85 66 
94 20 
81 59 14 
95 94 
43 79 
26 43 
79 7 
66 10 
20 96 
14 99 38 
7 28 
24 65 92 
16 15 2 
28 1 
10 46 
62 61 
85 69 
61 89 
63 51 
19 52 
2 87 
51 22 
69 76 
96 93 
22 27 
80 5 
46 8 
38 
78 
1 11 
72 
49 86 
71 77 
59 
52 97 
77 12 
89 83 
23 6 
92 
3 40 
87 
65 45 
93 
4 
68 
86 41 
76 47 
35 67 
84 25 
83 82 
40 35 
57 
5 98 
41 
53 
27 
97 
12 
6 
34 17 
11 
47 
98 
17 
73 
8 
99 
82 
31 
70 
45 
50 
15 
58 
42 
67 
25 
# clone tree 41 objective: 4.44806
0 84 64 
64 73 24 18 
18 70 55 
55 80 88 
88 60 
60 42 19 75 
75 53 16 33 
33 3 9 
9 50 48 
48 49 36 37 32 
32 71 29 
29 68 39 
39 31 78 56 
56 72 81 21 
21 13 91 
37 23 30 
30 62 44 
91 58 57 54 
44 90 
90 74 
54 95 
36 26 
13 34 4 63 
74 85 66 
94 20 
81 59 14 
95 94 
43 79 
26 43 
79 7 
66 10 
20 96 
14 99 38 
7 28 
24 65 92 
16 15 2 
28 1 
10 46 
62 61 
85 69 
61 89 
63 51 
19 52 
2 87 
51 22 
69 76 
96 93 
22 27 
80 5 
46 8 
38 
78 
1 11 
72 
49 86 
71 77 
59 
52 97 
77 12 
89 83 
23 6 
92 
3 40 
87 
65 45 
93 67 
4 
68 
86 41 
76 47 
35 
84 
83 82 
40 35 
57 
5 98 
41 
53 
27 
97 
12 
6 
34 17 
11 
47 
98 
17 
73 
8 
99 
82 
31 25 
70 
45 
50 
15 
58 
42 
67 
25 
# clone tree 42 objective: 4.44806
0 84 64 
64 73 24 18 
18 55 
55 58 80 88 
88 60 
60 19 75 
75 53 16 33 
33 3 9 
9 50 48 
48 49 36 37 32 
32 71 29 
29 68 39 
39 31 78 56 
56 72 81 21 
21 13 91 
37 23 30 
30 62 44 
91 57 54 
44 90 
90 74 
54 95 
36 26 
13 34 4 63 
74 85 66 
94 20 
81 59 14 
95 94 
43 79 
26 43 
79 7 
66 10 
20 96 
14 99 38 
7 28 
24 25 65 92 
16 2 
28 1 
10 67 46 
62 42 61 
85 69 
61 89 
63 51 
19 52 
2 87 
51 22 
69 76 
96 93 
22 27 
80 5 
46 
38 
78 
1 11 
72 
49 70 86 
71 77 
59 
52 97 
77 12 
89 83 
23 6 
92 
3 40 
87 8 
65 45 
93 
4 
68 
86 41 
76 47 
35 
84 
83 82 
40 35 
57 
5 98 
41 
53 
27 
97 
12 
6 
34 17 
11 
47 15 
98 
17 
73 
8 
99 
82 
31 
70 
45 
50 
15 
58 
42 
67 
25 
# clone tree 43 objective: 4.44806
0 84 64 
64 73 24 18 
18 55 
55 58 80 88 
88 60 
60 19 75 
75 53 16 33 
33 3 9 
9 50 48 
48 49 36 37 32 
32 71 29 
29 68 39 
39 31 78 56 
56 72 81 21 
21 13 91 
37 23 30 
30 62 44 
91 57 54 
44 90 
90 74 
54 95 
36 26 
13 34 4 63 
74 85 66 
94 20 
81 59 14 
95 94 
43 79 
26 43 
79 7 
66 10 
20 96 
14 99 38 
7 28 
24 65 92 
16 2 
28 1 
10 46 
62 42 61 
85 69 
61 89 
63 51 
19 52 
2 87 
51 22 
69 76 
96 93 
22 27 
80 5 
46 
38 
78 
1 11 
72 
49 70 86 
71 77 
59 
52 97 
77 12 
89 83 
23 6 
92 
3 40 
87 8 
65 45 
93 
4 
68 
86 41 
76 47 
35 
84 
83 82 
40 35 
57 
5 98 
41 
53 
27 
97 
12 
6 
34 67 17 
11 
47 15 
98 
17 
73 
8 
99 
82 
31 
70 
45 
50 
15 
58 25 
42 
67 
25 
# clone tree 44 objective: 4.44806
0 84 64 
64 73 24 18 
18 70 55 
55 80 88 
88 42 60 
60 19 75 
75 53 16 33 
33 3 9 
9 50 48 
48 49 36 37 32 
32 71 29 
29 68 39 
39 31 78 56 
56 72 81 21 
21 13 91 
37 23 30 
30 62 44 
91 57 54 
44 90 
90 74 
54 58 95 
36 26 
13 34 4 63 
74 85 66 
94 20 
81 59 14 
95 94 
43 79 
26 43 
79 7 
66 10 
20 96 
14 99 38 
7 28 
24 65 92 
16 15 2 
28 25 1 
10 67 46 
62 61 
85 69 
61 89 
63 51 
19 52 
2 87 
51 22 
69 76 
96 93 
22 27 
80 5 
46 8 
38 
78 
1 11 
72 
49 86 
71 77 
59 
52 97 
77 12 
89 83 
23 6 
92 
3 40 
87 
65 45 
93 
4 
68 
86 41 
76 47 
35 
84 
83 82 
40 35 
57 
5 98 
41 
53 
27 
97 
12 
6 
34 17 
11 
47 
98 
17 
73 
8 
99 
82 
31 
70 
45 
50 
15 
58 
42 
67 
25 
# clone tree 45 objective: 4.44806
0 84 64 
64 73 24 18 
18 70 55 
55 80 88 
88 42 60 
60 19 75 
75 53 16 33 
33 3 9 
9 50 48 
48 49 36 37 32 
32 71 29 
29 68 39 
39 31 78 56 
56 72 81 21 
21 13 91 
37 23 30 
30 62 44 
91 57 54 
44 90 
90 74 
54 58 95 
36 26 
13 34 4 63 
74 85 66 
94 20 
81 59 14 
95 94 
43 79 
26 43 
79 7 
66 10 
20 96 
14 99 38 
7 28 
24 65 92 
16 15 2 
28 1 
10 46 
62 61 
85 69 
61 89 
63 51 
19 52 
2 25 87 
51 22 
69 76 
96 93 
22 27 
80 5 
46 8 
38 
78 
1 11 
72 
49 86 
71 77 
59 
52 97 
77 12 
89 83 
23 6 
92 
3 40 
87 
65 45 
93 
4 
68 
86 41 
76 47 
35 
84 
83 82 
40 35 
57 
5 98 
41 
53 67 
27 
97 
12 
6 
34 17 
11 
47 
98 
17 
73 
8 
99 
82 
31 
70 
45 
50 
15 
58 
42 
67 
25 
# clone tree 46 objective: 4.44806
0 84 64 
64 73 24 18 
18 55 
55 80 88 
88 60 
60 19 75 
75 67 53 16 33 
33 3 9 
9 50 48 
48 49 36 37 32 
32 71 29 
29 68 39 
39 31 78 56 
56 72 81 21 
21 13 91 
37 23 30 
30 62 44 
91 57 54 
44 90 
90 74 
54 58 95 
36 26 
13 34 4 63 
74 85 66 
94 20 
81 59 14 
95 94 
43 79 
26 43 
79 7 
66 10 
20 96 
14 99 38 
7 28 
24 65 92 
16 42 2 
28 1 
10 46 
62 61 
85 69 
61 89 
63 51 
19 52 
2 87 
51 22 
69 76 
96 93 
22 27 
80 5 
46 
38 
78 
1 11 
72 
49 70 86 
71 77 
59 
52 97 
77 12 
89 83 
23 6 
92 
3 40 
87 8 
65 45 
93 
4 
68 
86 41 
76 47 
35 
84 
83 82 
40 35 
57 
5 98 
41 
53 
27 
97 
12 25 
6 
34 17 
11 
47 15 
98 
17 
73 
8 
99 
82 
31 
70 
45 
50 
15 
58 
42 
67 
25 
# clone tree 47 objective: 4.44806
0 84 64 
64 73 24 18 
18 55 
55 80 88 
88 60 
60 19 75 
75 53 16 33 
33 3 9 
9 50 48 
48 49 36 37 32 
32 71 29 
29 68 39 
39 31 78 56 
56 72 81 21 
21 13 91 
37 67 23 30 
30 62 44 
91 57 54 
44 90 
90 74 
54 58 95 
36 26 
13 34 4 63 
74 85 66 
94 20 
81 59 14 
95 94 
43 79 
26 43 
79 7 
66 10 
20 96 
14 99 38 
7 28 
24 65 92 
16 42 2 
28 1 
10 46 
62 25 61 
85 69 
61 89 
63 51 
19 52 
2 87 
51 22 
69 76 
96 93 
22 27 
80 5 
46 
38 
78 
1 11 
72 
49 70 86 
71 77 
59 
52 97 
77 12 
89 83 
23 6 
92 
3 40 
87 8 
65 45 
93 
4 
68 
86 41 
76 47 
35 
84 
83 82 
40 35 
57 
5 98 
41 
53 
27 
97 
12 
6 
34 17 
11 
47 15 
98 
17 
73 
8 
99 
82 
31 
70 
45 
50 
15 
58 
42 
67 
25 
# clone tree 48 objective: 4.44806
0 84 64 
64 73 24 18 
18 70 55 
55 80 88 
88 60 
60 42 19 75 
75 53 16 33 
33 3 9 
9 50 48 
48 49 36 37 32 
32 71 29 
29 68 39 
39 31 78 56 
56 72 81 21 
21 13 91 
37 23 30 
30 62 44 
91 58 57 54 
44 90 
90 74 
54 95 
36 26 
13 34 4 63 
74 85 66 
94 20 
81 59 14 
95 94 
43 79 
26 43 
79 7 
66 10 
20 96 
14 99 38 
7 28 
24 65 92 
16 15 2 
28 1 
10 46 
62 61 
85 69 
61 89 
63 51 
19 52 
2 87 
51 22 
69 76 
96 93 
22 27 
80 5 
46 8 
38 
78 
1 11 
72 
49 86 
71 77 
59 
52 97 
77 12 
89 83 
23 6 
92 
3 40 
87 25 
65 45 
93 
4 
68 
86 41 
76 47 
35 
84 
83 82 
40 35 
57 
5 98 
41 
53 
27 
97 
12 
6 
34 17 
11 
47 
98 
17 
73 
8 
99 
82 67 
31 
70 
45 
50 
15 
58 
42 
67 
25 
# clone tree 49 objective: 4.44806
0 84 64 
64 73 24 18 
18 70 55 
55 80 88 
88 60 
60 42 19 75 
75 53 16 33 
33 3 9 
9 50 48 
48 49 36 37 32 
32 71 29 
29 68 39 
39 31 78 56 
56 72 81 21 
21 13 91 
37 23 30 
30 62 44 
91 58 57 54 
44 90 
90 74 
54 95 
36 26 
13 34 4 63 
74 85 66 
94 20 
81 59 14 
95 94 
43 79 
26 43 
79 7 
66 10 
20 96 
14 99 38 
7 28 
24 65 92 
16 15 2 
28 1 
10 46 
62 61 
85 69 
61 89 
63 51 
19 52 
2 87 
51 22 
69 76 
96 93 
22 27 
80 5 
46 8 
38 
78 
1 11 
72 
49 86 
71 77 
59 
52 97 
77 12 
89 83 
23 6 
92 
3 40 
87 
65 45 
93 
4 
68 
86 41 
76 47 
35 67 
84 
83 25 82 
40 35 
57 
5 98 
41 
53 
27 
97 
12 
6 
34 17 
11 
47 
98 
17 
73 
8 
99 
82 
31 
70 
45 
50 
15 
58 
42 
67 
25 
