0 85 10 
10 56 7 
7 92 52 36 
36 67 
67 33 
33 32 79 76 
76 30 29 
3 22 
29 14 
14 3 
22 27 45 83 68 
68 64 21 
21 53 69 25 
25 51 99 20 63 
66 93 16 80 82 
63 87 66 
73 65 
82 28 73 
65 6 40 
77 19 70 42 
40 4 77 
42 58 48 
48 86 9 
9 1 
26 62 50 
1 95 78 
78 26 
50 5 
5 84 47 
70 91 57 
11 97 18 24 
85 11 
69 96 72 49 
47 41 
56 15 34 
43 90 
49 74 
57 43 
80 46 
24 89 
41 31 
62 8 
79 59 
31 23 
4 75 
89 17 
28 61 
75 35 2 
34 54 
86 55 
84 37 
19 
59 
72 
91 71 
15 
30 
96 
46 94 
90 
52 44 
32 81 
64 12 
16 
81 
87 
8 
53 
83 
20 98 
2 
37 
74 88 
55 
99 
58 
45 60 
54 
71 
6 
94 39 
92 
61 
13 
51 
95 
17 
88 13 
44 
23 
12 38 
38 
35 
60 
93 
39 
18 
27 
97 
98 
