# clone tree 0 objective: 4.57236
0 81 
81 18 72 
72 60 
60 71 
30 47 
13 39 74 46 
71 66 30 
47 13 
46 86 25 
25 92 
92 29 62 
74 54 77 32 
32 16 9 87 
62 61 38 88 
88 10 68 
87 73 23 
23 57 
68 15 64 
57 80 83 
9 59 51 8 
38 20 76 
83 70 67 
8 26 
67 14 
76 69 50 
26 89 3 
50 28 
64 43 
3 6 22 
1 63 37 
15 78 82 
14 1 
37 65 
28 7 
82 84 
41 85 90 21 
65 55 
43 49 
61 79 
10 34 
22 94 
79 41 
7 97 
84 19 27 
80 42 11 
16 5 
55 99 52 
49 35 
34 48 
77 17 44 
70 
86 96 
27 24 
5 31 95 
21 4 
97 45 
29 36 
52 
35 
99 33 
94 91 
44 40 
18 12 
96 
11 58 
24 75 
20 
45 53 
63 
36 
33 
39 
95 
6 
89 
4 56 
91 
90 
19 
48 2 
69 
54 
31 98 
66 
85 
98 
75 
12 
78 
53 93 
58 
56 
73 
17 
51 
42 
2 
59 
93 
40 
# clone tree 1 objective: 4.57236
0 81 
81 18 72 
72 60 
60 71 
30 47 
13 85 39 74 46 
71 30 
47 13 
46 86 25 
25 92 
92 29 62 
74 54 77 32 
32 16 9 87 
62 61 38 88 
88 10 68 
87 73 23 
23 57 
68 15 64 
57 80 83 
9 51 8 
38 20 76 
83 70 67 
8 26 
67 14 
76 69 50 
26 93 89 3 
50 28 
64 43 
3 6 22 
1 63 37 
15 78 82 
14 1 
37 65 
28 7 
82 84 
41 90 21 
65 55 
43 12 49 
61 79 
10 34 
22 94 
79 41 
7 97 
84 19 27 
80 42 11 
16 5 
55 99 52 
49 35 
34 48 
77 17 44 
70 59 
86 96 
27 24 
5 31 95 
21 4 
97 45 
29 36 
52 66 
35 2 
99 33 
94 91 
44 
18 
96 
11 58 
24 75 
20 
45 53 
63 
36 
33 
39 
95 
6 
89 
4 56 
91 40 
90 
19 
48 
69 
54 
31 98 
66 
85 
98 
75 
12 
78 
53 
58 
56 
73 
17 
51 
42 
2 
59 
93 
40 
# clone tree 2 objective: 4.57236
0 81 
81 18 72 
72 60 
60 71 
30 93 47 
13 85 39 74 46 
71 30 
47 13 
46 86 25 
25 92 
92 29 62 
74 54 77 32 
32 16 9 87 
62 61 38 88 
88 10 68 
87 73 23 
23 57 
68 15 64 
57 80 83 
9 40 51 8 
38 20 76 
83 70 67 
8 26 
67 14 
76 69 50 
26 89 3 
50 28 
64 43 
3 42 6 22 
1 63 37 
15 78 82 
14 56 1 
37 65 
28 7 
82 84 
41 90 21 
65 55 
43 12 49 
61 79 
10 34 
22 94 
79 41 
7 97 
84 19 27 
80 11 
16 5 
55 99 52 
49 35 
34 48 
77 17 44 
70 
86 96 
27 24 
5 31 95 
21 4 
97 45 
29 36 
52 66 
35 
99 33 
94 91 
44 
18 
96 
11 59 58 
24 75 
20 
45 53 
63 
36 
33 
39 
95 
6 
89 
4 
91 
90 
19 
48 2 
69 
54 
31 98 
66 
85 
98 
75 
12 
78 
53 
58 
56 
73 
17 
51 
42 
2 
59 
93 
40 
# clone tree 3 objective: 4.57236
0 81 
81 18 72 
72 60 
60 71 
30 47 
13 85 39 74 46 
71 30 
47 13 
46 86 25 
25 92 
92 29 62 
74 54 77 32 
32 16 9 87 
62 61 38 88 
88 40 10 68 
87 73 23 
23 57 
68 15 64 
57 80 83 
9 51 8 
38 20 76 
83 70 67 
8 26 
67 14 
76 69 50 
26 89 3 
50 28 
64 43 
3 42 6 22 
1 63 37 
15 78 82 
14 56 1 
37 65 
28 7 
82 84 
41 90 21 
65 55 
43 12 49 
61 79 
10 34 
22 94 
79 41 
7 93 97 
84 19 27 
80 11 
16 5 
55 99 52 
49 35 
34 48 
77 17 44 
70 
86 96 
27 24 
5 31 95 
21 4 
97 45 
29 36 
52 66 
35 59 
99 33 
94 91 
44 
18 
96 
11 58 
24 75 
20 
45 53 
63 
36 
33 
39 
95 
6 
89 
4 
91 
90 
19 
48 2 
69 
54 
31 98 
66 
85 
98 
75 
12 
78 
53 
58 
56 
73 
17 
51 
42 
2 
59 
93 
40 
# clone tree 4 objective: 4.57236
0 81 
81 18 72 
72 60 
60 71 
30 93 47 
13 85 39 74 46 
71 30 
47 13 
46 86 25 
25 92 
92 29 62 
74 54 77 32 
32 16 9 87 
62 61 38 88 
88 40 10 68 
87 73 23 
23 57 
68 15 64 
57 80 83 
9 51 8 
38 20 76 
83 70 67 
8 26 
67 14 
76 69 50 
26 89 3 
50 28 
64 43 
3 42 6 22 
1 63 37 
15 78 82 
14 56 1 
37 65 
28 7 
82 84 
41 90 21 
65 55 
43 12 49 
61 79 
10 34 
22 94 
79 41 
7 97 
84 19 27 
80 11 
16 5 
55 99 52 
49 35 
34 48 
77 17 44 
70 
86 96 
27 24 
5 31 95 
21 4 
97 45 
29 36 
52 66 
35 
99 33 
94 91 
44 
18 
96 
11 59 58 
24 75 
20 
45 53 
63 
36 
33 
39 
95 
6 
89 
4 
91 
90 
19 
48 2 
69 
54 
31 98 
66 
85 
98 
75 
12 
78 
53 
58 
56 
73 
17 
51 
42 
2 
59 
93 
40 
# clone tree 5 objective: 4.57236
0 81 
81 18 72 
72 60 
60 71 
30 47 
13 39 74 46 
71 66 30 
47 13 
46 86 25 
25 92 
92 29 62 
74 54 77 32 
32 16 9 87 
62 61 38 88 
88 10 68 
87 73 23 
23 57 
68 15 64 
57 80 83 
9 59 51 8 
38 20 76 
83 70 67 
8 26 
67 14 
76 69 50 
26 89 3 
50 28 
64 43 
3 6 22 
1 63 37 
15 78 82 
14 1 
37 65 
28 7 
82 84 
41 85 90 21 
65 55 
43 49 
61 79 
10 34 
22 94 
79 41 
7 97 
84 19 27 
80 42 11 
16 5 
55 99 52 
49 35 
34 48 
77 17 44 
70 
86 96 
27 24 
5 31 95 
21 4 
97 45 
29 36 
52 
35 40 93 
99 33 
94 91 
44 
18 12 
96 
11 58 
24 75 
20 
45 53 
63 
36 
33 
39 
95 
6 
89 
4 56 
91 
90 
19 
48 2 
69 
54 
31 98 
66 
85 
98 
75 
12 
78 
53 
58 
56 
73 
17 
51 
42 
2 
59 
93 
40 
# clone tree 6 objective: 4.57236
0 81 
81 18 72 
72 60 
60 71 
30 93 47 
13 85 39 74 46 
71 30 
47 13 
46 86 25 
25 92 
92 29 62 
74 40 54 77 32 
32 16 9 87 
62 61 38 88 
88 10 68 
87 73 23 
23 57 
68 15 64 
57 80 83 
9 51 8 
38 20 76 
83 70 67 
8 26 
67 14 
76 69 50 
26 89 3 
50 28 
64 43 
3 6 22 
1 63 37 
15 78 82 
14 1 
37 65 
28 7 
82 84 
41 90 21 
65 55 
43 12 49 
61 79 
10 34 
22 94 
79 41 
7 97 
84 19 27 
80 42 11 
16 5 
55 99 52 
49 35 
34 48 
77 17 44 
70 59 
86 96 
27 24 
5 31 95 
21 4 
97 45 
29 36 
52 66 
35 2 
99 33 
94 91 
44 
18 
96 
11 58 
24 75 
20 
45 53 
63 
36 
33 
39 
95 
6 
89 
4 56 
91 
90 
19 
48 
69 
54 
31 98 
66 
85 
98 
75 
12 
78 
53 
58 
56 
73 
17 
51 
42 
2 
59 
93 
40 
# clone tree 7 objective: 4.57236
0 81 
81 18 72 
72 60 
60 71 
30 47 
13 39 74 46 
71 66 30 
47 13 
46 86 25 
25 92 
92 29 62 
74 54 77 32 
32 16 9 87 
62 61 38 88 
88 10 68 
87 73 23 
23 57 
68 15 64 
57 80 83 
9 59 51 8 
38 20 76 
83 70 67 
8 26 
67 14 
76 69 50 
26 89 3 
50 28 
64 43 
3 6 22 
1 63 37 
15 78 82 
14 1 
37 65 
28 7 
82 84 
41 85 90 21 
65 55 
43 49 
61 79 
10 34 
22 94 
79 41 
7 97 
84 19 27 
80 42 11 
16 5 
55 99 52 
49 35 
34 40 48 
77 17 44 
70 
86 96 
27 24 
5 31 95 
21 4 
97 45 
29 36 
52 
35 93 
99 33 
94 91 
44 
18 12 
96 
11 58 
24 75 
20 
45 53 
63 
36 
33 
39 
95 
6 
89 
4 56 
91 
90 
19 
48 2 
69 
54 
31 98 
66 
85 
98 
75 
12 
78 
53 
58 
56 
73 
17 
51 
42 
2 
59 
93 
40 
# clone tree 8 objective: 4.57236
0 81 
81 18 72 
72 60 
60 71 
30 93 47 
13 85 39 74 46 
71 30 
47 13 
46 86 25 
25 92 
92 29 62 
74 40 54 77 32 
32 16 9 87 
62 61 38 88 
88 10 68 
87 73 23 
23 57 
68 15 64 
57 80 83 
9 51 8 
38 20 76 
83 70 67 
8 26 
67 14 
76 69 50 
26 89 3 
50 28 
64 43 
3 42 6 22 
1 63 37 
15 78 82 
14 56 1 
37 65 
28 7 
82 84 
41 90 21 
65 55 
43 12 49 
61 79 
10 34 
22 94 
79 41 
7 97 
84 19 27 
80 11 
16 5 
55 99 52 
49 35 
34 48 
77 17 44 
70 
86 96 
27 24 
5 31 95 
21 4 
97 45 
29 36 
52 66 
35 
99 33 
94 91 
44 
18 
96 
11 59 58 
24 75 
20 
45 53 
63 
36 
33 
39 
95 
6 
89 
4 
91 
90 
19 
48 2 
69 
54 
31 98 
66 
85 
98 
75 
12 
78 
53 
58 
56 
73 
17 
51 
42 
2 
59 
93 
40 
# clone tree 9 objective: 4.57236
0 81 
81 18 72 
72 60 
60 71 
30 47 
13 39 74 46 
71 66 30 
47 13 
46 86 25 
25 92 
92 29 62 
74 54 77 32 
32 16 9 87 
62 61 38 88 
88 10 68 
87 73 23 
23 57 
68 15 64 
57 80 83 
9 59 51 8 
38 20 76 
83 70 67 
8 26 
67 14 
76 69 50 
26 89 3 
50 28 
64 43 
3 6 22 
1 63 37 
15 78 82 
14 1 
37 65 
28 7 
82 84 
41 85 90 21 
65 55 
43 49 
61 79 
10 34 
22 94 
79 41 
7 97 
84 19 27 
80 42 11 
16 5 
55 99 52 
49 35 
34 48 
77 17 44 
70 
86 96 
27 24 
5 31 95 
21 4 
97 45 
29 36 
52 
35 93 
99 33 
94 91 
44 
18 12 
96 
11 58 
24 75 
20 
45 53 
63 
36 
33 
39 
95 
6 
89 
4 56 
91 
90 
19 
48 2 
69 
54 
31 98 
66 
85 
98 
75 
12 
78 
53 
58 
56 
73 
17 40 
51 
42 
2 
59 
93 
40 
