# clone tree 0 objective: 3.6072
0 15 47 
47 26 91 75 
75 12 
12 16 
16 62 51 58 
58 13 52 6 93 
93 97 72 30 76 
76 71 9 
67 32 41 1 57 21 
9 5 38 67 
21 27 73 
73 66 44 92 
92 39 23 
23 7 
7 54 46 22 50 
50 79 87 33 
57 19 
33 83 
19 61 
18 64 
61 20 
30 18 
83 34 14 
64 56 
14 53 
20 4 
56 2 
4 31 
2 90 78 
1 85 69 
39 17 68 
53 40 48 24 
68 35 
31 55 
27 80 8 
44 89 
78 42 
55 98 10 
35 74 
8 37 
72 63 
24 25 
69 70 
34 84 
71 82 
6 96 
96 81 
42 43 
84 65 
87 59 77 
10 29 
89 36 
48 3 
41 
91 
25 94 
74 88 
38 
85 
81 
60 
90 60 
77 
63 
26 11 
3 
43 28 
51 
15 45 
65 95 
17 
62 
52 
98 99 
22 
32 
5 
82 86 
70 
66 
36 
40 
79 
11 
37 
88 
46 
94 
99 
29 
59 
45 
95 
80 
86 
97 
28 49 
13 
49 
54 
# clone tree 1 objective: 3.6072
0 15 47 
47 26 91 75 
75 12 
12 16 
16 62 51 58 
58 52 6 93 
93 97 72 30 76 
76 71 9 
67 32 41 1 57 21 
9 5 38 67 
21 54 27 73 
73 66 44 92 
92 39 23 
23 7 
7 46 22 50 
50 79 87 33 
57 19 
33 83 
19 61 
18 64 
61 20 
30 18 
83 34 14 
64 56 
14 53 
20 4 
56 2 
4 31 
2 90 78 
1 85 69 
39 17 68 
53 40 48 24 
68 35 
31 55 
27 80 8 
44 89 
78 42 
55 13 98 10 
35 74 
8 37 
72 63 
24 25 
69 70 
34 84 
71 82 
6 96 
96 81 
42 43 
84 65 
87 59 77 
10 29 
89 36 
48 3 
41 
91 
25 94 
74 88 
38 
85 
81 
60 
90 60 
77 
63 
26 11 
3 
43 
51 
15 45 
65 95 
17 
62 
52 
98 99 
22 
32 
5 49 
82 86 
70 
66 
36 
40 
79 
11 
37 
88 28 
46 
94 
99 
29 
59 
45 
95 
80 
86 
97 
28 
13 
49 
54 
# clone tree 2 objective: 3.6072
0 15 47 
47 46 26 91 75 
75 5 12 
12 86 43 16 
16 62 51 58 
58 6 93 
93 94 72 30 76 
76 71 9 
67 32 41 1 57 21 
9 38 67 
21 27 73 
73 66 44 92 
92 39 23 
23 7 
7 22 50 
50 79 87 33 
57 19 
33 83 
19 61 
18 64 
61 20 
30 18 
83 34 14 
64 56 
14 53 
20 52 4 
56 2 
4 31 
2 28 90 78 
1 85 69 
39 17 68 
53 40 48 24 
68 49 35 
31 55 
27 8 
44 89 
78 42 
55 98 10 
35 74 
8 59 37 
72 63 
24 13 25 
69 70 
34 84 
71 82 
6 96 
96 81 
42 
84 65 
87 77 
10 45 29 
89 36 
48 54 3 
41 
91 80 
25 
74 88 
38 
85 
81 
60 
90 60 
77 97 
63 
26 11 
3 
43 
51 
15 
65 95 
17 
62 
52 
98 99 
22 
32 
5 
82 
70 
66 
36 
40 
79 
11 
37 
88 
46 
94 
99 
29 
59 
45 
95 
80 
86 
97 
28 
13 
49 
54 
# clone tree 3 objective: 3.6072
0 28 15 47 
47 26 91 75 
75 12 
12 16 
16 49 62 51 58 
58 52 6 93 
93 43 72 30 76 
76 71 9 
67 32 41 1 57 21 
9 5 38 67 
21 54 27 73 
73 66 44 92 
92 39 23 
23 7 
7 46 22 50 
50 79 87 33 
57 19 
33 83 
19 61 
18 64 
61 97 20 
30 18 
83 34 14 
64 13 56 
14 53 
20 4 
56 2 
4 70 31 
2 90 78 
1 85 69 
39 94 17 68 
53 40 48 24 
68 35 
31 55 
27 8 
44 89 
78 42 
55 98 10 
35 74 
8 37 
72 63 
24 25 
69 
34 84 
71 80 82 
6 96 
96 81 
42 
84 65 
87 59 77 
10 29 
89 36 
48 3 
41 
91 
25 
74 88 
38 
85 
81 
60 
90 60 
77 
63 45 
26 11 
3 
43 
51 
15 
65 95 
17 
62 
52 
98 99 
22 
32 
5 
82 86 
70 
66 
36 
40 
79 
11 
37 
88 
46 
94 
99 
29 
59 
45 
95 
80 
86 
97 
28 
13 
49 
54 
# clone tree 4 objective: 3.6072
0 15 47 
47 46 26 91 75 
75 5 12 
12 86 43 16 
16 62 51 58 
58 6 93 
93 94 72 30 76 
76 71 9 
67 32 41 1 57 21 
9 38 67 
21 27 73 
73 66 44 92 
92 39 23 
23 7 
7 22 50 
50 79 87 33 
57 19 
33 83 
19 61 
18 64 
61 20 
30 18 
83 34 14 
64 56 
14 53 
20 52 4 
56 2 
4 31 
2 28 90 78 
1 85 69 
39 17 68 
53 40 48 24 
68 35 
31 55 
27 8 
44 89 
78 42 
55 98 10 
35 74 
8 59 37 
72 63 
24 25 
69 70 
34 84 
71 82 
6 96 
96 81 
42 
84 65 
87 77 
10 45 29 
89 13 36 
48 3 
41 
91 49 80 
25 
74 88 
38 
85 
81 
60 
90 60 
77 97 
63 
26 11 
3 
43 
51 
15 
65 95 
17 
62 
52 
98 99 
22 
32 
5 
82 54 
70 
66 
36 
40 
79 
11 
37 
88 
46 
94 
99 
29 
59 
45 
95 
80 
86 
97 
28 
13 
49 
54 
# clone tree 5 objective: 3.6072
0 15 47 
47 46 26 91 75 
75 5 12 
12 86 43 16 
16 62 51 58 
58 6 93 
93 94 72 30 76 
76 71 9 
67 32 41 1 57 21 
9 38 67 
21 27 73 
73 66 44 92 
92 39 23 
23 7 
7 22 50 
50 79 87 33 
57 19 
33 83 
19 61 
18 64 
61 20 
30 18 
83 34 14 
64 56 
14 53 
20 52 4 
56 2 
4 31 
2 28 90 78 
1 85 69 
39 17 68 
53 40 48 24 
68 49 35 
31 55 
27 8 
44 89 
78 42 
55 98 10 
35 74 
8 59 37 
72 63 
24 13 25 
69 70 
34 84 
71 82 
6 96 
96 81 
42 
84 65 
87 77 
10 45 29 
89 36 
48 3 
41 
91 54 80 
25 
74 88 
38 
85 
81 
60 
90 60 
77 97 
63 
26 11 
3 
43 
51 
15 
65 95 
17 
62 
52 
98 99 
22 
32 
5 
82 
70 
66 
36 
40 
79 
11 
37 
88 
46 
94 
99 
29 
59 
45 
95 
80 
86 
97 
28 
13 
49 
54 
# clone tree 6 objective: 3.6072
0 15 47 
47 46 26 91 75 
75 5 12 
12 86 43 16 
16 62 51 58 
58 6 93 
93 94 72 30 76 
76 71 9 
67 32 41 1 57 21 
9 38 67 
21 27 73 
73 66 44 92 
92 39 23 
23 7 
7 22 50 
50 79 87 33 
57 19 
33 83 
19 61 
18 64 
61 20 
30 18 
83 34 14 
64 56 
14 53 
20 52 4 
56 2 
4 31 
2 28 90 78 
1 85 69 
39 17 68 
53 40 48 24 
68 35 
31 55 
27 8 
44 89 
78 42 
55 98 10 
35 74 
8 59 37 
72 63 
24 25 
69 70 
34 84 
71 82 
6 96 
96 81 
42 
84 65 
87 77 
10 45 29 
89 13 36 
48 3 
41 
91 49 80 
25 
74 88 
38 
85 
81 
60 
90 60 
77 97 
63 
26 11 
3 
43 
51 
15 
65 95 
17 
62 
52 
98 99 
22 
32 
5 
82 
70 
66 
36 
40 
79 
11 
37 
88 
46 
94 
99 
29 54 
59 
45 
95 
80 
86 
97 
28 
13 
49 
54 
# clone tree 7 objective: 3.6072
0 15 47 
47 26 91 75 
75 12 
12 16 
16 62 51 58 
58 28 52 6 93 
93 72 30 76 
76 71 9 
67 32 41 1 57 21 
9 5 38 67 
21 27 73 
73 66 44 92 
92 39 23 
23 7 
7 46 22 50 
50 79 87 33 
57 19 
33 83 
19 61 
18 64 
61 20 
30 18 
83 34 14 
64 56 
14 53 
20 4 
56 54 2 
4 31 
2 90 78 
1 85 69 
39 17 68 
53 40 48 24 
68 35 
31 55 
27 8 
44 89 
78 42 
55 98 10 
35 74 
8 37 
72 63 
24 25 
69 70 
34 84 
71 82 
6 96 
96 49 81 
42 43 
84 65 
87 59 77 
10 29 
89 36 
48 3 
41 
91 80 
25 94 
74 88 
38 
85 
81 45 
60 
90 60 
77 
63 97 
26 11 
3 
43 
51 
15 
65 86 95 
17 
62 
52 
98 99 
22 
32 
5 13 
82 
70 
66 
36 
40 
79 
11 
37 
88 
46 
94 
99 
29 
59 
45 
95 
80 
86 
97 
28 
13 
49 
54 
# clone tree 8 objective: 3.6072
0 15 47 
47 46 26 91 75 
75 5 12 
12 86 43 16 
16 62 51 58 
58 6 93 
93 94 72 30 76 
76 71 9 
67 32 41 1 57 21 
9 38 67 
21 27 73 
73 66 44 92 
92 39 23 
23 7 
7 22 50 
50 79 87 33 
57 19 
33 83 
19 61 
18 64 
61 20 
30 18 
83 34 14 
64 56 
14 53 
20 52 4 
56 2 
4 31 
2 28 90 78 
1 85 69 
39 17 68 
53 40 48 24 
68 35 
31 55 
27 8 
44 89 
78 42 
55 98 10 
35 74 
8 59 37 
72 63 
24 25 
69 70 
34 84 
71 82 
6 96 
96 81 
42 
84 65 
87 77 
10 45 29 
89 13 36 
48 3 
41 
91 49 80 
25 
74 88 
38 
85 
81 
60 
90 60 
77 97 
63 
26 11 
3 
43 
51 
15 
65 95 
17 
62 
52 
98 99 
22 
32 
5 
82 
70 
66 54 
36 
40 
79 
11 
37 
88 
46 
94 
99 
29 
59 
45 
95 
80 
86 
97 
28 
13 
49 
54 
# clone tree 9 objective: 3.6072
0 15 47 
47 46 26 91 75 
75 5 12 
12 86 43 16 
16 62 51 58 
58 6 93 
93 94 72 30 76 
76 71 9 
67 32 41 1 57 21 
9 38 67 
21 27 73 
73 66 44 92 
92 39 23 
23 7 
7 22 50 
50 79 87 33 
57 19 
33 54 83 
19 61 
18 64 
61 20 
30 18 
83 34 14 
64 56 
14 53 
20 52 4 
56 2 
4 31 
2 28 90 78 
1 85 69 
39 17 68 
53 40 48 24 
68 49 35 
31 55 
27 8 
44 89 
78 42 
55 98 10 
35 74 
8 59 37 
72 63 
24 13 25 
69 70 
34 84 
71 82 
6 96 
96 81 
42 
84 65 
87 77 
10 45 29 
89 36 
48 3 
41 
91 80 
25 
74 88 
38 
85 
81 
60 
90 60 
77 97 
63 
26 11 
3 
43 
51 
15 
65 95 
17 
62 
52 
98 99 
22 
32 
5 
82 
70 
66 
36 
40 
79 
11 
37 
88 
46 
94 
99 
29 
59 
45 
95 
80 
86 
97 
28 
13 
49 
54 
# clone tree 10 objective: 3.6072
0 15 47 
47 26 91 75 
75 12 
12 16 
16 28 62 51 58 
58 54 52 6 93 
93 43 72 30 76 
76 71 9 
67 32 41 1 57 21 
9 5 38 67 
21 13 27 73 
73 66 44 92 
92 39 23 
23 7 
7 46 22 50 
50 79 87 33 
57 19 
33 83 
19 61 
18 64 
61 20 
30 18 
83 34 14 
64 56 
14 53 
20 4 
56 2 
4 70 31 
2 90 78 
1 85 69 
39 94 17 68 
53 40 48 24 
68 49 35 
31 55 
27 8 
44 89 
78 42 
55 98 10 
35 74 
8 37 
72 63 
24 25 
69 
34 84 
71 80 82 
6 96 
96 81 
42 
84 65 
87 59 77 
10 29 
89 36 
48 3 
41 
91 
25 
74 88 
38 
85 
81 
60 
90 60 
77 
63 45 
26 11 
3 
43 
51 
15 
65 95 
17 
62 
52 
98 99 
22 
32 
5 
82 86 
70 
66 
36 
40 
79 97 
11 
37 
88 
46 
94 
99 
29 
59 
45 
95 
80 
86 
97 
28 
13 
49 
54 
# clone tree 11 objective: 3.6072
0 15 47 
47 26 91 75 
75 12 
12 49 16 
16 62 51 58 
58 52 6 93 
93 13 97 72 30 76 
76 71 9 
67 32 41 1 57 21 
9 5 38 67 
21 27 73 
73 66 44 92 
92 39 23 
23 7 
7 46 22 50 
50 79 87 33 
57 19 
33 83 
19 61 
18 64 
61 20 
30 18 
83 34 14 
64 56 
14 53 
20 4 
56 2 
4 31 
2 90 78 
1 85 69 
39 17 68 
53 40 48 24 
68 35 
31 55 
27 80 8 
44 89 
78 42 
55 98 10 
35 74 
8 37 
72 63 
24 25 
69 70 
34 84 
71 82 
6 96 
96 81 
42 43 
84 65 
87 59 77 
10 29 
89 36 
48 3 
41 
91 
25 94 
74 88 
38 
85 
81 54 
60 
90 60 
77 
63 
26 11 
3 28 
43 
51 
15 45 
65 95 
17 
62 
52 
98 99 
22 
32 
5 
82 86 
70 
66 
36 
40 
79 
11 
37 
88 
46 
94 
99 
29 
59 
45 
95 
80 
86 
97 
28 
13 
49 
54 
# clone tree 12 objective: 3.6072
0 15 47 
47 26 91 75 
75 54 12 
12 16 
16 28 62 51 58 
58 52 6 93 
93 43 72 30 76 
76 71 9 
67 32 41 1 57 21 
9 5 38 67 
21 13 27 73 
73 66 44 92 
92 39 23 
23 7 
7 46 22 50 
50 79 87 33 
57 19 
33 83 
19 61 
18 64 
61 20 
30 18 
83 34 14 
64 56 
14 53 
20 4 
56 2 
4 70 31 
2 90 78 
1 85 69 
39 94 17 68 
53 40 48 24 
68 49 35 
31 55 
27 8 
44 89 
78 42 
55 98 10 
35 74 
8 37 
72 63 
24 25 
69 
34 84 
71 80 82 
6 96 
96 81 
42 
84 65 
87 59 77 
10 29 
89 36 
48 3 
41 
91 
25 
74 88 
38 
85 
81 
60 
90 60 
77 
63 45 
26 11 
3 
43 
51 
15 
65 95 
17 
62 
52 
98 99 
22 
32 
5 
82 86 
70 
66 
36 
40 
79 97 
11 
37 
88 
46 
94 
99 
29 
59 
45 
95 
80 
86 
97 
28 
13 
49 
54 
# clone tree 13 objective: 3.6072
0 15 47 
47 46 26 91 75 
75 5 12 
12 86 43 16 
16 62 51 58 
58 6 93 
93 94 72 30 76 
76 71 9 
67 32 41 1 57 21 
9 38 67 
21 27 73 
73 66 44 92 
92 39 23 
23 7 
7 22 50 
50 79 87 33 
57 19 
33 83 
19 61 
18 64 
61 20 
30 18 
83 34 14 
64 56 
14 53 
20 52 4 
56 2 
4 31 
2 28 90 78 
1 85 69 
39 17 68 
53 40 48 24 
68 49 35 
31 55 
27 8 
44 89 
78 42 
55 98 10 
35 74 
8 59 37 
72 63 
24 13 25 
69 70 
34 84 
71 82 
6 96 
96 54 81 
42 
84 65 
87 77 
10 45 29 
89 36 
48 3 
41 
91 80 
25 
74 88 
38 
85 
81 
60 
90 60 
77 97 
63 
26 11 
3 
43 
51 
15 
65 95 
17 
62 
52 
98 99 
22 
32 
5 
82 
70 
66 
36 
40 
79 
11 
37 
88 
46 
94 
99 
29 
59 
45 
95 
80 
86 
97 
28 
13 
49 
54 
# clone tree 14 objective: 3.6072
0 15 47 
47 26 91 75 
75 12 
12 16 
16 28 62 51 58 
58 52 6 93 
93 43 72 30 76 
76 54 71 9 
67 32 41 1 57 21 
9 5 38 67 
21 13 27 73 
73 66 44 92 
92 39 23 
23 7 
7 46 22 50 
50 79 87 33 
57 19 
33 83 
19 61 
18 64 
61 20 
30 18 
83 34 14 
64 56 
14 53 
20 4 
56 2 
4 70 31 
2 90 78 
1 85 69 
39 94 17 68 
53 40 48 24 
68 49 35 
31 55 
27 8 
44 89 
78 42 
55 98 10 
35 74 
8 37 
72 63 
24 25 
69 
34 84 
71 80 82 
6 96 
96 81 
42 
84 65 
87 59 77 
10 29 
89 36 
48 3 
41 
91 
25 
74 88 
38 
85 
81 
60 
90 60 
77 
63 45 
26 11 
3 
43 
51 
15 
65 95 
17 
62 
52 
98 99 
22 
32 
5 
82 86 
70 
66 
36 
40 
79 97 
11 
37 
88 
46 
94 
99 
29 
59 
45 
95 
80 
86 
97 
28 
13 
49 
54 
# clone tree 15 objective: 3.6072
0 15 47 
47 46 26 91 75 
75 5 12 
12 86 43 16 
16 62 51 58 
58 6 93 
93 94 72 30 76 
76 71 9 
67 32 41 1 57 21 
9 38 67 
21 27 73 
73 66 44 92 
92 39 23 
23 7 
7 22 50 
50 79 87 33 
57 19 
33 83 
19 61 
18 64 
61 20 
30 18 
83 34 14 
64 56 
14 53 
20 52 4 
56 2 
4 31 
2 28 90 78 
1 85 69 
39 17 68 
53 40 48 24 
68 49 35 
31 55 
27 8 
44 89 
78 42 
55 98 10 
35 74 
8 59 37 
72 63 
24 13 25 
69 70 
34 84 
71 82 
6 96 
96 81 
42 
84 65 
87 77 
10 45 29 
89 36 
48 3 
41 
91 80 
25 
74 88 
38 
85 
81 
60 
90 60 
77 97 
63 
26 11 
3 
43 
51 
15 
65 54 95 
17 
62 
52 
98 99 
22 
32 
5 
82 
70 
66 
36 
40 
79 
11 
37 
88 
46 
94 
99 
29 
59 
45 
95 
80 
86 
97 
28 
13 
49 
54 
# clone tree 16 objective: 3.6072
0 15 47 
47 46 26 91 75 
75 5 12 
12 86 43 16 
16 62 51 58 
58 6 93 
93 94 72 30 76 
76 71 9 
67 32 41 1 57 21 
9 38 67 
21 27 73 
73 66 44 92 
92 39 23 
23 7 
7 22 50 
50 79 87 33 
57 19 
33 83 
19 61 
18 64 
61 20 
30 18 
83 34 14 
64 56 
14 53 
20 52 4 
56 2 
4 31 
2 28 90 78 
1 85 69 
39 17 68 
53 40 48 24 
68 35 
31 55 
27 8 
44 89 
78 42 
55 98 10 
35 74 
8 59 37 
72 63 
24 25 
69 70 
34 84 
71 82 
6 96 
96 81 
42 
84 65 
87 77 
10 45 29 
89 13 36 
48 3 
41 
91 49 80 
25 
74 88 
38 54 
85 
81 
60 
90 60 
77 97 
63 
26 11 
3 
43 
51 
15 
65 95 
17 
62 
52 
98 99 
22 
32 
5 
82 
70 
66 
36 
40 
79 
11 
37 
88 
46 
94 
99 
29 
59 
45 
95 
80 
86 
97 
28 
13 
49 
54 
# clone tree 17 objective: 3.6072
0 15 47 
47 26 91 75 
75 12 
12 49 16 
16 62 51 58 
58 52 6 93 
93 13 97 72 30 76 
76 71 9 
67 32 41 1 57 21 
9 5 38 67 
21 27 73 
73 66 44 92 
92 39 23 
23 7 
7 46 22 50 
50 79 87 33 
57 19 
33 83 
19 61 
18 64 
61 20 
30 18 
83 34 14 
64 56 
14 53 
20 4 
56 2 
4 31 
2 90 78 
1 85 69 
39 17 68 
53 40 48 24 
68 35 
31 55 
27 80 8 
44 89 
78 42 
55 98 10 
35 74 
8 37 
72 63 
24 25 
69 70 
34 84 
71 82 
6 96 
96 81 
42 43 
84 65 
87 59 77 
10 29 
89 36 
48 3 
41 
91 
25 94 
74 88 
38 
85 
81 
60 
90 60 
77 54 
63 
26 11 
3 28 
43 
51 
15 45 
65 95 
17 
62 
52 
98 99 
22 
32 
5 
82 86 
70 
66 
36 
40 
79 
11 
37 
88 
46 
94 
99 
29 
59 
45 
95 
80 
86 
97 
28 
13 
49 
54 
# clone tree 18 objective: 3.6072
0 15 47 
47 26 91 75 
75 12 
12 16 
16 62 51 58 
58 13 52 6 93 
93 97 72 30 76 
76 71 9 
67 32 41 1 57 21 
9 5 38 67 
21 27 73 
73 66 44 92 
92 39 23 
23 7 
7 46 22 50 
50 79 87 33 
57 19 
33 83 
19 61 
18 64 
61 20 
30 18 
83 34 14 
64 56 
14 53 
20 4 
56 2 
4 31 
2 90 78 
1 85 69 
39 17 68 
53 40 48 24 
68 35 
31 54 55 
27 80 8 
44 89 
78 42 
55 98 10 
35 74 
8 37 
72 63 
24 25 
69 70 
34 84 
71 82 
6 96 
96 81 
42 43 
84 65 
87 59 77 
10 29 
89 36 
48 3 
41 
91 
25 94 
74 88 
38 
85 
81 
60 
90 60 
77 
63 
26 11 
3 
43 28 
51 
15 45 
65 95 
17 
62 
52 
98 99 
22 
32 
5 
82 86 
70 
66 
36 
40 
79 
11 
37 
88 
46 
94 
99 
29 
59 
45 
95 
80 
86 
97 
28 49 
13 
49 
54 
# clone tree 19 objective: 3.6072
0 15 47 
47 46 26 91 75 
75 5 12 
12 86 43 16 
16 62 51 58 
58 6 93 
93 94 72 30 76 
76 71 9 
67 32 41 1 57 21 
9 38 67 
21 27 73 
73 66 44 92 
92 39 23 
23 7 
7 22 50 
50 79 87 33 
57 19 
33 83 
19 61 
18 64 
61 20 
30 18 
83 34 14 
64 56 
14 53 
20 52 4 
56 2 
4 31 
2 28 90 78 
1 85 69 
39 17 68 
53 40 48 24 
68 49 35 
31 55 
27 8 
44 89 
78 42 
55 98 10 
35 74 
8 59 37 
72 63 
24 13 25 
69 70 
34 84 
71 82 
6 54 96 
96 81 
42 
84 65 
87 77 
10 45 29 
89 36 
48 3 
41 
91 80 
25 
74 88 
38 
85 
81 
60 
90 60 
77 97 
63 
26 11 
3 
43 
51 
15 
65 95 
17 
62 
52 
98 99 
22 
32 
5 
82 
70 
66 
36 
40 
79 
11 
37 
88 
46 
94 
99 
29 
59 
45 
95 
80 
86 
97 
28 
13 
49 
54 
# clone tree 20 objective: 3.6072
0 15 47 
47 46 26 91 75 
75 5 12 
12 86 43 16 
16 62 51 58 
58 6 93 
93 94 72 30 76 
76 71 9 
67 32 41 1 57 21 
9 38 67 
21 27 73 
73 66 44 92 
92 39 23 
23 7 
7 22 50 
50 79 87 33 
57 19 
33 83 
19 61 
18 64 
61 20 
30 18 
83 34 14 
64 56 
14 53 
20 52 4 
56 2 
4 31 
2 28 90 78 
1 85 69 
39 17 68 
53 40 48 24 
68 35 
31 55 
27 8 
44 89 
78 42 
55 98 10 
35 74 
8 59 37 
72 63 
24 25 
69 70 
34 84 
71 82 
6 96 
96 81 
42 
84 65 
87 77 
10 45 29 
89 13 36 
48 3 
41 
91 49 80 
25 
74 88 
38 
85 
81 
60 
90 60 
77 97 
63 
26 11 
3 
43 
51 
15 
65 95 
17 
62 
52 
98 99 
22 
32 
5 
82 
70 
66 
36 
40 
79 
11 
37 
88 
46 
94 
99 
29 
59 
45 54 
95 
80 
86 
97 
28 
13 
49 
54 
# clone tree 21 objective: 3.6072
0 15 47 
47 26 91 75 
75 12 
12 16 
16 62 51 58 
58 52 6 93 
93 43 72 30 76 
76 71 9 
67 32 41 1 57 21 
9 5 38 67 
21 27 73 
73 66 44 92 
92 39 23 
23 7 
7 46 22 50 
50 79 87 33 
57 19 
33 83 
19 61 
18 64 
61 20 
30 18 
83 34 14 
64 56 
14 53 
20 4 
56 2 
4 70 31 
2 90 78 
1 85 69 
39 94 17 68 
53 40 48 24 
68 35 
31 55 
27 8 
44 89 
78 42 
55 98 10 
35 74 
8 37 
72 63 
24 13 25 
69 
34 84 
71 80 82 
6 96 
96 81 
42 
84 65 
87 59 77 
10 54 49 29 
89 36 
48 3 
41 
91 28 
25 97 
74 88 
38 
85 
81 
60 
90 60 
77 
63 45 
26 11 
3 
43 
51 
15 
65 95 
17 
62 
52 
98 99 
22 
32 
5 
82 86 
70 
66 
36 
40 
79 
11 
37 
88 
46 
94 
99 
29 
59 
45 
95 
80 
86 
97 
28 
13 
49 
54 
# clone tree 22 objective: 3.6072
0 15 47 
47 26 91 75 
75 12 
12 16 
16 62 51 58 
58 13 52 6 93 
93 97 72 30 76 
76 71 9 
67 32 41 1 57 21 
9 5 38 67 
21 27 73 
73 66 44 92 
92 39 23 
23 7 
7 46 22 50 
50 79 87 33 
57 19 
33 83 
19 61 
18 64 
61 20 
30 18 
83 34 14 
64 56 
14 53 
20 4 
56 2 
4 54 31 
2 90 78 
1 85 69 
39 17 68 
53 40 48 24 
68 35 
31 55 
27 80 8 
44 89 
78 42 
55 98 10 
35 74 
8 37 
72 63 
24 25 
69 70 
34 84 
71 82 
6 96 
96 81 
42 43 
84 65 
87 59 77 
10 29 
89 36 
48 3 
41 
91 
25 94 
74 88 
38 
85 
81 
60 
90 60 
77 
63 
26 11 
3 
43 28 
51 
15 45 
65 95 
17 
62 
52 
98 99 
22 
32 
5 
82 86 
70 
66 
36 
40 
79 
11 
37 
88 
46 
94 
99 
29 
59 
45 
95 
80 
86 
97 
28 49 
13 
49 
54 
# clone tree 23 objective: 3.6072
0 15 47 
47 26 91 75 
75 12 
12 16 
16 62 51 58 
58 13 52 6 93 
93 54 97 72 30 76 
76 71 9 
67 32 41 1 57 21 
9 5 38 67 
21 27 73 
73 66 44 92 
92 39 23 
23 7 
7 46 22 50 
50 79 87 33 
57 19 
33 83 
19 61 
18 64 
61 20 
30 18 
83 34 14 
64 56 
14 53 
20 4 
56 2 
4 31 
2 90 78 
1 85 69 
39 17 68 
53 40 48 24 
68 35 
31 55 
27 80 8 
44 89 
78 42 
55 98 10 
35 74 
8 37 
72 63 
24 25 
69 70 
34 84 
71 82 
6 96 
96 81 
42 43 
84 65 
87 59 77 
10 29 
89 36 
48 3 
41 
91 
25 94 
74 88 
38 
85 
81 
60 
90 60 
77 
63 
26 11 
3 
43 28 
51 
15 45 
65 95 
17 
62 
52 
98 99 
22 
32 
5 
82 86 
70 
66 
36 
40 
79 
11 
37 
88 
46 
94 
99 
29 
59 
45 
95 
80 
86 
97 
28 49 
13 
49 
54 
# clone tree 24 objective: 3.6072
0 15 47 
47 54 26 91 75 
75 12 
12 16 
16 28 62 51 58 
58 52 6 93 
93 43 72 30 76 
76 71 9 
67 32 41 1 57 21 
9 5 38 67 
21 13 27 73 
73 66 44 92 
92 39 23 
23 7 
7 46 22 50 
50 79 87 33 
57 19 
33 83 
19 61 
18 64 
61 20 
30 18 
83 34 14 
64 56 
14 53 
20 4 
56 2 
4 70 31 
2 90 78 
1 85 69 
39 94 17 68 
53 40 48 24 
68 49 35 
31 55 
27 8 
44 89 
78 42 
55 98 10 
35 74 
8 37 
72 63 
24 25 
69 
34 84 
71 80 82 
6 96 
96 81 
42 
84 65 
87 59 77 
10 29 
89 36 
48 3 
41 
91 
25 
74 88 
38 
85 
81 
60 
90 60 
77 
63 45 
26 11 
3 
43 
51 
15 
65 95 
17 
62 
52 
98 99 
22 
32 
5 
82 86 
70 
66 
36 
40 
79 97 
11 
37 
88 
46 
94 
99 
29 
59 
45 
95 
80 
86 
97 
28 
13 
49 
54 
# clone tree 25 objective: 3.6072
0 15 47 
47 46 26 91 75 
75 5 12 
12 86 43 16 
16 62 51 58 
58 6 93 
93 94 72 30 76 
76 71 9 
67 32 41 1 57 21 
9 38 67 
21 27 73 
73 66 44 92 
92 39 23 
23 7 
7 22 50 
50 79 87 33 
57 19 
33 83 
19 61 
18 64 
61 20 
30 18 
83 34 14 
64 56 
14 53 
20 52 4 
56 2 
4 31 
2 28 90 78 
1 85 69 
39 17 68 
53 40 48 24 
68 35 
31 55 
27 8 
44 89 
78 42 
55 98 10 
35 74 
8 59 37 
72 63 
24 25 
69 70 
34 84 
71 82 
6 96 
96 81 
42 54 
84 65 
87 77 
10 45 29 
89 13 36 
48 3 
41 
91 49 80 
25 
74 88 
38 
85 
81 
60 
90 60 
77 97 
63 
26 11 
3 
43 
51 
15 
65 95 
17 
62 
52 
98 99 
22 
32 
5 
82 
70 
66 
36 
40 
79 
11 
37 
88 
46 
94 
99 
29 
59 
45 
95 
80 
86 
97 
28 
13 
49 
54 
# clone tree 26 objective: 3.6072
0 15 47 
47 26 91 75 
75 12 
12 16 
16 28 62 51 58 
58 52 6 93 
93 43 72 30 76 
76 71 9 
67 32 41 1 57 21 
9 5 38 67 
21 13 27 73 
73 66 44 92 
92 39 23 
23 54 7 
7 46 22 50 
50 79 87 33 
57 19 
33 83 
19 61 
18 64 
61 20 
30 18 
83 34 14 
64 56 
14 53 
20 4 
56 2 
4 70 31 
2 90 78 
1 85 69 
39 94 17 68 
53 40 48 24 
68 49 35 
31 55 
27 8 
44 89 
78 42 
55 98 10 
35 74 
8 37 
72 63 
24 25 
69 
34 84 
71 80 82 
6 96 
96 81 
42 
84 65 
87 59 77 
10 29 
89 36 
48 3 
41 
91 
25 
74 88 
38 
85 
81 
60 
90 60 
77 
63 45 
26 11 
3 
43 
51 
15 
65 95 
17 
62 
52 
98 99 
22 
32 
5 
82 86 
70 
66 
36 
40 
79 97 
11 
37 
88 
46 
94 
99 
29 
59 
45 
95 
80 
86 
97 
28 
13 
49 
54 
# clone tree 27 objective: 3.6072
0 15 47 
47 46 26 91 75 
75 5 12 
12 86 43 16 
16 62 51 58 
58 6 93 
93 94 72 30 76 
76 71 9 
67 32 41 1 57 21 
9 38 67 
21 27 73 
73 66 44 92 
92 39 23 
23 7 
7 22 50 
50 79 87 33 
57 19 
33 83 
19 61 
18 64 
61 20 
30 18 
83 34 14 
64 56 
14 53 
20 52 4 
56 2 
4 31 
2 28 90 78 
1 85 69 
39 17 68 
53 40 48 24 
68 35 
31 55 
27 8 
44 89 
78 42 
55 98 10 
35 74 
8 59 37 
72 63 
24 25 
69 70 
34 84 
71 82 
6 96 
96 81 
42 
84 65 
87 77 
10 45 29 
89 13 36 
48 3 
41 
91 49 80 
25 
74 88 
38 
85 54 
81 
60 
90 60 
77 97 
63 
26 11 
3 
43 
51 
15 
65 95 
17 
62 
52 
98 99 
22 
32 
5 
82 
70 
66 
36 
40 
79 
11 
37 
88 
46 
94 
99 
29 
59 
45 
95 
80 
86 
97 
28 
13 
49 
54 
# clone tree 28 objective: 3.6072
0 15 47 
47 26 91 75 
75 12 
12 16 
16 28 62 51 58 
58 52 6 93 
93 43 72 30 76 
76 71 9 
67 32 41 1 57 21 
9 5 38 67 
21 13 27 73 
73 66 44 92 
92 39 23 
23 7 
7 46 22 50 
50 79 87 33 
57 19 
33 54 83 
19 61 
18 64 
61 20 
30 18 
83 34 14 
64 56 
14 53 
20 4 
56 2 
4 70 31 
2 90 78 
1 85 69 
39 94 17 68 
53 40 48 24 
68 49 35 
31 55 
27 8 
44 89 
78 42 
55 98 10 
35 74 
8 37 
72 63 
24 25 
69 
34 84 
71 80 82 
6 96 
96 81 
42 
84 65 
87 59 77 
10 29 
89 36 
48 3 
41 
91 
25 
74 88 
38 
85 
81 
60 
90 60 
77 
63 45 
26 11 
3 
43 
51 
15 
65 95 
17 
62 
52 
98 99 
22 
32 
5 
82 86 
70 
66 
36 
40 
79 97 
11 
37 
88 
46 
94 
99 
29 
59 
45 
95 
80 
86 
97 
28 
13 
49 
54 
# clone tree 29 objective: 3.6072
0 15 47 
47 26 91 75 
75 12 
12 16 
16 28 62 51 58 
58 52 6 93 
93 43 72 30 76 
76 71 9 
67 32 41 1 57 21 
9 5 38 67 
21 13 27 73 
73 66 44 92 
92 39 23 
23 7 
7 46 22 50 
50 79 87 33 
57 19 
33 83 
19 61 
18 64 
61 20 
30 18 
83 34 14 
64 54 56 
14 53 
20 4 
56 2 
4 70 31 
2 90 78 
1 85 69 
39 94 17 68 
53 40 48 24 
68 49 35 
31 55 
27 8 
44 89 
78 42 
55 98 10 
35 74 
8 37 
72 63 
24 25 
69 
34 84 
71 80 82 
6 96 
96 81 
42 
84 65 
87 59 77 
10 29 
89 36 
48 3 
41 
91 
25 
74 88 
38 
85 
81 
60 
90 60 
77 
63 45 
26 11 
3 
43 
51 
15 
65 95 
17 
62 
52 
98 99 
22 
32 
5 
82 86 
70 
66 
36 
40 
79 97 
11 
37 
88 
46 
94 
99 
29 
59 
45 
95 
80 
86 
97 
28 
13 
49 
54 
# clone tree 30 objective: 3.6072
0 15 47 
47 46 26 91 75 
75 5 12 
12 86 43 16 
16 62 51 58 
58 6 93 
93 94 72 30 76 
76 71 9 
67 32 41 1 57 21 
9 38 67 
21 27 73 
73 66 44 92 
92 39 23 
23 7 
7 22 50 
50 79 87 33 
57 19 
33 83 
19 61 
18 64 
61 20 
30 18 
83 34 14 
64 56 
14 53 
20 52 4 
56 2 
4 31 
2 28 90 78 
1 85 69 
39 17 68 
53 40 48 24 
68 35 
31 55 
27 8 
44 89 
78 42 
55 98 10 
35 74 
8 59 37 
72 63 
24 25 
69 70 
34 84 
71 82 
6 96 
96 81 
42 
84 65 
87 77 
10 45 29 
89 13 36 
48 3 
41 
91 49 80 
25 
74 88 
38 
85 
81 
60 
90 60 
77 97 
63 
26 11 
3 
43 
51 
15 
65 95 
17 
62 
52 
98 99 
22 
32 
5 
82 
70 
66 
36 
40 54 
79 
11 
37 
88 
46 
94 
99 
29 
59 
45 
95 
80 
86 
97 
28 
13 
49 
54 
# clone tree 31 objective: 3.6072
0 15 47 
47 46 26 91 75 
75 5 12 
12 86 43 16 
16 62 51 58 
58 6 93 
93 94 72 30 76 
76 71 9 
67 32 41 1 57 21 
9 38 67 
21 27 73 
73 66 44 92 
92 39 23 
23 7 
7 22 50 
50 79 87 33 
57 19 
33 83 
19 61 
18 64 
61 20 
30 18 
83 34 14 
64 56 
14 53 
20 52 4 
56 2 
4 31 
2 28 90 78 
1 85 69 
39 17 68 
53 40 48 24 
68 35 
31 55 
27 8 
44 89 
78 42 
55 98 10 
35 74 
8 59 37 
72 63 
24 25 
69 70 
34 84 
71 82 
6 96 
96 81 
42 
84 65 
87 77 
10 45 29 
89 13 36 
48 3 
41 
91 49 80 
25 
74 88 
38 
85 
81 
60 
90 60 
77 97 
63 
26 11 
3 
43 
51 
15 
65 95 
17 
62 
52 
98 99 
22 
32 
5 
82 
70 
66 
36 
40 
79 
11 
37 
88 
46 
94 
99 
29 
59 
45 
95 
80 
86 
97 54 
28 
13 
49 
54 
# clone tree 32 objective: 3.6072
0 15 47 
47 26 91 75 
75 12 
12 16 
16 62 51 58 
58 13 52 6 93 
93 97 72 30 76 
76 71 9 
67 32 41 1 57 21 
9 5 38 67 
21 27 73 
73 66 44 92 
92 39 23 
23 7 
7 46 22 50 
50 79 87 33 
57 19 
33 83 
19 61 
18 64 
61 20 
30 18 
83 34 14 
64 56 
14 53 
20 4 
56 2 
4 31 
2 90 78 
1 85 69 
39 54 17 68 
53 40 48 24 
68 35 
31 55 
27 80 8 
44 89 
78 42 
55 98 10 
35 74 
8 37 
72 63 
24 25 
69 70 
34 84 
71 82 
6 96 
96 81 
42 43 
84 65 
87 59 77 
10 29 
89 36 
48 3 
41 
91 
25 94 
74 88 
38 
85 
81 
60 
90 60 
77 
63 
26 11 
3 
43 28 
51 
15 45 
65 95 
17 
62 
52 
98 99 
22 
32 
5 
82 86 
70 
66 
36 
40 
79 
11 
37 
88 
46 
94 
99 
29 
59 
45 
95 
80 
86 
97 
28 49 
13 
49 
54 
# clone tree 33 objective: 3.6072
0 15 47 
47 26 91 75 
75 12 
12 16 
16 28 62 51 58 
58 52 6 93 
93 43 72 30 76 
76 71 9 
67 32 41 1 57 21 
9 5 38 67 
21 13 27 73 
73 66 44 92 
92 54 39 23 
23 7 
7 46 22 50 
50 79 87 33 
57 19 
33 83 
19 61 
18 64 
61 20 
30 18 
83 34 14 
64 56 
14 53 
20 4 
56 2 
4 70 31 
2 90 78 
1 85 69 
39 94 17 68 
53 40 48 24 
68 49 35 
31 55 
27 8 
44 89 
78 42 
55 98 10 
35 74 
8 37 
72 63 
24 25 
69 
34 84 
71 80 82 
6 96 
96 81 
42 
84 65 
87 59 77 
10 29 
89 36 
48 3 
41 
91 
25 
74 88 
38 
85 
81 
60 
90 60 
77 
63 45 
26 11 
3 
43 
51 
15 
65 95 
17 
62 
52 
98 99 
22 
32 
5 
82 86 
70 
66 
36 
40 
79 97 
11 
37 
88 
46 
94 
99 
29 
59 
45 
95 
80 
86 
97 
28 
13 
49 
54 
# clone tree 34 objective: 3.6072
0 15 47 
47 46 26 91 75 
75 5 12 
12 86 43 16 
16 62 51 58 
58 6 93 
93 94 72 30 76 
76 71 9 
67 32 41 1 57 21 
9 38 67 
21 27 73 
73 66 44 92 
92 39 23 
23 7 
7 22 50 
50 79 87 33 
57 19 
33 83 
19 61 
18 64 
61 20 
30 18 
83 34 14 
64 56 
14 53 
20 52 4 
56 2 
4 31 
2 28 90 78 
1 85 69 
39 17 68 
53 40 48 24 
68 35 
31 55 
27 8 
44 89 
78 42 
55 98 10 
35 74 
8 59 37 
72 63 
24 25 
69 70 
34 84 
71 82 
6 96 
96 81 
42 
84 65 
87 54 77 
10 45 29 
89 13 36 
48 3 
41 
91 49 80 
25 
74 88 
38 
85 
81 
60 
90 60 
77 97 
63 
26 11 
3 
43 
51 
15 
65 95 
17 
62 
52 
98 99 
22 
32 
5 
82 
70 
66 
36 
40 
79 
11 
37 
88 
46 
94 
99 
29 
59 
45 
95 
80 
86 
97 
28 
13 
49 
54 
# clone tree 35 objective: 3.6072
0 15 47 
47 26 91 75 
75 12 
12 16 
16 62 51 58 
58 13 52 6 93 
93 97 72 30 76 
76 71 9 
67 32 41 1 57 21 
9 5 38 67 
21 27 73 
73 66 44 92 
92 39 23 
23 7 
7 46 22 50 
50 79 87 33 
57 19 
33 83 
19 61 
18 64 
61 20 
30 18 
83 34 14 
64 56 
14 53 
20 4 
56 2 
4 31 
2 90 78 
1 85 69 
39 17 68 
53 40 48 24 
68 35 
31 55 
27 80 8 
44 89 
78 42 
55 98 10 
35 74 
8 37 
72 63 
24 25 
69 70 
34 54 84 
71 82 
6 96 
96 81 
42 43 
84 65 
87 59 77 
10 29 
89 36 
48 3 
41 
91 
25 94 
74 88 
38 
85 
81 
60 
90 60 
77 
63 
26 11 
3 
43 28 
51 
15 45 
65 95 
17 
62 
52 
98 99 
22 
32 
5 
82 86 
70 
66 
36 
40 
79 
11 
37 
88 
46 
94 
99 
29 
59 
45 
95 
80 
86 
97 
28 49 
13 
49 
54 
# clone tree 36 objective: 3.6072
0 15 47 
47 46 26 91 75 
75 5 12 
12 86 43 16 
16 62 51 58 
58 6 93 
93 94 72 30 76 
76 71 9 
67 32 41 1 57 21 
9 38 67 
21 27 73 
73 66 44 92 
92 39 23 
23 7 
7 22 50 
50 79 87 33 
57 19 
33 83 
19 61 
18 64 
61 20 
30 18 
83 34 14 
64 56 
14 53 
20 52 4 
56 2 
4 31 
2 28 90 78 
1 85 69 
39 17 68 
53 40 48 24 
68 35 
31 55 
27 8 
44 89 
78 42 
55 98 10 
35 74 
8 59 37 
72 63 
24 25 
69 70 
34 84 
71 82 
6 96 
96 81 
42 
84 65 
87 77 
10 45 29 
89 13 36 
48 3 
41 
91 49 80 
25 
74 88 
38 
85 
81 
60 
90 60 
77 97 
63 
26 11 
3 
43 
51 
15 
65 95 
17 
62 54 
52 
98 99 
22 
32 
5 
82 
70 
66 
36 
40 
79 
11 
37 
88 
46 
94 
99 
29 
59 
45 
95 
80 
86 
97 
28 
13 
49 
54 
# clone tree 37 objective: 3.6072
0 15 47 
47 46 26 91 75 
75 5 12 
12 86 43 16 
16 62 51 58 
58 6 93 
93 94 72 30 76 
76 71 9 
67 32 41 1 57 21 
9 38 67 
21 27 73 
73 66 44 92 
92 39 23 
23 7 
7 22 50 
50 79 87 33 
57 19 
33 83 
19 61 
18 64 
61 20 
30 18 
83 34 14 
64 56 
14 53 
20 52 4 
56 2 
4 31 
2 28 90 78 
1 85 69 
39 17 68 
53 40 48 24 
68 35 
31 55 
27 8 
44 89 
78 42 
55 98 10 
35 74 
8 59 37 
72 63 
24 25 
69 70 
34 84 
71 82 
6 96 
96 81 
42 
84 54 65 
87 77 
10 45 29 
89 13 36 
48 3 
41 
91 49 80 
25 
74 88 
38 
85 
81 
60 
90 60 
77 97 
63 
26 11 
3 
43 
51 
15 
65 95 
17 
62 
52 
98 99 
22 
32 
5 
82 
70 
66 
36 
40 
79 
11 
37 
88 
46 
94 
99 
29 
59 
45 
95 
80 
86 
97 
28 
13 
49 
54 
# clone tree 38 objective: 3.6072
0 15 47 
47 26 91 75 
75 12 
12 16 
16 62 51 58 
58 13 52 6 93 
93 97 72 30 76 
76 71 9 
67 32 41 1 57 21 
9 5 38 67 
21 27 73 
73 66 44 92 
92 39 23 
23 7 
7 46 22 50 
50 79 87 33 
57 19 
33 83 
19 61 
18 64 
61 20 
30 18 
83 54 34 14 
64 56 
14 53 
20 4 
56 2 
4 31 
2 90 78 
1 85 69 
39 17 68 
53 40 48 24 
68 35 
31 55 
27 80 8 
44 89 
78 42 
55 98 10 
35 74 
8 37 
72 63 
24 25 
69 70 
34 84 
71 82 
6 96 
96 81 
42 43 
84 65 
87 59 77 
10 29 
89 36 
48 3 
41 
91 
25 94 
74 88 
38 
85 
81 
60 
90 60 
77 
63 
26 11 
3 
43 28 
51 
15 45 
65 95 
17 
62 
52 
98 99 
22 
32 
5 
82 86 
70 
66 
36 
40 
79 
11 
37 
88 
46 
94 
99 
29 
59 
45 
95 
80 
86 
97 
28 49 
13 
49 
54 
# clone tree 39 objective: 3.6072
0 15 47 
47 26 91 75 
75 12 
12 16 
16 62 51 58 
58 13 52 6 93 
93 97 72 30 76 
76 71 9 
67 32 41 1 57 21 
9 5 38 67 
21 27 73 
73 66 44 92 
92 39 23 
23 7 
7 46 22 50 
50 79 87 33 
57 19 
33 83 
19 61 
18 64 
61 20 
30 18 
83 34 14 
64 56 
14 53 
20 4 
56 2 
4 31 
2 90 78 
1 54 85 69 
39 17 68 
53 40 48 24 
68 35 
31 55 
27 80 8 
44 89 
78 42 
55 98 10 
35 74 
8 37 
72 63 
24 25 
69 70 
34 84 
71 82 
6 96 
96 81 
42 43 
84 65 
87 59 77 
10 29 
89 36 
48 3 
41 
91 
25 94 
74 88 
38 
85 
81 
60 
90 60 
77 
63 
26 11 
3 
43 28 
51 
15 45 
65 95 
17 
62 
52 
98 99 
22 
32 
5 
82 86 
70 
66 
36 
40 
79 
11 
37 
88 
46 
94 
99 
29 
59 
45 
95 
80 
86 
97 
28 49 
13 
49 
54 
# clone tree 40 objective: 3.6072
0 15 47 
47 26 91 75 
75 12 
12 16 
16 28 62 51 58 
58 52 6 93 
93 43 72 30 76 
76 71 9 
67 32 41 1 57 21 
9 5 38 67 
21 54 27 73 
73 66 44 92 
92 39 23 
23 7 
7 46 22 50 
50 79 87 33 
57 19 
33 83 
19 61 
18 64 
61 20 
30 18 
83 34 14 
64 56 
14 53 
20 4 
56 2 
4 70 31 
2 90 78 
1 85 69 
39 94 17 68 
53 40 48 24 
68 49 35 
31 55 
27 8 
44 89 
78 42 
55 98 10 
35 74 
8 37 
72 63 
24 25 
69 
34 84 
71 80 82 
6 96 
96 81 
42 
84 65 
87 59 77 
10 29 
89 36 
48 3 
41 
91 
25 
74 88 
38 
85 
81 
60 
90 60 
77 
63 45 
26 11 
3 
43 
51 
15 
65 95 
17 
62 
52 
98 99 
22 
32 
5 
82 86 
70 
66 
36 
40 
79 97 
11 
37 
88 
46 
94 
99 
29 
59 
45 
95 
80 
86 
97 
28 
13 
49 
54 13 
# clone tree 41 objective: 3.6072
0 15 47 
47 26 91 75 
75 12 
12 16 
16 28 62 51 58 
58 52 6 93 
93 43 72 30 76 
76 71 9 
67 32 41 1 57 21 
9 5 38 67 
21 54 13 27 73 
73 66 44 92 
92 39 23 
23 7 
7 46 22 50 
50 79 87 33 
57 19 
33 83 
19 61 
18 64 
61 20 
30 18 
83 34 14 
64 56 
14 53 
20 4 
56 2 
4 70 31 
2 90 78 
1 85 69 
39 94 17 68 
53 40 48 24 
68 49 35 
31 55 
27 8 
44 89 
78 42 
55 98 10 
35 74 
8 37 
72 63 
24 25 
69 
34 84 
71 80 82 
6 96 
96 81 
42 
84 65 
87 59 77 
10 29 
89 36 
48 3 
41 
91 
25 
74 88 
38 
85 
81 
60 
90 60 
77 
63 45 
26 11 
3 
43 
51 
15 
65 95 
17 
62 
52 
98 99 
22 
32 
5 
82 86 
70 
66 
36 
40 
79 97 
11 
37 
88 
46 
94 
99 
29 
59 
45 
95 
80 
86 
97 
28 
13 
49 
54 
# clone tree 42 objective: 3.6072
0 15 47 
47 26 91 75 
75 12 
12 16 
16 62 51 58 
58 13 52 6 93 
93 97 72 30 76 
76 71 9 
67 32 41 1 57 21 
9 5 38 67 
21 27 73 
73 66 44 92 
92 39 23 
23 7 
7 46 22 50 
50 79 87 33 
57 19 
33 83 
19 61 
18 54 64 
61 20 
30 18 
83 34 14 
64 56 
14 53 
20 4 
56 2 
4 31 
2 90 78 
1 85 69 
39 17 68 
53 40 48 24 
68 35 
31 55 
27 80 8 
44 89 
78 42 
55 98 10 
35 74 
8 37 
72 63 
24 25 
69 70 
34 84 
71 82 
6 96 
96 81 
42 43 
84 65 
87 59 77 
10 29 
89 36 
48 3 
41 
91 
25 94 
74 88 
38 
85 
81 
60 
90 60 
77 
63 
26 11 
3 
43 28 
51 
15 45 
65 95 
17 
62 
52 
98 99 
22 
32 
5 
82 86 
70 
66 
36 
40 
79 
11 
37 
88 
46 
94 
99 
29 
59 
45 
95 
80 
86 
97 
28 49 
13 
49 
54 
# clone tree 43 objective: 3.6072
0 15 47 
47 26 91 75 
75 12 
12 16 
16 28 62 51 58 
58 52 6 93 
93 43 72 30 76 
76 71 9 
67 32 41 1 57 21 
9 5 38 67 
21 13 27 73 
73 66 44 92 
92 39 23 
23 7 
7 46 22 50 
50 79 87 33 
57 19 
33 83 
19 61 
18 64 
61 20 
30 18 
83 34 14 
64 56 
14 53 
20 4 
56 2 
4 70 31 
2 90 78 
1 85 69 
39 94 17 68 
53 40 48 24 
68 49 35 
31 54 55 
27 8 
44 89 
78 42 
55 98 10 
35 74 
8 37 
72 63 
24 25 
69 
34 84 
71 80 82 
6 96 
96 81 
42 
84 65 
87 59 77 
10 29 
89 36 
48 3 
41 
91 
25 
74 88 
38 
85 
81 
60 
90 60 
77 
63 45 
26 11 
3 
43 
51 
15 
65 95 
17 
62 
52 
98 99 
22 
32 
5 
82 86 
70 
66 
36 
40 
79 97 
11 
37 
88 
46 
94 
99 
29 
59 
45 
95 
80 
86 
97 
28 
13 
49 
54 
# clone tree 44 objective: 3.6072
0 15 47 
47 26 91 75 
75 12 
12 16 
16 62 51 58 
58 13 52 6 93 
93 97 72 30 76 
76 71 9 
67 32 41 1 57 21 
9 5 38 67 
21 27 73 
73 66 44 92 
92 39 23 
23 7 
7 46 22 50 
50 79 87 33 
57 19 
33 83 
19 61 
18 64 
61 20 
30 18 
83 34 14 
64 56 
14 53 
20 4 
56 2 
4 31 
2 90 78 
1 85 69 
39 17 68 
53 40 48 24 
68 35 
31 55 
27 80 8 
44 89 
78 42 
55 54 98 10 
35 74 
8 37 
72 63 
24 25 
69 70 
34 84 
71 82 
6 96 
96 81 
42 43 
84 65 
87 59 77 
10 29 
89 36 
48 3 
41 
91 
25 94 
74 88 
38 
85 
81 
60 
90 60 
77 
63 
26 11 
3 
43 28 
51 
15 45 
65 95 
17 
62 
52 
98 99 
22 
32 
5 
82 86 
70 
66 
36 
40 
79 
11 
37 
88 
46 
94 
99 
29 
59 
45 
95 
80 
86 
97 
28 49 
13 
49 
54 
# clone tree 45 objective: 3.6072
0 15 47 
47 46 26 91 75 
75 5 12 
12 86 43 16 
16 62 51 58 
58 6 93 
93 94 72 30 76 
76 71 9 
67 32 41 1 57 21 
9 38 67 
21 27 73 
73 66 44 92 
92 39 23 
23 7 
7 22 50 
50 79 87 33 
57 19 
33 83 
19 61 
18 64 
61 20 
30 18 
83 34 14 
64 56 
14 53 
20 52 4 
56 2 
4 31 
2 28 90 78 
1 85 69 
39 17 68 
53 40 48 24 
68 35 
31 55 
27 8 
44 89 
78 42 
55 54 98 10 
35 74 
8 59 37 
72 63 
24 25 
69 70 
34 84 
71 82 
6 96 
96 81 
42 
84 65 
87 77 
10 45 29 
89 13 36 
48 3 
41 
91 49 80 
25 
74 88 
38 
85 
81 
60 
90 60 
77 97 
63 
26 11 
3 
43 
51 
15 
65 95 
17 
62 
52 
98 99 
22 
32 
5 
82 
70 
66 
36 
40 
79 
11 
37 
88 
46 
94 
99 
29 
59 
45 
95 
80 
86 
97 
28 
13 
49 
54 
# clone tree 46 objective: 3.6072
0 15 47 
47 26 91 75 
75 12 
12 16 
16 62 51 58 
58 13 52 6 93 
93 97 72 30 76 
76 71 9 
67 32 41 1 57 21 
9 5 38 67 
21 27 73 
73 66 44 92 
92 39 23 
23 7 
7 46 22 50 
50 79 87 33 
57 19 
33 83 
19 61 
18 64 
61 54 20 
30 18 
83 34 14 
64 56 
14 53 
20 4 
56 2 
4 31 
2 90 78 
1 85 69 
39 17 68 
53 40 48 24 
68 35 
31 55 
27 80 8 
44 89 
78 42 
55 98 10 
35 74 
8 37 
72 63 
24 25 
69 70 
34 84 
71 82 
6 96 
96 81 
42 43 
84 65 
87 59 77 
10 29 
89 36 
48 3 
41 
91 
25 94 
74 88 
38 
85 
81 
60 
90 60 
77 
63 
26 11 
3 
43 28 
51 
15 45 
65 95 
17 
62 
52 
98 99 
22 
32 
5 
82 86 
70 
66 
36 
40 
79 
11 
37 
88 
46 
94 
99 
29 
59 
45 
95 
80 
86 
97 
28 49 
13 
49 
54 
# clone tree 47 objective: 3.6072
0 15 47 
47 26 91 75 
75 12 
12 16 
16 62 51 58 
58 13 52 6 93 
93 97 72 30 76 
76 71 9 
67 32 41 1 57 21 
9 5 38 67 
21 27 73 
73 66 44 92 
92 54 39 23 
23 7 
7 46 22 50 
50 79 87 33 
57 19 
33 83 
19 61 
18 64 
61 20 
30 18 
83 34 14 
64 56 
14 53 
20 4 
56 2 
4 31 
2 90 78 
1 85 69 
39 17 68 
53 40 48 24 
68 35 
31 55 
27 80 8 
44 89 
78 42 
55 98 10 
35 74 
8 37 
72 63 
24 25 
69 70 
34 84 
71 82 
6 96 
96 81 
42 43 
84 65 
87 59 77 
10 29 
89 36 
48 3 
41 
91 
25 94 
74 88 
38 
85 
81 
60 
90 60 
77 
63 
26 11 
3 
43 28 
51 
15 45 
65 95 
17 
62 
52 
98 99 
22 
32 
5 
82 86 
70 
66 
36 
40 
79 
11 
37 
88 
46 
94 
99 
29 
59 
45 
95 
80 
86 
97 
28 49 
13 
49 
54 
# clone tree 48 objective: 3.6072
0 15 47 
47 26 91 75 
75 12 
12 16 
16 62 51 58 
58 13 52 6 93 
93 97 72 30 76 
76 71 9 
67 32 41 1 57 21 
9 5 38 67 
21 27 73 
73 66 44 92 
92 39 23 
23 7 
7 46 22 50 
50 79 87 33 
57 19 
33 83 
19 61 
18 64 
61 20 
30 18 
83 34 14 
64 56 
14 53 
20 4 
56 54 2 
4 31 
2 90 78 
1 85 69 
39 17 68 
53 40 48 24 
68 35 
31 55 
27 80 8 
44 89 
78 42 
55 98 10 
35 74 
8 37 
72 63 
24 25 
69 70 
34 84 
71 82 
6 96 
96 81 
42 43 
84 65 
87 59 77 
10 29 
89 36 
48 3 
41 
91 
25 94 
74 88 
38 
85 
81 
60 
90 60 
77 
63 
26 11 
3 
43 28 
51 
15 45 
65 95 
17 
62 
52 
98 99 
22 
32 
5 
82 86 
70 
66 
36 
40 
79 
11 
37 
88 
46 
94 
99 
29 
59 
45 
95 
80 
86 
97 
28 49 
13 
49 
54 
# clone tree 49 objective: 3.6072
0 15 47 
47 46 26 91 75 
75 5 12 
12 86 43 16 
16 62 51 58 
58 6 93 
93 94 72 30 76 
76 71 9 
67 32 41 1 57 21 
9 38 67 
21 27 73 
73 66 44 92 
92 39 23 
23 7 
7 22 50 
50 79 87 33 
57 19 
33 83 
19 61 
18 64 
61 20 
30 18 
83 34 14 
64 56 
14 53 
20 52 4 
56 2 
4 31 
2 28 90 78 
1 85 69 
39 17 68 
53 40 48 24 
68 35 
31 55 
27 8 
44 89 
78 42 
55 98 10 
35 74 
8 59 37 
72 63 
24 25 
69 70 
34 84 
71 82 
6 96 
96 81 
42 
84 65 
87 77 
10 45 29 
89 13 36 
48 3 
41 
91 49 80 
25 
74 88 
38 
85 
81 
60 
90 60 
77 97 
63 
26 11 
3 
43 
51 
15 
65 95 
17 
62 
52 
98 99 
22 
32 
5 
82 
70 
66 
36 
40 
79 
11 
37 
88 54 
46 
94 
99 
29 
59 
45 
95 
80 
86 
97 
28 
13 
49 
54 
