0 14 31 
31 9 
9 82 84 78 
78 97 1 4 
4 34 28 50 
50 96 76 12 
12 81 56 
56 20 16 21 52 
86 35 10 67 
52 49 69 25 86 
67 47 83 57 
10 32 13 
13 59 
57 55 
81 66 80 11 
59 41 
55 91 72 
21 48 
41 85 
72 63 17 
48 51 3 
76 93 79 
85 94 36 33 
17 19 
3 43 60 
16 27 90 
33 75 
11 7 71 
1 30 
79 40 39 62 
83 61 
65 68 74 
19 65 
30 54 26 
28 44 46 
61 24 89 
32 53 95 
75 87 
90 64 
26 18 
60 22 29 
74 37 
71 88 
80 77 
25 
45 
62 45 
77 73 
84 
87 5 
34 
93 92 
63 
51 6 
27 23 
95 
92 
37 15 2 
88 
46 8 
44 99 
89 
73 
29 
5 
53 
43 
8 
68 
99 38 
23 
64 
38 
18 58 
58 
39 98 
14 
7 
96 
24 
97 
22 
91 42 
54 
36 
40 
94 
2 
98 
20 
6 
66 
82 
69 
35 
15 70 
49 
42 
47 
70 
