# clone tree 0 objective: 5.27713
0 90 
90 25 
25 16 37 97 38 
38 40 39 
39 70 34 
34 10 95 
95 75 
75 85 46 1 
1 22 87 33 
33 56 13 68 
68 99 35 59 
72 61 82 
59 72 
82 24 50 
50 74 8 
8 94 36 44 
40 63 51 76 32 
44 78 84 
84 41 11 71 
32 83 47 
71 48 
96 92 19 
47 20 96 
48 77 5 
5 79 
53 58 27 
19 53 
10 45 60 81 
79 55 
81 67 43 
27 64 
18 29 14 
43 31 
31 17 
64 93 57 
55 86 18 
17 4 
70 54 49 
57 65 7 
14 12 
4 73 28 
78 69 26 
76 
7 42 
12 91 
24 2 66 
23 30 
28 23 
11 89 
91 21 52 
26 62 
83 80 
89 88 
74 98 
66 
51 
30 
87 
46 
93 
49 
58 
20 
97 
67 
35 
60 
3 
41 
61 
88 
29 
85 3 
86 
13 
80 
77 
62 
54 
22 
42 
99 
52 
37 9 
56 
69 
36 
45 
73 
9 
98 
92 
21 
16 
2 
65 
63 
94 15 6 
6 
15 
