# clone tree 0 objective: 3.99282
0 74 85 
85 94 54 40 76 47 
47 97 5 
5 99 64 84 98 65 59 
59 9 93 15 30 22 26 
26 1 37 53 
53 34 68 82 36 
36 31 6 48 
48 89 87 20 
20 35 
35 50 
62 67 
60 4 
50 28 
57 62 
28 57 
67 63 60 
4 61 
6 25 71 
81 42 79 91 
91 83 
24 45 
61 24 
22 78 81 
2 7 77 
45 41 
41 2 
19 43 88 
71 19 
83 52 
77 13 
13 21 
76 56 16 
74 29 73 
16 49 
21 39 66 
65 58 
52 32 11 
37 72 
82 12 
40 75 
73 70 
49 95 
66 46 86 
25 51 
72 18 
11 96 
58 
75 55 
88 38 
86 90 
70 17 
87 
18 
1 
32 23 
31 
54 
55 
7 10 
30 
38 3 
89 
97 44 
96 
15 
95 14 
10 33 
94 8 
3 27 
43 80 
29 
51 
12 
17 
98 
79 
84 
14 
64 
93 69 
68 
34 
90 
23 
46 
39 
42 
44 
63 
80 
33 
27 
99 
78 
69 
56 
8 
9 92 
92 
