0 90 
90 88 25 
25 37 97 38 
38 82 39 
39 6 70 34 
34 47 75 
95 60 1 
75 65 42 95 
1 87 33 
33 76 68 
68 99 35 59 
72 16 21 50 
59 51 72 
82 13 58 40 
50 2 8 
8 83 44 
40 18 32 
44 78 84 
84 11 71 
32 30 48 
71 24 5 
96 77 19 
47 66 10 
48 56 96 
5 79 
53 61 27 
19 53 
10 94 45 81 
79 54 49 55 
81 31 
27 64 
18 63 43 
43 17 
31 14 
64 29 57 
55 91 7 
17 4 
70 36 
57 3 74 
14 12 
4 73 28 
78 69 23 
76 
7 86 
12 41 26 
24 92 
23 93 
28 20 
11 89 
91 52 
26 46 
83 80 
89 67 
74 98 
66 
51 
30 
87 
46 62 
93 
49 
58 
20 
97 
67 
35 
60 
3 85 
41 
61 
88 
29 
85 
86 
13 
80 
77 9 
62 
54 22 
22 
42 
99 
52 
37 
56 
69 
36 
45 
73 
9 15 
98 
92 
21 
16 
2 
65 
63 
94 
6 
15 
