0 63 38 16 37 
37 68 73 
89 97 20 57 
73 23 50 
50 89 
40 54 45 
57 55 40 
45 34 96 
96 49 30 62 
62 71 18 92 
92 12 
12 67 11 
22 51 6 
11 22 
6 31 85 
85 21 60 15 
15 13 77 88 
88 10 44 36 84 
84 1 79 93 33 
18 81 47 46 9 
34 35 28 
33 90 75 
9 64 
36 69 52 
28 27 
27 4 
71 43 94 
94 5 61 
77 65 
65 76 80 58 
54 7 
64 78 
75 25 
13 98 29 
23 53 
51 83 
68 14 
7 26 
30 74 59 
31 48 
16 95 87 41 
78 
93 19 
46 
41 42 
52 
29 
69 17 
49 
4 91 
42 99 
44 3 86 
10 39 
61 72 
17 
38 
60 
25 32 
79 
26 
83 
58 56 
39 
47 8 
5 24 
59 
67 
21 
86 
72 
43 
48 
90 
19 
80 
35 2 
20 
32 
99 
53 
8 
74 
91 
55 66 
14 
97 
98 
63 
81 70 
87 
24 
56 82 
2 
76 
1 
70 
3 
66 
95 
82 
