0 23 46 59 40 56 
56 74 
74 99 97 44 88 42 14 
29 75 
14 29 
42 82 34 
75 77 71 
71 9 91 
16 21 48 
34 16 
91 79 89 93 64 
19 81 
48 65 19 
96 13 32 66 72 
81 96 
64 68 86 4 50 
72 87 58 
50 1 
1 22 
40 51 38 15 
58 31 63 
22 53 33 
4 43 90 80 
63 83 52 
66 78 47 36 
93 45 61 
15 62 
33 25 76 
52 37 
59 55 92 
82 2 24 
36 12 
24 11 
46 6 18 
87 30 
86 69 60 
37 5 
32 7 
12 17 84 
80 54 
77 
61 
65 98 
54 3 
9 85 
92 26 
30 41 
38 
11 73 
26 28 
76 
88 49 
5 57 
18 67 
73 27 
53 
60 
7 
62 35 20 
23 
41 10 
44 
98 94 
25 
28 95 
3 
89 
83 8 
84 
49 70 
27 
20 
47 
51 
97 
21 
17 
6 
90 
43 
94 
57 
99 
10 
8 
67 
95 
31 
13 
55 
68 
35 
78 
79 
45 
70 
85 
2 
69 39 
39 
