# clone tree 0 objective: 5.24722
0 15 
15 24 36 
36 39 90 
90 99 93 
93 27 
27 57 35 
35 92 45 
45 28 80 65 
65 77 6 
43 46 
46 68 13 
6 43 
13 29 69 12 84 47 
47 5 33 
33 59 
59 7 61 
61 31 62 
62 14 
74 3 
14 67 
67 74 
56 20 
24 10 
3 4 56 
20 89 
10 55 76 
18 25 
76 18 
64 72 
89 64 
25 17 
17 54 
49 91 
84 50 83 
83 75 26 
54 22 51 
72 49 
79 66 2 
57 79 
91 11 44 
44 97 81 63 
51 52 41 
2 88 38 
26 19 60 
12 58 8 
63 30 
41 1 
31 34 21 
39 71 78 
21 48 
38 42 
8 82 
30 32 
68 86 23 
22 9 
48 
32 96 
7 40 
50 
99 
92 
60 95 
82 53 
19 
78 
52 94 
77 
42 
53 37 
80 16 
94 87 
28 70 85 98 
88 
4 
95 
23 
66 
1 73 
73 
11 
86 
16 
81 
97 
5 
87 
40 
55 
98 
85 
96 
34 
58 
71 
37 
75 
69 
9 
70 
29 
# clone tree 1 objective: 5.24722
0 15 
15 24 36 
36 39 90 
90 99 93 
93 27 
27 55 57 35 
35 92 45 
45 28 80 65 
65 77 6 
43 96 98 46 
46 68 13 
6 43 
13 58 12 84 47 
47 5 33 
33 59 
59 7 61 
61 31 62 
62 34 14 
74 71 3 
14 70 67 
67 74 
56 20 
24 10 
3 4 56 
20 89 
10 76 
18 25 
76 18 
64 72 
89 64 
25 17 
17 54 
49 91 
84 50 83 
83 26 
54 22 51 
72 49 
79 66 2 
57 79 
91 11 44 
44 97 81 63 
51 52 41 
2 88 38 
26 19 60 
12 8 
63 30 
41 1 
31 21 
39 78 
21 48 
38 69 42 
8 29 82 
30 32 
68 37 86 23 
22 
48 
32 
7 40 
50 
99 
92 
60 95 
82 53 
19 
78 
52 94 
77 85 
42 
53 9 75 
80 16 
94 87 
28 
88 
4 
95 
23 
66 
1 73 
73 
11 
86 
16 
81 
97 
5 
87 
40 
55 
98 
85 
96 
34 
58 
71 
37 
75 
69 
9 
70 
29 
# clone tree 2 objective: 5.24722
0 15 
15 24 36 
36 39 90 
90 99 93 
93 27 
27 55 57 35 
35 92 45 
45 28 80 65 
65 77 6 
43 96 98 46 
46 68 13 
6 43 
13 58 12 84 47 
47 5 33 
33 59 
59 7 61 
61 31 62 
62 34 14 
74 71 3 
14 70 67 
67 74 
56 20 
24 10 
3 4 56 
20 89 
10 76 
18 25 
76 18 
64 72 
89 64 
25 17 
17 54 
49 91 
84 50 83 
83 26 
54 29 22 51 
72 49 
79 66 2 
57 79 
91 11 44 
44 97 81 63 
51 52 41 
2 88 38 
26 19 60 
12 8 
63 30 
41 1 
31 21 
39 78 
21 48 
38 69 42 
8 82 
30 32 
68 37 86 23 
22 
48 
32 
7 40 
50 
99 
92 
60 95 
82 53 
19 
78 
52 94 
77 85 
42 
53 9 75 
80 16 
94 87 
28 
88 
4 
95 
23 
66 
1 73 
73 
11 
86 
16 
81 
97 
5 
87 
40 
55 
98 
85 
96 
34 
58 
71 
37 
75 
69 
9 
70 
29 
# clone tree 3 objective: 5.24722
0 15 
15 71 24 36 
36 39 90 
90 37 99 93 
93 27 
27 55 57 35 
35 92 45 
45 28 80 65 
65 77 6 
43 96 98 46 
46 68 13 
6 43 
13 12 84 47 
47 5 33 
33 59 
59 7 61 
61 31 62 
62 34 14 
74 3 
14 67 
67 74 
56 20 
24 10 
3 4 56 
20 89 
10 76 
18 25 
76 18 
64 72 
89 64 
25 17 
17 54 
49 91 
84 50 83 
83 26 
54 22 51 
72 49 
79 66 2 
57 79 
91 11 44 
44 97 81 63 
51 52 41 
2 88 38 
26 19 60 
12 8 
63 30 
41 1 
31 21 
39 78 
21 48 
38 42 
8 82 
30 29 32 
68 86 23 
22 
48 
32 58 
7 40 
50 
99 9 
92 
60 95 
82 53 
19 
78 
52 94 
77 85 
42 
53 
80 16 
94 87 
28 
88 
4 
95 
23 
66 69 
1 73 
73 
11 
86 
16 70 
81 75 
97 
5 
87 
40 
55 
98 
85 
96 
34 
58 
71 
37 
75 
69 
9 
70 
29 
# clone tree 4 objective: 5.24722
0 15 
15 24 36 
36 39 90 
90 99 93 
93 27 
27 55 57 35 
35 92 45 
45 28 80 65 
65 77 6 
43 96 98 46 
46 68 13 
6 43 
13 58 12 84 47 
47 5 33 
33 59 
59 7 61 
61 31 62 
62 34 14 
74 71 3 
14 70 67 
67 74 
56 20 
24 10 
3 4 56 
20 89 
10 76 
18 25 
76 18 
64 72 
89 64 
25 17 
17 54 
49 91 
84 50 83 
83 26 
54 22 51 
72 49 
79 66 2 
57 79 
91 11 44 
44 97 81 63 
51 52 41 
2 88 38 
26 19 60 
12 8 
63 30 
41 1 
31 21 
39 78 
21 48 
38 69 42 
8 82 
30 32 
68 37 86 23 
22 29 
48 
32 
7 40 
50 
99 
92 
60 95 
82 53 
19 
78 
52 94 
77 85 
42 
53 9 75 
80 16 
94 87 
28 
88 
4 
95 
23 
66 
1 73 
73 
11 
86 
16 
81 
97 
5 
87 
40 
55 
98 
85 
96 
34 
58 
71 
37 
75 
69 
9 
70 
29 
# clone tree 5 objective: 5.24722
0 15 
15 24 36 
36 39 90 
90 99 93 
93 69 27 
27 57 35 
35 92 45 
45 28 80 65 
65 77 6 
43 98 46 
46 68 13 
6 43 
13 66 12 84 47 
47 5 33 
33 59 
59 7 61 
61 31 62 
62 14 
74 3 
14 67 
67 74 
56 20 
24 10 
3 4 56 
20 89 
10 76 
18 25 
76 18 
64 72 
89 64 
25 75 17 
17 54 
49 91 
84 50 83 
83 26 
54 22 51 
72 49 
79 2 
57 79 
91 11 44 
44 97 81 63 
51 52 41 
2 88 38 
26 55 19 60 
12 58 8 
63 30 
41 70 1 
31 21 
39 78 
21 48 
38 42 
8 82 
30 32 
68 37 86 23 
22 34 
48 
32 96 
7 40 
50 
99 
92 
60 95 
82 53 
19 
78 
52 94 
77 85 
42 
53 
80 16 
94 87 
28 
88 
4 
95 
23 9 
66 
1 73 
73 
11 
86 
16 
81 
97 
5 
87 
40 
55 71 
98 
85 
96 
34 
58 
71 
37 
75 
69 29 
9 
70 
29 
# clone tree 6 objective: 5.24722
0 15 
15 71 24 36 
36 39 90 
90 37 99 93 
93 27 
27 55 57 35 
35 92 45 
45 28 80 65 
65 77 6 
43 96 98 46 
46 68 13 
6 43 
13 12 84 47 
47 5 33 
33 59 
59 7 61 
61 31 62 
62 70 34 14 
74 3 
14 67 
67 74 
56 20 
24 10 
3 4 56 
20 89 
10 76 
18 25 
76 18 
64 72 
89 64 
25 17 
17 54 
49 91 
84 50 83 
83 69 26 
54 22 51 
72 49 
79 66 2 
57 79 
91 11 44 
44 97 81 63 
51 29 52 41 
2 88 38 
26 19 60 
12 8 
63 30 
41 1 
31 21 
39 78 
21 48 
38 42 
8 82 
30 32 
68 86 23 
22 
48 
32 58 
7 40 
50 
99 
92 
60 95 
82 53 
19 
78 
52 94 
77 85 
42 
53 
80 16 
94 87 
28 
88 
4 
95 
23 
66 
1 73 
73 
11 
86 
16 
81 75 
97 
5 9 
87 
40 
55 
98 
85 
96 
34 
58 
71 
37 
75 
69 
9 
70 
29 
# clone tree 7 objective: 5.24722
0 15 
15 24 36 
36 39 90 
90 29 9 99 93 
93 27 
27 57 35 
35 92 45 
45 28 80 65 
65 77 6 
43 46 
46 68 13 
6 43 
13 12 84 47 
47 69 5 33 
33 59 
59 7 61 
61 31 62 
62 14 
74 3 
14 67 
67 74 
56 20 
24 71 55 10 
3 4 56 
20 89 
10 40 76 
18 25 
76 18 
64 72 
89 64 
25 17 
17 54 
49 91 
84 50 83 
83 26 
54 22 51 
72 49 
79 66 2 
57 79 
91 11 44 
44 97 81 63 
51 52 41 
2 88 38 
26 19 60 
12 8 
63 37 30 
41 1 
31 21 
39 78 
21 48 
38 42 
8 82 
30 32 
68 86 23 
22 34 
48 58 98 
32 96 
7 
50 
99 
92 73 
60 95 
82 53 
19 
78 
52 94 
77 85 
42 
53 
80 16 
94 87 
28 70 
88 
4 
95 
23 
66 
1 
73 
11 
86 
16 
81 75 
97 
5 
87 
40 
55 
98 
85 
96 
34 
58 
71 
37 
75 
69 
9 
70 
29 
# clone tree 8 objective: 5.24722
0 15 
15 24 36 
36 39 90 
90 99 93 
93 27 
27 55 57 35 
35 92 45 
45 28 80 65 
65 77 6 
43 96 98 46 
46 68 13 
6 43 
13 58 12 84 47 
47 5 33 
33 59 
59 7 61 
61 31 62 
62 34 14 
74 71 3 
14 70 67 
67 74 
56 20 
24 10 
3 4 56 
20 89 
10 76 
18 25 
76 18 
64 72 
89 64 
25 17 
17 54 
49 91 
84 50 83 
83 26 
54 22 51 
72 29 49 
79 66 2 
57 79 
91 11 44 
44 97 81 63 
51 52 41 
2 88 38 
26 19 60 
12 8 
63 30 
41 1 
31 21 
39 78 
21 48 
38 69 42 
8 82 
30 32 
68 37 86 23 
22 
48 
32 
7 40 
50 
99 
92 
60 95 
82 53 
19 
78 
52 94 
77 85 
42 
53 9 75 
80 16 
94 87 
28 
88 
4 
95 
23 
66 
1 73 
73 
11 
86 
16 
81 
97 
5 
87 
40 
55 
98 
85 
96 
34 
58 
71 
37 
75 
69 
9 
70 
29 
# clone tree 9 objective: 5.24722
0 15 
15 24 36 
36 39 90 
90 99 93 
93 69 27 
27 57 35 
35 92 45 
45 28 80 65 
65 77 6 
43 98 46 
46 68 13 
6 43 
13 66 12 84 47 
47 5 33 
33 59 
59 7 61 
61 31 62 
62 14 
74 3 
14 67 
67 74 
56 20 
24 10 
3 4 56 
20 89 
10 76 
18 25 
76 18 
64 72 
89 64 
25 75 17 
17 54 
49 91 
84 50 83 
83 26 
54 22 51 
72 49 
79 2 
57 79 
91 11 44 
44 97 81 63 
51 52 41 
2 88 38 
26 55 19 60 
12 58 8 
63 30 
41 70 1 
31 21 
39 78 
21 48 
38 42 
8 82 
30 32 
68 37 86 23 
22 34 
48 
32 96 
7 40 
50 
99 
92 
60 95 
82 53 
19 
78 
52 94 
77 85 
42 
53 
80 16 
94 87 
28 
88 
4 
95 
23 9 
66 
1 29 73 
73 
11 
86 
16 
81 
97 
5 
87 
40 
55 71 
98 
85 
96 
34 
58 
71 
37 
75 
69 
9 
70 
29 
# clone tree 10 objective: 5.24722
0 15 
15 71 24 36 
36 39 90 
90 37 99 93 
93 27 
27 55 57 35 
35 92 45 
45 28 80 65 
65 77 6 
43 96 98 46 
46 68 13 
6 43 
13 12 84 47 
47 5 33 
33 59 
59 7 61 
61 31 62 
62 70 34 14 
74 3 
14 67 
67 74 
56 20 
24 10 
3 4 56 
20 89 
10 76 
18 25 
76 18 
64 72 
89 64 
25 17 
17 54 
49 29 91 
84 50 83 
83 69 26 
54 22 51 
72 49 
79 66 2 
57 79 
91 11 44 
44 97 81 63 
51 52 41 
2 88 38 
26 19 60 
12 8 
63 30 
41 1 
31 21 
39 78 
21 48 
38 42 
8 82 
30 32 
68 86 23 
22 
48 
32 58 
7 40 
50 
99 
92 
60 95 
82 53 
19 
78 
52 94 
77 85 
42 
53 
80 16 
94 87 
28 
88 
4 
95 
23 
66 
1 73 
73 
11 
86 
16 
81 75 
97 
5 9 
87 
40 
55 
98 
85 
96 
34 
58 
71 
37 
75 
69 
9 
70 
29 
# clone tree 11 objective: 5.24722
0 15 
15 29 24 36 
36 39 90 
90 9 99 93 
93 27 
27 57 35 
35 92 45 
45 28 80 65 
65 77 6 
43 46 
46 68 13 
6 43 
13 12 84 47 
47 69 5 33 
33 59 
59 7 61 
61 31 62 
62 14 
74 3 
14 67 
67 74 
56 20 
24 71 55 10 
3 4 56 
20 89 
10 40 76 
18 25 
76 18 
64 72 
89 64 
25 17 
17 54 
49 91 
84 50 83 
83 26 
54 22 51 
72 49 
79 66 2 
57 79 
91 11 44 
44 97 81 63 
51 52 41 
2 88 38 
26 19 60 
12 8 
63 37 30 
41 1 
31 21 
39 78 
21 48 
38 42 
8 82 
30 32 
68 86 23 
22 34 
48 58 98 
32 96 
7 
50 
99 
92 73 
60 95 
82 53 
19 
78 
52 94 
77 85 
42 
53 
80 16 
94 87 
28 70 
88 
4 
95 
23 
66 
1 
73 
11 
86 
16 
81 75 
97 
5 
87 
40 
55 
98 
85 
96 
34 
58 
71 
37 
75 
69 
9 
70 
29 
# clone tree 12 objective: 5.24722
0 15 
15 24 36 
36 39 90 
90 99 93 
93 27 
27 55 57 35 
35 92 45 
45 28 80 65 
65 77 6 
43 96 98 46 
46 68 13 
6 43 
13 58 12 84 47 
47 5 33 
33 59 
59 7 61 
61 31 62 
62 34 14 
74 71 3 
14 70 67 
67 74 
56 20 
24 29 10 
3 4 56 
20 89 
10 76 
18 25 
76 18 
64 72 
89 64 
25 17 
17 54 
49 91 
84 50 83 
83 26 
54 22 51 
72 49 
79 66 2 
57 79 
91 11 44 
44 97 81 63 
51 52 41 
2 88 38 
26 19 60 
12 8 
63 30 
41 1 
31 21 
39 78 
21 48 
38 69 42 
8 82 
30 32 
68 37 86 23 
22 
48 
32 
7 40 
50 
99 
92 
60 95 
82 53 
19 
78 
52 94 
77 85 
42 
53 9 75 
80 16 
94 87 
28 
88 
4 
95 
23 
66 
1 73 
73 
11 
86 
16 
81 
97 
5 
87 
40 
55 
98 
85 
96 
34 
58 
71 
37 
75 
69 
9 
70 
29 
# clone tree 13 objective: 5.24722
0 15 
15 24 36 
36 39 90 
90 99 93 
93 69 27 
27 57 35 
35 92 45 
45 28 80 65 
65 77 6 
43 98 46 
46 68 13 
6 43 
13 66 12 84 47 
47 5 33 
33 59 
59 7 61 
61 31 62 
62 14 
74 3 
14 67 
67 74 
56 20 
24 10 
3 4 56 
20 89 
10 76 
18 25 
76 18 
64 72 
89 64 
25 75 17 
17 54 
49 91 
84 50 83 
83 26 
54 22 51 
72 49 
79 2 
57 79 
91 11 44 
44 97 81 63 
51 52 41 
2 88 38 
26 55 19 60 
12 58 8 
63 30 
41 70 1 
31 21 
39 78 
21 48 
38 42 
8 82 
30 32 
68 37 86 23 
22 34 
48 
32 96 
7 40 
50 
99 
92 
60 95 
82 53 
19 
78 
52 94 
77 85 
42 
53 
80 16 
94 87 
28 
88 
4 
95 
23 9 
66 29 
1 73 
73 
11 
86 
16 
81 
97 
5 
87 
40 
55 71 
98 
85 
96 
34 
58 
71 
37 
75 
69 
9 
70 
29 
# clone tree 14 objective: 5.24722
0 15 
15 24 36 
36 39 90 
90 99 93 
93 27 
27 55 57 35 
35 92 45 
45 28 80 65 
65 77 6 
43 96 98 46 
46 68 13 
6 43 
13 58 12 84 47 
47 5 33 
33 59 
59 7 61 
61 31 62 
62 34 14 
74 71 3 
14 70 67 
67 74 
56 20 
24 10 
3 4 56 
20 89 
10 76 
18 25 
76 18 
64 72 
89 64 
25 17 
17 54 
49 91 
84 29 50 83 
83 26 
54 22 51 
72 49 
79 66 2 
57 79 
91 11 44 
44 97 81 63 
51 52 41 
2 88 38 
26 19 60 
12 8 
63 30 
41 1 
31 21 
39 78 
21 48 
38 69 42 
8 82 
30 32 
68 37 86 23 
22 
48 
32 
7 40 
50 
99 
92 
60 95 
82 53 
19 
78 
52 94 
77 85 
42 
53 9 75 
80 16 
94 87 
28 
88 
4 
95 
23 
66 
1 73 
73 
11 
86 
16 
81 
97 
5 
87 
40 
55 
98 
85 
96 
34 
58 
71 
37 
75 
69 
9 
70 
29 
# clone tree 15 objective: 5.24722
0 15 
15 24 36 
36 29 39 90 
90 9 99 93 
93 27 
27 57 35 
35 92 45 
45 28 80 65 
65 77 6 
43 46 
46 68 13 
6 43 
13 12 84 47 
47 69 5 33 
33 59 
59 7 61 
61 31 62 
62 14 
74 3 
14 67 
67 74 
56 20 
24 71 55 10 
3 4 56 
20 89 
10 40 76 
18 25 
76 18 
64 72 
89 64 
25 17 
17 54 
49 91 
84 50 83 
83 26 
54 22 51 
72 49 
79 66 2 
57 79 
91 11 44 
44 97 81 63 
51 52 41 
2 88 38 
26 19 60 
12 8 
63 37 30 
41 1 
31 21 
39 78 
21 48 
38 42 
8 82 
30 32 
68 86 23 
22 34 
48 58 98 
32 96 
7 
50 
99 
92 73 
60 95 
82 53 
19 
78 
52 94 
77 85 
42 
53 
80 16 
94 87 
28 70 
88 
4 
95 
23 
66 
1 
73 
11 
86 
16 
81 75 
97 
5 
87 
40 
55 
98 
85 
96 
34 
58 
71 
37 
75 
69 
9 
70 
29 
# clone tree 16 objective: 5.24722
0 15 
15 24 36 
36 39 90 
90 99 93 
93 27 
27 55 57 35 
35 92 45 
45 28 80 65 
65 77 6 
43 96 98 46 
46 68 13 
6 43 
13 58 12 84 47 
47 5 33 
33 59 
59 7 61 
61 31 62 
62 34 14 
74 71 3 
14 70 67 
67 74 
56 20 
24 10 
3 4 56 
20 89 
10 76 
18 25 
76 18 
64 72 
89 64 
25 17 
17 54 
49 91 
84 50 83 
83 26 
54 22 51 
72 49 
79 66 2 
57 79 
91 11 44 
44 97 81 63 
51 29 52 41 
2 88 38 
26 19 60 
12 8 
63 30 
41 1 
31 21 
39 78 
21 48 
38 69 42 
8 82 
30 32 
68 37 86 23 
22 
48 
32 
7 40 
50 
99 
92 
60 95 
82 53 
19 
78 
52 94 
77 85 
42 
53 9 75 
80 16 
94 87 
28 
88 
4 
95 
23 
66 
1 73 
73 
11 
86 
16 
81 
97 
5 
87 
40 
55 
98 
85 
96 
34 
58 
71 
37 
75 
69 
9 
70 
29 
# clone tree 17 objective: 5.24722
0 15 
15 24 36 
36 39 90 
90 9 99 93 
93 29 27 
27 57 35 
35 92 45 
45 28 80 65 
65 77 6 
43 46 
46 68 13 
6 43 
13 12 84 47 
47 69 5 33 
33 59 
59 7 61 
61 31 62 
62 14 
74 3 
14 67 
67 74 
56 20 
24 71 55 10 
3 4 56 
20 89 
10 40 76 
18 25 
76 18 
64 72 
89 64 
25 17 
17 54 
49 91 
84 50 83 
83 26 
54 22 51 
72 49 
79 66 2 
57 79 
91 11 44 
44 97 81 63 
51 52 41 
2 88 38 
26 19 60 
12 8 
63 37 30 
41 1 
31 21 
39 78 
21 48 
38 42 
8 82 
30 32 
68 86 23 
22 34 
48 58 98 
32 96 
7 
50 
99 
92 73 
60 95 
82 53 
19 
78 
52 94 
77 85 
42 
53 
80 16 
94 87 
28 70 
88 
4 
95 
23 
66 
1 
73 
11 
86 
16 
81 75 
97 
5 
87 
40 
55 
98 
85 
96 
34 
58 
71 
37 
75 
69 
9 
70 
29 
# clone tree 18 objective: 5.24722
0 15 
15 71 24 36 
36 39 90 
90 37 99 93 
93 27 
27 55 57 35 
35 92 45 
45 28 80 65 
65 77 6 
43 96 98 46 
46 68 13 
6 43 
13 12 84 47 
47 5 33 
33 59 
59 7 61 
61 31 62 
62 70 34 14 
74 3 
14 67 
67 74 
56 20 
24 10 
3 4 56 
20 89 
10 76 
18 25 
76 18 
64 72 
89 64 
25 17 
17 54 
49 91 
84 29 50 83 
83 69 26 
54 22 51 
72 49 
79 66 2 
57 79 
91 11 44 
44 97 81 63 
51 52 41 
2 88 38 
26 19 60 
12 8 
63 30 
41 1 
31 21 
39 78 
21 48 
38 42 
8 82 
30 32 
68 86 23 
22 
48 
32 58 
7 40 
50 
99 
92 
60 95 
82 53 
19 
78 
52 94 
77 85 
42 
53 
80 16 
94 87 
28 
88 
4 
95 
23 
66 
1 73 
73 
11 
86 
16 
81 75 
97 
5 9 
87 
40 
55 
98 
85 
96 
34 
58 
71 
37 
75 
69 
9 
70 
29 
# clone tree 19 objective: 5.24722
0 15 
15 24 36 
36 39 90 
90 99 93 
93 69 27 
27 57 35 
35 92 45 
45 28 80 65 
65 77 6 
43 98 46 
46 68 13 
6 43 
13 66 12 84 47 
47 5 33 
33 59 
59 7 61 
61 31 62 
62 14 
74 3 
14 67 
67 74 
56 20 
24 10 
3 4 56 
20 89 
10 76 
18 25 
76 18 
64 72 
89 64 
25 75 17 
17 54 
49 91 
84 50 83 
83 26 
54 22 51 
72 49 
79 2 
57 79 
91 11 44 
44 97 81 63 
51 52 41 
2 88 38 
26 55 19 60 
12 58 8 
63 30 
41 70 1 
31 21 
39 78 
21 48 
38 42 
8 82 
30 32 
68 37 86 23 
22 34 
48 
32 96 
7 40 
50 
99 
92 
60 95 
82 53 
19 
78 
52 94 
77 29 85 
42 
53 
80 16 
94 87 
28 
88 
4 
95 
23 9 
66 
1 73 
73 
11 
86 
16 
81 
97 
5 
87 
40 
55 71 
98 
85 
96 
34 
58 
71 
37 
75 
69 
9 
70 
29 
# clone tree 20 objective: 5.24722
0 15 
15 24 36 
36 39 90 
90 99 93 
93 27 
27 55 57 35 
35 92 45 
45 28 80 65 
65 77 6 
43 96 98 46 
46 68 13 
6 43 
13 58 12 84 47 
47 5 33 
33 59 
59 7 61 
61 31 62 
62 34 14 
74 71 3 
14 70 67 
67 74 
56 20 
24 10 
3 4 56 
20 89 
10 76 
18 25 
76 18 
64 72 
89 64 
25 17 
17 54 
49 91 
84 50 83 
83 26 
54 22 51 
72 49 
79 66 2 
57 29 79 
91 11 44 
44 97 81 63 
51 52 41 
2 88 38 
26 19 60 
12 8 
63 30 
41 1 
31 21 
39 78 
21 48 
38 69 42 
8 82 
30 32 
68 37 86 23 
22 
48 
32 
7 40 
50 
99 
92 
60 95 
82 53 
19 
78 
52 94 
77 85 
42 
53 9 75 
80 16 
94 87 
28 
88 
4 
95 
23 
66 
1 73 
73 
11 
86 
16 
81 
97 
5 
87 
40 
55 
98 
85 
96 
34 
58 
71 
37 
75 
69 
9 
70 
29 
# clone tree 21 objective: 5.24722
0 15 
15 24 36 
36 39 90 
90 9 99 93 
93 27 
27 29 57 35 
35 92 45 
45 28 80 65 
65 77 6 
43 46 
46 68 13 
6 43 
13 12 84 47 
47 69 5 33 
33 59 
59 7 61 
61 31 62 
62 14 
74 3 
14 67 
67 74 
56 20 
24 71 55 10 
3 4 56 
20 89 
10 40 76 
18 25 
76 18 
64 72 
89 64 
25 17 
17 54 
49 91 
84 50 83 
83 26 
54 22 51 
72 49 
79 66 2 
57 79 
91 11 44 
44 97 81 63 
51 52 41 
2 88 38 
26 19 60 
12 8 
63 37 30 
41 1 
31 21 
39 78 
21 48 
38 42 
8 82 
30 32 
68 86 23 
22 34 
48 58 98 
32 96 
7 
50 
99 
92 73 
60 95 
82 53 
19 
78 
52 94 
77 85 
42 
53 
80 16 
94 87 
28 70 
88 
4 
95 
23 
66 
1 
73 
11 
86 
16 
81 75 
97 
5 
87 
40 
55 
98 
85 
96 
34 
58 
71 
37 
75 
69 
9 
70 
29 
# clone tree 22 objective: 5.24722
0 15 
15 71 24 36 
36 39 90 
90 37 99 93 
93 27 
27 55 57 35 
35 92 45 
45 28 80 65 
65 77 6 
43 96 98 46 
46 68 13 
6 43 
13 12 84 47 
47 5 33 
33 59 
59 7 61 
61 31 62 
62 70 34 14 
74 3 
14 67 
67 74 
56 20 
24 10 
3 4 56 
20 89 
10 76 
18 25 
76 18 
64 72 
89 64 
25 17 
17 54 
49 91 
84 50 83 
83 69 26 
54 22 51 
72 49 
79 66 2 
57 79 
91 11 44 
44 97 81 63 
51 52 41 
2 88 38 
26 19 60 
12 8 
63 29 30 
41 1 
31 21 
39 78 
21 48 
38 42 
8 82 
30 32 
68 86 23 
22 
48 
32 58 
7 40 
50 
99 
92 
60 95 
82 53 
19 
78 
52 94 
77 85 
42 
53 
80 16 
94 87 
28 
88 
4 
95 
23 
66 
1 73 
73 
11 
86 
16 
81 75 
97 
5 9 
87 
40 
55 
98 
85 
96 
34 
58 
71 
37 
75 
69 
9 
70 
29 
# clone tree 23 objective: 5.24722
0 15 
15 24 36 
36 39 90 
90 99 93 
93 69 27 
27 57 35 
35 92 45 
45 28 80 65 
65 77 6 
43 98 46 
46 68 13 
6 43 
13 66 12 84 47 
47 5 33 
33 59 
59 7 61 
61 31 62 
62 14 
74 3 
14 67 
67 74 
56 20 
24 10 
3 4 56 
20 89 
10 76 
18 25 
76 18 
64 72 
89 64 
25 75 17 
17 54 
49 91 
84 50 83 
83 26 
54 22 51 
72 49 
79 2 
57 79 
91 11 44 
44 97 81 63 
51 52 41 
2 88 38 
26 55 19 60 
12 58 8 
63 30 
41 70 1 
31 21 
39 78 
21 48 
38 42 
8 82 
30 32 
68 37 86 23 
22 34 
48 
32 96 
7 40 
50 
99 
92 
60 95 
82 53 
19 
78 
52 94 
77 85 
42 
53 
80 16 
94 87 
28 
88 
4 
95 
23 9 
66 
1 73 
73 
11 
86 
16 
81 
97 
5 
87 29 
40 
55 71 
98 
85 
96 
34 
58 
71 
37 
75 
69 
9 
70 
29 
# clone tree 24 objective: 5.24722
0 15 
15 71 24 36 
36 39 90 
90 37 99 93 
93 27 
27 55 57 35 
35 92 45 
45 28 80 65 
65 77 6 
43 96 98 46 
46 68 13 
6 43 
13 12 84 47 
47 5 33 
33 59 
59 7 61 
61 31 62 
62 70 34 14 
74 3 
14 67 
67 74 
56 20 
24 10 
3 4 56 
20 89 
10 76 
18 25 
76 18 
64 72 
89 64 
25 17 
17 54 
49 91 
84 50 83 
83 69 26 
54 22 51 
72 49 
79 66 2 
57 79 
91 11 44 
44 97 81 63 
51 52 41 
2 88 38 
26 19 60 
12 8 
63 30 
41 1 
31 21 
39 78 
21 48 
38 42 
8 82 
30 32 
68 86 23 
22 29 
48 
32 58 
7 40 
50 
99 
92 
60 95 
82 53 
19 
78 
52 94 
77 85 
42 
53 
80 16 
94 87 
28 
88 
4 
95 
23 
66 
1 73 
73 
11 
86 
16 
81 75 
97 
5 9 
87 
40 
55 
98 
85 
96 
34 
58 
71 
37 
75 
69 
9 
70 
29 
# clone tree 25 objective: 5.24722
0 15 
15 24 36 
36 39 90 
90 9 99 93 
93 27 
27 57 35 
35 92 45 
45 28 80 65 
65 29 77 6 
43 46 
46 68 13 
6 43 
13 12 84 47 
47 69 5 33 
33 59 
59 7 61 
61 31 62 
62 14 
74 3 
14 67 
67 74 
56 20 
24 71 55 10 
3 4 56 
20 89 
10 40 76 
18 25 
76 18 
64 72 
89 64 
25 17 
17 54 
49 91 
84 50 83 
83 26 
54 22 51 
72 49 
79 66 2 
57 79 
91 11 44 
44 97 81 63 
51 52 41 
2 88 38 
26 19 60 
12 8 
63 37 30 
41 1 
31 21 
39 78 
21 48 
38 42 
8 82 
30 32 
68 86 23 
22 34 
48 58 98 
32 96 
7 
50 
99 
92 73 
60 95 
82 53 
19 
78 
52 94 
77 85 
42 
53 
80 16 
94 87 
28 70 
88 
4 
95 
23 
66 
1 
73 
11 
86 
16 
81 75 
97 
5 
87 
40 
55 
98 
85 
96 
34 
58 
71 
37 
75 
69 
9 
70 
29 
# clone tree 26 objective: 5.24722
0 15 
15 24 36 
36 39 90 
90 99 93 
93 27 
27 55 57 35 
35 92 45 
45 28 80 65 
65 77 6 
43 96 98 46 
46 68 13 
6 43 
13 29 58 12 84 47 
47 5 33 
33 59 
59 7 61 
61 31 62 
62 34 14 
74 71 3 
14 70 67 
67 74 
56 20 
24 10 
3 4 56 
20 89 
10 76 
18 25 
76 18 
64 72 
89 64 
25 17 
17 54 
49 91 
84 50 83 
83 26 
54 22 51 
72 49 
79 66 2 
57 79 
91 11 44 
44 97 81 63 
51 52 41 
2 88 38 
26 19 60 
12 8 
63 30 
41 1 
31 21 
39 78 
21 48 
38 69 42 
8 82 
30 32 
68 37 86 23 
22 
48 
32 
7 40 
50 
99 
92 
60 95 
82 53 
19 
78 
52 94 
77 85 
42 
53 9 75 
80 16 
94 87 
28 
88 
4 
95 
23 
66 
1 73 
73 
11 
86 
16 
81 
97 
5 
87 
40 
55 
98 
85 
96 
34 
58 
71 
37 
75 
69 
9 
70 
29 
# clone tree 27 objective: 5.24722
0 15 
15 24 36 
36 39 90 
90 99 93 
93 27 
27 57 35 
35 92 45 
45 28 80 65 
65 77 6 
43 98 46 
46 68 13 
6 43 
13 66 12 84 47 
47 5 33 
33 59 
59 7 61 
61 31 62 
62 14 
74 3 
14 67 
67 74 
56 70 20 
24 10 
3 4 56 
20 69 89 
10 76 
18 25 
76 18 
64 72 
89 64 
25 75 17 
17 54 
49 91 
84 50 83 
83 26 
54 22 51 
72 49 
79 2 
57 79 
91 11 44 
44 9 97 81 63 
51 52 41 
2 88 38 
26 55 19 60 
12 58 8 
63 30 
41 1 
31 21 
39 78 
21 48 
38 42 
8 82 
30 32 
68 37 86 23 
22 34 
48 
32 96 
7 40 
50 
99 
92 
60 95 
82 53 
19 
78 
52 94 
77 85 
42 
53 
80 16 
94 87 
28 
88 
4 
95 
23 
66 
1 73 
73 
11 
86 29 
16 
81 
97 
5 
87 
40 
55 71 
98 
85 
96 
34 
58 
71 
37 
75 
69 
9 
70 
29 
# clone tree 28 objective: 5.24722
0 15 
15 24 36 
36 75 39 90 
90 99 93 
93 27 
27 57 35 
35 92 45 
45 28 80 65 
65 77 6 
43 46 
46 68 13 
6 43 
13 12 84 47 
47 5 33 
33 59 
59 7 61 
61 31 62 
62 70 14 
74 3 
14 67 
67 74 
56 20 
24 10 
3 4 56 
20 89 
10 55 76 
18 25 
76 18 
64 72 
89 64 
25 17 
17 54 
49 91 
84 29 50 83 
83 69 26 
54 22 51 
72 49 
79 66 2 
57 79 
91 11 44 
44 9 97 81 63 
51 52 41 
2 88 38 
26 19 60 
12 58 8 
63 30 
41 1 
31 34 21 
39 71 78 
21 48 
38 42 
8 82 
30 32 
68 37 86 23 
22 
48 
32 96 
7 40 
50 
99 
92 
60 95 
82 53 
19 
78 
52 94 
77 
42 
53 
80 16 
94 87 
28 85 98 
88 
4 
95 
23 
66 
1 73 
73 
11 
86 
16 
81 
97 
5 
87 
40 
55 
98 
85 
96 
34 
58 
71 
37 
75 
69 
9 
70 
29 
# clone tree 29 objective: 5.24722
0 15 
15 24 36 
36 75 39 90 
90 99 93 
93 27 
27 57 35 
35 92 45 
45 28 80 65 
65 77 6 
43 46 
46 68 13 
6 43 
13 12 84 47 
47 5 33 
33 59 
59 7 61 
61 31 62 
62 14 
74 3 
14 67 
67 74 
56 20 
24 70 10 
3 4 56 
20 69 89 
10 55 76 
18 25 
76 18 
64 72 
89 64 
25 17 
17 54 
49 91 
84 50 83 
83 26 
54 22 51 
72 49 
79 66 2 
57 79 
91 11 44 
44 97 81 63 
51 52 41 
2 88 38 
26 19 60 
12 58 8 
63 30 
41 1 
31 34 21 
39 71 78 
21 48 
38 42 
8 82 
30 32 
68 37 86 23 
22 9 
48 
32 96 
7 40 
50 
99 
92 
60 95 
82 53 
19 
78 
52 94 
77 
42 
53 
80 16 
94 87 
28 85 98 
88 
4 
95 
23 
66 
1 73 
73 
11 
86 
16 
81 
97 
5 
87 
40 
55 
98 
85 
96 
34 29 
58 
71 
37 
75 
69 
9 
70 
29 
# clone tree 30 objective: 5.24722
0 15 
15 24 36 
36 39 90 
90 9 99 93 
93 27 
27 57 35 
35 92 45 
45 28 80 65 
65 77 6 
43 46 
46 68 13 
6 43 
13 12 84 47 
47 69 5 33 
33 59 
59 7 61 
61 31 62 
62 70 14 
74 3 
14 67 
67 74 
56 20 
24 71 55 10 
3 4 56 
20 89 
10 40 76 
18 25 
76 18 
64 72 
89 64 
25 17 
17 54 
49 91 
84 50 83 
83 26 
54 22 51 
72 49 
79 66 2 
57 79 
91 11 44 
44 97 81 63 
51 52 41 
2 88 38 
26 19 60 
12 8 
63 37 30 
41 1 
31 21 
39 78 
21 48 
38 42 
8 82 
30 32 
68 86 23 
22 34 
48 58 98 
32 29 96 
7 
50 
99 
92 73 
60 95 
82 53 
19 
78 
52 94 
77 85 
42 
53 
80 16 
94 87 
28 
88 
4 
95 
23 
66 
1 
73 
11 
86 
16 
81 75 
97 
5 
87 
40 
55 
98 
85 
96 
34 
58 
71 
37 
75 
69 
9 
70 
29 
# clone tree 31 objective: 5.24722
0 15 
15 71 24 36 
36 39 90 
90 37 99 93 
93 27 
27 55 57 35 
35 92 45 
45 28 80 65 
65 77 6 
43 96 98 46 
46 68 13 
6 43 
13 12 84 47 
47 5 33 
33 59 
59 7 61 
61 31 62 
62 34 14 
74 3 
14 75 67 
67 74 
56 20 
24 10 
3 4 56 
20 69 89 
10 76 
18 25 
76 18 
64 72 
89 64 
25 17 
17 54 
49 91 
84 70 50 83 
83 26 
54 22 51 
72 49 
79 29 66 2 
57 79 
91 11 44 
44 97 81 63 
51 52 41 
2 88 38 
26 19 60 
12 8 
63 30 
41 1 
31 21 
39 78 
21 48 
38 42 
8 82 
30 32 
68 86 23 
22 
48 
32 58 
7 40 
50 
99 
92 
60 95 
82 53 
19 
78 
52 94 
77 85 
42 
53 
80 16 
94 87 
28 
88 
4 
95 
23 
66 
1 73 
73 
11 
86 
16 
81 
97 
5 9 
87 
40 
55 
98 
85 
96 
34 
58 
71 
37 
75 
69 
9 
70 
29 
# clone tree 32 objective: 5.24722
0 15 
15 24 36 
36 39 90 
90 99 93 
93 27 
27 55 57 35 
35 92 45 
45 28 80 65 
65 77 6 
43 96 98 46 
46 68 13 
6 43 
13 58 12 84 47 
47 5 33 
33 59 
59 7 61 
61 31 62 
62 34 14 
74 71 3 
14 70 67 
67 74 
56 20 
24 10 
3 4 56 
20 89 
10 76 
18 25 
76 18 
64 72 
89 64 
25 17 
17 54 
49 91 
84 50 83 
83 26 
54 22 51 
72 49 
79 66 2 
57 79 
91 11 44 
44 97 81 63 
51 52 41 
2 88 38 
26 19 60 
12 8 
63 30 
41 1 
31 21 
39 78 
21 48 
38 69 42 
8 82 
30 32 
68 37 86 23 
22 
48 
32 
7 40 
50 
99 
92 
60 95 
82 53 
19 
78 
52 94 
77 85 
42 
53 9 75 
80 16 
94 87 
28 
88 
4 
95 
23 
66 
1 73 
73 
11 
86 
16 
81 
97 
5 
87 
40 
55 
98 
85 
96 
34 
58 
71 
37 
75 
69 29 
9 
70 
29 
# clone tree 33 objective: 5.24722
0 15 
15 24 36 
36 39 90 
90 99 93 
93 75 27 
27 57 35 
35 92 45 
45 28 80 65 
65 70 77 6 
43 98 46 
46 68 13 
6 43 
13 66 12 84 47 
47 69 5 33 
33 59 
59 7 61 
61 31 62 
62 14 
74 71 3 
14 67 
67 74 
56 20 
24 10 
3 4 56 
20 89 
10 76 
18 25 
76 18 
64 72 
89 64 
25 17 
17 54 
49 91 
84 50 83 
83 26 
54 22 51 
72 49 
79 2 
57 79 
91 11 44 
44 97 81 63 
51 29 52 41 
2 88 38 
26 55 19 60 
12 58 8 
63 30 
41 1 
31 21 
39 78 
21 48 
38 42 
8 82 
30 32 
68 86 23 
22 34 
48 
32 96 
7 40 
50 
99 
92 
60 95 
82 53 
19 
78 
52 94 
77 85 
42 
53 
80 16 
94 87 
28 
88 
4 
95 
23 
66 
1 73 
73 
11 
86 
16 
81 
97 9 
5 37 
87 
40 
55 
98 
85 
96 
34 
58 
71 
37 
75 
69 
9 
70 
29 
# clone tree 34 objective: 5.24722
0 15 
15 24 36 
36 39 90 
90 99 93 
93 27 
27 57 35 
35 92 45 
45 28 80 65 
65 77 6 
43 46 
46 68 13 
6 43 
13 12 84 47 
47 69 5 33 
33 59 
59 7 61 
61 31 62 
62 14 
74 3 
14 67 
67 74 
56 20 
24 71 55 10 
3 4 56 
20 89 
10 40 76 
18 25 
76 18 
64 72 
89 64 
25 17 
17 54 
49 91 
84 50 83 
83 26 
54 22 51 
72 49 
79 66 2 
57 9 79 
91 11 44 
44 97 81 63 
51 52 41 
2 88 38 
26 19 60 
12 8 
63 37 30 
41 70 1 
31 21 
39 78 
21 48 
38 42 
8 82 
30 32 
68 86 23 
22 29 34 
48 58 98 
32 96 
7 
50 
99 
92 73 
60 95 
82 53 
19 
78 
52 94 
77 85 
42 
53 
80 16 
94 87 
28 
88 
4 
95 
23 
66 
1 
73 
11 
86 
16 
81 75 
97 
5 
87 
40 
55 
98 
85 
96 
34 
58 
71 
37 
75 
69 
9 
70 
29 
# clone tree 35 objective: 5.24722
0 15 
15 24 36 
36 39 90 
90 99 93 
93 27 
27 57 35 
35 92 45 
45 28 80 65 
65 77 6 
43 46 
46 68 13 
6 43 
13 12 84 47 
47 5 33 
33 59 
59 7 61 
61 31 62 
62 14 
74 3 
14 67 
67 74 
56 20 
24 10 
3 4 56 
20 89 
10 55 76 
18 25 
76 18 
64 72 
89 64 
25 17 
17 69 54 
49 91 
84 50 83 
83 75 26 
54 22 51 
72 49 
79 66 2 
57 79 
91 11 44 
44 97 81 63 
51 52 41 
2 88 38 
26 19 60 
12 58 8 
63 30 
41 1 
31 34 21 
39 71 78 
21 48 
38 42 
8 82 
30 29 32 
68 9 86 23 
22 
48 
32 96 
7 40 
50 
99 
92 
60 95 
82 53 
19 
78 
52 94 
77 70 
42 
53 37 
80 16 
94 87 
28 85 98 
88 
4 
95 
23 
66 
1 73 
73 
11 
86 
16 
81 
97 
5 
87 
40 
55 
98 
85 
96 
34 
58 
71 
37 
75 
69 
9 
70 
29 
# clone tree 36 objective: 5.24722
0 15 
15 24 36 
36 39 90 
90 9 99 93 
93 69 27 
27 57 35 
35 92 45 
45 28 80 65 
65 77 6 
43 98 46 
46 68 13 
6 43 
13 66 12 84 47 
47 5 33 
33 59 
59 7 61 
61 31 62 
62 14 
74 3 
14 67 
67 74 
56 20 
24 10 
3 4 56 
20 89 
10 76 
18 25 
76 18 
64 72 
89 64 
25 75 17 
17 54 
49 91 
84 50 83 
83 26 
54 22 51 
72 70 49 
79 2 
57 79 
91 11 44 
44 97 81 63 
51 52 41 
2 88 38 
26 55 19 60 
12 58 8 
63 30 
41 1 
31 21 
39 78 
21 48 
38 42 
8 82 
30 32 
68 37 86 23 
22 34 
48 
32 96 
7 40 
50 
99 
92 
60 95 
82 53 
19 
78 
52 94 
77 85 
42 
53 
80 16 
94 29 87 
28 
88 
4 
95 
23 
66 
1 73 
73 
11 
86 
16 
81 
97 
5 
87 
40 
55 71 
98 
85 
96 
34 
58 
71 
37 
75 
69 
9 
70 
29 
# clone tree 37 objective: 5.24722
0 15 
15 71 24 36 
36 39 90 
90 37 99 93 
93 27 
27 55 57 35 
35 92 45 
45 28 80 65 
65 77 6 
43 96 98 46 
46 68 13 
6 43 
13 12 84 47 
47 5 33 
33 59 
59 7 61 
61 31 62 
62 34 14 
74 3 
14 67 
67 74 
56 20 
24 70 10 
3 4 56 
20 89 
10 76 
18 25 
76 18 
64 29 72 
89 64 
25 17 
17 54 
49 91 
84 50 83 
83 26 
54 22 51 
72 49 
79 66 2 
57 79 
91 11 44 
44 97 81 63 
51 52 41 
2 88 38 
26 19 60 
12 8 
63 30 
41 1 
31 21 
39 78 
21 48 
38 42 
8 82 
30 32 
68 86 23 
22 
48 
32 58 
7 40 
50 
99 
92 
60 95 
82 53 
19 
78 
52 94 
77 85 
42 
53 
80 16 
94 87 
28 
88 
4 
95 
23 
66 69 
1 73 
73 
11 
86 
16 
81 75 
97 
5 9 
87 
40 
55 
98 
85 
96 
34 
58 
71 
37 
75 
69 
9 
70 
29 
# clone tree 38 objective: 5.24722
0 15 
15 24 36 
36 39 90 
90 99 93 
93 27 
27 57 35 
35 92 45 
45 28 80 65 
65 77 6 
43 98 46 
46 68 13 
6 43 
13 66 12 84 47 
47 69 5 33 
33 59 
59 7 61 
61 31 62 
62 14 
74 3 
14 67 
67 74 
56 20 
24 10 
3 4 56 
20 89 
10 76 
18 25 
76 18 
64 72 
89 29 64 
25 75 17 
17 54 
49 91 
84 50 83 
83 26 
54 22 51 
72 49 
79 2 
57 79 
91 11 44 
44 97 81 63 
51 52 41 
2 88 38 
26 55 19 60 
12 58 8 
63 30 
41 1 
31 9 21 
39 78 
21 48 
38 42 
8 82 
30 32 
68 37 86 23 
22 34 
48 
32 96 
7 40 
50 
99 
92 
60 95 
82 53 
19 70 
78 
52 94 
77 85 
42 
53 
80 16 
94 87 
28 
88 
4 
95 
23 
66 
1 73 
73 
11 
86 
16 
81 
97 
5 
87 
40 
55 71 
98 
85 
96 
34 
58 
71 
37 
75 
69 
9 
70 
29 
# clone tree 39 objective: 5.24722
0 15 
15 24 36 
36 39 90 
90 9 99 93 
93 27 
27 57 35 
35 92 45 
45 28 80 65 
65 77 6 
43 46 
46 68 13 
6 43 
13 12 84 47 
47 69 5 33 
33 59 
59 7 61 
61 31 62 
62 14 
74 3 
14 67 
67 74 
56 20 
24 71 55 10 
3 4 56 
20 89 
10 40 76 
18 25 
76 18 
64 72 
89 64 
25 17 
17 54 
49 91 
84 50 83 
83 26 
54 22 51 
72 49 
79 66 2 
57 79 
91 11 44 
44 97 81 63 
51 52 41 
2 88 38 
26 19 60 
12 8 
63 37 30 
41 1 
31 21 
39 78 
21 48 
38 42 
8 82 
30 32 
68 86 23 
22 34 
48 58 98 
32 96 
7 
50 
99 
92 70 73 
60 95 
82 53 
19 
78 
52 94 
77 85 
42 
53 
80 16 
94 87 
28 29 
88 
4 
95 
23 
66 
1 
73 
11 
86 
16 
81 75 
97 
5 
87 
40 
55 
98 
85 
96 
34 
58 
71 
37 
75 
69 
9 
70 
29 
# clone tree 40 objective: 5.24722
0 15 
15 71 24 36 
36 39 90 
90 37 99 93 
93 27 
27 55 57 35 
35 92 45 
45 28 80 65 
65 77 6 
43 96 98 46 
46 68 13 
6 43 
13 12 84 47 
47 29 5 33 
33 59 
59 69 7 61 
61 31 62 
62 34 14 
74 3 
14 67 
67 74 
56 20 
24 10 
3 4 56 
20 89 
10 76 
18 25 
76 18 
64 72 
89 64 
25 17 
17 54 
49 91 
84 50 83 
83 26 
54 22 51 
72 49 
79 66 2 
57 79 
91 11 44 
44 70 97 81 63 
51 52 41 
2 88 38 
26 19 60 
12 8 
63 30 
41 1 
31 9 21 
39 78 
21 48 
38 42 
8 82 
30 32 
68 86 23 
22 
48 
32 58 
7 40 
50 
99 
92 
60 95 
82 53 
19 
78 
52 94 
77 85 
42 
53 
80 16 
94 87 
28 
88 
4 
95 
23 
66 
1 73 
73 
11 
86 
16 
81 75 
97 
5 
87 
40 
55 
98 
85 
96 
34 
58 
71 
37 
75 
69 
9 
70 
29 
# clone tree 41 objective: 5.24722
0 70 15 
15 24 36 
36 39 90 
90 9 99 93 
93 27 
27 57 35 
35 92 45 
45 28 80 65 
65 77 6 
43 46 
46 68 13 
6 43 
13 12 84 47 
47 5 33 
33 59 
59 7 61 
61 31 62 
62 14 
74 3 
14 67 
67 74 
56 20 
24 71 55 10 
3 4 56 
20 89 
10 40 76 
18 25 
76 18 
64 72 
89 64 
25 17 
17 54 
49 91 
84 50 83 
83 75 26 
54 22 51 
72 49 
79 66 2 
57 79 
91 11 44 
44 37 97 81 63 
51 52 41 
2 88 38 
26 19 60 
12 8 
63 30 
41 1 
31 21 
39 78 
21 48 
38 42 
8 82 
30 32 
68 86 23 
22 34 
48 58 98 
32 96 
7 
50 
99 
92 73 
60 95 
82 53 
19 
78 
52 94 
77 85 
42 
53 
80 16 
94 87 
28 
88 
4 
95 
23 
66 69 
1 
73 
11 
86 
16 
81 
97 29 
5 
87 
40 
55 
98 
85 
96 
34 
58 
71 
37 
75 
69 
9 
70 
29 
# clone tree 42 objective: 5.24722
0 15 
15 71 24 36 
36 39 90 
90 37 99 93 
93 27 
27 55 57 35 
35 92 45 
45 28 80 65 
65 77 6 
43 96 98 46 
46 68 13 
6 43 
13 12 84 47 
47 5 33 
33 59 
59 7 61 
61 31 62 
62 34 14 
74 3 
14 67 
67 74 
56 20 
24 10 
3 4 56 
20 89 
10 76 
18 25 
76 18 
64 69 72 
89 70 64 
25 29 75 17 
17 54 
49 91 
84 50 83 
83 26 
54 22 51 
72 49 
79 66 2 
57 79 
91 11 44 
44 97 81 63 
51 52 41 
2 88 38 
26 19 60 
12 8 
63 30 
41 1 
31 21 
39 78 
21 48 
38 42 
8 82 
30 32 
68 86 23 
22 
48 
32 58 
7 40 
50 
99 9 
92 
60 95 
82 53 
19 
78 
52 94 
77 85 
42 
53 
80 16 
94 87 
28 
88 
4 
95 
23 
66 
1 73 
73 
11 
86 
16 
81 
97 
5 
87 
40 
55 
98 
85 
96 
34 
58 
71 
37 
75 
69 
9 
70 
29 
# clone tree 43 objective: 5.24722
0 15 
15 24 36 
36 39 90 
90 99 93 
93 27 
27 57 35 
35 92 45 
45 28 80 65 
65 77 6 
43 46 
46 68 13 
6 43 
13 12 84 47 
47 5 33 
33 59 
59 7 61 
61 31 62 
62 14 
74 3 
14 67 
67 74 
56 20 
24 10 
3 4 56 
20 89 
10 55 76 
18 25 
76 18 
64 72 
89 64 
25 17 
17 69 54 
49 91 
84 50 83 
83 75 26 
54 22 51 
72 49 
79 66 2 
57 79 
91 29 11 44 
44 97 81 63 
51 52 41 
2 88 38 
26 19 60 
12 58 8 
63 30 
41 1 
31 34 21 
39 71 78 
21 48 
38 42 
8 82 
30 32 
68 9 86 23 
22 
48 
32 96 
7 40 
50 
99 
92 
60 95 
82 53 
19 70 
78 
52 94 
77 
42 
53 37 
80 16 
94 87 
28 85 98 
88 
4 
95 
23 
66 
1 73 
73 
11 
86 
16 
81 
97 
5 
87 
40 
55 
98 
85 
96 
34 
58 
71 
37 
75 
69 
9 
70 
29 
# clone tree 44 objective: 5.24722
0 15 
15 71 24 36 
36 39 90 
90 37 99 93 
93 27 
27 55 57 35 
35 92 45 
45 28 80 65 
65 70 77 6 
43 96 98 46 
46 68 13 
6 43 
13 12 84 47 
47 5 33 
33 59 
59 7 61 
61 31 62 
62 34 14 
74 3 
14 67 
67 74 
56 20 
24 10 
3 4 56 
20 89 
10 76 
18 25 
76 18 
64 72 
89 64 
25 17 
17 54 
49 91 
84 50 83 
83 26 
54 22 51 
72 49 
79 66 2 
57 79 
91 11 44 
44 97 81 63 
51 52 41 
2 88 38 
26 19 60 
12 8 
63 30 
41 1 
31 21 
39 78 
21 48 
38 69 42 
8 82 
30 32 
68 86 23 
22 
48 
32 58 
7 40 
50 
99 
92 
60 95 
82 53 
19 
78 29 
52 94 
77 85 
42 
53 
80 16 
94 87 
28 
88 
4 
95 
23 
66 
1 73 
73 
11 
86 
16 
81 75 
97 
5 9 
87 
40 
55 
98 
85 
96 
34 
58 
71 
37 
75 
69 
9 
70 
29 
# clone tree 45 objective: 5.24722
0 15 
15 24 36 
36 39 90 
90 99 93 
93 75 27 
27 55 57 35 
35 92 45 
45 28 80 65 
65 77 6 
43 46 
46 68 13 
6 43 
13 66 12 84 47 
47 5 33 
33 59 
59 7 61 
61 31 62 
62 14 
74 3 
14 67 
67 74 
56 20 
24 85 10 
3 4 56 
20 89 
10 71 40 76 
18 25 
76 18 
64 72 
89 70 64 
25 17 
17 54 
49 91 
84 50 83 
83 26 
54 22 51 
72 49 
79 2 
57 37 79 
91 11 44 
44 97 81 63 
51 52 41 
2 88 38 
26 19 60 
12 8 
63 30 
41 1 
31 21 
39 78 
21 48 
38 42 
8 82 
30 32 
68 86 23 
22 34 
48 58 
32 96 
7 
50 
99 
92 73 
60 95 
82 53 
19 
78 69 
52 94 
77 
42 
53 
80 16 
94 87 
28 98 
88 
4 
95 
23 9 
66 
1 
73 
11 
86 
16 
81 
97 
5 
87 
40 
55 
98 
85 
96 
34 
58 
71 
37 29 
75 
69 
9 
70 
29 
# clone tree 46 objective: 5.24722
0 15 
15 24 36 
36 39 90 
90 99 93 
93 75 27 
27 55 57 35 
35 92 45 
45 28 80 65 
65 77 6 
43 46 
46 68 13 
6 43 
13 66 12 84 47 
47 5 33 
33 59 
59 7 61 
61 31 62 
62 70 14 
74 3 
14 67 
67 74 
56 20 
24 85 10 
3 4 56 
20 89 
10 71 40 76 
18 25 
76 18 
64 72 
89 64 
25 17 
17 54 
49 91 
84 50 83 
83 26 
54 22 51 
72 49 
79 2 
57 37 79 
91 11 44 
44 97 81 63 
51 52 41 
2 88 38 
26 19 60 
12 8 
63 30 
41 1 
31 21 
39 78 
21 48 
38 42 
8 82 
30 32 
68 86 23 
22 9 34 
48 58 
32 96 
7 
50 
99 
92 73 
60 95 
82 53 
19 
78 69 
52 94 
77 
42 
53 
80 16 
94 87 
28 29 98 
88 
4 
95 
23 
66 
1 
73 
11 
86 
16 
81 
97 
5 
87 
40 
55 
98 
85 
96 
34 
58 
71 
37 
75 
69 
9 
70 
29 
# clone tree 47 objective: 5.24722
0 15 
15 24 36 
36 39 90 
90 99 93 
93 27 
27 57 35 
35 92 45 
45 28 80 65 
65 77 6 
43 46 
46 68 13 
6 43 
13 12 84 47 
47 69 5 33 
33 59 
59 7 61 
61 31 62 
62 14 
74 3 
14 67 
67 74 
56 20 
24 71 55 10 
3 4 56 
20 89 
10 40 76 
18 25 
76 18 
64 72 
89 64 
25 17 
17 54 
49 91 
84 50 83 
83 26 
54 22 51 
72 49 
79 66 2 
57 9 79 
91 11 44 
44 97 81 63 
51 52 41 
2 88 38 
26 19 60 
12 8 
63 37 30 
41 70 1 
31 21 
39 78 
21 48 
38 42 
8 82 
30 32 
68 86 23 
22 34 
48 58 98 
32 96 
7 
50 
99 
92 73 
60 95 
82 53 
19 
78 
52 94 
77 85 
42 
53 
80 16 
94 87 
28 
88 
4 
95 
23 
66 
1 
73 
11 29 
86 
16 
81 75 
97 
5 
87 
40 
55 
98 
85 
96 
34 
58 
71 
37 
75 
69 
9 
70 
29 
# clone tree 48 objective: 5.24722
0 15 
15 24 36 
36 39 90 
90 99 93 
93 27 
27 57 35 
35 92 45 
45 28 80 65 
65 77 6 
43 46 
46 68 13 
6 43 
13 12 84 47 
47 5 33 
33 59 
59 7 61 
61 31 62 
62 9 14 
74 3 
14 70 67 
67 74 
56 20 
24 10 
3 4 56 
20 69 89 
10 55 76 
18 25 
76 18 
64 72 
89 64 
25 17 
17 54 
49 91 
84 50 83 
83 75 26 
54 22 51 
72 49 
79 66 2 
57 79 
91 11 44 
44 97 81 63 
51 52 41 
2 88 38 
26 19 60 
12 58 8 
63 30 
41 1 
31 34 21 
39 71 78 
21 48 
38 42 
8 82 
30 32 
68 86 23 
22 
48 
32 96 
7 40 
50 
99 29 
92 
60 95 
82 53 
19 
78 
52 94 
77 
42 
53 37 
80 16 
94 87 
28 85 98 
88 
4 
95 
23 
66 
1 73 
73 
11 
86 
16 
81 
97 
5 
87 
40 
55 
98 
85 
96 
34 
58 
71 
37 
75 
69 
9 
70 
29 
# clone tree 49 objective: 5.24722
0 15 
15 24 36 
36 75 39 90 
90 99 93 
93 29 69 27 
27 57 35 
35 92 45 
45 28 80 65 
65 77 6 
43 46 
46 68 13 
6 43 
13 12 84 47 
47 5 33 
33 59 
59 7 61 
61 31 62 
62 14 
74 3 
14 67 
67 74 
56 20 
24 10 
3 4 56 
20 89 
10 55 76 
18 25 
76 18 
64 72 
89 64 
25 17 
17 54 
49 91 
84 50 83 
83 26 
54 22 51 
72 49 
79 66 2 
57 79 
91 11 44 
44 97 81 63 
51 52 41 
2 88 38 
26 19 60 
12 58 8 
63 30 
41 1 
31 9 34 21 
39 71 78 
21 48 
38 42 
8 82 
30 32 
68 37 86 23 
22 
48 
32 96 
7 40 
50 
99 
92 
60 95 
82 53 
19 
78 
52 94 
77 
42 
53 
80 16 
94 87 
28 85 98 
88 
4 
95 
23 
66 
1 73 
73 
11 
86 70 
16 
81 
97 
5 
87 
40 
55 
98 
85 
96 
34 
58 
71 
37 
75 
69 
9 
70 
29 
# clone tree 50 objective: 5.24722
0 15 
15 24 36 
36 75 39 90 
90 99 93 
93 27 
27 57 35 
35 92 45 
45 28 80 65 
65 77 6 
43 46 
46 68 13 
6 43 
13 12 84 47 
47 5 33 
33 59 
59 7 61 
61 31 62 
62 14 
74 3 
14 70 67 
67 74 
56 20 
24 10 
3 4 56 
20 69 89 
10 55 76 
18 25 
76 18 
64 72 
89 64 
25 17 
17 54 
49 91 
84 50 83 
83 26 
54 22 51 
72 49 
79 66 2 
57 79 
91 11 44 
44 97 81 63 
51 52 41 
2 88 38 
26 19 60 
12 58 8 
63 30 
41 1 
31 34 21 
39 71 78 
21 48 
38 42 
8 82 
30 32 
68 37 86 23 
22 9 
48 
32 96 
7 40 
50 
99 
92 
60 95 
82 53 
19 
78 
52 94 
77 
42 
53 
80 16 
94 87 
28 85 98 
88 
4 
95 29 
23 
66 
1 73 
73 
11 
86 
16 
81 
97 
5 
87 
40 
55 
98 
85 
96 
34 
58 
71 
37 
75 
69 
9 
70 
29 
# clone tree 51 objective: 5.24722
0 29 15 
15 24 36 
36 75 39 90 
90 99 93 
93 27 
27 57 35 
35 92 45 
45 28 80 65 
65 77 6 
43 46 
46 68 13 
6 43 
13 12 84 47 
47 5 33 
33 59 
59 7 61 
61 31 62 
62 14 
74 3 
14 67 
67 74 
56 20 
24 10 
3 4 56 
20 69 89 
10 55 76 
18 25 
76 18 
64 72 
89 64 
25 17 
17 54 
49 91 
84 50 83 
83 26 
54 22 51 
72 49 
79 66 2 
57 79 
91 11 44 
44 97 81 63 
51 52 41 
2 88 38 
26 19 60 
12 58 8 
63 30 
41 70 1 
31 34 21 
39 71 78 
21 48 
38 42 
8 82 
30 32 
68 37 86 23 
22 9 
48 
32 96 
7 40 
50 
99 
92 
60 95 
82 53 
19 
78 
52 94 
77 
42 
53 
80 16 
94 87 
28 85 98 
88 
4 
95 
23 
66 
1 73 
73 
11 
86 
16 
81 
97 
5 
87 
40 
55 
98 
85 
96 
34 
58 
71 
37 
75 
69 
9 
70 
29 
# clone tree 52 objective: 5.24722
0 15 
15 24 36 
36 39 90 
90 99 93 
93 27 
27 55 57 35 
35 92 45 
45 28 80 65 
65 77 6 
43 96 98 46 
46 68 13 
6 43 
13 58 12 84 47 
47 5 33 
33 59 
59 7 61 
61 31 62 
62 34 14 
74 71 3 
14 67 
67 74 
56 20 
24 10 
3 4 56 
20 89 
10 76 
18 25 
76 18 
64 72 
89 64 
25 17 
17 54 
49 91 
84 50 83 
83 26 
54 22 51 
72 49 
79 66 2 
57 79 
91 11 44 
44 97 81 63 
51 52 41 
2 88 38 
26 19 60 
12 8 
63 30 
41 1 
31 9 21 
39 78 
21 48 
38 69 42 
8 82 
30 32 
68 29 37 86 23 
22 
48 
32 
7 40 
50 
99 
92 
60 95 
82 53 
19 
78 
52 94 
77 70 85 
42 
53 75 
80 16 
94 87 
28 
88 
4 
95 
23 
66 
1 73 
73 
11 
86 
16 
81 
97 
5 
87 
40 
55 
98 
85 
96 
34 
58 
71 
37 
75 
69 
9 
70 
29 
# clone tree 53 objective: 5.24722
0 15 
15 71 24 36 
36 39 90 
90 37 99 93 
93 27 
27 55 57 35 
35 92 45 
45 28 80 65 
65 77 6 
43 96 98 46 
46 68 13 
6 43 
13 12 84 47 
47 5 33 
33 59 
59 7 61 
61 31 62 
62 34 14 
74 3 
14 67 
67 74 
56 20 
24 10 
3 4 56 
20 89 
10 76 
18 25 
76 18 
64 72 
89 64 
25 17 
17 54 
49 91 
84 50 83 
83 26 
54 22 51 
72 70 49 
79 66 2 
57 79 
91 11 44 
44 97 81 63 
51 52 41 
2 88 38 
26 19 60 
12 8 
63 30 
41 1 
31 21 
39 78 
21 48 
38 69 42 
8 82 
30 32 
68 86 23 
22 
48 
32 58 
7 40 
50 
99 
92 
60 29 95 
82 53 
19 
78 
52 94 
77 85 
42 
53 
80 16 
94 87 
28 
88 
4 
95 
23 
66 
1 73 
73 
11 
86 
16 
81 75 
97 
5 9 
87 
40 
55 
98 
85 
96 
34 
58 
71 
37 
75 
69 
9 
70 
29 
# clone tree 54 objective: 5.24722
0 15 
15 71 24 36 
36 39 90 
90 37 99 93 
93 27 
27 55 57 35 
35 92 45 
45 28 80 65 
65 77 6 
43 96 98 46 
46 68 13 
6 43 
13 12 84 47 
47 5 33 
33 59 
59 7 61 
61 31 62 
62 34 14 
74 3 
14 67 
67 74 
56 20 
24 10 
3 4 56 
20 89 
10 76 
18 25 
76 18 
64 72 
89 64 
25 17 
17 54 
49 91 
84 50 83 
83 69 26 
54 22 51 
72 49 
79 66 2 
57 79 
91 11 44 
44 70 97 81 63 
51 52 41 
2 88 38 
26 19 60 
12 8 
63 30 
41 1 
31 21 
39 78 
21 48 
38 42 
8 82 
30 32 
68 86 23 
22 
48 
32 58 
7 40 
50 
99 
92 
60 95 
82 53 
19 
78 
52 94 
77 85 
42 
53 
80 16 
94 87 
28 
88 
4 
95 
23 
66 
1 73 
73 
11 
86 
16 
81 75 
97 
5 9 
87 
40 
55 
98 
85 29 
96 
34 
58 
71 
37 
75 
69 
9 
70 
29 
# clone tree 55 objective: 5.24722
0 70 15 
15 24 36 
36 39 90 
90 99 93 
93 27 
27 55 57 35 
35 92 45 
45 28 80 65 
65 77 6 
43 96 98 46 
46 68 13 
6 43 
13 58 12 84 47 
47 5 33 
33 59 
59 7 61 
61 31 62 
62 34 14 
74 71 3 
14 67 
67 74 
56 20 
24 10 
3 4 56 
20 89 
10 76 
18 25 
76 18 
64 72 
89 64 
25 17 
17 54 
49 91 
84 50 83 
83 26 
54 22 51 
72 49 
79 66 2 
57 79 
91 11 44 
44 97 81 63 
51 52 41 
2 88 38 
26 19 60 
12 8 
63 30 
41 29 1 
31 21 
39 78 
21 48 
38 42 
8 82 
30 32 
68 9 37 86 23 
22 
48 
32 
7 40 
50 
99 
92 
60 95 
82 69 53 
19 
78 
52 94 
77 85 
42 
53 75 
80 16 
94 87 
28 
88 
4 
95 
23 
66 
1 73 
73 
11 
86 
16 
81 
97 
5 
87 
40 
55 
98 
85 
96 
34 
58 
71 
37 
75 
69 
9 
70 
29 
# clone tree 56 objective: 5.24722
0 15 
15 24 36 
36 39 90 
90 9 99 93 
93 27 
27 57 35 
35 92 45 
45 28 80 65 
65 77 6 
43 29 46 
46 68 13 
6 43 
13 12 84 47 
47 5 33 
33 59 
59 7 61 
61 31 62 
62 14 
74 3 
14 67 
67 74 
56 20 
24 71 55 10 
3 4 56 
20 89 
10 40 76 
18 25 
76 18 
64 72 
89 64 
25 17 
17 54 
49 91 
84 50 83 
83 70 75 26 
54 22 51 
72 49 
79 66 2 
57 79 
91 11 44 
44 37 97 81 63 
51 52 41 
2 88 38 
26 19 60 
12 8 
63 30 
41 1 
31 21 
39 78 
21 48 
38 42 
8 82 
30 32 
68 86 23 
22 34 
48 58 98 
32 96 
7 
50 
99 
92 73 
60 95 
82 53 
19 
78 
52 94 
77 85 
42 
53 
80 16 
94 87 
28 
88 
4 
95 
23 
66 69 
1 
73 
11 
86 
16 
81 
97 
5 
87 
40 
55 
98 
85 
96 
34 
58 
71 
37 
75 
69 
9 
70 
29 
# clone tree 57 objective: 5.24722
0 15 
15 24 36 
36 39 90 
90 9 99 93 
93 75 27 
27 57 35 
35 92 45 
45 28 80 65 
65 77 6 
43 46 
46 68 13 
6 43 
13 12 84 47 
47 5 33 
33 59 
59 7 61 
61 31 62 
62 14 
74 3 
14 67 
67 74 
56 20 
24 71 55 10 
3 4 56 
20 89 
10 40 76 
18 25 
76 18 
64 69 72 
89 64 
25 17 
17 54 
49 91 
84 50 83 
83 26 
54 22 51 
72 49 
79 66 2 
57 79 
91 11 44 
44 37 97 81 63 
51 52 41 
2 88 38 
26 19 60 
12 8 
63 30 
41 1 
31 21 
39 78 
21 48 
38 42 
8 82 
30 29 32 
68 86 23 
22 34 
48 58 98 
32 96 
7 
50 
99 
92 73 
60 95 
82 53 
19 70 
78 
52 94 
77 85 
42 
53 
80 16 
94 87 
28 
88 
4 
95 
23 
66 
1 
73 
11 
86 
16 
81 
97 
5 
87 
40 
55 
98 
85 
96 
34 
58 
71 
37 
75 
69 
9 
70 
29 
# clone tree 58 objective: 5.24722
0 70 15 
15 71 24 36 
36 39 90 
90 37 99 93 
93 27 
27 55 57 35 
35 29 92 45 
45 28 80 65 
65 77 6 
43 96 98 46 
46 68 13 
6 43 
13 12 84 47 
47 5 33 
33 59 
59 69 7 61 
61 31 62 
62 34 14 
74 3 
14 67 
67 74 
56 20 
24 10 
3 4 56 
20 89 
10 76 
18 25 
76 18 
64 72 
89 64 
25 17 
17 54 
49 91 
84 50 83 
83 26 
54 22 51 
72 49 
79 66 2 
57 79 
91 11 44 
44 97 81 63 
51 52 41 
2 88 38 
26 19 60 
12 8 
63 30 
41 1 
31 9 21 
39 78 
21 48 
38 42 
8 82 
30 32 
68 86 23 
22 
48 
32 58 
7 40 
50 
99 
92 
60 95 
82 53 
19 
78 
52 94 
77 85 
42 
53 
80 16 
94 87 
28 
88 
4 
95 
23 
66 
1 73 
73 
11 
86 
16 
81 75 
97 
5 
87 
40 
55 
98 
85 
96 
34 
58 
71 
37 
75 
69 
9 
70 
29 
# clone tree 59 objective: 5.24722
0 15 
15 24 36 
36 39 90 
90 99 93 
93 75 27 
27 57 35 
35 92 45 
45 28 80 65 
65 77 6 
43 98 46 
46 68 13 
6 43 
13 66 12 84 47 
47 5 33 
33 59 
59 69 7 61 
61 31 62 
62 14 
74 71 3 
14 67 
67 74 
56 20 
24 10 
3 4 56 
20 89 
10 76 
18 25 
76 18 
64 72 
89 64 
25 17 
17 54 
49 91 
84 50 83 
83 26 
54 22 51 
72 49 
79 2 
57 79 
91 11 44 
44 97 81 63 
51 52 41 
2 88 38 
26 55 19 60 
12 58 8 
63 30 
41 1 
31 21 
39 78 
21 48 
38 42 
8 82 
30 32 
68 9 86 23 
22 34 
48 
32 96 
7 40 
50 
99 
92 
60 95 
82 53 
19 
78 
52 94 
77 85 
42 
53 
80 16 
94 87 
28 
88 
4 
95 
23 
66 
1 73 
73 
11 
86 
16 70 
81 29 
97 
5 37 
87 
40 
55 
98 
85 
96 
34 
58 
71 
37 
75 
69 
9 
70 
29 
# clone tree 60 objective: 5.24722
0 15 
15 24 36 
36 39 90 
90 99 93 
93 27 
27 57 35 
35 92 45 
45 28 80 65 
65 77 6 
43 29 46 
46 68 13 
6 43 
13 12 84 47 
47 5 33 
33 59 
59 7 61 
61 31 62 
62 14 
74 3 
14 67 
67 74 
56 20 
24 10 
3 4 56 
20 89 
10 55 76 
18 25 
76 18 
64 72 
89 64 
25 17 
17 69 54 
49 91 
84 50 83 
83 75 26 
54 22 51 
72 49 
79 66 2 
57 79 
91 11 44 
44 97 81 63 
51 52 41 
2 88 38 
26 19 60 
12 58 8 
63 30 
41 1 
31 34 21 
39 71 78 
21 48 
38 42 
8 82 
30 32 
68 9 86 23 
22 
48 
32 96 
7 40 
50 
99 
92 
60 95 
82 53 
19 70 
78 
52 94 
77 
42 
53 37 
80 16 
94 87 
28 85 98 
88 
4 
95 
23 
66 
1 73 
73 
11 
86 
16 
81 
97 
5 
87 
40 
55 
98 
85 
96 
34 
58 
71 
37 
75 
69 
9 
70 
29 
# clone tree 61 objective: 5.24722
0 15 
15 71 24 36 
36 39 90 
90 37 99 93 
93 27 
27 55 57 35 
35 92 45 
45 28 80 65 
65 77 6 
43 96 98 46 
46 68 13 
6 43 
13 12 84 47 
47 5 33 
33 59 
59 7 61 
61 31 62 
62 70 34 14 
74 3 
14 67 
67 74 
56 20 
24 10 
3 4 56 
20 89 
10 76 
18 25 
76 18 
64 72 
89 64 
25 17 
17 54 
49 91 
84 50 83 
83 69 26 
54 22 51 
72 49 
79 66 2 
57 79 
91 11 44 
44 97 81 63 
51 52 41 
2 88 38 
26 19 60 
12 8 
63 30 
41 1 
31 21 
39 78 
21 48 
38 42 
8 82 
30 32 
68 86 23 
22 
48 
32 58 
7 40 
50 
99 
92 
60 95 
82 53 
19 
78 
52 94 
77 85 
42 
53 
80 16 
94 87 
28 
88 
4 
95 
23 
66 
1 73 
73 
11 
86 
16 
81 75 
97 
5 9 
87 
40 
55 
98 
85 
96 
34 
58 
71 
37 29 
75 
69 
9 
70 
29 
# clone tree 62 objective: 5.24722
0 15 
15 24 36 
36 39 90 
90 99 93 
93 27 
27 57 35 
35 92 45 
45 28 80 65 
65 77 6 
43 46 
46 68 13 
6 43 
13 12 84 47 
47 5 33 
33 59 
59 7 61 
61 31 62 
62 14 
74 3 
14 67 
67 74 
56 29 20 
24 10 
3 4 56 
20 89 
10 55 76 
18 25 
76 18 
64 72 
89 64 
25 17 
17 69 54 
49 91 
84 50 83 
83 75 26 
54 22 51 
72 49 
79 66 2 
57 79 
91 11 44 
44 97 81 63 
51 52 41 
2 88 38 
26 19 60 
12 58 8 
63 30 
41 1 
31 34 21 
39 71 78 
21 48 
38 42 
8 82 
30 32 
68 9 86 23 
22 
48 
32 96 
7 40 
50 
99 
92 
60 95 
82 53 
19 
78 
52 94 
77 
42 
53 37 
80 16 
94 87 
28 85 98 
88 
4 
95 
23 
66 
1 73 
73 
11 
86 
16 70 
81 
97 
5 
87 
40 
55 
98 
85 
96 
34 
58 
71 
37 
75 
69 
9 
70 
29 
# clone tree 63 objective: 5.24722
0 15 
15 24 36 
36 39 90 
90 99 93 
93 27 
27 57 35 
35 92 45 
45 28 80 65 
65 77 6 
43 46 
46 68 13 
6 43 
13 12 84 47 
47 69 5 33 
33 59 
59 7 61 
61 31 62 
62 14 
74 3 
14 67 
67 74 
56 20 
24 71 55 10 
3 4 56 
20 89 
10 40 76 
18 25 
76 18 
64 72 
89 64 
25 17 
17 54 
49 91 
84 70 50 83 
83 26 
54 22 51 
72 49 
79 66 2 
57 9 79 
91 11 44 
44 97 81 63 
51 52 41 
2 88 38 
26 19 60 
12 8 
63 37 30 
41 1 
31 21 
39 78 
21 48 
38 42 
8 82 
30 32 
68 86 23 
22 34 
48 58 98 
32 96 
7 
50 75 
99 
92 73 
60 29 95 
82 53 
19 
78 
52 94 
77 85 
42 
53 
80 16 
94 87 
28 
88 
4 
95 
23 
66 
1 
73 
11 
86 
16 
81 
97 
5 
87 
40 
55 
98 
85 
96 
34 
58 
71 
37 
75 
69 
9 
70 
29 
# clone tree 64 objective: 5.24722
0 29 15 
15 24 36 
36 39 90 
90 99 93 
93 27 
27 57 35 
35 92 45 
45 28 80 65 
65 77 6 
43 46 
46 68 13 
6 43 
13 12 84 47 
47 5 33 
33 59 
59 7 61 
61 31 62 
62 14 
74 3 
14 67 
67 74 
56 20 
24 70 10 
3 4 56 
20 89 
10 55 76 
18 25 
76 18 
64 72 
89 64 
25 17 
17 54 
49 91 
84 50 83 
83 69 75 26 
54 22 51 
72 49 
79 66 2 
57 79 
91 11 44 
44 97 81 63 
51 52 41 
2 88 38 
26 19 60 
12 58 8 
63 9 30 
41 1 
31 34 21 
39 71 78 
21 48 
38 42 
8 82 
30 32 
68 86 23 
22 
48 
32 96 
7 40 
50 
99 
92 
60 95 
82 53 
19 
78 
52 94 
77 
42 
53 37 
80 16 
94 87 
28 85 98 
88 
4 
95 
23 
66 
1 73 
73 
11 
86 
16 
81 
97 
5 
87 
40 
55 
98 
85 
96 
34 
58 
71 
37 
75 
69 
9 
70 
29 
# clone tree 65 objective: 5.24722
0 15 
15 24 36 
36 39 90 
90 99 93 
93 75 27 
27 57 35 
35 92 45 
45 28 80 65 
65 70 77 6 
43 98 46 
46 68 13 
6 43 
13 66 12 84 47 
47 69 5 33 
33 59 
59 7 61 
61 31 62 
62 14 
74 71 3 
14 67 
67 74 
56 20 
24 10 
3 4 56 
20 89 
10 76 
18 25 
76 18 
64 72 
89 64 
25 17 
17 54 
49 91 
84 50 83 
83 26 
54 22 51 
72 49 
79 2 
57 79 
91 11 44 
44 97 81 63 
51 52 41 
2 88 38 
26 55 19 60 
12 58 8 
63 30 
41 1 
31 21 
39 78 
21 48 
38 42 
8 82 
30 32 
68 86 23 
22 34 
48 
32 96 
7 40 
50 
99 
92 
60 95 
82 53 
19 
78 
52 94 
77 85 
42 
53 
80 16 
94 87 
28 
88 
4 
95 
23 
66 
1 73 
73 
11 
86 
16 
81 
97 9 
5 37 
87 
40 
55 
98 
85 29 
96 
34 
58 
71 
37 
75 
69 
9 
70 
29 
# clone tree 66 objective: 5.24722
0 15 
15 24 36 
36 75 39 90 
90 99 93 
93 27 
27 57 35 
35 92 45 
45 28 80 65 
65 77 6 
43 46 
46 68 13 
6 43 
13 12 84 47 
47 5 33 
33 59 
59 7 61 
61 31 62 
62 14 
74 3 
14 67 
67 74 
56 20 
24 70 10 
3 4 56 
20 69 89 
10 55 76 
18 25 
76 18 
64 72 
89 64 
25 29 17 
17 54 
49 91 
84 50 83 
83 26 
54 22 51 
72 49 
79 66 2 
57 79 
91 11 44 
44 97 81 63 
51 52 41 
2 88 38 
26 19 60 
12 58 8 
63 30 
41 1 
31 34 21 
39 71 78 
21 48 
38 42 
8 82 
30 32 
68 37 86 23 
22 9 
48 
32 96 
7 40 
50 
99 
92 
60 95 
82 53 
19 
78 
52 94 
77 
42 
53 
80 16 
94 87 
28 85 98 
88 
4 
95 
23 
66 
1 73 
73 
11 
86 
16 
81 
97 
5 
87 
40 
55 
98 
85 
96 
34 
58 
71 
37 
75 
69 
9 
70 
29 
# clone tree 67 objective: 5.24722
0 15 
15 24 36 
36 75 39 90 
90 99 93 
93 27 
27 57 35 
35 92 45 
45 28 80 65 
65 77 6 
43 46 
46 68 13 
6 43 
13 12 84 47 
47 5 33 
33 59 
59 7 61 
61 31 62 
62 14 
74 3 
14 67 
67 74 
56 20 
24 10 
3 4 56 
20 69 89 
10 55 76 
18 25 
76 18 
64 72 
89 64 
25 17 
17 54 
49 91 
84 50 83 
83 26 
54 22 51 
72 49 
79 66 2 
57 29 79 
91 11 44 
44 97 81 63 
51 70 52 41 
2 88 38 
26 19 60 
12 58 8 
63 30 
41 1 
31 34 21 
39 71 78 
21 48 
38 42 
8 82 
30 32 
68 37 86 23 
22 9 
48 
32 96 
7 40 
50 
99 
92 
60 95 
82 53 
19 
78 
52 94 
77 
42 
53 
80 16 
94 87 
28 85 98 
88 
4 
95 
23 
66 
1 73 
73 
11 
86 
16 
81 
97 
5 
87 
40 
55 
98 
85 
96 
34 
58 
71 
37 
75 
69 
9 
70 
29 
# clone tree 68 objective: 5.24722
0 15 
15 71 24 36 
36 39 90 
90 37 99 93 
93 27 
27 55 57 35 
35 92 45 
45 28 80 65 
65 77 6 
43 96 98 46 
46 68 13 
6 43 
13 12 84 47 
47 5 33 
33 59 
59 7 61 
61 31 62 
62 34 14 
74 3 
14 67 
67 74 
56 20 
24 10 
3 4 56 
20 89 
10 76 
18 25 
76 18 
64 72 
89 70 64 
25 75 17 
17 54 
49 91 
84 50 83 
83 26 
54 22 51 
72 49 
79 29 66 2 
57 79 
91 11 44 
44 97 81 63 
51 52 41 
2 88 38 
26 19 60 
12 8 
63 30 
41 1 
31 21 
39 78 
21 48 
38 69 42 
8 82 
30 32 
68 86 23 
22 
48 
32 58 
7 40 
50 
99 
92 
60 95 
82 53 
19 
78 
52 94 
77 85 
42 
53 
80 16 
94 87 
28 
88 
4 
95 
23 
66 
1 73 
73 
11 
86 
16 
81 
97 9 
5 
87 
40 
55 
98 
85 
96 
34 
58 
71 
37 
75 
69 
9 
70 
29 
# clone tree 69 objective: 5.24722
0 15 
15 24 36 
36 39 90 
90 99 93 
93 27 
27 57 35 
35 92 45 
45 28 80 65 
65 77 6 
43 46 
46 68 13 
6 43 
13 12 84 47 
47 5 33 
33 59 
59 7 61 
61 31 62 
62 14 
74 3 
14 67 
67 74 
56 20 
24 10 
3 4 56 
20 89 
10 55 76 
18 25 
76 18 
64 72 
89 64 
25 17 
17 69 54 
49 91 
84 50 83 
83 75 26 
54 22 51 
72 70 49 
79 66 2 
57 79 
91 11 44 
44 97 81 63 
51 52 41 
2 88 38 
26 19 60 
12 58 8 
63 30 
41 1 
31 34 21 
39 71 78 
21 48 
38 42 
8 82 
30 32 
68 9 86 23 
22 
48 
32 96 
7 40 
50 
99 
92 
60 95 
82 53 
19 
78 
52 94 
77 
42 
53 37 
80 16 
94 87 
28 85 98 
88 
4 
95 
23 
66 
1 73 
73 29 
11 
86 
16 
81 
97 
5 
87 
40 
55 
98 
85 
96 
34 
58 
71 
37 
75 
69 
9 
70 
29 
# clone tree 70 objective: 5.24722
0 15 
15 24 36 
36 39 90 
90 99 93 
93 27 
27 57 35 
35 92 45 
45 28 80 65 
65 77 6 
43 46 
46 68 13 
6 43 
13 12 84 47 
47 5 33 
33 59 
59 69 7 61 
61 31 62 
62 14 
74 3 
14 75 67 
67 74 
56 20 
24 71 55 10 
3 4 56 
20 89 
10 40 76 
18 25 
76 29 18 
64 72 
89 64 
25 17 
17 54 
49 91 
84 50 83 
83 26 
54 22 51 
72 49 
79 66 2 
57 79 
91 11 44 
44 97 81 63 
51 52 41 
2 88 38 
26 19 60 
12 8 
63 37 30 
41 1 
31 9 21 
39 78 
21 48 
38 42 
8 82 
30 32 
68 86 23 
22 34 
48 58 98 
32 96 
7 
50 
99 
92 73 
60 95 
82 53 
19 
78 
52 94 
77 85 
42 
53 
80 16 
94 87 
28 
88 
4 70 
95 
23 
66 
1 
73 
11 
86 
16 
81 
97 
5 
87 
40 
55 
98 
85 
96 
34 
58 
71 
37 
75 
69 
9 
70 
29 
# clone tree 71 objective: 5.24722
0 15 
15 24 36 
36 39 90 
90 99 93 
93 27 
27 57 35 
35 92 45 
45 28 80 65 
65 77 6 
43 46 
46 68 13 
6 43 
13 12 84 47 
47 5 33 
33 59 
59 7 61 
61 31 62 
62 14 
74 3 
14 67 
67 74 
56 20 
24 10 
3 4 56 
20 89 
10 55 76 
18 25 
76 18 
64 72 
89 64 
25 17 
17 69 54 
49 91 
84 50 83 
83 70 75 26 
54 22 51 
72 49 
79 66 2 
57 79 
91 11 44 
44 97 81 63 
51 52 41 
2 88 38 
26 19 60 
12 58 8 
63 30 
41 1 
31 34 21 
39 71 78 
21 48 
38 42 
8 82 
30 32 
68 9 86 23 
22 
48 
32 96 
7 40 
50 
99 
92 
60 95 
82 53 
19 
78 
52 94 
77 
42 
53 37 
80 16 
94 87 
28 85 98 
88 
4 
95 
23 
66 
1 73 
73 
11 
86 
16 
81 
97 
5 
87 
40 
55 
98 
85 
96 
34 
58 
71 
37 
75 
69 
9 29 
70 
29 
# clone tree 72 objective: 5.24722
0 15 
15 24 36 
36 39 90 
90 99 93 
93 75 27 
27 55 57 35 
35 92 45 
45 28 80 65 
65 77 6 
43 46 
46 68 13 
6 43 
13 66 12 84 47 
47 5 33 
33 59 
59 7 61 
61 31 62 
62 14 
74 3 
14 67 
67 74 
56 20 
24 85 10 
3 4 56 
20 29 89 
10 71 40 76 
18 25 
76 18 
64 72 
89 70 64 
25 17 
17 54 
49 91 
84 50 83 
83 26 
54 22 51 
72 49 
79 2 
57 37 79 
91 11 44 
44 97 81 63 
51 52 41 
2 88 38 
26 19 60 
12 8 
63 30 
41 1 
31 21 
39 78 
21 48 
38 42 
8 82 
30 32 
68 86 23 
22 34 
48 58 
32 96 
7 
50 
99 
92 73 
60 95 
82 53 
19 
78 69 
52 94 
77 
42 
53 
80 16 
94 87 
28 98 
88 
4 
95 
23 9 
66 
1 
73 
11 
86 
16 
81 
97 
5 
87 
40 
55 
98 
85 
96 
34 
58 
71 
37 
75 
69 
9 
70 
29 
# clone tree 73 objective: 5.24722
0 15 
15 71 24 36 
36 39 90 
90 37 99 93 
93 27 
27 55 57 35 
35 92 45 
45 28 80 65 
65 77 6 
43 96 98 46 
46 68 13 
6 43 
13 12 84 47 
47 5 33 
33 59 
59 7 61 
61 31 62 
62 34 14 
74 3 
14 67 
67 74 
56 20 
24 10 
3 4 56 
20 89 
10 76 
18 25 
76 18 
64 72 
89 64 
25 75 17 
17 29 54 
49 91 
84 50 83 
83 26 
54 22 51 
72 49 
79 66 2 
57 79 
91 11 44 
44 97 81 63 
51 52 41 
2 88 38 
26 19 60 
12 8 
63 9 30 
41 1 
31 21 
39 78 
21 48 
38 42 
8 82 
30 32 
68 86 23 
22 
48 
32 58 
7 40 
50 
99 
92 
60 95 
82 53 
19 
78 
52 94 
77 70 85 
42 
53 
80 16 
94 87 
28 
88 
4 
95 
23 69 
66 
1 73 
73 
11 
86 
16 
81 
97 
5 
87 
40 
55 
98 
85 
96 
34 
58 
71 
37 
75 
69 
9 
70 
29 
# clone tree 74 objective: 5.24722
0 15 
15 24 36 
36 39 90 
90 99 93 
93 27 
27 57 35 
35 92 45 
45 28 80 65 
65 77 6 
43 46 
46 68 13 
6 43 
13 12 84 47 
47 5 33 
33 59 
59 7 61 
61 31 62 
62 14 
74 3 
14 67 
67 74 
56 20 
24 10 
3 4 56 
20 89 
10 55 76 
18 25 
76 18 
64 72 
89 64 
25 17 
17 69 54 
49 91 
84 50 83 
83 75 26 
54 22 51 
72 49 
79 66 2 
57 79 
91 11 44 
44 97 81 63 
51 52 41 
2 88 38 
26 19 60 
12 58 8 
63 30 
41 29 1 
31 34 21 
39 71 78 
21 48 
38 42 
8 82 
30 32 
68 9 86 23 
22 
48 
32 96 
7 40 
50 
99 
92 
60 95 
82 53 
19 
78 
52 94 
77 
42 
53 37 
80 16 
94 87 
28 85 98 
88 
4 
95 
23 
66 
1 73 
73 
11 
86 70 
16 
81 
97 
5 
87 
40 
55 
98 
85 
96 
34 
58 
71 
37 
75 
69 
9 
70 
29 
# clone tree 75 objective: 5.24722
0 15 
15 24 36 
36 39 90 
90 99 93 
93 75 27 
27 57 35 
35 92 45 
45 28 80 65 
65 77 6 
43 98 46 
46 68 13 
6 43 
13 66 12 84 47 
47 5 33 
33 59 
59 69 7 61 
61 29 31 62 
62 14 
74 71 3 
14 67 
67 74 
56 20 
24 10 
3 4 56 
20 89 
10 76 
18 25 
76 18 
64 72 
89 64 
25 17 
17 54 
49 91 
84 50 83 
83 26 
54 22 51 
72 49 
79 2 
57 79 
91 11 44 
44 97 81 63 
51 52 41 
2 88 38 
26 55 19 60 
12 58 8 
63 30 
41 1 
31 21 
39 78 
21 48 
38 42 
8 82 
30 32 
68 9 86 23 
22 34 
48 
32 96 
7 40 
50 
99 
92 
60 95 
82 53 
19 
78 
52 94 
77 85 
42 
53 
80 16 
94 87 
28 
88 
4 70 
95 
23 
66 
1 73 
73 
11 
86 
16 
81 
97 
5 37 
87 
40 
55 
98 
85 
96 
34 
58 
71 
37 
75 
69 
9 
70 
29 
# clone tree 76 objective: 5.24722
0 15 
15 24 36 
36 39 90 
90 9 99 93 
93 27 
27 57 35 
35 92 45 
45 28 80 65 
65 77 6 
43 46 
46 68 13 
6 43 
13 12 84 47 
47 69 5 33 
33 59 
59 7 61 
61 31 62 
62 14 
74 3 
14 67 
67 74 
56 20 
24 71 55 10 
3 4 56 
20 89 
10 40 76 
18 25 
76 18 
64 72 
89 64 
25 17 
17 54 
49 91 
84 50 83 
83 26 
54 22 51 
72 49 
79 66 2 
57 79 
91 11 44 
44 97 81 63 
51 52 41 
2 88 38 
26 19 60 
12 8 
63 37 30 
41 1 
31 21 
39 78 
21 48 
38 42 
8 82 
30 32 
68 86 23 
22 34 
48 58 98 
32 96 
7 
50 
99 
92 73 
60 95 
82 53 
19 
78 29 
52 94 
77 85 
42 
53 
80 16 
94 87 
28 70 
88 
4 
95 
23 
66 
1 
73 
11 
86 
16 
81 75 
97 
5 
87 
40 
55 
98 
85 
96 
34 
58 
71 
37 
75 
69 
9 
70 
29 
# clone tree 77 objective: 5.24722
0 15 
15 24 36 
36 75 39 90 
90 99 93 
93 27 
27 57 35 
35 92 45 
45 28 80 65 
65 77 6 
43 46 
46 68 13 
6 43 
13 12 84 47 
47 29 5 33 
33 59 
59 7 61 
61 31 62 
62 14 
74 3 
14 70 67 
67 74 
56 20 
24 10 
3 4 56 
20 69 89 
10 55 76 
18 25 
76 18 
64 72 
89 64 
25 17 
17 54 
49 91 
84 50 83 
83 26 
54 22 51 
72 49 
79 66 2 
57 79 
91 11 44 
44 97 81 63 
51 52 41 
2 88 38 
26 19 60 
12 58 8 
63 30 
41 1 
31 34 21 
39 71 78 
21 48 
38 42 
8 82 
30 32 
68 37 86 23 
22 9 
48 
32 96 
7 40 
50 
99 
92 
60 95 
82 53 
19 
78 
52 94 
77 
42 
53 
80 16 
94 87 
28 85 98 
88 
4 
95 
23 
66 
1 73 
73 
11 
86 
16 
81 
97 
5 
87 
40 
55 
98 
85 
96 
34 
58 
71 
37 
75 
69 
9 
70 
29 
# clone tree 78 objective: 5.24722
0 15 
15 71 24 36 
36 39 90 
90 37 99 93 
93 27 
27 55 57 35 
35 92 45 
45 28 80 65 
65 77 6 
43 96 98 46 
46 68 13 
6 43 
13 12 84 47 
47 5 33 
33 59 
59 7 61 
61 31 62 
62 34 14 
74 3 
14 67 
67 74 
56 20 
24 10 
3 4 56 
20 89 
10 76 
18 25 
76 18 
64 72 
89 64 
25 75 17 
17 54 
49 91 
84 50 83 
83 26 
54 22 51 
72 49 
79 66 2 
57 79 
91 11 44 
44 70 97 81 63 
51 52 41 
2 88 38 
26 29 19 60 
12 8 
63 30 
41 1 
31 21 
39 78 
21 48 
38 42 
8 82 
30 32 
68 86 23 
22 
48 
32 58 
7 40 
50 
99 9 
92 
60 95 
82 53 
19 
78 
52 94 
77 85 
42 
53 
80 16 
94 87 
28 
88 
4 
95 
23 
66 69 
1 73 
73 
11 
86 
16 
81 
97 
5 
87 
40 
55 
98 
85 
96 
34 
58 
71 
37 
75 
69 
9 
70 
29 
# clone tree 79 objective: 5.24722
0 70 15 
15 24 36 
36 39 90 
90 99 93 
93 75 27 
27 57 35 
35 92 45 
45 28 80 65 
65 77 6 
43 98 46 
46 68 13 
6 43 
13 66 12 84 47 
47 5 33 
33 59 
59 7 61 
61 31 62 
62 9 14 
74 71 3 
14 67 
67 74 
56 20 
24 10 
3 29 4 56 
20 89 
10 76 
18 25 
76 18 
64 72 
89 64 
25 17 
17 54 
49 91 
84 50 83 
83 26 
54 22 51 
72 49 
79 69 2 
57 79 
91 11 44 
44 97 81 63 
51 52 41 
2 88 38 
26 55 19 60 
12 58 8 
63 30 
41 1 
31 21 
39 78 
21 48 
38 42 
8 82 
30 32 
68 86 23 
22 34 
48 
32 96 
7 40 
50 
99 
92 
60 95 
82 53 
19 
78 
52 94 
77 85 
42 
53 
80 16 
94 87 
28 
88 
4 
95 
23 
66 
1 73 
73 
11 
86 
16 
81 
97 
5 37 
87 
40 
55 
98 
85 
96 
34 
58 
71 
37 
75 
69 
9 
70 
29 
# clone tree 80 objective: 5.24722
0 15 
15 24 36 
36 39 90 
90 99 93 
93 27 
27 57 35 
35 92 45 
45 28 80 65 
65 77 6 
43 46 
46 68 13 
6 43 
13 12 84 47 
47 5 33 
33 59 
59 7 61 
61 31 62 
62 14 
74 3 
14 67 
67 74 
56 20 
24 10 
3 4 56 
20 89 
10 55 76 
18 25 
76 18 
64 72 
89 64 
25 17 
17 69 54 
49 91 
84 50 83 
83 29 75 26 
54 22 51 
72 49 
79 66 2 
57 79 
91 11 44 
44 97 81 63 
51 70 52 41 
2 88 38 
26 19 60 
12 58 8 
63 30 
41 1 
31 34 21 
39 71 78 
21 48 
38 42 
8 82 
30 32 
68 9 86 23 
22 
48 
32 96 
7 40 
50 
99 
92 
60 95 
82 53 
19 
78 
52 94 
77 
42 
53 37 
80 16 
94 87 
28 85 98 
88 
4 
95 
23 
66 
1 73 
73 
11 
86 
16 
81 
97 
5 
87 
40 
55 
98 
85 
96 
34 
58 
71 
37 
75 
69 
9 
70 
29 
# clone tree 81 objective: 5.24722
0 15 
15 24 36 
36 39 90 
90 99 93 
93 27 
27 55 57 35 
35 92 45 
45 28 80 65 
65 29 77 6 
43 96 98 46 
46 68 13 
6 43 
13 58 12 84 47 
47 5 33 
33 59 
59 7 61 
61 31 62 
62 34 14 
74 71 3 
14 67 
67 74 
56 20 
24 10 
3 4 56 
20 89 
10 76 
18 25 
76 18 
64 72 
89 64 
25 17 
17 54 
49 91 
84 50 83 
83 26 
54 22 51 
72 49 
79 66 2 
57 79 
91 11 44 
44 97 81 63 
51 52 41 
2 88 38 
26 19 60 
12 8 
63 30 
41 1 
31 9 21 
39 78 
21 48 
38 69 42 
8 82 
30 32 
68 37 86 23 
22 
48 
32 
7 40 
50 
99 
92 
60 95 
82 53 
19 
78 
52 94 
77 70 85 
42 
53 75 
80 16 
94 87 
28 
88 
4 
95 
23 
66 
1 73 
73 
11 
86 
16 
81 
97 
5 
87 
40 
55 
98 
85 
96 
34 
58 
71 
37 
75 
69 
9 
70 
29 
# clone tree 82 objective: 5.24722
0 15 
15 24 36 
36 75 39 90 
90 99 93 
93 27 
27 57 35 
35 92 45 
45 28 80 65 
65 77 6 
43 46 
46 68 13 
6 43 
13 12 84 47 
47 5 33 
33 59 
59 7 61 
61 31 62 
62 14 
74 3 
14 67 
67 74 
56 20 
24 10 
3 4 56 
20 69 89 
10 55 76 
18 25 
76 18 
64 72 
89 64 
25 17 
17 54 
49 91 
84 50 83 
83 26 
54 22 51 
72 49 
79 66 2 
57 79 
91 11 44 
44 97 81 63 
51 52 41 
2 88 38 
26 19 60 
12 29 58 8 
63 30 
41 70 1 
31 34 21 
39 71 78 
21 48 
38 42 
8 82 
30 32 
68 37 86 23 
22 9 
48 
32 96 
7 40 
50 
99 
92 
60 95 
82 53 
19 
78 
52 94 
77 
42 
53 
80 16 
94 87 
28 85 98 
88 
4 
95 
23 
66 
1 73 
73 
11 
86 
16 
81 
97 
5 
87 
40 
55 
98 
85 
96 
34 
58 
71 
37 
75 
69 
9 
70 
29 
# clone tree 83 objective: 5.24722
0 15 
15 24 36 
36 39 90 
90 99 93 
93 75 27 
27 57 35 
35 92 45 
45 28 80 65 
65 77 6 
43 98 46 
46 68 13 
6 43 
13 66 12 84 47 
47 5 33 
33 59 
59 70 69 7 61 
61 31 62 
62 14 
74 71 3 
14 67 
67 74 
56 20 
24 10 
3 4 56 
20 89 
10 76 
18 25 
76 18 
64 72 
89 64 
25 17 
17 54 
49 29 91 
84 50 83 
83 26 
54 22 51 
72 49 
79 2 
57 79 
91 11 44 
44 97 81 63 
51 52 41 
2 88 38 
26 55 19 60 
12 58 8 
63 30 
41 1 
31 21 
39 78 
21 48 
38 42 
8 82 
30 32 
68 9 86 23 
22 34 
48 
32 96 
7 40 
50 
99 
92 
60 95 
82 53 
19 
78 
52 94 
77 85 
42 
53 
80 16 
94 87 
28 
88 
4 
95 
23 
66 
1 73 
73 
11 
86 
16 
81 
97 
5 37 
87 
40 
55 
98 
85 
96 
34 
58 
71 
37 
75 
69 
9 
70 
29 
# clone tree 84 objective: 5.24722
0 15 
15 71 24 36 
36 39 90 
90 37 99 93 
93 27 
27 55 57 35 
35 92 45 
45 28 80 65 
65 77 6 
43 96 98 46 
46 68 13 
6 43 
13 12 84 47 
47 5 33 
33 59 
59 7 61 
61 31 62 
62 34 14 
74 3 
14 67 
67 74 
56 20 
24 10 
3 4 56 
20 89 
10 76 
18 25 
76 18 
64 72 
89 64 
25 17 
17 54 
49 91 
84 50 83 
83 26 
54 22 51 
72 70 49 
79 66 2 
57 79 
91 11 44 
44 97 81 63 
51 52 41 
2 88 38 
26 19 60 
12 8 
63 30 
41 1 
31 21 
39 78 
21 48 
38 69 42 
8 82 
30 32 
68 86 23 
22 
48 
32 58 
7 40 
50 
99 
92 
60 95 
82 53 
19 
78 
52 94 
77 85 
42 
53 
80 16 
94 87 
28 
88 
4 
95 
23 
66 
1 73 
73 
11 
86 
16 
81 75 
97 
5 9 
87 
40 
55 
98 
85 29 
96 
34 
58 
71 
37 
75 
69 
9 
70 
29 
# clone tree 85 objective: 5.24722
0 15 
15 24 36 
36 75 39 90 
90 99 93 
93 69 27 
27 57 35 
35 92 45 
45 28 80 65 
65 77 6 
43 46 
46 68 13 
6 43 
13 12 84 47 
47 5 33 
33 59 
59 7 61 
61 31 62 
62 14 
74 3 
14 67 
67 74 
56 20 
24 10 
3 4 56 
20 89 
10 55 76 
18 25 
76 18 
64 72 
89 64 
25 17 
17 54 
49 91 
84 50 83 
83 26 
54 22 51 
72 49 
79 66 2 
57 79 
91 11 44 
44 29 97 81 63 
51 52 41 
2 88 38 
26 19 60 
12 58 8 
63 30 
41 1 
31 9 34 21 
39 71 78 
21 48 
38 42 
8 82 
30 32 
68 37 86 23 
22 
48 
32 96 
7 40 
50 
99 
92 70 
60 95 
82 53 
19 
78 
52 94 
77 
42 
53 
80 16 
94 87 
28 85 98 
88 
4 
95 
23 
66 
1 73 
73 
11 
86 
16 
81 
97 
5 
87 
40 
55 
98 
85 
96 
34 
58 
71 
37 
75 
69 
9 
70 
29 
# clone tree 86 objective: 5.24722
0 15 
15 24 36 
36 39 90 
90 99 93 
93 27 
27 57 35 
35 92 45 
45 28 80 65 
65 77 6 
43 46 
46 68 13 
6 43 
13 12 84 47 
47 5 33 
33 59 
59 7 61 
61 31 62 
62 14 
74 3 
14 67 
67 74 
56 20 
24 10 
3 4 56 
20 89 
10 55 76 
18 25 
76 18 
64 72 
89 64 
25 17 
17 54 
49 91 
84 50 83 
83 75 26 
54 22 51 
72 49 
79 66 2 
57 79 
91 11 44 
44 97 81 63 
51 52 41 
2 88 38 
26 19 60 
12 58 8 
63 30 
41 70 1 
31 34 21 
39 71 78 
21 48 
38 42 
8 82 
30 32 
68 86 23 
22 
48 
32 96 
7 40 
50 
99 
92 
60 95 
82 53 
19 
78 69 
52 94 
77 
42 
53 37 
80 16 
94 87 
28 85 98 
88 
4 
95 
23 9 
66 
1 73 
73 
11 
86 
16 
81 
97 
5 
87 
40 29 
55 
98 
85 
96 
34 
58 
71 
37 
75 
69 
9 
70 
29 
# clone tree 87 objective: 5.24722
0 15 
15 24 36 
36 39 90 
90 9 99 93 
93 27 
27 57 35 
35 92 45 
45 28 80 65 
65 77 6 
43 46 
46 68 13 
6 43 
13 12 84 47 
47 5 33 
33 59 
59 7 61 
61 31 62 
62 14 
74 3 
14 67 
67 74 
56 20 
24 71 55 10 
3 4 56 
20 89 
10 40 76 
18 25 
76 18 
64 72 
89 64 
25 17 
17 54 
49 91 
84 50 83 
83 70 75 26 
54 22 51 
72 49 
79 66 2 
57 79 
91 11 44 
44 37 97 81 63 
51 52 41 
2 88 38 
26 19 60 
12 8 
63 30 
41 1 
31 21 
39 78 
21 48 
38 42 
8 82 
30 32 
68 86 23 
22 34 
48 58 98 
32 96 
7 
50 
99 
92 73 
60 95 
82 53 
19 
78 
52 94 
77 85 
42 
53 
80 16 
94 87 
28 
88 
4 
95 
23 
66 69 
1 
73 
11 
86 
16 
81 
97 
5 
87 
40 
55 
98 
85 
96 
34 
58 
71 
37 
75 
69 
9 
70 29 
29 
# clone tree 88 objective: 5.24722
0 15 
15 24 36 
36 39 90 
90 99 93 
93 27 
27 57 35 
35 92 45 
45 28 80 65 
65 77 6 
43 98 46 
46 29 68 13 
6 43 
13 66 12 84 47 
47 69 5 33 
33 59 
59 7 61 
61 31 62 
62 14 
74 3 
14 67 
67 74 
56 20 
24 10 
3 4 56 
20 89 
10 76 
18 25 
76 18 
64 72 
89 64 
25 75 17 
17 54 
49 91 
84 50 83 
83 26 
54 22 51 
72 49 
79 2 
57 79 
91 11 44 
44 97 81 63 
51 52 41 
2 88 38 
26 55 19 60 
12 58 8 
63 30 
41 1 
31 9 21 
39 78 
21 48 
38 42 
8 82 
30 32 
68 37 86 23 
22 34 
48 
32 96 
7 40 
50 
99 
92 
60 95 
82 53 
19 70 
78 
52 94 
77 85 
42 
53 
80 16 
94 87 
28 
88 
4 
95 
23 
66 
1 73 
73 
11 
86 
16 
81 
97 
5 
87 
40 
55 71 
98 
85 
96 
34 
58 
71 
37 
75 
69 
9 
70 
29 
# clone tree 89 objective: 5.24722
0 15 
15 71 24 36 
36 39 90 
90 37 99 93 
93 27 
27 55 57 35 
35 92 45 
45 28 80 65 
65 77 6 
43 96 98 46 
46 68 13 
6 43 
13 12 84 47 
47 5 33 
33 59 
59 7 61 
61 31 62 
62 34 14 
74 3 
14 67 
67 74 
56 20 
24 10 
3 4 56 
20 89 
10 76 
18 25 
76 18 
64 72 
89 64 
25 75 17 
17 54 
49 69 91 
84 50 83 
83 26 
54 22 51 
72 49 
79 66 2 
57 79 
91 11 44 
44 97 81 63 
51 70 52 41 
2 88 38 
26 19 60 
12 8 
63 30 
41 1 
31 21 
39 78 
21 48 
38 42 
8 82 
30 32 
68 86 23 
22 
48 
32 58 
7 40 
50 
99 9 
92 
60 95 
82 53 
19 
78 
52 94 
77 85 
42 
53 
80 16 
94 87 
28 
88 
4 
95 
23 
66 
1 73 
73 
11 
86 
16 
81 
97 
5 29 
87 
40 
55 
98 
85 
96 
34 
58 
71 
37 
75 
69 
9 
70 
29 
# clone tree 90 objective: 5.24722
0 15 
15 71 24 36 
36 39 90 
90 37 99 93 
93 27 
27 55 57 35 
35 92 45 
45 28 80 65 
65 77 6 
43 96 98 46 
46 68 13 
6 43 
13 12 84 47 
47 5 33 
33 59 
59 7 61 
61 31 62 
62 34 14 
74 3 
14 67 
67 74 
56 20 
24 10 
3 4 56 
20 89 
10 76 
18 25 
76 18 
64 72 
89 64 
25 17 
17 54 
49 91 
84 50 83 
83 26 
54 22 51 
72 49 
79 66 2 
57 79 
91 11 44 
44 97 81 63 
51 52 41 
2 88 38 
26 19 60 
12 8 
63 30 
41 1 
31 29 21 
39 78 
21 48 
38 42 
8 82 
30 32 
68 86 23 
22 
48 
32 58 
7 40 
50 
99 9 
92 
60 95 
82 53 
19 
78 
52 94 
77 85 
42 
53 
80 16 
94 87 
28 
88 
4 
95 
23 
66 69 
1 73 
73 
11 
86 
16 70 
81 75 
97 
5 
87 
40 
55 
98 
85 
96 
34 
58 
71 
37 
75 
69 
9 
70 
29 
# clone tree 91 objective: 5.24722
0 15 
15 24 36 
36 75 39 90 
90 99 93 
93 27 
27 57 35 
35 92 45 
45 28 80 65 
65 77 6 
43 46 
46 68 13 
6 43 
13 12 84 47 
47 5 33 
33 59 
59 7 61 
61 31 62 
62 14 
74 3 
14 67 
67 74 
56 20 
24 10 
3 4 56 
20 69 89 
10 55 76 
18 25 
76 18 
64 72 
89 64 
25 17 
17 54 
49 91 
84 50 83 
83 26 
54 22 51 
72 49 
79 66 2 
57 79 
91 11 44 
44 97 81 63 
51 52 41 
2 88 38 
26 19 60 
12 58 8 
63 30 
41 1 
31 34 21 
39 71 78 
21 48 
38 42 
8 82 
30 32 
68 37 86 23 
22 9 
48 
32 96 
7 40 
50 
99 
92 
60 95 
82 53 
19 
78 
52 94 
77 
42 
53 
80 16 
94 87 
28 70 85 98 
88 
4 
95 
23 
66 
1 73 
73 
11 
86 
16 
81 
97 
5 
87 
40 
55 
98 
85 
96 
34 
58 
71 
37 
75 
69 
9 29 
70 
29 
# clone tree 92 objective: 5.24722
0 15 
15 71 24 36 
36 39 90 
90 37 99 93 
93 27 
27 55 57 35 
35 92 45 
45 28 80 65 
65 77 6 
43 96 98 46 
46 68 13 
6 43 
13 12 84 47 
47 5 33 
33 59 
59 7 61 
61 31 62 
62 34 14 
74 3 
14 75 67 
67 74 
56 29 20 
24 10 
3 4 56 
20 69 89 
10 76 
18 25 
76 18 
64 72 
89 64 
25 17 
17 54 
49 91 
84 70 50 83 
83 26 
54 22 51 
72 49 
79 66 2 
57 79 
91 11 44 
44 97 81 63 
51 52 41 
2 88 38 
26 19 60 
12 8 
63 30 
41 1 
31 21 
39 78 
21 48 
38 42 
8 82 
30 32 
68 86 23 
22 
48 
32 58 
7 40 
50 
99 
92 
60 95 
82 53 
19 
78 
52 94 
77 85 
42 
53 
80 16 
94 87 
28 
88 
4 
95 
23 
66 
1 73 
73 
11 
86 
16 
81 
97 
5 9 
87 
40 
55 
98 
85 
96 
34 
58 
71 
37 
75 
69 
9 
70 
29 
# clone tree 93 objective: 5.24722
0 15 
15 24 36 
36 75 39 90 
90 99 93 
93 69 27 
27 57 35 
35 92 45 
45 28 80 65 
65 77 6 
43 46 
46 68 13 
6 43 
13 12 84 47 
47 5 33 
33 59 
59 7 61 
61 31 62 
62 14 
74 3 
14 67 
67 74 
56 20 
24 10 
3 4 56 
20 89 
10 55 76 
18 25 
76 18 
64 72 
89 64 
25 17 
17 54 
49 91 
84 50 83 
83 26 
54 22 51 
72 49 
79 66 2 
57 79 
91 11 44 
44 97 81 63 
51 52 41 
2 88 38 
26 19 60 
12 58 8 
63 30 
41 1 
31 9 34 21 
39 71 78 
21 48 
38 42 
8 82 
30 32 
68 37 86 23 
22 
48 
32 96 
7 40 
50 
99 
92 
60 95 
82 53 
19 70 
78 
52 94 
77 
42 
53 
80 29 16 
94 87 
28 85 98 
88 
4 
95 
23 
66 
1 73 
73 
11 
86 
16 
81 
97 
5 
87 
40 
55 
98 
85 
96 
34 
58 
71 
37 
75 
69 
9 
70 
29 
# clone tree 94 objective: 5.24722
0 15 
15 71 24 36 
36 39 90 
90 37 99 93 
93 27 
27 55 57 35 
35 92 45 
45 28 80 65 
65 77 6 
43 96 98 46 
46 68 13 
6 43 
13 12 84 47 
47 5 33 
33 59 
59 69 7 61 
61 31 62 
62 34 14 
74 3 
14 67 
67 74 
56 20 
24 10 
3 4 56 
20 89 
10 76 
18 25 
76 18 
64 72 
89 64 
25 17 
17 54 
49 91 
84 50 83 
83 26 
54 22 51 
72 49 
79 66 2 
57 79 
91 11 44 
44 70 97 81 63 
51 52 41 
2 88 38 
26 19 60 
12 8 
63 30 
41 1 
31 9 21 
39 78 
21 48 
38 42 
8 82 
30 32 
68 86 23 
22 
48 
32 58 
7 40 
50 
99 
92 
60 95 
82 53 
19 
78 
52 94 
77 85 
42 
53 
80 16 
94 87 
28 
88 
4 29 
95 
23 
66 
1 73 
73 
11 
86 
16 
81 75 
97 
5 
87 
40 
55 
98 
85 
96 
34 
58 
71 
37 
75 
69 
9 
70 
29 
# clone tree 95 objective: 5.24722
0 15 
15 24 36 
36 39 90 
90 99 93 
93 69 27 
27 57 35 
35 92 45 
45 28 80 65 
65 77 6 
43 46 
46 68 13 
6 43 
13 12 84 47 
47 5 33 
33 59 
59 7 61 
61 31 62 
62 14 
74 3 
14 67 
67 74 
56 20 
24 71 55 10 
3 4 56 
20 89 
10 40 76 
18 25 
76 18 
64 72 
89 64 
25 17 
17 54 
49 91 
84 50 83 
83 26 
54 22 51 
72 49 
79 66 2 
57 79 
91 11 44 
44 97 81 63 
51 52 41 
2 88 38 
26 19 60 
12 8 
63 37 30 
41 1 
31 21 
39 78 
21 48 
38 42 
8 82 
30 32 
68 29 86 23 
22 34 
48 58 98 
32 96 
7 
50 
99 
92 73 
60 95 
82 53 
19 
78 
52 94 
77 85 
42 
53 
80 16 
94 87 
28 
88 
4 70 
95 
23 9 
66 
1 
73 
11 
86 
16 
81 75 
97 
5 
87 
40 
55 
98 
85 
96 
34 
58 
71 
37 
75 
69 
9 
70 
29 
# clone tree 96 objective: 5.24722
0 15 
15 24 36 
36 39 90 
90 99 93 
93 27 
27 57 35 
35 92 45 
45 28 80 65 
65 77 6 
43 46 
46 68 13 
6 43 
13 12 84 47 
47 5 33 
33 59 
59 7 61 
61 31 62 
62 14 
74 3 
14 75 67 
67 74 
56 20 
24 71 55 10 
3 4 56 
20 89 
10 40 76 
18 25 
76 18 
64 72 
89 64 
25 17 
17 69 54 
49 91 
84 50 83 
83 26 
54 22 51 
72 49 
79 66 2 
57 9 79 
91 11 44 
44 97 81 63 
51 29 52 41 
2 88 38 
26 19 60 
12 8 
63 37 30 
41 1 
31 21 
39 78 
21 48 
38 42 
8 82 
30 32 
68 86 23 
22 34 
48 58 98 
32 96 
7 
50 
99 
92 73 
60 95 
82 53 
19 70 
78 
52 94 
77 85 
42 
53 
80 16 
94 87 
28 
88 
4 
95 
23 
66 
1 
73 
11 
86 
16 
81 
97 
5 
87 
40 
55 
98 
85 
96 
34 
58 
71 
37 
75 
69 
9 
70 
29 
# clone tree 97 objective: 5.24722
0 15 
15 24 36 
36 75 39 90 
90 99 93 
93 27 
27 57 35 
35 92 45 
45 28 80 65 
65 77 6 
43 46 
46 68 13 
6 43 
13 12 84 47 
47 5 33 
33 59 
59 7 61 
61 31 62 
62 14 
74 3 
14 67 
67 74 
56 20 
24 10 
3 4 56 
20 69 89 
10 55 76 
18 25 
76 18 
64 72 
89 64 
25 17 
17 54 
49 91 
84 50 83 
83 26 
54 22 51 
72 70 49 
79 66 2 
57 79 
91 11 44 
44 97 81 63 
51 52 41 
2 88 38 
26 19 60 
12 58 8 
63 30 
41 1 
31 34 21 
39 71 78 
21 48 
38 42 
8 82 
30 32 
68 37 86 23 
22 9 
48 
32 96 
7 40 
50 
99 
92 
60 95 
82 53 
19 29 
78 
52 94 
77 
42 
53 
80 16 
94 87 
28 85 98 
88 
4 
95 
23 
66 
1 73 
73 
11 
86 
16 
81 
97 
5 
87 
40 
55 
98 
85 
96 
34 
58 
71 
37 
75 
69 
9 
70 
29 
# clone tree 98 objective: 5.24722
0 15 
15 24 36 
36 75 39 90 
90 99 93 
93 27 
27 57 35 
35 92 45 
45 28 80 65 
65 77 6 
43 46 
46 68 13 
6 43 
13 12 84 47 
47 5 33 
33 59 
59 7 61 
61 31 62 
62 70 14 
74 3 
14 67 
67 74 
56 20 
24 10 
3 4 56 
20 89 
10 55 76 
18 25 
76 18 
64 72 
89 64 
25 17 
17 54 
49 91 
84 50 83 
83 69 26 
54 22 51 
72 49 
79 66 2 
57 79 
91 11 44 
44 9 97 81 63 
51 52 41 
2 88 38 
26 19 60 
12 58 8 
63 30 
41 1 
31 34 21 
39 71 78 
21 29 48 
38 42 
8 82 
30 32 
68 37 86 23 
22 
48 
32 96 
7 40 
50 
99 
92 
60 95 
82 53 
19 
78 
52 94 
77 
42 
53 
80 16 
94 87 
28 85 98 
88 
4 
95 
23 
66 
1 73 
73 
11 
86 
16 
81 
97 
5 
87 
40 
55 
98 
85 
96 
34 
58 
71 
37 
75 
69 
9 
70 
29 
# clone tree 99 objective: 5.24722
0 15 
15 24 36 
36 75 39 90 
90 99 93 
93 27 
27 57 35 
35 92 45 
45 28 80 65 
65 77 6 
43 46 
46 68 13 
6 43 
13 12 84 47 
47 5 33 
33 59 
59 7 61 
61 31 62 
62 14 
74 3 
14 67 
67 74 
56 20 
24 10 
3 4 56 
20 69 89 
10 55 76 
18 25 
76 18 
64 72 
89 64 
25 17 
17 54 
49 91 
84 50 83 
83 26 
54 22 51 
72 49 
79 66 2 
57 79 
91 11 44 
44 97 81 63 
51 52 41 
2 88 38 
26 19 60 
12 58 8 
63 30 
41 1 
31 34 21 
39 71 78 
21 48 
38 42 
8 82 
30 32 
68 37 86 23 
22 9 
48 
32 96 
7 40 
50 
99 
92 
60 95 
82 53 
19 
78 
52 94 
77 70 
42 
53 
80 16 
94 87 
28 85 98 
88 
4 
95 
23 
66 
1 73 
73 
11 
86 
16 
81 
97 
5 
87 29 
40 
55 
98 
85 
96 
34 
58 
71 
37 
75 
69 
9 
70 
29 
