# clone tree 0 objective: 3.67838
0 30 7 
7 99 71 58 19 2 13 86 
86 20 68 16 
16 60 24 8 
8 69 92 44 
44 41 54 90 
90 93 45 64 
64 9 94 
94 10 37 
37 23 67 38 
31 26 47 
38 32 
76 42 31 
32 76 
47 15 83 27 
89 79 3 
9 35 29 
27 28 89 
33 21 55 
29 82 91 
3 33 
91 43 65 
55 12 62 
65 97 78 
67 53 51 
75 5 
62 11 
78 75 
11 6 18 
24 34 77 
13 61 
5 52 96 
51 39 80 
18 85 
61 59 
68 14 
2 95 
19 87 
59 49 56 
14 4 
77 74 
30 63 
80 36 
83 66 
1 73 
53 84 
82 
96 1 
45 70 
85 98 
34 50 
46 88 
87 48 
74 46 
36 81 
35 
52 
95 
58 
4 17 
73 
84 
10 
60 
56 22 
50 72 
70 57 
66 
49 
15 
54 40 
48 
81 
63 
17 
26 
98 
6 
92 
93 
22 
43 
12 
20 
40 
21 
23 
42 25 
69 
71 
39 
79 
88 
41 
57 
28 
72 
25 
97 
99 
# clone tree 1 objective: 3.67838
0 42 30 7 
7 93 58 19 2 13 86 
86 23 68 16 
16 60 24 8 
8 92 44 
44 54 90 
90 79 45 64 
64 9 94 
94 10 37 
37 67 38 
31 26 47 
38 32 
76 20 31 
32 76 
47 15 83 27 
89 3 
9 35 29 
27 89 
33 21 55 
29 82 91 
3 33 
91 43 65 
55 12 62 
65 78 
67 53 51 
75 69 5 
62 11 
78 75 
11 6 18 
24 34 77 
13 61 
5 52 96 
51 72 39 80 
18 41 85 
61 28 59 
68 14 
2 99 95 
19 87 
59 49 56 
14 4 
77 74 
30 63 
80 36 
83 66 
1 73 
53 84 
82 
96 1 
45 70 
85 98 
34 50 
46 88 
87 48 
74 46 
36 81 
35 
52 
95 71 
58 57 
4 17 
73 
84 
10 
60 
56 22 
50 25 
70 
66 
49 
15 
54 40 
48 
81 
63 
17 
26 
98 
6 
92 
93 
22 
43 
12 
20 
40 
21 97 
23 
42 
69 
71 
39 
79 
88 
41 
57 
28 
72 
25 
97 
99 
# clone tree 2 objective: 3.67838
0 30 7 
7 71 58 19 2 13 86 
86 20 68 16 
16 60 24 8 
8 69 92 44 
44 41 54 90 
90 93 45 64 
64 9 94 
94 10 37 
37 23 67 38 
31 26 47 
38 32 
76 42 31 
32 76 
47 15 83 27 
89 79 3 
9 35 29 
27 89 
33 21 55 
29 82 91 
3 33 
91 43 65 
55 25 12 62 
65 78 
67 53 51 
75 5 
62 11 
78 75 
11 6 18 
24 34 77 
13 61 
5 97 52 96 
51 39 80 
18 85 
61 59 
68 14 
2 95 
19 87 
59 49 56 
14 4 
77 74 
30 63 
80 36 
83 66 
1 73 
53 84 
82 
96 1 
45 70 
85 98 
34 50 
46 88 
87 48 
74 46 
36 81 
35 
52 
95 
58 
4 17 
73 
84 
10 
60 
56 22 
50 
70 57 
66 99 
49 
15 
54 40 
48 
81 
63 
17 
26 
98 
6 
92 
93 
22 
43 
12 72 
20 
40 
21 28 
23 
42 
69 
71 
39 
79 
88 
41 
57 
28 
72 
25 
97 
99 
# clone tree 3 objective: 3.67838
0 30 7 
7 71 58 19 2 13 86 
86 20 68 16 
16 60 24 8 
8 69 92 44 
44 41 54 90 
90 93 45 64 
64 9 94 
94 10 37 
37 23 67 38 
31 26 47 
38 32 
76 42 31 
32 76 
47 15 83 27 
89 79 3 
9 35 29 
27 89 
33 21 55 
29 82 91 
3 33 
91 43 65 
55 25 12 62 
65 78 
67 53 51 
75 5 
62 11 
78 75 
11 6 18 
24 34 77 
13 61 
5 97 52 96 
51 39 80 
18 85 
61 59 
68 14 
2 95 
19 87 
59 49 56 
14 4 
77 74 
30 63 
80 36 
83 66 
1 73 
53 84 
82 
96 1 
45 70 
85 98 
34 50 
46 88 
87 48 
74 46 
36 81 
35 
52 
95 
58 99 
4 17 
73 
84 
10 
60 
56 22 
50 
70 57 
66 
49 
15 
54 40 
48 
81 
63 
17 
26 
98 
6 
92 
93 
22 
43 
12 72 
20 
40 
21 28 
23 
42 
69 
71 
39 
79 
88 
41 
57 
28 
72 
25 
97 
99 
# clone tree 4 objective: 3.67838
0 99 30 7 
7 93 58 19 2 13 86 
86 42 20 68 16 
16 60 24 8 
8 92 44 
44 41 54 90 
90 57 45 64 
64 9 94 
94 10 37 
37 23 67 38 
31 26 47 
38 32 
76 31 
32 76 
47 15 83 27 
89 3 
9 35 29 
27 21 89 
33 55 
29 82 91 
3 33 
91 43 65 
55 12 62 
65 78 
67 53 51 
75 69 5 
62 11 
78 75 
11 39 6 18 
24 34 77 
13 71 61 
5 52 96 
51 80 
18 85 
61 59 
68 14 
2 95 
19 87 
59 49 56 
14 4 
77 74 
30 63 
80 36 
83 66 
1 73 
53 84 
82 
96 1 
45 70 
85 98 
34 50 
46 88 
87 48 
74 46 
36 81 
35 
52 
95 
58 
4 17 
73 
84 
10 
60 
56 22 
50 
70 25 
66 
49 
15 
54 72 28 40 
48 
81 79 
63 
17 
26 
98 
6 
92 
93 
22 
43 
12 
20 
40 
21 
23 
42 
69 97 
71 
39 
79 
88 
41 
57 
28 
72 
25 
97 
99 
# clone tree 5 objective: 3.67838
0 30 7 
7 71 58 19 2 13 86 
86 20 68 16 
16 60 24 8 
8 69 92 44 
44 41 54 90 
90 93 45 64 
64 9 94 
94 10 37 
37 23 67 38 
31 26 47 
38 32 
76 42 31 
32 76 
47 15 83 27 
89 79 3 
9 35 29 
27 89 
33 21 55 
29 82 91 
3 33 
91 43 65 
55 25 12 62 
65 78 
67 53 51 
75 5 
62 11 
78 75 
11 6 18 
24 34 77 
13 61 
5 97 52 96 
51 39 80 
18 85 
61 59 
68 14 
2 95 
19 87 
59 49 56 
14 4 
77 74 
30 63 
80 36 
83 66 
1 73 
53 84 
82 
96 1 
45 70 
85 98 
34 50 
46 88 
87 48 
74 46 
36 81 
35 
52 
95 
58 
4 17 
73 
84 
10 
60 
56 22 
50 
70 57 
66 
49 
15 
54 40 
48 
81 
63 
17 
26 
98 
6 
92 
93 
22 
43 99 
12 72 
20 
40 
21 28 
23 
42 
69 
71 
39 
79 
88 
41 
57 
28 
72 
25 
97 
99 
# clone tree 6 objective: 3.67838
0 30 7 
7 93 58 19 2 13 86 
86 68 16 
16 69 60 24 8 
8 92 44 
44 41 54 90 
90 45 64 
64 57 9 94 
94 10 37 
37 67 38 
31 26 47 
38 32 
76 20 31 
32 76 
47 15 83 27 
89 79 39 3 
9 35 29 
27 21 89 
33 28 55 
29 82 91 
3 33 
91 43 65 
55 12 62 
65 78 
67 53 51 
75 23 5 
62 11 
78 75 
11 6 18 
24 34 77 
13 61 
5 52 96 
51 80 
18 85 
61 59 
68 14 
2 71 95 
19 87 
59 49 56 
14 4 
77 74 
30 63 
80 36 
83 66 
1 73 
53 84 
82 
96 1 
45 70 
85 98 
34 50 
46 88 
87 48 
74 46 
36 81 
35 
52 
95 72 
58 
4 17 
73 
84 
10 
60 
56 22 
50 
70 
66 99 
49 
15 
54 40 
48 
81 
63 
17 
26 
98 
6 
92 
93 
22 
43 
12 25 
20 42 
40 
21 
23 
42 
69 
71 
39 
79 
88 97 
41 
57 
28 
72 
25 
97 
99 
# clone tree 7 objective: 3.67838
0 30 7 
7 71 58 19 2 13 86 
86 20 68 16 
16 60 24 8 
8 69 92 44 
44 41 54 90 
90 93 45 64 
64 9 94 
94 10 37 
37 23 67 38 
31 26 47 
38 32 
76 42 31 
32 76 
47 15 83 27 
89 79 3 
9 35 29 
27 89 
33 21 55 
29 82 91 
3 33 
91 43 65 
55 25 12 62 
65 78 
67 53 51 
75 5 
62 11 
78 75 
11 6 18 
24 34 77 
13 61 
5 97 52 96 
51 39 80 
18 85 
61 59 
68 14 
2 95 
19 87 
59 49 56 
14 4 
77 74 
30 63 
80 36 
83 66 
1 73 
53 84 
82 
96 1 
45 70 
85 98 
34 50 
46 88 
87 48 
74 46 
36 81 
35 
52 
95 
58 
4 17 
73 
84 
10 
60 
56 22 
50 
70 57 
66 
49 
15 
54 40 
48 
81 
63 
17 
26 
98 
6 99 
92 
93 
22 
43 
12 72 
20 
40 
21 28 
23 
42 
69 
71 
39 
79 
88 
41 
57 
28 
72 
25 
97 
99 
# clone tree 8 objective: 3.67838
0 30 7 
7 93 58 19 2 13 86 
86 68 16 
16 69 60 24 8 
8 92 44 
44 41 54 90 
90 45 64 
64 57 9 94 
94 10 37 
37 67 38 
31 26 47 
38 32 
76 20 31 
32 76 
47 15 83 27 
89 79 39 3 
9 35 29 
27 21 89 
33 28 55 
29 82 91 
3 33 
91 43 65 
55 12 62 
65 78 
67 53 51 
75 23 5 
62 11 
78 75 
11 6 18 
24 34 77 
13 61 
5 52 96 
51 80 
18 85 
61 59 
68 14 
2 71 95 
19 87 
59 49 56 
14 4 
77 74 
30 63 
80 36 
83 66 
1 73 
53 84 
82 
96 1 
45 70 
85 98 
34 50 
46 88 
87 48 
74 46 
36 81 
35 
52 
95 72 
58 
4 17 
73 
84 
10 
60 
56 22 
50 
70 
66 
49 
15 
54 40 
48 
81 
63 
17 
26 
98 
6 
92 
93 
22 
43 
12 25 
20 42 
40 
21 
23 
42 
69 
71 
39 
79 99 
88 97 
41 
57 
28 
72 
25 
97 
99 
# clone tree 9 objective: 3.67838
0 30 7 
7 71 58 19 2 13 86 
86 20 68 16 
16 60 24 8 
8 69 92 44 
44 41 54 90 
90 93 45 64 
64 9 94 
94 10 37 
37 23 67 38 
31 26 47 
38 32 
76 42 31 
32 76 
47 15 83 27 
89 79 3 
9 35 29 
27 89 
33 21 55 
29 82 91 
3 33 
91 43 65 
55 25 12 62 
65 78 
67 53 51 
75 5 
62 11 
78 75 
11 6 18 
24 34 77 
13 61 
5 97 52 96 
51 39 80 
18 85 
61 59 
68 14 
2 95 
19 87 
59 49 56 
14 4 
77 74 
30 63 
80 36 
83 66 
1 73 
53 84 
82 
96 1 
45 70 
85 98 
34 50 
46 88 
87 48 
74 46 
36 81 
35 
52 
95 
58 
4 17 
73 
84 
10 
60 
56 22 
50 
70 57 
66 
49 99 
15 
54 40 
48 
81 
63 
17 
26 
98 
6 
92 
93 
22 
43 
12 72 
20 
40 
21 28 
23 
42 
69 
71 
39 
79 
88 
41 
57 
28 
72 
25 
97 
99 
# clone tree 10 objective: 3.67838
0 30 7 
7 93 58 19 2 13 86 
86 68 16 
16 69 60 24 8 
8 92 44 
44 41 54 90 
90 45 64 
64 57 9 94 
94 10 37 
37 67 38 
31 26 47 
38 32 
76 20 31 
32 76 
47 15 83 27 
89 79 39 3 
9 35 29 
27 21 89 
33 28 55 
29 82 91 
3 33 
91 43 65 
55 12 62 
65 78 
67 53 51 
75 23 5 
62 11 
78 75 
11 6 18 
24 34 77 
13 61 
5 52 96 
51 80 
18 85 
61 59 
68 14 
2 71 95 
19 87 
59 49 56 
14 4 
77 74 
30 63 
80 36 
83 66 
1 73 
53 84 
82 
96 1 
45 70 
85 98 
34 50 
46 88 
87 48 
74 46 
36 81 
35 
52 
95 99 72 
58 
4 17 
73 
84 
10 
60 
56 22 
50 
70 
66 
49 
15 
54 40 
48 
81 
63 
17 
26 
98 
6 
92 
93 
22 
43 
12 25 
20 42 
40 
21 
23 
42 
69 
71 
39 
79 
88 97 
41 
57 
28 
72 
25 
97 
99 
# clone tree 11 objective: 3.67838
0 30 7 
7 71 58 19 2 13 86 
86 20 68 16 
16 60 24 8 
8 69 92 44 
44 41 54 90 
90 93 45 64 
64 9 94 
94 10 37 
37 23 67 38 
31 26 47 
38 32 
76 42 31 
32 76 
47 15 83 27 
89 79 3 
9 35 29 
27 89 
33 21 55 
29 82 91 
3 33 
91 43 65 
55 25 12 62 
65 78 
67 53 51 
75 5 
62 11 
78 75 
11 6 18 
24 34 77 
13 61 
5 97 52 96 
51 39 80 
18 85 
61 59 
68 14 
2 95 
19 87 
59 49 56 
14 4 
77 74 
30 63 
80 36 
83 66 
1 73 
53 84 
82 
96 1 
45 70 
85 98 
34 50 
46 88 
87 48 
74 46 
36 81 
35 
52 
95 
58 
4 17 
73 
84 
10 
60 
56 22 
50 
70 57 
66 
49 
15 
54 40 
48 
81 
63 
17 
26 
98 
6 
92 
93 
22 
43 
12 72 
20 
40 
21 28 
23 
42 
69 
71 
39 
79 99 
88 
41 
57 
28 
72 
25 
97 
99 
# clone tree 12 objective: 3.67838
0 30 7 
7 93 58 19 2 13 86 
86 68 16 
16 69 60 24 8 
8 92 44 
44 41 54 90 
90 45 64 
64 57 9 94 
94 10 37 
37 67 38 
31 26 47 
38 32 
76 20 31 
32 76 
47 15 83 27 
89 79 39 3 
9 35 29 
27 21 89 
33 28 55 
29 82 91 
3 33 
91 43 65 
55 12 62 
65 78 
67 53 51 
75 23 5 
62 11 
78 75 
11 6 18 
24 34 77 
13 61 
5 52 96 
51 80 
18 85 
61 59 
68 14 
2 71 95 
19 87 
59 49 56 
14 4 
77 74 
30 63 
80 36 
83 66 
1 73 
53 84 
82 
96 1 
45 70 
85 98 
34 50 
46 88 
87 48 
74 46 
36 81 
35 
52 
95 72 
58 
4 17 
73 
84 
10 
60 
56 22 
50 
70 
66 
49 
15 99 
54 40 
48 
81 
63 
17 
26 
98 
6 
92 
93 
22 
43 
12 25 
20 42 
40 
21 
23 
42 
69 
71 
39 
79 
88 97 
41 
57 
28 
72 
25 
97 
99 
# clone tree 13 objective: 3.67838
0 30 7 
7 71 58 19 2 13 86 
86 20 68 16 
16 60 24 8 
8 69 92 44 
44 41 54 90 
90 93 45 64 
64 9 94 
94 10 37 
37 23 67 38 
31 26 47 
38 32 
76 42 31 
32 76 
47 15 83 27 
89 79 3 
9 35 29 
27 89 
33 21 55 
29 82 91 
3 33 
91 43 65 
55 25 12 62 
65 78 
67 53 51 
75 5 
62 11 
78 75 
11 6 18 
24 34 77 
13 61 
5 97 52 96 
51 39 80 
18 85 
61 59 
68 14 
2 95 
19 87 
59 49 56 
14 4 
77 74 
30 63 
80 36 
83 66 
1 73 
53 84 
82 
96 1 
45 70 
85 98 
34 50 
46 88 
87 48 
74 46 
36 81 
35 
52 
95 
58 
4 17 
73 
84 
10 
60 
56 22 
50 
70 57 
66 
49 
15 
54 40 
48 
81 
63 
17 
26 
98 
6 
92 
93 
22 
43 
12 72 
20 
40 
21 28 
23 
42 99 
69 
71 
39 
79 
88 
41 
57 
28 
72 
25 
97 
99 
# clone tree 14 objective: 3.67838
0 30 7 
7 93 58 19 2 13 86 
86 42 20 68 16 
16 99 60 24 8 
8 92 44 
44 41 54 90 
90 57 45 64 
64 9 94 
94 10 37 
37 23 67 38 
31 26 47 
38 32 
76 31 
32 76 
47 15 83 27 
89 3 
9 35 29 
27 21 89 
33 55 
29 82 91 
3 33 
91 43 65 
55 12 62 
65 78 
67 53 51 
75 69 5 
62 11 
78 75 
11 39 6 18 
24 34 77 
13 71 61 
5 52 96 
51 80 
18 85 
61 59 
68 14 
2 95 
19 87 
59 49 56 
14 4 
77 74 
30 63 
80 36 
83 66 
1 73 
53 84 
82 
96 1 
45 70 
85 98 
34 50 
46 88 
87 48 
74 46 
36 81 
35 
52 
95 
58 
4 17 
73 
84 
10 
60 
56 22 
50 
70 25 
66 
49 
15 
54 72 28 40 
48 
81 79 
63 
17 
26 
98 
6 
92 
93 
22 
43 
12 
20 
40 
21 
23 
42 
69 97 
71 
39 
79 
88 
41 
57 
28 
72 
25 
97 
99 
# clone tree 15 objective: 3.67838
0 30 7 
7 71 58 19 2 13 86 
86 20 68 16 
16 60 24 8 
8 69 92 44 
44 41 54 90 
90 93 45 64 
64 9 94 
94 10 37 
37 23 67 38 
31 26 47 
38 32 
76 42 31 
32 76 
47 15 83 27 
89 79 3 
9 35 29 
27 89 
33 21 55 
29 82 91 
3 33 
91 43 65 
55 25 12 62 
65 78 
67 53 51 
75 5 
62 11 
78 75 
11 6 18 
24 34 77 
13 61 
5 97 52 96 
51 39 80 
18 85 
61 59 
68 14 
2 95 
19 87 
59 49 56 
14 4 
77 74 
30 63 
80 36 
83 66 
1 73 
53 84 
82 
96 1 
45 70 
85 98 
34 50 
46 88 
87 48 
74 46 
36 81 
35 
52 
95 
58 
4 17 
73 
84 
10 
60 
56 22 
50 
70 57 
66 
49 
15 
54 40 
48 
81 
63 
17 
26 
98 
6 
92 99 
93 
22 
43 
12 72 
20 
40 
21 28 
23 
42 
69 
71 
39 
79 
88 
41 
57 
28 
72 
25 
97 
99 
# clone tree 16 objective: 3.67838
0 30 7 
7 93 58 19 2 13 86 
86 42 20 68 16 
16 60 24 8 
8 92 44 
44 41 54 90 
90 57 45 64 
64 9 94 
94 10 37 
37 23 67 38 
31 26 47 
38 32 
76 31 
32 99 76 
47 15 83 27 
89 3 
9 35 29 
27 21 89 
33 55 
29 82 91 
3 33 
91 43 65 
55 12 62 
65 78 
67 53 51 
75 69 5 
62 11 
78 75 
11 39 6 18 
24 34 77 
13 71 61 
5 52 96 
51 80 
18 85 
61 59 
68 14 
2 95 
19 87 
59 49 56 
14 4 
77 74 
30 63 
80 36 
83 66 
1 73 
53 84 
82 
96 1 
45 70 
85 98 
34 50 
46 88 
87 48 
74 46 
36 81 
35 
52 
95 
58 
4 17 
73 
84 
10 
60 
56 22 
50 
70 25 
66 
49 
15 
54 72 28 40 
48 
81 79 
63 
17 
26 
98 
6 
92 
93 
22 
43 
12 
20 
40 
21 
23 
42 
69 97 
71 
39 
79 
88 
41 
57 
28 
72 
25 
97 
99 
# clone tree 17 objective: 3.67838
0 30 7 
7 71 58 19 2 13 86 
86 20 68 16 
16 60 24 8 
8 69 92 44 
44 41 54 90 
90 93 45 64 
64 9 94 
94 10 37 
37 23 67 38 
31 26 47 
38 32 
76 42 31 
32 76 
47 15 83 27 
89 79 3 
9 35 29 
27 89 
33 21 55 
29 82 91 
3 33 
91 43 65 
55 25 12 62 
65 78 
67 53 51 
75 5 
62 11 
78 75 
11 6 18 
24 34 77 
13 61 
5 97 52 96 
51 39 80 
18 85 
61 59 
68 14 
2 95 
19 87 
59 49 56 
14 4 
77 74 
30 63 
80 36 
83 66 
1 73 
53 84 
82 
96 1 
45 70 
85 98 
34 50 
46 88 
87 48 
74 46 
36 81 
35 
52 
95 
58 
4 17 
73 
84 
10 
60 
56 22 
50 
70 57 
66 
49 
15 
54 40 
48 
81 
63 
17 
26 
98 
6 
92 
93 
22 
43 
12 72 
20 
40 
21 28 
23 
42 
69 
71 
39 
79 
88 
41 
57 
28 
72 
25 99 
97 
99 
# clone tree 18 objective: 3.67838
0 30 7 
7 93 58 19 2 13 86 
86 68 16 
16 69 60 24 8 
8 92 44 
44 41 54 90 
90 45 64 
64 57 9 94 
94 10 37 
37 67 38 
31 26 47 
38 32 
76 20 31 
32 76 
47 15 83 27 
89 79 39 3 
9 35 29 
27 21 89 
33 28 55 
29 82 91 
3 33 
91 43 65 
55 12 62 
65 78 
67 53 51 
75 23 5 
62 11 
78 75 
11 6 18 
24 34 77 
13 61 
5 52 96 
51 80 
18 85 
61 59 
68 14 
2 71 95 
19 87 
59 49 56 
14 4 
77 74 
30 63 
80 36 
83 66 
1 73 
53 84 
82 
96 1 
45 70 
85 98 
34 50 
46 88 
87 48 
74 46 
36 81 
35 
52 
95 72 
58 
4 99 17 
73 
84 
10 
60 
56 22 
50 
70 
66 
49 
15 
54 40 
48 
81 
63 
17 
26 
98 
6 
92 
93 
22 
43 
12 25 
20 42 
40 
21 
23 
42 
69 
71 
39 
79 
88 97 
41 
57 
28 
72 
25 
97 
99 
# clone tree 19 objective: 3.67838
0 30 7 
7 71 58 19 2 13 86 
86 20 68 16 
16 60 24 8 
8 69 92 44 
44 41 54 90 
90 93 45 64 
64 9 94 
94 10 37 
37 23 67 38 
31 26 47 
38 32 
76 42 31 
32 76 
47 15 83 27 
89 79 3 
9 35 29 
27 89 
33 21 55 
29 82 91 
3 33 
91 43 65 
55 25 12 62 
65 78 
67 53 51 
75 5 
62 11 
78 75 
11 6 18 
24 34 77 
13 61 
5 97 52 96 
51 39 80 
18 85 
61 59 
68 14 
2 95 
19 87 
59 49 56 
14 4 
77 74 
30 63 
80 36 
83 66 
1 73 
53 84 
82 
96 1 
45 70 
85 98 
34 50 
46 88 
87 48 
74 46 
36 81 
35 
52 
95 
58 
4 17 
73 
84 
10 
60 
56 22 
50 
70 57 
66 
49 
15 
54 40 
48 
81 
63 
17 
26 
98 
6 
92 
93 
22 
43 
12 72 
20 
40 
21 28 
23 
42 
69 99 
71 
39 
79 
88 
41 
57 
28 
72 
25 
97 
99 
# clone tree 20 objective: 3.67838
0 30 7 
7 93 58 19 2 13 86 
86 68 16 
16 69 60 24 8 
8 92 44 
44 41 54 90 
90 45 64 
64 57 9 94 
94 10 37 
37 67 38 
31 26 47 
38 32 
76 20 31 
32 76 
47 15 83 27 
89 79 39 3 
9 35 29 
27 21 89 
33 28 55 
29 82 91 
3 33 
91 43 65 
55 12 62 
65 78 
67 53 51 
75 23 5 
62 11 
78 75 
11 6 18 
24 34 77 
13 61 
5 52 96 
51 80 
18 85 
61 59 
68 14 
2 71 95 
19 87 
59 49 56 
14 4 
77 74 
30 63 
80 36 
83 66 
1 73 
53 84 
82 
96 1 
45 70 
85 98 
34 50 
46 88 
87 48 
74 46 
36 81 
35 
52 
95 72 
58 
4 17 
73 
84 
10 
60 
56 22 
50 
70 
66 
49 
15 
54 40 
48 
81 
63 
17 
26 
98 
6 
92 
93 
22 
43 
12 25 
20 42 
40 
21 99 
23 
42 
69 
71 
39 
79 
88 97 
41 
57 
28 
72 
25 
97 
99 
# clone tree 21 objective: 3.67838
0 30 7 
7 71 58 19 2 13 86 
86 20 68 16 
16 60 24 8 
8 69 92 44 
44 41 54 90 
90 93 45 64 
64 9 94 
94 10 37 
37 23 67 38 
31 26 47 
38 32 
76 42 31 
32 76 
47 15 83 27 
89 79 3 
9 35 29 
27 89 
33 21 55 
29 82 91 
3 33 
91 43 65 
55 25 12 62 
65 78 
67 53 51 
75 5 
62 11 
78 75 
11 6 18 
24 34 77 
13 61 
5 97 52 96 
51 39 80 
18 85 
61 59 
68 14 
2 95 
19 87 
59 49 56 
14 4 
77 74 
30 63 
80 36 
83 66 
1 73 
53 84 
82 
96 1 
45 70 
85 98 
34 50 
46 88 
87 48 
74 46 
36 81 
35 
52 
95 
58 
4 17 
73 
84 
10 
60 
56 22 
50 
70 57 
66 
49 
15 
54 40 
48 
81 
63 
17 
26 
98 
6 
92 
93 
22 
43 
12 72 
20 
40 
21 28 
23 
42 
69 
71 
39 
79 
88 
41 
57 
28 
72 
25 
97 99 
99 
# clone tree 22 objective: 3.67838
0 30 7 
7 71 58 19 2 13 86 
86 20 68 16 
16 60 24 8 
8 69 92 44 
44 41 54 90 
90 93 45 64 
64 9 94 
94 10 37 
37 23 67 38 
31 26 47 
38 32 
76 42 31 
32 76 
47 15 83 27 
89 99 79 3 
9 35 29 
27 28 89 
33 21 55 
29 82 91 
3 33 
91 43 65 
55 12 62 
65 97 78 
67 53 51 
75 5 
62 11 
78 75 
11 6 18 
24 34 77 
13 61 
5 52 96 
51 39 80 
18 85 
61 59 
68 14 
2 95 
19 87 
59 49 56 
14 4 
77 74 
30 63 
80 36 
83 66 
1 73 
53 84 
82 
96 1 
45 70 
85 98 
34 50 
46 88 
87 48 
74 46 
36 81 
35 
52 
95 
58 
4 17 
73 
84 
10 
60 
56 22 
50 72 
70 57 
66 
49 
15 
54 40 
48 
81 
63 
17 
26 
98 
6 
92 
93 
22 
43 
12 
20 
40 
21 
23 
42 25 
69 
71 
39 
79 
88 
41 
57 
28 
72 
25 
97 
99 
# clone tree 23 objective: 3.67838
0 30 7 
7 71 58 19 2 13 86 
86 20 68 16 
16 60 24 8 
8 69 92 44 
44 41 54 90 
90 93 45 64 
64 9 94 
94 10 37 
37 23 67 38 
31 26 47 
38 32 
76 42 31 
32 76 
47 15 83 27 
89 3 
9 35 29 
27 89 
33 21 55 
29 82 91 
3 33 
91 43 65 
55 97 12 62 
65 78 
67 53 51 
75 99 5 
62 11 
78 75 
11 39 6 18 
24 34 77 
13 61 
5 52 96 
51 25 80 
18 85 
61 59 
68 14 
2 95 
19 87 
59 49 56 
14 4 
77 74 
30 63 
80 36 
83 66 
1 73 
53 84 
82 
96 1 
45 70 
85 72 98 
34 50 
46 88 
87 48 
74 46 
36 81 
35 
52 
95 
58 57 
4 17 
73 
84 
10 
60 
56 22 
50 
70 
66 
49 
15 
54 40 
48 
81 79 
63 
17 
26 
98 
6 
92 
93 
22 
43 
12 
20 
40 
21 28 
23 
42 
69 
71 
39 
79 
88 
41 
57 
28 
72 
25 
97 
99 
# clone tree 24 objective: 3.67838
0 30 7 
7 93 58 19 2 13 86 
86 68 16 
16 69 60 24 8 
8 92 44 
44 41 54 90 
90 45 64 
64 57 9 94 
94 10 37 
37 67 38 
31 26 47 
38 32 
76 20 31 
32 76 
47 15 83 27 
89 79 39 3 
9 35 29 
27 21 89 
33 28 55 
29 82 91 
3 33 
91 43 65 
55 12 62 
65 78 
67 53 51 
75 23 5 
62 11 
78 75 
11 6 18 
24 34 77 
13 61 
5 52 96 
51 80 
18 85 
61 59 
68 14 
2 71 95 
19 87 
59 49 56 
14 4 
77 74 
30 63 
80 36 
83 66 
1 73 
53 84 
82 
96 1 
45 70 
85 98 
34 50 
46 88 
87 48 
74 46 
36 81 
35 
52 
95 72 
58 
4 17 
73 
84 
10 
60 
56 22 
50 
70 
66 
49 
15 
54 40 
48 
81 
63 
17 
26 
98 
6 
92 
93 
22 
43 
12 25 
20 42 
40 
21 
23 
42 
69 
71 
39 
79 
88 99 
41 
57 
28 
72 
25 
97 
99 97 
# clone tree 25 objective: 3.67838
0 30 7 
7 99 71 58 19 2 13 86 
86 20 68 16 
16 60 24 8 
8 69 92 44 
44 41 54 90 
90 93 45 64 
64 9 94 
94 10 37 
37 23 67 38 
31 26 47 
38 32 
76 42 31 
32 76 
47 15 83 27 
89 3 
9 35 29 
27 89 
33 21 55 
29 82 91 
3 33 
91 43 65 
55 97 12 62 
65 78 
67 53 51 
75 5 
62 11 
78 75 
11 39 6 18 
24 34 77 
13 61 
5 52 96 
51 25 80 
18 85 
61 59 
68 14 
2 95 
19 87 
59 49 56 
14 4 
77 74 
30 63 
80 36 
83 66 
1 73 
53 84 
82 
96 1 
45 70 
85 72 98 
34 50 
46 88 
87 48 
74 46 
36 81 
35 
52 
95 
58 57 
4 17 
73 
84 
10 
60 
56 22 
50 
70 
66 
49 
15 
54 40 
48 
81 79 
63 
17 
26 
98 
6 
92 
93 
22 
43 
12 
20 
40 
21 28 
23 
42 
69 
71 
39 
79 
88 
41 
57 
28 
72 
25 
97 
99 
# clone tree 26 objective: 3.67838
0 30 7 
7 71 58 19 2 13 86 
86 20 68 16 
16 60 24 8 
8 69 92 44 
44 41 54 90 
90 93 45 64 
64 9 94 
94 10 37 
37 23 67 38 
31 26 47 
38 32 
76 42 31 
32 76 
47 15 83 27 
89 79 3 
9 35 29 
27 28 89 
33 21 55 
29 82 91 
3 33 
91 43 65 
55 12 62 
65 97 78 
67 53 51 
75 5 
62 11 
78 75 
11 6 18 
24 34 77 
13 99 61 
5 52 96 
51 39 80 
18 85 
61 59 
68 14 
2 95 
19 87 
59 49 56 
14 4 
77 74 
30 63 
80 36 
83 66 
1 73 
53 84 
82 
96 1 
45 70 
85 98 
34 50 
46 88 
87 48 
74 46 
36 81 
35 
52 
95 
58 
4 17 
73 
84 
10 
60 
56 22 
50 72 
70 57 
66 
49 
15 
54 40 
48 
81 
63 
17 
26 
98 
6 
92 
93 
22 
43 
12 
20 
40 
21 
23 
42 25 
69 
71 
39 
79 
88 
41 
57 
28 
72 
25 
97 
99 
# clone tree 27 objective: 3.67838
0 30 7 
7 93 58 19 2 13 86 
86 42 20 68 16 
16 60 24 8 
8 92 44 
44 25 71 54 90 
90 45 64 
64 9 94 
94 10 37 
37 23 67 38 
31 26 47 
38 32 
76 31 
32 76 
47 15 83 27 
89 3 
9 35 29 
27 21 89 
33 55 
29 82 91 
3 28 33 
91 43 65 
55 12 62 
65 78 
67 53 51 
75 69 5 
62 11 
78 72 75 
11 6 18 
24 34 77 
13 97 61 
5 52 96 
51 39 80 
18 41 85 
61 59 
68 14 
2 95 
19 87 
59 49 56 
14 4 
77 74 
30 63 
80 36 
83 66 
1 73 
53 84 
82 
96 1 
45 70 
85 98 
34 50 
46 88 
87 48 
74 46 
36 81 
35 
52 99 
95 
58 
4 17 
73 
84 
10 
60 
56 22 
50 
70 
66 
49 
15 
54 40 
48 
81 79 
63 
17 
26 
98 
6 
92 
93 
22 
43 
12 
20 
40 
21 57 
23 
42 
69 
71 
39 
79 
88 
41 
57 
28 
72 
25 
97 
99 
# clone tree 28 objective: 3.67838
0 42 30 7 
7 93 58 19 2 13 86 
86 23 68 16 
16 60 24 8 
8 92 44 
44 54 90 
90 79 45 64 
64 9 94 
94 10 37 
37 67 38 
31 26 47 
38 32 
76 20 31 
32 76 
47 15 83 27 
89 3 
9 35 29 
27 89 
33 21 55 
29 82 91 
3 33 
91 43 65 
55 12 62 
65 78 
67 53 51 
75 69 5 
62 11 
78 75 
11 6 18 
24 34 77 
13 61 
5 52 96 
51 72 39 80 
18 41 85 
61 59 
68 14 
2 95 
19 25 87 
59 49 56 
14 97 4 
77 74 
30 63 
80 36 
83 66 
1 73 
53 84 
82 
96 1 
45 99 70 
85 98 
34 50 
46 88 
87 48 
74 46 
36 81 
35 
52 
95 71 
58 57 
4 17 
73 
84 
10 
60 
56 22 
50 
70 
66 
49 
15 
54 40 
48 
81 28 
63 
17 
26 
98 
6 
92 
93 
22 
43 
12 
20 
40 
21 
23 
42 
69 
71 
39 
79 
88 
41 
57 
28 
72 
25 
97 
99 
# clone tree 29 objective: 3.67838
0 30 7 
7 71 58 19 2 13 86 
86 20 68 16 
16 60 24 8 
8 69 92 44 
44 41 54 90 
90 93 45 64 
64 9 94 
94 10 37 
37 23 67 38 
31 26 47 
38 32 
76 42 31 
32 76 
47 15 83 27 
89 3 
9 35 29 
27 89 
33 21 55 
29 82 91 
3 33 
91 43 65 
55 97 12 62 
65 78 
67 53 51 
75 5 
62 11 
78 75 
11 39 6 18 
24 34 77 
13 61 
5 52 96 
51 25 80 
18 85 
61 59 
68 14 
2 95 
19 87 
59 49 56 
14 4 
77 74 
30 63 
80 36 
83 66 
1 73 
53 84 
82 
96 1 
45 70 
85 72 98 
34 50 
46 88 
87 48 
74 46 
36 81 
35 
52 
95 
58 57 
4 17 
73 
84 
10 
60 
56 22 
50 
70 
66 
49 
15 
54 40 
48 
81 79 
63 
17 
26 
98 
6 
92 
93 
22 
43 
12 
20 
40 
21 28 
23 99 
42 
69 
71 
39 
79 
88 
41 
57 
28 
72 
25 
97 
99 
# clone tree 30 objective: 3.67838
0 30 7 
7 57 93 58 19 2 13 86 
86 42 23 68 16 
16 60 24 8 
8 92 44 
44 54 90 
90 45 64 
64 9 94 
94 10 37 
37 67 38 
31 26 47 
38 32 
76 20 31 
32 76 
47 69 15 83 27 
89 3 
9 35 29 
27 89 
33 21 55 
29 82 91 
3 33 
91 43 65 
55 12 62 
65 78 
67 53 51 
75 5 
62 11 
78 75 
11 6 18 
24 34 77 
13 61 
5 52 96 
51 79 39 80 
18 25 41 85 
61 59 
68 14 
2 95 
19 87 
59 49 56 
14 4 
77 74 
30 63 
80 36 
83 66 
1 73 
53 84 
82 
96 1 
45 70 
85 98 
34 50 
46 88 
87 48 
74 46 
36 81 
35 
52 
95 
58 
4 17 
73 
84 
10 
60 99 
56 22 
50 71 
70 
66 
49 
15 
54 40 
48 
81 
63 72 
17 
26 97 
98 
6 
92 
93 
22 
43 
12 
20 
40 
21 28 
23 
42 
69 
71 
39 
79 
88 
41 
57 
28 
72 
25 
97 
99 
# clone tree 31 objective: 3.67838
0 30 7 
7 93 58 19 2 13 86 
86 42 20 68 16 
16 60 24 8 
8 92 44 
44 41 54 90 
90 57 45 64 
64 99 9 94 
94 10 37 
37 23 67 38 
31 26 47 
38 32 
76 31 
32 76 
47 15 83 27 
89 3 
9 35 29 
27 21 89 
33 55 
29 82 91 
3 33 
91 43 65 
55 12 62 
65 78 
67 53 51 
75 69 5 
62 11 
78 75 
11 39 6 18 
24 34 77 
13 71 61 
5 52 96 
51 80 
18 85 
61 59 
68 14 
2 95 
19 87 
59 49 56 
14 4 
77 74 
30 63 
80 36 
83 66 
1 73 
53 84 
82 
96 1 
45 70 
85 98 
34 50 
46 88 
87 48 
74 46 
36 81 
35 
52 
95 
58 
4 17 
73 
84 
10 
60 
56 22 
50 
70 25 
66 
49 
15 
54 72 28 40 
48 
81 79 
63 
17 
26 
98 
6 
92 
93 
22 
43 
12 
20 
40 
21 
23 
42 
69 
71 
39 
79 
88 97 
41 
57 
28 
72 
25 
97 
99 
# clone tree 32 objective: 3.67838
0 30 7 
7 93 58 19 2 13 86 
86 42 20 68 16 
16 60 24 8 
8 92 44 
44 41 54 90 
90 57 45 64 
64 9 94 
94 10 37 
37 23 67 38 
31 26 47 
38 32 
76 31 
32 76 
47 15 83 27 
89 3 
9 35 29 
27 21 89 
33 55 
29 82 91 
3 33 
91 43 65 
55 12 62 
65 78 
67 53 51 
75 69 5 
62 11 
78 75 
11 39 6 18 
24 34 77 
13 71 61 
5 52 96 
51 97 80 
18 85 
61 59 
68 99 14 
2 95 
19 87 
59 49 56 
14 4 
77 74 
30 63 
80 36 
83 66 
1 73 
53 84 
82 
96 1 
45 70 
85 98 
34 50 
46 88 
87 48 
74 46 
36 81 
35 
52 
95 25 
58 
4 17 
73 
84 
10 
60 
56 22 
50 
70 
66 
49 
15 
54 72 28 40 
48 
81 79 
63 
17 
26 
98 
6 
92 
93 
22 
43 
12 
20 
40 
21 
23 
42 
69 
71 
39 
79 
88 
41 
57 
28 
72 
25 
97 
99 
# clone tree 33 objective: 3.67838
0 30 7 
7 71 58 19 2 13 86 
86 20 68 16 
16 60 24 8 
8 69 92 44 
44 41 54 90 
90 93 45 64 
64 9 94 
94 10 37 
37 23 67 38 
31 26 47 
38 32 
76 42 31 
32 76 
47 15 83 27 
89 79 3 
9 35 29 
27 89 
33 21 55 
29 82 91 
3 33 
91 43 65 
55 25 12 62 
65 78 
67 53 51 
75 5 
62 11 
78 75 
11 6 18 
24 34 77 
13 61 
5 52 96 
51 39 80 
18 85 
61 59 
68 14 
2 95 
19 87 
59 49 56 
14 4 
77 74 
30 63 
80 36 
83 66 
1 73 
53 84 
82 97 
96 1 
45 70 
85 98 
34 50 
46 88 
87 48 
74 46 
36 81 
35 
52 
95 
58 
4 17 
73 
84 
10 
60 99 
56 22 
50 
70 57 
66 
49 
15 
54 40 
48 
81 
63 
17 
26 
98 
6 
92 
93 
22 
43 
12 72 
20 
40 
21 28 
23 
42 
69 
71 
39 
79 
88 
41 
57 
28 
72 
25 
97 
99 
# clone tree 34 objective: 3.67838
0 30 7 
7 93 58 19 2 13 86 
86 68 16 
16 69 60 24 8 
8 92 44 
44 41 54 90 
90 45 64 
64 57 9 94 
94 10 37 
37 67 38 
31 26 47 
38 32 
76 20 31 
32 76 
47 15 83 27 
89 79 39 3 
9 35 29 
27 99 21 89 
33 28 55 
29 82 91 
3 33 
91 43 65 
55 12 62 
65 78 
67 53 51 
75 23 5 
62 11 
78 75 
11 6 18 
24 34 77 
13 61 
5 52 96 
51 80 
18 85 
61 59 
68 14 
2 71 95 
19 87 
59 49 56 
14 4 
77 74 
30 25 63 
80 36 
83 66 
1 73 
53 84 
82 
96 1 
45 70 
85 98 
34 50 
46 88 
87 48 
74 46 
36 81 
35 
52 
95 72 
58 
4 17 
73 
84 
10 
60 
56 22 
50 
70 
66 
49 
15 
54 40 
48 
81 
63 
17 
26 
98 
6 
92 
93 
22 
43 
12 
20 42 
40 97 
21 
23 
42 
69 
71 
39 
79 
88 
41 
57 
28 
72 
25 
97 
99 
# clone tree 35 objective: 3.67838
0 30 7 
7 57 93 58 19 2 13 86 
86 42 23 68 16 
16 60 24 8 
8 72 92 44 
44 54 90 
90 45 64 
64 9 94 
94 10 37 
37 67 38 
31 26 47 
38 32 
76 20 31 
32 76 
47 69 15 83 27 
89 3 
9 35 29 
27 89 
33 21 55 
29 82 91 
3 33 
91 43 65 
55 12 62 
65 78 
67 53 51 
75 5 
62 11 
78 75 
11 6 18 
24 34 77 
13 61 
5 52 96 
51 79 39 80 
18 41 85 
61 59 
68 14 
2 95 
19 87 
59 49 56 
14 28 4 
77 74 
30 63 
80 36 
83 99 66 
1 73 
53 84 
82 
96 1 
45 70 
85 98 
34 50 
46 88 
87 48 
74 46 
36 81 
35 
52 
95 
58 
4 17 
73 
84 
10 
60 
56 22 
50 71 
70 
66 
49 
15 
54 40 
48 
81 
63 
17 
26 
98 
6 
92 
93 
22 
43 
12 97 
20 
40 
21 
23 
42 
69 
71 
39 
79 
88 
41 
57 
28 
72 
25 
97 25 
99 
# clone tree 36 objective: 3.67838
0 30 7 
7 93 58 19 2 13 86 
86 42 20 68 16 
16 60 24 8 
8 92 44 
44 41 54 90 
90 57 45 64 
64 9 94 
94 10 37 
37 23 67 38 
31 26 47 
38 32 
76 31 
32 76 
47 15 83 27 
89 3 
9 35 29 
27 21 89 
33 55 
29 25 82 91 
3 33 
91 43 65 
55 12 62 
65 78 
67 53 51 
75 69 5 
62 11 
78 75 
11 39 6 18 
24 34 77 
13 71 61 
5 52 96 
51 80 
18 85 
61 59 
68 14 
2 95 
19 87 
59 49 56 
14 4 
77 74 
30 63 
80 36 
83 66 
1 73 
53 84 
82 
96 1 
45 70 
85 98 
34 50 
46 88 
87 48 
74 46 
36 81 
35 
52 
95 
58 
4 17 
73 
84 
10 97 
60 
56 22 
50 
70 
66 
49 
15 
54 40 
48 
81 79 
63 72 
17 
26 
98 
6 
92 
93 
22 
43 
12 
20 
40 
21 28 
23 
42 
69 
71 99 
39 
79 
88 
41 
57 
28 
72 
25 
97 
99 
# clone tree 37 objective: 3.67838
0 30 7 
7 93 58 19 2 13 86 
86 42 20 68 16 
16 60 24 8 
8 92 44 
44 41 54 90 
90 57 45 64 
64 9 94 
94 10 37 
37 23 67 38 
31 26 47 
38 32 
76 31 
32 76 
47 97 15 83 27 
89 3 
9 35 29 
27 21 89 
33 55 
29 82 91 
3 33 
91 43 65 
55 12 62 
65 78 
67 53 51 
75 69 5 
62 11 
78 75 
11 39 6 18 
24 34 77 
13 71 61 
5 52 96 
51 80 
18 85 
61 59 
68 14 
2 95 
19 87 
59 49 56 
14 4 
77 74 
30 63 
80 36 
83 66 
1 73 
53 84 
82 
96 1 
45 70 
85 98 
34 50 
46 88 
87 48 
74 46 
36 81 
35 
52 
95 
58 
4 17 
73 
84 
10 99 
60 
56 22 
50 
70 
66 
49 
15 
54 72 40 
48 
81 79 
63 
17 
26 
98 
6 
92 
93 
22 
43 
12 
20 
40 
21 28 
23 
42 
69 
71 25 
39 
79 
88 
41 
57 
28 
72 
25 
97 
99 
# clone tree 38 objective: 3.67838
0 42 30 7 
7 93 58 19 2 13 86 
86 23 68 16 
16 60 24 8 
8 72 92 44 
44 54 90 
90 79 45 64 
64 97 9 94 
94 10 37 
37 67 38 
31 26 47 
38 32 
76 20 31 
32 76 
47 15 83 27 
89 3 
9 35 29 
27 89 
33 21 55 
29 82 91 
3 28 33 
91 43 65 
55 12 62 
65 78 
67 53 51 
75 69 5 
62 11 
78 75 
11 6 18 
24 34 77 
13 61 
5 52 96 
51 39 80 
18 41 85 
61 59 
68 14 
2 95 
19 87 
59 49 56 
14 4 
77 74 
30 63 
80 36 
83 66 
1 73 
53 84 
82 
96 1 
45 70 
85 98 
34 50 
46 88 
87 48 
74 46 
36 25 81 
35 
52 
95 71 
58 57 
4 17 
73 
84 
10 99 
60 
56 22 
50 
70 
66 
49 
15 
54 40 
48 
81 
63 
17 
26 
98 
6 
92 
93 
22 
43 
12 
20 
40 
21 
23 
42 
69 
71 
39 
79 
88 
41 
57 
28 
72 
25 
97 
99 
# clone tree 39 objective: 3.67838
0 42 30 7 
7 79 69 93 58 19 2 13 86 
86 23 68 16 
16 60 24 8 
8 92 44 
44 41 54 90 
90 45 64 
64 9 94 
94 10 37 
37 67 38 
31 26 47 
38 32 
76 20 31 
32 76 
47 15 83 27 
89 3 
9 35 29 
27 89 
33 21 55 
29 82 91 
3 33 
91 43 65 
55 12 62 
65 78 
67 53 51 
75 5 
62 11 
78 75 
11 6 18 
24 34 77 
13 61 
5 52 96 
51 39 80 
18 85 
61 59 
68 14 
2 95 
19 87 
59 49 56 
14 4 
77 74 
30 63 
80 36 
83 66 
1 73 
53 84 
82 
96 1 
45 70 
85 98 
34 99 50 
46 88 
87 48 
74 46 
36 81 
35 
52 
95 72 71 
58 
4 17 
73 
84 
10 
60 
56 22 
50 
70 57 
66 
49 
15 97 
54 40 
48 
81 28 
63 
17 
26 
98 
6 
92 
93 
22 
43 25 
12 
20 
40 
21 
23 
42 
69 
71 
39 
79 
88 
41 
57 
28 
72 
25 
97 
99 
# clone tree 40 objective: 3.67838
0 30 7 
7 71 58 19 2 13 86 
86 20 68 16 
16 60 24 8 
8 69 92 44 
44 41 54 90 
90 93 45 64 
64 9 94 
94 10 37 
37 23 67 38 
31 26 47 
38 32 
76 42 31 
32 76 
47 15 83 27 
89 79 3 
9 35 29 
27 89 
33 21 55 
29 82 91 
3 33 
91 43 65 
55 25 12 62 
65 78 
67 53 51 
75 5 
62 11 
78 75 
11 6 18 
24 34 77 
13 61 
5 52 96 
51 39 80 
18 85 
61 99 59 
68 14 
2 95 
19 87 
59 49 56 
14 4 
77 74 
30 63 
80 36 
83 66 
1 73 
53 84 
82 
96 1 
45 70 
85 98 
34 50 
46 88 
87 48 
74 46 
36 81 
35 
52 
95 
58 
4 17 
73 
84 
10 
60 
56 22 
50 
70 57 
66 
49 
15 
54 40 
48 
81 
63 
17 
26 
98 
6 
92 
93 
22 97 
43 
12 72 
20 
40 
21 28 
23 
42 
69 
71 
39 
79 
88 
41 
57 
28 
72 
25 
97 
99 
# clone tree 41 objective: 3.67838
0 30 7 
7 71 58 19 2 13 86 
86 20 68 16 
16 60 24 8 
8 69 92 44 
44 41 54 90 
90 93 45 64 
64 9 94 
94 10 37 
37 23 67 38 
31 26 47 
38 32 
76 42 31 
32 76 
47 15 83 27 
89 99 79 3 
9 35 29 
27 89 
33 21 55 
29 82 91 
3 28 33 
91 43 65 
55 12 62 
65 78 
67 53 51 
75 5 
62 11 
78 75 
11 6 18 
24 34 77 
13 61 
5 52 96 
51 39 80 
18 85 
61 59 
68 14 
2 95 
19 87 
59 49 56 
14 4 
77 74 
30 63 
80 36 
83 66 
1 73 
53 84 
82 
96 1 
45 70 
85 98 
34 50 
46 88 
87 48 
74 46 
36 81 
35 
52 
95 25 
58 
4 17 
73 
84 
10 97 
60 
56 22 
50 
70 57 
66 
49 
15 
54 40 
48 
81 
63 
17 
26 
98 
6 
92 
93 
22 
43 
12 72 
20 
40 
21 
23 
42 
69 
71 
39 
79 
88 
41 
57 
28 
72 
25 
97 
99 
# clone tree 42 objective: 3.67838
0 30 7 
7 57 93 58 19 2 13 86 
86 42 23 68 16 
16 60 24 8 
8 92 44 
44 54 90 
90 45 64 
64 9 94 
94 10 37 
37 67 38 
31 26 47 
38 32 
76 20 31 
32 76 
47 69 15 83 27 
89 3 
9 35 29 
27 89 
33 21 55 
29 82 91 
3 33 
91 43 65 
55 12 62 
65 78 
67 53 51 
75 5 
62 11 
78 75 
11 6 18 
24 34 77 
13 61 
5 52 96 
51 79 39 80 
18 99 41 85 
61 28 59 
68 14 
2 95 
19 87 
59 49 56 
14 4 
77 74 
30 25 63 
80 36 
83 66 
1 73 
53 84 
82 
96 1 
45 70 
85 98 
34 50 
46 88 
87 48 
74 46 
36 81 
35 
52 
95 
58 
4 17 
73 
84 
10 97 
60 
56 22 
50 71 
70 
66 
49 
15 
54 40 
48 
81 
63 
17 
26 
98 72 
6 
92 
93 
22 
43 
12 
20 
40 
21 
23 
42 
69 
71 
39 
79 
88 
41 
57 
28 
72 
25 
97 
99 
# clone tree 43 objective: 3.67838
0 30 7 
7 93 58 19 2 13 86 
86 42 20 68 16 
16 60 24 8 
8 92 44 
44 41 54 90 
90 57 45 64 
64 9 94 
94 10 37 
37 23 67 38 
31 26 47 
38 32 
76 31 
32 76 
47 99 15 83 27 
89 3 
9 35 29 
27 21 89 
33 55 
29 82 91 
3 33 
91 43 65 
55 12 62 
65 78 
67 53 51 
75 69 5 
62 11 
78 75 
11 39 6 18 
24 34 77 
13 71 61 
5 52 96 
51 80 
18 85 
61 59 
68 14 
2 95 
19 87 
59 49 56 
14 4 
77 74 
30 63 
80 36 
83 66 
1 73 
53 84 
82 
96 1 
45 70 
85 98 
34 50 
46 88 
87 48 
74 46 
36 81 
35 
52 
95 97 
58 
4 17 
73 
84 
10 
60 
56 22 
50 
70 25 
66 
49 
15 
54 72 28 40 
48 
81 79 
63 
17 
26 
98 
6 
92 
93 
22 
43 
12 
20 
40 
21 
23 
42 
69 
71 
39 
79 
88 
41 
57 
28 
72 
25 
97 
99 
# clone tree 44 objective: 3.67838
0 42 30 7 
7 79 69 93 58 19 2 13 86 
86 23 68 16 
16 97 60 24 8 
8 92 44 
44 41 54 90 
90 45 64 
64 9 94 
94 10 37 
37 67 38 
31 26 47 
38 32 
76 20 31 
32 76 
47 15 83 27 
89 3 
9 35 29 
27 89 
33 21 55 
29 82 91 
3 33 
91 43 65 
55 12 62 
65 78 
67 53 51 
75 5 
62 11 
78 75 
11 6 18 
24 34 77 
13 61 
5 52 96 
51 39 80 
18 85 
61 59 
68 14 
2 95 
19 87 
59 49 56 
14 4 
77 74 
30 63 
80 36 
83 66 
1 73 
53 84 
82 
96 1 
45 70 
85 98 
34 50 
46 88 
87 48 
74 46 
36 81 
35 
52 
95 72 71 
58 
4 17 
73 
84 
10 
60 99 
56 22 
50 
70 57 
66 
49 
15 
54 40 
48 
81 28 
63 
17 
26 
98 
6 
92 
93 
22 
43 
12 25 
20 
40 
21 
23 
42 
69 
71 
39 
79 
88 
41 
57 
28 
72 
25 
97 
99 
# clone tree 45 objective: 3.67838
0 30 7 
7 71 58 19 2 13 86 
86 20 68 16 
16 60 24 8 
8 69 92 44 
44 41 54 90 
90 93 45 64 
64 9 94 
94 10 37 
37 23 67 38 
31 26 47 
38 32 
76 42 31 
32 76 
47 15 83 27 
89 79 3 
9 35 29 
27 89 
33 21 55 
29 82 91 
3 33 
91 43 65 
55 25 12 62 
65 78 
67 53 51 
75 5 
62 11 
78 75 
11 6 18 
24 34 77 
13 61 
5 52 96 
51 39 80 
18 85 
61 59 
68 14 
2 95 
19 87 
59 49 56 
14 4 
77 74 
30 63 
80 36 
83 66 
1 73 
53 84 
82 
96 99 1 
45 70 
85 98 
34 50 
46 88 
87 48 
74 46 
36 81 
35 
52 
95 
58 
4 17 
73 
84 
10 
60 
56 22 
50 
70 57 
66 
49 
15 
54 40 
48 
81 
63 
17 
26 
98 
6 
92 
93 
22 
43 
12 72 
20 
40 
21 28 
23 
42 
69 
71 
39 
79 
88 
41 
57 
28 97 
72 
25 
97 
99 
# clone tree 46 objective: 3.67838
0 42 30 7 
7 69 93 58 19 2 13 86 
86 23 68 16 
16 60 24 8 
8 92 44 
44 41 54 90 
90 45 64 
64 9 94 
94 28 10 37 
37 67 38 
31 26 47 
38 32 
76 20 31 
32 76 
47 15 83 27 
89 3 
9 35 29 
27 89 
33 21 55 
29 82 91 
3 33 
91 43 65 
55 12 62 
65 78 
67 53 51 
75 5 
62 11 
78 72 75 
11 6 18 
24 34 77 
13 61 
5 52 96 
51 79 39 80 
18 85 
61 59 
68 14 
2 57 95 
19 87 
59 49 56 
14 4 
77 74 
30 63 
80 36 
83 66 
1 73 
53 84 
82 
96 1 
45 99 70 
85 98 
34 50 
46 88 
87 48 
74 46 
36 97 81 
35 
52 
95 71 
58 
4 17 
73 
84 
10 
60 
56 22 
50 
70 
66 
49 
15 
54 40 
48 
81 
63 
17 
26 
98 
6 
92 
93 
22 
43 
12 
20 
40 
21 25 
23 
42 
69 
71 
39 
79 
88 
41 
57 
28 
72 
25 
97 
99 
# clone tree 47 objective: 3.67838
0 30 7 
7 71 58 19 2 13 86 
86 20 68 16 
16 60 24 8 
8 69 92 44 
44 41 54 90 
90 93 45 64 
64 9 94 
94 28 10 37 
37 23 67 38 
31 26 47 
38 32 
76 42 31 
32 76 
47 15 83 27 
89 25 79 3 
9 35 29 
27 89 
33 21 55 
29 82 91 
3 33 
91 43 65 
55 12 62 
65 78 
67 72 53 51 
75 5 
62 11 
78 75 
11 6 18 
24 34 77 
13 61 
5 52 96 
51 39 80 
18 85 
61 59 
68 14 
2 95 
19 87 
59 49 56 
14 4 
77 74 
30 63 
80 36 
83 66 
1 73 
53 84 
82 
96 1 
45 70 
85 98 
34 50 
46 88 
87 48 
74 46 
36 81 
35 
52 
95 
58 
4 17 
73 
84 
10 
60 
56 22 
50 
70 57 
66 
49 
15 
54 40 
48 
81 
63 
17 99 
26 97 
98 
6 
92 
93 
22 
43 
12 
20 
40 
21 
23 
42 
69 
71 
39 
79 
88 
41 
57 
28 
72 
25 
97 
99 
# clone tree 48 objective: 3.67838
0 30 7 
7 71 58 19 2 13 86 
86 20 68 16 
16 60 24 8 
8 69 92 44 
44 41 54 90 
90 93 45 64 
64 9 94 
94 10 37 
37 23 67 38 
31 26 47 
38 32 
76 42 31 
32 76 
47 15 83 27 
89 79 3 
9 35 29 
27 89 
33 21 55 
29 82 91 
3 33 
91 43 65 
55 99 12 62 
65 78 
67 53 51 
75 5 
62 11 
78 75 
11 6 18 
24 34 77 
13 61 
5 52 96 
51 39 80 
18 85 
61 59 
68 14 
2 95 
19 87 
59 49 56 
14 4 
77 74 
30 63 
80 36 
83 66 
1 73 
53 84 
82 
96 1 
45 70 
85 98 
34 50 
46 88 
87 48 
74 46 
36 81 
35 
52 
95 
58 
4 97 17 
73 
84 
10 
60 
56 22 
50 
70 57 
66 
49 
15 
54 40 
48 
81 
63 
17 
26 
98 
6 
92 
93 
22 
43 
12 72 
20 
40 
21 28 
23 
42 
69 
71 
39 
79 
88 
41 
57 
28 
72 
25 
97 
99 25 
# clone tree 49 objective: 3.67838
0 99 30 7 
7 93 58 19 2 13 86 
86 42 20 68 16 
16 60 24 8 
8 92 44 
44 41 54 90 
90 57 45 64 
64 9 94 
94 10 37 
37 23 67 38 
31 26 47 
38 32 
76 31 
32 76 
47 15 83 27 
89 3 
9 35 29 
27 21 89 
33 55 
29 25 82 91 
3 33 
91 43 65 
55 12 62 
65 78 
67 53 51 
75 69 5 
62 11 
78 75 
11 39 6 18 
24 34 77 
13 71 61 
5 52 96 
51 80 
18 85 
61 59 
68 14 
2 95 
19 87 
59 49 56 
14 4 
77 74 
30 63 
80 36 
83 66 
1 73 
53 84 
82 
96 1 
45 70 
85 98 
34 50 
46 88 
87 48 
74 46 
36 81 
35 
52 
95 
58 
4 17 
73 
84 
10 97 
60 
56 22 
50 
70 
66 
49 
15 
54 40 
48 
81 79 
63 72 
17 
26 
98 
6 
92 
93 
22 
43 
12 
20 
40 
21 28 
23 
42 
69 
71 
39 
79 
88 
41 
57 
28 
72 
25 
97 
99 
# clone tree 50 objective: 3.67838
0 30 7 
7 71 58 19 2 13 86 
86 20 68 16 
16 60 24 8 
8 69 92 44 
44 41 54 90 
90 93 45 64 
64 9 94 
94 10 37 
37 23 67 38 
31 26 47 
38 32 
76 42 31 
32 76 
47 15 83 27 
89 79 3 
9 35 29 
27 89 
33 21 55 
29 82 91 
3 33 
91 43 65 
55 25 12 62 
65 78 
67 53 51 
75 5 
62 11 
78 75 
11 6 18 
24 34 77 
13 61 
5 52 96 
51 39 80 
18 85 
61 59 
68 14 
2 95 
19 87 
59 49 56 
14 4 
77 74 
30 63 
80 36 
83 66 
1 73 
53 84 
82 
96 1 
45 70 
85 98 
34 50 
46 88 
87 48 
74 46 
36 81 
35 99 
52 
95 
58 
4 17 
73 
84 
10 
60 
56 22 
50 
70 57 
66 
49 
15 
54 40 
48 
81 
63 
17 
26 
98 
6 
92 
93 
22 
43 
12 72 
20 
40 
21 28 
23 
42 
69 
71 
39 97 
79 
88 
41 
57 
28 
72 
25 
97 
99 
# clone tree 51 objective: 3.67838
0 30 7 
7 93 58 19 2 13 86 
86 42 20 68 16 
16 60 24 8 
8 92 44 
44 41 54 90 
90 57 45 64 
64 9 94 
94 10 37 
37 23 67 38 
31 26 47 
38 32 
76 31 
32 76 
47 15 83 27 
89 3 
9 35 29 
27 21 89 
33 55 
29 82 91 
3 33 
91 43 65 
55 12 62 
65 78 
67 53 51 
75 69 5 
62 11 
78 75 
11 39 6 18 
24 34 77 
13 71 61 
5 52 96 
51 80 
18 85 
61 59 
68 14 
2 95 
19 87 
59 49 56 
14 4 
77 74 
30 63 
80 36 
83 66 
1 73 
53 84 
82 
96 1 
45 70 
85 98 
34 50 
46 88 
87 48 
74 46 
36 81 
35 
52 
95 
58 
4 17 
73 
84 
10 
60 
56 22 
50 
70 25 
66 
49 
15 
54 72 28 40 
48 
81 79 
63 
17 
26 
98 
6 
92 
93 
22 
43 
12 
20 
40 
21 
23 
42 
69 
71 99 
39 
79 
88 97 
41 
57 
28 
72 
25 
97 
99 
# clone tree 52 objective: 3.67838
0 30 7 
7 71 58 19 2 13 86 
86 20 68 16 
16 60 24 8 
8 69 92 44 
44 41 54 90 
90 93 45 64 
64 9 94 
94 10 37 
37 23 67 38 
31 26 47 
38 32 
76 42 31 
32 76 
47 15 83 27 
89 99 79 3 
9 35 29 
27 89 
33 21 55 
29 82 91 
3 28 33 
91 43 65 
55 12 62 
65 78 
67 53 51 
75 97 5 
62 11 
78 75 
11 6 18 
24 34 77 
13 61 
5 52 96 
51 39 80 
18 85 
61 59 
68 14 
2 95 
19 87 
59 49 56 
14 4 
77 74 
30 63 
80 36 
83 66 
1 73 
53 84 
82 
96 1 
45 70 
85 98 
34 50 
46 88 
87 48 
74 46 
36 81 
35 
52 
95 25 
58 
4 17 
73 
84 
10 
60 
56 22 
50 
70 57 
66 
49 
15 
54 40 
48 
81 
63 
17 
26 
98 
6 
92 
93 
22 
43 
12 72 
20 
40 
21 
23 
42 
69 
71 
39 
79 
88 
41 
57 
28 
72 
25 
97 
99 
# clone tree 53 objective: 3.67838
0 30 7 
7 93 58 19 2 13 86 
86 42 20 68 16 
16 60 24 8 
8 92 44 
44 41 54 90 
90 57 45 64 
64 9 94 
94 10 37 
37 23 67 38 
31 26 47 
38 32 
76 31 
32 76 
47 15 83 27 
89 3 
9 35 29 
27 21 89 
33 55 
29 82 91 
3 33 
91 43 65 
55 12 62 
65 78 
67 53 51 
75 69 5 
62 11 
78 75 
11 39 6 18 
24 34 77 
13 71 61 
5 52 96 
51 80 
18 85 
61 59 
68 14 
2 95 
19 97 87 
59 49 56 
14 4 
77 99 74 
30 63 
80 36 
83 66 
1 73 
53 84 
82 
96 1 
45 70 
85 98 
34 50 
46 88 
87 48 
74 46 
36 81 
35 
52 
95 
58 
4 17 
73 
84 
10 
60 
56 22 
50 
70 25 
66 
49 
15 
54 72 28 40 
48 
81 79 
63 
17 
26 
98 
6 
92 
93 
22 
43 
12 
20 
40 
21 
23 
42 
69 
71 
39 
79 
88 
41 
57 
28 
72 
25 
97 
99 
# clone tree 54 objective: 3.67838
0 30 7 
7 57 93 58 19 2 13 86 
86 42 23 68 16 
16 60 24 8 
8 92 44 
44 54 90 
90 45 64 
64 9 94 
94 10 37 
37 67 38 
31 26 47 
38 32 
76 20 31 
32 76 
47 69 15 83 27 
89 3 
9 35 29 
27 89 
33 21 55 
29 82 91 
3 33 
91 43 65 
55 12 62 
65 78 
67 53 51 
75 5 
62 11 
78 75 
11 6 18 
24 34 77 
13 61 
5 52 96 
51 79 39 80 
18 41 85 
61 59 
68 14 
2 95 
19 87 
59 25 49 56 
14 4 
77 99 74 
30 63 
80 36 
83 66 
1 73 
53 84 
82 
96 1 
45 70 
85 98 
34 50 
46 88 
87 97 48 
74 46 
36 81 
35 
52 
95 
58 
4 17 
73 
84 
10 
60 
56 22 
50 71 
70 
66 
49 
15 
54 40 
48 
81 
63 
17 72 
26 
98 28 
6 
92 
93 
22 
43 
12 
20 
40 
21 
23 
42 
69 
71 
39 
79 
88 
41 
57 
28 
72 
25 
97 
99 
# clone tree 55 objective: 3.67838
0 42 30 7 
7 79 69 93 58 19 2 13 86 
86 23 68 16 
16 60 24 8 
8 92 44 
44 41 54 90 
90 45 64 
64 9 94 
94 10 37 
37 67 38 
31 26 47 
38 32 
76 20 31 
32 76 
47 15 83 27 
89 3 
9 35 29 
27 89 
33 21 55 
29 82 91 
3 33 
91 43 65 
55 12 62 
65 78 
67 53 51 
75 5 
62 25 11 
78 75 
11 6 18 
24 34 77 
13 61 
5 52 96 
51 39 80 
18 85 
61 59 
68 14 
2 95 
19 87 
59 49 56 
14 4 
77 74 
30 63 
80 36 
83 66 
1 73 
53 84 
82 
96 1 
45 70 
85 98 
34 50 
46 88 
87 48 
74 46 
36 81 
35 
52 
95 72 71 
58 
4 17 
73 
84 99 
10 
60 
56 22 
50 
70 57 
66 
49 
15 
54 40 
48 
81 28 
63 
17 
26 
98 
6 
92 
93 
22 
43 
12 
20 
40 
21 
23 
42 97 
69 
71 
39 
79 
88 
41 
57 
28 
72 
25 
97 
99 
# clone tree 56 objective: 3.67838
0 42 30 7 
7 93 58 19 2 13 86 
86 23 68 16 
16 60 24 8 
8 92 44 
44 54 90 
90 79 45 64 
64 9 94 
94 10 37 
37 67 38 
31 26 47 
38 32 
76 20 31 
32 76 
47 15 83 27 
89 3 
9 35 29 
27 89 
33 21 55 
29 82 91 
3 33 
91 43 65 
55 12 62 
65 78 
67 72 53 51 
75 69 5 
62 11 
78 75 
11 6 18 
24 34 77 
13 61 
5 52 96 
51 39 80 
18 41 85 
61 59 
68 14 
2 95 
19 87 
59 49 56 
14 4 
77 74 
30 63 
80 36 
83 66 
1 73 
53 84 
82 25 
96 1 
45 70 
85 98 
34 50 
46 88 
87 48 
74 46 
36 81 
35 
52 
95 71 
58 57 
4 17 
73 
84 
10 
60 
56 22 
50 
70 
66 
49 
15 
54 28 40 
48 
81 
63 
17 
26 
98 
6 99 
92 
93 
22 
43 
12 97 
20 
40 
21 
23 
42 
69 
71 
39 
79 
88 
41 
57 
28 
72 
25 
97 
99 
# clone tree 57 objective: 3.67838
0 30 7 
7 93 58 19 2 13 86 
86 42 20 68 16 
16 60 24 8 
8 92 44 
44 41 54 90 
90 57 45 64 
64 9 94 
94 10 37 
37 23 67 38 
31 26 47 
38 32 
76 31 
32 76 
47 15 83 27 
89 3 
9 35 29 
27 21 89 
33 55 
29 82 91 
3 33 
91 43 65 
55 12 62 
65 78 
67 53 51 
75 69 5 
62 11 
78 75 
11 39 6 18 
24 34 77 
13 71 61 
5 52 96 
51 80 
18 85 
61 59 
68 14 
2 95 
19 87 
59 49 56 
14 4 
77 74 
30 63 
80 36 
83 66 
1 73 
53 84 
82 
96 1 
45 70 
85 98 
34 50 
46 88 
87 48 
74 46 
36 81 
35 
52 
95 
58 
4 17 
73 
84 
10 
60 
56 22 
50 
70 25 
66 
49 
15 
54 72 28 40 
48 
81 99 79 
63 
17 
26 
98 
6 
92 
93 
22 
43 
12 
20 
40 
21 
23 
42 
69 
71 
39 
79 
88 
41 
57 
28 
72 
25 97 
97 
99 
# clone tree 58 objective: 3.67838
0 42 30 7 
7 79 69 93 58 19 2 13 86 
86 23 68 16 
16 60 24 8 
8 92 44 
44 41 54 90 
90 45 64 
64 9 94 
94 10 37 
37 67 38 
31 26 47 
38 32 
76 20 31 
32 76 
47 15 83 27 
89 3 
9 35 29 
27 89 
33 21 55 
29 82 91 
3 33 
91 43 65 
55 12 62 
65 99 78 
67 53 51 
75 5 
62 11 
78 97 25 75 
11 6 18 
24 34 77 
13 61 
5 52 96 
51 39 80 
18 85 
61 59 
68 14 
2 95 
19 87 
59 49 56 
14 4 
77 74 
30 63 
80 36 
83 66 
1 73 
53 84 
82 
96 1 
45 70 
85 98 
34 50 
46 88 
87 48 
74 46 
36 81 
35 
52 
95 72 71 
58 
4 17 
73 
84 
10 
60 
56 22 
50 
70 57 
66 
49 
15 
54 40 
48 
81 28 
63 
17 
26 
98 
6 
92 
93 
22 
43 
12 
20 
40 
21 
23 
42 
69 
71 
39 
79 
88 
41 
57 
28 
72 
25 
97 
99 
# clone tree 59 objective: 3.67838
0 30 7 
7 93 58 19 2 13 86 
86 68 16 
16 69 60 24 8 
8 92 44 
44 41 54 90 
90 45 64 
64 57 9 94 
94 10 37 
37 67 38 
31 26 47 
38 32 
76 20 31 
32 76 
47 15 83 27 
89 79 39 3 
9 35 29 
27 21 89 
33 28 55 
29 82 91 
3 33 
91 43 65 
55 12 62 
65 78 
67 53 51 
75 23 5 
62 11 
78 75 
11 6 18 
24 34 77 
13 61 
5 72 52 96 
51 80 
18 85 
61 59 
68 14 
2 71 95 
19 87 
59 49 56 
14 4 
77 74 
30 63 
80 36 
83 66 
1 73 
53 84 
82 
96 1 
45 70 
85 98 
34 50 
46 88 
87 48 
74 46 
36 81 
35 
52 
95 
58 
4 17 
73 
84 
10 
60 
56 22 
50 
70 
66 
49 25 
15 
54 40 
48 
81 99 
63 
17 
26 
98 
6 
92 
93 
22 
43 
12 
20 42 
40 
21 
23 
42 
69 
71 
39 
79 
88 97 
41 
57 
28 
72 
25 
97 
99 
# clone tree 60 objective: 3.67838
0 42 30 7 
7 79 69 93 58 19 2 13 86 
86 23 68 16 
16 60 24 8 
8 92 44 
44 41 54 90 
90 45 64 
64 9 94 
94 10 37 
37 67 38 
31 26 47 
38 32 
76 20 31 
32 76 
47 15 83 27 
89 3 
9 35 29 
27 89 
33 21 55 
29 82 91 
3 33 
91 43 65 
55 99 12 62 
65 78 
67 53 51 
75 5 
62 11 
78 75 
11 6 18 
24 34 77 
13 61 
5 52 96 
51 39 80 
18 85 
61 59 
68 14 
2 95 
19 87 
59 49 56 
14 4 
77 74 
30 63 
80 36 
83 66 
1 73 
53 84 
82 
96 1 
45 70 
85 98 
34 50 
46 88 
87 48 
74 46 
36 81 
35 
52 
95 72 71 
58 
4 17 
73 
84 
10 
60 
56 22 
50 
70 57 
66 
49 97 
15 
54 40 
48 
81 25 28 
63 
17 
26 
98 
6 
92 
93 
22 
43 
12 
20 
40 
21 
23 
42 
69 
71 
39 
79 
88 
41 
57 
28 
72 
25 
97 
99 
# clone tree 61 objective: 3.67838
0 30 7 
7 71 58 19 2 13 86 
86 20 68 16 
16 60 24 8 
8 69 92 44 
44 41 54 90 
90 93 45 64 
64 9 94 
94 10 37 
37 23 67 38 
31 26 47 
38 32 
76 42 31 
32 76 
47 15 83 27 
89 79 3 
9 35 29 
27 28 89 
33 21 55 
29 82 91 
3 33 
91 43 65 
55 12 62 
65 97 78 
67 53 51 
75 5 
62 11 
78 75 
11 6 18 
24 34 77 
13 61 
5 52 96 
51 39 80 
18 85 
61 59 
68 14 
2 95 
19 87 
59 49 56 
14 4 
77 74 
30 63 
80 36 
83 66 
1 73 
53 84 
82 
96 1 
45 70 
85 98 
34 50 
46 88 
87 48 
74 46 
36 81 
35 
52 
95 
58 
4 17 
73 
84 
10 
60 
56 22 
50 72 
70 57 
66 
49 
15 99 
54 40 
48 
81 
63 
17 
26 
98 
6 
92 
93 
22 
43 
12 
20 
40 
21 
23 
42 25 
69 
71 
39 
79 
88 
41 
57 
28 
72 
25 
97 
99 
# clone tree 62 objective: 3.67838
0 42 30 7 
7 69 93 58 19 2 13 86 
86 23 68 16 
16 60 24 8 
8 92 44 
44 41 54 90 
90 45 64 
64 9 94 
94 28 10 37 
37 67 38 
31 97 26 47 
38 32 
76 20 31 
32 76 
47 15 83 27 
89 3 
9 35 29 
27 89 
33 21 55 
29 82 91 
3 33 
91 43 65 
55 12 62 
65 78 
67 53 51 
75 5 
62 11 
78 72 75 
11 6 18 
24 34 77 
13 61 
5 52 96 
51 79 39 80 
18 85 
61 99 59 
68 14 
2 57 95 
19 87 
59 49 56 
14 4 
77 74 
30 63 
80 36 
83 66 
1 73 
53 84 
82 
96 1 
45 70 
85 98 
34 50 
46 88 
87 48 
74 46 
36 81 
35 
52 
95 71 
58 
4 17 
73 
84 
10 
60 
56 22 
50 
70 
66 
49 
15 
54 40 
48 
81 
63 
17 
26 
98 
6 
92 
93 
22 
43 
12 
20 
40 
21 25 
23 
42 
69 
71 
39 
79 
88 
41 
57 
28 
72 
25 
97 
99 
# clone tree 63 objective: 3.67838
0 42 30 7 
7 93 58 19 2 13 86 
86 23 68 16 
16 60 24 8 
8 92 44 
44 54 90 
90 79 45 64 
64 9 94 
94 10 37 
37 67 38 
31 26 47 
38 32 
76 20 31 
32 76 
47 15 83 27 
89 3 
9 35 29 
27 89 
33 21 55 
29 82 91 
3 33 
91 43 65 
55 12 62 
65 78 
67 53 51 
75 69 5 
62 11 
78 75 
11 6 18 
24 34 77 
13 61 
5 52 96 
51 39 80 
18 41 85 
61 59 
68 14 
2 95 
19 87 
59 49 56 
14 28 4 
77 74 
30 63 
80 36 
83 66 
1 73 
53 25 84 
82 
96 1 
45 70 
85 98 
34 50 
46 88 
87 48 
74 46 
36 81 
35 
52 
95 71 
58 57 
4 17 
73 97 72 
84 
10 
60 
56 22 
50 
70 
66 
49 
15 
54 40 
48 
81 
63 
17 
26 
98 
6 
92 
93 
22 
43 
12 
20 
40 
21 
23 
42 
69 
71 99 
39 
79 
88 
41 
57 
28 
72 
25 
97 
99 
# clone tree 64 objective: 3.67838
0 42 30 7 
7 79 69 93 58 19 2 13 86 
86 23 68 16 
16 60 24 8 
8 92 44 
44 41 54 90 
90 45 64 
64 9 94 
94 10 37 
37 67 38 
31 26 47 
38 32 
76 20 31 
32 76 
47 99 15 83 27 
89 3 
9 35 29 
27 89 
33 21 55 
29 82 91 
3 33 
91 43 65 
55 12 62 
65 78 
67 53 51 
75 5 
62 11 
78 75 
11 6 18 
24 34 77 
13 61 
5 52 96 
51 39 80 
18 85 
61 59 
68 14 
2 95 
19 87 
59 49 56 
14 4 
77 74 
30 63 
80 36 
83 66 
1 73 
53 84 
82 
96 1 
45 70 
85 98 
34 50 
46 88 
87 48 
74 46 
36 81 
35 
52 
95 72 71 
58 
4 17 
73 
84 
10 
60 
56 22 
50 
70 57 
66 
49 
15 
54 40 
48 
81 28 
63 
17 
26 
98 
6 
92 
93 
22 
43 
12 
20 
40 
21 
23 
42 
69 97 
71 
39 
79 
88 
41 25 
57 
28 
72 
25 
97 
99 
# clone tree 65 objective: 3.67838
0 42 30 7 
7 69 93 58 19 2 13 86 
86 23 68 16 
16 60 24 8 
8 92 44 
44 41 54 90 
90 45 64 
64 9 94 
94 10 37 
37 67 38 
31 26 47 
38 32 
76 20 31 
32 25 76 
47 15 83 27 
89 3 
9 35 29 
27 99 89 
33 21 55 
29 82 91 
3 33 
91 43 65 
55 12 62 
65 78 
67 53 51 
75 5 
62 97 11 
78 75 
11 6 18 
24 34 77 
13 72 61 
5 52 96 
51 79 39 80 
18 85 
61 59 
68 14 
2 57 95 
19 87 
59 49 56 
14 4 
77 74 
30 63 
80 36 
83 66 
1 73 
53 84 
82 28 
96 1 
45 70 
85 98 
34 50 
46 88 
87 48 
74 46 
36 81 
35 
52 
95 71 
58 
4 17 
73 
84 
10 
60 
56 22 
50 
70 
66 
49 
15 
54 40 
48 
81 
63 
17 
26 
98 
6 
92 
93 
22 
43 
12 
20 
40 
21 
23 
42 
69 
71 
39 
79 
88 
41 
57 
28 
72 
25 
97 
99 
# clone tree 66 objective: 3.67838
0 42 30 7 
7 93 58 19 2 13 86 
86 23 68 16 
16 60 24 8 
8 92 44 
44 54 90 
90 79 45 64 
64 9 94 
94 10 37 
37 67 38 
31 26 47 
38 32 
76 20 31 
32 76 
47 15 83 27 
89 3 
9 35 29 
27 89 
33 21 55 
29 82 91 
3 33 
91 43 65 
55 12 62 
65 78 
67 53 51 
75 69 5 
62 11 
78 75 
11 6 18 
24 34 77 
13 61 
5 52 96 
51 72 39 80 
18 41 85 
61 59 
68 14 
2 95 
19 25 87 
59 49 56 
14 97 4 
77 74 
30 63 
80 36 
83 66 
1 73 
53 84 
82 
96 1 
45 70 
85 98 
34 50 
46 88 
87 48 
74 46 
36 81 
35 
52 
95 71 
58 57 
4 17 
73 
84 
10 
60 
56 22 
50 
70 
66 
49 
15 
54 40 
48 
81 28 
63 
17 
26 99 
98 
6 
92 
93 
22 
43 
12 
20 
40 
21 
23 
42 
69 
71 
39 
79 
88 
41 
57 
28 
72 
25 
97 
99 
# clone tree 67 objective: 3.67838
0 30 7 
7 71 58 19 2 13 86 
86 20 68 16 
16 60 24 8 
8 69 92 44 
44 41 54 90 
90 93 45 64 
64 9 94 
94 72 10 37 
37 23 67 38 
31 26 47 
38 32 
76 42 31 
32 76 
47 15 83 27 
89 79 3 
9 35 29 
27 89 
33 21 55 
29 82 91 
3 33 
91 43 65 
55 12 62 
65 78 
67 53 51 
75 5 
62 11 
78 75 
11 6 18 
24 34 77 
13 61 
5 52 96 
51 39 80 
18 85 
61 59 
68 14 
2 25 95 
19 87 
59 49 56 
14 4 
77 74 
30 63 
80 36 
83 66 
1 73 
53 84 
82 
96 1 
45 70 
85 98 
34 50 
46 88 
87 48 
74 46 
36 81 
35 
52 
95 
58 
4 17 
73 
84 
10 
60 
56 97 22 
50 
70 57 
66 
49 
15 
54 40 
48 
81 28 
63 99 
17 
26 
98 
6 
92 
93 
22 
43 
12 
20 
40 
21 
23 
42 
69 
71 
39 
79 
88 
41 
57 
28 
72 
25 
97 
99 
# clone tree 68 objective: 3.67838
0 30 7 
7 97 93 58 19 2 13 86 
86 68 16 
16 69 60 24 8 
8 92 44 
44 41 54 90 
90 45 64 
64 57 9 94 
94 10 37 
37 67 38 
31 26 47 
38 32 
76 20 31 
32 76 
47 15 83 27 
89 79 39 3 
9 35 29 
27 21 89 
33 28 55 
29 82 91 
3 33 
91 43 65 
55 12 62 
65 78 
67 53 51 
75 23 5 
62 11 
78 75 
11 6 18 
24 34 77 
13 61 
5 52 96 
51 80 
18 85 
61 59 
68 14 
2 71 95 
19 87 
59 49 56 
14 4 
77 74 
30 63 
80 36 
83 66 
1 73 
53 84 
82 
96 1 
45 70 
85 98 
34 50 
46 88 
87 48 
74 25 46 
36 81 
35 
52 
95 
58 
4 17 
73 
84 
10 
60 
56 22 
50 
70 
66 
49 
15 
54 40 
48 
81 99 
63 72 
17 
26 
98 
6 
92 
93 
22 
43 
12 
20 42 
40 
21 
23 
42 
69 
71 
39 
79 
88 
41 
57 
28 
72 
25 
97 
99 
# clone tree 69 objective: 3.67838
0 42 30 7 
7 69 93 58 19 2 13 86 
86 23 68 16 
16 60 24 8 
8 92 44 
44 41 54 90 
90 45 64 
64 9 94 
94 28 10 37 
37 67 38 
31 97 26 47 
38 32 
76 20 31 
32 76 
47 15 83 27 
89 3 
9 35 29 
27 89 
33 21 55 
29 82 91 
3 33 
91 43 65 
55 12 62 
65 78 
67 53 51 
75 5 
62 11 
78 72 75 
11 6 18 
24 34 77 
13 99 61 
5 52 96 
51 79 39 80 
18 85 
61 59 
68 14 
2 57 95 
19 87 
59 49 56 
14 4 
77 74 
30 63 
80 36 
83 66 
1 73 
53 84 
82 
96 1 
45 70 
85 98 
34 50 
46 88 
87 48 
74 46 
36 81 
35 
52 
95 71 
58 
4 17 
73 
84 
10 
60 
56 22 
50 
70 
66 
49 
15 
54 40 
48 
81 
63 
17 
26 
98 
6 
92 
93 
22 
43 
12 
20 
40 
21 25 
23 
42 
69 
71 
39 
79 
88 
41 
57 
28 
72 
25 
97 
99 
# clone tree 70 objective: 3.67838
0 30 7 
7 93 58 19 2 13 86 
86 42 23 68 16 
16 60 24 8 
8 92 44 
44 54 90 
90 45 64 
64 57 9 94 
94 10 37 
37 67 38 
31 26 47 
38 32 
76 20 31 
32 76 
47 69 15 83 27 
89 3 
9 35 29 
27 89 
33 99 21 55 
29 82 91 
3 33 
91 97 43 65 
55 12 62 
65 78 
67 53 51 
75 5 
62 11 
78 75 
11 6 18 
24 34 77 
13 61 
5 52 96 
51 39 80 
18 41 85 
61 59 
68 14 
2 79 95 
19 87 
59 49 56 
14 4 
77 74 
30 63 
80 36 
83 66 
1 73 
53 84 
82 
96 1 
45 70 
85 98 
34 50 
46 88 
87 48 
74 46 
36 81 
35 
52 
95 
58 
4 17 
73 
84 
10 
60 
56 22 
50 71 
70 
66 
49 
15 
54 40 
48 
81 72 28 
63 
17 
26 
98 
6 
92 
93 
22 
43 
12 
20 
40 
21 
23 
42 
69 
71 
39 
79 
88 
41 
57 25 
28 
72 
25 
97 
99 
# clone tree 71 objective: 3.67838
0 30 7 
7 71 58 19 2 13 86 
86 20 68 16 
16 60 24 8 
8 69 92 44 
44 41 54 90 
90 93 45 64 
64 9 94 
94 10 37 
37 25 23 67 38 
31 26 47 
38 32 
76 42 31 
32 76 
47 15 83 27 
89 79 3 
9 35 29 
27 89 
33 21 55 
29 82 91 
3 33 
91 43 65 
55 12 62 
65 99 78 
67 53 51 
75 5 
62 11 
78 72 75 
11 6 18 
24 34 77 
13 61 
5 52 96 
51 39 80 
18 85 
61 59 
68 14 
2 95 
19 87 
59 49 56 
14 4 
77 74 
30 63 
80 36 
83 66 
1 73 
53 84 
82 
96 1 
45 70 
85 98 
34 50 
46 88 
87 48 
74 46 
36 97 81 
35 
52 
95 
58 
4 17 
73 
84 
10 
60 
56 22 
50 
70 57 
66 
49 
15 
54 40 
48 
81 28 
63 
17 
26 
98 
6 
92 
93 
22 
43 
12 
20 
40 
21 
23 
42 
69 
71 
39 
79 
88 
41 
57 
28 
72 
25 
97 
99 
# clone tree 72 objective: 3.67838
0 30 7 
7 71 58 19 2 13 86 
86 20 68 16 
16 60 24 8 
8 69 92 44 
44 41 54 90 
90 93 45 64 
64 9 94 
94 28 10 37 
37 23 67 38 
31 26 47 
38 32 
76 42 31 
32 76 
47 15 83 27 
89 25 79 3 
9 35 29 
27 89 
33 21 55 
29 82 91 
3 33 
91 43 65 
55 12 62 
65 78 
67 72 53 51 
75 5 
62 11 
78 75 
11 6 18 
24 34 77 
13 61 
5 52 96 
51 39 80 
18 85 
61 59 
68 14 
2 95 
19 87 
59 49 56 
14 4 
77 74 
30 63 
80 36 
83 66 
1 73 
53 84 
82 
96 1 
45 70 
85 98 
34 50 
46 88 
87 48 
74 46 
36 81 
35 
52 
95 
58 
4 17 
73 
84 
10 
60 
56 22 
50 
70 57 
66 
49 
15 
54 40 
48 
81 
63 
17 
26 97 
98 
6 
92 
93 
22 
43 
12 
20 
40 
21 
23 
42 
69 
71 
39 
79 
88 
41 99 
57 
28 
72 
25 
97 
99 
# clone tree 73 objective: 3.67838
0 30 7 
7 57 93 58 19 2 13 86 
86 42 23 68 16 
16 60 24 8 
8 92 44 
44 54 90 
90 45 64 
64 9 94 
94 10 37 
37 67 38 
31 26 47 
38 32 
76 20 31 
32 76 
47 69 15 83 27 
89 3 
9 35 29 
27 89 
33 21 55 
29 82 91 
3 33 
91 43 65 
55 12 62 
65 78 
67 53 51 
75 5 
62 11 
78 75 
11 6 18 
24 34 77 
13 61 
5 52 96 
51 79 39 80 
18 25 41 85 
61 59 
68 99 14 
2 95 
19 87 
59 49 56 
14 4 
77 74 
30 63 
80 36 
83 66 
1 73 
53 84 
82 
96 1 
45 70 
85 98 
34 50 
46 88 
87 48 
74 46 
36 81 
35 
52 
95 
58 
4 17 
73 
84 
10 
60 
56 22 
50 71 
70 
66 
49 
15 
54 40 
48 
81 
63 72 
17 
26 97 
98 
6 
92 
93 
22 
43 
12 
20 
40 
21 28 
23 
42 
69 
71 
39 
79 
88 
41 
57 
28 
72 
25 
97 
99 
# clone tree 74 objective: 3.67838
0 30 7 
7 93 58 19 2 13 86 
86 42 20 68 16 
16 60 24 8 
8 92 44 
44 41 54 90 
90 57 45 64 
64 9 94 
94 10 37 
37 23 67 38 
31 26 47 
38 32 
76 31 
32 76 
47 15 83 27 
89 3 
9 35 29 
27 21 89 
33 55 
29 82 91 
3 33 
91 43 65 
55 12 62 
65 78 
67 53 51 
75 69 5 
62 11 
78 75 
11 97 39 6 18 
24 34 77 
13 71 61 
5 52 96 
51 80 
18 85 
61 59 
68 14 
2 95 
19 87 
59 49 56 
14 4 
77 74 
30 63 
80 36 
83 66 
1 73 
53 84 
82 
96 1 
45 70 
85 98 
34 50 
46 88 
87 48 
74 46 
36 81 
35 
52 
95 
58 
4 17 
73 
84 
10 
60 
56 22 
50 
70 25 
66 
49 
15 
54 72 28 40 
48 
81 79 
63 
17 
26 
98 
6 
92 
93 
22 
43 
12 
20 
40 
21 
23 99 
42 
69 
71 
39 
79 
88 
41 
57 
28 
72 
25 
97 
99 
# clone tree 75 objective: 3.67838
0 99 30 7 
7 93 58 19 2 13 86 
86 42 20 68 16 
16 60 24 8 
8 92 44 
44 41 54 90 
90 57 45 64 
64 9 94 
94 10 37 
37 23 67 38 
31 26 47 
38 32 
76 31 
32 76 
47 15 83 27 
89 3 
9 35 29 
27 21 89 
33 55 
29 82 91 
3 33 
91 43 65 
55 12 62 
65 78 
67 53 51 
75 69 5 
62 11 
78 75 
11 39 6 18 
24 34 77 
13 71 61 
5 52 96 
51 80 
18 85 
61 59 
68 14 
2 95 
19 87 
59 49 56 
14 4 
77 74 
30 63 
80 36 
83 66 
1 73 
53 84 
82 
96 1 
45 70 
85 98 
34 50 
46 88 
87 48 
74 46 
36 81 
35 
52 
95 
58 
4 17 
73 
84 
10 
60 
56 22 
50 
70 25 
66 
49 
15 
54 72 28 40 
48 
81 79 
63 
17 
26 
98 
6 
92 
93 
22 
43 
12 
20 
40 
21 
23 
42 97 
69 
71 
39 
79 
88 
41 
57 
28 
72 
25 
97 
99 
# clone tree 76 objective: 3.67838
0 30 7 
7 93 58 19 2 13 86 
86 68 16 
16 69 60 24 8 
8 72 92 44 
44 41 54 90 
90 45 64 
64 57 9 94 
94 10 37 
37 99 67 38 
31 26 47 
38 32 
76 20 31 
32 76 
47 15 83 27 
89 79 39 3 
9 35 29 
27 21 89 
33 55 
29 82 91 
3 33 
91 43 65 
55 12 62 
65 78 
67 53 51 
75 23 5 
62 11 
78 75 
11 6 18 
24 97 25 34 77 
13 61 
5 52 96 
51 80 
18 85 
61 59 
68 14 
2 71 95 
19 87 
59 49 56 
14 4 
77 74 
30 63 
80 36 
83 66 
1 73 
53 84 
82 
96 1 
45 70 
85 98 
34 50 
46 88 
87 48 
74 46 
36 81 
35 
52 
95 
58 
4 17 
73 
84 
10 
60 
56 22 
50 
70 
66 
49 
15 
54 40 
48 
81 
63 
17 
26 
98 28 
6 
92 
93 
22 
43 
12 
20 42 
40 
21 
23 
42 
69 
71 
39 
79 
88 
41 
57 
28 
72 
25 
97 
99 
# clone tree 77 objective: 3.67838
0 30 7 
7 93 58 19 2 13 86 
86 68 16 
16 69 60 24 8 
8 92 44 
44 41 54 90 
90 45 64 
64 57 9 94 
94 10 37 
37 67 38 
31 26 47 
38 32 
76 20 31 
32 76 
47 15 83 27 
89 79 39 3 
9 35 29 
27 21 89 
33 28 55 
29 82 91 
3 33 
91 43 65 
55 12 62 
65 78 
67 53 51 
75 23 5 
62 11 
78 75 
11 6 18 
24 34 77 
13 61 
5 52 96 
51 80 
18 85 
61 59 
68 14 
2 71 95 
19 87 
59 49 56 
14 4 
77 74 
30 63 
80 36 
83 66 
1 73 
53 84 
82 
96 1 
45 70 
85 98 
34 50 
46 88 
87 48 
74 46 
36 81 
35 
52 
95 72 
58 
4 17 
73 
84 
10 
60 99 
56 22 
50 
70 
66 
49 
15 
54 40 
48 
81 
63 
17 
26 
98 
6 
92 
93 
22 
43 
12 25 
20 42 
40 
21 
23 
42 
69 
71 
39 
79 
88 97 
41 
57 
28 
72 
25 
97 
99 
# clone tree 78 objective: 3.67838
0 30 7 
7 71 58 19 2 13 86 
86 20 68 16 
16 60 24 8 
8 69 92 44 
44 41 54 90 
90 93 45 64 
64 9 94 
94 10 37 
37 23 67 38 
31 26 47 
38 32 
76 42 31 
32 76 
47 15 83 27 
89 79 3 
9 35 29 
27 89 
33 99 21 55 
29 82 91 
3 33 
91 43 65 
55 25 12 62 
65 78 
67 53 51 
75 5 
62 11 
78 75 
11 6 18 
24 34 77 
13 61 
5 52 96 
51 39 80 
18 85 
61 59 
68 14 
2 95 
19 87 
59 49 56 
14 4 
77 74 
30 63 
80 36 
83 66 
1 73 
53 84 
82 
96 1 
45 70 
85 98 
34 50 
46 88 
87 48 
74 46 
36 81 
35 
52 
95 
58 
4 17 
73 
84 
10 
60 
56 22 
50 
70 97 57 
66 
49 
15 
54 40 
48 
81 
63 
17 
26 
98 
6 
92 
93 
22 
43 
12 72 
20 
40 
21 28 
23 
42 
69 
71 
39 
79 
88 
41 
57 
28 
72 
25 
97 
99 
# clone tree 79 objective: 3.67838
0 30 7 
7 93 58 19 2 13 86 
86 42 20 68 16 
16 60 24 8 
8 92 44 
44 41 54 90 
90 57 45 64 
64 9 94 
94 10 37 
37 23 67 38 
31 26 47 
38 32 
76 31 
32 76 
47 15 83 27 
89 3 
9 35 29 
27 21 89 
33 55 
29 82 91 
3 33 
91 43 65 
55 12 62 
65 78 
67 53 51 
75 69 5 
62 11 
78 75 
11 39 6 18 
24 34 77 
13 71 61 
5 52 96 
51 80 
18 85 
61 59 
68 14 
2 95 
19 87 
59 49 56 
14 4 
77 74 
30 63 
80 36 
83 66 
1 73 
53 84 
82 
96 1 
45 70 
85 98 
34 50 
46 88 
87 48 
74 46 
36 81 
35 
52 
95 
58 
4 17 
73 
84 
10 
60 
56 22 
50 
70 25 
66 
49 
15 
54 72 28 40 
48 
81 79 
63 
17 
26 
98 
6 
92 
93 
22 
43 
12 
20 
40 
21 
23 99 
42 97 
69 
71 
39 
79 
88 
41 
57 
28 
72 
25 
97 
99 
# clone tree 80 objective: 3.67838
0 42 30 7 
7 69 93 58 19 2 13 86 
86 23 68 16 
16 60 24 8 
8 92 44 
44 41 54 90 
90 45 64 
64 9 94 
94 10 37 
37 67 38 
31 99 26 47 
38 32 
76 20 31 
32 76 
47 97 15 83 27 
89 3 
9 35 29 
27 89 
33 21 55 
29 82 91 
3 33 
91 43 65 
55 12 62 
65 78 
67 53 51 
75 5 
62 11 
78 75 
11 6 18 
24 34 77 
13 72 61 
5 52 96 
51 79 39 80 
18 85 
61 59 
68 14 
2 57 95 
19 87 
59 49 56 
14 4 
77 74 
30 63 
80 36 
83 66 
1 73 
53 84 
82 28 
96 1 
45 70 
85 98 
34 50 
46 88 
87 48 
74 46 
36 81 
35 
52 
95 71 
58 
4 17 
73 
84 
10 
60 
56 22 
50 
70 
66 
49 
15 
54 40 
48 
81 
63 
17 
26 
98 
6 
92 
93 
22 
43 
12 
20 
40 
21 
23 
42 
69 
71 
39 
79 
88 
41 
57 
28 
72 
25 
97 
99 25 
# clone tree 81 objective: 3.67838
0 30 7 
7 93 58 19 2 13 86 
86 42 20 68 16 
16 60 24 8 
8 92 44 
44 41 54 90 
90 57 45 64 
64 9 94 
94 99 10 37 
37 23 67 38 
31 26 47 
38 32 
76 31 
32 76 
47 15 83 27 
89 3 
9 35 29 
27 21 89 
33 55 
29 82 91 
3 33 
91 43 65 
55 12 62 
65 78 
67 53 51 
75 69 5 
62 11 
78 75 
11 39 6 18 
24 34 77 
13 71 61 
5 52 96 
51 80 
18 85 
61 59 
68 14 
2 95 
19 87 
59 49 56 
14 4 
77 74 
30 63 
80 36 
83 66 
1 73 
53 84 
82 
96 1 
45 70 
85 98 
34 50 
46 88 
87 48 
74 46 
36 81 
35 
52 
95 
58 
4 17 
73 
84 
10 
60 
56 22 
50 
70 25 
66 
49 
15 
54 72 28 40 
48 
81 79 
63 
17 
26 
98 
6 
92 
93 
22 
43 
12 
20 
40 
21 
23 
42 
69 
71 
39 
79 
88 
41 
57 
28 
72 
25 97 
97 
99 
# clone tree 82 objective: 3.67838
0 42 30 7 
7 79 69 93 58 19 2 13 86 
86 23 68 16 
16 60 24 8 
8 92 44 
44 41 54 90 
90 45 64 
64 9 94 
94 10 37 
37 67 38 
31 26 47 
38 32 
76 20 31 
32 76 
47 15 83 27 
89 3 
9 35 29 
27 89 
33 21 55 
29 82 91 
3 33 
91 43 65 
55 12 62 
65 78 
67 53 51 
75 5 
62 25 11 
78 75 
11 99 6 18 
24 34 77 
13 97 61 
5 52 96 
51 39 80 
18 85 
61 59 
68 14 
2 95 
19 87 
59 49 56 
14 4 
77 74 
30 63 
80 36 
83 66 
1 73 
53 84 
82 
96 1 
45 70 
85 98 
34 50 
46 88 
87 48 
74 46 
36 81 
35 
52 
95 72 71 
58 
4 17 
73 
84 
10 
60 
56 22 
50 
70 57 
66 
49 
15 
54 40 
48 
81 28 
63 
17 
26 
98 
6 
92 
93 
22 
43 
12 
20 
40 
21 
23 
42 
69 
71 
39 
79 
88 
41 
57 
28 
72 
25 
97 
99 
# clone tree 83 objective: 3.67838
0 42 30 7 
7 79 69 93 58 19 2 13 86 
86 23 68 16 
16 60 24 8 
8 92 44 
44 41 54 90 
90 45 64 
64 9 94 
94 10 37 
37 67 38 
31 26 47 
38 32 
76 20 31 
32 76 
47 15 83 27 
89 3 
9 35 29 
27 89 
33 21 55 
29 82 91 
3 33 
91 43 65 
55 12 62 
65 78 
67 53 51 
75 5 
62 11 
78 75 
11 6 18 
24 34 77 
13 61 
5 72 52 96 
51 39 80 
18 85 
61 28 59 
68 14 
2 95 
19 87 
59 49 56 
14 4 
77 74 
30 63 
80 36 
83 66 
1 73 
53 84 
82 
96 1 
45 70 
85 98 
34 50 
46 88 
87 48 
74 46 
36 81 
35 
52 
95 71 
58 
4 17 
73 
84 99 
10 
60 
56 97 22 
50 
70 57 
66 
49 
15 
54 40 
48 
81 
63 
17 
26 
98 
6 
92 
93 
22 
43 
12 
20 
40 
21 
23 
42 
69 
71 
39 
79 
88 
41 
57 
28 
72 
25 
97 
99 25 
# clone tree 84 objective: 3.67838
0 99 30 7 
7 71 58 19 2 13 86 
86 20 68 16 
16 60 24 8 
8 69 92 44 
44 41 54 90 
90 93 45 64 
64 9 94 
94 10 37 
37 23 67 38 
31 26 47 
38 32 
76 42 31 
32 76 
47 15 83 27 
89 79 3 
9 35 29 
27 89 
33 21 55 
29 82 91 
3 33 
91 43 65 
55 25 12 62 
65 78 
67 53 51 
75 5 
62 11 
78 75 
11 6 18 
24 34 77 
13 61 
5 52 96 
51 39 80 
18 85 
61 59 
68 14 
2 95 
19 87 
59 49 56 
14 4 
77 74 
30 63 
80 36 
83 66 
1 73 
53 84 
82 
96 1 
45 70 
85 98 
34 50 
46 88 
87 48 
74 46 
36 81 
35 
52 
95 
58 
4 17 
73 
84 
10 
60 
56 22 
50 
70 57 
66 
49 
15 
54 97 40 
48 
81 
63 
17 
26 
98 
6 
92 
93 
22 
43 
12 72 
20 
40 
21 28 
23 
42 
69 
71 
39 
79 
88 
41 
57 
28 
72 
25 
97 
99 
# clone tree 85 objective: 3.67838
0 30 7 
7 71 58 19 2 13 86 
86 20 68 16 
16 60 24 8 
8 69 92 44 
44 41 54 90 
90 93 45 64 
64 9 94 
94 10 37 
37 23 67 38 
31 26 47 
38 32 
76 42 31 
32 76 
47 15 83 27 
89 79 3 
9 35 29 
27 89 
33 21 55 
29 82 91 
3 33 
91 43 65 
55 25 12 62 
65 78 
67 53 51 
75 5 
62 11 
78 75 
11 6 18 
24 34 77 
13 61 
5 52 96 
51 39 80 
18 85 
61 59 
68 14 
2 95 
19 87 
59 49 56 
14 4 
77 74 
30 63 
80 36 
83 66 
1 73 
53 84 
82 
96 1 
45 70 
85 98 
34 50 
46 88 
87 48 
74 46 
36 81 
35 
52 
95 
58 
4 17 
73 
84 
10 
60 
56 22 
50 
70 57 
66 
49 
15 
54 97 40 
48 
81 
63 
17 
26 
98 
6 
92 
93 99 
22 
43 
12 72 
20 
40 
21 28 
23 
42 
69 
71 
39 
79 
88 
41 
57 
28 
72 
25 
97 
99 
# clone tree 86 objective: 3.67838
0 42 30 7 
7 79 69 93 58 19 2 13 86 
86 23 68 16 
16 60 24 8 
8 92 44 
44 41 54 90 
90 45 64 
64 9 94 
94 10 37 
37 67 38 
31 26 47 
38 32 
76 20 31 
32 76 
47 15 83 27 
89 3 
9 35 29 
27 89 
33 21 55 
29 82 91 
3 33 
91 43 65 
55 12 62 
65 78 
67 53 51 
75 5 
62 25 11 
78 75 
11 6 18 
24 34 77 
13 61 
5 52 96 
51 39 80 
18 85 
61 59 
68 14 
2 95 
19 87 
59 49 56 
14 4 
77 74 
30 63 
80 36 
83 66 
1 73 
53 84 
82 
96 1 
45 70 
85 98 
34 50 
46 88 
87 48 
74 46 
36 81 
35 
52 
95 72 71 
58 
4 17 
73 
84 
10 
60 
56 22 
50 
70 57 
66 
49 
15 
54 40 
48 
81 28 
63 
17 99 
26 
98 
6 
92 
93 
22 
43 
12 
20 
40 
21 
23 
42 97 
69 
71 
39 
79 
88 
41 
57 
28 
72 
25 
97 
99 
# clone tree 87 objective: 3.67838
0 30 7 
7 93 58 19 2 13 86 
86 42 20 68 16 
16 60 24 8 
8 92 44 
44 41 54 90 
90 57 45 64 
64 9 94 
94 10 37 
37 23 67 38 
31 26 47 
38 32 
76 31 
32 76 
47 15 83 27 
89 3 
9 35 29 
27 21 89 
33 55 
29 82 91 
3 33 
91 43 65 
55 12 62 
65 78 
67 53 51 
75 69 5 
62 11 
78 75 
11 39 6 18 
24 34 77 
13 71 61 
5 52 96 
51 80 
18 85 
61 59 
68 14 
2 95 
19 87 
59 49 56 
14 4 
77 74 
30 63 
80 36 
83 66 
1 73 
53 84 
82 
96 1 
45 70 
85 98 
34 50 
46 88 
87 48 
74 46 
36 81 
35 
52 99 
95 
58 
4 17 
73 
84 
10 
60 
56 22 
50 
70 25 
66 
49 
15 
54 72 28 40 
48 
81 79 
63 
17 
26 
98 
6 
92 
93 
22 
43 
12 
20 97 
40 
21 
23 
42 
69 
71 
39 
79 
88 
41 
57 
28 
72 
25 
97 
99 
# clone tree 88 objective: 3.67838
0 30 7 
7 93 58 19 2 13 86 
86 42 23 68 16 
16 60 24 8 
8 92 44 
44 54 90 
90 99 25 45 64 
64 57 9 94 
94 10 37 
37 67 38 
31 26 47 
38 32 
76 20 31 
32 76 
47 69 15 83 27 
89 3 
9 35 29 
27 89 
33 21 55 
29 82 91 
3 33 
91 43 65 
55 12 62 
65 78 
67 53 51 
75 5 
62 11 
78 75 
11 6 18 
24 34 77 
13 61 
5 52 96 
51 39 80 
18 41 85 
61 59 
68 14 
2 79 95 
19 87 
59 49 56 
14 4 
77 74 
30 63 
80 36 
83 66 
1 73 
53 84 
82 
96 1 
45 70 
85 98 
34 50 
46 88 
87 48 
74 46 
36 81 
35 
52 
95 
58 
4 17 
73 
84 
10 28 
60 
56 22 
50 71 
70 
66 
49 
15 
54 40 
48 
81 
63 
17 
26 
98 
6 
92 
93 
22 
43 
12 72 
20 
40 
21 
23 
42 
69 
71 
39 
79 
88 
41 
57 
28 
72 
25 97 
97 
99 
# clone tree 89 objective: 3.67838
0 42 30 7 
7 99 93 58 19 2 13 86 
86 23 68 16 
16 60 24 8 
8 92 44 
44 54 90 
90 79 45 64 
64 9 94 
94 10 37 
37 67 38 
31 26 47 
38 32 
76 20 31 
32 76 
47 15 83 27 
89 3 
9 35 29 
27 89 
33 21 55 
29 82 91 
3 33 
91 43 65 
55 12 62 
65 78 
67 72 53 51 
75 69 5 
62 11 
78 75 
11 6 18 
24 34 77 
13 61 
5 52 96 
51 39 80 
18 41 85 
61 59 
68 14 
2 95 
19 87 
59 49 56 
14 4 
77 74 
30 63 
80 36 
83 66 
1 73 
53 84 
82 25 
96 1 
45 70 
85 98 
34 50 
46 88 
87 48 
74 46 
36 81 
35 
52 
95 71 
58 57 
4 17 
73 
84 
10 
60 
56 22 
50 
70 
66 
49 
15 
54 28 40 
48 
81 
63 
17 
26 
98 
6 
92 
93 
22 
43 
12 97 
20 
40 
21 
23 
42 
69 
71 
39 
79 
88 
41 
57 
28 
72 
25 
97 
99 
# clone tree 90 objective: 3.67838
0 42 30 7 
7 79 69 93 58 19 2 13 86 
86 23 68 16 
16 60 24 8 
8 92 44 
44 41 54 90 
90 45 64 
64 9 94 
94 10 37 
37 67 38 
31 26 47 
38 32 
76 20 31 
32 76 
47 15 83 27 
89 3 
9 35 29 
27 89 
33 21 55 
29 82 91 
3 33 
91 43 65 
55 12 62 
65 78 
67 53 51 
75 5 
62 11 
78 99 75 
11 6 18 
24 34 77 
13 61 
5 52 96 
51 39 80 
18 85 
61 59 
68 14 
2 95 
19 87 
59 49 56 
14 4 
77 74 
30 63 
80 36 
83 66 
1 73 
53 84 
82 
96 1 
45 70 
85 98 
34 50 
46 88 
87 48 
74 46 
36 81 
35 
52 
95 72 71 
58 
4 17 
73 
84 
10 
60 
56 22 
50 
70 57 
66 
49 
15 
54 40 
48 
81 28 
63 
17 
26 
98 
6 
92 
93 
22 
43 
12 
20 
40 
21 
23 
42 
69 
71 25 
39 
79 
88 
41 
57 
28 97 
72 
25 
97 
99 
# clone tree 91 objective: 3.67838
0 30 7 
7 93 58 19 2 13 86 
86 42 20 68 16 
16 60 24 8 
8 92 44 
44 41 54 90 
90 57 45 64 
64 9 94 
94 10 37 
37 23 67 38 
31 26 47 
38 32 
76 31 
32 76 
47 15 83 27 
89 3 
9 35 29 
27 21 89 
33 55 
29 82 91 
3 33 
91 43 65 
55 12 62 
65 78 
67 53 51 
75 69 5 
62 11 
78 75 
11 39 6 18 
24 99 34 77 
13 71 61 
5 52 96 
51 97 80 
18 85 
61 59 
68 14 
2 95 
19 87 
59 49 56 
14 4 
77 74 
30 63 
80 36 
83 66 
1 73 
53 84 
82 
96 1 
45 70 
85 98 
34 50 
46 88 
87 48 
74 46 
36 81 
35 
52 
95 25 
58 
4 17 
73 
84 
10 
60 
56 22 
50 
70 
66 
49 
15 
54 72 28 40 
48 
81 79 
63 
17 
26 
98 
6 
92 
93 
22 
43 
12 
20 
40 
21 
23 
42 
69 
71 
39 
79 
88 
41 
57 
28 
72 
25 
97 
99 
# clone tree 92 objective: 3.67838
0 30 7 
7 71 58 19 2 13 86 
86 20 68 16 
16 60 24 8 
8 69 92 44 
44 41 54 90 
90 93 45 64 
64 9 94 
94 10 37 
37 23 67 38 
31 26 47 
38 32 
76 42 31 
32 76 
47 15 83 27 
89 79 3 
9 35 29 
27 28 89 
33 21 55 
29 82 91 
3 33 
91 43 65 
55 12 62 
65 97 78 
67 53 51 
75 5 
62 11 
78 75 
11 6 18 
24 34 77 
13 61 
5 52 96 
51 39 80 
18 85 
61 59 
68 14 
2 95 
19 87 
59 49 56 
14 4 
77 74 
30 63 
80 36 
83 66 
1 73 
53 84 
82 
96 1 
45 70 
85 98 
34 50 
46 88 
87 48 
74 46 
36 81 
35 
52 
95 
58 
4 17 
73 
84 
10 
60 
56 22 
50 72 
70 57 
66 
49 
15 
54 40 
48 
81 
63 
17 
26 
98 
6 
92 
93 
22 
43 
12 
20 
40 
21 
23 
42 25 
69 
71 
39 
79 
88 
41 
57 
28 
72 99 
25 
97 
99 
# clone tree 93 objective: 3.67838
0 42 30 7 
7 79 69 93 58 19 2 13 86 
86 23 68 16 
16 60 24 8 
8 92 44 
44 41 54 90 
90 45 64 
64 9 94 
94 10 37 
37 67 38 
31 26 47 
38 32 
76 20 31 
32 76 
47 15 83 27 
89 3 
9 35 29 
27 89 
33 21 55 
29 82 91 
3 33 
91 43 65 
55 12 62 
65 78 
67 53 51 
75 5 
62 11 
78 97 25 75 
11 6 18 
24 34 77 
13 61 
5 52 96 
51 39 80 
18 85 
61 59 
68 14 
2 95 
19 87 
59 49 56 
14 4 
77 74 
30 63 
80 36 
83 66 
1 73 
53 84 
82 
96 1 
45 70 
85 98 
34 50 
46 88 
87 48 
74 46 
36 81 
35 
52 
95 72 71 
58 
4 17 
73 
84 
10 
60 
56 22 
50 
70 57 
66 99 
49 
15 
54 40 
48 
81 28 
63 
17 
26 
98 
6 
92 
93 
22 
43 
12 
20 
40 
21 
23 
42 
69 
71 
39 
79 
88 
41 
57 
28 
72 
25 
97 
99 
# clone tree 94 objective: 3.67838
0 30 7 
7 93 58 19 2 13 86 
86 42 20 68 16 
16 60 24 8 
8 92 44 
44 41 54 90 
90 57 45 64 
64 9 94 
94 10 37 
37 72 23 67 38 
31 26 47 
38 32 
76 31 
32 76 
47 15 83 27 
89 3 
9 35 29 
27 21 89 
33 55 
29 82 91 
3 33 
91 43 65 
55 12 62 
65 78 
67 53 51 
75 69 5 
62 11 
78 75 
11 97 39 6 18 
24 34 77 
13 71 61 
5 52 96 
51 80 
18 25 85 
61 28 59 
68 14 
2 95 
19 87 
59 49 56 
14 4 
77 74 
30 63 
80 36 
83 66 
1 73 
53 84 
82 
96 1 
45 70 
85 98 
34 50 
46 88 
87 48 
74 46 
36 81 
35 
52 
95 
58 99 
4 17 
73 
84 
10 
60 
56 22 
50 
70 
66 
49 
15 
54 40 
48 
81 79 
63 
17 
26 
98 
6 
92 
93 
22 
43 
12 
20 
40 
21 
23 
42 
69 
71 
39 
79 
88 
41 
57 
28 
72 
25 
97 
99 
# clone tree 95 objective: 3.67838
0 30 7 
7 71 58 19 2 13 86 
86 20 68 16 
16 60 24 8 
8 69 92 44 
44 41 54 90 
90 93 45 64 
64 9 94 
94 10 37 
37 23 67 38 
31 26 47 
38 32 
76 42 31 
32 76 
47 15 83 27 
89 79 3 
9 35 29 
27 89 
33 21 55 
29 82 91 
3 28 33 
91 43 65 
55 12 62 
65 78 
67 53 51 
75 5 
62 11 
78 75 
11 6 18 
24 34 77 
13 61 
5 52 96 
51 39 80 
18 85 
61 59 
68 14 
2 95 
19 87 
59 49 56 
14 4 
77 74 
30 63 
80 36 
83 66 
1 73 
53 84 
82 
96 1 
45 70 
85 98 
34 50 
46 88 
87 48 
74 46 
36 81 
35 
52 
95 25 
58 
4 17 
73 
84 
10 97 
60 
56 22 
50 
70 57 
66 
49 
15 
54 40 
48 
81 
63 
17 
26 
98 
6 
92 
93 
22 
43 
12 72 
20 
40 
21 
23 
42 99 
69 
71 
39 
79 
88 
41 
57 
28 
72 
25 
97 
99 
# clone tree 96 objective: 3.67838
0 42 30 7 
7 93 58 19 2 13 86 
86 23 68 16 
16 60 24 8 
8 92 44 
44 72 54 90 
90 79 45 64 
64 9 94 
94 10 37 
37 67 38 
31 26 47 
38 32 
76 20 31 
32 76 
47 15 83 27 
89 3 
9 25 35 29 
27 89 
33 21 55 
29 82 91 
3 33 
91 43 65 
55 12 62 
65 78 
67 53 51 
75 69 5 
62 11 
78 75 
11 6 18 
24 34 77 
13 61 
5 52 96 
51 39 80 
18 41 85 
61 59 
68 14 
2 95 
19 87 
59 49 56 
14 4 
77 74 
30 63 
80 97 36 
83 66 
1 73 
53 84 
82 
96 1 
45 70 
85 98 
34 50 
46 88 
87 48 
74 46 
36 81 
35 
52 
95 71 
58 57 
4 17 
73 
84 
10 
60 
56 22 
50 
70 
66 
49 
15 
54 40 
48 
81 28 
63 99 
17 
26 
98 
6 
92 
93 
22 
43 
12 
20 
40 
21 
23 
42 
69 
71 
39 
79 
88 
41 
57 
28 
72 
25 
97 
99 
# clone tree 97 objective: 3.67838
0 30 7 
7 93 58 19 2 13 86 
86 68 16 
16 69 60 24 8 
8 92 44 
44 41 54 90 
90 45 64 
64 57 9 94 
94 10 37 
37 67 38 
31 26 47 
38 32 
76 20 31 
32 76 
47 15 83 27 
89 79 39 3 
9 35 29 
27 21 89 
33 28 55 
29 82 91 
3 33 
91 43 65 
55 12 62 
65 78 
67 53 51 
75 23 5 
62 11 
78 97 75 
11 6 18 
24 34 77 
13 61 
5 52 96 
51 80 
18 85 
61 59 
68 14 
2 71 95 
19 87 
59 99 49 56 
14 4 
77 74 
30 63 
80 36 
83 66 
1 73 
53 84 
82 
96 1 
45 70 
85 98 
34 50 
46 88 
87 48 
74 46 
36 81 
35 
52 
95 72 
58 
4 17 
73 
84 
10 
60 
56 22 
50 
70 
66 
49 
15 
54 40 
48 
81 
63 
17 25 
26 
98 
6 
92 
93 
22 
43 
12 
20 42 
40 
21 
23 
42 
69 
71 
39 
79 
88 
41 
57 
28 
72 
25 
97 
99 
# clone tree 98 objective: 3.67838
0 30 7 
7 93 58 19 2 13 86 
86 68 16 
16 69 60 24 8 
8 92 44 
44 41 54 90 
90 45 64 
64 57 9 94 
94 10 37 
37 67 38 
31 26 47 
38 32 
76 20 31 
32 76 
47 15 83 27 
89 79 39 3 
9 35 29 
27 21 89 
33 28 55 
29 82 91 
3 33 
91 43 65 
55 12 62 
65 78 
67 53 51 
75 23 5 
62 11 
78 75 
11 6 18 
24 34 77 
13 61 
5 72 52 96 
51 80 
18 85 
61 59 
68 14 
2 71 95 
19 87 
59 49 56 
14 4 
77 74 
30 63 
80 36 
83 66 
1 73 
53 84 
82 
96 1 
45 70 
85 98 
34 99 50 
46 88 
87 48 
74 46 
36 81 
35 
52 
95 
58 
4 17 
73 
84 
10 
60 
56 22 
50 
70 
66 
49 25 
15 
54 40 
48 
81 
63 
17 
26 
98 
6 
92 
93 
22 
43 
12 
20 42 
40 
21 
23 
42 
69 
71 
39 
79 
88 97 
41 
57 
28 
72 
25 
97 
99 
# clone tree 99 objective: 3.67838
0 42 30 7 
7 79 69 93 58 19 2 13 86 
86 23 68 16 
16 60 24 8 
8 92 44 
44 41 54 90 
90 45 64 
64 9 94 
94 72 28 10 37 
37 67 38 
31 26 47 
38 32 
76 20 31 
32 76 
47 15 83 27 
89 3 
9 35 29 
27 89 
33 21 55 
29 82 91 
3 33 
91 43 65 
55 12 62 
65 78 
67 53 51 
75 5 
62 11 
78 75 
11 6 18 
24 34 77 
13 61 
5 52 96 
51 39 80 
18 85 
61 59 
68 14 
2 95 
19 87 
59 49 56 
14 4 
77 74 
30 25 63 
80 36 
83 66 
1 73 
53 84 
82 
96 1 
45 70 
85 98 
34 50 
46 88 
87 48 
74 46 
36 81 
35 
52 
95 71 
58 
4 17 
73 
84 
10 
60 
56 22 
50 
70 57 
66 
49 
15 
54 40 
48 
81 
63 97 
17 
26 
98 
6 
92 
93 
22 
43 
12 
20 
40 
21 
23 
42 
69 
71 
39 
79 
88 
41 
57 
28 
72 
25 
97 99 
99 
