0 1 51 63 
63 68 5 35 
35 37 60 90 10 
10 78 34 87 
87 41 21 
21 59 62 9 
9 80 53 71 70 
70 23 19 
19 65 
65 97 88 
28 36 69 
25 28 
74 32 
71 67 
88 75 25 
48 12 4 
46 48 
69 46 
52 74 
67 52 
41 11 
32 86 91 
91 47 31 
11 33 55 
4 30 84 
55 22 49 
31 83 
83 45 
84 85 
90 6 93 
45 92 
51 44 
60 56 
49 96 98 81 
92 29 
34 20 66 
85 58 
53 39 
93 73 
80 17 
57 3 77 
29 26 
39 24 82 
44 18 57 
81 13 
12 
30 
66 7 
26 54 
58 40 
40 50 
54 99 
56 
62 89 
5 15 
17 
23 61 42 
77 38 
98 
7 64 
86 
2 16 
82 
50 2 
64 
99 8 
68 94 
78 
73 
3 72 
15 
72 79 
89 14 
13 
22 
33 
37 43 
1 
75 76 
18 
59 
94 
20 27 
8 
6 
42 
38 
97 
24 95 
36 
61 
96 
47 
43 
79 
76 
27 
14 
16 
95 
