0 55 7 37 
37 68 73 
89 43 50 
73 75 89 
50 1 80 40 
40 57 
57 54 45 
45 10 30 96 
96 53 13 77 62 
62 56 51 18 92 
92 12 
12 67 22 
22 64 11 
11 81 98 6 
6 85 
85 21 59 15 
15 41 31 27 88 
88 35 86 44 36 84 
84 63 8 79 33 
18 47 28 
34 76 9 
33 87 74 71 
9 61 78 
36 69 52 
28 3 34 
27 29 
71 94 
94 46 
77 65 
65 49 
54 83 42 
64 93 
75 23 
13 
23 91 
51 58 25 
68 
7 26 
30 32 
31 48 
16 
78 5 
93 19 
46 38 
41 16 
52 60 
29 70 
69 17 
49 
4 
42 99 
44 4 
10 2 39 
61 72 
17 
38 90 
60 
25 
79 
26 97 
83 
58 
39 20 
47 
5 24 
59 
67 66 
21 
86 
72 
43 14 
48 
90 
19 
80 
35 
20 
32 95 
99 
53 
8 
74 
91 82 
55 
14 
97 
98 
63 
81 
87 
24 
56 
2 
76 
1 
70 
3 
66 
95 
82 
