# clone tree 0 objective: 5.00083
0 10 28 
28 99 95 51 90 
90 19 32 
4 9 15 70 
32 38 4 
70 65 18 
18 74 87 
87 23 
51 12 62 
23 93 
62 52 81 
93 46 69 
69 3 64 
81 42 
42 84 
84 16 54 
64 1 26 88 
54 97 73 
73 67 13 2 
88 30 8 22 
2 33 
79 53 
33 76 
76 47 63 
53 40 
22 29 
63 56 
29 79 
40 21 83 
56 98 49 
34 85 45 
83 34 
49 50 96 
60 7 
96 89 60 
77 66 
46 5 
45 39 75 
26 31 
7 41 
15 20 58 
41 91 17 
75 11 55 36 
31 68 
50 72 
38 78 71 
66 44 
68 35 
35 80 
5 24 
85 77 
19 
44 57 
24 
65 37 
12 6 
10 27 
37 
52 
71 14 82 
36 
3 48 
17 25 94 
89 86 
72 
27 
80 
6 92 
47 
16 
78 
39 
82 43 
14 
86 
8 61 
74 
94 
58 
57 
21 
59 
20 
91 
97 59 
98 
95 
13 
67 
99 
55 
43 
92 
25 
30 
61 
48 
1 
11 
9 
# clone tree 1 objective: 5.00083
0 10 28 
28 99 95 51 90 
90 19 32 
4 15 70 
32 38 4 
70 65 18 
18 30 74 87 
87 23 
51 12 62 
23 48 93 
62 52 81 
93 46 69 
69 3 64 
81 42 
42 84 
84 16 54 
64 1 26 88 
54 97 73 
73 67 13 2 
88 9 8 22 
2 33 
79 53 
33 76 
76 47 63 
53 40 
22 29 
63 56 
29 79 
40 21 83 
56 98 49 
34 85 45 
83 34 
49 50 96 
60 7 
96 89 60 
77 66 
46 5 
45 39 75 
26 31 
7 41 
15 20 58 
41 91 17 
75 25 55 36 
31 68 
50 72 
38 78 71 
66 44 
68 35 
35 80 
5 24 
85 77 
19 
44 57 
24 
65 37 
12 6 
10 27 
37 
52 
71 14 82 
36 
3 
17 94 
89 86 
72 
27 
80 43 
6 
47 
16 11 
78 
39 
82 
14 92 
86 
8 
74 
94 
58 
57 
21 
59 
20 
91 
97 59 
98 
95 
13 61 
67 
99 
55 
43 
92 
25 
30 
61 
48 
1 
11 
9 
# clone tree 2 objective: 5.00083
0 10 28 
28 99 95 51 90 
90 19 32 
4 15 70 
32 38 4 
70 13 65 18 
18 74 87 
87 23 
51 27 12 62 
23 93 
62 52 81 
93 46 69 
69 3 64 
81 42 
42 84 
84 16 54 
64 26 88 
54 97 73 
73 67 2 
88 8 22 
2 33 
79 53 
33 25 76 
76 47 63 
53 40 
22 29 
63 11 56 
29 79 
40 21 83 
56 98 49 
34 85 45 
83 30 34 
49 50 96 
60 7 
96 89 60 
77 66 
46 5 
45 39 75 
26 31 
7 41 
15 20 58 
41 91 17 
75 55 36 
31 68 
50 48 72 
38 78 71 
66 44 
68 35 
35 80 
5 24 
85 77 
19 
44 57 
24 
65 37 
12 6 
10 
37 
52 61 
71 14 82 
36 
3 
17 94 
89 86 
72 
27 
80 43 
6 92 
47 
16 
78 
39 
82 
14 
86 
8 
74 
94 
58 
57 
21 
59 
20 
91 
97 59 
98 
95 
13 
67 
99 9 1 
55 
43 
92 
25 
30 
61 
48 
1 
11 
9 
# clone tree 3 objective: 5.00083
0 10 28 
28 99 95 51 90 
90 19 32 
4 15 70 
32 38 4 
70 65 18 
18 30 74 87 
87 23 
51 12 62 
23 48 93 
62 52 81 
93 46 69 
69 3 64 
81 42 
42 84 
84 16 54 
64 1 26 88 
54 97 73 
73 67 13 2 
88 8 22 
2 33 
79 53 
33 76 
76 47 63 
53 40 
22 29 
63 56 
29 79 
40 21 83 
56 98 49 
34 85 45 
83 34 
49 50 96 
60 7 
96 89 60 
77 66 
46 5 
45 39 75 
26 31 
7 41 
15 20 58 
41 91 17 
75 25 55 36 
31 68 
50 72 
38 78 71 
66 44 
68 35 
35 80 
5 24 
85 77 
19 
44 57 
24 
65 37 
12 6 
10 27 
37 
52 
71 14 82 
36 
3 
17 94 
89 86 
72 
27 
80 43 
6 
47 
16 11 
78 
39 
82 
14 92 
86 
8 
74 
94 
58 9 
57 
21 
59 
20 
91 
97 59 
98 
95 
13 61 
67 
99 
55 
43 
92 
25 
30 
61 
48 
1 
11 
9 
# clone tree 4 objective: 5.00083
0 10 28 
28 99 95 51 90 
90 19 32 
4 15 70 
32 38 4 
70 13 65 18 
18 74 87 
87 23 
51 27 12 62 
23 93 
62 52 81 
93 46 69 
69 3 64 
81 42 
42 84 
84 16 54 
64 26 88 
54 97 73 
73 67 2 
88 8 22 
2 33 
79 53 
33 25 76 
76 47 63 
53 40 
22 29 
63 11 56 
29 79 
40 21 83 
56 98 49 
34 85 45 
83 30 34 
49 50 96 
60 7 
96 89 60 
77 66 
46 5 
45 39 75 
26 31 
7 41 
15 20 58 
41 91 17 
75 55 36 
31 68 
50 48 72 
38 78 71 
66 44 
68 35 
35 80 
5 24 
85 77 
19 
44 57 
24 
65 37 
12 6 
10 
37 
52 61 
71 14 82 
36 
3 
17 94 
89 86 
72 
27 
80 43 
6 92 
47 
16 
78 
39 
82 
14 
86 
8 
74 
94 
58 
57 
21 
59 9 
20 
91 
97 59 
98 
95 
13 
67 
99 1 
55 
43 
92 
25 
30 
61 
48 
1 
11 
9 
# clone tree 5 objective: 5.00083
0 10 28 
28 99 95 51 90 
90 19 32 
4 15 70 
32 38 4 
70 65 18 
18 30 74 87 
87 23 
51 12 62 
23 48 93 
62 52 81 
93 46 69 
69 3 64 
81 42 
42 84 
84 16 54 
64 1 26 88 
54 97 73 
73 67 13 2 
88 8 22 
2 33 
79 53 
33 76 
76 47 63 
53 40 
22 29 
63 56 
29 79 
40 21 83 
56 98 49 
34 85 45 
83 34 
49 50 96 
60 7 
96 89 60 
77 66 
46 5 
45 39 75 
26 31 
7 41 
15 20 58 
41 91 17 
75 25 55 36 
31 68 
50 72 
38 78 71 
66 44 
68 35 
35 80 
5 24 
85 77 
19 
44 57 
24 
65 37 
12 6 
10 27 
37 
52 
71 14 82 
36 
3 
17 94 
89 86 
72 
27 
80 43 
6 
47 
16 11 
78 
39 
82 
14 92 
86 
8 
74 
94 
58 
57 
21 
59 
20 
91 9 
97 59 
98 
95 
13 61 
67 
99 
55 
43 
92 
25 
30 
61 
48 
1 
11 
9 
# clone tree 6 objective: 5.00083
0 10 28 
28 99 95 51 90 
90 19 32 
4 15 70 
32 38 4 
70 13 65 18 
18 74 87 
87 23 
51 27 12 62 
23 93 
62 52 81 
93 46 69 
69 3 64 
81 42 
42 84 
84 16 54 
64 26 88 
54 97 73 
73 67 2 
88 8 22 
2 33 
79 53 
33 25 76 
76 47 63 
53 40 
22 29 
63 11 56 
29 79 
40 21 83 
56 98 49 
34 85 45 
83 30 34 
49 50 96 
60 7 
96 89 60 
77 66 
46 5 
45 39 75 
26 31 
7 41 
15 20 58 
41 91 17 
75 55 36 
31 68 
50 48 72 
38 78 71 
66 44 
68 35 
35 80 
5 24 
85 77 
19 
44 57 
24 
65 37 
12 6 
10 
37 
52 61 
71 14 82 
36 
3 
17 94 
89 86 
72 
27 
80 43 
6 92 
47 
16 
78 
39 9 
82 
14 
86 
8 
74 
94 
58 
57 
21 
59 
20 
91 
97 59 
98 
95 
13 
67 
99 1 
55 
43 
92 
25 
30 
61 
48 
1 
11 
9 
# clone tree 7 objective: 5.00083
0 10 28 
28 99 95 51 90 
90 19 32 
4 15 70 
32 38 4 
70 65 18 
18 74 87 
87 23 
51 12 62 
23 9 93 
62 52 81 
93 46 69 
69 3 64 
81 42 
42 84 
84 16 54 
64 1 26 88 
54 97 73 
73 67 13 2 
88 30 8 22 
2 33 
79 53 
33 76 
76 47 63 
53 40 
22 29 
63 56 
29 79 
40 21 83 
56 98 49 
34 85 45 
83 34 
49 50 96 
60 7 
96 89 60 
77 66 
46 5 
45 39 75 
26 31 
7 41 
15 20 58 
41 91 17 
75 11 55 36 
31 68 
50 72 
38 78 71 
66 44 
68 35 
35 80 
5 24 
85 77 
19 
44 57 
24 
65 37 
12 6 
10 27 
37 
52 
71 14 82 
36 
3 48 
17 25 94 
89 86 
72 
27 
80 
6 92 
47 
16 
78 
39 
82 43 
14 
86 
8 61 
74 
94 
58 
57 
21 
59 
20 
91 
97 59 
98 
95 
13 
67 
99 
55 
43 
92 
25 
30 
61 
48 
1 
11 
9 
# clone tree 8 objective: 5.00083
0 10 28 
28 99 95 51 90 
90 19 32 
4 15 70 
32 38 4 
70 13 65 18 
18 74 87 
87 23 
51 27 12 62 
23 93 
62 52 81 
93 46 69 
69 3 64 
81 42 
42 84 
84 16 54 
64 26 88 
54 97 73 
73 67 2 
88 8 22 
2 33 
79 53 
33 25 76 
76 47 63 
53 40 
22 29 
63 11 56 
29 79 
40 21 83 
56 98 49 
34 85 45 
83 30 34 
49 50 96 
60 7 
96 89 60 
77 66 
46 5 
45 39 75 
26 31 
7 41 
15 20 58 
41 91 17 
75 55 36 
31 68 
50 48 72 
38 78 71 
66 44 
68 35 
35 80 
5 24 
85 77 
19 
44 57 
24 
65 37 
12 6 
10 
37 
52 61 
71 14 82 
36 
3 
17 94 
89 86 
72 
27 
80 43 
6 92 
47 
16 9 
78 
39 
82 
14 
86 
8 
74 
94 
58 
57 
21 
59 
20 
91 
97 59 
98 
95 
13 
67 
99 1 
55 
43 
92 
25 
30 
61 
48 
1 
11 
9 
# clone tree 9 objective: 5.00083
0 10 28 
28 99 95 51 90 
90 19 32 
4 15 70 
32 38 4 
70 65 18 
18 30 74 87 
87 23 
51 12 62 
23 48 93 
62 52 81 
93 46 69 
69 3 64 
81 42 
42 84 
84 16 54 
64 1 26 88 
54 97 73 
73 67 13 2 
88 8 22 
2 33 
79 53 
33 76 
76 47 63 
53 40 
22 29 
63 56 
29 79 
40 21 83 
56 98 49 
34 85 45 
83 34 
49 50 96 
60 7 
96 89 60 
77 66 
46 5 
45 39 75 
26 31 
7 41 
15 20 58 
41 91 17 
75 25 55 36 
31 68 
50 72 
38 78 71 
66 44 
68 35 
35 80 
5 24 
85 77 
19 
44 9 57 
24 
65 37 
12 6 
10 27 
37 
52 
71 14 82 
36 
3 
17 94 
89 86 
72 
27 
80 43 
6 
47 
16 11 
78 
39 
82 
14 92 
86 
8 
74 
94 
58 
57 
21 
59 
20 
91 
97 59 
98 
95 
13 61 
67 
99 
55 
43 
92 
25 
30 
61 
48 
1 
11 
9 
# clone tree 10 objective: 5.00083
0 10 28 
28 99 95 51 90 
90 19 32 
4 15 70 
32 38 4 
70 13 65 18 
18 74 87 
87 23 
51 27 12 62 
23 93 
62 52 81 
93 46 69 
69 3 64 
81 42 
42 84 
84 16 54 
64 26 88 
54 97 73 
73 67 2 
88 8 22 
2 33 
79 53 
33 25 76 
76 47 63 
53 40 
22 29 
63 11 56 
29 79 
40 21 83 
56 98 49 
34 85 45 
83 30 34 
49 50 96 
60 7 
96 89 60 
77 66 
46 5 
45 39 75 
26 31 
7 41 
15 20 58 
41 91 17 
75 55 36 
31 68 
50 48 72 
38 78 71 
66 44 
68 35 
35 80 
5 24 
85 77 
19 
44 57 
24 
65 37 
12 6 
10 
37 
52 61 
71 14 82 
36 
3 9 
17 94 
89 86 
72 
27 
80 43 
6 92 
47 
16 
78 
39 
82 
14 
86 
8 
74 
94 
58 
57 
21 
59 
20 
91 
97 59 
98 
95 
13 
67 
99 1 
55 
43 
92 
25 
30 
61 
48 
1 
11 
9 
# clone tree 11 objective: 5.00083
0 10 28 
28 99 95 51 90 
90 19 32 
4 15 70 
32 38 4 
70 65 18 
18 30 74 87 
87 23 
51 12 62 
23 48 93 
62 52 81 
93 46 69 
69 3 64 
81 42 
42 84 
84 16 54 
64 1 26 88 
54 97 73 
73 67 13 2 
88 8 22 
2 33 
79 53 
33 76 
76 47 63 
53 40 
22 29 
63 56 
29 79 
40 21 83 
56 98 49 
34 85 45 
83 34 
49 50 96 
60 7 
96 89 60 
77 66 
46 5 
45 39 75 
26 31 
7 41 
15 20 58 
41 91 17 
75 25 55 36 
31 68 
50 72 
38 78 71 
66 44 
68 35 
35 80 
5 24 
85 77 
19 
44 57 
24 
65 37 
12 6 
10 27 
37 
52 
71 14 82 
36 
3 
17 94 
89 86 
72 
27 
80 43 
6 
47 
16 11 
78 
39 
82 
14 92 
86 
8 
74 
94 
58 
57 
21 
59 
20 
91 
97 59 
98 9 
95 
13 61 
67 
99 
55 
43 
92 
25 
30 
61 
48 
1 
11 
9 
# clone tree 12 objective: 5.00083
0 10 28 
28 99 95 51 90 
90 19 32 
4 15 70 
32 38 4 
70 13 65 18 
18 74 87 
87 23 
51 27 12 62 
23 93 
62 52 81 
93 46 69 
69 3 64 
81 42 
42 84 
84 16 54 
64 26 88 
54 97 73 
73 67 2 
88 8 22 
2 33 
79 53 
33 25 76 
76 47 63 
53 40 
22 29 
63 11 56 
29 79 
40 21 83 
56 98 49 
34 85 45 
83 30 34 
49 50 96 
60 7 
96 89 60 
77 66 
46 5 
45 39 75 
26 31 
7 41 
15 20 58 
41 91 17 
75 55 36 
31 68 
50 48 72 
38 78 71 
66 44 
68 35 
35 80 
5 24 
85 77 
19 
44 57 
24 
65 37 
12 6 
10 
37 
52 61 
71 9 14 82 
36 
3 
17 94 
89 86 
72 
27 
80 43 
6 92 
47 
16 
78 
39 
82 
14 
86 
8 
74 
94 
58 
57 
21 
59 
20 
91 
97 59 
98 
95 
13 
67 
99 1 
55 
43 
92 
25 
30 
61 
48 
1 
11 
9 
# clone tree 13 objective: 5.00083
0 10 28 
28 99 95 51 90 
90 19 32 
4 15 70 
32 38 4 
70 65 18 
18 30 74 87 
87 23 
51 12 62 
23 48 93 
62 52 81 
93 46 69 
69 3 64 
81 42 
42 84 
84 16 54 
64 1 26 88 
54 97 73 
73 67 13 2 
88 8 22 
2 33 
79 53 
33 76 
76 47 63 
53 40 
22 29 
63 56 
29 79 
40 21 83 
56 98 49 
34 85 45 
83 34 
49 50 96 
60 7 
96 89 60 
77 66 
46 5 
45 39 75 
26 31 
7 41 
15 20 58 
41 91 17 
75 25 55 36 
31 68 
50 72 
38 78 71 
66 44 
68 35 
35 80 
5 24 
85 77 
19 
44 57 
24 
65 37 
12 6 
10 27 
37 
52 
71 14 82 
36 
3 
17 94 
89 86 
72 
27 
80 43 
6 
47 
16 11 
78 
39 
82 
14 92 
86 
8 
74 
94 
58 
57 
21 9 
59 
20 
91 
97 59 
98 
95 
13 61 
67 
99 
55 
43 
92 
25 
30 
61 
48 
1 
11 
9 
# clone tree 14 objective: 5.00083
0 10 28 
28 99 95 51 90 
90 19 32 
4 15 70 
32 38 4 
70 13 65 18 
18 74 87 
87 23 
51 27 12 62 
23 93 
62 52 81 
93 46 69 
69 3 64 
81 42 
42 84 
84 16 54 
64 26 88 
54 97 73 
73 67 2 
88 8 22 
2 33 
79 53 
33 25 76 
76 47 63 
53 40 
22 29 
63 11 56 
29 79 
40 21 83 
56 98 49 
34 85 45 
83 30 34 
49 50 96 
60 7 
96 89 60 
77 66 
46 5 
45 39 75 
26 31 
7 41 
15 20 58 
41 91 17 
75 55 36 
31 68 
50 48 72 
38 78 71 
66 44 
68 35 
35 80 
5 24 
85 77 
19 9 
44 57 
24 
65 37 
12 6 
10 
37 
52 61 
71 14 82 
36 
3 
17 94 
89 86 
72 
27 
80 43 
6 92 
47 
16 
78 
39 
82 
14 
86 
8 
74 
94 
58 
57 
21 
59 
20 
91 
97 59 
98 
95 
13 
67 
99 1 
55 
43 
92 
25 
30 
61 
48 
1 
11 
9 
# clone tree 15 objective: 5.00083
0 10 28 
28 99 95 51 90 
90 19 32 
4 15 70 
32 38 4 
70 65 18 
18 30 74 87 
87 23 
51 12 62 
23 48 93 
62 52 81 
93 46 69 
69 3 64 
81 42 
42 84 
84 16 54 
64 1 26 88 
54 97 73 
73 67 13 2 
88 8 22 
2 33 
79 53 
33 76 
76 47 63 
53 40 
22 29 
63 56 
29 79 
40 21 83 
56 98 49 
34 85 45 
83 34 
49 50 96 
60 7 
96 89 60 
77 66 
46 5 
45 39 75 
26 31 
7 41 
15 20 58 
41 91 17 
75 25 55 36 
31 68 
50 72 
38 78 71 
66 44 
68 35 
35 80 
5 24 
85 77 
19 
44 57 
24 
65 37 
12 6 
10 27 
37 
52 
71 14 82 
36 
3 
17 94 
89 86 
72 
27 
80 43 
6 
47 
16 11 
78 
39 
82 
14 92 
86 
8 
74 
94 
58 
57 
21 
59 
20 
91 
97 9 59 
98 
95 
13 61 
67 
99 
55 
43 
92 
25 
30 
61 
48 
1 
11 
9 
# clone tree 16 objective: 5.00083
0 10 28 
28 99 95 51 90 
90 19 32 
4 15 70 
32 38 4 
70 13 65 18 
18 74 87 
87 23 
51 27 12 62 
23 93 
62 52 81 
93 46 69 
69 3 64 
81 42 
42 84 
84 16 54 
64 26 88 
54 97 73 
73 67 2 
88 8 22 
2 33 
79 53 
33 25 76 
76 47 63 
53 40 
22 29 
63 11 56 
29 79 
40 21 83 
56 98 49 
34 85 45 
83 30 34 
49 50 96 
60 7 
96 89 60 
77 66 
46 5 
45 39 75 
26 31 
7 41 
15 20 58 
41 91 17 
75 55 36 
31 68 
50 48 72 
38 78 71 
66 44 
68 35 
35 80 
5 24 
85 77 
19 
44 57 
24 
65 37 
12 6 
10 
37 
52 61 
71 14 82 
36 
3 
17 94 
89 86 
72 
27 
80 43 
6 92 
47 
16 
78 
39 
82 
14 
86 
8 
74 
94 
58 
57 
21 
59 
20 
91 
97 59 
98 
95 
13 
67 9 
99 1 
55 
43 
92 
25 
30 
61 
48 
1 
11 
9 
# clone tree 17 objective: 5.00083
0 10 28 
28 99 95 51 90 
90 19 32 
4 15 70 
32 38 4 
70 65 18 
18 30 74 87 
87 23 
51 12 62 
23 48 93 
62 52 81 
93 46 69 
69 3 64 
81 42 
42 84 
84 16 54 
64 1 26 88 
54 97 73 
73 67 13 2 
88 8 22 
2 33 
79 53 
33 76 
76 47 63 
53 40 
22 29 
63 56 
29 79 
40 21 83 
56 98 49 
34 85 45 
83 34 
49 50 96 
60 7 
96 89 60 
77 66 
46 5 
45 39 75 
26 31 
7 41 
15 20 58 
41 91 17 
75 25 55 36 
31 68 
50 72 
38 78 71 
66 44 
68 35 
35 80 
5 24 
85 77 
19 
44 57 
24 
65 37 
12 6 
10 27 
37 
52 
71 14 82 
36 
3 
17 94 
89 86 
72 
27 
80 43 
6 
47 
16 11 
78 
39 
82 
14 92 
86 
8 
74 9 
94 
58 
57 
21 
59 
20 
91 
97 59 
98 
95 
13 61 
67 
99 
55 
43 
92 
25 
30 
61 
48 
1 
11 
9 
# clone tree 18 objective: 5.00083
0 10 28 
28 99 95 51 90 
90 19 32 
4 15 70 
32 38 4 
70 13 65 18 
18 74 87 
87 23 
51 27 12 62 
23 93 
62 52 81 
93 46 69 
69 3 64 
81 42 
42 84 
84 16 54 
64 26 88 
54 97 73 
73 67 2 
88 8 22 
2 33 
79 53 
33 25 76 
76 47 63 
53 40 
22 29 
63 11 56 
29 79 
40 21 83 
56 98 49 
34 85 45 
83 30 34 
49 50 96 
60 7 
96 89 60 
77 66 
46 5 
45 39 75 
26 31 
7 41 
15 20 58 
41 91 17 
75 55 36 
31 68 
50 48 72 
38 78 71 
66 44 
68 35 
35 80 
5 24 
85 77 
19 
44 57 
24 
65 37 
12 6 
10 
37 
52 61 
71 14 82 
36 
3 
17 94 
89 86 
72 
27 
80 43 
6 92 
47 
16 
78 
39 
82 
14 
86 
8 
74 
94 
58 
57 
21 
59 
20 
91 
97 59 
98 
95 
13 
67 
99 1 
55 
43 
92 
25 
30 
61 
48 9 
1 
11 
9 
# clone tree 19 objective: 5.00083
0 10 28 
28 99 95 51 90 
90 19 32 
4 15 70 
32 38 4 
70 65 18 
18 30 74 87 
87 23 
51 12 62 
23 48 93 
62 52 81 
93 46 69 
69 3 64 
81 42 
42 84 
84 16 54 
64 1 26 88 
54 97 73 
73 67 13 2 
88 8 22 
2 33 
79 53 
33 76 
76 47 63 
53 40 
22 29 
63 56 
29 79 
40 21 83 
56 98 49 
34 85 45 
83 34 
49 50 96 
60 7 
96 89 60 
77 66 
46 5 
45 39 75 
26 31 
7 41 
15 20 58 
41 91 17 
75 25 55 36 
31 68 
50 72 
38 78 71 
66 44 
68 35 
35 80 
5 24 
85 77 
19 
44 57 
24 
65 37 
12 6 
10 27 
37 
52 
71 14 82 
36 
3 
17 94 
89 86 
72 
27 
80 43 
6 
47 
16 11 
78 
39 
82 
14 92 
86 
8 
74 
94 
58 
57 
21 
59 
20 
91 
97 59 
98 
95 
13 61 
67 9 
99 
55 
43 
92 
25 
30 
61 
48 
1 
11 
9 
# clone tree 20 objective: 5.00083
0 10 28 
28 99 95 51 90 
90 19 32 
4 15 70 
32 38 4 
70 13 65 18 
18 74 87 
87 23 
51 27 12 62 
23 93 
62 52 81 
93 46 69 
69 3 64 
81 42 
42 84 
84 16 54 
64 26 88 
54 97 73 
73 67 2 
88 8 22 
2 33 
79 53 
33 25 76 
76 47 63 
53 40 
22 29 
63 11 56 
29 79 
40 21 83 
56 98 49 
34 85 45 
83 30 34 
49 50 96 
60 7 
96 89 60 
77 66 
46 5 
45 39 75 
26 31 
7 41 
15 20 58 
41 91 17 
75 55 36 
31 68 
50 48 72 
38 78 71 
66 44 
68 35 
35 80 
5 24 
85 77 
19 
44 57 
24 
65 37 
12 6 
10 
37 
52 61 
71 14 82 
36 
3 
17 94 
89 86 
72 
27 
80 43 
6 92 
47 
16 
78 
39 
82 
14 
86 
8 
74 
94 
58 
57 
21 
59 
20 
91 
97 59 
98 
95 
13 
67 
99 1 
55 
43 
92 
25 
30 
61 
48 
1 9 
11 
9 
# clone tree 21 objective: 5.00083
0 10 28 
28 99 95 51 90 
90 19 32 
4 15 70 
32 38 4 
70 65 18 
18 30 74 87 
87 23 
51 12 62 
23 48 93 
62 52 81 
93 46 69 
69 3 64 
81 42 
42 84 
84 16 54 
64 1 26 88 
54 97 73 
73 67 13 2 
88 8 22 
2 33 
79 53 
33 76 
76 47 63 
53 40 
22 29 
63 56 
29 79 
40 21 83 
56 98 49 
34 85 45 
83 34 
49 50 96 
60 7 
96 89 60 
77 66 
46 5 
45 39 75 
26 31 
7 41 
15 20 58 
41 91 17 
75 25 55 36 
31 68 
50 72 
38 78 71 
66 44 
68 35 
35 80 
5 24 
85 77 
19 
44 57 
24 
65 37 
12 6 
10 27 
37 
52 
71 14 82 
36 
3 
17 94 
89 86 
72 
27 
80 43 
6 
47 
16 11 
78 
39 
82 
14 92 
86 
8 
74 
94 
58 
57 
21 
59 
20 
91 
97 59 
98 
95 
13 61 
67 
99 
55 
43 
92 
25 9 
30 
61 
48 
1 
11 
9 
# clone tree 22 objective: 5.00083
0 10 28 
28 99 95 51 90 
90 19 32 
4 15 70 
32 38 4 
70 13 65 18 
18 74 87 
87 23 
51 27 12 62 
23 93 
62 52 81 
93 46 69 
69 3 64 
81 42 
42 84 
84 16 54 
64 26 88 
54 97 73 
73 67 2 
88 8 22 
2 33 
79 53 
33 25 76 
76 47 63 
53 40 
22 29 
63 11 56 
29 79 
40 21 83 
56 98 49 
34 85 45 
83 30 34 
49 50 96 
60 7 
96 89 60 
77 66 
46 5 
45 39 75 
26 31 
7 41 
15 20 58 
41 91 17 
75 55 36 
31 68 
50 48 72 
38 78 71 
66 44 
68 35 
35 80 
5 24 
85 77 
19 
44 57 
24 
65 37 
12 6 
10 
37 
52 61 
71 14 82 
36 
3 
17 94 
89 86 
72 
27 
80 43 
6 92 
47 
16 
78 
39 
82 
14 
86 
8 
74 
94 
58 
57 
21 
59 
20 9 
91 
97 59 
98 
95 
13 
67 
99 1 
55 
43 
92 
25 
30 
61 
48 
1 
11 
9 
# clone tree 23 objective: 5.00083
0 10 28 
28 99 95 51 90 
90 19 32 
4 15 70 
32 38 4 
70 65 18 
18 30 74 87 
87 23 
51 12 62 
23 48 93 
62 52 81 
93 46 69 
69 3 64 
81 42 
42 84 
84 16 54 
64 1 26 88 
54 97 73 
73 67 13 2 
88 8 22 
2 33 
79 53 
33 76 
76 47 63 
53 40 
22 29 
63 56 
29 79 
40 21 83 
56 98 49 
34 85 45 
83 34 
49 50 96 
60 7 
96 89 60 
77 66 
46 5 
45 39 75 
26 31 
7 41 
15 20 58 
41 91 17 
75 25 55 36 
31 68 
50 72 
38 78 71 
66 44 
68 35 
35 80 
5 24 
85 77 
19 
44 57 
24 
65 37 
12 6 
10 27 
37 
52 
71 14 82 
36 
3 9 
17 94 
89 86 
72 
27 
80 43 
6 
47 
16 11 
78 
39 
82 
14 92 
86 
8 
74 
94 
58 
57 
21 
59 
20 
91 
97 59 
98 
95 
13 61 
67 
99 
55 
43 
92 
25 
30 
61 
48 
1 
11 
9 
# clone tree 24 objective: 5.00083
0 10 28 
28 99 95 51 90 
90 19 32 
4 15 70 
32 38 4 
70 13 65 18 
18 74 87 
87 23 
51 27 12 62 
23 93 
62 52 81 
93 46 69 
69 3 64 
81 42 
42 84 
84 16 54 
64 26 88 
54 97 73 
73 67 2 
88 8 22 
2 33 
79 53 
33 25 76 
76 47 63 
53 40 
22 29 
63 11 56 
29 79 
40 21 83 
56 98 49 
34 85 45 
83 30 34 
49 50 96 
60 7 
96 89 60 
77 66 
46 5 
45 39 75 
26 31 
7 41 
15 20 58 
41 91 17 
75 55 36 
31 68 
50 48 72 
38 78 71 
66 44 
68 35 
35 80 
5 24 
85 77 
19 
44 57 
24 
65 37 
12 6 
10 
37 
52 61 
71 14 82 
36 
3 
17 94 
89 86 
72 
27 
80 43 
6 92 
47 
16 
78 
39 
82 
14 
86 
8 
74 
94 
58 9 
57 
21 
59 
20 
91 
97 59 
98 
95 
13 
67 
99 1 
55 
43 
92 
25 
30 
61 
48 
1 
11 
9 
# clone tree 25 objective: 5.00083
0 10 28 
28 99 95 51 90 
90 19 32 
4 15 70 
32 38 4 
70 65 18 
18 30 74 87 
87 23 
51 12 62 
23 48 93 
62 52 81 
93 46 69 
69 3 64 
81 42 
42 84 
84 16 54 
64 1 26 88 
54 97 73 
73 67 13 2 
88 8 22 
2 33 
79 53 
33 76 
76 47 63 
53 40 
22 29 
63 56 
29 79 
40 21 83 
56 98 49 
34 85 45 
83 34 
49 50 96 
60 7 
96 89 60 
77 66 
46 5 
45 39 75 
26 31 
7 41 
15 20 58 
41 91 17 
75 25 55 36 
31 68 
50 72 
38 78 71 
66 44 
68 35 
35 80 
5 24 
85 77 
19 
44 57 
24 
65 37 
12 6 
10 27 
37 
52 
71 14 82 
36 
3 
17 94 
89 86 
72 
27 
80 43 
6 
47 
16 11 
78 
39 
82 
14 92 
86 
8 
74 
94 
58 
57 
21 
59 
20 
91 
97 59 
98 
95 
13 61 
67 
99 
55 
43 
92 
25 
30 
61 9 
48 
1 
11 
9 
# clone tree 26 objective: 5.00083
0 10 28 
28 99 95 51 90 
90 19 32 
4 15 70 
32 38 4 
70 13 65 18 
18 74 87 
87 23 
51 27 12 62 
23 93 
62 52 81 
93 46 69 
69 3 64 
81 42 
42 84 
84 16 54 
64 26 88 
54 97 73 
73 67 2 
88 8 22 
2 33 
79 53 
33 25 76 
76 47 63 
53 40 
22 29 
63 11 56 
29 79 
40 21 83 
56 98 49 
34 85 45 
83 30 34 
49 50 96 
60 7 
96 89 60 
77 66 
46 5 
45 39 75 
26 31 
7 41 
15 20 58 
41 91 17 
75 55 36 
31 68 
50 48 72 
38 78 71 
66 44 
68 35 
35 80 
5 24 
85 77 
19 
44 57 
24 
65 37 
12 6 
10 
37 
52 61 
71 14 82 
36 
3 
17 94 
89 86 
72 
27 
80 43 
6 92 
47 
16 
78 
39 
82 
14 
86 
8 
74 
94 
58 
57 
21 
59 
20 
91 
97 59 
98 
95 9 
13 
67 
99 1 
55 
43 
92 
25 
30 
61 
48 
1 
11 
9 
# clone tree 27 objective: 5.00083
0 48 10 28 
28 95 51 90 
90 19 32 
4 15 70 
32 38 4 
70 13 65 18 
18 74 87 
87 23 
51 12 62 
23 93 
62 52 81 
93 46 69 
69 3 64 
81 42 
42 84 
84 16 54 
64 1 26 88 
54 97 73 
73 2 
88 9 8 22 
2 33 
79 53 
33 76 
76 47 63 
53 40 
22 29 
63 11 56 
29 79 
40 21 83 
56 98 49 
34 85 45 
83 34 
49 50 96 
60 7 
96 89 60 
77 66 
46 5 
45 39 75 
26 31 
7 41 
15 20 58 
41 91 17 
75 55 36 
31 68 
50 72 
38 78 71 
66 44 
68 35 
35 80 
5 24 
85 77 
19 
44 67 57 
24 
65 37 
12 92 6 
10 30 27 
37 25 
52 
71 14 82 
36 
3 
17 94 
89 86 
72 
27 
80 43 
6 
47 
16 
78 
39 
82 
14 
86 
8 61 
74 
94 
58 
57 
21 
59 
20 
91 
97 59 
98 
95 99 
13 
67 
99 
55 
43 
92 
25 
30 
61 
48 
1 
11 
9 
# clone tree 28 objective: 5.00083
0 10 28 
28 99 95 51 90 
90 19 32 
4 15 70 
32 38 4 
70 65 18 
18 74 87 
87 11 23 
51 30 12 62 
23 93 
62 52 81 
93 46 69 
69 3 64 
81 42 
42 84 
84 16 54 
64 26 88 
54 97 73 
73 67 13 2 
88 8 22 
2 33 
79 53 
33 76 
76 47 63 
53 40 
22 29 
63 56 
29 79 
40 21 83 
56 98 49 
34 85 45 
83 34 
49 50 96 
60 7 
96 89 60 
77 66 
46 5 
45 39 75 
26 31 
7 41 
15 20 58 
41 91 17 
75 25 55 36 
31 68 
50 72 
38 78 71 
66 44 
68 35 
35 80 
5 24 
85 77 
19 
44 57 
24 
65 9 37 
12 6 
10 27 
37 
52 1 
71 14 82 
36 
3 48 
17 94 
89 86 
72 
27 
80 43 
6 
47 
16 
78 
39 
82 
14 92 
86 
8 61 
74 
94 
58 
57 
21 
59 
20 
91 
97 59 
98 
95 
13 
67 
99 
55 
43 
92 
25 
30 
61 
48 
1 
11 
9 
# clone tree 29 objective: 5.00083
0 10 28 
28 99 95 51 90 
90 19 32 
4 15 70 
32 38 4 
70 65 18 
18 74 87 
87 23 
51 12 62 
23 93 
62 52 81 
93 46 69 
69 3 64 
81 42 
42 84 
84 1 16 54 
64 26 88 
54 97 73 
73 67 13 2 
88 30 8 22 
2 33 
79 53 
33 76 
76 47 63 
53 40 
22 29 
63 56 
29 79 
40 21 83 
56 98 49 
34 85 45 
83 34 
49 50 96 
60 7 
96 89 60 
77 66 
46 5 
45 39 75 
26 31 
7 41 
15 20 58 
41 91 17 
75 55 36 
31 68 
50 72 
38 78 71 
66 44 
68 35 
35 80 
5 24 
85 77 
19 
44 57 
24 
65 37 
12 6 
10 27 
37 
52 
71 14 82 
36 
3 48 
17 25 94 
89 86 
72 
27 
80 
6 9 92 
47 
16 
78 
39 
82 43 
14 
86 
8 61 
74 
94 
58 
57 
21 
59 
20 
91 11 
97 59 
98 
95 
13 
67 
99 
55 
43 
92 
25 
30 
61 
48 
1 
11 
9 
# clone tree 30 objective: 5.00083
0 10 28 
28 95 51 90 
90 11 19 32 
4 15 70 
32 9 38 4 
70 67 65 18 
18 74 87 
87 23 
51 27 12 62 
23 93 
62 52 81 
93 46 69 
69 3 64 
81 42 
42 84 
84 16 54 
64 26 88 
54 97 73 
73 13 2 
88 30 8 22 
2 33 
79 53 
33 76 
76 47 63 
53 40 
22 29 
63 56 
29 79 
40 21 83 
56 98 49 
34 85 45 
83 34 
49 50 96 
60 7 
96 89 60 
77 66 
46 5 
45 39 75 
26 31 
7 41 
15 20 58 
41 91 17 
75 55 36 
31 68 
50 72 
38 78 71 
66 44 
68 35 
35 80 
5 24 
85 77 
19 
44 61 57 
24 
65 37 
12 6 
10 
37 
52 
71 14 82 
36 
3 
17 94 
89 86 
72 
27 25 
80 
6 
47 1 
16 
78 
39 
82 43 
14 92 
86 
8 
74 
94 
58 48 
57 
21 
59 
20 
91 
97 59 
98 
95 99 
13 
67 
99 
55 
43 
92 
25 
30 
61 
48 
1 
11 
9 
# clone tree 31 objective: 5.00083
0 10 28 
28 95 51 90 
90 19 32 
4 15 70 
32 38 4 
70 13 65 18 
18 74 87 
87 23 
51 12 62 
23 93 
62 52 81 
93 46 69 
69 3 64 
81 42 
42 84 
84 16 54 
64 26 88 
54 97 73 
73 2 
88 8 22 
2 33 
79 53 
33 76 
76 47 63 
53 40 
22 1 29 
63 56 
29 79 
40 21 83 
56 98 49 
34 11 85 45 
83 30 34 
49 50 96 
60 7 
96 89 60 
77 66 
46 5 
45 39 75 
26 31 
7 41 
15 61 20 58 
41 91 17 
75 55 36 
31 68 
50 72 
38 78 71 
66 44 
68 35 
35 80 
5 24 
85 77 
19 
44 67 57 
24 
65 48 37 
12 92 6 
10 27 
37 25 
52 
71 14 82 
36 
3 
17 94 
89 86 
72 
27 
80 43 
6 
47 
16 
78 
39 
82 
14 
86 
8 
74 
94 
58 
57 
21 
59 
20 
91 
97 59 
98 
95 99 
13 
67 
99 
55 
43 
92 9 
25 
30 
61 
48 
1 
11 
9 
# clone tree 32 objective: 5.00083
0 10 28 
28 99 95 51 90 
90 19 32 
4 15 70 
32 48 38 4 
70 65 18 
18 74 87 
87 23 
51 12 62 
23 93 
62 52 81 
93 46 69 
69 3 64 
81 42 
42 84 
84 16 54 
64 26 88 
54 97 73 
73 67 13 2 
88 8 22 
2 33 
79 53 
33 76 
76 9 47 63 
53 40 
22 29 
63 56 
29 79 
40 21 83 
56 98 49 
34 85 45 
83 34 
49 50 96 
60 7 
96 89 60 
77 66 
46 5 
45 39 75 
26 30 31 
7 41 
15 20 58 
41 91 17 
75 25 55 36 
31 68 
50 72 
38 78 71 
66 44 
68 35 
35 80 
5 24 
85 77 
19 
44 61 57 
24 
65 37 
12 6 
10 27 
37 
52 
71 14 82 
36 
3 
17 94 
89 86 
72 
27 
80 43 
6 
47 
16 
78 1 
39 
82 
14 92 
86 
8 
74 
94 
58 
57 
21 
59 11 
20 
91 
97 59 
98 
95 
13 
67 
99 
55 
43 
92 
25 
30 
61 
48 
1 
11 
9 
# clone tree 33 objective: 5.00083
0 10 28 
28 1 99 95 51 90 
90 19 32 
4 15 70 
32 38 4 
70 65 18 
18 74 87 
87 23 
51 12 62 
23 48 93 
62 52 81 
93 46 69 
69 3 64 
81 42 
42 84 
84 16 54 
64 26 88 
54 97 73 
73 61 67 13 2 
88 8 22 
2 33 
79 53 
33 76 
76 47 63 
53 40 
22 29 
63 11 56 
29 79 
40 21 83 
56 98 49 
34 85 45 
83 34 
49 50 96 
60 7 
96 89 60 
77 66 
46 5 
45 39 75 
26 31 
7 41 
15 20 58 
41 91 17 
75 25 55 36 
31 68 
50 72 
38 78 71 
66 44 
68 35 
35 80 
5 24 
85 77 
19 
44 57 
24 
65 37 
12 6 
10 27 
37 
52 
71 14 82 
36 
3 
17 30 94 
89 86 
72 
27 
80 43 
6 
47 
16 
78 
39 
82 
14 92 
86 
8 
74 
94 
58 
57 
21 9 
59 
20 
91 
97 59 
98 
95 
13 
67 
99 
55 
43 
92 
25 
30 
61 
48 
1 
11 
9 
# clone tree 34 objective: 5.00083
0 48 10 28 
28 95 51 90 
90 19 32 
4 15 70 
32 38 4 
70 13 65 18 
18 74 87 
87 23 
51 12 62 
23 93 
62 52 81 
93 46 69 
69 3 64 
81 42 
42 84 
84 16 54 
64 26 88 
54 97 73 
73 2 
88 8 22 
2 11 33 
79 53 
33 9 76 
76 47 63 
53 40 
22 29 
63 56 
29 79 
40 21 83 
56 98 49 
34 85 45 
83 34 
49 50 96 
60 7 
96 89 60 
77 66 
46 5 
45 1 39 75 
26 31 
7 41 
15 20 58 
41 91 17 
75 55 36 
31 68 
50 72 
38 78 71 
66 44 
68 35 
35 80 
5 24 
85 77 
19 
44 67 57 
24 
65 37 
12 92 6 
10 30 27 
37 25 
52 61 
71 14 82 
36 
3 
17 94 
89 86 
72 
27 
80 43 
6 
47 
16 
78 
39 
82 
14 
86 
8 
74 
94 
58 
57 
21 
59 
20 
91 
97 59 
98 
95 99 
13 
67 
99 
55 
43 
92 
25 
30 
61 
48 
1 
11 
9 
# clone tree 35 objective: 5.00083
0 10 28 
28 99 95 51 90 
90 19 32 
4 15 70 
32 38 4 
70 65 18 
18 30 74 87 
87 23 
51 12 62 
23 48 93 
62 52 81 
93 46 69 
69 3 64 
81 42 
42 84 
84 16 54 
64 1 26 88 
54 97 73 
73 67 13 2 
88 8 22 
2 33 
79 53 
33 76 
76 47 63 
53 40 
22 29 
63 56 
29 79 
40 21 83 
56 98 49 
34 85 45 
83 34 
49 50 96 
60 7 
96 89 60 
77 66 
46 5 
45 39 75 
26 31 
7 41 
15 20 58 
41 91 17 
75 25 55 36 
31 68 
50 72 
38 78 71 
66 44 
68 9 35 
35 80 
5 24 
85 77 
19 
44 57 
24 
65 37 
12 6 
10 27 
37 
52 
71 14 82 
36 
3 
17 94 
89 86 
72 
27 
80 43 
6 
47 
16 11 
78 
39 
82 
14 92 
86 
8 
74 
94 
58 
57 
21 
59 
20 
91 
97 59 
98 
95 
13 61 
67 
99 
55 
43 
92 
25 
30 
61 
48 
1 
11 
9 
# clone tree 36 objective: 5.00083
0 48 10 28 
28 95 51 90 
90 19 32 
4 30 15 70 
32 38 4 
70 13 65 18 
18 74 87 
87 23 
51 27 12 62 
23 93 
62 52 81 
93 46 69 
69 3 64 
81 61 42 
42 84 
84 16 54 
64 26 88 
54 97 73 
73 9 67 2 
88 8 22 
2 33 
79 53 
33 76 
76 47 63 
53 40 
22 29 
63 56 
29 79 
40 21 83 
56 98 49 
34 85 45 
83 34 
49 50 96 
60 7 
96 89 60 
77 66 
46 5 
45 1 39 75 
26 31 
7 41 
15 20 58 
41 91 17 
75 55 36 
31 68 
50 72 
38 78 71 
66 44 
68 35 
35 80 
5 24 
85 77 
19 25 
44 57 
24 
65 37 
12 6 
10 
37 
52 
71 14 82 
36 
3 
17 94 
89 86 
72 
27 
80 
6 
47 
16 11 
78 92 
39 
82 43 
14 
86 
8 
74 
94 
58 
57 
21 
59 
20 
91 
97 59 
98 
95 99 
13 
67 
99 
55 
43 
92 
25 
30 
61 
48 
1 
11 
9 
# clone tree 37 objective: 5.00083
0 61 10 28 
28 95 51 90 
90 19 32 
4 15 70 
32 38 4 
70 13 65 18 
18 30 74 87 
87 23 
51 12 62 
23 93 
62 52 81 
93 46 69 
69 3 64 
81 42 
42 84 
84 16 54 
64 26 88 
54 97 73 
73 2 
88 8 22 
2 33 
79 53 
33 76 
76 47 63 
53 40 
22 29 
63 56 
29 79 
40 21 83 
56 98 49 
34 85 45 
83 34 
49 50 96 
60 7 
96 89 60 
77 66 
46 5 
45 39 75 
26 31 
7 41 
15 20 58 
41 91 17 
75 55 36 
31 68 
50 9 72 
38 78 71 
66 44 
68 35 
35 80 
5 24 
85 77 
19 
44 67 57 
24 
65 37 
12 92 6 
10 27 
37 25 
52 
71 14 82 
36 
3 
17 94 
89 86 
72 
27 
80 43 
6 
47 
16 1 
78 
39 48 
82 
14 
86 
8 
74 
94 
58 
57 
21 
59 11 
20 
91 
97 59 
98 
95 99 
13 
67 
99 
55 
43 
92 
25 
30 
61 
48 
1 
11 
9 
# clone tree 38 objective: 5.00083
0 10 28 
28 99 95 51 90 
90 19 32 
4 15 70 
32 38 4 
70 61 65 18 
18 74 87 
87 23 
51 27 12 62 
23 93 
62 52 81 
93 46 69 
69 3 64 
81 42 
42 84 
84 16 54 
64 26 88 
54 97 73 
73 13 2 
88 8 22 
2 33 
79 53 
33 9 76 
76 47 63 
53 40 
22 29 
63 56 
29 79 
40 21 83 
56 98 49 
34 85 45 
83 34 
49 50 96 
60 7 
96 89 60 
77 66 
46 5 
45 39 75 
26 30 31 
7 41 
15 20 58 
41 91 17 
75 55 36 
31 68 
50 48 72 
38 78 71 
66 44 
68 35 
35 80 
5 24 
85 77 
19 
44 67 57 
24 
65 37 
12 6 
10 25 
37 
52 
71 14 82 
36 11 
3 
17 94 
89 1 86 
72 
27 
80 
6 
47 
16 
78 
39 
82 43 
14 92 
86 
8 
74 
94 
58 
57 
21 
59 
20 
91 
97 59 
98 
95 
13 
67 
99 
55 
43 
92 
25 
30 
61 
48 
1 
11 
9 
# clone tree 39 objective: 5.00083
0 10 28 
28 1 99 95 51 90 
90 19 32 
4 15 70 
32 38 4 
70 65 18 
18 74 87 
87 23 
51 12 62 
23 48 93 
62 52 81 
93 46 69 
69 3 64 
81 42 
42 84 
84 16 54 
64 26 88 
54 97 73 
73 61 67 13 2 
88 8 22 
2 33 
79 53 
33 76 
76 47 63 
53 40 
22 29 
63 56 
29 79 
40 21 83 
56 98 49 
34 85 45 
83 34 
49 50 96 
60 7 
96 89 60 
77 11 66 
46 5 
45 39 75 
26 31 
7 41 
15 20 58 
41 91 17 
75 25 55 36 
31 68 
50 72 
38 78 71 
66 44 
68 35 
35 80 
5 24 
85 77 
19 
44 57 
24 
65 9 37 
12 6 
10 27 
37 
52 
71 14 82 
36 
3 
17 30 94 
89 86 
72 
27 
80 43 
6 
47 
16 
78 
39 
82 
14 92 
86 
8 
74 
94 
58 
57 
21 
59 
20 
91 
97 59 
98 
95 
13 
67 
99 
55 
43 
92 
25 
30 
61 
48 
1 
11 
9 
# clone tree 40 objective: 5.00083
0 48 10 28 
28 95 51 90 
90 19 32 
4 30 15 70 
32 38 4 
70 13 65 18 
18 74 87 
87 23 
51 27 12 62 
23 93 
62 52 81 
93 46 69 
69 3 64 
81 61 42 
42 84 
84 16 54 
64 26 88 
54 97 73 
73 67 2 
88 8 22 
2 33 
79 53 
33 76 
76 47 63 
53 40 
22 29 
63 56 
29 79 
40 21 83 
56 98 49 
34 85 45 
83 34 
49 50 96 
60 7 
96 89 60 
77 66 
46 5 
45 39 75 
26 31 
7 41 
15 20 58 
41 91 17 
75 11 55 36 
31 68 
50 72 
38 78 71 
66 44 
68 35 
35 80 
5 24 
85 77 
19 25 
44 57 
24 
65 37 
12 6 
10 
37 
52 1 
71 14 82 
36 
3 
17 94 
89 86 
72 
27 
80 
6 
47 
16 
78 92 
39 
82 9 43 
14 
86 
8 
74 
94 
58 
57 
21 
59 
20 
91 
97 59 
98 
95 99 
13 
67 
99 
55 
43 
92 
25 
30 
61 
48 
1 
11 
9 
# clone tree 41 objective: 5.00083
0 10 28 
28 99 95 51 90 
90 19 32 
4 15 70 
32 38 4 
70 65 18 
18 74 87 
87 23 
51 12 62 
23 93 
62 52 81 
93 46 69 
69 3 64 
81 42 
42 84 
84 16 54 
64 26 88 
54 97 73 
73 67 13 2 
88 8 22 
2 33 
79 53 
33 76 
76 47 63 
53 40 
22 29 
63 56 
29 79 
40 21 83 
56 98 49 
34 85 45 
83 30 34 
49 50 96 
60 9 7 
96 89 60 
77 66 
46 5 
45 39 75 
26 31 
7 41 
15 20 58 
41 91 17 
75 55 36 
31 68 
50 72 
38 78 71 
66 44 
68 35 
35 80 
5 24 
85 77 
19 
44 61 57 
24 48 
65 37 
12 6 
10 27 
37 
52 
71 14 82 
36 
3 
17 25 94 
89 86 
72 
27 
80 
6 92 
47 
16 
78 1 
39 
82 43 
14 
86 
8 
74 
94 
58 
57 
21 
59 
20 
91 11 
97 59 
98 
95 
13 
67 
99 
55 
43 
92 
25 
30 
61 
48 
1 
11 
9 
# clone tree 42 objective: 5.00083
0 48 10 28 
28 95 51 90 
90 19 32 
4 30 15 70 
32 38 4 
70 13 65 18 
18 74 87 
87 23 
51 27 12 62 
23 93 
62 52 81 
93 11 46 69 
69 3 64 
81 61 42 
42 84 
84 16 54 
64 26 88 
54 97 73 
73 67 2 
88 8 22 
2 33 
79 53 
33 76 
76 47 63 
53 40 
22 29 
63 56 
29 79 
40 21 83 
56 98 49 
34 85 45 
83 34 
49 50 96 
60 7 
96 89 60 
77 66 
46 5 
45 1 39 75 
26 31 
7 41 
15 20 58 
41 91 17 
75 55 36 
31 68 
50 72 
38 78 71 
66 44 
68 35 
35 80 
5 24 
85 77 
19 25 
44 57 
24 
65 37 
12 6 
10 
37 
52 
71 14 82 
36 
3 
17 94 
89 86 
72 
27 
80 
6 
47 
16 
78 9 92 
39 
82 43 
14 
86 
8 
74 
94 
58 
57 
21 
59 
20 
91 
97 59 
98 
95 99 
13 
67 
99 
55 
43 
92 
25 
30 
61 
48 
1 
11 
9 
# clone tree 43 objective: 5.00083
0 48 10 28 
28 95 51 90 
90 19 32 
4 15 70 
32 38 4 
70 13 65 18 
18 74 87 
87 23 
51 12 62 
23 93 
62 52 81 
93 46 69 
69 3 64 
81 42 
42 84 
84 16 54 
64 26 88 
54 97 73 
73 2 
88 8 22 
2 33 
79 53 
33 76 
76 47 63 
53 40 
22 29 
63 56 
29 79 
40 21 83 
56 98 49 
34 85 45 
83 34 
49 50 96 
60 7 
96 89 60 
77 66 
46 5 
45 9 1 39 75 
26 31 
7 41 
15 20 58 
41 91 17 
75 55 36 
31 68 
50 72 
38 78 71 
66 44 
68 35 
35 80 
5 24 
85 77 
19 
44 67 57 
24 
65 37 
12 92 6 
10 30 27 
37 25 
52 61 
71 14 82 
36 
3 
17 94 
89 86 
72 
27 
80 43 
6 
47 
16 
78 
39 
82 
14 
86 
8 
74 
94 
58 
57 
21 
59 11 
20 
91 
97 59 
98 
95 99 
13 
67 
99 
55 
43 
92 
25 
30 
61 
48 
1 
11 
9 
# clone tree 44 objective: 5.00083
0 10 28 
28 99 95 51 90 
90 19 32 
4 15 70 
32 9 38 4 
70 65 18 
18 74 87 
87 23 
51 12 62 
23 93 
62 52 81 
93 46 69 
69 3 64 
81 42 
42 84 
84 11 1 16 54 
64 26 88 
54 97 73 
73 67 13 2 
88 8 22 
2 33 
79 53 
33 76 
76 47 63 
53 40 
22 29 
63 25 56 
29 79 
40 21 83 
56 98 49 
34 85 45 
83 34 
49 50 96 
60 7 
96 89 60 
77 66 
46 5 
45 39 75 
26 31 
7 41 
15 61 20 58 
41 91 17 
75 55 36 
31 68 
50 72 
38 78 71 
66 44 
68 35 
35 80 
5 24 
85 77 
19 
44 57 
24 
65 37 
12 6 
10 27 
37 
52 
71 14 82 
36 
3 48 
17 30 94 
89 86 
72 
27 
80 
6 
47 
16 
78 92 
39 
82 43 
14 
86 
8 
74 
94 
58 
57 
21 
59 
20 
91 
97 59 
98 
95 
13 
67 
99 
55 
43 
92 
25 
30 
61 
48 
1 
11 
9 
# clone tree 45 objective: 5.00083
0 10 28 
28 99 95 51 90 
90 19 32 
4 15 70 
32 38 4 
70 65 18 
18 74 87 
87 11 23 
51 12 62 
23 9 93 
62 52 81 
93 46 69 
69 3 64 
81 42 
42 84 
84 16 54 
64 26 88 
54 97 73 
73 67 13 2 
88 8 22 
2 33 
79 53 
33 76 
76 30 47 63 
53 40 
22 29 
63 56 
29 79 
40 21 83 
56 98 49 
34 85 45 
83 34 
49 50 96 
60 1 7 
96 89 60 
77 66 
46 5 
45 39 75 
26 31 
7 41 
15 20 58 
41 91 17 
75 55 36 
31 68 
50 72 
38 78 71 
66 44 
68 35 
35 80 
5 24 
85 77 
19 
44 57 
24 
65 37 
12 6 
10 27 
37 48 
52 
71 14 82 
36 
3 
17 25 94 
89 86 
72 
27 
80 
6 92 
47 
16 
78 
39 
82 43 
14 
86 
8 
74 
94 
58 
57 
21 
59 
20 
91 
97 59 
98 
95 
13 61 
67 
99 
55 
43 
92 
25 
30 
61 
48 
1 
11 
9 
# clone tree 46 objective: 5.00083
0 61 10 28 
28 95 51 90 
90 19 32 
4 15 70 
32 38 4 
70 13 65 18 
18 30 74 87 
87 23 
51 12 62 
23 93 
62 52 81 
93 46 69 
69 3 64 
81 42 
42 84 
84 16 54 
64 26 88 
54 97 73 
73 2 
88 8 22 
2 33 
79 53 
33 76 
76 47 63 
53 40 
22 29 
63 56 
29 79 
40 21 83 
56 98 49 
34 85 45 
83 34 
49 50 96 
60 7 
96 89 60 
77 11 66 
46 5 
45 39 75 
26 31 
7 41 
15 20 58 
41 91 17 
75 55 36 
31 68 
50 72 
38 78 71 
66 44 
68 35 
35 9 80 
5 24 
85 77 
19 
44 67 57 
24 
65 37 
12 92 6 
10 27 
37 25 
52 
71 14 82 
36 
3 
17 94 
89 86 
72 
27 
80 43 
6 
47 1 
16 
78 
39 
82 
14 
86 
8 
74 
94 48 
58 
57 
21 
59 
20 
91 
97 59 
98 
95 99 
13 
67 
99 
55 
43 
92 
25 
30 
61 
48 
1 
11 
9 
# clone tree 47 objective: 5.00083
0 10 28 
28 99 95 51 90 
90 19 32 
4 15 70 
32 38 4 
70 65 18 
18 74 87 
87 23 
51 27 12 62 
23 93 
62 61 52 81 
93 46 69 
69 3 64 
81 42 
42 84 
84 16 54 
64 26 88 
54 97 73 
73 13 2 
88 8 22 
2 33 
79 53 
33 76 
76 47 63 
53 40 
22 1 29 
63 56 
29 25 79 
40 21 83 
56 98 49 
34 85 45 
83 34 
49 50 96 
60 7 
96 89 60 
77 66 
46 5 
45 39 75 
26 31 
7 41 
15 20 58 
41 91 17 
75 55 36 
31 68 
50 72 
38 78 71 
66 44 
68 35 
35 80 
5 24 
85 77 
19 
44 67 57 
24 11 
65 37 
12 6 
10 
37 
52 
71 14 82 
36 
3 
17 30 94 
89 86 
72 48 
27 
80 
6 
47 
16 
78 92 
39 
82 43 
14 
86 9 
8 
74 
94 
58 
57 
21 
59 
20 
91 
97 59 
98 
95 
13 
67 
99 
55 
43 
92 
25 
30 
61 
48 
1 
11 
9 
# clone tree 48 objective: 5.00083
0 61 10 28 
28 95 51 90 
90 19 32 
4 15 70 
32 38 4 
70 13 65 18 
18 30 74 87 
87 23 
51 12 62 
23 93 
62 52 81 
93 46 69 
69 3 64 
81 42 
42 84 
84 16 54 
64 26 88 
54 97 73 
73 2 
88 8 22 
2 33 
79 53 
33 76 
76 47 63 
53 40 
22 29 
63 56 
29 79 
40 21 83 
56 98 49 
34 85 45 
83 34 
49 50 96 
60 7 
96 89 60 
77 66 
46 5 
45 1 39 75 
26 31 
7 41 
15 20 58 
41 91 17 
75 55 36 
31 68 
50 72 
38 78 71 
66 44 
68 35 
35 80 
5 24 
85 77 
19 
44 67 57 
24 
65 37 
12 92 6 
10 27 
37 25 
52 
71 14 82 
36 11 
3 
17 94 
89 86 
72 
27 
80 43 
6 
47 
16 
78 9 
39 48 
82 
14 
86 
8 
74 
94 
58 
57 
21 
59 
20 
91 
97 59 
98 
95 99 
13 
67 
99 
55 
43 
92 
25 
30 
61 
48 
1 
11 
9 
# clone tree 49 objective: 5.00083
0 10 28 
28 99 95 51 90 
90 19 32 
4 15 70 
32 38 4 
70 65 18 
18 30 74 87 
87 23 
51 12 62 
23 48 93 
62 52 81 
93 46 69 
69 3 64 
81 42 
42 84 
84 16 54 
64 1 26 88 
54 97 73 
73 67 13 2 
88 8 22 
2 33 
79 53 
33 76 
76 47 63 
53 40 
22 29 
63 56 
29 79 
40 21 83 
56 98 49 
34 85 45 
83 34 
49 50 96 
60 7 
96 89 60 
77 66 
46 5 
45 39 75 
26 31 
7 41 
15 20 58 
41 91 17 
75 25 55 36 
31 68 
50 72 
38 78 71 
66 44 
68 35 
35 80 
5 24 
85 77 
19 
44 57 
24 
65 37 
12 9 6 
10 27 
37 
52 
71 14 82 
36 
3 
17 94 
89 86 
72 
27 
80 43 
6 
47 
16 11 
78 
39 
82 
14 92 
86 
8 
74 
94 
58 
57 
21 
59 
20 
91 
97 59 
98 
95 
13 61 
67 
99 
55 
43 
92 
25 
30 
61 
48 
1 
11 
9 
# clone tree 50 objective: 5.00083
0 10 28 
28 99 95 51 90 
90 19 32 
4 15 70 
32 38 4 
70 65 18 
18 74 87 
87 23 
51 12 62 
23 93 
62 52 81 
93 46 69 
69 3 64 
81 42 
42 84 
84 1 16 54 
64 26 88 
54 97 73 
73 67 13 2 
88 30 8 22 
2 33 
79 53 
33 76 
76 47 63 
53 40 
22 29 
63 56 
29 79 
40 21 83 
56 98 49 
34 85 45 
83 34 
49 50 96 
60 7 
96 89 60 
77 66 
46 5 
45 39 75 
26 31 
7 41 
15 20 58 
41 91 17 
75 55 36 
31 68 
50 72 
38 78 71 
66 44 
68 35 
35 80 
5 24 
85 77 
19 
44 57 
24 
65 37 
12 6 
10 27 
37 
52 
71 14 82 
36 
3 48 
17 25 94 
89 86 
72 
27 
80 
6 92 
47 
16 11 
78 
39 
82 43 
14 
86 
8 61 
74 
94 
58 
57 
21 
59 
20 
91 
97 59 
98 
95 
13 
67 
99 9 
55 
43 
92 
25 
30 
61 
48 
1 
11 
9 
# clone tree 51 objective: 5.00083
0 10 28 
28 99 95 51 90 
90 19 32 
4 15 70 
32 38 4 
70 65 18 
18 74 87 
87 23 
51 12 62 
23 93 
62 52 81 
93 46 69 
69 3 64 
81 42 
42 84 
84 1 16 54 
64 26 88 
54 97 73 
73 67 13 2 
88 30 8 22 
2 33 
79 53 
33 76 
76 47 63 
53 40 
22 29 
63 56 
29 79 
40 21 83 
56 98 49 
34 85 45 
83 34 
49 50 96 
60 7 
96 89 60 
77 66 
46 5 
45 39 75 
26 31 
7 9 41 
15 20 58 
41 91 17 
75 55 36 
31 68 
50 72 
38 78 71 
66 44 
68 35 
35 80 
5 24 
85 77 
19 
44 57 
24 
65 37 
12 6 
10 27 
37 
52 
71 14 82 
36 
3 48 
17 25 94 
89 86 
72 
27 
80 
6 92 
47 
16 
78 
39 
82 43 
14 
86 
8 61 
74 
94 
58 
57 
21 
59 
20 
91 11 
97 59 
98 
95 
13 
67 
99 
55 
43 
92 
25 
30 
61 
48 
1 
11 
9 
# clone tree 52 objective: 5.00083
0 10 28 
28 99 95 51 90 
90 19 32 
4 15 70 
32 38 4 
70 65 18 
18 74 87 
87 23 
51 27 12 62 
23 93 
62 61 52 81 
93 46 69 
69 3 64 
81 42 
42 84 
84 16 54 
64 26 88 
54 97 73 
73 13 2 
88 8 22 
2 33 
79 53 
33 76 
76 47 63 
53 40 
22 29 
63 56 
29 25 79 
40 21 83 
56 98 49 
34 9 85 45 
83 34 
49 50 96 
60 1 7 
96 89 60 
77 66 
46 5 
45 39 75 
26 31 
7 41 
15 20 58 
41 91 17 
75 55 36 
31 68 
50 72 
38 78 71 
66 44 
68 35 
35 80 
5 24 
85 77 
19 
44 67 57 
24 
65 37 
12 6 
10 
37 
52 
71 14 82 
36 
3 
17 30 94 
89 86 
72 48 
27 
80 
6 
47 
16 
78 92 
39 
82 43 
14 
86 
8 
74 
94 
58 
57 
21 
59 
20 
91 11 
97 59 
98 
95 
13 
67 
99 
55 
43 
92 
25 
30 
61 
48 
1 
11 
9 
# clone tree 53 objective: 5.00083
0 61 10 28 
28 95 51 90 
90 19 32 
4 15 70 
32 38 4 
70 13 65 18 
18 30 74 87 
87 23 
51 12 62 
23 93 
62 52 81 
93 46 69 
69 3 64 
81 42 
42 84 
84 16 54 
64 26 88 
54 97 73 
73 2 
88 8 22 
2 33 
79 53 
33 76 
76 47 63 
53 40 
22 29 
63 56 
29 79 
40 21 83 
56 98 49 
34 85 45 
83 34 
49 50 96 
60 7 
96 89 60 
77 66 
46 5 
45 39 75 
26 31 
7 41 
15 20 58 
41 91 17 
75 55 36 
31 68 
50 72 
38 78 71 
66 44 
68 35 
35 80 
5 24 
85 77 
19 
44 67 57 
24 
65 37 
12 92 6 
10 27 
37 25 
52 9 
71 14 82 
36 
3 
17 94 
89 86 
72 
27 
80 43 
6 
47 
16 
78 
39 1 48 
82 
14 
86 
8 
74 
94 
58 
57 
21 
59 11 
20 
91 
97 59 
98 
95 99 
13 
67 
99 
55 
43 
92 
25 
30 
61 
48 
1 
11 
9 
# clone tree 54 objective: 5.00083
0 10 28 
28 99 95 51 90 
90 19 32 
4 15 70 
32 38 4 
70 65 18 
18 74 87 
87 23 
51 12 62 
23 93 
62 52 81 
93 46 69 
69 3 64 
81 42 
42 84 
84 11 16 54 
64 26 88 
54 9 97 73 
73 67 13 2 
88 8 22 
2 33 
79 53 
33 76 
76 30 47 63 
53 40 
22 29 
63 56 
29 79 
40 21 83 
56 98 49 
34 85 45 
83 34 
49 50 96 
60 7 
96 89 60 
77 66 
46 5 
45 39 75 
26 31 
7 41 
15 20 58 
41 91 17 
75 55 36 
31 68 
50 72 
38 78 71 
66 44 
68 35 
35 80 
5 24 
85 77 
19 
44 57 
24 
65 37 
12 6 
10 27 
37 48 
52 
71 14 82 
36 
3 
17 25 94 
89 86 
72 
27 
80 
6 92 
47 
16 1 
78 
39 
82 43 
14 
86 
8 
74 
94 
58 
57 
21 
59 
20 
91 
97 59 
98 
95 
13 61 
67 
99 
55 
43 
92 
25 
30 
61 
48 
1 
11 
9 
# clone tree 55 objective: 5.00083
0 10 28 
28 99 95 51 90 
90 19 32 
4 15 70 
32 38 4 
70 65 18 
18 74 87 
87 23 
51 9 12 62 
23 93 
62 52 81 
93 46 69 
69 3 64 
81 42 
42 84 
84 16 54 
64 26 88 
54 97 73 
73 67 13 2 
88 30 8 22 
2 33 
79 53 
33 76 
76 47 63 
53 40 
22 29 
63 11 56 
29 79 
40 21 83 
56 98 49 
34 85 45 
83 34 
49 50 96 
60 7 
96 89 60 
77 1 66 
46 5 
45 39 75 
26 31 
7 41 
15 20 58 
41 91 17 
75 55 36 
31 68 
50 72 
38 78 71 
66 44 
68 35 
35 80 
5 24 
85 77 
19 
44 57 
24 
65 37 
12 6 
10 27 
37 
52 
71 14 82 
36 
3 48 
17 25 94 
89 86 
72 
27 
80 
6 92 
47 
16 
78 
39 
82 43 
14 
86 
8 61 
74 
94 
58 
57 
21 
59 
20 
91 
97 59 
98 
95 
13 
67 
99 
55 
43 
92 
25 
30 
61 
48 
1 
11 
9 
# clone tree 56 objective: 5.00083
0 61 10 28 
28 95 51 90 
90 19 32 
4 15 70 
32 38 4 
70 13 65 18 
18 30 74 87 
87 9 23 
51 12 62 
23 93 
62 52 81 
93 46 69 
69 3 64 
81 42 
42 84 
84 16 54 
64 26 88 
54 97 73 
73 2 
88 8 22 
2 33 
79 53 
33 76 
76 47 63 
53 40 
22 29 
63 56 
29 79 
40 21 83 
56 98 49 
34 85 45 
83 34 
49 50 96 
60 7 
96 89 60 
77 66 
46 5 
45 39 75 
26 31 
7 41 
15 20 58 
41 91 17 
75 55 36 
31 68 
50 72 
38 78 71 
66 44 
68 35 
35 80 
5 24 
85 77 
19 
44 67 57 
24 
65 37 
12 92 6 
10 27 
37 25 
52 
71 14 82 
36 
3 
17 94 
89 86 
72 
27 
80 43 
6 
47 
16 1 
78 
39 48 
82 
14 
86 
8 
74 
94 
58 
57 
21 
59 
20 
91 11 
97 59 
98 
95 99 
13 
67 
99 
55 
43 
92 
25 
30 
61 
48 
1 
11 
9 
# clone tree 57 objective: 5.00083
0 10 28 
28 99 95 51 90 
90 19 32 
4 15 70 
32 38 4 
70 65 18 
18 74 87 
87 23 
51 12 62 
23 93 
62 52 81 
93 46 69 
69 3 64 
81 42 
42 84 
84 16 54 
64 26 88 
54 97 73 
73 67 13 2 
88 30 8 22 
2 33 
79 53 
33 76 
76 47 63 
53 40 
22 29 
63 56 
29 79 
40 21 83 
56 98 49 
34 11 85 45 
83 34 
49 50 96 
60 9 7 
96 89 60 
77 66 
46 5 
45 39 75 
26 31 
7 41 
15 20 58 
41 91 17 
75 55 36 
31 68 
50 72 
38 78 71 
66 44 
68 35 
35 80 
5 24 
85 77 
19 
44 57 
24 48 
65 37 
12 6 
10 27 
37 61 
52 
71 14 82 
36 
3 
17 25 94 
89 86 
72 
27 
80 
6 92 
47 
16 1 
78 
39 
82 43 
14 
86 
8 
74 
94 
58 
57 
21 
59 
20 
91 
97 59 
98 
95 
13 
67 
99 
55 
43 
92 
25 
30 
61 
48 
1 
11 
9 
# clone tree 58 objective: 5.00083
0 10 28 
28 99 95 51 90 
90 19 32 
4 15 70 
32 38 4 
70 13 65 18 
18 74 87 
87 23 
51 27 12 62 
23 93 
62 52 81 
93 46 69 
69 3 64 
81 42 
42 84 
84 16 54 
64 26 88 
54 97 73 
73 67 2 
88 8 22 
2 33 
79 53 
33 25 76 
76 47 63 
53 40 
22 29 
63 11 56 
29 79 
40 21 83 
56 98 49 
34 85 45 
83 30 34 
49 50 96 
60 7 
96 89 60 
77 66 
46 5 
45 39 75 
26 31 
7 41 
15 20 58 
41 91 17 
75 55 36 
31 68 
50 48 72 
38 78 71 
66 44 
68 35 
35 9 80 
5 24 
85 77 
19 
44 57 
24 
65 37 
12 6 
10 
37 
52 61 
71 14 82 
36 
3 
17 94 
89 86 
72 
27 
80 43 
6 92 
47 
16 
78 
39 
82 
14 
86 
8 
74 
94 
58 
57 
21 
59 
20 
91 
97 59 
98 
95 
13 
67 
99 1 
55 
43 
92 
25 
30 
61 
48 
1 
11 
9 
# clone tree 59 objective: 5.00083
0 10 28 
28 95 51 90 
90 19 32 
4 15 70 
32 38 4 
70 13 65 18 
18 74 87 
87 23 
51 12 62 
23 9 93 
62 52 81 
93 46 69 
69 3 64 
81 42 
42 84 
84 16 54 
64 26 88 
54 97 73 
73 2 
88 30 8 22 
2 33 
79 53 
33 76 
76 47 63 
53 40 
22 29 
63 56 
29 79 
40 21 83 
56 98 49 
34 11 85 45 
83 34 
49 50 96 
60 7 
96 89 60 
77 66 
46 5 
45 39 75 
26 31 
7 41 
15 20 58 
41 91 17 
75 55 36 
31 68 
50 72 
38 78 71 
66 44 
68 35 
35 80 
5 24 
85 77 
19 
44 67 57 
24 1 
65 37 
12 92 6 
10 27 
37 25 
52 
71 14 82 
36 
3 
17 94 
89 86 
72 
27 
80 43 
6 
47 
16 
78 
39 
82 
14 
86 
8 
74 
94 48 
58 
57 
21 
59 
20 
91 
97 59 
98 
95 99 
13 61 
67 
99 
55 
43 
92 
25 
30 
61 
48 
1 
11 
9 
# clone tree 60 objective: 5.00083
0 10 28 
28 99 95 51 90 
90 19 32 
4 15 70 
32 38 4 
70 65 18 
18 30 74 87 
87 23 
51 12 62 
23 48 93 
62 52 81 
93 11 46 69 
69 3 64 
81 42 
42 84 
84 16 54 
64 1 26 88 
54 97 73 
73 9 67 13 2 
88 8 22 
2 33 
79 53 
33 76 
76 47 63 
53 40 
22 29 
63 56 
29 79 
40 21 83 
56 98 49 
34 85 45 
83 34 
49 50 96 
60 7 
96 89 60 
77 66 
46 5 
45 39 75 
26 31 
7 41 
15 20 58 
41 91 17 
75 25 55 36 
31 68 
50 72 
38 78 71 
66 44 
68 35 
35 80 
5 24 
85 77 
19 
44 57 
24 
65 37 
12 6 
10 27 
37 
52 
71 14 82 
36 
3 
17 94 
89 86 
72 
27 
80 43 
6 
47 
16 
78 
39 
82 
14 92 
86 
8 
74 
94 
58 
57 
21 
59 
20 
91 
97 59 
98 
95 
13 61 
67 
99 
55 
43 
92 
25 
30 
61 
48 
1 
11 
9 
# clone tree 61 objective: 5.00083
0 10 28 
28 99 95 51 90 
90 19 32 
4 15 70 
32 38 4 
70 65 18 
18 74 87 
87 23 
51 12 62 
23 93 
62 52 81 
93 46 69 
69 3 64 
81 42 
42 48 84 
84 16 54 
64 26 88 
54 97 73 
73 61 67 13 2 
88 8 22 
2 33 
79 53 
33 76 
76 47 63 
53 1 40 
22 29 
63 11 56 
29 79 
40 21 83 
56 98 49 
34 85 45 
83 34 
49 50 96 
60 7 
96 89 60 
77 66 
46 5 
45 39 75 
26 31 
7 41 
15 20 58 
41 91 17 
75 25 55 36 
31 68 
50 72 
38 78 71 
66 44 
68 35 
35 80 
5 24 
85 77 
19 
44 57 
24 
65 37 
12 6 
10 27 
37 
52 
71 14 82 
36 
3 
17 30 94 
89 9 86 
72 
27 
80 43 
6 
47 
16 
78 
39 
82 
14 92 
86 
8 
74 
94 
58 
57 
21 
59 
20 
91 
97 59 
98 
95 
13 
67 
99 
55 
43 
92 
25 
30 
61 
48 
1 
11 
9 
# clone tree 62 objective: 5.00083
0 10 28 
28 95 51 90 
90 11 19 32 
4 15 70 
32 48 38 4 
70 13 65 18 
18 74 87 
87 23 
51 12 62 
23 93 
62 52 81 
93 46 69 
69 3 64 
81 42 
42 84 
84 16 54 
64 26 88 
54 97 73 
73 2 
88 8 22 
2 33 
79 53 
33 76 
76 47 63 
53 40 
22 29 
63 56 
29 79 
40 21 83 
56 98 49 
34 85 45 
83 34 
49 50 96 
60 1 7 
96 89 60 
77 66 
46 5 
45 39 75 
26 31 
7 41 
15 20 58 
41 91 17 
75 55 36 
31 68 
50 72 
38 78 71 
66 44 
68 35 
35 80 
5 24 
85 77 
19 
44 67 57 
24 
65 37 
12 92 6 
10 30 27 
37 25 
52 61 
71 14 82 
36 
3 
17 94 
89 86 
72 
27 
80 43 
6 
47 
16 
78 
39 9 
82 
14 
86 
8 
74 
94 
58 
57 
21 
59 
20 
91 
97 59 
98 
95 99 
13 
67 
99 
55 
43 
92 
25 
30 
61 
48 
1 
11 
9 
# clone tree 63 objective: 5.00083
0 10 28 
28 99 95 51 90 
90 19 32 
4 15 70 
32 38 4 
70 65 18 
18 74 87 
87 23 
51 12 62 
23 93 
62 52 81 
93 46 69 
69 3 64 
81 42 
42 84 
84 16 54 
64 26 88 
54 97 73 
73 67 13 2 
88 30 8 22 
2 33 
79 53 
33 9 76 
76 47 63 
53 40 
22 29 
63 56 
29 79 
40 21 83 
56 98 49 
34 85 45 
83 34 
49 50 96 
60 7 
96 89 60 
77 66 
46 5 
45 39 75 
26 31 
7 41 
15 20 58 
41 91 17 
75 55 36 
31 68 
50 72 
38 78 71 
66 44 
68 35 
35 80 
5 24 
85 77 
19 
44 57 
24 48 
65 37 
12 6 
10 27 
37 61 
52 
71 14 82 
36 
3 
17 25 94 
89 86 
72 
27 
80 
6 92 
47 
16 1 
78 
39 
82 43 
14 
86 
8 
74 
94 
58 
57 
21 
59 11 
20 
91 
97 59 
98 
95 
13 
67 
99 
55 
43 
92 
25 
30 
61 
48 
1 
11 
9 
# clone tree 64 objective: 5.00083
0 61 10 28 
28 95 51 90 
90 19 32 
4 15 70 
32 38 4 
70 13 65 18 
18 30 74 87 
87 23 
51 12 62 
23 93 
62 52 81 
93 46 69 
69 3 64 
81 42 
42 84 
84 16 54 
64 26 88 
54 97 73 
73 2 
88 8 22 
2 33 
79 53 
33 76 
76 47 63 
53 40 
22 29 
63 56 
29 79 
40 21 83 
56 98 49 
34 85 45 
83 34 
49 50 96 
60 7 
96 89 60 
77 66 
46 5 
45 1 39 75 
26 31 
7 41 
15 20 58 
41 9 91 17 
75 55 36 
31 68 
50 72 
38 78 71 
66 44 
68 35 
35 80 
5 24 
85 77 
19 
44 67 57 
24 
65 37 
12 92 6 
10 27 
37 25 
52 
71 14 82 
36 
3 
17 94 
89 86 
72 
27 
80 43 
6 
47 
16 
78 
39 48 
82 
14 
86 
8 
74 
94 
58 
57 
21 
59 
20 
91 11 
97 59 
98 
95 99 
13 
67 
99 
55 
43 
92 
25 
30 
61 
48 
1 
11 
9 
# clone tree 65 objective: 5.00083
0 10 28 
28 99 95 51 90 
90 19 32 
4 15 70 
32 48 38 4 
70 65 18 
18 74 87 
87 23 
51 27 12 62 
23 93 
62 52 81 
93 46 69 
69 3 64 
81 42 
42 84 
84 16 54 
64 26 88 
54 97 73 
73 13 2 
88 8 22 
2 33 
79 53 
33 76 
76 47 63 
53 40 
22 29 
63 11 56 
29 25 79 
40 21 83 
56 98 49 
34 85 45 
83 30 34 
49 50 96 
60 7 
96 89 60 
77 66 
46 5 
45 1 39 75 
26 31 
7 41 
15 20 58 
41 91 17 
75 55 36 
31 68 
50 72 
38 78 71 
66 44 
68 35 
35 80 
5 24 
85 77 
19 
44 67 57 
24 
65 37 
12 6 
10 
37 
52 
71 14 82 
36 
3 
17 9 94 
89 86 
72 
27 
80 
6 
47 
16 
78 92 
39 
82 43 
14 
86 
8 61 
74 
94 
58 
57 
21 
59 
20 
91 
97 59 
98 
95 
13 
67 
99 
55 
43 
92 
25 
30 
61 
48 
1 
11 
9 
# clone tree 66 objective: 5.00083
0 9 61 10 28 
28 95 51 90 
90 19 32 
4 15 70 
32 38 4 
70 13 65 18 
18 30 74 87 
87 23 
51 12 62 
23 93 
62 52 81 
93 46 69 
69 3 64 
81 42 
42 84 
84 16 54 
64 26 88 
54 97 73 
73 2 
88 8 22 
2 33 
79 53 
33 76 
76 47 63 
53 40 
22 29 
63 56 
29 79 
40 21 83 
56 98 49 
34 85 45 
83 34 
49 50 96 
60 7 
96 89 60 
77 66 
46 5 
45 39 75 
26 31 
7 41 
15 20 58 
41 91 17 
75 55 36 
31 68 
50 72 
38 78 71 
66 44 
68 35 
35 80 
5 24 
85 77 
19 
44 67 57 
24 
65 37 
12 92 6 
10 27 
37 25 
52 
71 14 82 
36 
3 
17 94 
89 86 
72 
27 
80 43 
6 
47 
16 1 
78 
39 48 
82 11 
14 
86 
8 
74 
94 
58 
57 
21 
59 
20 
91 
97 59 
98 
95 99 
13 
67 
99 
55 
43 
92 
25 
30 
61 
48 
1 
11 
9 
# clone tree 67 objective: 5.00083
0 61 10 28 
28 95 51 90 
90 19 32 
4 15 70 
32 38 4 
70 13 65 18 
18 30 74 87 
87 23 
51 12 62 
23 93 
62 52 81 
93 46 69 
69 3 64 
81 42 
42 84 
84 16 54 
64 26 88 
54 97 73 
73 2 
88 8 22 
2 33 
79 53 
33 76 
76 47 63 
53 40 
22 29 
63 56 
29 79 
40 21 83 
56 9 98 49 
34 85 45 
83 34 
49 50 96 
60 7 
96 89 60 
77 66 
46 5 
45 1 39 75 
26 31 
7 41 
15 20 58 
41 91 17 
75 55 36 
31 68 
50 72 
38 78 71 
66 44 
68 35 
35 80 
5 24 
85 77 
19 
44 67 57 
24 
65 37 
12 92 6 
10 27 
37 25 
52 
71 14 82 
36 
3 
17 94 
89 86 
72 
27 
80 43 
6 
47 
16 
78 
39 48 
82 
14 
86 
8 
74 
94 
58 
57 
21 
59 
20 
91 11 
97 59 
98 
95 99 
13 
67 
99 
55 
43 
92 
25 
30 
61 
48 
1 
11 
9 
# clone tree 68 objective: 5.00083
0 10 28 
28 99 95 51 90 
90 19 32 
4 15 70 
32 38 4 
70 65 18 
18 74 87 
87 11 23 
51 30 12 62 
23 93 
62 52 81 
93 46 69 
69 3 64 
81 42 
42 84 
84 16 54 
64 26 88 
54 97 73 
73 67 13 2 
88 8 22 
2 33 
79 53 
33 76 
76 47 63 
53 40 
22 29 
63 56 
29 79 
40 21 83 
56 98 49 
34 85 45 
83 34 
49 50 96 
60 7 
96 89 60 
77 66 
46 5 
45 39 75 
26 31 
7 41 
15 20 58 
41 91 17 
75 25 55 36 
31 68 
50 72 
38 78 71 
66 44 
68 35 
35 80 
5 24 
85 77 
19 
44 57 
24 
65 37 
12 6 
10 27 
37 
52 1 
71 14 82 
36 
3 48 
17 94 
89 86 
72 
27 
80 43 
6 
47 
16 
78 
39 
82 
14 92 
86 9 
8 61 
74 
94 
58 
57 
21 
59 
20 
91 
97 59 
98 
95 
13 
67 
99 
55 
43 
92 
25 
30 
61 
48 
1 
11 
9 
# clone tree 69 objective: 5.00083
0 10 28 
28 99 95 51 90 
90 19 32 
4 15 70 
32 38 4 
70 65 18 
18 74 87 
87 11 23 
51 12 62 
23 93 
62 52 81 
93 46 69 
69 3 64 
81 42 
42 84 
84 16 54 
64 26 88 
54 97 73 
73 67 13 2 
88 8 22 
2 33 
79 53 
33 76 
76 30 47 63 
53 40 
22 29 
63 56 
29 79 
40 21 83 
56 98 49 
34 85 45 
83 34 
49 50 96 
60 1 7 
96 89 60 
77 66 
46 5 
45 39 75 
26 31 
7 41 
15 20 58 
41 91 17 
75 55 36 
31 68 
50 72 
38 78 71 
66 44 
68 35 
35 80 
5 24 
85 77 
19 
44 57 
24 
65 37 
12 6 
10 27 
37 48 
52 
71 14 82 
36 
3 
17 25 94 
89 86 
72 
27 
80 
6 92 
47 
16 
78 
39 
82 43 
14 
86 
8 
74 
94 
58 
57 
21 
59 9 
20 
91 
97 59 
98 
95 
13 61 
67 
99 
55 
43 
92 
25 
30 
61 
48 
1 
11 
9 
# clone tree 70 objective: 5.00083
0 10 28 
28 95 51 90 
90 11 19 32 
4 15 70 
32 38 4 
70 13 65 18 
18 74 87 
87 23 
51 12 62 
23 93 
62 52 81 
93 46 69 
69 3 64 
81 42 
42 84 
84 16 54 
64 26 88 
54 97 73 
73 2 
88 30 8 22 
2 33 
79 53 
33 76 
76 47 63 
53 40 
22 29 
63 56 
29 79 
40 21 83 
56 98 49 
34 85 45 
83 34 
49 50 96 
60 7 
96 89 60 
77 66 
46 5 
45 39 75 
26 31 
7 41 
15 20 58 
41 91 17 
75 55 36 
31 68 
50 72 
38 78 71 
66 44 
68 9 35 
35 80 
5 24 
85 77 
19 
44 67 57 
24 1 
65 37 
12 92 6 
10 27 
37 25 
52 
71 14 82 
36 
3 
17 94 
89 86 
72 
27 
80 43 
6 
47 
16 
78 
39 
82 
14 
86 
8 
74 
94 48 
58 
57 
21 
59 
20 
91 
97 59 
98 
95 99 
13 61 
67 
99 
55 
43 
92 
25 
30 
61 
48 
1 
11 
9 
# clone tree 71 objective: 5.00083
0 61 10 28 
28 99 95 51 90 
90 19 32 
4 15 70 
32 38 4 
70 65 18 
18 74 87 
87 23 
51 12 62 
23 93 
62 52 81 
93 46 69 
69 3 64 
81 42 
42 9 84 
84 16 54 
64 26 88 
54 97 73 
73 67 13 2 
88 8 22 
2 33 
79 53 
33 76 
76 47 63 
53 40 
22 29 
63 56 
29 79 
40 21 83 
56 98 49 
34 85 45 
83 34 
49 50 96 
60 7 
96 89 60 
77 1 66 
46 5 
45 39 75 
26 31 
7 41 
15 20 58 
41 91 17 
75 55 36 
31 68 
50 72 
38 78 71 
66 44 
68 35 
35 80 
5 24 
85 77 
19 
44 57 
24 
65 37 
12 6 
10 30 27 
37 25 
52 
71 14 82 
36 
3 
17 94 
89 86 
72 
27 
80 43 
6 
47 
16 
78 
39 
82 
14 
86 
8 
74 
94 48 
58 
57 
21 92 
59 11 
20 
91 
97 59 
98 
95 
13 
67 
99 
55 
43 
92 
25 
30 
61 
48 
1 
11 
9 
# clone tree 72 objective: 5.00083
0 10 28 
28 1 99 95 51 90 
90 19 32 
4 15 70 
32 48 38 4 
70 13 65 18 
18 74 87 
87 23 
51 27 12 62 
23 93 
62 52 81 
93 46 69 
69 3 64 
81 42 
42 84 
84 16 54 
64 26 88 
54 97 73 
73 61 67 2 
88 8 22 
2 11 33 
79 53 
33 9 25 76 
76 47 63 
53 40 
22 29 
63 56 
29 79 
40 21 83 
56 98 49 
34 85 45 
83 30 34 
49 50 96 
60 7 
96 89 60 
77 66 
46 5 
45 39 75 
26 31 
7 41 
15 20 58 
41 91 17 
75 55 36 
31 68 
50 72 
38 78 71 
66 44 
68 35 
35 80 
5 24 
85 77 
19 
44 57 
24 
65 37 
12 6 
10 
37 
52 
71 14 82 
36 
3 
17 94 
89 86 
72 
27 
80 43 
6 92 
47 
16 
78 
39 
82 
14 
86 
8 
74 
94 
58 
57 
21 
59 
20 
91 
97 59 
98 
95 
13 
67 
99 
55 
43 
92 
25 
30 
61 
48 
1 
11 
9 
# clone tree 73 objective: 5.00083
0 48 10 28 
28 95 51 90 
90 19 32 
4 15 70 
32 38 4 
70 13 65 18 
18 74 87 
87 23 
51 12 62 
23 93 
62 52 81 
93 46 69 
69 3 64 
81 42 
42 84 
84 16 54 
64 26 88 
54 97 73 
73 2 
88 8 22 
2 33 
79 53 
33 76 
76 47 63 
53 40 
22 29 
63 56 
29 79 
40 21 83 
56 98 49 
34 85 45 
83 34 
49 50 96 
60 1 7 
96 89 60 
77 66 
46 5 
45 9 39 75 
26 31 
7 41 
15 20 58 
41 91 17 
75 55 36 
31 68 
50 72 
38 78 71 
66 44 
68 35 
35 80 
5 24 
85 77 
19 
44 67 57 
24 
65 37 
12 92 6 
10 30 27 
37 25 
52 
71 14 82 
36 
3 
17 94 
89 86 
72 
27 
80 43 
6 
47 
16 11 
78 
39 
82 
14 
86 
8 61 
74 
94 
58 
57 
21 
59 
20 
91 
97 59 
98 
95 99 
13 
67 
99 
55 
43 
92 
25 
30 
61 
48 
1 
11 
9 
# clone tree 74 objective: 5.00083
0 48 10 28 
28 95 51 90 
90 19 32 
4 30 15 70 
32 38 4 
70 13 65 18 
18 74 87 
87 23 
51 27 12 62 
23 93 
62 52 81 
93 46 69 
69 3 64 
81 61 42 
42 84 
84 16 54 
64 26 88 
54 97 73 
73 67 2 
88 8 22 
2 33 
79 53 
33 76 
76 47 63 
53 40 
22 29 
63 56 
29 79 
40 21 83 
56 98 49 
34 85 45 
83 34 
49 50 96 
60 7 
96 89 60 
77 66 
46 5 
45 1 39 75 
26 31 
7 41 
15 20 58 
41 91 17 
75 55 36 
31 68 
50 72 
38 78 71 
66 44 
68 35 
35 80 
5 24 
85 77 
19 25 
44 57 
24 
65 37 
12 6 
10 
37 
52 
71 14 82 
36 
3 
17 94 
89 86 
72 
27 
80 
6 
47 
16 11 
78 92 
39 
82 43 
14 
86 
8 
74 
94 
58 
57 
21 
59 
20 9 
91 
97 59 
98 
95 99 
13 
67 
99 
55 
43 
92 
25 
30 
61 
48 
1 
11 
9 
# clone tree 75 objective: 5.00083
0 61 10 28 
28 95 51 90 
90 19 32 
4 15 70 
32 38 4 
70 13 65 18 
18 30 74 87 
87 23 
51 12 62 
23 93 
62 52 81 
93 46 69 
69 3 64 
81 42 
42 84 
84 16 54 
64 26 88 
54 97 73 
73 2 
88 8 22 
2 33 
79 53 
33 76 
76 47 63 
53 40 
22 29 
63 56 
29 79 
40 21 83 
56 98 49 
34 85 45 
83 34 
49 50 96 
60 7 
96 89 60 
77 66 
46 5 
45 1 39 75 
26 31 
7 41 
15 20 58 
41 9 91 17 
75 55 36 
31 68 
50 72 
38 78 71 
66 44 
68 35 
35 80 
5 24 
85 77 
19 
44 67 57 
24 
65 37 
12 92 6 
10 27 
37 25 
52 
71 14 82 
36 11 
3 
17 94 
89 86 
72 
27 
80 43 
6 
47 
16 
78 
39 48 
82 
14 
86 
8 
74 
94 
58 
57 
21 
59 
20 
91 
97 59 
98 
95 99 
13 
67 
99 
55 
43 
92 
25 
30 
61 
48 
1 
11 
9 
# clone tree 76 objective: 5.00083
0 10 28 
28 99 95 51 90 
90 19 32 
4 15 70 
32 48 38 4 
70 65 18 
18 74 87 
87 23 
51 27 12 62 
23 93 
62 52 81 
93 46 69 
69 3 64 
81 42 
42 84 
84 16 54 
64 9 26 88 
54 97 73 
73 13 2 
88 8 22 
2 33 
79 53 
33 76 
76 47 63 
53 40 
22 29 
63 11 56 
29 25 79 
40 21 83 
56 98 49 
34 85 45 
83 30 34 
49 50 96 
60 7 
96 89 60 
77 66 
46 5 
45 1 39 75 
26 31 
7 41 
15 20 58 
41 91 17 
75 55 36 
31 68 
50 72 
38 78 71 
66 44 
68 35 
35 80 
5 24 
85 77 
19 
44 67 57 
24 
65 37 
12 6 
10 
37 
52 
71 14 82 
36 
3 
17 94 
89 86 
72 
27 
80 
6 
47 
16 
78 92 
39 
82 43 
14 
86 
8 61 
74 
94 
58 
57 
21 
59 
20 
91 
97 59 
98 
95 
13 
67 
99 
55 
43 
92 
25 
30 
61 
48 
1 
11 
9 
# clone tree 77 objective: 5.00083
0 10 28 
28 95 51 90 
90 11 19 32 
4 15 70 
32 38 4 
70 67 65 18 
18 74 87 
87 23 
51 27 12 62 
23 93 
62 52 81 
93 46 69 
69 3 64 
81 42 
42 84 
84 16 54 
64 26 88 
54 97 73 
73 13 2 
88 30 8 22 
2 33 
79 53 
33 76 
76 47 63 
53 40 
22 29 
63 56 
29 79 
40 21 83 
56 98 49 
34 85 45 
83 34 
49 50 96 
60 7 
96 89 60 
77 66 
46 5 
45 39 75 
26 31 
7 41 
15 20 58 
41 91 17 
75 55 36 
31 68 
50 72 
38 78 71 
66 44 
68 35 
35 80 
5 24 
85 9 77 
19 
44 61 57 
24 
65 37 
12 6 
10 
37 
52 
71 14 82 
36 
3 
17 94 
89 86 
72 
27 25 
80 
6 
47 1 
16 
78 
39 
82 43 
14 92 
86 
8 
74 
94 
58 48 
57 
21 
59 
20 
91 
97 59 
98 
95 99 
13 
67 
99 
55 
43 
92 
25 
30 
61 
48 
1 
11 
9 
# clone tree 78 objective: 5.00083
0 10 28 
28 99 95 51 90 
90 19 32 
4 15 70 
32 38 4 
70 9 13 65 18 
18 74 87 
87 23 
51 27 12 62 
23 93 
62 52 81 
93 46 69 
69 3 64 
81 42 
42 84 
84 16 54 
64 26 88 
54 97 73 
73 67 2 
88 8 22 
2 33 
79 53 
33 25 76 
76 47 63 
53 40 
22 29 
63 11 56 
29 79 
40 21 83 
56 98 49 
34 85 45 
83 30 34 
49 50 96 
60 7 
96 89 60 
77 66 
46 5 
45 39 75 
26 31 
7 41 
15 20 58 
41 91 17 
75 55 36 
31 68 
50 48 72 
38 78 71 
66 44 
68 35 
35 80 
5 24 
85 77 
19 
44 57 
24 
65 37 
12 6 
10 
37 
52 61 
71 14 82 
36 
3 
17 94 
89 86 
72 
27 
80 43 
6 92 
47 
16 
78 
39 
82 
14 
86 
8 
74 
94 
58 
57 
21 
59 
20 
91 
97 59 
98 
95 
13 
67 
99 1 
55 
43 
92 
25 
30 
61 
48 
1 
11 
9 
# clone tree 79 objective: 5.00083
0 48 10 28 
28 95 51 90 
90 11 19 32 
4 15 70 
32 38 4 
70 13 65 18 
18 74 87 
87 23 
51 12 62 
23 93 
62 52 81 
93 46 69 
69 3 64 
81 42 
42 84 
84 16 54 
64 26 88 
54 97 73 
73 2 
88 8 22 
2 33 
79 53 
33 76 
76 47 63 
53 40 
22 29 
63 56 
29 79 
40 21 83 
56 98 49 
34 85 45 
83 34 
49 50 96 
60 1 7 
96 89 60 
77 66 
46 5 
45 39 75 
26 31 
7 41 
15 20 58 
41 91 17 
75 55 36 
31 68 
50 72 
38 78 71 
66 44 
68 35 
35 80 
5 24 
85 9 77 
19 
44 67 57 
24 
65 37 
12 92 6 
10 30 27 
37 25 
52 
71 14 82 
36 
3 
17 94 
89 86 
72 
27 
80 43 
6 
47 
16 
78 
39 
82 
14 
86 
8 61 
74 
94 
58 
57 
21 
59 
20 
91 
97 59 
98 
95 99 
13 
67 
99 
55 
43 
92 
25 
30 
61 
48 
1 
11 
9 
# clone tree 80 objective: 5.00083
0 61 10 28 
28 95 51 90 
90 19 32 
4 15 70 
32 38 4 
70 13 65 18 
18 30 74 87 
87 23 
51 12 62 
23 93 
62 52 81 
93 46 69 
69 3 64 
81 42 
42 84 
84 16 54 
64 26 88 
54 97 73 
73 2 
88 8 22 
2 33 
79 53 
33 76 
76 47 63 
53 40 
22 29 
63 56 
29 79 
40 21 83 
56 98 49 
34 85 45 
83 34 
49 50 96 
60 7 
96 89 60 
77 66 
46 5 
45 39 75 
26 31 
7 41 
15 20 58 
41 91 17 
75 55 36 
31 68 
50 72 
38 78 71 
66 44 
68 35 
35 80 
5 24 
85 77 
19 
44 67 57 
24 
65 37 
12 92 6 
10 27 
37 25 
52 
71 14 82 
36 
3 
17 94 
89 86 
72 
27 
80 9 1 43 
6 
47 
16 
78 
39 48 
82 
14 
86 
8 
74 
94 
58 
57 
21 
59 11 
20 
91 
97 59 
98 
95 99 
13 
67 
99 
55 
43 
92 
25 
30 
61 
48 
1 
11 
9 
# clone tree 81 objective: 5.00083
0 10 28 
28 99 95 51 90 
90 19 32 
4 15 70 
32 48 38 4 
70 65 18 
18 30 74 87 
87 23 
51 12 62 
23 93 
62 52 81 
93 46 69 
69 3 64 
81 42 
42 84 
84 16 54 
64 26 88 
54 97 73 
73 67 13 2 
88 8 22 
2 33 
79 53 
33 76 
76 47 63 
53 40 
22 29 
63 56 
29 79 
40 21 83 
56 98 49 
34 85 45 
83 34 
49 50 96 
60 7 
96 89 60 
77 66 
46 5 
45 39 75 
26 31 
7 41 
15 20 58 
41 91 17 
75 25 55 36 
31 68 
50 72 
38 78 71 
66 44 
68 35 
35 80 
5 24 
85 77 
19 
44 57 
24 
65 37 
12 6 
10 27 
37 
52 9 
71 14 82 
36 
3 
17 94 
89 86 
72 
27 
80 43 
6 
47 
16 1 
78 
39 
82 
14 92 
86 
8 
74 
94 
58 
57 
21 
59 
20 
91 
97 59 
98 
95 
13 61 
67 
99 
55 11 
43 
92 
25 
30 
61 
48 
1 
11 
9 
# clone tree 82 objective: 5.00083
0 25 10 28 
28 99 95 51 90 
90 19 32 
4 30 15 70 
32 38 4 
70 65 18 
18 74 87 
87 23 
51 27 12 62 
23 93 
62 52 81 
93 46 69 
69 3 64 
81 42 
42 84 
84 16 54 
64 26 88 
54 97 73 
73 13 2 
88 8 22 
2 33 
79 53 
33 76 
76 47 63 
53 40 
22 29 
63 56 
29 79 
40 21 83 
56 98 49 
34 85 45 
83 34 
49 50 96 
60 7 
96 89 60 
77 66 
46 5 
45 1 39 75 
26 31 
7 41 
15 61 20 58 
41 91 17 
75 55 36 
31 68 
50 72 
38 78 71 
66 44 
68 35 
35 80 
5 24 
85 77 
19 9 
44 48 67 57 
24 
65 37 
12 6 
10 
37 
52 
71 14 82 
36 
3 
17 94 
89 86 
72 
27 
80 
6 
47 
16 11 
78 
39 
82 43 
14 92 
86 
8 
74 
94 
58 
57 
21 
59 
20 
91 
97 59 
98 
95 
13 
67 
99 
55 
43 
92 
25 
30 
61 
48 
1 
11 
9 
# clone tree 83 objective: 5.00083
0 25 10 28 
28 99 95 51 90 
90 19 32 
4 30 15 70 
32 38 4 
70 65 18 
18 74 87 
87 23 
51 27 12 62 
23 93 
62 52 81 
93 46 69 
69 3 64 
81 42 
42 84 
84 16 54 
64 26 88 
54 97 73 
73 13 2 
88 8 22 
2 33 
79 53 
33 76 
76 47 63 
53 40 
22 29 
63 56 
29 79 
40 21 83 
56 98 49 
34 85 45 
83 34 
49 50 96 
60 7 
96 89 60 
77 66 
46 5 
45 1 39 75 
26 31 
7 41 
15 61 20 58 
41 91 17 
75 55 36 
31 68 
50 72 
38 78 71 
66 44 
68 35 
35 80 
5 24 
85 77 
19 
44 48 67 57 
24 
65 11 37 
12 6 
10 
37 
52 
71 14 82 
36 
3 
17 94 
89 86 
72 9 
27 
80 
6 
47 
16 
78 
39 
82 43 
14 92 
86 
8 
74 
94 
58 
57 
21 
59 
20 
91 
97 59 
98 
95 
13 
67 
99 
55 
43 
92 
25 
30 
61 
48 
1 
11 
9 
# clone tree 84 objective: 5.00083
0 10 28 
28 99 95 51 90 
90 19 32 
4 15 70 
32 38 4 
70 65 18 
18 74 87 
87 23 
51 30 12 62 
23 93 
62 52 81 
93 46 69 
69 3 64 
81 42 
42 84 
84 16 54 
64 26 88 
54 97 73 
73 67 13 2 
88 8 22 
2 33 
79 53 
33 76 
76 47 63 
53 1 40 
22 29 
63 56 
29 79 
40 21 83 
56 98 49 
34 85 45 
83 34 
49 50 96 
60 7 
96 89 60 
77 66 
46 5 
45 39 75 
26 31 
7 41 
15 20 58 
41 91 17 
75 25 55 36 
31 68 
50 72 
38 78 71 
66 44 
68 35 
35 80 
5 24 
85 77 
19 
44 57 
24 
65 37 
12 6 
10 27 
37 
52 
71 14 82 
36 
3 
17 94 
89 86 
72 
27 
80 43 
6 
47 
16 11 
78 9 
39 
82 
14 92 
86 
8 61 
74 
94 48 
58 
57 
21 
59 
20 
91 
97 59 
98 
95 
13 
67 
99 
55 
43 
92 
25 
30 
61 
48 
1 
11 
9 
# clone tree 85 objective: 5.00083
0 10 28 
28 99 95 51 90 
90 19 32 
4 15 70 
32 38 4 
70 65 18 
18 74 87 
87 23 
51 12 62 
23 48 93 
62 52 81 
93 46 69 
69 3 64 
81 42 
42 84 
84 1 16 54 
64 26 88 
54 97 73 
73 67 13 2 
88 30 8 22 
2 33 
79 53 
33 76 
76 47 63 
53 40 
22 29 
63 56 
29 79 
40 21 83 
56 98 49 
34 85 45 
83 9 34 
49 50 96 
60 7 
96 89 60 
77 66 
46 5 
45 39 75 
26 31 
7 41 
15 20 58 
41 91 17 
75 11 55 36 
31 68 
50 72 
38 78 71 
66 44 
68 35 
35 80 
5 24 
85 77 
19 
44 57 
24 
65 37 
12 6 
10 27 
37 
52 
71 14 82 
36 
3 
17 25 94 
89 86 
72 
27 
80 
6 92 
47 
16 
78 
39 
82 43 
14 
86 
8 61 
74 
94 
58 
57 
21 
59 
20 
91 
97 59 
98 
95 
13 
67 
99 
55 
43 
92 
25 
30 
61 
48 
1 
11 
9 
# clone tree 86 objective: 5.00083
0 48 10 28 
28 95 51 90 
90 19 32 
4 15 70 
32 38 4 
70 67 65 18 
18 30 74 87 
87 23 
51 27 12 62 
23 93 
62 52 81 
93 46 69 
69 3 64 
81 42 
42 84 
84 16 54 
64 26 88 
54 97 73 
73 13 2 
88 8 22 
2 11 33 
79 53 
33 76 
76 47 63 
53 40 
22 29 
63 56 
29 79 
40 21 83 
56 98 49 
34 85 45 
83 34 
49 50 96 
60 7 
96 89 60 
77 66 
46 5 
45 39 75 
26 31 
7 41 
15 20 58 
41 91 17 
75 55 36 
31 68 
50 72 
38 78 71 
66 44 
68 35 
35 80 
5 24 
85 25 77 
19 
44 57 
24 
65 37 
12 6 
10 
37 61 
52 
71 14 82 
36 
3 
17 94 
89 86 
72 
27 
80 
6 
47 
16 
78 
39 
82 9 43 
14 
86 
8 
74 
94 
58 
57 
21 92 
59 
20 
91 
97 59 
98 
95 99 
13 
67 
99 1 
55 
43 
92 
25 
30 
61 
48 
1 
11 
9 
# clone tree 87 objective: 5.00083
0 61 10 28 
28 95 51 90 
90 19 32 
4 15 70 
32 38 4 
70 13 65 18 
18 30 74 87 
87 23 
51 12 62 
23 93 
62 52 81 
93 46 69 
69 3 64 
81 42 
42 84 
84 16 54 
64 26 88 
54 97 73 
73 2 
88 8 22 
2 33 
79 53 
33 76 
76 47 63 
53 40 
22 29 
63 56 
29 79 
40 21 83 
56 98 49 
34 85 45 
83 34 
49 50 96 
60 7 
96 89 60 
77 66 
46 5 
45 39 75 
26 31 
7 41 
15 20 58 
41 91 17 
75 55 36 
31 68 
50 72 
38 78 71 
66 44 
68 35 
35 80 
5 24 
85 77 
19 
44 67 57 
24 
65 37 
12 92 6 
10 27 
37 25 
52 
71 14 82 
36 
3 
17 94 
89 86 
72 
27 
80 43 
6 
47 
16 1 
78 
39 48 
82 
14 
86 
8 
74 
94 
58 
57 
21 
59 
20 
91 11 
97 59 
98 
95 99 
13 
67 
99 
55 
43 
92 
25 
30 
61 
48 
1 9 
11 
9 
# clone tree 88 objective: 5.00083
0 10 28 
28 99 95 51 90 
90 19 32 
4 15 70 
32 38 4 
70 61 65 18 
18 74 87 
87 11 23 
51 27 12 62 
23 93 
62 52 81 
93 46 69 
69 3 64 
81 42 
42 84 
84 16 54 
64 26 88 
54 97 73 
73 13 2 
88 8 22 
2 33 
79 53 
33 76 
76 47 63 
53 40 
22 29 
63 56 
29 79 
40 21 83 
56 98 49 
34 85 45 
83 34 
49 50 96 
60 7 
96 89 60 
77 66 
46 5 
45 39 75 
26 30 31 
7 41 
15 20 58 
41 91 17 
75 55 36 
31 68 
50 48 72 
38 78 71 
66 44 
68 35 
35 80 
5 24 
85 77 
19 
44 67 57 
24 
65 37 
12 6 
10 25 
37 
52 
71 14 82 
36 
3 
17 94 
89 86 
72 
27 
80 1 
6 
47 
16 
78 
39 
82 43 
14 92 
86 
8 
74 
94 
58 
57 
21 
59 
20 
91 
97 59 
98 
95 
13 9 
67 
99 
55 
43 
92 
25 
30 
61 
48 
1 
11 
9 
# clone tree 89 objective: 5.00083
0 48 10 28 
28 95 51 90 
90 19 32 
4 15 70 
32 38 4 
70 13 65 18 
18 74 87 
87 23 
51 12 62 
23 93 
62 52 81 
93 46 69 
69 3 64 
81 42 
42 84 
84 16 54 
64 26 88 
54 97 73 
73 2 
88 8 22 
2 33 
79 53 
33 76 
76 47 63 
53 40 
22 29 
63 56 
29 79 
40 21 83 
56 98 49 
34 85 45 
83 34 
49 50 96 
60 7 
96 89 60 
77 66 
46 5 
45 1 39 75 
26 31 
7 41 
15 20 58 
41 91 17 
75 55 36 
31 68 
50 72 
38 78 71 
66 44 
68 35 
35 80 
5 24 
85 77 
19 
44 67 57 
24 9 
65 37 
12 92 6 
10 30 27 
37 25 
52 61 
71 14 82 
36 
3 
17 94 
89 86 
72 
27 
80 43 
6 
47 
16 11 
78 
39 
82 
14 
86 
8 
74 
94 
58 
57 
21 
59 
20 
91 
97 59 
98 
95 99 
13 
67 
99 
55 
43 
92 
25 
30 
61 
48 
1 
11 
9 
# clone tree 90 objective: 5.00083
0 61 10 28 
28 99 95 51 90 
90 19 32 
4 15 70 
32 38 4 
70 65 18 
18 74 87 
87 23 
51 12 62 
23 93 
62 52 81 
93 11 46 69 
69 3 64 
81 42 
42 84 
84 16 54 
64 26 88 
54 97 73 
73 67 13 2 
88 8 22 
2 33 
79 53 
33 76 
76 47 63 
53 40 
22 29 
63 56 
29 79 
40 21 83 
56 98 49 
34 85 45 
83 34 
49 50 96 
60 7 
96 89 60 
77 1 66 
46 5 
45 39 75 
26 31 
7 41 
15 20 58 
41 91 17 
75 55 36 
31 68 
50 72 
38 78 71 
66 44 
68 35 
35 80 
5 24 
85 77 
19 
44 57 
24 
65 37 
12 6 
10 30 27 
37 25 
52 
71 14 82 
36 
3 
17 94 
89 86 
72 
27 
80 43 
6 
47 
16 
78 
39 
82 
14 
86 
8 
74 
94 48 
58 
57 
21 92 
59 9 
20 
91 
97 59 
98 
95 
13 
67 
99 
55 
43 
92 
25 
30 
61 
48 
1 
11 
9 
# clone tree 91 objective: 5.00083
0 48 10 28 
28 1 95 51 90 
90 19 32 
4 15 70 
32 38 4 
70 13 65 18 
18 74 87 
87 23 
51 12 62 
23 93 
62 52 81 
93 46 69 
69 9 3 64 
81 42 
42 84 
84 16 54 
64 26 88 
54 97 73 
73 2 
88 8 22 
2 11 33 
79 53 
33 76 
76 47 63 
53 40 
22 29 
63 56 
29 79 
40 21 83 
56 98 49 
34 85 45 
83 34 
49 50 96 
60 7 
96 89 60 
77 66 
46 5 
45 39 75 
26 31 
7 41 
15 20 58 
41 91 17 
75 55 36 
31 68 
50 72 
38 78 71 
66 44 
68 35 
35 80 
5 24 
85 77 
19 
44 67 57 
24 
65 37 
12 92 6 
10 30 27 
37 25 
52 61 
71 14 82 
36 
3 
17 94 
89 86 
72 
27 
80 43 
6 
47 
16 
78 
39 
82 
14 
86 
8 
74 
94 
58 
57 
21 
59 
20 
91 
97 59 
98 
95 99 
13 
67 
99 
55 
43 
92 
25 
30 
61 
48 
1 
11 
9 
# clone tree 92 objective: 5.00083
0 10 28 
28 95 51 90 
90 19 32 
4 15 70 
32 38 4 
70 13 65 18 
18 74 87 
87 23 
51 12 62 
23 93 
62 52 81 
93 46 69 
69 3 64 
81 42 
42 84 
84 16 54 
64 26 88 
54 97 73 
73 2 
88 8 22 
2 33 
79 53 
33 76 
76 47 63 
53 40 
22 1 29 
63 56 
29 79 
40 21 83 
56 98 49 
34 11 85 45 
83 30 34 
49 50 96 
60 7 
96 89 60 
77 66 
46 5 
45 39 75 
26 31 
7 41 
15 61 20 58 
41 91 17 
75 55 36 
31 68 
50 72 
38 78 71 
66 44 
68 35 
35 80 
5 24 
85 77 
19 
44 67 57 
24 
65 48 37 
12 92 6 
10 27 
37 25 
52 
71 14 82 
36 
3 
17 94 
89 86 
72 
27 
80 43 
6 9 
47 
16 
78 
39 
82 
14 
86 
8 
74 
94 
58 
57 
21 
59 
20 
91 
97 59 
98 
95 99 
13 
67 
99 
55 
43 
92 
25 
30 
61 
48 
1 
11 
9 
# clone tree 93 objective: 5.00083
0 25 10 28 
28 99 95 51 90 
90 19 32 
4 15 70 
32 38 4 
70 65 18 
18 74 87 
87 11 23 
51 27 12 62 
23 93 
62 52 81 
93 46 69 
69 3 64 
81 42 
42 84 
84 16 54 
64 26 88 
54 97 73 
73 13 2 
88 30 8 22 
2 33 
79 53 
33 76 
76 47 63 
53 40 
22 1 29 
63 56 
29 79 
40 21 83 
56 98 49 
34 85 45 
83 34 
49 50 96 
60 7 
96 89 60 
77 9 66 
46 5 
45 39 75 
26 31 
7 41 
15 20 58 
41 91 17 
75 55 36 
31 68 
50 72 
38 78 71 
66 44 
68 35 
35 80 
5 24 
85 77 
19 
44 67 57 
24 48 
65 37 
12 6 
10 
37 
52 61 
71 14 82 
36 
3 
17 94 
89 86 
72 
27 
80 
6 
47 
16 
78 
39 
82 43 
14 92 
86 
8 
74 
94 
58 
57 
21 
59 
20 
91 
97 59 
98 
95 
13 
67 
99 
55 
43 
92 
25 
30 
61 
48 
1 
11 
9 
# clone tree 94 objective: 5.00083
0 25 10 28 
28 99 95 51 90 
90 19 32 
4 9 15 70 
32 38 4 
70 65 18 
18 74 87 
87 11 23 
51 27 12 62 
23 93 
62 52 81 
93 46 69 
69 3 64 
81 42 
42 84 
84 16 54 
64 26 88 
54 97 73 
73 13 2 
88 30 8 22 
2 33 
79 53 
33 76 
76 47 63 
53 40 
22 1 29 
63 56 
29 79 
40 21 83 
56 98 49 
34 85 45 
83 34 
49 50 96 
60 7 
96 89 60 
77 66 
46 5 
45 39 75 
26 31 
7 41 
15 20 58 
41 91 17 
75 55 36 
31 68 
50 72 
38 78 71 
66 44 
68 35 
35 80 
5 24 
85 77 
19 
44 67 57 
24 48 
65 37 
12 6 
10 
37 
52 61 
71 14 82 
36 
3 
17 94 
89 86 
72 
27 
80 
6 
47 
16 
78 
39 
82 43 
14 92 
86 
8 
74 
94 
58 
57 
21 
59 
20 
91 
97 59 
98 
95 
13 
67 
99 
55 
43 
92 
25 
30 
61 
48 
1 
11 
9 
# clone tree 95 objective: 5.00083
0 48 10 28 
28 95 51 90 
90 19 32 
4 15 70 
32 38 4 
70 13 65 18 
18 74 87 
87 23 
51 12 62 
23 93 
62 52 81 
93 46 69 
69 3 64 
81 42 
42 84 
84 16 54 
64 26 88 
54 97 73 
73 2 
88 8 22 
2 33 
79 53 
33 76 
76 47 63 
53 40 
22 29 
63 56 
29 79 
40 21 83 
56 98 49 
34 85 45 
83 34 
49 50 96 
60 7 
96 89 60 
77 66 
46 5 
45 1 39 75 
26 9 31 
7 41 
15 20 58 
41 91 17 
75 55 36 
31 68 
50 72 
38 78 71 
66 44 
68 35 
35 80 
5 24 
85 77 
19 
44 67 57 
24 
65 37 
12 92 6 
10 30 27 
37 25 
52 61 
71 14 82 
36 
3 
17 94 
89 86 
72 
27 
80 43 
6 
47 
16 
78 
39 
82 
14 
86 
8 
74 
94 
58 
57 
21 
59 11 
20 
91 
97 59 
98 
95 99 
13 
67 
99 
55 
43 
92 
25 
30 
61 
48 
1 
11 
9 
# clone tree 96 objective: 5.00083
0 61 10 28 
28 95 51 90 
90 19 32 
4 15 70 
32 38 4 
70 13 65 18 
18 30 74 87 
87 23 
51 12 62 
23 93 
62 52 81 
93 46 69 
69 3 64 
81 42 
42 84 
84 16 54 
64 26 88 
54 97 73 
73 2 
88 8 22 
2 11 33 
79 53 
33 76 
76 47 63 
53 40 
22 29 
63 56 
29 79 
40 21 83 
56 98 49 
34 85 45 
83 34 
49 50 96 
60 7 
96 89 60 
77 66 
46 5 
45 39 75 
26 31 
7 41 
15 20 58 
41 91 17 
75 55 36 
31 68 
50 72 
38 78 71 
66 44 
68 35 
35 80 
5 24 
85 77 
19 
44 67 57 
24 
65 37 
12 92 6 
10 27 
37 25 
52 
71 14 82 
36 
3 
17 94 
89 86 
72 
27 
80 43 
6 
47 
16 
78 1 
39 48 
82 
14 
86 
8 
74 
94 
58 
57 
21 
59 
20 
91 
97 59 
98 
95 99 
13 
67 
99 
55 9 
43 
92 
25 
30 
61 
48 
1 
11 
9 
# clone tree 97 objective: 5.00083
0 10 28 
28 99 95 51 90 
90 19 32 
4 15 70 
32 38 4 
70 65 18 
18 74 87 
87 23 
51 12 62 
23 93 
62 52 81 
93 46 69 
69 3 64 
81 42 
42 9 84 
84 16 54 
64 26 88 
54 97 73 
73 67 13 2 
88 30 8 22 
2 33 
79 53 
33 76 
76 47 63 
53 40 
22 29 
63 56 
29 79 
40 21 83 
56 98 49 
34 85 45 
83 34 
49 50 96 
60 7 
96 89 60 
77 66 
46 5 
45 39 75 
26 31 
7 41 
15 20 58 
41 91 17 
75 55 36 
31 68 
50 72 
38 78 71 
66 44 
68 35 
35 80 
5 24 
85 77 
19 
44 57 
24 
65 37 
12 6 
10 27 
37 
52 
71 14 82 
36 
3 
17 25 94 
89 86 
72 48 
27 
80 
6 92 
47 
16 
78 
39 
82 43 
14 
86 
8 61 
74 
94 
58 
57 
21 
59 
20 
91 
97 59 
98 
95 1 
13 
67 
99 
55 11 
43 
92 
25 
30 
61 
48 
1 
11 
9 
# clone tree 98 objective: 5.00083
0 10 28 
28 99 95 51 90 
90 19 32 
4 15 70 
32 38 4 
70 65 18 
18 74 87 
87 23 
51 12 62 
23 93 
62 52 81 
93 46 69 
69 3 64 
81 42 
42 84 
84 16 54 
64 26 88 
54 97 73 
73 67 13 2 
88 30 8 22 
2 33 
79 53 
33 76 
76 47 63 
53 40 
22 29 
63 56 
29 79 
40 21 83 
56 98 49 
34 85 45 
83 34 
49 50 96 
60 7 
96 89 60 
77 66 
46 5 
45 9 39 75 
26 31 
7 41 
15 20 58 
41 91 17 
75 55 36 
31 68 
50 72 
38 78 71 
66 44 
68 35 
35 80 
5 24 
85 77 
19 
44 57 
24 
65 37 
12 6 
10 27 
37 
52 
71 14 82 
36 
3 
17 25 94 
89 86 
72 48 
27 
80 
6 92 
47 
16 
78 
39 
82 43 
14 
86 
8 61 
74 
94 
58 
57 
21 
59 
20 
91 
97 59 
98 
95 1 
13 
67 
99 
55 11 
43 
92 
25 
30 
61 
48 
1 
11 
9 
# clone tree 99 objective: 5.00083
0 48 10 28 
28 95 51 90 
90 19 32 
4 15 70 
32 38 4 
70 13 65 18 
18 74 87 
87 23 
51 12 62 
23 93 
62 52 81 
93 46 69 
69 3 64 
81 42 
42 84 
84 16 54 
64 26 88 
54 97 73 
73 2 
88 8 22 
2 33 
79 53 
33 76 
76 47 63 
53 40 
22 29 
63 56 
29 79 
40 21 83 
56 98 49 
34 85 45 
83 34 
49 50 96 
60 7 
96 89 60 
77 66 
46 5 
45 1 39 75 
26 31 
7 41 
15 20 58 
41 91 17 
75 55 36 
31 68 
50 72 
38 78 71 
66 44 
68 35 
35 80 
5 24 
85 77 
19 
44 67 57 
24 
65 37 
12 92 6 
10 30 27 
37 25 
52 61 
71 14 82 
36 
3 
17 94 
89 86 
72 
27 
80 43 
6 
47 
16 
78 9 
39 
82 
14 
86 
8 
74 
94 
58 
57 
21 
59 11 
20 
91 
97 59 
98 
95 99 
13 
67 
99 
55 
43 
92 
25 
30 
61 
48 
1 
11 
9 
