0 99 66 58 56 
56 61 74 
74 97 44 88 42 14 
29 75 
14 29 
42 82 34 
75 77 71 
71 9 91 
16 21 48 
34 16 
91 89 93 64 
19 81 
48 65 19 
96 6 20 22 72 
81 96 
64 23 40 50 
72 92 1 
50 36 33 
1 60 4 
40 38 15 
58 63 
22 87 46 
4 43 90 80 
63 57 59 
66 17 51 52 
93 78 32 
15 35 30 
33 25 76 
52 37 
59 12 
82 24 
36 86 
24 11 
46 18 
87 10 
86 3 
37 69 5 
32 7 
12 27 
80 54 
77 67 
61 62 
65 98 
54 39 83 
9 85 
92 26 
30 41 
38 47 
11 73 
26 28 
76 55 
88 49 
5 95 
18 53 
73 84 
53 
60 
7 
62 
23 
41 
44 
98 94 
25 31 
28 68 
3 
89 
83 8 
84 
49 70 
27 
20 
47 
51 2 
97 
21 
17 
6 79 
90 
43 13 
94 
57 
99 
10 
8 45 
67 
95 
31 
13 
55 
68 
35 
78 
79 
45 
70 
85 
2 
69 
39 
