0 90 
90 25 
25 16 37 97 38 
38 82 39 
39 70 34 
34 10 75 
95 80 49 1 
75 22 95 
1 87 33 
33 76 68 
68 99 35 59 
72 21 24 50 
59 51 72 
82 45 13 58 40 
50 8 
8 83 44 
40 18 32 
44 78 84 
84 41 71 
32 30 48 
71 47 
96 77 19 
47 88 5 
48 56 96 
5 79 
53 61 27 
19 53 
10 60 81 
79 74 55 
81 31 
27 64 
18 43 
43 17 
31 42 14 
64 57 
55 91 7 
17 54 4 
70 
57 36 11 
14 12 
4 73 28 
78 69 23 
76 29 3 
7 86 
12 26 
24 66 
23 93 
28 20 
11 89 
91 2 52 
26 46 
83 94 
89 67 
74 15 98 
66 
51 
30 
87 
46 62 
93 
49 
58 
20 
97 
67 
35 
60 65 
3 
41 
61 
88 
29 
85 6 
86 85 
13 
80 
77 9 
62 
54 63 
22 
42 
99 92 
52 
37 
56 
69 
36 
45 
73 
9 
98 
92 
21 
16 
2 
65 
63 
94 
6 
15 
