0 90 63 
63 68 58 35 
35 46 87 
10 62 66 85 21 
87 36 10 
21 20 89 64 9 
9 53 65 70 
70 24 19 
19 93 28 
65 88 
28 80 71 
25 48 
74 52 
71 67 
88 25 
48 78 30 4 
46 69 
69 32 
52 41 
67 74 
41 11 
32 77 91 
91 37 45 
11 33 55 
4 31 
55 84 
31 8 83 
83 23 51 
84 94 49 
90 12 60 
45 15 92 
51 61 44 
60 6 57 
49 81 
92 34 
34 29 
85 98 17 
53 97 39 
93 22 
80 14 73 5 
57 3 
29 26 
39 82 
44 1 56 
81 13 
12 
30 96 38 59 
66 7 
26 54 
58 40 
40 50 
54 99 
56 
62 
5 86 
17 75 
23 42 
77 18 
98 
7 
86 
2 
82 
50 2 
64 
99 
68 
78 
73 79 
3 72 
15 
72 
89 
13 
22 47 
33 
37 43 
1 
75 76 
18 
59 
94 
20 
8 
6 
42 
38 16 
97 
24 
36 
61 
96 
47 27 
43 95 
79 
76 
27 
14 
16 
95 
