0 93 6 20 58 
58 69 37 
37 3 13 53 
20 8 86 56 67 
53 47 34 
34 71 7 70 
70 98 91 
80 36 87 
91 48 52 57 
67 80 
57 78 18 
87 17 84 
84 29 54 
18 42 68 
54 65 15 55 
56 40 45 75 
43 46 32 
68 43 
75 23 74 
55 96 
96 79 
32 30 
79 60 27 
30 89 28 
74 31 82 
82 59 
42 81 16 33 
27 66 62 
47 72 35 
28 49 92 
6 50 
59 51 
45 63 
60 88 
35 21 44 
50 73 
51 12 97 
33 76 9 
13 4 
69 38 
62 22 
73 26 1 
52 99 5 
92 41 
89 90 83 
2 
86 2 
44 94 
88 24 
5 25 
4 14 
15 
97 
3 10 
63 
49 77 
25 
29 64 
38 
14 
41 19 
40 
36 85 
98 
8 11 61 
1 
9 
78 
31 
23 
76 39 
7 
22 
24 
71 
46 
12 
26 
16 
94 95 
64 
10 
85 
83 
21 
77 
90 
65 
48 
95 
72 
19 
93 
61 
17 
66 
39 
99 
81 
11 
