# clone tree 0 objective: 3.68103
0 15 47 
47 91 35 75 
75 12 
12 16 
16 62 38 58 
58 52 81 93 
93 94 72 30 76 
76 46 71 9 
67 37 41 1 57 21 
9 5 32 67 
21 27 73 
73 44 92 
92 39 23 
23 51 7 
7 22 50 
50 87 33 
57 19 
33 83 
19 61 
18 64 
61 20 
30 18 
83 34 14 
64 45 40 56 
14 80 53 
20 3 4 
56 65 2 
4 70 31 
2 48 24 
1 89 69 
39 90 68 
53 59 42 6 
68 78 
31 55 
27 8 
44 79 
78 43 
55 98 10 
35 26 
8 17 
72 36 74 
24 66 25 
69 
34 84 
71 82 
6 96 
96 63 
42 
84 85 
87 77 
10 29 
89 60 
48 
41 
91 
25 
74 88 
38 
85 
81 
60 
90 95 
77 
63 97 
26 11 
3 
43 
51 
15 54 
65 
17 
62 28 
52 
98 99 
22 
32 
5 
82 86 
70 
66 
36 
40 49 
79 
11 
37 
88 
46 
94 
99 
29 
59 
45 
95 
80 
86 13 
97 
28 
13 
49 
54 
# clone tree 1 objective: 3.68103
0 15 47 
47 91 35 75 
75 12 
12 16 
16 62 38 58 
58 52 81 93 
93 94 72 30 76 
76 46 71 9 
67 37 41 1 57 21 
9 5 32 67 
21 27 73 
73 44 92 
92 39 23 
23 51 7 
7 22 50 
50 87 33 
57 19 
33 83 
19 61 
18 64 
61 20 
30 18 
83 34 14 
64 45 40 56 
14 80 53 
20 3 4 
56 65 2 
4 70 31 
2 48 24 
1 89 69 
39 90 68 
53 59 42 6 
68 78 
31 55 
27 8 
44 79 
78 43 
55 98 10 
35 26 
8 17 
72 36 74 
24 66 25 
69 
34 84 
71 82 
6 96 
96 63 
42 
84 85 
87 77 
10 29 
89 60 
48 
41 
91 
25 
74 88 
38 54 
85 
81 
60 
90 95 
77 
63 97 
26 11 
3 
43 
51 
15 
65 
17 
62 28 
52 
98 99 
22 
32 
5 
82 86 
70 
66 
36 
40 
79 
11 
37 
88 
46 
94 13 
99 
29 
59 
45 
95 
80 
86 
97 49 
28 
13 
49 
54 
# clone tree 2 objective: 3.68103
0 15 47 
47 91 35 75 
75 12 
12 16 
16 62 38 58 
58 52 81 93 
93 94 72 30 76 
76 46 71 9 
67 37 41 1 57 21 
9 5 32 67 
21 27 73 
73 44 92 
92 39 23 
23 51 7 
7 22 50 
50 87 33 
57 19 
33 83 
19 61 
18 64 
61 20 
30 18 
83 34 14 
64 45 40 56 
14 80 53 
20 3 4 
56 65 2 
4 70 31 
2 48 24 
1 89 69 
39 90 68 
53 59 42 6 
68 78 
31 55 
27 8 
44 79 
78 43 
55 98 10 
35 26 
8 17 
72 36 74 
24 66 25 
69 
34 84 
71 82 
6 96 
96 63 
42 
84 85 
87 77 
10 29 
89 60 
48 
41 
91 
25 
74 88 
38 
85 
81 
60 
90 95 
77 
63 97 
26 11 
3 
43 54 
51 
15 
65 
17 
62 28 
52 
98 99 
22 
32 
5 
82 86 
70 
66 
36 
40 49 
79 
11 
37 
88 
46 
94 
99 
29 
59 
45 
95 
80 
86 13 
97 
28 
13 
49 
54 
# clone tree 3 objective: 3.68103
0 15 47 
47 91 35 75 
75 12 
12 16 
16 62 38 58 
58 52 81 93 
93 94 72 30 76 
76 46 71 9 
67 37 41 1 57 21 
9 5 32 67 
21 27 73 
73 44 92 
92 39 23 
23 51 7 
7 22 50 
50 87 33 
57 19 
33 83 
19 61 
18 64 
61 20 
30 18 
83 34 14 
64 45 40 56 
14 80 53 
20 3 4 
56 65 2 
4 70 31 
2 48 24 
1 89 69 
39 90 68 
53 59 42 6 
68 78 
31 55 
27 8 
44 79 
78 43 
55 98 10 
35 26 
8 17 
72 36 74 
24 66 25 
69 
34 84 
71 82 
6 96 
96 63 
42 
84 85 
87 77 
10 29 
89 60 
48 
41 
91 
25 
74 88 
38 
85 
81 
60 
90 95 
77 
63 97 
26 11 
3 
43 
51 
15 
65 
17 
62 28 
52 
98 99 
22 
32 
5 
82 86 
70 54 
66 
36 
40 
79 
11 
37 
88 
46 
94 13 
99 
29 
59 
45 
95 
80 
86 
97 49 
28 
13 
49 
54 
# clone tree 4 objective: 3.68103
0 15 47 
47 91 35 75 
75 12 
12 16 
16 62 38 58 
58 52 81 93 
93 94 72 30 76 
76 46 71 9 
67 37 41 1 57 21 
9 5 32 67 
21 27 73 
73 44 92 
92 39 23 
23 51 7 
7 22 50 
50 87 33 
57 19 
33 83 
19 61 
18 64 
61 20 
30 18 
83 34 14 
64 45 40 56 
14 80 53 
20 3 4 
56 65 2 
4 70 31 
2 48 24 
1 89 69 
39 90 68 
53 59 42 6 
68 78 
31 55 
27 8 
44 79 
78 43 
55 98 10 
35 26 
8 17 
72 36 74 
24 66 25 
69 
34 84 
71 82 
6 96 
96 63 
42 
84 85 
87 77 
10 29 
89 60 
48 
41 
91 
25 
74 88 
38 
85 
81 
60 
90 95 
77 
63 97 
26 11 
3 
43 
51 
15 
65 
17 
62 28 
52 
98 99 
22 
32 
5 
82 86 
70 
66 
36 
40 49 
79 
11 
37 
88 
46 
94 
99 
29 
59 
45 
95 
80 
86 13 
97 
28 
13 54 
49 
54 
# clone tree 5 objective: 3.68103
0 15 47 
47 91 35 75 
75 54 12 
12 16 
16 62 38 58 
58 52 81 93 
93 94 72 30 76 
76 46 71 9 
67 37 41 1 57 21 
9 5 32 67 
21 27 73 
73 44 92 
92 39 23 
23 51 7 
7 22 50 
50 87 33 
57 19 
33 83 
19 61 
18 64 
61 20 
30 18 
83 34 14 
64 45 40 56 
14 80 53 
20 3 4 
56 65 2 
4 70 31 
2 48 24 
1 89 69 
39 90 68 
53 59 42 6 
68 78 
31 55 
27 8 
44 79 
78 43 
55 98 10 
35 26 
8 17 
72 36 74 
24 66 25 
69 
34 84 
71 82 
6 96 
96 63 
42 
84 85 
87 77 
10 29 
89 60 
48 
41 
91 
25 
74 88 
38 
85 
81 
60 
90 95 
77 
63 97 
26 11 
3 
43 
51 
15 
65 
17 
62 28 
52 
98 99 
22 
32 
5 
82 86 
70 
66 
36 
40 
79 
11 
37 
88 
46 
94 13 
99 
29 
59 49 
45 
95 
80 
86 
97 
28 
13 
49 
54 
# clone tree 6 objective: 3.68103
0 15 47 
47 91 35 75 
75 12 
12 16 
16 62 38 58 
58 52 81 93 
93 94 72 30 76 
76 46 71 9 
67 37 41 1 57 21 
9 5 32 67 
21 27 73 
73 44 92 
92 39 23 
23 51 7 
7 22 50 
50 87 33 
57 19 
33 83 
19 61 
18 64 
61 20 
30 18 
83 34 14 
64 45 40 56 
14 80 53 
20 3 4 
56 65 2 
4 70 31 
2 48 24 
1 89 69 
39 90 68 
53 59 42 6 
68 78 
31 55 
27 8 
44 79 
78 43 
55 98 10 
35 26 
8 17 
72 36 74 
24 66 25 
69 
34 84 
71 82 
6 96 
96 63 
42 
84 85 
87 77 
10 29 
89 60 
48 
41 
91 
25 
74 88 
38 
85 
81 
60 
90 95 
77 
63 97 
26 11 
3 
43 
51 
15 
65 
17 
62 28 
52 
98 99 
22 
32 
5 
82 86 
70 54 
66 
36 
40 49 
79 
11 
37 
88 
46 
94 
99 
29 
59 
45 
95 
80 
86 13 
97 
28 
13 
49 
54 
# clone tree 7 objective: 3.68103
0 15 47 
47 54 91 35 75 
75 12 
12 16 
16 62 38 58 
58 52 81 93 
93 94 72 30 76 
76 46 71 9 
67 37 41 1 57 21 
9 5 32 67 
21 27 73 
73 44 92 
92 39 23 
23 51 7 
7 22 50 
50 87 33 
57 19 
33 83 
19 61 
18 64 
61 20 
30 18 
83 34 14 
64 45 40 56 
14 80 53 
20 3 4 
56 65 2 
4 70 31 
2 48 24 
1 89 69 
39 90 68 
53 59 42 6 
68 78 
31 55 
27 8 
44 79 
78 43 
55 98 10 
35 26 
8 17 
72 36 74 
24 66 25 
69 
34 84 
71 82 
6 96 
96 63 
42 
84 85 
87 77 
10 29 
89 60 
48 
41 
91 
25 
74 88 
38 
85 
81 
60 
90 95 
77 
63 97 
26 11 
3 
43 
51 
15 
65 
17 
62 28 
52 
98 99 
22 
32 
5 
82 86 
70 
66 
36 
40 
79 
11 
37 
88 
46 
94 13 
99 
29 
59 49 
45 
95 
80 
86 
97 
28 
13 
49 
54 
# clone tree 8 objective: 3.68103
0 15 47 
47 91 35 75 
75 12 
12 16 
16 62 38 58 
58 52 81 93 
93 94 72 30 76 
76 46 71 9 
67 37 41 1 57 21 
9 5 32 67 
21 27 73 
73 44 92 
92 39 23 
23 51 7 
7 22 50 
50 87 33 
57 19 
33 83 
19 61 
18 64 
61 20 
30 18 
83 34 14 
64 45 40 56 
14 80 53 
20 3 4 
56 65 2 
4 70 31 
2 48 24 
1 89 69 
39 90 68 
53 59 42 6 
68 78 
31 55 
27 8 
44 79 
78 43 
55 98 10 
35 26 
8 17 
72 36 74 
24 66 25 
69 
34 84 
71 82 
6 96 
96 63 
42 
84 85 
87 77 
10 29 
89 60 
48 
41 
91 
25 
74 88 
38 
85 
81 
60 
90 95 
77 
63 97 
26 11 
3 
43 
51 
15 
65 
17 
62 28 
52 
98 99 
22 
32 
5 54 
82 86 
70 
66 
36 
40 49 
79 
11 
37 
88 
46 
94 
99 
29 
59 
45 
95 
80 
86 13 
97 
28 
13 
49 
54 
# clone tree 9 objective: 3.68103
0 15 47 
47 91 35 75 
75 12 
12 16 
16 62 38 58 
58 54 52 81 93 
93 94 72 30 76 
76 46 71 9 
67 37 41 1 57 21 
9 5 32 67 
21 27 73 
73 44 92 
92 39 23 
23 51 7 
7 22 50 
50 87 33 
57 19 
33 83 
19 61 
18 64 
61 20 
30 18 
83 34 14 
64 45 40 56 
14 80 53 
20 3 4 
56 65 2 
4 70 31 
2 48 24 
1 89 69 
39 90 68 
53 59 42 6 
68 78 
31 55 
27 8 
44 79 
78 43 
55 98 10 
35 26 
8 17 
72 36 74 
24 66 25 
69 
34 84 
71 82 
6 96 
96 63 
42 
84 85 
87 77 
10 29 
89 60 
48 
41 
91 
25 
74 88 
38 
85 
81 
60 
90 95 
77 
63 97 
26 11 
3 
43 
51 
15 
65 
17 
62 28 
52 
98 99 
22 
32 
5 
82 86 
70 
66 
36 
40 
79 
11 
37 
88 
46 
94 13 
99 
29 
59 49 
45 
95 
80 
86 
97 
28 
13 
49 
54 
