0 39 99 87 59 58 56 
56 61 74 
74 44 23 9 42 14 
29 45 75 
14 29 
42 57 34 
75 69 77 71 
71 85 46 91 
16 48 
34 13 16 
91 89 93 64 
19 97 81 
48 65 19 
96 32 66 72 
81 96 
64 21 86 4 50 
72 79 92 1 
50 62 22 
1 40 
40 38 15 
58 63 
22 53 33 
4 90 20 80 
63 52 
66 43 17 82 
93 55 24 
15 35 30 
33 78 73 
52 37 
59 36 
82 7 
36 12 
24 26 
46 18 
87 51 25 
86 47 60 
37 84 
32 49 
12 6 
80 54 
77 70 
61 
65 76 
54 67 83 
9 
92 3 
30 41 
38 88 
11 27 
26 28 
76 98 
88 
5 
18 
73 11 
53 
60 
7 
62 5 
23 
41 10 
44 31 
98 94 
25 
28 95 
3 
89 68 
83 8 
84 
49 
27 
20 
47 
51 
97 
21 
17 2 
6 
90 
43 
94 
57 
99 
10 
8 
67 
95 
31 
13 
55 
68 
35 
78 
79 
45 
70 
85 
2 
69 
39 
