# clone tree 0 objective: 3.2467
0 63 38 16 37 
37 43 68 73 
89 10 57 
73 53 23 50 
50 89 
40 95 54 45 
57 40 
45 81 35 36 96 
96 49 30 62 
62 71 18 92 
92 12 
12 67 22 
22 93 11 
11 6 
6 31 85 
85 59 79 15 
15 13 77 88 
88 17 44 34 84 
84 47 58 33 
18 51 9 
34 28 
33 90 75 
9 24 64 
36 69 52 
28 27 
27 29 
71 94 
94 5 4 
77 65 
65 26 61 
54 7 
64 78 
75 25 
13 19 
23 91 74 
51 83 
68 
7 70 
30 
31 48 
16 41 
78 
93 8 
46 55 
41 42 
52 60 
29 
69 46 
49 76 2 80 
4 
42 99 
44 86 
10 39 
61 72 
17 56 
38 
60 87 
25 32 
79 
26 97 
83 
58 
39 20 
47 1 
5 98 
59 
67 21 
21 
86 
72 
43 14 
48 
90 3 
19 
80 
35 
20 
32 82 
99 66 
53 
8 
74 
91 
55 
14 
97 
98 
63 
81 
87 
24 
56 
2 
76 
1 
70 
3 
66 
95 
82 
# clone tree 1 objective: 3.2467
0 63 38 16 37 
37 43 68 73 
89 10 57 
73 53 23 50 
50 89 
40 95 54 45 
57 40 
45 81 35 36 96 
96 49 30 62 
62 71 18 92 
92 12 
12 67 22 
22 93 11 
11 6 
6 31 85 
85 59 79 15 
15 13 77 88 
88 17 44 34 84 
84 47 58 33 
18 51 9 
34 28 
33 90 75 
9 24 64 
36 69 52 
28 27 
27 29 
71 94 
94 5 4 
77 65 
65 26 61 
54 7 
64 78 
75 25 
13 19 
23 91 74 
51 83 
68 
7 70 
30 
31 48 
16 41 
78 
93 8 
46 55 
41 42 
52 60 
29 
69 46 
49 76 2 80 
4 
42 99 
44 86 
10 39 
61 72 
17 56 
38 
60 87 
25 32 
79 
26 97 
83 
58 
39 20 
47 1 
5 98 
59 
67 21 
21 
86 
72 
43 14 
48 
90 3 
19 
80 
35 
20 
32 
99 66 
53 
8 
74 
91 
55 
14 
97 
98 
63 
81 
87 
24 
56 
2 
76 
1 
70 
3 
66 82 
95 
82 
# clone tree 2 objective: 3.2467
0 63 38 16 37 
37 43 68 73 
89 10 57 
73 95 53 23 50 
50 89 
40 54 45 
57 40 
45 81 35 36 96 
96 49 30 62 
62 71 18 92 
92 12 
12 67 22 
22 93 11 
11 6 
6 31 85 
85 59 79 15 
15 13 77 88 
88 17 44 34 84 
84 47 58 33 
18 51 9 
34 28 
33 90 75 
9 24 64 
36 69 52 
28 27 
27 29 
71 94 
94 5 4 
77 65 
65 26 61 
54 7 
64 78 
75 25 
13 19 
23 91 74 
51 83 
68 
7 70 
30 
31 48 
16 41 
78 
93 8 
46 55 
41 42 
52 60 
29 
69 46 
49 76 2 80 
4 
42 99 
44 86 
10 39 
61 72 
17 56 
38 
60 87 
25 32 
79 
26 97 
83 
58 
39 20 
47 1 
5 98 
59 
67 21 
21 
86 
72 66 
43 14 
48 
90 
19 
80 
35 
20 
32 
99 
53 
8 
74 
91 
55 
14 
97 
98 
63 
81 
87 
24 
56 
2 
76 
1 
70 3 
3 82 
66 
95 
82 
# clone tree 3 objective: 3.2467
0 63 38 16 37 
37 43 68 73 
89 10 57 
73 53 23 50 
50 82 89 
40 54 45 
57 40 
45 81 35 36 96 
96 49 30 62 
62 71 18 92 
92 12 
12 67 22 
22 93 11 
11 6 
6 31 85 
85 59 79 15 
15 13 77 88 
88 17 44 34 84 
84 47 58 33 
18 51 9 
34 28 
33 90 75 
9 24 64 
36 69 52 
28 27 
27 29 
71 94 
94 5 4 
77 65 
65 26 61 
54 7 
64 78 
75 25 
13 19 
23 91 74 
51 83 
68 
7 66 70 
30 
31 48 
16 41 
78 
93 8 
46 55 
41 42 
52 60 
29 
69 46 
49 76 2 80 
4 
42 99 
44 86 
10 39 
61 72 
17 56 
38 
60 87 
25 32 
79 
26 97 
83 
58 
39 20 
47 1 
5 98 
59 
67 21 
21 
86 
72 
43 14 
48 
90 
19 
80 
35 
20 
32 95 
99 
53 
8 
74 
91 
55 
14 
97 
98 
63 
81 
87 
24 
56 
2 
76 
1 
70 3 
3 
66 
95 
82 
# clone tree 4 objective: 3.2467
0 63 38 16 37 
37 43 68 73 
89 82 10 57 
73 53 23 50 
50 89 
40 54 45 
57 40 
45 81 35 36 96 
96 49 30 62 
62 71 18 92 
92 12 
12 67 22 
22 93 11 
11 6 
6 31 85 
85 59 79 15 
15 13 77 88 
88 17 44 34 84 
84 47 58 33 
18 51 9 
34 28 
33 90 75 
9 24 64 
36 69 52 
28 27 
27 29 
71 94 
94 5 4 
77 65 
65 26 61 
54 7 
64 78 
75 25 
13 19 
23 91 74 
51 83 
68 
7 66 70 
30 
31 48 
16 41 
78 
93 8 
46 55 
41 42 
52 60 
29 
69 46 
49 76 2 80 
4 
42 99 
44 86 
10 39 
61 72 
17 56 
38 
60 87 
25 32 
79 
26 97 
83 
58 
39 20 
47 1 
5 98 
59 
67 21 
21 
86 
72 
43 14 
48 
90 
19 
80 
35 
20 
32 95 
99 
53 
8 
74 
91 
55 
14 
97 
98 
63 
81 
87 
24 
56 
2 
76 
1 
70 3 
3 
66 
95 
82 
# clone tree 5 objective: 3.2467
0 63 38 16 37 
37 43 68 73 
89 10 57 
73 53 23 50 
50 89 
40 82 54 45 
57 40 
45 81 35 36 96 
96 49 30 62 
62 71 18 92 
92 12 
12 67 22 
22 93 11 
11 6 
6 31 85 
85 59 79 15 
15 13 77 88 
88 17 44 34 84 
84 47 58 33 
18 51 9 
34 28 
33 90 75 
9 24 64 
36 69 52 
28 27 
27 29 
71 94 
94 5 4 
77 65 
65 26 61 
54 7 
64 78 
75 25 
13 19 
23 91 74 
51 83 
68 
7 66 70 
30 
31 48 
16 41 
78 
93 8 
46 55 
41 42 
52 60 
29 
69 46 
49 76 2 80 
4 
42 99 
44 86 
10 39 
61 72 
17 56 
38 
60 87 
25 32 
79 
26 97 
83 
58 
39 20 
47 1 
5 98 
59 
67 21 
21 
86 
72 
43 14 
48 
90 
19 
80 
35 
20 
32 95 
99 
53 
8 
74 
91 
55 
14 
97 
98 
63 
81 
87 
24 
56 
2 
76 
1 
70 3 
3 
66 
95 
82 
# clone tree 6 objective: 3.2467
0 63 38 16 37 
37 43 68 73 
89 10 57 
73 82 53 23 50 
50 89 
40 54 45 
57 40 
45 81 35 36 96 
96 49 30 62 
62 71 18 92 
92 12 
12 67 22 
22 93 11 
11 6 
6 31 85 
85 59 79 15 
15 13 77 88 
88 17 44 34 84 
84 47 58 33 
18 51 9 
34 28 
33 90 75 
9 24 64 
36 69 52 
28 27 
27 29 
71 94 
94 5 4 
77 65 
65 26 61 
54 7 
64 78 
75 25 
13 19 
23 91 74 
51 83 
68 
7 66 70 
30 
31 48 
16 41 
78 
93 8 
46 55 
41 42 
52 60 
29 
69 46 
49 76 2 80 
4 
42 99 
44 86 
10 39 
61 72 
17 56 
38 
60 87 
25 32 
79 
26 97 
83 
58 
39 20 
47 1 
5 98 
59 
67 21 
21 
86 
72 
43 14 
48 
90 
19 
80 
35 
20 
32 95 
99 
53 
8 
74 
91 
55 
14 
97 
98 
63 
81 
87 
24 
56 
2 
76 
1 
70 3 
3 
66 
95 
82 
# clone tree 7 objective: 3.2467
0 63 38 16 37 
37 43 68 73 
89 10 57 
73 53 23 50 
50 89 
40 95 54 45 
57 40 
45 81 35 36 96 
96 49 30 62 
62 71 18 92 
92 12 
12 67 22 
22 93 11 
11 6 
6 31 85 
85 59 79 15 
15 13 77 88 
88 17 44 34 84 
84 47 58 33 
18 51 9 
34 28 
33 90 75 
9 24 64 
36 69 52 
28 27 
27 29 
71 94 
94 5 4 
77 65 
65 26 61 
54 7 
64 78 
75 25 
13 19 
23 91 74 
51 83 
68 
7 70 
30 
31 48 
16 41 
78 
93 8 
46 55 
41 42 
52 60 
29 
69 46 
49 76 2 80 
4 
42 99 
44 86 
10 39 
61 72 
17 56 
38 
60 87 
25 32 
79 
26 97 
83 
58 
39 20 
47 1 
5 98 
59 
67 21 
21 
86 
72 
43 14 
48 
90 3 
19 
80 
35 
20 
32 
99 66 
53 
8 
74 
91 
55 
14 
97 
98 
63 82 
81 
87 
24 
56 
2 
76 
1 
70 
3 
66 
95 
82 
# clone tree 8 objective: 3.2467
0 63 38 16 37 
37 43 68 73 
89 10 57 
73 53 23 50 
50 89 
40 95 54 45 
57 40 
45 81 35 36 96 
96 49 30 62 
62 71 18 92 
92 12 
12 67 22 
22 93 11 
11 6 
6 31 85 
85 59 79 15 
15 13 77 88 
88 17 44 34 84 
84 47 58 33 
18 51 9 
34 28 
33 90 75 
9 24 64 
36 69 52 
28 27 
27 29 
71 94 
94 5 4 
77 65 
65 26 61 
54 7 
64 78 
75 25 
13 19 
23 91 74 
51 83 
68 
7 70 
30 
31 48 
16 41 
78 
93 8 
46 55 
41 42 
52 60 
29 
69 46 
49 76 2 80 
4 
42 99 
44 86 
10 39 
61 72 
17 56 
38 
60 87 
25 32 
79 
26 97 
83 
58 
39 20 
47 1 
5 98 
59 
67 21 
21 82 
86 
72 
43 14 
48 
90 3 
19 
80 
35 
20 
32 
99 66 
53 
8 
74 
91 
55 
14 
97 
98 
63 
81 
87 
24 
56 
2 
76 
1 
70 
3 
66 
95 
82 
# clone tree 9 objective: 3.2467
0 63 38 16 37 
37 43 68 73 
89 10 57 
73 53 23 50 
50 89 
40 95 54 45 
57 40 
45 81 35 36 96 
96 49 30 62 
62 71 18 92 
92 12 
12 67 22 
22 93 11 
11 6 
6 31 85 
85 59 79 15 
15 13 77 88 
88 17 44 34 84 
84 47 58 33 
18 51 9 
34 28 
33 90 75 
9 24 64 
36 69 52 
28 27 
27 29 
71 94 
94 5 4 
77 65 
65 26 61 
54 7 
64 78 
75 25 
13 19 
23 91 74 
51 83 
68 
7 70 
30 
31 48 
16 41 
78 
93 8 
46 55 
41 42 
52 60 
29 
69 46 
49 76 2 80 
4 
42 99 
44 86 
10 39 
61 72 
17 56 
38 
60 87 
25 82 32 
79 
26 97 
83 
58 
39 20 
47 1 
5 98 
59 
67 21 
21 
86 
72 
43 14 
48 
90 3 
19 
80 
35 
20 
32 
99 66 
53 
8 
74 
91 
55 
14 
97 
98 
63 
81 
87 
24 
56 
2 
76 
1 
70 
3 
66 
95 
82 
