0 17 52 28 
28 99 95 16 51 90 
90 19 32 
4 15 70 
32 38 4 
70 65 18 
18 91 87 
87 23 
51 12 50 62 
23 93 
62 55 8 69 
93 45 81 
69 48 61 3 64 
81 89 42 
42 5 88 
84 54 
64 10 84 
54 21 26 79 
73 13 2 
88 73 
2 30 33 
79 97 86 53 
33 76 
76 20 29 
53 40 
22 63 
63 11 56 
29 22 
40 34 
56 49 
34 39 83 
83 85 60 
49 96 
60 41 
96 72 46 
77 59 66 
46 77 
45 1 75 
26 31 
7 35 
15 98 58 
41 7 
75 36 
31 68 
50 
38 71 
66 67 44 
68 78 
35 74 
5 
85 24 
19 25 
44 57 
24 80 
65 37 
12 6 
10 27 
37 
52 
71 92 47 
36 
3 
17 94 
89 
72 14 
27 
80 
6 
47 82 
16 
78 
39 
82 43 
14 
86 
8 
74 
94 
58 
57 
21 
59 
20 
91 
97 
98 
95 
13 9 
67 
99 
55 
43 
92 
25 
30 
61 
48 
1 
11 
9 
