# clone tree 0 objective: 2.73415
0 93 6 20 58 
58 69 37 
37 3 13 53 
20 8 86 56 67 
53 47 34 
34 71 7 70 
70 98 91 
80 19 36 87 
91 52 57 
67 80 
57 78 18 
87 17 84 
84 29 54 
18 42 68 
54 15 55 
56 40 45 75 
43 46 32 
68 43 
75 23 74 
55 96 
96 79 
32 48 30 
79 60 27 
30 89 28 
74 31 82 
82 59 
42 16 33 
27 81 62 
47 72 35 
28 49 92 
6 50 
59 51 
45 63 
60 88 
35 21 44 
50 73 
51 12 97 
33 76 9 
13 4 
69 38 
62 22 
73 26 1 
52 5 
92 41 
89 90 83 
2 
86 2 
44 66 94 
88 24 
5 25 
4 14 
15 
97 65 
3 10 
63 
49 77 
25 
29 64 
38 
14 
41 
40 
36 85 
98 
8 
1 61 
9 
78 39 
31 
23 
76 
7 
22 
24 
71 
46 
12 
26 
16 
94 95 
64 
10 
85 
83 
21 
77 
90 
65 
48 99 
95 
72 
19 
93 
61 
17 
66 
39 
99 
81 11 
11 
# clone tree 1 objective: 2.73415
0 93 6 20 58 
58 69 37 
37 3 13 53 
20 8 86 56 67 
53 47 34 
34 71 7 70 
70 98 91 
80 36 87 
91 52 57 
67 11 80 
57 78 18 
87 84 
84 29 54 
18 42 68 
54 15 55 
56 40 45 75 
43 46 32 
68 43 
75 23 74 
55 96 
96 99 79 
32 30 
79 60 27 
30 89 28 
74 31 82 
82 59 
42 16 33 
27 66 65 62 
47 35 
28 49 92 
6 61 50 
59 51 
45 63 
60 88 
35 21 44 
50 73 
51 12 97 
33 76 9 
13 4 
69 95 38 
62 22 
73 26 1 
52 5 
92 41 
89 90 83 
2 
86 2 
44 94 
88 24 
5 25 
4 14 
15 
97 
3 10 
63 
49 77 
25 
29 64 
38 81 
14 
41 
40 19 72 
36 85 
98 
8 48 
1 
9 
78 39 
31 
23 
76 
7 
22 
24 
71 
46 
12 
26 
16 
94 
64 
10 17 
85 
83 
21 
77 
90 
65 
48 
95 
72 
19 
93 
61 
17 
66 
39 
99 
81 
11 
# clone tree 2 objective: 2.73415
0 6 20 58 
58 69 37 
37 3 13 53 
20 8 86 56 67 
53 47 34 
34 71 7 70 
70 98 91 
80 36 87 
91 61 52 57 
67 80 
57 78 18 
87 84 
84 29 54 
18 42 68 
54 17 15 55 
56 40 45 75 
43 46 32 
68 43 
75 23 74 
55 96 
96 79 
32 48 30 
79 60 27 
30 89 28 
74 31 82 
82 59 
42 16 33 
27 39 62 
47 72 35 
28 49 92 
6 50 
59 51 
45 63 
60 88 
35 21 44 
50 73 
51 12 97 
33 76 9 
13 4 
69 38 
62 22 
73 26 1 
52 5 
92 41 
89 90 83 
2 
86 2 
44 11 94 
88 24 
5 25 
4 14 
15 
97 66 65 
3 10 
63 
49 99 77 
25 93 
29 64 
38 
14 
41 
40 19 
36 85 
98 
8 
1 
9 
78 
31 
23 
76 
7 
22 
24 
71 
46 
12 81 
26 
16 
94 95 
64 
10 
85 
83 
21 
77 
90 
65 
48 
95 
72 
19 
93 
61 
17 
66 
39 
99 
81 
11 
# clone tree 3 objective: 2.73415
0 93 6 20 58 
58 39 69 37 
37 3 13 53 
20 8 86 56 67 
53 47 34 
34 71 7 70 
70 98 91 
80 36 87 
91 48 52 57 
67 80 
57 78 18 
87 17 84 
84 11 29 54 
18 42 68 
54 15 55 
56 40 45 75 
43 46 32 
68 43 
75 23 74 
55 96 
96 79 
32 30 
79 60 27 
30 89 28 
74 31 82 
82 81 59 
42 16 33 
27 62 
47 72 35 
28 49 92 
6 61 50 
59 51 
45 19 63 
60 88 
35 21 44 
50 73 
51 12 97 
33 76 9 
13 99 4 
69 38 
62 22 
73 26 1 
52 5 
92 41 
89 90 83 
2 
86 2 
44 94 
88 24 
5 25 
4 14 
15 
97 65 
3 10 
63 
49 77 
25 
29 64 
38 
14 
41 
40 
36 85 
98 
8 
1 
9 
78 66 
31 
23 
76 
7 
22 
24 
71 
46 
12 
26 
16 
94 95 
64 
10 
85 
83 
21 
77 
90 
65 
48 
95 
72 
19 
93 
61 
17 
66 
39 
99 
81 
11 
# clone tree 4 objective: 2.73415
0 6 20 58 
58 69 37 
37 3 13 53 
20 8 86 56 67 
53 47 34 
34 71 7 70 
70 98 91 
80 36 87 
91 61 48 52 57 
67 80 
57 78 18 
87 84 
84 29 54 
18 42 68 
54 17 65 15 55 
56 40 45 75 
43 46 32 
68 43 
75 23 74 
55 96 
96 79 
32 66 19 30 
79 60 27 
30 89 28 
74 31 82 
82 59 
42 11 81 16 33 
27 62 
47 72 35 
28 93 49 92 
6 50 
59 51 
45 63 
60 88 
35 21 44 
50 73 
51 12 97 
33 76 9 
13 4 
69 38 
62 22 
73 26 1 
52 5 
92 41 
89 90 83 
2 
86 2 
44 94 
88 24 
5 25 
4 14 
15 
97 
3 10 
63 
49 77 
25 
29 64 
38 
14 
41 
40 
36 85 
98 
8 
1 
9 
78 39 
31 
23 
76 
7 
22 
24 
71 
46 
12 
26 
16 
94 99 95 
64 
10 
85 
83 
21 
77 
90 
65 
48 
95 
72 
19 
93 
61 
17 
66 
39 
99 
81 
11 
# clone tree 5 objective: 2.73415
0 11 6 20 58 
58 69 37 
37 3 13 53 
20 8 86 56 67 
53 47 34 
34 71 7 70 
70 98 91 
80 36 87 
91 61 48 52 57 
67 80 
57 78 18 
87 84 
84 29 54 
18 42 68 
54 17 65 15 55 
56 40 45 75 
43 46 32 
68 43 
75 23 74 
55 96 
96 79 
32 66 19 30 
79 60 27 
30 89 28 
74 31 82 
82 59 
42 16 33 
27 62 
47 72 35 
28 93 49 92 
6 50 
59 51 
45 63 
60 88 
35 21 44 
50 73 
51 12 97 
33 76 9 
13 4 
69 38 
62 22 
73 26 1 
52 5 
92 41 
89 90 83 
2 
86 2 
44 94 
88 24 
5 25 
4 14 
15 81 
97 
3 10 
63 
49 77 
25 
29 64 
38 
14 
41 
40 
36 85 
98 
8 
1 
9 
78 39 
31 
23 
76 
7 
22 
24 
71 
46 
12 
26 
16 
94 99 95 
64 
10 
85 
83 
21 
77 
90 
65 
48 
95 
72 
19 
93 
61 
17 
66 
39 
99 
81 
11 
# clone tree 6 objective: 2.73415
0 93 6 20 58 
58 39 69 37 
37 3 13 53 
20 8 86 56 67 
53 47 34 
34 71 7 70 
70 98 91 
80 36 87 
91 48 52 57 
67 80 
57 78 18 
87 17 84 
84 29 54 
18 42 68 
54 15 55 
56 40 45 75 
43 46 32 
68 43 
75 11 23 74 
55 96 
96 79 
32 30 
79 60 27 
30 89 28 
74 31 82 
82 81 59 
42 16 33 
27 62 
47 72 35 
28 49 92 
6 61 50 
59 51 
45 19 63 
60 88 
35 21 44 
50 73 
51 12 97 
33 76 9 
13 99 4 
69 38 
62 22 
73 26 1 
52 5 
92 41 
89 90 83 
2 
86 2 
44 94 
88 24 
5 25 
4 14 
15 
97 65 
3 10 
63 
49 77 
25 
29 64 
38 
14 
41 
40 
36 85 
98 
8 
1 
9 
78 66 
31 
23 
76 
7 
22 
24 
71 
46 
12 
26 
16 
94 95 
64 
10 
85 
83 
21 
77 
90 
65 
48 
95 
72 
19 
93 
61 
17 
66 
39 
99 
81 
11 
# clone tree 7 objective: 2.73415
0 6 20 58 
58 69 37 
37 3 13 53 
20 8 86 56 67 
53 47 34 
34 71 7 70 
70 98 91 
80 36 87 
91 52 57 
67 80 
57 78 18 
87 84 
84 29 54 
18 42 68 
54 15 55 
56 40 45 75 
43 46 32 
68 43 
75 23 74 
55 96 
96 79 
32 30 
79 60 27 
30 61 89 28 
74 31 82 
82 59 
42 81 16 33 
27 62 
47 72 35 
28 49 92 
6 50 
59 51 
45 63 
60 88 
35 21 44 
50 73 
51 12 97 
33 76 9 
13 4 
69 11 38 
62 22 
73 26 1 
52 5 
92 41 
89 90 83 
2 
86 2 
44 94 
88 24 
5 17 25 
4 14 
15 39 
97 
3 10 
63 
49 99 77 
25 93 
29 64 
38 
14 
41 65 
40 19 
36 85 
98 
8 48 
1 
9 
78 66 
31 
23 
76 
7 
22 
24 
71 
46 
12 
26 
16 
94 95 
64 
10 
85 
83 
21 
77 
90 
65 
48 
95 
72 
19 
93 
61 
17 
66 
39 
99 
81 
11 
# clone tree 8 objective: 2.73415
0 6 20 58 
58 69 37 
37 3 13 53 
20 8 86 56 67 
53 47 34 
34 71 7 70 
70 98 91 
80 36 87 
91 61 52 57 
67 80 
57 78 18 
87 84 
84 29 54 
18 42 68 
54 17 15 55 
56 40 45 75 
43 46 32 
68 43 
75 23 74 
55 96 
96 79 
32 48 30 
79 60 27 
30 89 28 
74 31 82 
82 59 
42 16 33 
27 39 62 
47 72 35 
28 49 92 
6 50 
59 51 
45 63 
60 88 
35 21 44 
50 73 
51 12 97 
33 76 9 
13 11 4 
69 38 
62 22 
73 26 1 
52 5 
92 41 
89 90 83 
2 
86 2 
44 94 
88 24 
5 25 
4 14 
15 
97 66 65 
3 10 
63 
49 99 77 
25 93 
29 64 
38 
14 
41 
40 19 
36 85 
98 
8 
1 
9 
78 
31 
23 
76 
7 
22 
24 
71 
46 
12 81 
26 
16 
94 95 
64 
10 
85 
83 
21 
77 
90 
65 
48 
95 
72 
19 
93 
61 
17 
66 
39 
99 
81 
11 
# clone tree 9 objective: 2.73415
0 6 20 58 
58 69 37 
37 3 13 53 
20 8 86 56 67 
53 47 34 
34 71 7 70 
70 98 91 
80 36 87 
91 52 57 
67 80 
57 78 18 
87 84 
84 29 54 
18 42 68 
54 15 55 
56 40 45 75 
43 46 32 
68 43 
75 23 74 
55 96 
96 79 
32 30 
79 60 27 
30 61 89 28 
74 31 82 
82 11 59 
42 81 16 33 
27 62 
47 72 35 
28 49 92 
6 50 
59 51 
45 63 
60 88 
35 21 44 
50 73 
51 12 97 
33 76 9 
13 4 
69 38 
62 22 
73 26 1 
52 5 
92 41 
89 90 83 
2 
86 2 
44 94 
88 24 
5 17 25 
4 14 
15 39 
97 
3 10 
63 
49 99 77 
25 93 
29 64 
38 
14 
41 65 
40 19 
36 85 
98 
8 48 
1 
9 
78 66 
31 
23 
76 
7 
22 
24 
71 
46 
12 
26 
16 
94 95 
64 
10 
85 
83 
21 
77 
90 
65 
48 
95 
72 
19 
93 
61 
17 
66 
39 
99 
81 
11 
# clone tree 10 objective: 2.73415
0 6 20 58 
58 69 37 
37 3 13 53 
20 8 86 56 67 
53 47 34 
34 71 7 70 
70 98 91 
80 36 87 
91 61 52 57 
67 80 
57 78 18 
87 84 
84 29 54 
18 42 68 
54 17 15 55 
56 40 45 75 
43 46 32 
68 43 
75 23 74 
55 96 
96 79 
32 48 30 
79 60 27 
30 89 28 
74 31 82 
82 59 
42 16 33 
27 39 62 
47 72 35 
28 49 92 
6 50 
59 51 
45 63 
60 88 
35 21 44 
50 73 
51 12 97 
33 76 9 
13 4 
69 38 
62 22 
73 26 1 
52 5 
92 41 
89 90 83 
2 
86 2 
44 94 
88 24 
5 25 
4 14 
15 
97 66 65 
3 10 
63 
49 99 77 
25 93 
29 64 
38 
14 
41 
40 19 
36 85 
98 
8 
1 
9 
78 
31 
23 
76 
7 
22 
24 
71 
46 
12 81 
26 
16 
94 95 
64 
10 
85 
83 
21 
77 
90 
65 
48 
95 
72 
19 
93 
61 
17 11 
66 
39 
99 
81 
11 
# clone tree 11 objective: 2.73415
0 93 6 20 58 
58 69 37 
37 3 13 53 
20 8 86 56 67 
53 47 34 
34 71 7 70 
70 98 91 
80 19 36 87 
91 52 57 
67 80 
57 78 18 
87 17 84 
84 29 54 
18 42 68 
54 15 55 
56 40 45 75 
43 46 32 
68 43 
75 23 74 
55 96 
96 79 
32 48 30 
79 60 27 
30 89 28 
74 31 82 
82 59 
42 16 33 
27 81 62 
47 72 35 
28 49 92 
6 50 
59 51 
45 63 
60 88 
35 21 44 
50 73 
51 12 97 
33 76 9 
13 4 
69 38 
62 22 
73 26 1 
52 5 
92 41 
89 90 83 
2 
86 2 
44 66 94 
88 24 
5 25 
4 14 
15 
97 65 
3 10 
63 
49 77 
25 
29 64 
38 
14 
41 
40 
36 85 
98 
8 
1 61 
9 
78 39 
31 
23 
76 
7 
22 
24 
71 
46 
12 
26 
16 
94 95 
64 
10 
85 
83 
21 
77 
90 
65 
48 99 
95 11 
72 
19 
93 
61 
17 
66 
39 
99 
81 
11 
# clone tree 12 objective: 2.73415
0 6 20 58 
58 69 37 
37 3 13 53 
20 8 86 56 67 
53 47 34 
34 71 7 70 
70 98 91 
80 36 87 
91 61 52 57 
67 80 
57 78 18 
87 84 
84 29 54 
18 42 68 
54 17 15 55 
56 40 45 75 
43 46 32 
68 43 
75 23 74 
55 96 
96 79 
32 48 30 
79 60 27 
30 89 28 
74 31 82 
82 59 
42 16 33 
27 39 62 
47 72 35 
28 49 92 
6 50 
59 51 
45 63 
60 88 
35 21 44 
50 73 
51 12 97 
33 76 9 
13 4 
69 38 
62 22 
73 26 1 
52 5 
92 41 
89 90 83 
2 
86 2 
44 94 
88 24 
5 25 
4 14 
15 
97 66 65 
3 10 
63 
49 99 77 
25 93 
29 64 
38 
14 
41 
40 19 
36 85 
98 
8 
1 
9 
78 
31 
23 
76 
7 
22 
24 
71 
46 
12 81 
26 
16 
94 95 
64 
10 
85 
83 
21 
77 
90 
65 
48 
95 
72 
19 
93 
61 11 
17 
66 
39 
99 
81 
11 
# clone tree 13 objective: 2.73415
0 6 20 58 
58 69 37 
37 3 13 53 
20 8 86 56 67 
53 47 34 
34 71 7 70 
70 98 91 
80 36 87 
91 52 57 
67 80 
57 78 18 
87 84 
84 29 54 
18 42 68 
54 15 55 
56 40 45 75 
43 46 32 
68 43 
75 23 74 
55 96 
96 79 
32 30 
79 60 27 
30 61 89 28 
74 31 82 
82 59 
42 81 16 33 
27 62 
47 72 35 
28 49 92 
6 50 
59 11 51 
45 63 
60 88 
35 21 44 
50 73 
51 12 97 
33 76 9 
13 4 
69 38 
62 22 
73 26 1 
52 5 
92 41 
89 90 83 
2 
86 2 
44 94 
88 24 
5 17 25 
4 14 
15 39 
97 
3 10 
63 
49 99 77 
25 93 
29 64 
38 
14 
41 65 
40 19 
36 85 
98 
8 48 
1 
9 
78 66 
31 
23 
76 
7 
22 
24 
71 
46 
12 
26 
16 
94 95 
64 
10 
85 
83 
21 
77 
90 
65 
48 
95 
72 
19 
93 
61 
17 
66 
39 
99 
81 
11 
# clone tree 14 objective: 2.73415
0 6 20 58 
58 69 37 
37 3 13 53 
20 8 86 56 67 
53 47 34 
34 71 7 70 
70 98 91 
80 36 87 
91 61 52 57 
67 80 
57 78 18 
87 84 
84 29 54 
18 42 68 
54 17 15 55 
56 40 45 75 
43 46 32 
68 43 
75 23 74 
55 96 
96 79 
32 48 30 
79 60 27 
30 89 28 
74 31 82 
82 59 
42 16 33 
27 39 62 
47 72 35 
28 49 92 
6 50 
59 51 
45 63 
60 88 
35 21 44 
50 73 
51 12 97 
33 76 9 
13 4 
69 38 
62 22 
73 26 1 
52 5 
92 41 
89 90 83 
2 
86 2 
44 94 
88 24 
5 25 
4 14 
15 
97 66 65 
3 10 
63 
49 99 77 
25 93 
29 64 
38 
14 
41 
40 19 
36 85 
98 
8 
1 
9 
78 
31 
23 
76 
7 
22 
24 
71 
46 
12 81 
26 
16 
94 95 
64 
10 
85 
83 
21 
77 
90 
65 
48 
95 
72 
19 
93 11 
61 
17 
66 
39 
99 
81 
11 
# clone tree 15 objective: 2.73415
0 93 6 20 58 
58 69 37 
37 3 13 53 
20 8 86 56 67 
53 47 34 
34 71 7 70 
70 98 91 
80 19 36 87 
91 52 57 
67 80 
57 78 18 
87 17 84 
84 29 54 
18 42 68 
54 15 55 
56 40 45 75 
43 46 32 
68 43 
75 23 74 
55 96 
96 79 
32 48 30 
79 60 27 
30 89 28 
74 31 82 
82 59 
42 16 33 
27 81 62 
47 72 35 
28 49 92 
6 50 
59 51 
45 63 
60 88 
35 21 44 
50 73 
51 12 97 
33 76 9 
13 4 
69 38 
62 22 
73 26 1 
52 5 
92 41 
89 90 83 
2 
86 2 
44 66 94 
88 24 
5 25 
4 14 
15 
97 65 
3 10 
63 
49 77 
25 
29 64 
38 
14 
41 
40 
36 85 
98 
8 
1 61 
9 
78 39 
31 11 
23 
76 
7 
22 
24 
71 
46 
12 
26 
16 
94 95 
64 
10 
85 
83 
21 
77 
90 
65 
48 99 
95 
72 
19 
93 
61 
17 
66 
39 
99 
81 
11 
# clone tree 16 objective: 2.73415
0 6 20 58 
58 69 37 
37 3 13 53 
20 8 86 56 67 
53 47 34 
34 71 7 70 
70 98 91 
80 36 87 
91 61 52 57 
67 80 
57 78 18 
87 84 
84 29 54 
18 42 68 
54 17 15 55 
56 40 45 75 
43 46 32 
68 43 
75 23 74 
55 96 
96 79 
32 48 30 
79 60 27 
30 89 28 
74 31 82 
82 59 
42 16 33 
27 39 62 
47 72 35 
28 49 92 
6 50 
59 51 
45 63 
60 88 
35 21 44 
50 73 
51 12 97 
33 76 9 
13 4 
69 38 
62 22 
73 26 1 
52 5 
92 41 
89 90 83 
2 
86 2 
44 94 
88 24 
5 25 
4 14 
15 
97 66 65 
3 10 
63 
49 99 77 
25 93 
29 64 
38 
14 
41 
40 19 
36 85 
98 
8 
1 
9 
78 
31 
23 
76 
7 
22 
24 
71 
46 
12 81 
26 
16 
94 95 
64 
10 
85 
83 
21 
77 
90 
65 
48 
95 
72 
19 
93 
61 
17 
66 11 
39 
99 
81 
11 
# clone tree 17 objective: 2.73415
0 93 6 20 58 
58 69 37 
37 3 13 53 
20 8 86 56 67 
53 47 34 
34 71 7 70 
70 98 91 
80 19 36 87 
91 52 57 
67 80 
57 78 18 
87 17 84 
84 29 54 
18 42 68 
54 15 55 
56 40 45 75 
43 46 32 
68 43 
75 23 74 
55 96 
96 79 
32 48 30 
79 60 27 
30 89 28 
74 31 82 
82 59 
42 16 33 
27 81 62 
47 72 35 
28 49 92 
6 50 
59 51 
45 63 
60 88 
35 21 44 
50 73 
51 12 97 
33 76 9 
13 4 
69 38 
62 22 
73 26 1 
52 5 
92 41 
89 90 83 
2 
86 2 
44 66 94 
88 24 
5 25 
4 14 
15 
97 65 
3 10 
63 
49 77 
25 
29 64 
38 11 
14 
41 
40 
36 85 
98 
8 
1 61 
9 
78 39 
31 
23 
76 
7 
22 
24 
71 
46 
12 
26 
16 
94 95 
64 
10 
85 
83 
21 
77 
90 
65 
48 99 
95 
72 
19 
93 
61 
17 
66 
39 
99 
81 
11 
# clone tree 18 objective: 2.73415
0 6 20 58 
58 69 37 
37 3 13 53 
20 8 86 56 67 
53 47 34 
34 71 7 70 
70 98 91 
80 36 87 
91 61 52 57 
67 80 
57 78 18 
87 84 
84 29 54 
18 42 68 
54 17 15 55 
56 40 45 75 
43 46 32 
68 43 
75 23 74 
55 96 
96 79 
32 48 30 
79 60 27 
30 89 28 
74 31 82 
82 59 
42 16 33 
27 39 62 
47 72 35 
28 49 92 
6 50 
59 51 
45 63 
60 88 
35 21 44 
50 73 
51 12 97 
33 11 76 9 
13 4 
69 38 
62 22 
73 26 1 
52 5 
92 41 
89 90 83 
2 
86 2 
44 94 
88 24 
5 25 
4 14 
15 
97 66 65 
3 10 
63 
49 99 77 
25 93 
29 64 
38 
14 
41 
40 19 
36 85 
98 
8 
1 
9 
78 
31 
23 
76 
7 
22 
24 
71 
46 
12 81 
26 
16 
94 95 
64 
10 
85 
83 
21 
77 
90 
65 
48 
95 
72 
19 
93 
61 
17 
66 
39 
99 
81 
11 
# clone tree 19 objective: 2.73415
0 93 6 20 58 
58 69 37 
37 3 13 53 
20 8 86 56 67 
53 47 34 
34 71 7 70 
70 98 91 
80 19 36 87 
91 52 57 
67 80 
57 78 18 
87 17 84 
84 29 54 
18 42 68 
54 15 55 
56 40 45 75 
43 46 32 
68 43 
75 23 74 
55 96 
96 79 
32 48 30 
79 60 27 
30 89 28 
74 31 82 
82 59 
42 16 33 
27 81 62 
47 72 35 
28 49 92 
6 50 
59 51 
45 63 
60 88 
35 21 44 
50 73 
51 12 97 
33 76 9 
13 4 
69 38 
62 22 
73 26 1 
52 5 
92 41 
89 90 83 
2 
86 2 
44 66 94 
88 11 24 
5 25 
4 14 
15 
97 65 
3 10 
63 
49 77 
25 
29 64 
38 
14 
41 
40 
36 85 
98 
8 
1 61 
9 
78 39 
31 
23 
76 
7 
22 
24 
71 
46 
12 
26 
16 
94 95 
64 
10 
85 
83 
21 
77 
90 
65 
48 99 
95 
72 
19 
93 
61 
17 
66 
39 
99 
81 
11 
# clone tree 20 objective: 2.73415
0 6 20 58 
58 69 37 
37 3 13 53 
20 8 86 56 67 
53 47 34 
34 71 7 70 
70 98 91 
80 36 87 
91 61 52 57 
67 80 
57 78 18 
87 84 
84 29 54 
18 42 68 
54 17 15 55 
56 40 45 75 
43 46 32 
68 43 
75 23 74 
55 96 
96 79 
32 48 30 
79 60 27 
30 89 28 
74 31 82 
82 59 
42 16 33 
27 39 62 
47 72 35 
28 49 92 
6 50 
59 51 
45 63 
60 88 
35 21 44 
50 73 
51 12 97 
33 76 9 
13 4 
69 38 
62 22 
73 26 1 
52 5 
92 41 
89 90 83 
2 
86 2 
44 94 
88 24 
5 25 
4 14 
15 
97 66 65 
3 10 
63 
49 99 77 
25 93 
29 64 
38 
14 
41 
40 19 
36 85 
98 
8 
1 
9 
78 
31 
23 
76 
7 
22 
24 
71 
46 
12 81 
26 
16 
94 95 
64 
10 
85 
83 
21 11 
77 
90 
65 
48 
95 
72 
19 
93 
61 
17 
66 
39 
99 
81 
11 
# clone tree 21 objective: 2.73415
0 93 6 20 58 
58 69 37 
37 3 13 53 
20 8 86 56 67 
53 47 34 
34 71 7 70 
70 98 91 
80 19 36 87 
91 52 57 
67 80 
57 78 18 
87 17 84 
84 29 54 
18 42 68 
54 15 55 
56 40 45 75 
43 46 32 
68 43 
75 23 74 
55 96 
96 79 
32 48 30 
79 60 27 
30 89 28 
74 31 82 
82 59 
42 16 33 
27 81 62 
47 72 35 
28 49 92 
6 50 
59 51 
45 63 
60 88 
35 21 44 
50 73 
51 12 97 
33 76 9 
13 4 
69 38 
62 22 
73 26 1 
52 5 
92 41 
89 90 83 
2 
86 2 
44 66 94 
88 24 
5 11 25 
4 14 
15 
97 65 
3 10 
63 
49 77 
25 
29 64 
38 
14 
41 
40 
36 85 
98 
8 
1 61 
9 
78 39 
31 
23 
76 
7 
22 
24 
71 
46 
12 
26 
16 
94 95 
64 
10 
85 
83 
21 
77 
90 
65 
48 99 
95 
72 
19 
93 
61 
17 
66 
39 
99 
81 
11 
# clone tree 22 objective: 2.73415
0 6 20 58 
58 69 37 
37 3 13 53 
20 8 86 56 67 
53 47 34 
34 71 7 70 
70 98 91 
80 36 87 
91 61 52 57 
67 80 
57 78 18 
87 84 
84 29 54 
18 42 68 
54 17 15 55 
56 40 45 75 
43 46 32 
68 43 
75 23 74 
55 96 
96 79 
32 48 30 
79 60 27 
30 89 28 
74 31 82 
82 59 
42 16 33 
27 39 62 
47 72 35 
28 49 92 
6 50 
59 51 
45 63 
60 88 
35 21 44 
50 73 
51 12 97 
33 76 9 
13 4 
69 38 
62 22 
73 26 1 
52 5 
92 41 
89 90 83 
2 
86 2 
44 94 
88 24 
5 25 
4 14 
15 
97 66 65 
3 10 
63 
49 99 77 
25 93 
29 64 
38 
14 
41 
40 19 
36 85 
98 
8 
1 
9 
78 
31 
23 
76 
7 
22 
24 
71 
46 
12 81 
26 
16 
94 95 
64 
10 
85 
83 11 
21 
77 
90 
65 
48 
95 
72 
19 
93 
61 
17 
66 
39 
99 
81 
11 
# clone tree 23 objective: 2.73415
0 93 6 20 58 
58 69 37 
37 3 13 53 
20 8 86 56 67 
53 47 34 
34 71 7 70 
70 98 91 
80 19 36 87 
91 52 57 
67 80 
57 78 18 
87 17 84 
84 29 54 
18 42 68 
54 15 55 
56 40 45 75 
43 46 32 
68 43 
75 23 74 
55 96 
96 79 
32 48 30 
79 60 27 
30 89 28 
74 31 82 
82 59 
42 16 33 
27 81 62 
47 72 35 
28 49 92 
6 50 
59 51 
45 63 
60 88 
35 21 44 
50 73 
51 12 97 
33 76 9 
13 4 
69 38 
62 22 
73 26 1 
52 5 
92 41 
89 90 83 
2 
86 2 
44 66 94 
88 24 
5 25 
4 14 
15 
97 65 
3 10 
63 
49 77 
25 
29 64 
38 
14 
41 
40 
36 85 
98 
8 
1 61 
9 
78 39 
31 
23 
76 
7 
22 
24 
71 
46 
12 
26 
16 
94 95 
64 
10 
85 
83 
21 
77 
90 
65 
48 99 
95 
72 
19 
93 
61 
17 
66 
39 
99 11 
81 
11 
# clone tree 24 objective: 2.73415
0 93 6 20 58 
58 69 37 
37 3 13 53 
20 8 86 56 67 
53 47 34 
34 66 71 7 70 
70 98 91 
80 36 87 
91 52 57 
67 80 
57 78 18 
87 84 
84 29 54 
18 42 68 
54 15 55 
56 40 45 75 
43 46 32 
68 43 
75 23 74 
55 99 96 
96 79 
32 30 
79 60 27 
30 89 28 
74 31 82 
82 59 
42 16 33 
27 65 62 
47 35 
28 49 92 
6 50 
59 51 
45 63 
60 88 
35 21 44 
50 73 
51 12 97 
33 76 9 
13 4 
69 95 38 
62 22 
73 26 1 
52 5 
92 41 
89 90 83 
2 61 
86 2 
44 94 
88 24 
5 17 25 
4 14 
15 
97 
3 10 
63 
49 11 77 
25 
29 64 
38 
14 
41 
40 19 72 
36 85 
98 
8 48 
1 
9 
78 81 
31 
23 
76 39 
7 
22 
24 
71 
46 
12 
26 
16 
94 
64 
10 
85 
83 
21 
77 
90 
65 
48 
95 
72 
19 
93 
61 
17 
66 
39 
99 
81 
11 
# clone tree 25 objective: 2.73415
0 93 6 20 58 
58 69 37 
37 3 13 53 
20 8 86 56 67 
53 47 34 
34 66 71 7 70 
70 98 91 
80 36 87 
91 52 57 
67 11 80 
57 78 18 
87 84 
84 29 54 
18 42 68 
54 15 55 
56 40 45 75 
43 46 32 
68 43 
75 23 74 
55 99 96 
96 79 
32 30 
79 60 27 
30 89 28 
74 31 82 
82 59 
42 16 33 
27 65 62 
47 35 
28 49 92 
6 50 
59 51 
45 63 
60 88 
35 21 44 
50 73 
51 12 97 
33 76 9 
13 4 
69 95 38 
62 22 
73 26 1 
52 5 
92 41 
89 90 83 
2 61 
86 2 
44 94 
88 24 
5 17 25 
4 14 
15 
97 
3 10 
63 
49 77 
25 
29 81 64 
38 
14 
41 
40 19 72 
36 85 
98 
8 48 
1 
9 
78 
31 
23 
76 39 
7 
22 
24 
71 
46 
12 
26 
16 
94 
64 
10 
85 
83 
21 
77 
90 
65 
48 
95 
72 
19 
93 
61 
17 
66 
39 
99 
81 
11 
# clone tree 26 objective: 2.73415
0 93 6 20 58 
58 69 37 
37 3 13 53 
20 8 86 56 67 
53 47 34 
34 71 7 70 
70 98 91 
80 19 36 87 
91 52 57 
67 80 
57 78 18 
87 17 84 
84 29 54 
18 42 68 
54 15 55 
56 40 45 75 
43 46 32 
68 43 
75 23 74 
55 96 
96 79 
32 48 30 
79 60 27 
30 89 28 
74 31 82 
82 39 59 
42 16 33 
27 62 
47 72 35 
28 49 92 
6 50 
59 51 
45 63 
60 88 
35 21 44 
50 73 
51 12 97 
33 76 9 
13 4 
69 38 
62 22 
73 26 1 
52 5 
92 41 
89 90 83 
2 
86 2 
44 94 
88 24 
5 25 
4 14 
15 
97 66 65 
3 10 
63 
49 77 
25 
29 64 
38 
14 
41 
40 
36 85 
98 
8 
1 61 
9 
78 
31 
23 
76 
7 
22 
24 
71 
46 
12 
26 81 
16 
94 95 
64 
10 
85 
83 
21 
77 
90 
65 
48 
95 
72 
19 
93 11 
61 99 
17 
66 
39 
99 
81 
11 
# clone tree 27 objective: 2.73415
0 93 6 20 58 
58 69 37 
37 3 13 53 
20 8 86 56 67 
53 47 34 
34 71 7 70 
70 98 91 
80 36 87 
91 52 57 
67 80 
57 78 18 
87 84 
84 29 54 
18 42 68 
54 17 15 55 
56 40 45 75 
43 46 32 
68 43 
75 23 74 
55 96 
96 79 
32 30 
79 60 27 
30 89 28 
74 31 82 
82 59 
42 16 33 
27 65 62 
47 35 
28 49 92 
6 50 
59 51 
45 63 
60 88 
35 21 44 
50 73 
51 12 97 
33 76 9 
13 99 4 
69 95 38 
62 22 
73 26 1 
52 5 
92 41 
89 90 83 
2 61 
86 2 
44 66 94 
88 24 
5 25 
4 14 
15 
97 
3 10 
63 11 
49 77 
25 
29 64 
38 39 
14 
41 
40 19 72 
36 85 
98 
8 48 
1 
9 
78 81 
31 
23 
76 
7 
22 
24 
71 
46 
12 
26 
16 
94 
64 
10 
85 
83 
21 
77 
90 
65 
48 
95 
72 
19 
93 
61 
17 
66 
39 
99 
81 
11 
# clone tree 28 objective: 2.73415
0 93 6 20 58 
58 69 37 
37 3 13 53 
20 8 86 56 67 
53 47 34 
34 71 7 70 
70 98 91 
80 36 87 
91 52 57 
67 80 
57 78 18 
87 84 
84 29 54 
18 42 68 
54 15 55 
56 40 45 75 
43 46 32 
68 43 
75 23 74 
55 96 
96 79 
32 30 
79 60 27 
30 89 28 
74 31 82 
82 59 
42 16 33 
27 66 65 62 
47 35 
28 49 92 
6 61 50 
59 11 51 
45 63 
60 99 88 
35 21 44 
50 73 
51 12 97 
33 76 9 
13 4 
69 95 38 
62 22 
73 26 1 
52 5 
92 41 
89 90 83 
2 
86 2 
44 94 
88 24 
5 25 
4 14 
15 
97 
3 81 10 
63 
49 77 
25 
29 64 
38 
14 
41 
40 19 72 
36 85 
98 
8 48 
1 
9 
78 39 
31 
23 
76 
7 
22 
24 
71 
46 
12 
26 
16 
94 
64 
10 17 
85 
83 
21 
77 
90 
65 
48 
95 
72 
19 
93 
61 
17 
66 
39 
99 
81 
11 
# clone tree 29 objective: 2.73415
0 93 6 20 58 
58 69 37 
37 3 13 53 
20 8 86 56 67 
53 47 34 
34 66 71 7 70 
70 98 91 
80 36 87 
91 52 57 
67 80 
57 78 18 
87 84 
84 29 54 
18 42 68 
54 15 55 
56 40 45 75 
43 46 32 
68 43 
75 11 23 74 
55 99 96 
96 79 
32 30 
79 60 27 
30 89 28 
74 31 82 
82 59 
42 16 33 
27 65 62 
47 35 
28 49 92 
6 50 
59 51 
45 63 
60 88 
35 21 44 
50 73 
51 12 97 
33 76 9 
13 4 
69 95 38 
62 22 
73 26 1 
52 5 
92 41 
89 90 83 
2 61 
86 2 
44 94 
88 24 
5 17 25 
4 14 
15 
97 
3 10 
63 
49 77 
25 
29 64 
38 
14 81 
41 
40 19 72 
36 85 
98 
8 48 
1 
9 
78 
31 
23 
76 39 
7 
22 
24 
71 
46 
12 
26 
16 
94 
64 
10 
85 
83 
21 
77 
90 
65 
48 
95 
72 
19 
93 
61 
17 
66 
39 
99 
81 
11 
# clone tree 30 objective: 2.73415
0 6 20 58 
58 39 69 37 
37 3 13 53 
20 8 86 56 67 
53 47 34 
34 71 7 70 
70 98 91 
80 36 87 
91 48 52 57 
67 80 
57 78 18 
87 84 
84 29 54 
18 42 68 
54 17 15 55 
56 40 45 75 
43 46 32 
68 43 
75 23 74 
55 96 
96 79 
32 30 
79 60 27 
30 89 28 
74 31 82 
82 59 
42 16 33 
27 62 
47 72 35 
28 49 92 
6 50 
59 51 
45 63 
60 88 
35 21 44 
50 73 
51 12 97 
33 76 9 
13 4 
69 38 
62 22 
73 26 1 
52 5 
92 41 
89 90 83 
2 19 
86 2 
44 66 94 
88 24 
5 25 
4 14 
15 
97 65 
3 10 
63 
49 99 77 
25 93 
29 64 
38 
14 
41 
40 
36 85 
98 61 
8 
1 
9 
78 
31 
23 
76 11 
7 
22 
24 
71 
46 
12 
26 
16 81 
94 95 
64 
10 
85 
83 
21 
77 
90 
65 
48 
95 
72 
19 
93 
61 
17 
66 
39 
99 
81 
11 
# clone tree 31 objective: 2.73415
0 93 6 20 58 
58 69 37 
37 3 13 53 
20 8 86 56 67 
53 47 34 
34 71 7 70 
70 98 91 
80 36 87 
91 52 57 
67 80 
57 78 18 
87 84 
84 29 54 
18 42 68 
54 17 15 55 
56 40 45 75 
43 46 32 
68 43 
75 23 74 
55 96 
96 79 
32 30 
79 60 27 
30 89 28 
74 31 82 
82 59 
42 16 33 
27 65 62 
47 35 
28 49 92 
6 50 
59 51 
45 63 
60 88 
35 11 21 44 
50 73 
51 12 97 
33 76 9 
13 4 
69 95 38 
62 22 
73 26 1 
52 5 
92 41 
89 90 83 
2 61 
86 2 
44 66 94 
88 24 
5 25 
4 14 
15 
97 
3 10 
63 
49 77 
25 
29 64 
38 39 
14 
41 
40 19 72 
36 85 
98 
8 48 
1 
9 
78 
31 
23 
76 
7 
22 
24 
71 
46 
12 81 
26 
16 
94 99 
64 
10 
85 
83 
21 
77 
90 
65 
48 
95 
72 
19 
93 
61 
17 
66 
39 
99 
81 
11 
# clone tree 32 objective: 2.73415
0 93 6 20 58 
58 69 37 
37 3 13 53 
20 8 86 56 67 
53 47 34 
34 71 7 70 
70 98 91 
80 36 87 
91 61 52 57 
67 80 
57 78 18 
87 84 
84 29 54 
18 42 68 
54 15 55 
56 40 45 75 
43 46 32 
68 43 
75 23 74 
55 96 
96 79 
32 48 30 
79 60 27 
30 89 28 
74 99 31 82 
82 59 
42 16 33 
27 62 
47 72 35 
28 49 92 
6 50 
59 51 
45 19 63 
60 88 
35 21 44 
50 73 
51 12 97 
33 76 9 
13 4 
69 38 
62 22 
73 26 1 
52 5 
92 41 
89 66 90 83 
2 
86 2 
44 94 
88 24 
5 25 
4 14 
15 
97 65 
3 10 
63 
49 77 
25 
29 64 
38 39 
14 
41 
40 11 
36 85 
98 
8 
1 
9 
78 
31 
23 
76 
7 
22 
24 
71 
46 
12 
26 
16 
94 95 
64 
10 17 
85 
83 
21 
77 81 
90 
65 
48 
95 
72 
19 
93 
61 
17 
66 
39 
99 
81 
11 
# clone tree 33 objective: 2.73415
0 93 6 20 58 
58 39 69 37 
37 3 13 53 
20 8 86 56 67 
53 47 34 
34 71 7 70 
70 98 91 
80 36 87 
91 48 52 57 
67 80 
57 78 18 
87 17 84 
84 29 54 
18 42 68 
54 15 55 
56 40 45 75 
43 46 32 
68 43 
75 23 74 
55 96 
96 79 
32 30 
79 60 27 
30 89 28 
74 31 82 
82 81 59 
42 16 33 
27 62 
47 72 35 
28 49 92 
6 61 50 
59 11 51 
45 19 63 
60 88 
35 21 44 
50 73 
51 12 97 
33 76 9 
13 4 
69 38 
62 22 
73 26 1 
52 5 
92 41 
89 90 83 
2 
86 2 
44 94 
88 24 
5 25 
4 14 
15 
97 65 
3 10 
63 
49 77 
25 99 
29 64 
38 
14 
41 
40 
36 85 
98 
8 
1 
9 
78 66 
31 
23 
76 
7 
22 
24 
71 
46 
12 
26 
16 
94 95 
64 
10 
85 
83 
21 
77 
90 
65 
48 
95 
72 
19 
93 
61 
17 
66 
39 
99 
81 
11 
# clone tree 34 objective: 2.73415
0 93 6 20 58 
58 69 37 
37 3 13 53 
20 8 86 56 67 
53 47 34 
34 71 7 70 
70 98 91 
80 36 87 
91 52 57 
67 80 
57 78 18 
87 84 
84 29 54 
18 42 68 
54 17 15 55 
56 40 45 75 
43 46 32 
68 43 
75 23 74 
55 96 
96 79 
32 30 
79 60 27 
30 89 28 
74 31 82 
82 81 59 
42 16 33 
27 65 62 
47 35 
28 49 92 
6 50 
59 51 
45 63 
60 88 
35 21 44 
50 73 
51 12 97 
33 76 9 
13 4 
69 95 38 
62 22 
73 26 1 
52 5 
92 11 41 
89 90 83 
2 61 
86 2 
44 66 94 
88 24 
5 25 
4 14 
15 
97 
3 10 
63 
49 77 
25 
29 64 
38 39 
14 
41 
40 19 72 
36 85 
98 
8 48 
1 
9 
78 
31 
23 
76 
7 
22 
24 
71 
46 
12 
26 
16 
94 99 
64 
10 
85 
83 
21 
77 
90 
65 
48 
95 
72 
19 
93 
61 
17 
66 
39 
99 
81 
11 
# clone tree 35 objective: 2.73415
0 6 20 58 
58 66 69 37 
37 3 13 53 
20 8 86 56 67 
53 47 34 
34 71 7 70 
70 98 91 
80 36 87 
91 52 57 
67 80 
57 78 18 
87 84 
84 29 54 
18 42 68 
54 17 15 55 
56 40 45 75 
43 46 32 
68 43 
75 23 74 
55 96 
96 61 79 
32 48 30 
79 60 27 
30 89 28 
74 31 82 
82 59 
42 16 33 
27 81 62 
47 35 
28 49 92 
6 99 50 
59 51 
45 63 
60 88 
35 21 44 
50 73 
51 11 12 97 
33 76 9 
13 4 
69 95 38 
62 22 
73 26 1 
52 5 
92 41 
89 90 83 
2 19 
86 2 
44 94 
88 24 
5 25 
4 14 
15 39 
97 65 
3 10 
63 
49 77 
25 93 
29 64 
38 
14 72 
41 
40 
36 85 
98 
8 
1 
9 
78 
31 
23 
76 
7 
22 
24 
71 
46 
12 
26 
16 
94 
64 
10 
85 
83 
21 
77 
90 
65 
48 
95 
72 
19 
93 
61 
17 
66 
39 
99 
81 
11 
# clone tree 36 objective: 2.73415
0 93 6 20 58 
58 81 69 37 
37 3 13 53 
20 8 86 56 67 
53 47 34 
34 71 7 70 
70 98 91 
80 36 87 
91 52 57 
67 80 
57 78 18 
87 84 
84 29 54 
18 42 68 
54 15 55 
56 40 45 75 
43 46 32 
68 43 
75 23 74 
55 96 
96 99 79 
32 30 
79 60 27 
30 89 28 
74 31 82 
82 59 
42 16 33 
27 66 65 62 
47 35 
28 49 92 
6 61 50 
59 51 
45 63 
60 88 
35 21 44 
50 73 
51 12 97 
33 76 9 
13 4 
69 95 38 
62 22 
73 26 1 
52 5 
92 41 
89 90 83 
2 
86 2 
44 94 
88 24 
5 25 
4 14 
15 
97 
3 10 
63 
49 77 
25 
29 64 
38 
14 
41 
40 19 72 
36 85 
98 
8 48 
1 
9 
78 39 
31 
23 
76 
7 
22 
24 
71 
46 
12 
26 
16 
94 
64 
10 17 
85 11 
83 
21 
77 
90 
65 
48 
95 
72 
19 
93 
61 
17 
66 
39 
99 
81 
11 
# clone tree 37 objective: 2.73415
0 93 6 20 58 
58 69 37 
37 3 13 53 
20 8 86 56 67 
53 47 34 
34 71 7 70 
70 98 91 
80 36 87 
91 52 57 
67 80 
57 78 18 
87 84 
84 29 54 
18 42 68 
54 17 15 55 
56 40 45 75 
43 46 32 
68 43 
75 23 74 
55 96 
96 79 
32 30 
79 60 27 
30 89 28 
74 31 82 
82 59 
42 16 33 
27 65 62 
47 35 
28 49 92 
6 50 
59 51 
45 63 
60 88 
35 21 44 
50 73 
51 12 97 
33 76 9 
13 4 
69 95 38 
62 22 
73 26 1 
52 5 
92 41 
89 90 83 
2 11 61 
86 2 
44 66 94 
88 24 
5 25 
4 14 
15 
97 
3 81 10 
63 
49 77 
25 
29 64 
38 39 
14 
41 
40 19 72 
36 85 
98 
8 48 
1 
9 
78 
31 
23 
76 
7 
22 
24 
71 
46 
12 
26 
16 
94 99 
64 
10 
85 
83 
21 
77 
90 
65 
48 
95 
72 
19 
93 
61 
17 
66 
39 
99 
81 
11 
# clone tree 38 objective: 2.73415
0 93 6 20 58 
58 81 69 37 
37 3 13 53 
20 8 86 56 67 
53 47 34 
34 71 7 70 
70 98 91 
80 36 87 
91 52 57 
67 80 
57 78 18 
87 84 
84 29 54 
18 42 68 
54 15 55 
56 40 45 75 
43 46 32 
68 43 
75 23 74 
55 96 
96 79 
32 30 
79 60 27 
30 89 28 
74 99 31 82 
82 59 
42 16 33 
27 66 65 62 
47 35 
28 49 92 
6 61 50 
59 51 
45 63 
60 88 
35 21 44 
50 73 
51 12 97 
33 76 9 
13 4 
69 95 38 
62 22 
73 26 1 
52 5 
92 41 
89 90 83 
2 
86 2 
44 94 
88 24 
5 25 
4 14 
15 
97 
3 10 
63 
49 77 
25 
29 64 
38 
14 
41 
40 19 72 
36 85 
98 
8 48 
1 
9 
78 39 
31 
23 
76 
7 
22 
24 
71 
46 11 
12 
26 
16 
94 
64 
10 17 
85 
83 
21 
77 
90 
65 
48 
95 
72 
19 
93 
61 
17 
66 
39 
99 
81 
11 
# clone tree 39 objective: 2.73415
0 93 6 20 58 
58 81 69 37 
37 3 13 53 
20 8 86 56 67 
53 47 34 
34 71 7 70 
70 98 91 
80 36 87 
91 52 57 
67 80 
57 78 18 
87 84 
84 29 54 
18 42 68 
54 15 55 
56 40 45 75 
43 46 32 
68 43 
75 23 74 
55 96 
96 79 
32 30 
79 60 27 
30 89 28 
74 99 31 82 
82 59 
42 16 33 
27 66 65 62 
47 35 
28 49 92 
6 61 50 
59 51 
45 63 
60 88 
35 21 44 
50 73 
51 12 97 
33 76 9 
13 4 
69 95 38 
62 22 
73 26 1 
52 5 
92 41 
89 90 83 
2 
86 2 
44 94 
88 11 24 
5 25 
4 14 
15 
97 
3 10 
63 
49 77 
25 
29 64 
38 
14 
41 
40 19 72 
36 85 
98 
8 48 
1 
9 
78 39 
31 
23 
76 
7 
22 
24 
71 
46 
12 
26 
16 
94 
64 
10 17 
85 
83 
21 
77 
90 
65 
48 
95 
72 
19 
93 
61 
17 
66 
39 
99 
81 
11 
# clone tree 40 objective: 2.73415
0 6 20 58 
58 69 37 
37 3 13 53 
20 8 86 56 67 
53 47 34 
34 71 7 70 
70 98 91 
80 36 87 
91 52 57 
67 80 
57 78 18 
87 84 
84 29 54 
18 42 68 
54 15 55 
56 40 45 75 
43 46 32 
68 43 
75 23 74 
55 96 
96 79 
32 30 
79 60 27 
30 61 89 28 
74 31 82 
82 59 
42 81 16 33 
27 62 
47 72 35 
28 49 92 
6 50 
59 51 
45 63 
60 88 
35 21 44 
50 73 
51 12 97 
33 76 9 
13 4 
69 38 
62 22 
73 26 1 
52 5 
92 41 
89 90 83 
2 
86 2 
44 94 
88 24 
5 17 25 
4 14 
15 39 
97 
3 10 
63 
49 99 77 
25 93 
29 64 
38 
14 
41 65 
40 19 
36 85 
98 
8 48 
1 
9 
78 66 
31 
23 
76 
7 
22 
24 
71 11 
46 
12 
26 
16 
94 95 
64 
10 
85 
83 
21 
77 
90 
65 
48 
95 
72 
19 
93 
61 
17 
66 
39 
99 
81 
11 
# clone tree 41 objective: 2.73415
0 6 20 58 
58 69 37 
37 3 13 53 
20 8 86 56 67 
53 47 34 
34 71 7 70 
70 98 91 
80 36 87 
91 61 48 52 57 
67 80 
57 78 18 
87 84 
84 29 54 
18 42 68 
54 17 65 15 55 
56 40 45 75 
43 46 32 
68 43 
75 23 74 
55 96 
96 79 
32 19 30 
79 60 27 
30 89 28 
74 31 82 
82 59 
42 16 33 
27 62 
47 72 35 
28 93 49 92 
6 50 
59 51 
45 63 
60 88 
35 21 44 
50 73 
51 12 97 
33 76 9 
13 4 
69 38 
62 22 
73 26 1 
52 5 
92 41 
89 90 83 
2 
86 2 
44 94 
88 24 
5 25 
4 14 
15 11 
97 
3 10 
63 
49 77 
25 
29 64 
38 
14 
41 
40 
36 85 
98 
8 
1 99 
9 
78 66 
31 
23 
76 39 
7 
22 
24 
71 
46 
12 81 
26 
16 
94 95 
64 
10 
85 
83 
21 
77 
90 
65 
48 
95 
72 
19 
93 
61 
17 
66 
39 
99 
81 
11 
# clone tree 42 objective: 2.73415
0 6 20 58 
58 69 37 
37 3 13 53 
20 8 86 56 67 
53 47 34 
34 71 7 70 
70 98 91 
80 36 87 
91 48 52 57 
67 80 
57 78 18 
87 84 
84 29 54 
18 42 68 
54 15 55 
56 40 45 75 
43 46 32 
68 43 
75 23 74 
55 96 
96 79 
32 19 30 
79 60 27 
30 89 28 
74 31 82 
82 59 
42 16 33 
27 66 62 
47 35 
28 49 92 
6 50 
59 51 
45 63 
60 88 
35 21 44 
50 73 
51 12 97 
33 76 9 
13 4 
69 38 
62 22 
73 26 1 
52 99 5 
92 41 
89 90 83 
2 
86 2 
44 94 
88 24 
5 25 
4 14 
15 
97 65 
3 10 
63 
49 77 
25 93 
29 64 
38 
14 72 
41 
40 
36 85 
98 
8 11 
1 61 
9 
78 81 
31 
23 
76 39 
7 
22 
24 
71 
46 
12 
26 
16 
94 95 
64 
10 17 
85 
83 
21 
77 
90 
65 
48 
95 
72 
19 
93 
61 
17 
66 
39 
99 
81 
11 
# clone tree 43 objective: 2.73415
0 93 6 20 58 
58 69 37 
37 3 13 53 
20 8 86 56 67 
53 47 34 
34 71 7 70 
70 98 91 
80 36 87 
91 52 57 
67 80 
57 78 18 
87 84 
84 11 29 54 
18 42 68 
54 17 15 55 
56 40 45 75 
43 46 32 
68 43 
75 23 74 
55 96 
96 79 
32 30 
79 60 27 
30 89 28 
74 31 82 
82 39 59 
42 16 33 
27 65 62 
47 35 
28 49 92 
6 50 
59 51 
45 63 
60 88 
35 21 44 
50 73 
51 12 97 
33 76 9 
13 4 
69 95 38 
62 22 
73 26 1 
52 5 
92 41 
89 90 83 
2 61 
86 2 
44 66 94 
88 24 
5 25 
4 14 
15 
97 
3 10 
63 
49 99 77 
25 
29 64 
38 81 
14 
41 
40 19 72 
36 85 
98 
8 48 
1 
9 
78 
31 
23 
76 
7 
22 
24 
71 
46 
12 
26 
16 
94 
64 
10 
85 
83 
21 
77 
90 
65 
48 
95 
72 
19 
93 
61 
17 
66 
39 
99 
81 
11 
# clone tree 44 objective: 2.73415
0 93 6 20 58 
58 39 69 37 
37 3 13 53 
20 8 86 56 67 
53 47 34 
34 71 7 70 
70 98 91 
80 36 87 
91 48 52 57 
67 80 
57 78 18 
87 17 84 
84 29 54 
18 42 68 
54 15 55 
56 40 45 75 
43 46 32 
68 43 
75 23 74 
55 96 
96 79 
32 30 
79 60 27 
30 89 28 
74 31 82 
82 81 59 
42 16 33 
27 62 
47 72 35 
28 49 92 
6 61 50 
59 51 
45 19 63 
60 88 
35 21 44 
50 73 
51 12 97 
33 76 9 
13 4 
69 38 
62 22 
73 26 1 
52 5 
92 41 
89 90 83 
2 
86 2 
44 94 
88 24 
5 25 
4 14 
15 
97 65 
3 10 
63 
49 77 
25 99 
29 64 
38 
14 
41 
40 
36 85 
98 
8 
1 
9 
78 66 
31 
23 
76 
7 
22 
24 
71 
46 
12 
26 
16 
94 95 
64 
10 
85 
83 
21 
77 
90 
65 
48 
95 
72 
19 
93 
61 
17 
66 11 
39 
99 
81 
11 
# clone tree 45 objective: 2.73415
0 6 20 58 
58 81 69 37 
37 3 13 53 
20 8 86 56 67 
53 47 34 
34 71 7 70 
70 98 91 
80 36 87 
91 48 52 57 
67 80 
57 78 18 
87 84 
84 29 54 
18 42 68 
54 15 55 
56 40 45 75 
43 46 32 
68 43 
75 23 74 
55 96 
96 79 
32 19 30 
79 60 27 
30 89 28 
74 31 82 
82 59 
42 16 33 
27 66 62 
47 35 
28 49 92 
6 50 
59 51 
45 63 
60 88 
35 21 44 
50 73 
51 12 97 
33 76 9 
13 4 
69 38 
62 22 
73 26 1 
52 5 
92 41 
89 11 90 83 
2 
86 2 
44 94 
88 24 
5 25 
4 14 
15 
97 65 
3 10 
63 
49 77 
25 93 
29 64 
38 
14 72 
41 
40 
36 85 
98 
8 
1 61 
9 
78 
31 
23 
76 39 
7 
22 
24 
71 
46 
12 
26 
16 
94 99 95 
64 
10 17 
85 
83 
21 
77 
90 
65 
48 
95 
72 
19 
93 
61 
17 
66 
39 
99 
81 
11 
# clone tree 46 objective: 2.73415
0 6 20 58 
58 69 37 
37 3 13 53 
20 8 86 56 67 
53 47 34 
34 71 7 70 
70 98 91 
80 36 87 
91 61 48 52 57 
67 80 
57 78 18 
87 84 
84 29 54 
18 42 68 
54 17 65 15 55 
56 40 45 75 
43 46 32 
68 43 
75 23 74 
55 96 
96 79 
32 19 30 
79 60 27 
30 89 28 
74 31 82 
82 39 59 
42 11 81 16 33 
27 62 
47 72 35 
28 93 49 92 
6 50 
59 51 
45 63 
60 88 
35 21 44 
50 73 
51 12 97 
33 76 9 
13 4 
69 38 
62 22 
73 26 1 
52 5 
92 41 
89 90 83 
2 
86 2 
44 94 
88 24 
5 25 
4 14 
15 
97 
3 10 
63 
49 77 
25 
29 64 
38 
14 
41 
40 
36 85 
98 
8 
1 
9 
78 66 
31 
23 
76 
7 
22 
24 
71 
46 
12 
26 
16 
94 99 95 
64 
10 
85 
83 
21 
77 
90 
65 
48 
95 
72 
19 
93 
61 
17 
66 
39 
99 
81 
11 
# clone tree 47 objective: 2.73415
0 6 20 58 
58 81 69 37 
37 3 13 53 
20 8 86 56 67 
53 47 34 
34 71 7 70 
70 98 91 
80 36 87 
91 48 52 57 
67 80 
57 78 18 
87 84 
84 29 54 
18 42 68 
54 15 55 
56 40 45 75 
43 46 32 
68 43 
75 23 74 
55 96 
96 79 
32 19 30 
79 60 27 
30 89 28 
74 31 82 
82 59 
42 16 33 
27 66 62 
47 35 
28 49 92 
6 50 
59 51 
45 63 
60 88 
35 21 44 
50 73 
51 12 97 
33 76 9 
13 4 
69 38 
62 22 
73 26 1 
52 5 
92 41 
89 90 83 
2 
86 2 
44 94 
88 24 
5 25 
4 14 
15 
97 65 
3 10 
63 
49 77 
25 93 
29 64 
38 
14 72 
41 
40 
36 85 
98 
8 
1 61 
9 
78 
31 
23 
76 11 39 
7 
22 
24 
71 
46 
12 
26 
16 
94 99 95 
64 
10 17 
85 
83 
21 
77 
90 
65 
48 
95 
72 
19 
93 
61 
17 
66 
39 
99 
81 
11 
# clone tree 48 objective: 2.73415
0 93 6 20 58 
58 69 37 
37 3 13 53 
20 8 86 56 67 
53 47 34 
34 71 7 70 
70 98 91 
80 19 36 87 
91 52 57 
67 80 
57 78 18 
87 17 84 
84 29 54 
18 42 68 
54 15 55 
56 11 40 45 75 
43 46 32 
68 43 
75 23 74 
55 96 
96 79 
32 48 30 
79 60 27 
30 89 28 
74 31 82 
82 39 59 
42 16 33 
27 62 
47 72 35 
28 49 92 
6 50 
59 51 
45 63 
60 88 
35 21 44 
50 73 
51 12 97 
33 76 9 
13 4 
69 38 
62 22 
73 26 1 
52 5 
92 41 
89 90 83 
2 
86 2 
44 94 
88 24 
5 25 
4 14 
15 
97 66 65 
3 10 
63 
49 77 
25 
29 64 
38 
14 
41 
40 
36 85 
98 
8 
1 61 
9 
78 
31 
23 
76 
7 
22 
24 
71 
46 
12 
26 
16 
94 95 
64 
10 
85 
83 
21 
77 81 
90 
65 
48 
95 
72 
19 
93 
61 99 
17 
66 
39 
99 
81 
11 
# clone tree 49 objective: 2.73415
0 6 20 58 
58 69 37 
37 3 13 53 
20 8 86 56 67 
53 47 34 
34 71 7 70 
70 98 91 
80 36 87 
91 48 52 57 
67 80 
57 78 18 
87 84 
84 29 54 
18 42 68 
54 15 55 
56 40 45 75 
43 46 32 
68 43 
75 23 74 
55 99 96 
96 79 
32 30 
79 60 27 
30 89 28 
74 31 82 
82 59 
42 16 33 
27 62 
47 72 35 
28 49 92 
6 50 
59 51 
45 63 
60 61 88 
35 21 44 
50 81 73 
51 12 97 
33 76 9 
13 4 
69 38 
62 22 
73 26 1 
52 5 
92 41 
89 90 83 
2 19 
86 2 
44 94 
88 24 
5 25 
4 14 
15 11 
97 66 65 
3 10 
63 
49 77 
25 93 
29 64 
38 
14 
41 
40 
36 85 
98 
8 
1 
9 
78 
31 
23 
76 39 
7 
22 
24 
71 
46 
12 
26 
16 
94 95 
64 
10 17 
85 
83 
21 
77 
90 
65 
48 
95 
72 
19 
93 
61 
17 
66 
39 
99 
81 
11 
