0 17 28 
28 95 16 51 90 
90 19 32 
4 15 70 
32 38 4 
70 13 65 18 
18 91 87 
87 23 
51 12 50 62 
23 93 
62 25 8 69 
93 45 81 
69 3 64 
81 89 42 
42 5 88 
84 54 
64 10 84 
54 26 79 
73 2 
88 30 73 
2 59 33 
79 97 86 53 
33 76 
76 63 
53 40 
22 43 29 
63 22 
29 99 34 
40 83 
56 49 
34 60 
83 27 56 
49 96 
60 24 7 
96 77 
77 46 
46 66 
45 39 75 
26 31 
7 48 41 
15 20 14 
41 35 
75 55 36 
31 21 85 
50 58 
38 78 71 
66 44 
68 52 
35 98 74 
5 
85 72 
19 
44 57 
24 68 
65 37 
12 6 
10 
37 
52 
71 47 
36 
3 
17 94 
89 1 67 
72 80 
27 11 
80 
6 
47 82 
16 
78 
39 
82 
14 92 
86 
8 61 
74 
94 
58 
57 
21 
59 
20 
91 
97 
98 
95 
13 
67 
99 9 
55 
43 
92 
25 
30 
61 
48 
1 
11 
9 
