0 23 71 90 
78 48 
90 63 78 
10 73 89 95 
48 32 93 10 
95 5 74 53 
8 58 27 30 
53 12 8 
36 75 
30 9 51 36 
84 60 
75 84 
60 1 83 82 
82 91 42 
42 20 34 77 79 
14 68 4 
27 14 
79 98 87 29 6 
4 7 22 
22 19 52 
6 57 96 26 
52 70 
26 49 40 
18 61 3 
40 25 17 
70 76 18 
17 15 45 
3 2 24 
45 38 
38 35 16 
71 37 85 
77 13 
85 
94 62 
61 43 
13 47 
34 94 
24 
20 54 88 
16 99 
29 92 33 
93 59 
96 28 
74 
15 
32 44 67 
83 39 
62 
7 46 
19 
33 72 
99 
59 
28 
91 21 
76 69 
63 
46 
51 86 
25 
58 81 
88 56 
12 
43 
49 
39 
1 
47 31 
35 
9 
5 66 
68 
67 
57 
56 
89 41 
72 80 
54 
87 11 65 
2 55 
44 
21 
41 50 
23 
86 
65 
73 
98 
37 
80 
92 
55 
69 
66 
81 64 
64 
50 
31 97 
11 
97 
