0 36 40 
40 27 97 14 12 15 91 61 
81 34 70 
61 41 81 
70 20 18 
18 94 37 84 
84 69 44 90 
90 55 10 
10 71 96 
96 98 68 21 
91 76 
76 8 
8 58 26 16 
21 42 43 
16 75 72 
43 22 
55 9 
72 45 82 
22 56 39 
68 53 67 
9 5 93 63 46 
74 83 
15 74 
82 23 1 
1 28 52 
39 4 
67 80 
46 17 
83 64 88 
52 79 
80 6 77 49 
50 47 86 
17 19 
4 50 
26 60 
79 78 
58 31 2 
88 33 
75 32 
60 85 13 
19 57 
49 38 66 
34 
62 59 
33 51 
56 7 
57 62 
42 48 
32 11 
2 
7 95 
86 73 
98 24 30 
12 3 
20 35 
51 
95 87 
47 54 
78 
66 
63 
37 92 65 
36 
48 
11 
44 
73 
93 
14 
38 
31 
87 
94 
59 
30 
69 99 
53 
99 29 
71 
28 
54 
13 
97 
41 
3 
65 
77 
24 
85 89 
89 
35 
64 
45 
5 
27 25 
23 
29 
92 
25 
6 
