# clone tree 0 objective: 3.19128
0 38 16 37 
37 43 68 73 
89 57 
73 23 50 
50 89 
40 91 26 45 
57 55 40 
45 19 77 96 
96 74 53 59 49 13 62 
62 17 71 18 92 
92 12 
12 67 11 
22 51 6 
11 22 
6 2 31 85 
85 21 60 15 
15 34 88 
88 10 44 36 84 
84 79 93 33 
18 47 4 9 
34 35 28 
33 90 75 
9 64 
36 69 27 
28 54 
27 29 
71 94 
94 24 61 
77 65 
65 58 
54 7 
64 78 
75 25 
13 98 
23 30 
51 8 83 
68 
7 97 46 
30 32 
31 48 
16 41 
78 
93 63 
46 3 5 
41 42 
52 1 
29 
69 87 
49 80 
4 76 81 
42 99 
44 86 
10 95 39 
61 72 
17 
38 66 
60 52 
25 
79 
26 
83 14 
58 56 
39 20 
47 
5 
59 
67 
21 
86 
72 
43 70 
48 
90 
19 
80 
35 
20 82 
32 
99 
53 
8 
74 
91 
55 
14 
97 
98 
63 
81 
87 
24 
56 
2 
76 
1 
70 
3 
66 
95 
82 
# clone tree 1 objective: 3.19128
0 38 16 37 
37 43 68 73 
89 57 
73 23 50 
50 89 
40 91 26 45 
57 55 40 
45 19 77 96 
96 74 53 59 49 13 62 
62 17 71 18 92 
92 12 
12 67 11 
22 51 6 
11 22 
6 2 31 85 
85 21 60 15 
15 34 88 
88 10 44 36 84 
84 79 93 33 
18 47 4 9 
34 35 28 
33 90 75 
9 64 
36 69 27 
28 54 
27 29 
71 94 
94 24 61 
77 65 
65 58 
54 7 
64 78 
75 25 
13 98 
23 30 
51 8 83 
68 
7 97 46 
30 32 
31 48 
16 41 
78 
93 63 
46 3 5 
41 42 
52 1 
29 
69 87 
49 80 
4 76 81 
42 99 
44 86 
10 95 39 
61 72 
17 
38 66 
60 52 
25 
79 
26 
83 14 
58 56 
39 20 
47 
5 
59 
67 
21 
86 
72 
43 70 
48 
90 
19 82 
80 
35 
20 
32 
99 
53 
8 
74 
91 
55 
14 
97 
98 
63 
81 
87 
24 
56 
2 
76 
1 
70 
3 
66 
95 
82 
# clone tree 2 objective: 3.19128
0 38 16 37 
37 43 68 73 
89 57 
73 23 50 
50 89 
40 91 26 45 
57 55 40 
45 19 77 96 
96 74 53 59 49 13 62 
62 17 71 18 92 
92 12 
12 67 11 
22 51 6 
11 22 
6 2 31 85 
85 21 60 15 
15 34 88 
88 10 44 36 84 
84 79 93 33 
18 47 4 9 
34 35 28 
33 90 75 
9 64 
36 69 27 
28 54 
27 29 
71 94 
94 24 61 
77 65 
65 58 
54 7 
64 78 
75 25 
13 98 
23 30 
51 8 83 
68 
7 97 46 
30 32 
31 48 
16 41 
78 
93 63 
46 3 5 
41 42 
52 1 
29 
69 87 
49 80 
4 76 81 
42 99 
44 86 
10 39 
61 72 
17 
38 
60 52 
25 
79 
26 
83 14 
58 56 
39 20 
47 
5 
59 
67 
21 
86 82 
72 
43 95 70 
48 
90 
19 
80 
35 
20 
32 
99 66 
53 
8 
74 
91 
55 
14 
97 
98 
63 
81 
87 
24 
56 
2 
76 
1 
70 
3 
66 
95 
82 
# clone tree 3 objective: 3.19128
0 38 16 37 
37 43 68 73 
89 57 
73 23 50 
50 89 
40 91 26 45 
57 55 40 
45 19 77 96 
96 59 49 13 62 
62 17 71 18 92 
92 12 
12 67 11 
22 70 51 6 
11 22 
6 31 85 
85 21 60 15 
15 34 88 
88 10 44 36 84 
84 1 79 93 33 
18 47 4 9 
34 35 28 
33 90 75 
9 64 
36 69 27 
28 3 87 54 
27 29 
71 2 94 
94 24 61 
77 65 
65 58 
54 7 
64 78 
75 53 25 
13 98 
23 30 
51 83 
68 14 
7 46 
30 76 
31 48 
16 41 
78 
93 97 
46 5 
41 42 
52 63 
29 
69 
49 74 80 
4 81 
42 99 
44 86 
10 39 
61 72 
17 
38 66 
60 52 
25 32 
79 
26 
83 
58 56 
39 20 
47 8 
5 
59 
67 
21 
86 
72 
43 
48 
90 
19 
80 
35 
20 
32 
99 
53 
8 
74 
91 
55 
14 95 
97 
98 
63 
81 82 
87 
24 
56 
2 
76 
1 
70 
3 
66 
95 
82 
# clone tree 4 objective: 3.19128
0 38 16 37 
37 43 68 73 
89 57 
73 23 50 
50 89 
40 91 26 45 
57 55 40 
45 19 77 96 
96 74 53 59 49 13 62 
62 17 71 18 92 
92 12 
12 67 11 
22 51 6 
11 22 
6 2 31 85 
85 21 60 15 
15 34 88 
88 10 44 36 84 
84 79 93 33 
18 47 4 9 
34 35 28 
33 90 75 
9 64 
36 69 27 
28 54 
27 29 
71 94 
94 24 61 
77 65 
65 58 
54 7 
64 78 
75 25 
13 98 
23 30 
51 8 83 
68 
7 97 46 
30 32 
31 48 
16 41 
78 
93 63 
46 3 5 
41 42 
52 1 
29 
69 87 
49 80 
4 76 81 
42 99 
44 86 
10 39 
61 72 
17 
38 
60 52 
25 
79 82 
26 
83 14 
58 56 
39 20 
47 
5 
59 
67 
21 
86 
72 
43 95 70 
48 
90 
19 
80 
35 
20 
32 
99 66 
53 
8 
74 
91 
55 
14 
97 
98 
63 
81 
87 
24 
56 
2 
76 
1 
70 
3 
66 
95 
82 
# clone tree 5 objective: 3.19128
0 38 16 37 
37 43 68 73 
89 57 
73 23 50 
50 89 
40 91 26 45 
57 55 40 
45 19 77 96 
96 59 49 13 62 
62 17 71 18 92 
92 12 
12 67 11 
22 70 51 6 
11 22 
6 31 85 
85 21 60 15 
15 34 88 
88 10 44 36 84 
84 1 79 93 33 
18 47 4 9 
34 35 28 
33 90 75 
9 64 
36 69 27 
28 3 87 54 
27 29 
71 2 94 
94 24 61 
77 65 
65 58 
54 7 
64 78 
75 53 25 
13 98 
23 30 
51 83 
68 14 
7 46 
30 76 
31 48 
16 41 
78 
93 97 
46 5 
41 42 
52 63 
29 
69 
49 74 80 
4 81 
42 99 
44 86 
10 39 
61 72 
17 
38 66 
60 52 
25 32 
79 
26 
83 
58 56 
39 20 
47 8 
5 
59 
67 
21 
86 
72 
43 
48 
90 
19 
80 
35 
20 
32 
99 82 
53 
8 
74 
91 
55 
14 95 
97 
98 
63 
81 
87 
24 
56 
2 
76 
1 
70 
3 
66 
95 
82 
# clone tree 6 objective: 3.19128
0 38 16 37 
37 43 68 73 
89 57 
73 23 50 
50 89 
40 91 26 45 
57 55 40 
45 19 77 96 
96 74 53 59 49 13 62 
62 17 71 18 92 
92 12 
12 67 11 
22 51 6 
11 22 
6 2 31 85 
85 21 60 15 
15 34 88 
88 10 44 36 84 
84 79 93 33 
18 47 4 9 
34 35 28 
33 90 75 
9 64 
36 69 27 
28 54 
27 29 
71 94 
94 24 61 
77 65 
65 58 
54 7 
64 78 
75 25 
13 98 
23 30 
51 8 83 
68 
7 97 46 
30 32 
31 48 
16 41 
78 
93 63 
46 3 5 
41 42 
52 1 
29 
69 87 
49 80 
4 76 81 
42 99 
44 86 
10 39 
61 72 
17 
38 
60 52 
25 
79 
26 
83 14 
58 56 
39 20 
47 
5 
59 
67 
21 
86 
72 
43 95 70 
48 
90 
19 
80 
35 
20 
32 
99 66 
53 
8 
74 
91 
55 
14 
97 
98 
63 
81 
87 
24 
56 
2 
76 
1 
70 
3 
66 82 
95 
82 
# clone tree 7 objective: 3.19128
0 38 16 37 
37 3 43 68 73 
89 57 
73 23 50 
50 89 
40 26 45 
57 56 55 40 
45 19 77 96 
96 74 53 59 49 13 62 
62 17 71 18 92 
92 12 
12 67 11 
22 51 6 
11 22 
6 31 85 
85 21 60 15 
15 34 88 
88 10 44 36 84 
84 79 93 33 
18 47 4 9 
34 35 28 
33 90 75 
9 64 
36 69 27 
28 54 
27 29 
71 94 
94 24 61 
77 65 
65 58 
54 7 
64 78 
75 25 
13 98 
23 95 76 30 
51 8 83 
68 
7 97 46 
30 32 
31 48 
16 41 
78 1 
93 63 
46 5 
41 42 
52 
29 70 
69 87 
49 80 
4 81 
42 99 
44 86 
10 39 
61 72 
17 
38 
60 52 
25 91 
79 
26 
83 
58 
39 20 
47 
5 
59 
67 
21 
86 
72 
43 14 
48 
90 
19 
80 82 
35 2 
20 
32 
99 66 
53 
8 
74 
91 
55 
14 
97 
98 
63 
81 
87 
24 
56 
2 
76 
1 
70 
3 
66 
95 
82 
# clone tree 8 objective: 3.19128
0 38 16 37 
37 43 68 73 
89 57 
73 23 50 
50 89 
40 91 26 45 
57 55 40 
45 19 77 96 
96 74 53 59 49 13 62 
62 17 71 18 92 
92 12 
12 67 11 
22 51 6 
11 22 
6 2 31 85 
85 21 60 15 
15 34 88 
88 10 44 36 84 
84 79 93 33 
18 47 4 9 
34 35 28 
33 90 75 
9 64 
36 69 27 
28 54 
27 29 
71 94 
94 24 61 
77 65 
65 58 
54 7 
64 78 
75 25 
13 98 
23 30 
51 8 83 
68 
7 97 46 
30 32 
31 48 
16 41 
78 
93 63 
46 3 5 
41 42 
52 1 
29 
69 87 
49 82 80 
4 76 81 
42 99 
44 86 
10 39 
61 72 
17 
38 
60 52 
25 
79 
26 
83 14 
58 56 
39 20 
47 
5 
59 
67 
21 
86 
72 
43 95 70 
48 
90 
19 
80 
35 
20 
32 
99 66 
53 
8 
74 
91 
55 
14 
97 
98 
63 
81 
87 
24 
56 
2 
76 
1 
70 
3 
66 
95 
82 
# clone tree 9 objective: 3.19128
0 38 16 37 
37 3 43 68 73 
89 57 
73 23 50 
50 89 
40 26 45 
57 56 55 40 
45 19 77 96 
96 74 53 59 49 13 62 
62 17 71 18 92 
92 12 
12 67 11 
22 51 6 
11 22 
6 31 85 
85 21 60 15 
15 34 88 
88 10 44 36 84 
84 79 93 33 
18 47 4 9 
34 35 28 
33 90 75 
9 64 
36 69 27 
28 54 
27 29 
71 94 
94 24 61 
77 65 
65 58 
54 7 
64 78 
75 25 
13 98 
23 95 76 30 
51 8 83 
68 
7 97 46 
30 32 
31 48 
16 41 
78 1 
93 82 63 
46 5 
41 42 
52 
29 70 
69 87 
49 80 
4 81 
42 99 
44 86 
10 39 
61 72 
17 
38 
60 52 
25 91 
79 
26 
83 
58 
39 20 
47 
5 
59 
67 
21 
86 
72 
43 14 
48 
90 
19 
80 
35 2 
20 
32 
99 66 
53 
8 
74 
91 
55 
14 
97 
98 
63 
81 
87 
24 
56 
2 
76 
1 
70 
3 
66 
95 
82 
# clone tree 10 objective: 3.19128
0 38 16 37 
37 43 68 73 
89 57 
73 23 50 
50 89 
40 91 26 45 
57 55 40 
45 19 77 96 
96 74 53 59 49 13 62 
62 17 71 18 92 
92 12 
12 67 11 
22 51 6 
11 22 
6 2 31 85 
85 21 60 15 
15 34 88 
88 10 44 36 84 
84 79 93 33 
18 47 4 9 
34 35 28 
33 90 75 
9 64 
36 69 27 
28 54 
27 29 
71 94 
94 24 61 
77 65 
65 58 
54 7 
64 78 
75 25 
13 98 
23 30 
51 8 83 
68 
7 97 46 
30 32 
31 48 
16 41 
78 
93 63 
46 3 5 
41 42 
52 82 1 
29 
69 87 
49 80 
4 76 81 
42 99 
44 86 
10 95 39 
61 72 
17 
38 66 
60 52 
25 
79 
26 
83 14 
58 56 
39 20 
47 
5 
59 
67 
21 
86 
72 
43 70 
48 
90 
19 
80 
35 
20 
32 
99 
53 
8 
74 
91 
55 
14 
97 
98 
63 
81 
87 
24 
56 
2 
76 
1 
70 
3 
66 
95 
82 
# clone tree 11 objective: 3.19128
0 38 16 37 
37 43 68 73 
89 57 
73 23 50 
50 89 
40 91 26 45 
57 55 40 
45 19 77 96 
96 59 49 13 62 
62 17 71 18 92 
92 12 
12 67 11 
22 70 51 6 
11 22 
6 31 85 
85 21 60 15 
15 34 88 
88 10 44 36 84 
84 1 79 93 33 
18 47 4 9 
34 35 28 
33 90 75 
9 64 
36 69 27 
28 3 87 54 
27 29 
71 2 94 
94 24 61 
77 65 
65 58 
54 7 
64 78 
75 53 25 
13 98 
23 30 
51 83 
68 14 
7 46 
30 76 
31 48 
16 41 
78 
93 97 
46 5 
41 42 
52 63 
29 
69 
49 74 80 
4 81 
42 99 
44 86 
10 39 
61 72 
17 
38 66 
60 52 
25 32 
79 
26 
83 
58 56 
39 20 
47 8 
5 
59 
67 
21 
86 82 
72 
43 
48 
90 
19 
80 
35 
20 
32 
99 
53 
8 
74 
91 
55 
14 95 
97 
98 
63 
81 
87 
24 
56 
2 
76 
1 
70 
3 
66 
95 
82 
# clone tree 12 objective: 3.19128
0 38 16 37 
37 43 68 73 
89 57 
73 23 50 
50 89 
40 91 26 45 
57 55 40 
45 19 77 96 
96 74 53 59 49 13 62 
62 17 71 18 92 
92 12 
12 67 11 
22 51 6 
11 22 
6 2 31 85 
85 21 60 15 
15 34 88 
88 10 44 36 84 
84 79 93 33 
18 47 4 9 
34 35 28 
33 90 75 
9 64 
36 69 27 
28 54 
27 29 
71 94 
94 24 61 
77 65 
65 58 
54 7 
64 78 
75 25 
13 98 
23 30 
51 8 83 
68 
7 97 46 
30 32 
31 48 
16 41 
78 
93 63 
46 3 5 
41 42 
52 1 
29 
69 87 
49 80 
4 76 81 
42 99 
44 86 
10 39 
61 72 
17 
38 
60 52 
25 
79 
26 
83 14 
58 56 
39 20 
47 
5 
59 
67 
21 
86 
72 
43 95 70 
48 
90 
19 
80 
35 
20 
32 
99 66 
53 
8 
74 
91 
55 
14 
97 
98 
63 82 
81 
87 
24 
56 
2 
76 
1 
70 
3 
66 
95 
82 
# clone tree 13 objective: 3.19128
0 38 16 37 
37 43 68 73 
89 57 
73 23 50 
50 89 
40 91 26 45 
57 55 40 
45 19 77 96 
96 59 49 13 62 
62 17 71 18 92 
92 12 
12 67 11 
22 70 51 6 
11 22 
6 31 85 
85 21 60 15 
15 34 88 
88 10 44 36 84 
84 1 79 93 33 
18 47 4 9 
34 35 28 
33 90 75 
9 64 
36 69 27 
28 3 87 54 
27 29 
71 2 94 
94 24 61 
77 65 
65 58 
54 7 
64 78 
75 53 25 
13 98 
23 30 
51 83 
68 14 
7 46 
30 76 
31 48 
16 41 
78 
93 97 
46 5 
41 42 
52 63 
29 
69 
49 74 80 
4 81 
42 99 
44 86 
10 39 
61 72 
17 
38 66 
60 52 
25 32 
79 
26 
83 
58 56 
39 20 
47 8 
5 
59 
67 
21 82 
86 
72 
43 
48 
90 
19 
80 
35 
20 
32 
99 
53 
8 
74 
91 
55 
14 95 
97 
98 
63 
81 
87 
24 
56 
2 
76 
1 
70 
3 
66 
95 
82 
# clone tree 14 objective: 3.19128
0 38 16 37 
37 43 68 73 
89 57 
73 23 50 
50 89 
40 91 26 45 
57 55 40 
45 19 77 96 
96 74 53 59 49 13 62 
62 17 71 18 92 
92 12 
12 67 11 
22 51 6 
11 22 
6 2 31 85 
85 21 60 15 
15 34 88 
88 10 44 36 84 
84 79 93 33 
18 47 4 9 
34 35 28 
33 90 75 
9 64 
36 69 27 
28 54 
27 29 
71 94 
94 24 61 
77 65 
65 58 
54 7 
64 78 
75 25 
13 98 
23 30 
51 8 83 
68 
7 97 46 
30 82 32 
31 48 
16 41 
78 
93 63 
46 3 5 
41 42 
52 1 
29 
69 87 
49 80 
4 76 81 
42 99 
44 86 
10 39 
61 72 
17 
38 
60 52 
25 
79 
26 
83 14 
58 56 
39 20 
47 
5 
59 
67 
21 
86 
72 
43 95 70 
48 
90 
19 
80 
35 
20 
32 
99 66 
53 
8 
74 
91 
55 
14 
97 
98 
63 
81 
87 
24 
56 
2 
76 
1 
70 
3 
66 
95 
82 
# clone tree 15 objective: 3.19128
0 38 16 37 
37 3 43 68 73 
89 57 
73 82 23 50 
50 89 
40 26 45 
57 56 55 40 
45 19 77 96 
96 74 53 59 49 13 62 
62 17 71 18 92 
92 12 
12 67 11 
22 51 6 
11 22 
6 31 85 
85 21 60 15 
15 34 88 
88 10 44 36 84 
84 79 93 33 
18 47 4 9 
34 35 28 
33 90 75 
9 64 
36 69 27 
28 54 
27 29 
71 94 
94 24 61 
77 65 
65 58 
54 7 
64 78 
75 25 
13 98 
23 76 30 
51 8 83 
68 
7 97 46 
30 32 
31 48 
16 41 
78 1 
93 63 
46 5 
41 42 
52 
29 70 
69 87 
49 80 
4 81 
42 99 
44 86 
10 39 
61 72 
17 
38 
60 52 
25 91 
79 
26 
83 
58 
39 20 
47 
5 66 
59 
67 
21 
86 
72 
43 14 
48 
90 
19 
80 
35 2 
20 
32 
99 
53 
8 95 
74 
91 
55 
14 
97 
98 
63 
81 
87 
24 
56 
2 
76 
1 
70 
3 
66 
95 
82 
# clone tree 16 objective: 3.19128
0 38 16 37 
37 43 68 73 
89 57 
73 23 50 
50 89 
40 91 26 45 
57 55 40 
45 19 77 96 
96 74 53 59 49 13 62 
62 17 71 18 92 
92 12 
12 67 11 
22 51 6 
11 22 
6 2 31 85 
85 21 60 15 
15 34 88 
88 10 44 36 84 
84 79 93 33 
18 47 4 9 
34 35 28 
33 90 75 
9 64 
36 69 27 
28 54 
27 29 
71 94 
94 24 61 
77 65 
65 58 
54 7 
64 78 
75 25 
13 98 
23 30 
51 8 83 
68 
7 97 46 
30 32 
31 48 
16 41 
78 
93 63 
46 3 5 
41 42 
52 1 
29 
69 87 
49 80 
4 76 81 
42 99 
44 86 
10 39 
61 72 
17 
38 
60 52 
25 
79 
26 
83 14 
58 56 
39 20 
47 
5 
59 
67 
21 
86 
72 
43 95 70 
48 
90 
19 
80 
35 
20 
32 82 
99 66 
53 
8 
74 
91 
55 
14 
97 
98 
63 
81 
87 
24 
56 
2 
76 
1 
70 
3 
66 
95 
82 
# clone tree 17 objective: 3.19128
0 38 16 37 
37 3 43 68 73 
89 57 
73 23 50 
50 89 
40 26 45 
57 56 55 40 
45 19 77 96 
96 74 53 59 49 13 62 
62 17 71 18 92 
92 82 12 
12 67 11 
22 51 6 
11 22 
6 31 85 
85 21 60 15 
15 34 88 
88 10 44 36 84 
84 79 93 33 
18 47 4 9 
34 35 28 
33 90 75 
9 64 
36 69 27 
28 54 
27 29 
71 94 
94 24 61 
77 65 
65 58 
54 7 
64 78 
75 25 
13 98 
23 76 30 
51 8 83 
68 
7 97 46 
30 32 
31 48 
16 41 
78 1 
93 63 
46 5 
41 42 
52 
29 70 
69 87 
49 80 
4 81 
42 99 
44 86 
10 39 
61 72 
17 
38 
60 52 
25 91 
79 
26 
83 
58 
39 20 
47 
5 66 
59 
67 
21 
86 
72 
43 14 
48 
90 
19 
80 
35 2 
20 
32 
99 
53 
8 95 
74 
91 
55 
14 
97 
98 
63 
81 
87 
24 
56 
2 
76 
1 
70 
3 
66 
95 
82 
# clone tree 18 objective: 3.19128
0 38 16 37 
37 43 68 73 
89 57 
73 23 50 
50 89 
40 91 26 45 
57 55 40 
45 19 77 96 
96 74 53 59 49 13 62 
62 17 71 18 92 
92 12 
12 67 11 
22 51 6 
11 22 
6 2 31 85 
85 21 60 15 
15 34 88 
88 10 44 36 84 
84 79 93 33 
18 47 4 9 
34 35 28 
33 90 75 
9 64 
36 69 27 
28 54 
27 29 
71 94 
94 24 61 
77 82 65 
65 58 
54 7 
64 78 
75 25 
13 98 
23 30 
51 8 83 
68 
7 97 46 
30 32 
31 48 
16 41 
78 
93 63 
46 3 5 
41 42 
52 1 
29 
69 87 
49 80 
4 76 81 
42 99 
44 86 
10 39 
61 72 
17 
38 
60 52 
25 
79 
26 
83 14 
58 56 
39 20 
47 
5 
59 
67 
21 
86 
72 
43 95 70 
48 
90 
19 
80 
35 
20 
32 
99 66 
53 
8 
74 
91 
55 
14 
97 
98 
63 
81 
87 
24 
56 
2 
76 
1 
70 
3 
66 
95 
82 
# clone tree 19 objective: 3.19128
0 38 16 37 
37 43 68 73 
89 57 
73 23 50 
50 89 
40 91 26 45 
57 55 40 
45 19 77 96 
96 59 49 13 62 
62 17 71 18 92 
92 12 
12 67 11 
22 70 51 6 
11 22 
6 31 85 
85 21 60 15 
15 34 88 
88 10 44 36 84 
84 1 79 93 33 
18 47 4 9 
34 35 28 
33 90 75 
9 64 
36 69 27 
28 3 87 54 
27 29 
71 2 94 
94 24 61 
77 65 
65 58 
54 7 
64 78 
75 53 25 
13 98 
23 30 
51 83 
68 14 
7 46 
30 76 
31 48 
16 41 
78 
93 97 
46 5 
41 42 
52 63 
29 
69 
49 82 74 80 
4 81 
42 99 
44 86 
10 39 
61 72 
17 
38 66 
60 52 
25 32 
79 
26 
83 
58 56 
39 20 
47 8 
5 
59 
67 
21 
86 
72 
43 
48 
90 
19 
80 
35 
20 
32 
99 
53 
8 
74 
91 
55 
14 95 
97 
98 
63 
81 
87 
24 
56 
2 
76 
1 
70 
3 
66 
95 
82 
# clone tree 20 objective: 3.19128
0 38 16 37 
37 43 68 73 
89 57 
73 23 50 
50 89 
40 91 26 45 
57 55 40 
45 19 77 96 
96 74 53 59 49 13 62 
62 17 71 18 92 
92 12 
12 67 11 
22 51 6 
11 22 
6 2 31 85 
85 21 60 15 
15 34 88 
88 10 44 36 84 
84 79 93 33 
18 47 4 9 
34 35 28 
33 90 75 
9 64 
36 69 27 
28 54 
27 29 
71 94 
94 24 61 
77 65 
65 58 
54 7 
64 78 
75 25 
13 98 
23 30 
51 8 83 
68 
7 97 46 
30 32 
31 48 
16 41 
78 
93 63 
46 3 5 
41 42 
52 1 
29 
69 87 
49 80 
4 76 81 
42 99 
44 86 
10 39 
61 72 
17 
38 
60 52 
25 
79 
26 
83 14 
58 56 
39 20 
47 
5 
59 
67 
21 82 
86 
72 
43 95 70 
48 
90 
19 
80 
35 
20 
32 
99 66 
53 
8 
74 
91 
55 
14 
97 
98 
63 
81 
87 
24 
56 
2 
76 
1 
70 
3 
66 
95 
82 
# clone tree 21 objective: 3.19128
0 38 16 37 
37 43 68 73 
89 57 
73 23 50 
50 89 
40 91 26 45 
57 55 40 
45 19 77 96 
96 59 49 13 62 
62 17 71 18 92 
92 12 
12 67 11 
22 70 51 6 
11 22 
6 31 85 
85 21 60 15 
15 34 88 
88 10 44 36 84 
84 1 79 93 33 
18 47 4 9 
34 35 28 
33 90 75 
9 64 
36 69 27 
28 3 87 54 
27 29 
71 2 94 
94 24 61 
77 65 
65 58 
54 7 
64 78 
75 53 25 
13 98 
23 30 
51 83 
68 14 
7 46 
30 76 
31 48 
16 41 
78 
93 97 
46 5 
41 42 
52 63 
29 
69 82 
49 74 80 
4 81 
42 99 
44 86 
10 39 
61 72 
17 
38 66 
60 52 
25 32 
79 
26 
83 
58 56 
39 20 
47 8 
5 
59 
67 
21 
86 
72 
43 
48 
90 
19 
80 
35 
20 
32 
99 
53 
8 
74 
91 
55 
14 95 
97 
98 
63 
81 
87 
24 
56 
2 
76 
1 
70 
3 
66 
95 
82 
# clone tree 22 objective: 3.19128
0 38 16 37 
37 43 68 73 
89 57 
73 23 50 
50 89 
40 91 26 45 
57 55 40 
45 19 77 96 
96 74 53 59 49 13 62 
62 17 71 18 92 
92 12 
12 67 11 
22 51 6 
11 22 
6 2 31 85 
85 21 60 15 
15 34 88 
88 10 44 36 84 
84 82 79 93 33 
18 47 4 9 
34 35 28 
33 90 75 
9 64 
36 69 27 
28 54 
27 29 
71 94 
94 24 61 
77 65 
65 58 
54 7 
64 78 
75 25 
13 98 
23 30 
51 8 83 
68 
7 97 46 
30 32 
31 48 
16 41 
78 
93 63 
46 3 5 
41 42 
52 1 
29 
69 87 
49 80 
4 76 81 
42 99 
44 86 
10 39 
61 72 
17 
38 
60 52 
25 
79 
26 
83 14 
58 56 
39 20 
47 
5 
59 
67 
21 
86 
72 
43 95 70 
48 
90 
19 
80 
35 
20 
32 
99 66 
53 
8 
74 
91 
55 
14 
97 
98 
63 
81 
87 
24 
56 
2 
76 
1 
70 
3 
66 
95 
82 
# clone tree 23 objective: 3.19128
0 38 16 37 
37 3 43 68 73 
89 57 
73 23 50 
50 89 
40 26 45 
57 56 55 40 
45 19 77 96 
96 74 53 59 49 13 62 
62 17 71 18 92 
92 12 
12 67 11 
22 51 6 
11 22 
6 31 85 
85 21 60 15 
15 34 88 
88 10 44 36 84 
84 79 93 33 
18 47 4 9 
34 35 28 
33 90 75 
9 64 
36 69 27 
28 54 
27 29 
71 94 
94 24 61 
77 65 
65 58 
54 7 
64 78 
75 25 
13 98 
23 95 76 30 
51 8 83 
68 
7 97 46 
30 32 
31 48 
16 41 
78 1 
93 63 
46 5 
41 42 
52 
29 70 
69 87 
49 80 
4 81 
42 82 99 
44 86 
10 39 
61 72 
17 
38 
60 52 
25 91 
79 
26 
83 
58 
39 20 
47 
5 
59 
67 
21 
86 
72 
43 14 
48 
90 
19 
80 
35 2 
20 
32 
99 66 
53 
8 
74 
91 
55 
14 
97 
98 
63 
81 
87 
24 
56 
2 
76 
1 
70 
3 
66 
95 
82 
# clone tree 24 objective: 3.19128
0 38 16 37 
37 70 43 68 73 
89 20 57 
73 23 50 
50 89 
40 91 74 45 
57 55 40 
45 87 19 77 96 
96 76 59 49 13 62 
62 17 71 18 92 
92 12 
12 67 11 
22 51 6 
11 22 
6 31 85 
85 21 60 15 
15 2 34 88 
88 10 44 36 84 
84 79 93 33 
18 47 4 9 
34 28 
33 90 75 
9 64 
36 69 27 
28 54 
27 29 
71 94 
94 24 61 
77 65 
65 35 58 
54 7 
64 78 
75 53 25 
13 98 
23 30 
51 83 
68 80 
7 1 46 
30 
31 48 
16 41 
78 63 
93 97 8 
46 5 
41 42 
52 
29 
69 
49 26 
4 56 81 
42 99 
44 86 
10 39 
61 72 
17 
38 
60 52 
25 32 
79 
26 
83 
58 
39 
47 
5 
59 
67 
21 
86 
72 
43 14 
48 
90 
19 
80 
35 
20 
32 
99 95 
53 
8 
74 82 
91 
55 
14 
97 
98 66 
63 
81 3 
87 
24 
56 
2 
76 
1 
70 
3 
66 
95 
82 
# clone tree 25 objective: 3.19128
0 38 16 37 
37 70 43 68 73 
89 20 57 
73 23 50 
50 89 
40 91 74 45 
57 55 40 
45 87 19 77 96 
96 76 59 49 13 62 
62 17 71 18 92 
92 12 
12 67 11 
22 51 6 
11 22 
6 31 85 
85 21 60 15 
15 2 34 88 
88 10 44 36 84 
84 79 93 33 
18 47 4 9 
34 28 
33 90 75 
9 64 
36 69 27 
28 54 
27 29 
71 94 
94 24 61 
77 65 
65 35 58 
54 7 
64 78 
75 53 25 
13 98 
23 30 
51 83 
68 80 
7 1 46 
30 82 
31 48 
16 41 
78 63 
93 97 8 
46 5 
41 42 
52 
29 
69 
49 26 
4 56 81 
42 99 
44 86 
10 39 
61 72 
17 
38 95 
60 52 
25 32 
79 
26 
83 
58 
39 
47 
5 
59 
67 
21 
86 
72 
43 14 
48 
90 
19 
80 
35 
20 
32 
99 66 
53 
8 3 
74 
91 
55 
14 
97 
98 
63 
81 
87 
24 
56 
2 
76 
1 
70 
3 
66 
95 
82 
# clone tree 26 objective: 3.19128
0 38 16 37 
37 43 68 73 
89 1 97 57 
73 23 50 
50 89 
40 26 45 
57 95 55 40 
45 19 77 96 
96 74 53 59 49 13 62 
62 17 71 18 92 
92 12 
12 67 11 
22 51 6 
11 22 
6 31 85 
85 21 60 15 
15 34 88 
88 10 44 36 84 
84 79 93 33 
18 3 70 47 4 9 
34 35 28 
33 90 75 
9 24 64 
36 69 27 
28 54 
27 29 
71 94 
94 61 
77 65 
65 58 
54 7 
64 63 78 
75 25 
13 98 
23 30 
51 8 83 
68 
7 46 
30 32 
31 48 
16 41 
78 
93 
46 5 
41 42 
52 
29 
69 87 
49 80 
4 81 
42 99 
44 86 
10 39 
61 72 
17 
38 
60 52 
25 91 
79 
26 
83 76 
58 56 
39 82 20 
47 
5 66 
59 
67 
21 
86 
72 
43 14 
48 
90 
19 
80 
35 
20 2 
32 
99 
53 
8 
74 
91 
55 
14 
97 
98 
63 
81 
87 
24 
56 
2 
76 
1 
70 
3 
66 
95 
82 
# clone tree 27 objective: 3.19128
0 38 16 37 
37 3 43 68 73 
89 57 
73 23 50 
50 89 
40 26 45 
57 56 55 40 
45 19 77 96 
96 74 53 59 49 13 62 
62 17 71 18 92 
92 12 
12 67 11 
22 51 6 
11 22 
6 31 85 
85 21 60 15 
15 34 88 
88 10 44 36 84 
84 79 93 33 
18 47 4 9 
34 35 28 
33 90 75 
9 64 
36 69 27 
28 54 
27 29 
71 94 
94 24 61 
77 65 
65 58 
54 7 
64 78 
75 82 25 
13 98 
23 76 30 
51 8 83 
68 
7 97 46 
30 32 
31 48 
16 41 
78 1 
93 63 
46 5 
41 42 
52 
29 70 
69 87 
49 80 
4 81 
42 99 
44 86 
10 39 
61 72 
17 
38 
60 52 
25 91 
79 
26 
83 
58 
39 20 
47 
5 66 
59 
67 
21 
86 
72 
43 14 
48 
90 
19 
80 
35 2 
20 95 
32 
99 
53 
8 
74 
91 
55 
14 
97 
98 
63 
81 
87 
24 
56 
2 
76 
1 
70 
3 
66 
95 
82 
# clone tree 28 objective: 3.19128
0 38 16 37 
37 3 43 68 73 
89 57 
73 23 50 
50 89 
40 26 45 
57 56 55 40 
45 19 77 96 
96 74 53 59 49 13 62 
62 17 71 18 92 
92 12 
12 67 11 
22 51 6 
11 22 
6 31 85 
85 21 60 15 
15 34 88 
88 10 44 36 84 
84 79 93 33 
18 47 4 9 
34 35 28 
33 90 75 
9 64 
36 82 69 27 
28 54 
27 29 
71 94 
94 24 61 
77 65 
65 58 
54 7 
64 78 
75 25 
13 98 
23 76 30 
51 8 83 
68 
7 97 46 
30 32 
31 48 
16 41 
78 1 
93 63 
46 5 
41 42 
52 
29 70 
69 87 
49 80 
4 81 
42 99 
44 86 
10 39 
61 72 
17 
38 
60 52 
25 91 
79 
26 
83 
58 
39 20 
47 
5 66 
59 
67 
21 
86 
72 
43 14 
48 95 
90 
19 
80 
35 2 
20 
32 
99 
53 
8 
74 
91 
55 
14 
97 
98 
63 
81 
87 
24 
56 
2 
76 
1 
70 
3 
66 
95 
82 
# clone tree 29 objective: 3.19128
0 38 16 37 
37 70 43 68 73 
89 20 57 
73 82 23 50 
50 89 
40 91 74 45 
57 55 40 
45 87 19 77 96 
96 76 59 49 13 62 
62 17 71 18 92 
92 12 
12 67 11 
22 51 6 
11 22 
6 31 85 
85 21 60 15 
15 2 34 88 
88 10 44 36 84 
84 79 93 33 
18 47 4 9 
34 28 
33 90 75 
9 64 
36 69 27 
28 54 
27 29 
71 94 
94 24 61 
77 65 
65 35 58 
54 7 
64 78 
75 53 25 
13 98 
23 30 
51 83 
68 80 
7 1 46 
30 
31 48 
16 41 
78 63 
93 97 8 
46 5 
41 42 
52 
29 
69 
49 26 
4 56 81 
42 99 
44 86 
10 39 
61 72 
17 
38 
60 52 
25 32 
79 
26 
83 
58 
39 
47 
5 
59 
67 
21 
86 95 
72 
43 14 
48 
90 
19 
80 
35 
20 
32 
99 
53 
8 
74 
91 
55 
14 
97 
98 66 
63 
81 3 
87 
24 
56 
2 
76 
1 
70 
3 
66 
95 
82 
# clone tree 30 objective: 3.19128
0 38 16 37 
37 70 43 68 73 
89 20 57 
73 23 50 
50 89 
40 91 74 45 
57 55 40 
45 87 19 77 96 
96 76 59 49 13 62 
62 17 71 18 92 
92 12 
12 67 11 
22 51 6 
11 22 
6 31 85 
85 21 60 15 
15 2 34 88 
88 10 44 36 84 
84 79 93 33 
18 47 4 9 
34 28 
33 90 75 
9 64 
36 69 27 
28 54 
27 29 
71 94 
94 24 61 
77 65 
65 35 58 
54 7 
64 78 
75 53 25 
13 98 
23 30 
51 83 
68 80 
7 1 46 
30 
31 48 
16 41 
78 63 
93 97 8 
46 5 
41 42 
52 
29 
69 
49 26 
4 56 81 
42 99 
44 86 
10 82 39 
61 72 
17 
38 
60 52 
25 32 
79 
26 
83 
58 
39 
47 
5 
59 
67 
21 
86 95 
72 
43 14 
48 
90 
19 
80 
35 
20 
32 
99 
53 
8 
74 
91 
55 
14 
97 
98 66 
63 
81 3 
87 
24 
56 
2 
76 
1 
70 
3 
66 
95 
82 
# clone tree 31 objective: 3.19128
0 38 16 37 
37 43 68 73 
89 57 
73 23 50 
50 89 
40 91 26 45 
57 55 40 
45 19 77 96 
96 74 53 59 49 13 62 
62 17 71 18 92 
92 12 
12 67 11 
22 51 6 
11 22 
6 2 31 85 
85 21 60 15 
15 34 88 
88 10 44 36 84 
84 79 93 33 
18 47 4 9 
34 35 28 
33 90 75 
9 64 
36 69 27 
28 54 
27 29 
71 94 
94 24 61 
77 65 
65 58 
54 7 
64 78 
75 25 
13 95 66 98 
23 30 
51 8 83 
68 
7 97 46 
30 32 
31 48 
16 41 
78 
93 63 
46 5 
41 42 
52 1 
29 
69 87 
49 80 
4 76 81 
42 99 
44 86 
10 39 
61 72 
17 
38 
60 52 
25 
79 
26 
83 14 
58 56 
39 20 
47 
5 
59 
67 
21 82 
86 
72 
43 3 70 
48 
90 
19 
80 
35 
20 
32 
99 
53 
8 
74 
91 
55 
14 
97 
98 
63 
81 
87 
24 
56 
2 
76 
1 
70 
3 
66 
95 
82 
# clone tree 32 objective: 3.19128
0 38 16 37 
37 43 68 73 
89 57 
73 23 50 
50 95 89 
40 26 45 
57 56 55 40 
45 19 77 96 
96 74 53 59 49 13 62 
62 17 71 18 92 
92 12 
12 67 11 
22 51 6 
11 66 22 
6 31 85 
85 21 60 15 
15 34 88 
88 10 44 36 84 
84 79 93 33 
18 47 4 9 
34 35 28 
33 90 75 
9 64 
36 69 27 
28 54 
27 29 
71 70 94 
94 24 61 
77 65 
65 58 
54 7 
64 78 
75 25 
13 98 
23 76 30 
51 8 83 
68 
7 97 46 
30 32 
31 48 
16 41 
78 1 
93 63 
46 5 
41 42 
52 
29 
69 87 
49 80 
4 81 
42 99 
44 86 
10 39 
61 72 
17 
38 
60 52 
25 91 
79 
26 
83 
58 
39 20 
47 
5 
59 
67 
21 
86 
72 82 
43 3 14 
48 
90 
19 
80 
35 2 
20 
32 
99 
53 
8 
74 
91 
55 
14 
97 
98 
63 
81 
87 
24 
56 
2 
76 
1 
70 
3 
66 
95 
82 
# clone tree 33 objective: 3.19128
0 38 16 37 
37 43 68 73 
89 57 
73 23 50 
50 95 89 
40 26 45 
57 56 55 40 
45 19 77 96 
96 74 53 59 49 13 62 
62 17 71 18 92 
92 12 
12 67 11 
22 51 6 
11 66 22 
6 31 85 
85 21 60 15 
15 34 88 
88 10 44 36 84 
84 79 93 33 
18 47 4 9 
34 35 28 
33 90 75 
9 64 
36 69 27 
28 54 
27 29 
71 70 94 
94 24 61 
77 65 
65 58 
54 7 
64 78 
75 25 
13 98 
23 76 30 
51 8 83 
68 
7 97 46 
30 32 
31 48 
16 41 
78 1 
93 63 
46 5 
41 42 
52 
29 
69 87 
49 80 
4 81 
42 99 
44 86 
10 39 
61 72 
17 82 
38 
60 52 
25 91 
79 
26 
83 
58 
39 20 
47 
5 
59 
67 
21 
86 
72 
43 3 14 
48 
90 
19 
80 
35 2 
20 
32 
99 
53 
8 
74 
91 
55 
14 
97 
98 
63 
81 
87 
24 
56 
2 
76 
1 
70 
3 
66 
95 
82 
# clone tree 34 objective: 3.19128
0 38 16 37 
37 43 68 73 
89 57 
73 95 23 50 
50 89 
40 26 45 
57 56 55 40 
45 19 77 96 
96 74 53 59 49 13 62 
62 17 71 18 92 
92 82 12 
12 67 11 
22 51 6 
11 22 
6 31 85 
85 21 60 15 
15 34 88 
88 10 44 36 84 
84 79 93 33 
18 47 4 9 
34 35 28 
33 90 75 
9 64 
36 69 27 
28 54 
27 29 
71 70 94 
94 24 61 
77 65 
65 58 
54 7 
64 78 
75 25 
13 98 
23 76 30 
51 8 83 
68 
7 97 46 
30 32 
31 48 
16 41 
78 1 
93 63 
46 5 
41 42 
52 
29 
69 87 
49 80 
4 81 
42 66 99 
44 86 
10 39 
61 72 
17 
38 
60 52 
25 91 
79 
26 
83 
58 
39 20 
47 
5 
59 
67 
21 
86 
72 
43 14 
48 
90 
19 
80 
35 2 
20 
32 3 
99 
53 
8 
74 
91 
55 
14 
97 
98 
63 
81 
87 
24 
56 
2 
76 
1 
70 
3 
66 
95 
82 
# clone tree 35 objective: 3.19128
0 38 16 37 
37 3 43 68 73 
89 57 
73 23 50 
50 89 
40 26 45 
57 56 55 40 
45 19 77 96 
96 74 53 59 49 13 62 
62 17 71 18 92 
92 12 
12 67 11 
22 51 6 
11 22 
6 31 85 
85 21 60 15 
15 34 88 
88 82 10 44 36 84 
84 79 93 33 
18 47 4 9 
34 35 28 
33 90 75 
9 64 
36 69 27 
28 54 
27 29 
71 94 
94 24 61 
77 65 
65 58 
54 7 
64 78 
75 25 
13 98 
23 76 30 
51 8 83 
68 
7 97 46 
30 32 
31 48 
16 41 
78 1 
93 63 
46 5 
41 42 
52 
29 70 
69 87 
49 80 
4 81 
42 99 
44 86 
10 39 
61 72 
17 
38 
60 52 
25 91 
79 
26 
83 
58 
39 20 
47 
5 66 
59 
67 
21 
86 
72 
43 14 
48 
90 
19 
80 
35 2 
20 
32 
99 
53 
8 
74 
91 
55 
14 
97 
98 
63 
81 
87 
24 95 
56 
2 
76 
1 
70 
3 
66 
95 
82 
# clone tree 36 objective: 3.19128
0 38 16 37 
37 70 43 68 73 
89 20 57 
73 23 50 
50 89 
40 82 91 74 45 
57 55 40 
45 87 19 77 96 
96 76 59 49 13 62 
62 17 71 18 92 
92 12 
12 67 11 
22 51 6 
11 22 
6 31 85 
85 21 60 15 
15 2 34 88 
88 10 44 36 84 
84 79 93 33 
18 47 4 9 
34 28 
33 90 75 
9 64 
36 69 27 
28 54 
27 29 
71 94 
94 24 61 
77 65 
65 35 58 
54 7 
64 78 
75 53 25 
13 98 
23 30 
51 83 
68 80 
7 1 46 
30 
31 48 
16 41 
78 63 
93 97 8 
46 5 
41 42 
52 
29 
69 
49 26 
4 95 56 81 
42 99 
44 86 
10 39 
61 72 
17 
38 
60 52 
25 32 
79 
26 
83 
58 
39 
47 
5 
59 
67 
21 
86 
72 
43 14 
48 
90 
19 
80 
35 
20 
32 
99 66 
53 
8 3 
74 
91 
55 
14 
97 
98 
63 
81 
87 
24 
56 
2 
76 
1 
70 
3 
66 
95 
82 
# clone tree 37 objective: 3.19128
0 38 16 37 
37 43 68 73 
89 57 
73 23 50 
50 89 
40 91 26 45 
57 55 40 
45 19 77 96 
96 74 53 59 49 13 62 
62 17 71 18 92 
92 12 
12 67 11 
22 51 6 
11 82 22 
6 2 31 85 
85 21 60 15 
15 34 88 
88 10 44 36 84 
84 79 93 33 
18 47 4 9 
34 35 28 
33 90 75 
9 64 
36 69 27 
28 54 
27 29 
71 94 
94 24 61 
77 65 
65 58 
54 7 
64 78 
75 25 
13 66 98 
23 30 
51 8 83 
68 
7 97 46 
30 32 
31 48 
16 41 
78 
93 63 
46 95 5 
41 42 
52 1 
29 
69 87 
49 80 
4 76 81 
42 99 
44 86 
10 39 
61 72 
17 
38 
60 52 
25 
79 
26 
83 14 
58 56 
39 20 
47 
5 
59 
67 
21 
86 
72 
43 3 70 
48 
90 
19 
80 
35 
20 
32 
99 
53 
8 
74 
91 
55 
14 
97 
98 
63 
81 
87 
24 
56 
2 
76 
1 
70 
3 
66 
95 
82 
# clone tree 38 objective: 3.19128
0 38 16 37 
37 3 43 68 73 
89 57 
73 23 50 
50 89 
40 26 45 
57 56 55 40 
45 19 77 96 
96 74 53 59 49 13 62 
62 17 71 18 92 
92 12 
12 82 67 11 
22 51 6 
11 22 
6 31 85 
85 21 60 15 
15 34 88 
88 10 44 36 84 
84 79 93 33 
18 47 4 9 
34 35 28 
33 90 75 
9 64 
36 69 27 
28 54 
27 29 
71 94 
94 24 61 
77 65 
65 58 
54 7 
64 78 
75 25 
13 98 
23 76 30 
51 8 83 
68 
7 97 46 
30 32 
31 48 
16 41 
78 1 
93 63 
46 5 
41 42 
52 
29 70 
69 87 
49 80 
4 81 
42 99 
44 86 
10 39 
61 72 
17 
38 
60 52 
25 91 
79 
26 
83 
58 
39 20 
47 
5 66 
59 
67 
21 
86 
72 
43 14 
48 
90 
19 
80 
35 2 
20 
32 
99 
53 
8 
74 
91 
55 95 
14 
97 
98 
63 
81 
87 
24 
56 
2 
76 
1 
70 
3 
66 
95 
82 
# clone tree 39 objective: 3.19128
0 38 16 37 
37 70 43 68 73 
89 20 57 
73 23 50 
50 89 
40 91 74 45 
57 55 40 
45 87 19 77 96 
96 76 59 49 13 62 
62 17 71 18 92 
92 12 
12 67 11 
22 51 6 
11 22 
6 31 85 
85 21 60 15 
15 2 34 88 
88 10 44 36 84 
84 79 93 33 
18 47 4 9 
34 28 
33 90 75 
9 64 
36 69 27 
28 54 
27 29 
71 94 
94 24 61 
77 65 
65 35 58 
54 7 
64 78 
75 53 25 
13 98 
23 30 
51 83 
68 80 
7 1 46 
30 
31 48 
16 41 
78 63 
93 97 8 
46 5 
41 42 
52 
29 
69 82 
49 26 
4 56 81 
42 99 
44 86 
10 39 
61 72 
17 
38 95 
60 52 
25 32 
79 
26 
83 
58 
39 
47 
5 
59 
67 
21 
86 
72 
43 14 
48 
90 
19 
80 
35 
20 
32 
99 66 
53 
8 3 
74 
91 
55 
14 
97 
98 
63 
81 
87 
24 
56 
2 
76 
1 
70 
3 
66 
95 
82 
# clone tree 40 objective: 3.19128
0 38 16 37 
37 70 43 68 73 
89 20 57 
73 23 50 
50 89 
40 91 74 45 
57 55 40 
45 87 19 77 96 
96 76 59 49 13 62 
62 17 71 18 92 
92 12 
12 67 11 
22 51 6 
11 22 
6 31 85 
85 21 60 15 
15 2 34 88 
88 10 44 36 84 
84 79 93 33 
18 47 4 9 
34 28 
33 90 75 
9 64 
36 69 27 
28 54 
27 29 
71 94 
94 24 61 
77 65 
65 35 58 
54 7 
64 78 
75 82 53 25 
13 98 
23 30 
51 83 
68 80 
7 1 46 
30 
31 48 
16 41 
78 63 
93 97 8 
46 5 
41 42 
52 
29 
69 
49 26 
4 56 81 
42 99 
44 86 
10 39 
61 72 
17 
38 
60 52 
25 32 
79 
26 
83 
58 
39 
47 
5 
59 
67 
21 
86 
72 
43 14 
48 
90 
19 
80 
35 
20 
32 
99 95 
53 
8 
74 
91 
55 
14 
97 
98 66 
63 
81 3 
87 
24 
56 
2 
76 
1 
70 
3 
66 
95 
82 
# clone tree 41 objective: 3.19128
0 38 16 37 
37 43 68 73 
89 57 
73 23 50 
50 89 
40 91 26 45 
57 55 40 
45 19 77 96 
96 74 53 59 49 13 62 
62 17 71 18 92 
92 12 
12 67 11 
22 51 6 
11 22 
6 2 31 85 
85 21 60 15 
15 34 88 
88 10 44 36 84 
84 79 93 33 
18 47 4 9 
34 35 28 
33 90 75 
9 64 
36 69 27 
28 54 
27 29 
71 94 
94 24 61 
77 65 
65 58 
54 7 
64 78 
75 25 
13 98 
23 82 30 
51 8 83 
68 
7 97 46 
30 32 
31 48 
16 41 
78 
93 63 
46 3 5 
41 42 
52 1 
29 
69 87 
49 80 
4 76 81 
42 99 
44 95 86 
10 39 
61 72 
17 
38 66 
60 52 
25 
79 
26 
83 14 
58 56 
39 20 
47 
5 
59 
67 
21 
86 
72 
43 70 
48 
90 
19 
80 
35 
20 
32 
99 
53 
8 
74 
91 
55 
14 
97 
98 
63 
81 
87 
24 
56 
2 
76 
1 
70 
3 
66 
95 
82 
# clone tree 42 objective: 3.19128
0 38 16 37 
37 43 68 73 
89 57 
73 23 50 
50 89 
40 91 26 45 
57 55 40 
45 19 77 96 
96 74 53 59 49 13 62 
62 17 71 18 92 
92 12 
12 67 11 
22 51 6 
11 22 
6 2 31 85 
85 21 60 15 
15 34 88 
88 10 44 36 84 
84 79 93 33 
18 47 4 9 
34 35 28 
33 90 75 
9 64 
36 69 27 
28 54 
27 29 
71 94 
94 24 61 
77 65 
65 58 
54 7 
64 78 
75 25 
13 95 66 98 
23 30 
51 8 83 
68 
7 97 46 
30 32 
31 48 
16 41 
78 
93 63 
46 5 
41 42 
52 1 
29 
69 87 
49 80 
4 76 81 
42 99 
44 86 
10 39 
61 72 
17 
38 
60 52 
25 
79 
26 82 
83 14 
58 56 
39 20 
47 
5 
59 
67 
21 
86 
72 
43 3 70 
48 
90 
19 
80 
35 
20 
32 
99 
53 
8 
74 
91 
55 
14 
97 
98 
63 
81 
87 
24 
56 
2 
76 
1 
70 
3 
66 
95 
82 
# clone tree 43 objective: 3.19128
0 38 16 37 
37 43 68 73 
89 1 57 
73 23 50 
50 89 
40 26 45 
57 56 55 40 
45 19 77 96 
96 74 53 59 49 13 62 
62 17 71 18 92 
92 12 
12 67 11 
22 51 6 
11 22 
6 31 85 
85 21 60 15 
15 34 88 
88 10 44 36 84 
84 79 93 33 
18 47 4 9 
34 35 28 
33 90 75 
9 64 
36 69 27 
28 54 
27 29 
71 94 
94 24 61 
77 65 
65 58 
54 7 
64 78 
75 25 
13 98 
23 30 
51 8 83 
68 3 
7 97 46 
30 32 
31 48 
16 41 
78 
93 63 
46 5 
41 42 
52 
29 
69 87 
49 80 
4 82 81 
42 99 
44 86 
10 39 
61 72 
17 
38 
60 52 
25 91 
79 
26 76 
83 
58 
39 20 
47 
5 
59 
67 
21 
86 
72 
43 14 
48 
90 
19 
80 
35 2 
20 
32 70 
99 66 
53 
8 
74 
91 
55 
14 
97 
98 
63 
81 
87 
24 
56 
2 
76 
1 
70 
3 95 
66 
95 
82 
# clone tree 44 objective: 3.19128
0 38 16 37 
37 3 43 68 73 
89 57 
73 23 50 
50 89 
40 26 45 
57 56 55 40 
45 19 77 96 
96 74 53 59 49 13 62 
62 17 71 18 92 
92 12 
12 67 11 
22 51 6 
11 22 
6 31 85 
85 21 60 15 
15 34 88 
88 10 44 36 84 
84 79 93 33 
18 47 4 9 
34 35 28 
33 90 75 
9 64 
36 69 27 
28 54 
27 29 
71 94 
94 24 61 
77 65 
65 58 
54 7 
64 78 
75 25 
13 98 
23 76 30 
51 8 83 
68 
7 97 46 
30 32 
31 48 
16 41 
78 1 
93 63 
46 5 
41 42 
52 
29 70 
69 87 
49 80 
4 81 
42 99 
44 86 
10 39 
61 72 
17 
38 
60 52 
25 91 
79 
26 
83 
58 
39 20 
47 
5 66 
59 
67 
21 
86 
72 
43 14 
48 
90 
19 
80 
35 2 
20 
32 
99 
53 
8 95 
74 
91 
55 
14 
97 
98 
63 
81 
87 
24 
56 
2 
76 
1 82 
70 
3 
66 
95 
82 
# clone tree 45 objective: 3.19128
0 38 16 37 
37 43 68 73 
89 1 57 
73 23 50 
50 89 
40 26 45 
57 56 55 40 
45 19 77 96 
96 74 53 59 49 13 62 
62 17 71 18 92 
92 12 
12 67 11 
22 51 6 
11 22 
6 31 85 
85 21 60 15 
15 34 88 
88 10 44 36 84 
84 95 79 93 33 
18 47 4 9 
34 35 28 
33 90 75 
9 64 
36 69 27 
28 54 
27 29 
71 94 
94 24 61 
77 65 
65 58 
54 7 
64 78 
75 25 
13 98 
23 30 
51 8 83 
68 3 
7 97 46 
30 32 
31 48 
16 41 
78 
93 63 
46 5 
41 42 
52 
29 
69 87 
49 80 
4 81 
42 99 
44 86 
10 39 
61 72 
17 
38 
60 52 
25 91 
79 
26 76 
83 
58 66 
39 20 
47 
5 
59 
67 
21 
86 
72 
43 14 
48 
90 
19 
80 
35 2 
20 
32 70 
99 
53 
8 
74 
91 
55 82 
14 
97 
98 
63 
81 
87 
24 
56 
2 
76 
1 
70 
3 
66 
95 
82 
# clone tree 46 objective: 3.19128
0 38 16 37 
37 43 68 73 
89 57 
73 23 50 
50 89 
40 91 26 45 
57 55 40 
45 19 77 96 
96 59 49 13 62 
62 17 71 18 92 
92 12 
12 67 11 
22 70 51 6 
11 22 
6 31 85 
85 21 60 15 
15 34 88 
88 10 44 36 84 
84 1 79 93 33 
18 47 4 9 
34 35 28 
33 90 75 
9 64 
36 69 27 
28 3 87 54 
27 29 
71 2 94 
94 24 61 
77 82 65 
65 58 
54 7 
64 78 
75 53 25 
13 98 
23 30 
51 83 
68 14 
7 46 
30 76 
31 48 
16 41 
78 
93 97 
46 5 
41 42 
52 63 
29 
69 95 
49 74 80 
4 81 
42 99 
44 86 
10 39 
61 72 
17 
38 
60 52 
25 32 
79 
26 
83 
58 56 
39 20 
47 8 
5 66 
59 
67 
21 
86 
72 
43 
48 
90 
19 
80 
35 
20 
32 
99 
53 
8 
74 
91 
55 
14 
97 
98 
63 
81 
87 
24 
56 
2 
76 
1 
70 
3 
66 
95 
82 
# clone tree 47 objective: 3.19128
0 38 16 37 
37 43 68 73 
89 57 
73 23 50 
50 89 
40 26 45 
57 56 55 40 
45 19 77 96 
96 74 53 59 49 13 62 
62 17 71 18 92 
92 12 
12 67 11 
22 51 6 
11 22 
6 31 85 
85 21 60 15 
15 34 88 
88 10 44 36 84 
84 79 93 33 
18 47 4 9 
34 35 28 
33 90 75 
9 64 
36 69 27 
28 54 
27 29 
71 70 94 
94 24 61 
77 65 
65 58 
54 95 7 
64 78 
75 25 
13 66 98 
23 76 30 
51 8 83 
68 
7 97 46 
30 32 
31 48 
16 41 
78 1 
93 63 
46 5 
41 42 
52 
29 
69 87 
49 80 
4 81 
42 99 
44 86 
10 39 
61 72 
17 
38 
60 52 
25 91 
79 
26 
83 
58 
39 20 
47 
5 
59 
67 
21 
86 
72 
43 14 
48 
90 
19 
80 
35 2 
20 
32 3 
99 
53 
8 
74 
91 
55 
14 
97 
98 
63 82 
81 
87 
24 
56 
2 
76 
1 
70 
3 
66 
95 
82 
# clone tree 48 objective: 3.19128
0 38 16 37 
37 43 68 73 
89 1 97 57 
73 23 50 
50 89 
40 26 45 
57 95 55 40 
45 19 77 96 
96 74 53 59 49 13 62 
62 17 71 18 92 
92 12 
12 67 11 
22 51 6 
11 22 
6 31 85 
85 21 60 15 
15 34 88 
88 10 44 36 84 
84 79 93 33 
18 3 70 47 4 9 
34 35 28 
33 90 75 
9 24 64 
36 69 27 
28 54 
27 29 
71 94 
94 61 
77 65 
65 58 
54 7 
64 63 78 
75 25 
13 98 
23 30 
51 8 83 
68 
7 46 
30 32 
31 82 48 
16 41 
78 
93 
46 5 
41 42 
52 
29 
69 87 
49 80 
4 81 
42 99 
44 86 
10 39 
61 72 
17 
38 
60 52 
25 91 
79 
26 
83 76 
58 56 
39 20 
47 
5 66 
59 
67 
21 
86 
72 
43 14 
48 
90 
19 
80 
35 
20 2 
32 
99 
53 
8 
74 
91 
55 
14 
97 
98 
63 
81 
87 
24 
56 
2 
76 
1 
70 
3 
66 
95 
82 
# clone tree 49 objective: 3.19128
0 38 16 37 
37 43 68 73 
89 57 
73 95 23 50 
50 89 
40 26 45 
57 56 55 40 
45 19 77 96 
96 74 53 59 49 13 62 
62 17 71 18 92 
92 12 
12 67 11 
22 51 6 
11 22 
6 31 85 
85 21 60 15 
15 34 88 
88 10 44 36 84 
84 79 93 33 
18 47 4 9 
34 35 28 
33 90 75 
9 64 
36 69 27 
28 54 
27 29 
71 70 94 
94 24 61 
77 65 
65 58 
54 7 
64 78 
75 25 
13 98 
23 76 30 
51 8 83 
68 
7 97 46 
30 32 
31 48 
16 41 
78 1 
93 63 
46 5 
41 42 
52 
29 
69 87 
49 80 
4 81 
42 66 99 
44 86 
10 39 
61 82 72 
17 
38 
60 52 
25 91 
79 
26 
83 
58 
39 20 
47 
5 
59 
67 
21 
86 
72 
43 14 
48 
90 
19 
80 
35 2 
20 
32 3 
99 
53 
8 
74 
91 
55 
14 
97 
98 
63 
81 
87 
24 
56 
2 
76 
1 
70 
3 
66 
95 
82 
