# clone tree 0 objective: 2.70671
0 23 46 59 40 56 
56 2 74 
74 99 97 44 88 42 14 
29 75 
14 29 
42 82 34 
75 77 71 
71 9 91 
16 21 48 
34 16 
91 89 93 64 
19 39 81 
48 65 19 
96 32 66 72 
81 96 
64 68 86 4 50 
72 87 58 
50 1 
1 22 
40 51 38 15 
58 63 
22 53 33 
4 43 90 80 
63 67 83 52 
66 78 47 36 
93 10 61 
15 45 62 
33 25 76 
52 37 
59 55 92 
82 24 
36 12 
24 11 
46 6 18 
87 30 
86 70 60 
37 5 
32 7 
12 17 84 
80 54 
77 
61 
65 98 
54 3 
9 85 
92 26 
30 41 
38 
11 73 
26 28 
76 
88 49 
5 57 
18 
73 27 
53 
60 
7 
62 35 20 
23 
41 
44 
98 94 
25 31 
28 95 
3 
89 
83 8 
84 69 
49 
27 
20 
47 
51 
97 
21 
17 
6 79 
90 
43 13 
94 
57 
99 
10 
8 
67 
95 
31 
13 
55 
68 
35 
78 
79 
45 
70 
85 
2 
69 
39 
# clone tree 1 objective: 2.70671
0 23 46 59 40 56 
56 74 
74 99 97 44 88 42 14 
29 75 
14 29 
42 82 34 
75 77 71 
71 9 91 
16 69 21 48 
34 39 45 13 16 
91 79 89 93 64 
19 81 
48 65 19 
96 32 66 72 
81 96 
64 86 4 50 
72 87 58 
50 1 
1 22 
40 51 38 15 
58 31 63 
22 53 33 
4 43 90 80 
63 83 52 
66 78 47 36 
93 10 61 
15 62 
33 25 76 
52 37 
59 92 
82 24 
36 12 
24 11 
46 6 18 
87 2 30 
86 60 
37 5 
32 7 
12 17 84 
80 54 
77 
61 
65 98 
54 3 
9 85 
92 26 
30 41 
38 
11 73 
26 28 
76 55 
88 49 
5 57 
18 67 
73 27 
53 
60 
7 
62 35 20 
23 
41 
44 
98 94 
25 70 
28 95 
3 
89 68 
83 8 
84 
49 
27 
20 
47 
51 
97 
21 
17 
6 
90 
43 
94 
57 
99 
10 
8 
67 
95 
31 
13 
55 
68 
35 
78 
79 
45 
70 
85 
2 
69 
39 
# clone tree 2 objective: 2.70671
0 23 46 59 40 56 
56 74 
74 99 97 44 88 42 14 
29 2 75 
14 39 29 
42 82 34 
75 77 71 
71 9 91 
16 21 48 
34 45 16 
91 89 93 64 
19 81 
48 65 19 
96 13 32 66 72 
81 96 
64 86 4 50 
72 87 58 
50 1 
1 22 
40 51 38 15 
58 63 
22 53 33 
4 43 90 80 
63 83 52 
66 78 47 36 
93 10 61 
15 62 
33 25 76 
52 37 
59 92 
82 24 
36 12 
24 11 
46 6 18 
87 30 
86 70 60 
37 5 
32 7 
12 17 84 
80 54 
77 
61 55 
65 98 
54 3 
9 85 
92 26 
30 41 
38 79 
11 73 
26 28 
76 
88 49 
5 57 
18 67 
73 27 
53 
60 
7 
62 35 20 
23 
41 
44 31 
98 94 
25 
28 95 
3 
89 68 
83 8 
84 69 
49 
27 
20 
47 
51 
97 
21 
17 
6 
90 
43 
94 
57 
99 
10 
8 
67 
95 
31 
13 
55 
68 
35 
78 
79 
45 
70 
85 
2 
69 
39 
# clone tree 3 objective: 2.70671
0 23 46 59 40 56 
56 74 
74 99 97 44 88 42 14 
29 45 75 
14 29 
42 82 34 
75 77 71 
71 9 91 
16 21 48 
34 39 16 
91 79 89 93 64 
19 81 
48 65 19 
96 85 32 66 72 
81 96 
64 68 86 4 50 
72 87 58 
50 10 1 
1 22 
40 51 38 15 
58 31 63 
22 53 33 
4 43 90 80 
63 67 83 52 
66 78 47 36 
93 61 
15 62 
33 25 76 
52 37 
59 2 55 92 
82 24 
36 12 
24 11 
46 6 18 
87 30 
86 60 
37 5 
32 7 
12 17 84 
80 54 
77 
61 
65 98 
54 3 
9 
92 26 
30 41 
38 
11 73 
26 28 
76 
88 49 
5 57 
18 
73 27 
53 
60 
7 
62 35 20 
23 
41 
44 
98 94 
25 
28 95 
3 
89 
83 8 
84 
49 70 
27 
20 
47 
51 
97 
21 
17 
6 
90 69 
43 13 
94 
57 
99 
10 
8 
67 
95 
31 
13 
55 
68 
35 
78 
79 
45 
70 
85 
2 
69 
39 
# clone tree 4 objective: 2.70671
0 23 46 59 40 56 
56 74 
74 99 97 44 88 42 14 
29 75 
14 29 
42 82 34 
75 77 71 
71 9 91 
16 21 48 
34 16 
91 89 93 64 
19 81 
48 65 19 
96 32 66 72 
81 96 
64 68 86 4 50 
72 87 58 
50 10 1 
1 22 
40 51 38 15 
58 31 63 
22 53 33 
4 43 90 80 
63 67 83 52 
66 78 47 36 
93 45 61 
15 62 
33 25 76 
52 37 
59 55 92 
82 24 
36 12 
24 11 
46 6 18 
87 30 
86 2 79 60 
37 5 
32 7 
12 17 84 
80 54 
77 
61 
65 98 
54 3 
9 85 
92 26 
30 41 
38 
11 73 
26 28 
76 
88 49 
5 57 
18 
73 27 
53 
60 
7 
62 35 20 
23 
41 
44 
98 94 
25 
28 95 
3 
89 
83 8 
84 
49 70 
27 
20 
47 
51 
97 
21 
17 
6 
90 69 
43 13 
94 
57 
99 
10 
8 
67 
95 
31 
13 
55 39 
68 
35 
78 
79 
45 
70 
85 
2 
69 
39 
# clone tree 5 objective: 2.70671
0 23 46 59 40 56 
56 74 
74 99 97 44 88 42 14 
29 75 
14 29 
42 82 34 
75 77 71 
71 9 91 
16 69 21 48 
34 45 13 16 
91 79 89 93 64 
19 81 
48 65 19 
96 32 66 72 
81 96 
64 86 4 50 
72 87 58 
50 1 
1 22 
40 51 38 15 
58 31 63 
22 53 33 
4 43 90 80 
63 83 52 
66 78 47 36 
93 10 61 
15 62 
33 25 76 
52 37 
59 92 
82 24 
36 12 
24 11 
46 6 18 
87 2 30 
86 60 
37 5 
32 39 7 
12 17 84 
80 54 
77 
61 
65 98 
54 3 
9 85 
92 26 
30 41 
38 
11 73 
26 28 
76 55 
88 49 
5 57 
18 67 
73 27 
53 
60 
7 
62 35 20 
23 
41 
44 
98 94 
25 70 
28 95 
3 
89 68 
83 8 
84 
49 
27 
20 
47 
51 
97 
21 
17 
6 
90 
43 
94 
57 
99 
10 
8 
67 
95 
31 
13 
55 
68 
35 
78 
79 
45 
70 
85 
2 
69 
39 
# clone tree 6 objective: 2.70671
0 23 46 59 40 56 
56 74 
74 99 97 44 88 42 14 
29 75 
14 29 
42 82 34 
75 77 71 
71 9 91 
16 21 48 
34 16 
91 89 93 64 
19 81 
48 65 19 
96 32 66 72 
81 96 
64 68 86 4 50 
72 87 58 
50 10 1 
1 22 
40 51 38 15 
58 31 63 
22 53 33 
4 43 90 80 
63 67 83 52 
66 78 47 36 
93 45 61 
15 62 
33 25 76 
52 37 
59 55 92 
82 24 
36 12 
24 11 
46 6 18 
87 30 
86 2 79 60 
37 5 
32 7 
12 17 84 
80 54 
77 
61 
65 98 
54 3 
9 85 
92 26 
30 41 
38 
11 73 
26 28 
76 
88 49 
5 57 
18 
73 27 
53 
60 
7 
62 35 20 
23 
41 
44 
98 94 
25 
28 95 
3 
89 
83 8 
84 
49 70 
27 
20 
47 
51 
97 
21 
17 
6 
90 69 
43 39 13 
94 
57 
99 
10 
8 
67 
95 
31 
13 
55 
68 
35 
78 
79 
45 
70 
85 
2 
69 
39 
# clone tree 7 objective: 2.70671
0 23 46 59 40 56 
56 74 
74 99 97 44 88 42 14 
29 75 
14 29 
42 82 34 
75 77 71 
71 9 91 
16 69 21 48 
34 45 13 16 
91 79 89 93 64 
19 81 
48 65 19 
96 32 66 72 
81 96 
64 86 4 50 
72 87 58 
50 1 
1 22 
40 51 38 15 
58 31 63 
22 53 33 
4 43 90 80 
63 83 52 
66 78 47 36 
93 10 61 
15 62 
33 25 76 
52 37 
59 92 
82 24 
36 12 
24 11 
46 6 18 
87 2 30 
86 60 
37 5 
32 7 
12 17 84 
80 54 
77 
61 
65 98 
54 3 
9 85 
92 26 
30 41 
38 
11 73 
26 28 
76 55 
88 49 
5 57 
18 67 
73 27 
53 
60 
7 
62 35 20 
23 
41 
44 
98 94 
25 70 
28 95 
3 
89 68 
83 8 
84 
49 
27 
20 
47 
51 
97 
21 
17 
6 
90 
43 
94 39 
57 
99 
10 
8 
67 
95 
31 
13 
55 
68 
35 
78 
79 
45 
70 
85 
2 
69 
39 
# clone tree 8 objective: 2.70671
0 23 46 59 40 56 
56 39 74 
74 99 97 44 88 42 14 
29 75 
14 29 
42 82 34 
75 69 77 71 
71 9 91 
16 21 48 
34 35 16 
91 89 93 64 
19 81 
48 65 19 
96 32 66 72 
81 96 
64 68 86 4 50 
72 87 58 
50 1 
1 22 
40 51 38 15 
58 31 63 
22 53 33 
4 43 90 80 
63 83 52 
66 78 47 36 
93 10 61 
15 45 62 
33 25 76 
52 37 
59 92 
82 24 
36 2 12 
24 11 
46 6 18 
87 30 
86 70 60 
37 5 
32 7 
12 17 84 
80 54 
77 
61 55 
65 98 
54 3 
9 85 
92 26 
30 41 
38 
11 73 
26 28 
76 
88 49 
5 57 
18 67 
73 27 
53 
60 
7 
62 20 
23 
41 
44 
98 94 
25 
28 95 
3 
89 
83 8 
84 
49 
27 
20 
47 
51 
97 
21 
17 
6 79 
90 
43 13 
94 
57 
99 
10 
8 
67 
95 
31 
13 
55 
68 
35 
78 
79 
45 
70 
85 
2 
69 
39 
# clone tree 9 objective: 2.70671
0 23 46 59 40 56 
56 74 
74 99 97 44 88 42 14 
29 75 
14 29 
42 82 34 
75 77 71 
71 9 91 
16 69 21 48 
34 45 13 16 
91 79 89 93 64 
19 81 
48 65 19 
96 32 66 72 
81 96 
64 86 4 50 
72 87 58 
50 1 
1 22 
40 51 38 15 
58 31 63 
22 53 33 
4 43 90 80 
63 83 52 
66 78 47 36 
93 10 61 
15 62 
33 25 76 
52 37 
59 92 
82 24 
36 12 
24 11 
46 6 18 
87 2 30 
86 60 
37 5 
32 7 
12 17 84 
80 54 
77 
61 
65 98 
54 3 
9 85 
92 26 
30 41 
38 
11 73 
26 28 
76 55 
88 49 
5 57 
18 67 
73 27 
53 
60 
7 
62 35 20 
23 
41 
44 
98 94 
25 70 
28 95 
3 
89 68 
83 8 
84 
49 
27 
20 
47 
51 
97 
21 
17 
6 
90 
43 
94 
57 
99 
10 
8 
67 
95 
31 
13 
55 
68 
35 
78 
79 
45 
70 39 
85 
2 
69 
39 
# clone tree 10 objective: 2.70671
0 23 46 59 40 56 
56 74 
74 99 97 44 88 42 14 
29 75 
14 29 
42 82 34 
75 77 71 
71 9 91 
16 21 48 
34 16 
91 89 93 64 
19 81 
48 65 19 
96 32 66 72 
81 96 
64 68 86 4 50 
72 87 58 
50 10 1 
1 22 
40 51 38 15 
58 31 63 
22 53 33 
4 43 90 80 
63 67 83 52 
66 78 47 36 
93 45 61 
15 62 
33 25 76 
52 37 
59 55 92 
82 24 
36 12 
24 11 
46 6 18 
87 30 
86 2 79 60 
37 5 
32 7 
12 17 84 
80 54 
77 
61 
65 98 
54 3 
9 85 
92 26 
30 41 
38 
11 73 
26 28 
76 
88 49 
5 57 
18 
73 27 
53 
60 
7 
62 35 20 
23 
41 
44 
98 94 
25 
28 95 
3 
89 
83 8 
84 
49 70 
27 
20 
47 
51 
97 
21 
17 
6 39 
90 69 
43 13 
94 
57 
99 
10 
8 
67 
95 
31 
13 
55 
68 
35 
78 
79 
45 
70 
85 
2 
69 
39 
# clone tree 11 objective: 2.70671
0 23 46 59 40 56 
56 74 
74 99 97 44 88 42 14 
29 75 
14 29 
42 82 34 
75 77 71 
71 9 91 
16 21 48 
34 16 
91 79 89 93 64 
19 81 
48 65 19 
96 32 66 72 
81 96 
64 68 86 4 50 
72 87 58 
50 1 
1 22 
40 51 38 15 
58 63 
22 53 33 
4 43 90 80 
63 67 83 52 
66 78 47 36 
93 45 10 61 
15 2 62 
33 25 76 
52 37 
59 39 55 92 
82 24 
36 12 
24 11 
46 6 18 
87 30 
86 70 60 
37 5 
32 7 
12 17 84 
80 54 
77 
61 
65 98 
54 3 
9 85 
92 26 
30 41 
38 
11 73 
26 28 
76 
88 49 
5 57 
18 
73 27 
53 
60 
7 
62 35 20 
23 69 
41 
44 
98 94 
25 31 
28 95 
3 
89 
83 8 
84 
49 
27 
20 
47 
51 
97 
21 
17 
6 
90 
43 13 
94 
57 
99 
10 
8 
67 
95 
31 
13 
55 
68 
35 
78 
79 
45 
70 
85 
2 
69 
39 
# clone tree 12 objective: 2.70671
0 23 46 59 40 56 
56 74 
74 99 97 44 88 42 14 
29 75 
14 29 
42 82 34 
75 69 77 71 
71 9 91 
16 39 21 48 
34 35 16 
91 89 93 64 
19 81 
48 65 19 
96 32 66 72 
81 96 
64 68 86 4 50 
72 87 58 
50 1 
1 22 
40 51 38 15 
58 31 63 
22 53 33 
4 43 90 80 
63 83 52 
66 78 47 36 
93 10 61 
15 45 62 
33 25 76 
52 37 
59 92 
82 24 
36 2 12 
24 11 
46 6 18 
87 30 
86 70 60 
37 5 
32 7 
12 17 84 
80 54 
77 
61 55 
65 98 
54 3 
9 85 
92 26 
30 41 
38 
11 73 
26 28 
76 
88 49 
5 57 
18 67 
73 27 
53 
60 
7 
62 20 
23 
41 
44 
98 94 
25 
28 95 
3 
89 
83 8 
84 
49 
27 
20 
47 
51 
97 
21 
17 
6 79 
90 
43 13 
94 
57 
99 
10 
8 
67 
95 
31 
13 
55 
68 
35 
78 
79 
45 
70 
85 
2 
69 
39 
# clone tree 13 objective: 2.70671
0 23 46 59 40 56 
56 74 
74 99 97 44 88 42 14 
29 75 
14 29 
42 82 34 
75 77 71 
71 9 91 
16 69 21 48 
34 45 13 16 
91 79 89 93 64 
19 81 
48 65 19 
96 32 66 72 
81 96 
64 86 4 50 
72 87 58 
50 1 
1 22 
40 51 38 15 
58 31 63 
22 53 33 
4 43 90 80 
63 83 52 
66 78 47 36 
93 10 61 
15 62 
33 25 76 
52 37 
59 92 
82 24 
36 12 
24 39 11 
46 6 18 
87 2 30 
86 60 
37 5 
32 7 
12 17 84 
80 54 
77 
61 
65 98 
54 3 
9 85 
92 26 
30 41 
38 
11 73 
26 28 
76 55 
88 49 
5 57 
18 67 
73 27 
53 
60 
7 
62 35 20 
23 
41 
44 
98 94 
25 70 
28 95 
3 
89 68 
83 8 
84 
49 
27 
20 
47 
51 
97 
21 
17 
6 
90 
43 
94 
57 
99 
10 
8 
67 
95 
31 
13 
55 
68 
35 
78 
79 
45 
70 
85 
2 
69 
39 
# clone tree 14 objective: 2.70671
0 23 46 59 40 56 
56 74 
74 99 97 44 88 42 14 
29 75 
14 29 
42 82 34 
75 69 77 71 
71 9 91 
16 21 48 
34 35 16 
91 89 93 64 
19 81 
48 65 19 
96 32 66 72 
81 39 96 
64 68 86 4 50 
72 87 58 
50 1 
1 22 
40 51 38 15 
58 31 63 
22 53 33 
4 43 90 80 
63 83 52 
66 78 47 36 
93 10 61 
15 45 62 
33 25 76 
52 37 
59 92 
82 24 
36 2 12 
24 11 
46 6 18 
87 30 
86 70 60 
37 5 
32 7 
12 17 84 
80 54 
77 
61 55 
65 98 
54 3 
9 85 
92 26 
30 41 
38 
11 73 
26 28 
76 
88 49 
5 57 
18 67 
73 27 
53 
60 
7 
62 20 
23 
41 
44 
98 94 
25 
28 95 
3 
89 
83 8 
84 
49 
27 
20 
47 
51 
97 
21 
17 
6 79 
90 
43 13 
94 
57 
99 
10 
8 
67 
95 
31 
13 
55 
68 
35 
78 
79 
45 
70 
85 
2 
69 
39 
# clone tree 15 objective: 2.70671
0 23 46 59 40 56 
56 74 
74 99 97 44 88 42 14 
29 75 
14 29 
42 82 34 
75 77 71 
71 9 91 
16 69 21 48 
34 45 13 16 
91 79 89 93 64 
19 81 
48 65 19 
96 32 66 72 
81 96 
64 86 4 50 
72 87 58 
50 1 
1 22 
40 51 38 15 
58 31 63 
22 53 33 
4 43 90 80 
63 83 52 
66 78 47 36 
93 10 61 
15 62 
33 25 76 
52 37 
59 92 
82 24 
36 12 
24 11 
46 6 18 
87 2 30 
86 60 
37 5 
32 7 
12 17 84 
80 54 
77 
61 
65 98 
54 3 
9 85 
92 26 
30 41 
38 39 
11 73 
26 28 
76 55 
88 49 
5 57 
18 67 
73 27 
53 
60 
7 
62 35 20 
23 
41 
44 
98 94 
25 70 
28 95 
3 
89 68 
83 8 
84 
49 
27 
20 
47 
51 
97 
21 
17 
6 
90 
43 
94 
57 
99 
10 
8 
67 
95 
31 
13 
55 
68 
35 
78 
79 
45 
70 
85 
2 
69 
39 
# clone tree 16 objective: 2.70671
0 23 46 59 40 56 
56 74 
74 99 97 44 88 42 14 
29 75 
14 29 
42 82 34 
75 77 71 
71 9 91 
16 21 48 
34 16 
91 89 93 64 
19 81 
48 65 19 
96 32 66 72 
81 96 
64 68 86 4 50 
72 87 58 
50 10 1 
1 22 
40 51 38 15 
58 31 63 
22 53 33 
4 43 90 80 
63 67 83 52 
66 78 47 36 
93 45 61 
15 62 
33 25 76 
52 37 
59 55 92 
82 24 
36 12 
24 11 
46 6 18 
87 30 
86 2 79 60 
37 5 
32 7 
12 17 84 
80 54 
77 
61 
65 98 
54 3 
9 85 
92 26 
30 41 
38 
11 73 
26 28 
76 
88 49 
5 57 
18 
73 27 
53 
60 
7 
62 35 20 
23 
41 
44 
98 94 
25 
28 95 
3 
89 
83 8 
84 
49 39 70 
27 
20 
47 
51 
97 
21 
17 
6 
90 69 
43 13 
94 
57 
99 
10 
8 
67 
95 
31 
13 
55 
68 
35 
78 
79 
45 
70 
85 
2 
69 
39 
# clone tree 17 objective: 2.70671
0 23 46 59 40 56 
56 74 
74 99 97 44 88 42 14 
29 75 
14 29 
42 82 34 
75 77 71 
71 9 91 
16 69 21 48 
34 45 13 16 
91 79 89 93 64 
19 81 
48 65 19 
96 32 66 72 
81 96 
64 86 4 50 
72 87 58 
50 1 
1 22 
40 51 38 15 
58 31 63 
22 53 33 
4 43 90 80 
63 83 52 
66 78 47 36 
93 10 61 
15 62 
33 25 76 
52 37 
59 92 
82 24 
36 12 
24 11 
46 6 18 
87 2 30 
86 60 
37 5 
32 7 
12 17 84 
80 54 
77 
61 
65 98 
54 3 
9 85 
92 26 
30 41 
38 
11 73 
26 28 
76 55 
88 49 
5 57 
18 67 
73 27 
53 
60 
7 
62 35 20 
23 
41 
44 
98 94 
25 70 
28 95 
3 
89 68 
83 8 
84 
49 
27 
20 
47 
51 
97 
21 
17 
6 
90 
43 
94 
57 
99 
10 
8 
67 
95 
31 
13 
55 
68 39 
35 
78 
79 
45 
70 
85 
2 
69 
39 
# clone tree 18 objective: 2.70671
0 23 46 59 40 56 
56 74 
74 99 97 44 88 42 14 
29 75 
14 29 
42 82 34 
75 69 77 71 
71 39 9 91 
16 21 48 
34 35 16 
91 89 93 64 
19 81 
48 65 19 
96 32 66 72 
81 96 
64 68 86 4 50 
72 87 58 
50 1 
1 22 
40 51 38 15 
58 31 63 
22 53 33 
4 43 90 80 
63 83 52 
66 78 47 36 
93 10 61 
15 45 62 
33 25 76 
52 37 
59 92 
82 24 
36 2 12 
24 11 
46 6 18 
87 30 
86 70 60 
37 5 
32 7 
12 17 84 
80 54 
77 
61 55 
65 98 
54 3 
9 85 
92 26 
30 41 
38 
11 73 
26 28 
76 
88 49 
5 57 
18 67 
73 27 
53 
60 
7 
62 20 
23 
41 
44 
98 94 
25 
28 95 
3 
89 
83 8 
84 
49 
27 
20 
47 
51 
97 
21 
17 
6 79 
90 
43 13 
94 
57 
99 
10 
8 
67 
95 
31 
13 
55 
68 
35 
78 
79 
45 
70 
85 
2 
69 
39 
# clone tree 19 objective: 2.70671
0 23 46 59 40 56 
56 74 
74 99 97 44 88 42 14 
29 45 75 
14 29 
42 82 34 
75 77 71 
71 9 91 
16 21 48 
34 16 
91 79 89 93 64 
19 81 
48 65 19 
96 85 32 66 72 
81 96 
64 68 86 4 50 
72 87 58 
50 10 1 
1 22 
40 51 38 15 
58 31 63 
22 53 33 
4 43 90 80 
63 67 83 52 
66 78 47 36 
93 61 
15 62 
33 25 76 
52 37 
59 2 55 92 
82 24 
36 12 
24 11 
46 6 18 
87 30 
86 60 
37 5 
32 7 
12 17 84 
80 54 
77 
61 
65 98 
54 3 
9 
92 26 
30 41 
38 
11 73 
26 28 
76 
88 49 
5 57 
18 
73 27 
53 
60 
7 
62 35 20 
23 
41 
44 
98 94 
25 
28 95 
3 39 
89 
83 8 
84 
49 70 
27 
20 
47 
51 
97 
21 
17 
6 
90 69 
43 13 
94 
57 
99 
10 
8 
67 
95 
31 
13 
55 
68 
35 
78 
79 
45 
70 
85 
2 
69 
39 
# clone tree 20 objective: 2.70671
0 23 46 59 40 56 
56 74 
74 99 97 44 88 42 14 
29 75 
14 29 
42 82 34 
75 69 77 71 
71 9 91 
16 21 48 
34 35 16 
91 89 93 64 
19 39 81 
48 65 19 
96 32 66 72 
81 96 
64 68 86 4 50 
72 87 58 
50 1 
1 22 
40 51 38 15 
58 31 63 
22 53 33 
4 43 90 80 
63 83 52 
66 78 47 36 
93 10 61 
15 45 62 
33 25 76 
52 37 
59 92 
82 24 
36 2 12 
24 11 
46 6 18 
87 30 
86 70 60 
37 5 
32 7 
12 17 84 
80 54 
77 
61 55 
65 98 
54 3 
9 85 
92 26 
30 41 
38 
11 73 
26 28 
76 
88 49 
5 57 
18 67 
73 27 
53 
60 
7 
62 20 
23 
41 
44 
98 94 
25 
28 95 
3 
89 
83 8 
84 
49 
27 
20 
47 
51 
97 
21 
17 
6 79 
90 
43 13 
94 
57 
99 
10 
8 
67 
95 
31 
13 
55 
68 
35 
78 
79 
45 
70 
85 
2 
69 
39 
# clone tree 21 objective: 2.70671
0 23 46 59 40 56 
56 39 74 
74 99 97 44 88 42 14 
29 2 75 
14 29 
42 82 34 
75 77 71 
71 9 91 
16 21 48 
34 45 16 
91 89 93 64 
19 81 
48 65 19 
96 13 32 66 72 
81 96 
64 86 4 50 
72 87 58 
50 1 
1 22 
40 51 38 15 
58 63 
22 53 33 
4 43 90 80 
63 83 52 
66 78 47 36 
93 10 61 
15 62 
33 25 76 
52 37 
59 92 
82 24 
36 12 
24 11 
46 6 18 
87 30 
86 70 60 
37 5 
32 7 
12 17 84 
80 54 
77 
61 55 
65 98 
54 3 
9 85 
92 26 
30 41 
38 79 
11 73 
26 28 
76 
88 49 
5 57 
18 67 
73 27 
53 
60 
7 
62 35 20 
23 
41 
44 31 
98 94 
25 
28 95 
3 
89 68 
83 8 
84 69 
49 
27 
20 
47 
51 
97 
21 
17 
6 
90 
43 
94 
57 
99 
10 
8 
67 
95 
31 
13 
55 
68 
35 
78 
79 
45 
70 
85 
2 
69 
39 
# clone tree 22 objective: 2.70671
0 23 46 59 40 56 
56 74 
74 99 97 44 88 42 14 
29 75 
14 29 
42 82 34 
75 77 71 
71 9 91 
16 21 48 
34 16 
91 89 93 64 
19 81 
48 65 19 
96 32 66 72 
81 96 
64 68 86 4 50 
72 87 58 
50 10 1 
1 22 
40 51 38 15 
58 31 63 
22 53 33 
4 43 90 80 
63 67 83 52 
66 78 47 36 
93 45 61 
15 62 
33 25 76 
52 37 
59 55 92 
82 24 
36 12 
24 11 
46 6 18 
87 30 
86 2 79 60 
37 5 
32 7 
12 17 84 
80 54 
77 
61 
65 98 
54 3 
9 85 
92 26 
30 41 
38 
11 73 
26 28 
76 
88 49 
5 57 
18 
73 27 
53 
60 
7 
62 35 20 
23 
41 
44 
98 94 
25 
28 95 
3 
89 
83 39 8 
84 
49 70 
27 
20 
47 
51 
97 
21 
17 
6 
90 69 
43 13 
94 
57 
99 
10 
8 
67 
95 
31 
13 
55 
68 
35 
78 
79 
45 
70 
85 
2 
69 
39 
# clone tree 23 objective: 2.70671
0 23 46 59 40 56 
56 74 
74 99 97 44 88 42 14 
29 75 
14 29 
42 82 34 
75 77 71 
71 9 91 
16 69 21 48 
34 45 13 16 
91 79 89 93 64 
19 81 
48 65 19 
96 32 66 72 
81 96 
64 86 4 50 
72 87 58 
50 1 
1 22 
40 51 38 15 
58 31 63 
22 53 33 
4 43 90 80 
63 83 52 
66 78 47 36 
93 10 61 
15 62 
33 25 76 
52 37 
59 92 
82 24 
36 12 
24 11 
46 6 18 
87 2 30 
86 60 
37 5 
32 7 
12 39 17 84 
80 54 
77 
61 
65 98 
54 3 
9 85 
92 26 
30 41 
38 
11 73 
26 28 
76 55 
88 49 
5 57 
18 67 
73 27 
53 
60 
7 
62 35 20 
23 
41 
44 
98 94 
25 70 
28 95 
3 
89 68 
83 8 
84 
49 
27 
20 
47 
51 
97 
21 
17 
6 
90 
43 
94 
57 
99 
10 
8 
67 
95 
31 
13 
55 
68 
35 
78 
79 
45 
70 
85 
2 
69 
39 
# clone tree 24 objective: 2.70671
0 23 46 59 40 56 
56 74 
74 99 97 44 88 42 14 
29 75 
14 29 
42 82 34 
75 77 71 
71 9 91 
16 21 48 
34 16 
91 89 93 64 
19 81 
48 65 19 
96 32 66 72 
81 96 
64 68 86 4 50 
72 87 58 
50 10 1 
1 22 
40 51 38 15 
58 31 63 
22 53 33 
4 43 90 80 
63 67 83 52 
66 78 47 36 
93 45 61 
15 62 
33 25 76 
52 37 
59 55 92 
82 24 
36 12 
24 11 
46 6 18 
87 30 
86 2 79 60 
37 5 
32 7 
12 17 84 
80 54 
77 
61 
65 98 
54 3 
9 85 
92 26 
30 41 
38 
11 73 
26 28 
76 
88 49 
5 57 
18 
73 27 
53 
60 
7 
62 35 20 
23 
41 
44 
98 94 
25 
28 95 
3 
89 
83 8 
84 39 
49 70 
27 
20 
47 
51 
97 
21 
17 
6 
90 69 
43 13 
94 
57 
99 
10 
8 
67 
95 
31 
13 
55 
68 
35 
78 
79 
45 
70 
85 
2 
69 
39 
# clone tree 25 objective: 2.70671
0 23 46 59 40 56 
56 74 
74 99 97 44 88 42 14 
29 45 75 
14 29 
42 82 34 
75 77 71 
71 9 91 
16 21 48 
34 16 
91 79 89 93 64 
19 81 
48 65 19 
96 85 32 66 72 
81 96 
64 68 86 4 50 
72 87 58 
50 10 1 
1 22 
40 51 38 15 
58 31 63 
22 53 33 
4 43 90 80 
63 67 83 52 
66 78 47 36 
93 61 
15 62 
33 25 76 
52 37 
59 2 55 92 
82 24 
36 12 
24 11 
46 6 18 
87 30 
86 60 
37 5 
32 7 
12 17 84 
80 54 
77 
61 
65 98 
54 3 
9 
92 26 
30 41 
38 
11 73 
26 28 
76 39 
88 49 
5 57 
18 
73 27 
53 
60 
7 
62 35 20 
23 
41 
44 
98 94 
25 
28 95 
3 
89 
83 8 
84 
49 70 
27 
20 
47 
51 
97 
21 
17 
6 
90 69 
43 13 
94 
57 
99 
10 
8 
67 
95 
31 
13 
55 
68 
35 
78 
79 
45 
70 
85 
2 
69 
39 
# clone tree 26 objective: 2.70671
0 23 46 59 40 56 
56 74 
74 99 97 44 88 42 14 
29 75 
14 29 
42 82 34 
75 77 71 
71 9 91 
16 21 48 
34 16 
91 89 93 64 
19 81 
48 65 19 
96 32 66 72 
81 96 
64 68 86 4 50 
72 87 58 
50 10 1 
1 22 
40 51 38 15 
58 31 63 
22 53 33 
4 43 90 80 
63 67 83 52 
66 78 47 36 
93 45 61 
15 62 
33 25 76 
52 37 
59 55 92 
82 24 
36 12 
24 11 
46 6 18 
87 30 
86 2 79 60 
37 5 
32 7 
12 17 84 
80 54 
77 
61 
65 98 
54 3 
9 85 
92 26 
30 41 
38 
11 73 
26 28 
76 
88 49 
5 57 
18 
73 27 
53 
60 
7 39 
62 35 20 
23 
41 
44 
98 94 
25 
28 95 
3 
89 
83 8 
84 
49 70 
27 
20 
47 
51 
97 
21 
17 
6 
90 69 
43 13 
94 
57 
99 
10 
8 
67 
95 
31 
13 
55 
68 
35 
78 
79 
45 
70 
85 
2 
69 
39 
# clone tree 27 objective: 2.70671
0 23 46 59 40 56 
56 74 
74 99 97 44 88 42 14 
29 75 
14 29 
42 82 34 
75 77 71 
71 9 91 
16 69 21 48 
34 35 16 
91 89 93 64 
19 81 
48 65 19 
96 13 32 66 72 
81 45 96 
64 86 4 50 
72 87 58 
50 10 1 
1 68 22 
40 51 38 15 
58 31 63 
22 70 53 33 
4 43 90 80 
63 83 52 
66 78 47 36 
93 61 
15 2 62 
33 25 76 
52 37 
59 92 
82 24 
36 12 
24 11 
46 6 18 
87 30 
86 79 60 
37 5 
32 7 
12 17 84 
80 54 
77 
61 
65 98 
54 3 
9 85 
92 26 
30 41 
38 
11 73 
26 28 
76 55 
88 49 
5 57 
18 67 
73 27 
53 
60 
7 
62 20 
23 
41 
44 
98 94 
25 
28 95 
3 
89 
83 8 
84 
49 
27 
20 
47 
51 
97 
21 
17 39 
6 
90 
43 
94 
57 
99 
10 
8 
67 
95 
31 
13 
55 
68 
35 
78 
79 
45 
70 
85 
2 
69 
39 
# clone tree 28 objective: 2.70671
0 23 46 59 40 56 
56 2 74 
74 99 97 44 88 42 14 
29 75 
14 29 
42 82 34 
75 77 71 
71 9 91 
16 21 48 
34 16 
91 89 93 64 
19 81 
48 65 19 
96 32 66 72 
81 96 
64 68 86 4 50 
72 87 58 
50 1 
1 22 
40 51 38 15 
58 39 63 
22 53 33 
4 69 43 90 80 
63 67 83 52 
66 78 47 36 
93 10 61 
15 45 62 
33 25 76 
52 37 
59 55 92 
82 24 
36 12 
24 11 
46 6 18 
87 30 
86 70 60 
37 5 
32 7 
12 17 84 
80 54 
77 
61 
65 98 
54 3 
9 85 
92 26 
30 41 
38 
11 73 
26 28 
76 
88 49 
5 57 
18 
73 27 
53 
60 
7 
62 35 20 
23 
41 
44 
98 94 
25 31 
28 95 
3 
89 
83 8 
84 
49 
27 
20 
47 
51 
97 
21 
17 
6 79 
90 
43 13 
94 
57 
99 
10 
8 
67 
95 
31 
13 
55 
68 
35 
78 
79 
45 
70 
85 
2 
69 
39 
# clone tree 29 objective: 2.70671
0 23 46 59 40 56 
56 2 74 
74 99 97 44 88 42 14 
29 45 75 
14 29 
42 82 34 
75 77 71 
71 9 91 
16 21 48 
34 13 16 
91 79 89 93 64 
19 81 
48 65 19 
96 32 66 72 
81 96 
64 86 4 50 
72 87 58 
50 1 
1 22 
40 51 38 15 
58 31 63 
22 53 33 
4 43 90 80 
63 70 83 52 
66 78 47 36 
93 10 61 
15 62 
33 25 76 
52 37 
59 92 
82 24 
36 12 
24 11 
46 6 18 
87 30 
86 60 
37 5 
32 7 
12 17 84 
80 54 
77 
61 
65 98 
54 3 
9 85 
92 26 
30 41 
38 
11 73 
26 28 
76 55 
88 49 
5 57 
18 67 
73 27 
53 
60 
7 
62 35 20 
23 
41 
44 
98 94 
25 
28 95 
3 
89 68 
83 8 
84 
49 
27 
20 
47 
51 
97 69 
21 
17 
6 
90 
43 
94 
57 
99 
10 
8 
67 
95 
31 
13 
55 
68 
35 
78 
79 
45 
70 
85 
2 39 
69 
39 
# clone tree 30 objective: 2.70671
0 23 46 59 40 56 
56 74 
74 99 97 44 88 42 14 
29 75 
14 29 
42 82 34 
75 77 71 
71 9 91 
16 21 48 
34 16 
91 89 93 64 
19 81 
48 65 19 
96 13 32 66 72 
81 96 
64 86 4 50 
72 39 87 58 
50 1 
1 22 
40 51 38 15 
58 45 63 
22 53 33 
4 43 90 80 
63 83 52 
66 78 47 36 
93 10 61 
15 62 
33 25 76 
52 37 
59 92 
82 24 
36 12 
24 11 
46 6 18 
87 30 
86 60 
37 5 
32 7 
12 17 84 
80 54 
77 
61 55 
65 98 
54 3 
9 85 
92 26 
30 41 
38 79 
11 73 
26 28 
76 
88 49 
5 57 
18 67 
73 27 
53 
60 
7 
62 35 20 
23 
41 
44 31 
98 94 
25 70 
28 95 
3 
89 68 
83 8 
84 
49 
27 
20 
47 
51 2 
97 
21 
17 
6 
90 69 
43 
94 
57 
99 
10 
8 
67 
95 
31 
13 
55 
68 
35 
78 
79 
45 
70 
85 
2 
69 
39 
# clone tree 31 objective: 2.70671
0 23 46 59 40 56 
56 2 74 
74 99 97 44 88 42 14 
29 75 
14 29 
42 82 34 
75 77 71 
71 9 91 
16 21 48 
34 13 16 
91 89 93 64 
19 81 
48 65 19 
96 32 66 72 
81 96 
64 86 4 50 
72 87 58 
50 1 
1 22 
40 51 38 15 
58 31 63 
22 53 33 
4 69 43 90 80 
63 83 52 
66 78 47 36 
93 61 
15 45 62 
33 25 76 
52 37 
59 55 92 
82 24 
36 12 
24 11 
46 6 18 
87 30 
86 79 60 
37 5 
32 7 
12 17 84 
80 54 
77 
61 
65 98 
54 3 
9 85 
92 26 
30 41 
38 
11 73 
26 28 
76 35 
88 49 
5 57 
18 67 
73 27 
53 
60 
7 
62 20 
23 
41 10 
44 
98 94 
25 
28 95 
3 
89 68 
83 8 
84 
49 70 
27 
20 
47 
51 
97 
21 
17 
6 
90 
43 
94 
57 
99 
10 
8 
67 
95 39 
31 
13 
55 
68 
35 
78 
79 
45 
70 
85 
2 
69 
39 
# clone tree 32 objective: 2.70671
0 23 46 59 40 56 
56 74 
74 99 97 44 88 42 14 
29 75 
14 29 
42 82 34 
75 77 71 
71 9 91 
16 69 21 48 
34 45 13 16 
91 79 89 93 64 
19 81 
48 65 19 
96 85 32 66 72 
81 96 
64 86 4 50 
72 87 58 
50 1 
1 39 22 
40 51 38 15 
58 31 63 
22 53 33 
4 43 90 80 
63 83 52 
66 78 47 36 
93 10 61 
15 62 
33 25 76 
52 37 
59 2 92 
82 24 
36 12 
24 11 
46 6 18 
87 30 
86 60 
37 5 
32 7 
12 17 84 
80 54 
77 
61 
65 98 
54 3 
9 
92 26 
30 41 
38 
11 73 
26 28 
76 55 
88 49 
5 57 
18 67 
73 27 
53 
60 
7 
62 35 20 
23 
41 
44 
98 94 
25 70 
28 95 
3 
89 68 
83 8 
84 
49 
27 
20 
47 
51 
97 
21 
17 
6 
90 
43 
94 
57 
99 
10 
8 
67 
95 
31 
13 
55 
68 
35 
78 
79 
45 
70 
85 
2 
69 
39 
# clone tree 33 objective: 2.70671
0 23 46 59 40 56 
56 74 
74 99 97 44 88 42 14 
29 75 
14 29 
42 82 34 
75 39 77 71 
71 9 91 
16 21 48 
34 16 
91 89 93 64 
19 81 
48 65 19 
96 85 32 66 72 
81 96 
64 68 86 4 50 
72 87 58 
50 10 1 
1 22 
40 51 38 15 
58 31 63 
22 53 33 
4 43 90 80 
63 69 67 83 52 
66 78 47 36 
93 45 61 
15 62 
33 25 76 
52 37 
59 55 92 
82 24 
36 12 
24 11 
46 6 18 
87 30 
86 79 60 
37 5 
32 7 
12 17 84 
80 54 
77 
61 
65 98 
54 3 
9 
92 26 
30 41 
38 
11 73 
26 28 
76 
88 49 
5 57 
18 70 
73 27 
53 
60 
7 
62 35 20 
23 
41 
44 
98 94 
25 
28 95 
3 
89 
83 8 
84 
49 
27 
20 
47 
51 2 
97 
21 
17 
6 
90 
43 13 
94 
57 
99 
10 
8 
67 
95 
31 
13 
55 
68 
35 
78 
79 
45 
70 
85 
2 
69 
39 
# clone tree 34 objective: 2.70671
0 23 46 59 40 56 
56 74 
74 99 97 44 88 42 14 
29 2 45 75 
14 29 
42 82 34 
75 77 71 
71 9 91 
16 21 48 
34 13 16 
91 89 93 64 
19 81 
48 65 19 
96 32 66 72 
81 96 
64 86 4 50 
72 87 58 
50 10 1 
1 68 22 
40 51 38 15 
58 63 
22 70 53 33 
4 43 90 80 
63 83 52 
66 78 47 36 
93 61 
15 62 
33 25 76 
52 37 
59 55 92 
82 24 
36 12 
24 39 11 
46 6 18 
87 30 
86 60 
37 5 
32 67 7 
12 17 84 
80 54 
77 
61 
65 98 
54 3 
9 85 
92 26 
30 41 
38 79 
11 73 
26 28 
76 35 
88 49 
5 57 
18 
73 27 
53 
60 
7 
62 20 
23 
41 
44 
98 94 
25 31 
28 95 
3 
89 
83 8 
84 
49 
27 
20 
47 
51 
97 69 
21 
17 
6 
90 
43 
94 
57 
99 
10 
8 
67 
95 
31 
13 
55 
68 
35 
78 
79 
45 
70 
85 
2 
69 
39 
# clone tree 35 objective: 2.70671
0 23 46 59 40 56 
56 74 
74 99 97 44 88 42 14 
29 75 
14 29 
42 82 34 
75 77 71 
71 9 91 
16 69 21 48 
34 45 13 16 
91 79 89 93 64 
19 81 
48 65 19 
96 85 32 66 72 
81 96 
64 86 4 50 
72 87 58 
50 1 
1 22 
40 51 38 15 
58 31 63 
22 53 33 
4 43 90 80 
63 83 52 
66 39 78 47 36 
93 10 61 
15 62 
33 25 76 
52 37 
59 2 92 
82 24 
36 12 
24 11 
46 6 18 
87 30 
86 60 
37 5 
32 7 
12 17 84 
80 54 
77 
61 
65 98 
54 3 
9 
92 26 
30 41 
38 
11 73 
26 28 
76 55 
88 49 
5 57 
18 67 
73 27 
53 
60 
7 
62 35 20 
23 
41 
44 
98 94 
25 70 
28 95 
3 
89 68 
83 8 
84 
49 
27 
20 
47 
51 
97 
21 
17 
6 
90 
43 
94 
57 
99 
10 
8 
67 
95 
31 
13 
55 
68 
35 
78 
79 
45 
70 
85 
2 
69 
39 
# clone tree 36 objective: 2.70671
0 23 46 59 40 56 
56 74 
74 99 97 44 88 42 14 
29 75 
14 29 
42 82 34 
75 77 71 
71 9 91 
16 21 48 
34 45 16 
91 79 89 93 64 
19 81 
48 65 19 
96 13 32 66 72 
81 96 
64 86 4 50 
72 87 58 
50 10 1 
1 22 
40 51 38 15 
58 31 63 
22 70 53 33 
4 43 90 80 
63 83 52 
66 78 47 36 
93 61 
15 62 
33 25 76 
52 37 
59 2 92 
82 24 
36 12 
24 11 
46 6 18 
87 30 
86 60 
37 5 
32 7 
12 17 84 
80 54 
77 
61 
65 98 
54 3 
9 85 
92 26 
30 39 41 
38 
11 73 
26 28 
76 55 
88 49 
5 57 
18 67 
73 27 
53 
60 
7 
62 35 20 
23 
41 
44 
98 94 
25 
28 95 
3 
89 68 
83 8 
84 
49 
27 
20 
47 
51 
97 
21 
17 
6 
90 
43 
94 69 
57 
99 
10 
8 
67 
95 
31 
13 
55 
68 
35 
78 
79 
45 
70 
85 
2 
69 
39 
# clone tree 37 objective: 2.70671
0 23 46 59 40 56 
56 74 
74 99 97 44 88 42 14 
29 75 
14 29 
42 82 34 
75 77 71 
71 9 91 
16 21 48 
34 16 
91 89 93 64 
19 81 
48 65 19 
96 13 32 66 72 
81 96 
64 86 4 50 
72 87 58 
50 1 
1 22 
40 51 38 15 
58 45 63 
22 53 33 
4 43 90 80 
63 69 83 52 
66 78 47 36 
93 10 61 
15 62 
33 25 76 
52 37 
59 92 
82 24 
36 12 
24 11 
46 6 18 
87 30 
86 60 
37 5 
32 7 
12 17 84 
80 54 
77 
61 55 
65 98 
54 3 
9 85 
92 26 
30 41 
38 79 
11 73 
26 28 
76 
88 49 
5 57 
18 67 
73 27 
53 
60 
7 
62 35 20 
23 
41 
44 31 
98 94 
25 70 
28 95 
3 
89 68 
83 8 
84 
49 
27 
20 
47 
51 2 
97 
21 
17 
6 
90 
43 
94 
57 39 
99 
10 
8 
67 
95 
31 
13 
55 
68 
35 
78 
79 
45 
70 
85 
2 
69 
39 
# clone tree 38 objective: 2.70671
0 23 46 59 40 56 
56 74 
74 99 97 44 88 42 14 
29 75 
14 29 
42 2 82 34 
75 77 71 
71 9 91 
16 21 48 
34 45 16 
91 79 89 93 64 
19 81 
48 65 19 
96 13 32 66 72 
81 96 
64 86 4 50 
72 87 58 
50 10 1 
1 22 
40 51 38 15 
58 31 63 
22 70 53 33 
4 43 90 80 
63 83 52 
66 78 47 36 
93 61 
15 62 
33 39 25 76 
52 37 
59 92 
82 24 
36 12 
24 11 
46 6 18 
87 30 
86 60 
37 5 
32 7 
12 17 84 
80 54 
77 
61 
65 98 
54 3 
9 85 
92 26 
30 41 
38 
11 73 
26 28 
76 55 
88 49 
5 57 
18 67 
73 27 
53 
60 
7 
62 35 20 
23 
41 
44 
98 94 
25 
28 95 
3 
89 68 
83 8 
84 69 
49 
27 
20 
47 
51 
97 
21 
17 
6 
90 
43 
94 
57 
99 
10 
8 
67 
95 
31 
13 
55 
68 
35 
78 
79 
45 
70 
85 
2 
69 
39 
# clone tree 39 objective: 2.70671
0 23 46 59 40 56 
56 74 
74 99 97 44 88 42 14 
29 75 
14 29 
42 82 34 
75 69 77 71 
71 9 91 
16 21 48 
34 35 16 
91 89 93 64 
19 81 
48 65 19 
96 32 66 72 
81 96 
64 68 86 4 50 
72 87 58 
50 1 
1 22 
40 51 38 15 
58 31 63 
22 53 33 
4 43 90 80 
63 83 52 
66 78 47 36 
93 10 61 
15 45 62 
33 25 76 
52 37 
59 92 
82 24 
36 2 12 
24 11 
46 6 18 
87 30 
86 70 60 
37 5 
32 7 
12 17 84 
80 54 
77 
61 55 
65 98 
54 3 
9 85 
92 26 
30 41 
38 
11 73 
26 28 
76 
88 49 
5 57 
18 67 
73 27 
53 
60 
7 
62 20 
23 
41 
44 
98 94 
25 
28 95 
3 
89 
83 8 
84 
49 
27 
20 
47 
51 
97 
21 
17 
6 79 
90 
43 13 
94 
57 
99 
10 
8 
67 
95 
31 39 
13 
55 
68 
35 
78 
79 
45 
70 
85 
2 
69 
39 
# clone tree 40 objective: 2.70671
0 23 46 59 40 56 
56 74 
74 99 97 44 88 42 14 
29 75 
14 29 
42 82 34 
75 77 71 
71 9 91 
16 39 21 48 
34 35 16 
91 89 93 64 
19 81 
48 65 19 
96 13 32 66 72 
81 2 96 
64 86 4 50 
72 87 58 
50 10 1 
1 22 
40 51 38 15 
58 31 63 
22 53 33 
4 43 90 80 
63 83 52 
66 78 47 36 
93 45 61 
15 62 
33 25 76 
52 37 
59 92 
82 24 
36 12 
24 11 
46 6 18 
87 30 
86 79 60 
37 5 
32 7 
12 17 84 
80 54 
77 
61 
65 98 
54 69 3 
9 85 
92 26 
30 41 
38 
11 73 
26 28 
76 55 
88 49 
5 57 
18 67 
73 27 
53 
60 
7 
62 20 
23 
41 
44 
98 94 
25 70 
28 95 
3 
89 68 
83 8 
84 
49 
27 
20 
47 
51 
97 
21 
17 
6 
90 
43 
94 
57 
99 
10 
8 
67 
95 
31 
13 
55 
68 
35 
78 
79 
45 
70 
85 
2 
69 
39 
# clone tree 41 objective: 2.70671
0 23 46 59 40 56 
56 74 
74 99 97 44 88 42 14 
29 75 
14 29 
42 82 34 
75 77 71 
71 9 91 
16 21 48 
34 45 16 
91 79 89 93 64 
19 81 
48 65 19 
96 13 32 66 72 
81 96 
64 86 4 50 
72 87 58 
50 10 1 
1 22 
40 51 38 15 
58 31 63 
22 70 53 33 
4 69 43 90 80 
63 83 52 
66 78 47 36 
93 61 
15 62 
33 25 76 
52 37 
59 39 92 
82 24 
36 12 
24 11 
46 6 18 
87 30 
86 60 
37 5 
32 7 
12 17 84 
80 54 
77 
61 
65 98 
54 3 
9 85 
92 26 
30 41 
38 
11 73 
26 28 
76 55 
88 49 
5 57 
18 67 
73 27 
53 
60 
7 
62 35 20 
23 
41 
44 
98 94 
25 
28 95 
3 
89 68 
83 8 
84 
49 
27 
20 
47 
51 
97 
21 
17 2 
6 
90 
43 
94 
57 
99 
10 
8 
67 
95 
31 
13 
55 
68 
35 
78 
79 
45 
70 
85 
2 
69 
39 
# clone tree 42 objective: 2.70671
0 23 46 59 40 56 
56 74 
74 99 97 44 88 42 14 
29 75 
14 29 
42 82 34 
75 77 71 
71 9 91 
16 21 48 
34 45 35 16 
91 89 93 64 
19 81 
48 65 19 
96 85 32 66 72 
81 96 
64 68 86 4 50 
72 87 58 
50 1 
1 22 
40 51 38 15 
58 31 63 
22 53 33 
4 43 90 80 
63 83 52 
66 78 47 36 
93 10 61 
15 62 
33 25 76 
52 37 
59 92 
82 2 24 
36 12 
24 11 
46 6 18 
87 30 
86 70 60 
37 5 
32 7 
12 17 84 
80 54 
77 
61 55 
65 98 
54 3 
9 
92 26 
30 41 
38 
11 73 
26 28 
76 
88 49 
5 57 
18 67 
73 27 
53 
60 
7 
62 39 20 
23 69 
41 
44 
98 94 
25 
28 95 
3 
89 
83 8 
84 
49 
27 
20 
47 
51 
97 
21 
17 
6 79 
90 
43 13 
94 
57 
99 
10 
8 
67 
95 
31 
13 
55 
68 
35 
78 
79 
45 
70 
85 
2 
69 
39 
# clone tree 43 objective: 2.70671
0 23 46 59 40 56 
56 74 
74 99 97 44 88 42 14 
29 75 
14 29 
42 82 34 
75 77 71 
71 9 91 
16 39 21 48 
34 35 16 
91 89 93 64 
19 81 
48 65 19 
96 13 32 66 72 
81 45 96 
64 86 4 50 
72 87 58 
50 10 1 
1 68 22 
40 51 38 15 
58 31 63 
22 70 53 33 
4 43 90 80 
63 83 52 
66 78 47 36 
93 61 
15 62 
33 25 76 
52 37 
59 92 
82 24 
36 2 12 
24 11 
46 6 18 
87 30 
86 79 60 
37 5 
32 7 
12 17 84 
80 54 
77 
61 
65 98 
54 3 
9 85 
92 26 
30 41 
38 
11 73 
26 28 
76 55 
88 49 
5 57 
18 67 
73 27 
53 
60 
7 
62 20 
23 
41 
44 
98 94 
25 
28 95 
3 
89 
83 8 
84 
49 
27 
20 
47 
51 
97 
21 
17 
6 
90 
43 
94 69 
57 
99 
10 
8 
67 
95 
31 
13 
55 
68 
35 
78 
79 
45 
70 
85 
2 
69 
39 
# clone tree 44 objective: 2.70671
0 23 46 59 40 56 
56 74 
74 99 97 44 88 42 14 
29 75 
14 29 
42 82 34 
75 77 71 
71 9 91 
16 21 48 
34 35 16 
91 89 93 64 
19 81 
48 65 19 
96 32 66 72 
81 96 
64 68 86 4 50 
72 87 58 
50 1 
1 22 
40 51 38 15 
58 31 63 
22 70 53 33 
4 43 90 80 
63 83 52 
66 78 47 36 
93 10 61 
15 62 
33 25 76 
52 37 
59 92 
82 24 
36 12 
24 11 
46 6 18 
87 30 
86 60 
37 69 5 
32 7 
12 17 84 
80 54 
77 
61 55 
65 98 
54 3 
9 85 
92 26 
30 41 
38 
11 73 
26 28 
76 
88 49 
5 57 
18 67 
73 27 
53 
60 2 
7 
62 20 
23 
41 
44 
98 94 
25 
28 95 
3 
89 45 
83 8 
84 
49 
27 
20 
47 
51 
97 
21 
17 
6 79 
90 
43 13 
94 
57 
99 
10 
8 
67 
95 
31 
13 
55 39 
68 
35 
78 
79 
45 
70 
85 
2 
69 
39 
# clone tree 45 objective: 2.70671
0 23 46 59 40 56 
56 74 
74 99 97 44 88 42 14 
29 75 
14 29 
42 82 34 
75 77 71 
71 9 91 
16 21 48 
34 35 16 
91 89 93 64 
19 81 
48 65 19 
96 13 32 66 72 
81 45 96 
64 86 4 50 
72 87 58 
50 10 1 
1 68 22 
40 51 38 15 
58 31 63 
22 70 53 33 
4 43 90 80 
63 83 52 
66 78 47 36 
93 61 
15 62 
33 25 76 
52 37 
59 92 
82 24 
36 2 12 
24 11 
46 6 18 
87 30 
86 79 60 
37 5 
32 7 
12 17 84 
80 54 
77 
61 
65 98 
54 3 
9 85 
92 26 
30 41 
38 
11 73 
26 28 
76 55 
88 49 
5 57 
18 67 
73 27 
53 
60 
7 
62 20 
23 
41 
44 
98 94 
25 
28 95 
3 
89 
83 8 
84 
49 
27 
20 
47 
51 
97 69 
21 
17 
6 
90 
43 
94 
57 
99 
10 
8 
67 
95 
31 
13 
55 
68 39 
35 
78 
79 
45 
70 
85 
2 
69 
39 
# clone tree 46 objective: 2.70671
0 23 46 59 40 56 
56 74 
74 99 97 44 88 42 14 
29 75 
14 29 
42 82 34 
75 77 71 
71 9 91 
16 21 48 
34 45 13 16 
91 79 89 93 64 
19 81 
48 65 19 
96 32 66 72 
81 96 
64 86 4 50 
72 87 58 
50 1 
1 22 
40 51 38 15 
58 31 63 
22 53 33 
4 43 90 80 
63 83 52 
66 78 47 36 
93 10 61 
15 62 
33 25 76 
52 37 
59 92 
82 24 
36 12 
24 11 
46 6 18 
87 30 
86 60 
37 5 
32 70 7 
12 17 84 
80 54 
77 
61 
65 98 
54 3 
9 85 
92 26 
30 41 
38 
11 39 73 
26 28 
76 55 
88 49 
5 57 
18 67 
73 27 
53 
60 
7 
62 35 20 
23 
41 
44 
98 94 
25 
28 95 
3 
89 68 
83 8 
84 69 
49 
27 
20 
47 
51 2 
97 
21 
17 
6 
90 
43 
94 
57 
99 
10 
8 
67 
95 
31 
13 
55 
68 
35 
78 
79 
45 
70 
85 
2 
69 
39 
# clone tree 47 objective: 2.70671
0 23 46 59 40 56 
56 2 74 
74 99 97 44 88 42 14 
29 45 75 
14 29 
42 82 34 
75 77 71 
71 9 91 
16 21 48 
34 13 16 
91 79 89 93 64 
19 81 
48 65 19 
96 32 66 72 
81 96 
64 86 4 50 
72 87 58 
50 1 
1 22 
40 51 38 15 
58 31 63 
22 53 33 
4 43 90 80 
63 70 83 52 
66 78 47 36 
93 10 61 
15 62 
33 25 76 
52 37 
59 92 
82 24 
36 12 
24 11 
46 6 18 
87 30 
86 60 
37 5 
32 7 
12 17 84 
80 54 
77 
61 
65 98 
54 39 3 
9 85 
92 26 
30 41 
38 
11 73 
26 28 
76 55 
88 49 
5 57 
18 67 
73 27 
53 
60 
7 
62 35 20 
23 
41 
44 
98 94 
25 
28 95 
3 
89 68 
83 8 
84 
49 
27 
20 
47 
51 
97 69 
21 
17 
6 
90 
43 
94 
57 
99 
10 
8 
67 
95 
31 
13 
55 
68 
35 
78 
79 
45 
70 
85 
2 
69 
39 
# clone tree 48 objective: 2.70671
0 23 46 59 40 56 
56 74 
74 99 97 44 88 42 14 
29 75 
14 29 
42 82 34 
75 77 71 
71 9 91 
16 69 21 48 
34 45 13 16 
91 79 89 93 64 
19 81 
48 65 19 
96 32 66 72 
81 96 
64 86 4 50 
72 87 58 
50 1 
1 22 
40 51 38 15 
58 31 63 
22 53 33 
4 43 90 80 
63 83 52 
66 78 47 36 
93 10 61 
15 62 
33 25 76 
52 37 
59 92 
82 24 
36 12 
24 11 
46 6 18 
87 2 30 
86 60 
37 5 
32 7 
12 17 84 
80 54 
77 
61 
65 98 
54 3 
9 85 
92 26 
30 41 
38 
11 73 
26 28 
76 55 
88 49 
5 57 
18 67 
73 27 
53 
60 
7 
62 35 20 
23 
41 
44 
98 94 
25 70 
28 95 
3 
89 68 
83 8 
84 
49 
27 
20 
47 
51 
97 
21 
17 
6 
90 
43 
94 
57 
99 
10 
8 
67 
95 
31 
13 
55 39 
68 
35 
78 
79 
45 
70 
85 
2 
69 
39 
# clone tree 49 objective: 2.70671
0 23 46 59 40 56 
56 74 
74 99 97 44 88 42 14 
29 75 
14 29 
42 82 34 
75 77 71 
71 9 91 
16 21 48 
34 45 13 16 
91 79 89 93 64 
19 81 
48 65 19 
96 32 66 72 
81 96 
64 86 4 50 
72 87 58 
50 1 
1 22 
40 51 38 15 
58 31 63 
22 53 33 
4 43 90 80 
63 83 52 
66 78 47 36 
93 10 61 
15 62 
33 25 76 
52 37 
59 92 
82 24 
36 12 
24 39 11 
46 6 18 
87 30 
86 60 
37 69 5 
32 70 7 
12 17 84 
80 54 
77 
61 
65 98 
54 3 
9 85 
92 26 
30 41 
38 
11 73 
26 28 
76 55 
88 49 
5 57 
18 67 
73 27 
53 
60 
7 
62 35 20 
23 
41 
44 
98 94 
25 
28 95 
3 
89 68 
83 8 
84 
49 
27 
20 
47 
51 2 
97 
21 
17 
6 
90 
43 
94 
57 
99 
10 
8 
67 
95 
31 
13 
55 
68 
35 
78 
79 
45 
70 
85 
2 
69 
39 
# clone tree 50 objective: 2.70671
0 23 46 59 40 56 
56 74 
74 99 97 44 88 42 14 
29 75 
14 29 
42 82 34 
75 77 71 
71 9 91 
16 21 48 
34 45 35 16 
91 89 93 64 
19 81 
48 65 19 
96 32 66 72 
81 96 
64 68 86 4 50 
72 87 58 
50 1 
1 22 
40 51 38 15 
58 31 63 
22 53 33 
4 43 90 80 
63 83 52 
66 2 78 47 36 
93 10 61 
15 39 62 
33 25 76 
52 37 
59 92 
82 24 
36 12 
24 11 
46 6 18 
87 30 
86 70 60 
37 5 
32 7 
12 17 84 
80 54 
77 
61 55 
65 98 
54 69 3 
9 85 
92 26 
30 41 
38 
11 73 
26 28 
76 
88 49 
5 57 
18 67 
73 27 
53 
60 
7 
62 20 
23 
41 
44 
98 94 
25 
28 95 
3 
89 
83 8 
84 
49 
27 
20 
47 
51 
97 
21 
17 
6 79 
90 
43 13 
94 
57 
99 
10 
8 
67 
95 
31 
13 
55 
68 
35 
78 
79 
45 
70 
85 
2 
69 
39 
# clone tree 51 objective: 2.70671
0 23 46 59 40 56 
56 2 74 
74 99 97 44 88 42 14 
29 75 
14 29 
42 82 34 
75 77 71 
71 9 91 
16 21 48 
34 13 16 
91 89 93 64 
19 81 
48 65 19 
96 32 66 72 
81 96 
64 86 4 50 
72 87 58 
50 1 
1 22 
40 51 38 15 
58 31 63 
22 53 33 
4 43 90 80 
63 69 83 52 
66 78 47 36 
93 61 
15 45 62 
33 25 76 
52 37 
59 55 92 
82 24 
36 12 
24 11 
46 6 18 
87 30 
86 79 60 
37 5 
32 7 
12 17 84 
80 54 
77 
61 
65 98 
54 3 
9 85 
92 26 
30 41 
38 
11 73 
26 28 
76 35 
88 49 
5 57 
18 67 
73 27 
53 
60 
7 
62 20 
23 
41 10 
44 
98 94 
25 
28 95 
3 
89 68 
83 8 
84 
49 70 
27 
20 
47 
51 
97 
21 
17 
6 
90 
43 
94 
57 
99 
10 39 
8 
67 
95 
31 
13 
55 
68 
35 
78 
79 
45 
70 
85 
2 
69 
39 
# clone tree 52 objective: 2.70671
0 23 46 59 40 56 
56 74 
74 99 97 44 88 42 14 
29 2 45 75 
14 29 
42 82 34 
75 77 71 
71 9 91 
16 21 48 
34 13 16 
91 89 93 64 
19 39 81 
48 65 19 
96 32 66 72 
81 96 
64 86 4 50 
72 87 58 
50 10 1 
1 68 22 
40 51 38 15 
58 63 
22 70 53 33 
4 43 90 80 
63 69 83 52 
66 78 47 36 
93 61 
15 62 
33 25 76 
52 37 
59 55 92 
82 24 
36 12 
24 11 
46 6 18 
87 30 
86 60 
37 5 
32 67 7 
12 17 84 
80 54 
77 
61 
65 98 
54 3 
9 85 
92 26 
30 41 
38 79 
11 73 
26 28 
76 35 
88 49 
5 57 
18 
73 27 
53 
60 
7 
62 20 
23 
41 
44 
98 94 
25 31 
28 95 
3 
89 
83 8 
84 
49 
27 
20 
47 
51 
97 
21 
17 
6 
90 
43 
94 
57 
99 
10 
8 
67 
95 
31 
13 
55 
68 
35 
78 
79 
45 
70 
85 
2 
69 
39 
# clone tree 53 objective: 2.70671
0 23 46 59 40 56 
56 74 
74 99 97 44 88 42 14 
29 75 
14 29 
42 2 82 34 
75 77 71 
71 9 91 
16 21 48 
34 45 16 
91 79 89 93 64 
19 81 
48 65 19 
96 13 32 66 72 
81 96 
64 86 4 50 
72 87 58 
50 10 1 
1 22 
40 51 38 15 
58 39 31 63 
22 70 53 33 
4 43 90 80 
63 83 52 
66 78 47 36 
93 61 
15 62 
33 25 76 
52 37 
59 92 
82 24 
36 12 
24 11 
46 6 18 
87 30 
86 60 
37 5 
32 7 
12 17 84 
80 54 
77 
61 
65 98 
54 3 
9 85 
92 26 
30 41 
38 
11 73 
26 28 
76 55 
88 49 
5 57 
18 67 
73 27 
53 
60 
7 
62 35 20 
23 
41 
44 
98 94 
25 
28 95 
3 
89 68 
83 8 
84 69 
49 
27 
20 
47 
51 
97 
21 
17 
6 
90 
43 
94 
57 
99 
10 
8 
67 
95 
31 
13 
55 
68 
35 
78 
79 
45 
70 
85 
2 
69 
39 
# clone tree 54 objective: 2.70671
0 23 46 59 40 56 
56 74 
74 99 97 44 88 42 14 
29 75 
14 29 
42 82 34 
75 69 77 71 
71 9 91 
16 21 48 
34 35 16 
91 89 93 64 
19 81 
48 65 19 
96 32 66 72 
81 96 
64 68 86 4 50 
72 87 58 
50 1 
1 22 
40 51 38 15 
58 31 63 
22 53 33 
4 43 90 80 
63 83 52 
66 78 47 36 
93 10 61 
15 45 62 
33 25 76 
52 37 
59 92 
82 24 
36 2 12 
24 11 
46 6 18 
87 30 
86 70 60 
37 5 
32 7 
12 17 84 
80 54 
77 
61 55 
65 98 
54 3 
9 85 
92 26 
30 41 
38 
11 73 
26 28 
76 
88 49 
5 57 
18 67 
73 27 
53 
60 
7 
62 20 
23 
41 
44 
98 94 
25 
28 95 
3 
89 
83 8 
84 
49 
27 
20 
47 
51 
97 
21 
17 
6 79 
90 
43 13 
94 
57 
99 
10 
8 
67 39 
95 
31 
13 
55 
68 
35 
78 
79 
45 
70 
85 
2 
69 
39 
# clone tree 55 objective: 2.70671
0 23 46 59 40 56 
56 74 
74 99 97 44 88 42 14 
29 2 45 75 
14 29 
42 82 34 
75 77 71 
71 9 91 
16 21 48 
34 13 16 
91 89 93 64 
19 81 
48 65 19 
96 32 66 72 
81 96 
64 86 4 50 
72 87 58 
50 10 1 
1 68 22 
40 51 38 15 
58 63 
22 70 53 33 
4 69 43 90 80 
63 83 52 
66 78 47 36 
93 61 
15 62 
33 25 76 
52 37 
59 55 92 
82 24 
36 12 
24 11 
46 6 18 
87 30 
86 60 
37 5 
32 39 67 7 
12 17 84 
80 54 
77 
61 
65 98 
54 3 
9 85 
92 26 
30 41 
38 79 
11 73 
26 28 
76 35 
88 49 
5 57 
18 
73 27 
53 
60 
7 
62 20 
23 
41 
44 
98 94 
25 31 
28 95 
3 
89 
83 8 
84 
49 
27 
20 
47 
51 
97 
21 
17 
6 
90 
43 
94 
57 
99 
10 
8 
67 
95 
31 
13 
55 
68 
35 
78 
79 
45 
70 
85 
2 
69 
39 
# clone tree 56 objective: 2.70671
0 23 46 59 40 56 
56 74 
74 99 97 44 88 42 14 
29 75 
14 29 
42 82 34 
75 77 71 
71 9 91 
16 21 48 
34 35 16 
91 89 93 64 
19 81 
48 65 19 
96 13 32 66 72 
81 45 96 
64 86 4 50 
72 87 58 
50 10 1 
1 68 22 
40 51 38 15 
58 31 63 
22 70 53 33 
4 43 90 80 
63 83 52 
66 78 47 36 
93 61 
15 2 62 
33 25 76 
52 37 
59 92 
82 24 
36 12 
24 11 
46 6 18 
87 30 
86 79 60 
37 5 
32 7 
12 17 84 
80 54 
77 
61 
65 98 
54 3 
9 85 
92 26 
30 41 
38 
11 73 
26 28 
76 55 
88 49 
5 57 
18 67 
73 27 
53 
60 
7 
62 20 
23 
41 
44 
98 94 
25 
28 95 
3 
89 
83 8 
84 
49 
27 
20 
47 
51 39 
97 69 
21 
17 
6 
90 
43 
94 
57 
99 
10 
8 
67 
95 
31 
13 
55 
68 
35 
78 
79 
45 
70 
85 
2 
69 
39 
# clone tree 57 objective: 2.70671
0 23 46 59 40 56 
56 74 
74 99 97 44 88 42 14 
29 45 75 
14 29 
42 82 34 
75 77 71 
71 9 91 
16 21 48 
34 13 16 
91 89 93 64 
19 81 
48 65 19 
96 85 32 66 72 
81 96 
64 86 4 50 
72 87 58 
50 10 1 
1 68 22 
40 51 38 15 
58 63 
22 70 53 33 
4 43 90 80 
63 83 52 
66 78 47 36 
93 61 
15 2 62 
33 25 76 
52 37 
59 55 92 
82 24 
36 12 
24 11 
46 6 18 
87 30 
86 60 
37 5 
32 67 7 
12 17 84 
80 54 
77 
61 
65 39 98 
54 3 
9 
92 26 
30 41 
38 79 
11 73 
26 28 
76 35 
88 49 
5 57 
18 
73 27 
53 
60 
7 
62 20 
23 
41 
44 
98 94 
25 31 
28 95 
3 
89 
83 8 
84 69 
49 
27 
20 
47 
51 
97 
21 
17 
6 
90 
43 
94 
57 
99 
10 
8 
67 
95 
31 
13 
55 
68 
35 
78 
79 
45 
70 
85 
2 
69 
39 
# clone tree 58 objective: 2.70671
0 23 46 59 40 56 
56 74 
74 99 97 44 88 42 14 
29 75 
14 29 
42 82 34 
75 77 71 
71 9 91 
16 21 48 
34 45 13 16 
91 79 89 93 64 
19 81 
48 65 19 
96 32 66 72 
81 96 
64 86 4 50 
72 87 58 
50 1 
1 22 
40 51 38 15 
58 31 63 
22 53 33 
4 43 90 80 
63 83 52 
66 78 47 36 
93 10 61 
15 62 
33 25 76 
52 37 
59 92 
82 24 
36 12 
24 11 
46 6 18 
87 30 
86 60 
37 69 5 
32 70 7 
12 17 84 
80 54 
77 
61 
65 98 
54 3 
9 85 
92 26 
30 41 
38 
11 73 
26 28 
76 55 
88 49 
5 57 
18 67 
73 27 
53 
60 
7 
62 35 20 
23 
41 
44 
98 94 
25 
28 95 
3 
89 68 
83 8 
84 
49 39 
27 
20 
47 
51 2 
97 
21 
17 
6 
90 
43 
94 
57 
99 
10 
8 
67 
95 
31 
13 
55 
68 
35 
78 
79 
45 
70 
85 
2 
69 
39 
# clone tree 59 objective: 2.70671
0 23 46 59 40 56 
56 74 
74 99 97 44 88 42 14 
29 75 
14 79 29 
42 82 34 
75 77 71 
71 9 91 
16 21 48 
34 35 16 
91 89 93 64 
19 81 
48 65 19 
96 13 32 66 72 
81 96 
64 86 4 50 
72 87 58 
50 1 
1 22 
40 51 38 15 
58 31 63 
22 70 53 33 
4 43 90 80 
63 67 83 52 
66 78 47 36 
93 39 61 
15 45 62 
33 25 76 
52 37 
59 55 92 
82 24 
36 12 
24 11 
46 6 18 
87 30 
86 2 60 
37 5 
32 7 
12 17 84 
80 54 
77 
61 
65 98 
54 3 
9 85 
92 26 
30 41 
38 
11 73 
26 28 
76 
88 49 
5 57 
18 
73 27 
53 
60 
7 
62 20 
23 
41 10 
44 
98 94 
25 
28 95 
3 
89 68 
83 8 
84 
49 
27 
20 
47 
51 
97 69 
21 
17 
6 
90 
43 
94 
57 
99 
10 
8 
67 
95 
31 
13 
55 
68 
35 
78 
79 
45 
70 
85 
2 
69 
39 
# clone tree 60 objective: 2.70671
0 23 46 59 40 56 
56 74 
74 99 97 44 88 42 14 
29 75 
14 29 
42 82 34 
75 77 71 
71 9 91 
16 21 48 
34 35 16 
91 89 93 64 
19 81 
48 65 19 
96 13 32 66 72 
81 45 96 
64 39 86 4 50 
72 87 58 
50 10 1 
1 68 22 
40 51 38 15 
58 31 63 
22 70 53 33 
4 43 90 80 
63 83 52 
66 78 47 36 
93 61 
15 62 
33 25 76 
52 37 
59 92 
82 24 
36 2 12 
24 11 
46 6 18 
87 30 
86 79 60 
37 5 
32 7 
12 17 84 
80 54 
77 
61 
65 98 
54 3 
9 85 
92 26 
30 41 
38 
11 73 
26 28 
76 55 
88 49 
5 57 
18 67 
73 27 
53 
60 
7 
62 20 
23 
41 
44 
98 94 
25 
28 95 
3 
89 
83 8 
84 
49 
27 
20 
47 
51 
97 69 
21 
17 
6 
90 
43 
94 
57 
99 
10 
8 
67 
95 
31 
13 
55 
68 
35 
78 
79 
45 
70 
85 
2 
69 
39 
# clone tree 61 objective: 2.70671
0 23 46 59 40 56 
56 74 
74 99 97 44 88 42 14 
29 75 
14 29 
42 82 34 
75 77 71 
71 9 91 
16 21 48 
34 16 
91 89 93 64 
19 81 
48 65 19 
96 13 32 66 72 
81 96 
64 86 4 50 
72 87 58 
50 1 
1 22 
40 51 38 15 
58 45 63 
22 53 33 
4 43 90 80 
63 83 52 
66 78 47 36 
93 10 61 
15 62 
33 25 76 
52 37 
59 92 
82 24 
36 12 
24 11 
46 6 18 
87 30 
86 60 
37 5 
32 7 
12 17 84 
80 54 
77 
61 55 
65 98 
54 3 
9 85 
92 26 
30 41 
38 79 
11 73 
26 28 
76 
88 49 
5 57 
18 67 
73 27 
53 
60 
7 
62 35 20 
23 
41 
44 31 
98 94 
25 70 
28 95 
3 
89 68 
83 8 
84 69 
49 
27 
20 
47 
51 2 
97 
21 39 
17 
6 
90 
43 
94 
57 
99 
10 
8 
67 
95 
31 
13 
55 
68 
35 
78 
79 
45 
70 
85 
2 
69 
39 
# clone tree 62 objective: 2.70671
0 23 46 59 40 56 
56 74 
74 99 97 44 88 42 14 
29 75 
14 29 
42 82 34 
75 77 71 
71 9 91 
16 21 48 
34 35 16 
91 79 89 93 64 
19 81 
48 65 19 
96 13 32 66 72 
81 96 
64 86 4 50 
72 87 58 
50 10 1 
1 22 
40 51 38 15 
58 45 31 63 
22 53 33 
4 43 90 80 
63 70 83 52 
66 78 47 36 
93 61 
15 62 
33 25 76 
52 37 
59 2 92 
82 24 
36 12 
24 11 
46 6 18 
87 30 
86 60 
37 69 5 
32 7 
12 17 84 
80 54 
77 
61 
65 98 
54 3 
9 85 
92 26 
30 41 
38 
11 73 
26 28 
76 55 
88 49 
5 57 
18 67 
73 27 
53 
60 
7 
62 20 
23 
41 
44 
98 94 
25 
28 95 
3 39 
89 68 
83 8 
84 
49 
27 
20 
47 
51 
97 
21 
17 
6 
90 
43 
94 
57 
99 
10 
8 
67 
95 
31 
13 
55 
68 
35 
78 
79 
45 
70 
85 
2 
69 
39 
# clone tree 63 objective: 2.70671
0 23 46 59 40 56 
56 74 
74 99 97 44 88 42 14 
29 75 
14 29 
42 82 34 
75 77 71 
71 9 91 
16 21 48 
34 45 35 16 
91 89 93 64 
19 81 
48 65 19 
96 85 32 66 72 
81 96 
64 68 86 4 50 
72 87 58 
50 1 
1 22 
40 51 38 15 
58 31 63 
22 53 33 
4 43 90 80 
63 83 52 
66 78 47 36 
93 10 61 
15 62 
33 25 76 
52 37 
59 92 
82 2 24 
36 12 
24 11 
46 6 18 
87 30 
86 70 60 
37 5 
32 7 
12 17 84 
80 54 
77 
61 55 
65 98 
54 3 
9 
92 26 
30 41 
38 
11 73 
26 28 
76 
88 49 
5 57 
18 67 
73 27 
53 
60 
7 
62 20 
23 69 
41 
44 
98 94 
25 
28 95 
3 
89 
83 8 
84 
49 
27 
20 
47 
51 
97 
21 
17 
6 79 
90 39 
43 13 
94 
57 
99 
10 
8 
67 
95 
31 
13 
55 
68 
35 
78 
79 
45 
70 
85 
2 
69 
39 
# clone tree 64 objective: 2.70671
0 23 46 59 40 56 
56 2 74 
74 99 97 44 88 42 14 
29 45 75 
14 29 
42 82 34 
75 77 71 
71 9 91 
16 21 48 
34 16 
91 89 93 64 
19 81 
48 65 19 
96 13 32 66 72 
81 96 
64 86 4 50 
72 87 58 
50 1 
1 22 
40 51 38 15 
58 31 63 
22 53 33 
4 43 90 80 
63 67 83 52 
66 39 78 47 36 
93 61 
15 62 
33 25 76 
52 37 
59 55 92 
82 24 
36 12 
24 11 
46 6 18 
87 30 
86 79 60 
37 5 
32 7 
12 17 84 
80 54 
77 
61 
65 98 
54 3 
9 85 
92 26 
30 41 
38 
11 73 
26 28 
76 
88 49 
5 57 
18 70 
73 27 
53 
60 
7 
62 35 20 
23 
41 10 
44 
98 94 
25 
28 95 
3 
89 68 
83 8 
84 69 
49 
27 
20 
47 
51 
97 
21 
17 
6 
90 
43 
94 
57 
99 
10 
8 
67 
95 
31 
13 
55 
68 
35 
78 
79 
45 
70 
85 
2 
69 
39 
# clone tree 65 objective: 2.70671
0 23 46 59 40 56 
56 74 
74 99 97 44 88 42 14 
29 75 
14 29 
42 82 34 
75 77 71 
71 9 91 
16 21 48 
34 16 
91 89 93 64 
19 81 
48 65 19 
96 85 32 66 72 
81 96 
64 68 86 4 50 
72 87 58 
50 10 1 
1 22 
40 51 38 15 
58 31 63 
22 53 33 
4 43 90 80 
63 69 67 83 52 
66 78 47 36 
93 45 61 
15 62 
33 25 76 
52 37 
59 55 92 
82 24 
36 12 
24 11 
46 6 18 
87 30 
86 79 60 
37 5 
32 7 
12 17 84 
80 54 
77 
61 
65 98 
54 3 
9 
92 26 
30 39 41 
38 
11 73 
26 28 
76 
88 49 
5 57 
18 70 
73 27 
53 
60 
7 
62 35 20 
23 
41 
44 
98 94 
25 
28 95 
3 
89 
83 8 
84 
49 
27 
20 
47 
51 2 
97 
21 
17 
6 
90 
43 13 
94 
57 
99 
10 
8 
67 
95 
31 
13 
55 
68 
35 
78 
79 
45 
70 
85 
2 
69 
39 
# clone tree 66 objective: 2.70671
0 23 46 59 40 56 
56 74 
74 99 97 44 88 42 14 
29 75 
14 29 
42 82 34 
75 77 71 
71 9 91 
16 21 48 
34 16 
91 79 89 93 64 
19 81 
48 65 19 
96 85 32 66 72 
81 96 
64 68 86 4 50 
72 87 58 
50 10 1 
1 22 
40 51 38 15 
58 31 63 
22 53 33 
4 43 90 80 
63 67 83 52 
66 78 47 36 
93 61 
15 62 
33 25 76 
52 37 
59 55 92 
82 2 24 
36 12 
24 11 
46 6 18 
87 39 30 
86 60 
37 5 
32 70 7 
12 17 84 
80 54 
77 
61 
65 98 
54 3 
9 
92 26 
30 41 
38 
11 73 
26 28 
76 
88 49 
5 57 
18 
73 27 
53 
60 
7 
62 35 20 
23 
41 
44 
98 94 
25 
28 95 
3 
89 45 
83 8 
84 
49 
27 
20 
47 
51 
97 
21 
17 
6 
90 69 
43 13 
94 
57 
99 
10 
8 
67 
95 
31 
13 
55 
68 
35 
78 
79 
45 
70 
85 
2 
69 
39 
# clone tree 67 objective: 2.70671
0 23 46 59 40 56 
56 74 
74 99 97 44 88 42 14 
29 75 
14 29 
42 82 34 
75 77 71 
71 9 91 
16 21 48 
34 45 16 
91 79 89 93 64 
19 81 
48 65 19 
96 13 32 66 72 
81 96 
64 86 4 50 
72 87 58 
50 10 1 
1 22 
40 51 38 15 
58 31 63 
22 70 53 33 
4 43 90 80 
63 83 52 
66 78 47 36 
93 61 
15 62 
33 25 76 
52 37 
59 2 92 
82 24 
36 12 
24 11 
46 6 18 
87 30 
86 60 
37 5 
32 7 
12 17 84 
80 54 
77 
61 
65 98 
54 3 
9 85 
92 26 
30 41 
38 
11 73 
26 28 
76 55 
88 49 
5 57 
18 67 
73 27 
53 
60 
7 
62 35 20 
23 
41 
44 
98 94 
25 
28 95 
3 
89 68 
83 8 
84 
49 
27 
20 
47 
51 
97 
21 
17 
6 
90 
43 
94 69 
57 
99 
10 
8 
67 
95 
31 
13 
55 
68 
35 
78 
79 
45 39 
70 
85 
2 
69 
39 
# clone tree 68 objective: 2.70671
0 23 46 59 40 56 
56 74 
74 99 97 44 88 42 14 
29 75 
14 29 
42 82 34 
75 77 71 
71 9 91 
16 21 48 
34 16 
91 89 93 64 
19 81 
48 65 19 
96 85 32 66 72 
81 96 
64 68 86 4 50 
72 87 58 
50 10 1 
1 22 
40 51 38 15 
58 45 31 63 
22 70 53 33 
4 43 90 80 
63 67 83 52 
66 78 47 36 
93 61 
15 62 
33 25 76 
52 37 
59 2 55 92 
82 24 
36 12 
24 11 
46 6 18 
87 30 
86 79 60 
37 5 
32 7 
12 17 84 
80 54 
77 
61 
65 98 
54 3 
9 
92 26 
30 41 
38 
11 73 
26 28 
76 
88 49 
5 57 
18 
73 27 
53 
60 
7 
62 35 20 
23 
41 
44 
98 94 
25 
28 95 
3 
89 
83 8 
84 
49 
27 
20 
47 
51 
97 
21 
17 
6 
90 
43 13 
94 69 
57 
99 
10 
8 
67 
95 
31 39 
13 
55 
68 
35 
78 
79 
45 
70 
85 
2 
69 
39 
# clone tree 69 objective: 2.70671
0 23 46 59 40 56 
56 74 
74 99 97 44 88 42 14 
29 75 
14 29 
42 82 34 
75 77 71 
71 9 91 
16 21 48 
34 16 
91 79 89 93 64 
19 81 
48 65 19 
96 13 32 66 72 
81 96 
64 86 4 50 
72 87 58 
50 10 1 
1 22 
40 51 38 15 
58 31 63 
22 53 33 
4 43 90 80 
63 70 83 52 
66 78 47 36 
93 45 61 
15 62 
33 25 76 
52 37 
59 92 
82 24 
36 12 
24 11 
46 6 18 
87 30 
86 2 60 
37 69 5 
32 7 
12 17 84 
80 54 
77 
61 
65 98 
54 3 
9 85 
92 26 
30 41 
38 
11 73 
26 28 
76 55 
88 49 
5 57 
18 67 
73 27 
53 
60 
7 
62 35 20 
23 
41 
44 
98 94 
25 
28 95 
3 
89 68 
83 8 
84 
49 
27 
20 
47 
51 
97 
21 
17 
6 
90 
43 
94 
57 
99 
10 
8 
67 
95 
31 
13 
55 
68 39 
35 
78 
79 
45 
70 
85 
2 
69 
39 
# clone tree 70 objective: 2.70671
0 23 46 59 40 56 
56 74 
74 99 97 44 88 42 14 
29 75 
14 29 
42 82 34 
75 77 71 
71 9 91 
16 69 21 48 
34 35 16 
91 89 93 64 
19 81 
48 65 19 
96 13 32 66 72 
81 45 96 
64 86 4 50 
72 87 58 
50 10 1 
1 68 22 
40 51 38 15 
58 31 63 
22 70 53 33 
4 43 90 80 
63 83 52 
66 78 47 36 
93 61 
15 2 62 
33 25 76 
52 37 
59 92 
82 24 
36 39 12 
24 11 
46 6 18 
87 30 
86 79 60 
37 5 
32 7 
12 17 84 
80 54 
77 
61 
65 98 
54 3 
9 85 
92 26 
30 41 
38 
11 73 
26 28 
76 55 
88 49 
5 57 
18 67 
73 27 
53 
60 
7 
62 20 
23 
41 
44 
98 94 
25 
28 95 
3 
89 
83 8 
84 
49 
27 
20 
47 
51 
97 
21 
17 
6 
90 
43 
94 
57 
99 
10 
8 
67 
95 
31 
13 
55 
68 
35 
78 
79 
45 
70 
85 
2 
69 
39 
# clone tree 71 objective: 2.70671
0 23 46 59 40 56 
56 74 
74 99 97 44 88 42 14 
29 2 75 
14 29 
42 82 34 
75 77 71 
71 9 91 
16 21 48 
34 45 16 
91 89 93 64 
19 81 
48 39 65 19 
96 13 32 66 72 
81 96 
64 86 4 50 
72 87 58 
50 1 
1 22 
40 51 38 15 
58 63 
22 53 33 
4 43 90 80 
63 83 52 
66 78 47 36 
93 10 61 
15 62 
33 25 76 
52 37 
59 92 
82 24 
36 12 
24 11 
46 6 18 
87 30 
86 70 60 
37 5 
32 7 
12 17 84 
80 54 
77 
61 55 
65 98 
54 3 
9 85 
92 26 
30 41 
38 79 
11 73 
26 28 
76 
88 49 
5 57 
18 67 
73 27 
53 
60 
7 
62 35 20 
23 
41 
44 31 
98 94 
25 
28 95 
3 
89 68 
83 8 
84 69 
49 
27 
20 
47 
51 
97 
21 
17 
6 
90 
43 
94 
57 
99 
10 
8 
67 
95 
31 
13 
55 
68 
35 
78 
79 
45 
70 
85 
2 
69 
39 
# clone tree 72 objective: 2.70671
0 23 46 59 40 56 
56 74 
74 99 97 44 88 42 14 
29 75 
14 29 
42 82 34 
75 77 71 
71 9 91 
16 21 48 
34 35 16 
91 89 93 64 
19 81 
48 65 19 
96 13 32 66 72 
81 45 96 
64 86 4 50 
72 87 58 
50 10 1 
1 68 22 
40 51 38 15 
58 31 63 
22 70 53 33 
4 43 90 80 
63 83 52 
66 78 47 36 
93 61 
15 62 
33 25 76 
52 37 
59 92 
82 24 
36 2 12 
24 11 
46 6 18 
87 30 
86 79 60 
37 5 
32 7 
12 17 84 
80 54 
77 
61 39 
65 98 
54 3 
9 85 
92 26 
30 41 
38 
11 73 
26 28 
76 55 
88 49 
5 57 
18 67 
73 27 
53 
60 
7 
62 20 
23 
41 
44 
98 94 
25 
28 95 
3 
89 
83 8 
84 
49 
27 
20 
47 
51 
97 69 
21 
17 
6 
90 
43 
94 
57 
99 
10 
8 
67 
95 
31 
13 
55 
68 
35 
78 
79 
45 
70 
85 
2 
69 
39 
# clone tree 73 objective: 2.70671
0 23 46 59 40 56 
56 74 
74 99 97 44 88 42 14 
29 75 
14 29 
42 82 34 
75 77 71 
71 9 91 
16 21 48 
34 16 
91 79 89 93 64 
19 81 
48 65 19 
96 85 32 66 72 
81 96 
64 68 86 4 50 
72 87 58 
50 1 
1 22 
40 51 38 15 
58 63 
22 53 33 
4 43 90 80 
63 67 83 52 
66 78 47 36 
93 45 10 61 
15 62 
33 25 76 
52 37 
59 55 92 
82 24 
36 12 
24 39 11 
46 6 18 
87 30 
86 60 
37 5 
32 70 7 
12 17 84 
80 54 
77 
61 
65 98 
54 3 
9 
92 26 
30 41 
38 
11 73 
26 28 
76 
88 49 
5 57 
18 
73 27 
53 
60 
7 
62 35 20 
23 
41 
44 
98 94 
25 31 
28 95 
3 
89 
83 8 
84 
49 
27 
20 
47 
51 
97 
21 
17 2 
6 
90 69 
43 13 
94 
57 
99 
10 
8 
67 
95 
31 
13 
55 
68 
35 
78 
79 
45 
70 
85 
2 
69 
39 
# clone tree 74 objective: 2.70671
0 23 46 59 40 56 
56 74 
74 99 97 44 88 42 14 
29 75 
14 29 
42 82 34 
75 77 71 
71 9 91 
16 21 48 
34 45 13 16 
91 79 89 93 64 
19 81 
48 65 19 
96 32 66 72 
81 96 
64 86 4 50 
72 87 58 
50 1 
1 22 
40 51 38 15 
58 31 63 
22 53 33 
4 43 90 80 
63 83 52 
66 78 47 36 
93 10 61 
15 62 
33 25 76 
52 37 
59 92 
82 24 
36 12 
24 11 
46 6 18 
87 30 
86 60 
37 69 5 
32 70 7 
12 17 84 
80 54 
77 
61 
65 39 98 
54 3 
9 85 
92 26 
30 41 
38 
11 73 
26 28 
76 55 
88 49 
5 57 
18 67 
73 27 
53 
60 
7 
62 35 20 
23 
41 
44 
98 94 
25 
28 95 
3 
89 68 
83 8 
84 
49 
27 
20 
47 
51 2 
97 
21 
17 
6 
90 
43 
94 
57 
99 
10 
8 
67 
95 
31 
13 
55 
68 
35 
78 
79 
45 
70 
85 
2 
69 
39 
# clone tree 75 objective: 2.70671
0 23 46 59 40 56 
56 74 
74 99 97 44 88 42 14 
29 75 
14 29 
42 82 34 
75 77 71 
71 9 91 
16 21 48 
34 16 
91 89 93 64 
19 81 
48 65 19 
96 13 32 66 72 
81 96 
64 86 4 50 
72 87 58 
50 1 
1 22 
40 51 38 15 
58 45 63 
22 53 33 
4 43 90 80 
63 83 52 
66 78 47 36 
93 10 61 
15 62 
33 25 76 
52 37 
59 92 
82 39 24 
36 12 
24 11 
46 6 18 
87 30 
86 60 
37 5 
32 7 
12 17 84 
80 54 
77 
61 55 
65 98 
54 3 
9 85 
92 26 
30 41 
38 79 
11 73 
26 28 
76 
88 49 
5 57 
18 67 
73 27 
53 
60 
7 
62 35 20 
23 
41 
44 31 
98 94 
25 70 
28 95 
3 
89 68 
83 8 
84 
49 
27 
20 
47 
51 2 
97 
21 
17 
6 
90 69 
43 
94 
57 
99 
10 
8 
67 
95 
31 
13 
55 
68 
35 
78 
79 
45 
70 
85 
2 
69 
39 
# clone tree 76 objective: 2.70671
0 23 46 59 40 56 
56 74 
74 99 97 44 88 42 14 
29 75 
14 29 
42 82 34 
75 77 71 
71 9 91 
16 21 48 
34 35 16 
91 89 93 64 
19 81 
48 65 19 
96 32 66 72 
81 96 
64 68 86 4 50 
72 87 58 
50 1 
1 22 
40 51 38 15 
58 31 63 
22 70 53 33 
4 43 90 80 
63 83 52 
66 78 47 36 
93 10 61 
15 62 
33 25 76 
52 37 
59 92 
82 24 
36 12 
24 11 
46 6 18 
87 30 
86 60 
37 69 5 
32 7 
12 17 84 
80 54 
77 
61 55 
65 98 
54 3 
9 85 
92 26 
30 41 
38 
11 73 
26 28 
76 
88 49 
5 57 
18 67 
73 27 
53 
60 2 
7 
62 20 
23 
41 
44 
98 94 
25 
28 95 
3 
89 45 
83 8 
84 
49 
27 
20 
47 
51 
97 
21 
17 
6 79 
90 
43 13 
94 
57 
99 
10 
8 
67 
95 39 
31 
13 
55 
68 
35 
78 
79 
45 
70 
85 
2 
69 
39 
# clone tree 77 objective: 2.70671
0 23 46 59 40 56 
56 74 
74 99 97 44 88 42 14 
29 75 
14 29 
42 82 34 
75 77 71 
71 9 91 
16 21 48 
34 45 35 16 
91 89 93 64 
19 81 
48 65 19 
96 32 66 72 
81 96 
64 68 86 4 50 
72 87 58 
50 1 
1 22 
40 51 38 15 
58 31 63 
22 53 33 
4 43 90 80 
63 83 52 
66 2 78 47 36 
93 10 61 
15 62 
33 25 76 
52 37 
59 92 
82 24 
36 12 
24 11 
46 6 18 
87 30 
86 70 60 
37 5 
32 7 
12 17 84 
80 39 54 
77 
61 55 
65 98 
54 69 3 
9 85 
92 26 
30 41 
38 
11 73 
26 28 
76 
88 49 
5 57 
18 67 
73 27 
53 
60 
7 
62 20 
23 
41 
44 
98 94 
25 
28 95 
3 
89 
83 8 
84 
49 
27 
20 
47 
51 
97 
21 
17 
6 79 
90 
43 13 
94 
57 
99 
10 
8 
67 
95 
31 
13 
55 
68 
35 
78 
79 
45 
70 
85 
2 
69 
39 
# clone tree 78 objective: 2.70671
0 23 46 59 40 56 
56 74 
74 99 97 44 88 42 14 
29 75 
14 29 
42 82 34 
75 77 71 
71 9 91 
16 21 48 
34 16 
91 39 89 93 64 
19 81 
48 65 19 
96 13 32 66 72 
81 96 
64 86 4 50 
72 87 58 
50 1 
1 22 
40 51 38 15 
58 45 63 
22 53 33 
4 43 90 80 
63 83 52 
66 78 47 36 
93 10 61 
15 62 
33 25 76 
52 37 
59 92 
82 24 
36 12 
24 11 
46 6 18 
87 30 
86 60 
37 5 
32 7 
12 17 84 
80 54 
77 
61 55 
65 98 
54 3 
9 85 
92 26 
30 41 
38 79 
11 73 
26 28 
76 
88 49 
5 57 
18 67 
73 27 
53 
60 
7 
62 35 20 
23 
41 
44 31 
98 94 
25 70 
28 95 
3 
89 68 
83 8 
84 
49 
27 
20 
47 
51 2 
97 69 
21 
17 
6 
90 
43 
94 
57 
99 
10 
8 
67 
95 
31 
13 
55 
68 
35 
78 
79 
45 
70 
85 
2 
69 
39 
# clone tree 79 objective: 2.70671
0 23 46 59 40 56 
56 74 
74 99 97 44 88 42 14 
29 2 45 75 
14 29 
42 82 34 
75 77 71 
71 9 91 
16 21 48 
34 13 16 
91 89 93 64 
19 81 
48 65 19 
96 32 66 72 
81 96 
64 86 4 50 
72 87 58 
50 10 1 
1 68 22 
40 51 38 15 
58 63 
22 70 53 33 
4 43 90 80 
63 83 52 
66 78 47 36 
93 61 
15 62 
33 25 76 
52 37 
59 55 92 
82 24 
36 12 
24 11 
46 6 18 
87 30 
86 60 
37 5 
32 67 7 
12 17 84 
80 54 
77 
61 
65 98 
54 3 
9 85 
92 26 
30 41 
38 79 
11 73 
26 28 
76 35 
88 49 
5 57 
18 
73 27 
53 
60 
7 
62 20 
23 
41 
44 
98 94 
25 31 
28 95 
3 
89 
83 8 
84 69 
49 
27 
20 
47 
51 
97 
21 
17 39 
6 
90 
43 
94 
57 
99 
10 
8 
67 
95 
31 
13 
55 
68 
35 
78 
79 
45 
70 
85 
2 
69 
39 
# clone tree 80 objective: 2.70671
0 23 46 59 40 56 
56 74 
74 99 97 44 88 42 14 
29 75 
14 79 29 
42 82 34 
75 77 71 
71 9 91 
16 21 48 
34 35 16 
91 89 93 64 
19 81 
48 65 19 
96 13 32 66 72 
81 96 
64 86 4 50 
72 87 58 
50 1 
1 22 
40 51 38 15 
58 31 63 
22 70 53 33 
4 43 90 80 
63 67 83 52 
66 78 47 36 
93 61 
15 45 62 
33 25 76 
52 37 
59 55 92 
82 24 
36 12 
24 11 
46 6 18 
87 2 30 
86 60 
37 5 
32 7 
12 17 84 
80 54 
77 
61 
65 98 
54 3 
9 85 
92 26 
30 41 
38 
11 73 
26 28 
76 
88 49 
5 57 
18 
73 27 
53 
60 39 
7 
62 20 
23 69 
41 10 
44 
98 94 
25 
28 95 
3 
89 68 
83 8 
84 
49 
27 
20 
47 
51 
97 
21 
17 
6 
90 
43 
94 
57 
99 
10 
8 
67 
95 
31 
13 
55 
68 
35 
78 
79 
45 
70 
85 
2 
69 
39 
# clone tree 81 objective: 2.70671
0 23 46 59 40 56 
56 74 
74 99 97 44 88 42 14 
29 75 
14 29 
42 82 34 
75 77 71 
71 9 91 
16 21 48 
34 16 
91 89 93 64 
19 81 
48 65 19 
96 85 32 66 72 
81 96 
64 68 86 4 50 
72 87 58 
50 10 1 
1 22 
40 51 38 15 
58 31 63 
22 53 33 
4 43 90 80 
63 67 83 52 
66 78 47 36 
93 45 61 
15 62 
33 25 76 
52 39 37 
59 55 92 
82 24 
36 12 
24 11 
46 6 18 
87 30 
86 79 60 
37 5 
32 70 7 
12 17 84 
80 54 
77 
61 
65 98 
54 69 3 
9 
92 26 
30 41 
38 
11 73 
26 28 
76 
88 49 
5 57 
18 
73 27 
53 
60 
7 
62 35 20 
23 
41 
44 
98 94 
25 
28 95 
3 
89 
83 8 
84 
49 
27 
20 
47 
51 
97 
21 
17 2 
6 
90 
43 13 
94 
57 
99 
10 
8 
67 
95 
31 
13 
55 
68 
35 
78 
79 
45 
70 
85 
2 
69 
39 
# clone tree 82 objective: 2.70671
0 23 46 59 40 56 
56 74 
74 99 97 44 88 42 14 
29 75 
14 29 
42 82 34 
75 77 71 
71 9 91 
16 21 48 
34 45 16 
91 79 89 93 64 
19 81 
48 65 19 
96 13 32 66 72 
81 96 
64 86 4 50 
72 87 58 
50 10 1 
1 22 
40 51 38 15 
58 31 63 
22 70 53 33 
4 43 90 80 
63 83 52 
66 78 47 36 
93 61 
15 62 
33 25 76 
52 37 
59 2 92 
82 24 
36 12 
24 11 
46 6 18 
87 30 
86 60 
37 5 
32 7 
12 17 84 
80 54 
77 
61 
65 98 
54 3 
9 85 
92 26 
30 41 
38 
11 73 
26 28 
76 55 
88 49 
5 57 
18 67 
73 27 
53 
60 
7 
62 35 20 
23 
41 
44 
98 39 94 
25 
28 95 
3 
89 68 
83 8 
84 
49 
27 
20 
47 
51 
97 
21 
17 
6 
90 
43 
94 69 
57 
99 
10 
8 
67 
95 
31 
13 
55 
68 
35 
78 
79 
45 
70 
85 
2 
69 
39 
# clone tree 83 objective: 2.70671
0 23 46 59 40 56 
56 74 
74 99 97 44 88 42 14 
29 2 45 75 
14 29 
42 82 34 
75 77 71 
71 9 91 
16 21 48 
34 13 16 
91 89 93 64 
19 81 
48 65 19 
96 32 66 72 
81 96 
64 86 4 50 
72 87 58 
50 10 1 
1 68 22 
40 51 38 15 
58 63 
22 70 53 33 
4 43 90 80 
63 69 83 52 
66 78 47 36 
93 61 
15 62 
33 25 76 
52 37 
59 55 92 
82 24 
36 12 
24 11 
46 6 18 
87 30 
86 60 
37 5 
32 67 7 
12 17 84 
80 54 
77 
61 
65 98 
54 3 
9 85 
92 26 
30 41 
38 79 
11 73 
26 28 
76 39 35 
88 49 
5 57 
18 
73 27 
53 
60 
7 
62 20 
23 
41 
44 
98 94 
25 31 
28 95 
3 
89 
83 8 
84 
49 
27 
20 
47 
51 
97 
21 
17 
6 
90 
43 
94 
57 
99 
10 
8 
67 
95 
31 
13 
55 
68 
35 
78 
79 
45 
70 
85 
2 
69 
39 
# clone tree 84 objective: 2.70671
0 23 46 59 40 56 
56 74 
74 99 97 44 88 42 14 
29 75 
14 79 29 
42 82 34 
75 77 71 
71 9 91 
16 21 48 
34 35 16 
91 89 93 64 
19 81 
48 65 19 
96 13 32 66 72 
81 96 
64 86 4 50 
72 87 58 
50 1 
1 22 
40 51 38 15 
58 31 63 
22 70 53 33 
4 43 90 80 
63 67 83 52 
66 78 47 36 
93 61 
15 45 62 
33 25 76 
52 37 
59 55 92 
82 24 
36 12 
24 11 
46 6 18 
87 30 
86 2 60 
37 5 
32 7 
12 17 84 
80 54 
77 
61 
65 98 
54 69 3 
9 85 
92 26 
30 41 
38 
11 39 73 
26 28 
76 
88 49 
5 57 
18 
73 27 
53 
60 
7 
62 20 
23 
41 10 
44 
98 94 
25 
28 95 
3 
89 68 
83 8 
84 
49 
27 
20 
47 
51 
97 
21 
17 
6 
90 
43 
94 
57 
99 
10 
8 
67 
95 
31 
13 
55 
68 
35 
78 
79 
45 
70 
85 
2 
69 
39 
# clone tree 85 objective: 2.70671
0 23 46 59 40 56 
56 74 
74 99 97 44 88 42 14 
29 2 45 75 
14 29 
42 82 34 
75 77 71 
71 9 91 
16 21 48 
34 13 16 
91 89 93 64 
19 81 
48 65 19 
96 32 66 72 
81 96 
64 86 4 50 
72 87 58 
50 10 1 
1 68 22 
40 51 38 15 
58 63 
22 70 53 33 
4 43 90 80 
63 83 52 
66 78 47 36 
93 61 
15 62 
33 25 76 
52 37 
59 55 92 
82 24 
36 12 
24 11 
46 6 18 
87 30 
86 60 
37 5 
32 67 7 
12 17 84 
80 54 
77 
61 
65 98 
54 69 3 
9 85 
92 26 
30 41 
38 79 
11 73 
26 28 
76 35 
88 49 
5 57 
18 
73 27 
53 
60 
7 
62 20 
23 
41 
44 
98 94 
25 31 
28 95 
3 
89 
83 8 
84 
49 
27 
20 
47 
51 
97 
21 
17 
6 
90 
43 
94 
57 
99 
10 
8 
67 
95 
31 
13 
55 
68 
35 
78 
79 
45 
70 39 
85 
2 
69 
39 
# clone tree 86 objective: 2.70671
0 23 46 59 40 56 
56 74 
74 99 97 44 88 42 14 
29 2 45 75 
14 29 
42 82 34 
75 77 71 
71 9 91 
16 21 48 
34 13 16 
91 89 93 64 
19 81 
48 65 19 
96 32 66 72 
81 96 
64 86 4 50 
72 87 58 
50 10 1 
1 68 22 
40 51 38 15 
58 63 
22 70 53 33 
4 43 90 80 
63 83 52 
66 78 47 36 
93 61 
15 62 
33 25 76 
52 37 
59 55 92 
82 24 
36 12 
24 11 
46 6 18 
87 30 
86 60 
37 5 
32 67 7 
12 17 84 
80 54 
77 
61 
65 98 
54 69 3 
9 85 
92 26 
30 41 
38 79 
11 73 
26 28 
76 35 
88 49 
5 57 
18 
73 27 
53 
60 
7 
62 20 
23 
41 
44 
98 94 
25 31 
28 95 
3 
89 
83 8 
84 
49 
27 
20 
47 
51 
97 
21 
17 
6 
90 
43 
94 
57 
99 
10 
8 
67 
95 39 
31 
13 
55 
68 
35 
78 
79 
45 
70 
85 
2 
69 
39 
# clone tree 87 objective: 2.70671
0 23 46 59 40 56 
56 74 
74 99 97 44 88 42 14 
29 2 45 75 
14 29 
42 82 34 
75 77 71 
71 9 91 
16 21 48 
34 13 16 
91 89 93 64 
19 81 
48 65 19 
96 32 66 72 
81 96 
64 86 4 50 
72 87 58 
50 10 1 
1 68 22 
40 51 38 15 
58 63 
22 69 70 53 33 
4 43 90 80 
63 83 52 
66 78 47 36 
93 61 
15 62 
33 25 76 
52 37 
59 55 92 
82 24 
36 12 
24 11 
46 6 18 
87 30 
86 60 
37 5 
32 67 7 
12 17 84 
80 54 
77 
61 
65 98 
54 3 
9 85 
92 26 
30 41 
38 79 
11 73 
26 28 
76 35 
88 49 
5 57 
18 
73 27 
53 
60 
7 
62 20 
23 
41 
44 
98 94 
25 31 
28 95 
3 
89 
83 8 
84 
49 
27 
20 
47 
51 
97 
21 
17 
6 
90 
43 
94 
57 
99 
10 
8 
67 
95 
31 
13 
55 
68 39 
35 
78 
79 
45 
70 
85 
2 
69 
39 
# clone tree 88 objective: 2.70671
0 23 46 59 40 56 
56 74 
74 99 97 44 88 42 14 
29 75 
14 29 
42 82 34 
75 77 71 
71 9 91 
16 21 48 
34 35 16 
91 89 93 64 
19 81 
48 65 19 
96 13 32 66 72 
81 45 96 
64 86 4 50 
72 87 58 
50 10 1 
1 68 22 
40 51 38 15 
58 39 31 63 
22 53 33 
4 43 90 80 
63 83 52 
66 78 47 36 
93 61 
15 2 62 
33 25 76 
52 37 
59 92 
82 24 
36 12 
24 11 
46 6 18 
87 30 
86 79 60 
37 5 
32 7 
12 17 84 
80 54 
77 
61 
65 98 
54 3 
9 85 
92 26 
30 41 
38 
11 73 
26 28 
76 55 
88 49 
5 57 
18 67 
73 27 
53 
60 
7 
62 20 
23 
41 
44 
98 94 
25 70 
28 95 
3 
89 
83 8 
84 
49 
27 
20 
47 
51 
97 
21 
17 
6 
90 
43 
94 69 
57 
99 
10 
8 
67 
95 
31 
13 
55 
68 
35 
78 
79 
45 
70 
85 
2 
69 
39 
# clone tree 89 objective: 2.70671
0 23 46 59 40 56 
56 74 
74 99 97 44 88 42 14 
29 75 
14 29 
42 82 34 
75 77 71 
71 9 91 
16 69 21 48 
34 45 16 
91 79 89 93 64 
19 81 
48 65 19 
96 13 32 66 72 
81 96 
64 86 4 50 
72 87 58 
50 10 1 
1 22 
40 51 38 15 
58 31 63 
22 70 53 33 
4 43 90 80 
63 83 52 
66 78 47 36 
93 61 
15 62 
33 25 76 
52 37 
59 2 92 
82 24 
36 12 
24 11 
46 6 18 
87 30 
86 60 
37 5 
32 7 
12 17 84 
80 54 
77 
61 
65 98 
54 3 
9 85 
92 26 
30 41 
38 
11 73 
26 28 
76 55 
88 49 
5 57 
18 67 
73 27 
53 
60 
7 
62 35 20 
23 
41 
44 
98 94 
25 39 
28 95 
3 
89 68 
83 8 
84 
49 
27 
20 
47 
51 
97 
21 
17 
6 
90 
43 
94 
57 
99 
10 
8 
67 
95 
31 
13 
55 
68 
35 
78 
79 
45 
70 
85 
2 
69 
39 
# clone tree 90 objective: 2.70671
0 23 46 59 40 56 
56 74 
74 99 97 44 88 42 14 
29 75 
14 29 
42 82 34 
75 77 71 
71 9 91 
16 21 48 
34 16 
91 89 93 64 
19 81 
48 65 19 
96 85 32 66 72 
81 96 
64 68 86 4 50 
72 87 58 
50 10 1 
1 22 
40 51 38 15 
58 45 31 63 
22 70 53 33 
4 43 90 80 
63 67 83 52 
66 39 78 47 36 
93 61 
15 62 
33 25 76 
52 37 
59 2 55 92 
82 24 
36 12 
24 11 
46 6 18 
87 30 
86 79 60 
37 5 
32 7 
12 17 84 
80 54 
77 
61 
65 98 
54 3 
9 
92 26 
30 41 
38 
11 73 
26 28 
76 
88 49 
5 57 
18 
73 27 
53 
60 
7 
62 35 20 
23 
41 
44 
98 94 
25 
28 95 
3 
89 
83 8 
84 
49 
27 
20 
47 
51 
97 
21 
17 
6 
90 
43 13 
94 69 
57 
99 
10 
8 
67 
95 
31 
13 
55 
68 
35 
78 
79 
45 
70 
85 
2 
69 
39 
# clone tree 91 objective: 2.70671
0 23 46 59 40 56 
56 74 
74 99 97 44 88 42 14 
29 75 
14 29 
42 82 34 
75 77 71 
71 9 91 
16 21 48 
34 35 16 
91 89 93 64 
19 81 
48 65 19 
96 13 32 66 72 
81 45 96 
64 86 4 50 
72 39 87 58 
50 10 1 
1 68 22 
40 51 38 15 
58 31 63 
22 53 33 
4 43 90 80 
63 83 52 
66 78 47 36 
93 61 
15 2 62 
33 25 76 
52 37 
59 92 
82 24 
36 12 
24 11 
46 6 18 
87 30 
86 79 60 
37 5 
32 7 
12 17 84 
80 54 
77 
61 
65 98 
54 3 
9 85 
92 26 
30 41 
38 
11 73 
26 28 
76 55 
88 49 
5 57 
18 67 
73 27 
53 
60 
7 
62 20 
23 
41 
44 
98 94 
25 70 
28 95 
3 
89 
83 8 
84 
49 
27 
20 
47 
51 
97 
21 
17 
6 
90 69 
43 
94 
57 
99 
10 
8 
67 
95 
31 
13 
55 
68 
35 
78 
79 
45 
70 
85 
2 
69 
39 
# clone tree 92 objective: 2.70671
0 23 46 59 40 56 
56 74 
74 99 97 44 88 42 14 
29 75 
14 29 
42 82 34 
75 77 71 
71 9 91 
16 21 48 
34 35 16 
91 89 93 64 
19 39 81 
48 65 19 
96 13 32 66 72 
81 45 96 
64 86 4 50 
72 87 58 
50 10 1 
1 68 22 
40 51 38 15 
58 31 63 
22 53 33 
4 43 90 80 
63 83 52 
66 78 47 36 
93 61 
15 2 62 
33 25 76 
52 37 
59 92 
82 24 
36 12 
24 11 
46 6 18 
87 30 
86 79 60 
37 5 
32 7 
12 17 84 
80 54 
77 
61 
65 98 
54 3 
9 85 
92 26 
30 41 
38 
11 73 
26 28 
76 55 
88 49 
5 57 
18 67 
73 27 
53 
60 
7 
62 20 
23 
41 
44 
98 94 
25 70 
28 95 
3 
89 
83 8 
84 
49 
27 
20 
47 
51 
97 
21 
17 
6 
90 
43 
94 69 
57 
99 
10 
8 
67 
95 
31 
13 
55 
68 
35 
78 
79 
45 
70 
85 
2 
69 
39 
# clone tree 93 objective: 2.70671
0 23 46 59 40 56 
56 74 
74 99 97 44 88 42 14 
29 75 
14 29 
42 82 34 
75 77 71 
71 9 91 
16 21 48 
34 35 16 
91 79 89 93 64 
19 81 
48 65 19 
96 13 32 66 72 
81 96 
64 86 4 50 
72 87 58 
50 10 1 
1 22 
40 51 38 15 
58 45 31 63 
22 53 33 
4 43 90 80 
63 70 83 52 
66 78 47 36 
93 61 
15 62 
33 25 76 
52 37 
59 2 92 
82 24 
36 12 
24 11 
46 6 18 
87 30 
86 60 
37 5 
32 7 
12 17 84 
80 54 
77 
61 
65 98 
54 3 
9 85 
92 26 
30 41 
38 
11 73 
26 39 28 
76 55 
88 49 
5 57 
18 67 
73 27 
53 
60 
7 
62 20 
23 
41 
44 
98 94 
25 
28 95 
3 
89 68 
83 8 
84 69 
49 
27 
20 
47 
51 
97 
21 
17 
6 
90 
43 
94 
57 
99 
10 
8 
67 
95 
31 
13 
55 
68 
35 
78 
79 
45 
70 
85 
2 
69 
39 
# clone tree 94 objective: 2.70671
0 23 46 59 40 56 
56 74 
74 99 97 44 88 42 14 
29 75 
14 29 
42 82 34 
75 77 71 
71 9 91 
16 21 48 
34 35 16 
91 79 89 93 64 
19 81 
48 65 19 
96 13 32 66 72 
81 96 
64 86 4 50 
72 87 58 
50 10 1 
1 22 
40 39 51 38 15 
58 45 31 63 
22 53 33 
4 43 90 80 
63 70 83 52 
66 78 47 36 
93 61 
15 62 
33 25 76 
52 37 
59 2 92 
82 24 
36 12 
24 11 
46 6 18 
87 30 
86 60 
37 5 
32 7 
12 17 84 
80 54 
77 
61 
65 98 
54 3 
9 85 
92 26 
30 41 
38 
11 73 
26 28 
76 55 
88 49 
5 57 
18 67 
73 27 
53 
60 
7 
62 20 
23 
41 
44 
98 94 
25 
28 95 
3 
89 68 
83 8 
84 69 
49 
27 
20 
47 
51 
97 
21 
17 
6 
90 
43 
94 
57 
99 
10 
8 
67 
95 
31 
13 
55 
68 
35 
78 
79 
45 
70 
85 
2 
69 
39 
# clone tree 95 objective: 2.70671
0 23 46 59 40 56 
56 74 
74 99 97 44 88 42 14 
29 75 
14 29 
42 2 82 34 
75 77 71 
71 9 91 
16 21 48 
34 45 16 
91 89 93 64 
19 81 
48 65 19 
96 13 32 66 72 
81 96 
64 86 4 50 
72 87 58 
50 1 
1 22 
40 51 38 15 
58 63 
22 70 53 33 
4 43 90 80 
63 83 52 
66 78 47 36 
93 10 61 
15 62 
33 25 76 
52 37 
59 92 
82 24 
36 12 
24 11 
46 6 18 
87 30 
86 60 
37 5 
32 7 
12 17 84 
80 54 
77 
61 55 
65 98 
54 3 
9 85 
92 26 
30 41 
38 79 
11 73 
26 28 
76 
88 49 
5 57 
18 67 
73 27 
53 
60 
7 39 
62 35 20 
23 
41 
44 31 
98 94 
25 
28 95 
3 
89 68 
83 8 
84 
49 
27 
20 
47 
51 
97 
21 
17 
6 
90 69 
43 
94 
57 
99 
10 
8 
67 
95 
31 
13 
55 
68 
35 
78 
79 
45 
70 
85 
2 
69 
39 
# clone tree 96 objective: 2.70671
0 23 46 59 40 56 
56 74 
74 99 97 44 88 42 14 
29 2 45 75 
14 29 
42 82 34 
75 77 71 
71 9 91 
16 21 48 
34 13 16 
91 89 93 64 
19 81 
48 65 19 
96 32 66 72 
81 96 
64 86 4 50 
72 87 58 
50 10 1 
1 68 22 
40 51 38 15 
58 63 
22 70 53 33 
4 43 90 80 
63 83 52 
66 78 47 36 
93 61 
15 62 
33 25 76 
52 37 
59 55 92 
82 24 
36 12 
24 11 
46 6 18 
87 30 
86 60 
37 5 
32 67 7 
12 17 84 
80 54 
77 
61 
65 98 
54 3 
9 85 
92 26 
30 41 
38 79 
11 73 
26 28 
76 35 
88 49 
5 57 
18 
73 27 
53 
60 
7 
62 20 
23 
41 
44 
98 94 
25 31 
28 95 
3 
89 
83 8 
84 
49 
27 
20 
47 39 
51 
97 
21 
17 
6 
90 
43 
94 69 
57 
99 
10 
8 
67 
95 
31 
13 
55 
68 
35 
78 
79 
45 
70 
85 
2 
69 
39 
# clone tree 97 objective: 2.70671
0 23 46 59 40 56 
56 74 
74 99 97 44 88 42 14 
29 75 
14 29 
42 2 82 34 
75 77 71 
71 9 91 
16 21 48 
34 45 16 
91 89 93 64 
19 81 
48 65 19 
96 13 32 66 72 
81 96 
64 86 4 50 
72 87 58 
50 1 
1 22 
40 51 38 15 
58 63 
22 70 53 33 
4 43 90 80 
63 83 52 
66 78 47 36 
93 10 61 
15 62 
33 25 76 
52 37 
59 92 
82 24 
36 12 
24 11 
46 6 18 
87 30 
86 60 
37 5 
32 7 
12 17 84 
80 54 
77 39 
61 55 
65 98 
54 3 
9 85 
92 26 
30 41 
38 79 
11 73 
26 28 
76 
88 49 
5 57 
18 67 
73 27 
53 
60 
7 
62 35 20 
23 
41 
44 31 
98 94 
25 
28 95 
3 
89 68 
83 8 
84 
49 
27 
20 
47 
51 
97 
21 
17 
6 
90 69 
43 
94 
57 
99 
10 
8 
67 
95 
31 
13 
55 
68 
35 
78 
79 
45 
70 
85 
2 
69 
39 
# clone tree 98 objective: 2.70671
0 23 46 59 40 56 
56 74 
74 99 97 44 88 42 14 
29 75 
14 79 29 
42 82 34 
75 77 71 
71 9 91 
16 21 48 
34 35 16 
91 89 93 64 
19 81 
48 65 19 
96 13 32 66 72 
81 96 
64 86 4 50 
72 87 58 
50 1 
1 22 
40 51 38 15 
58 31 63 
22 70 53 33 
4 43 90 80 
63 67 83 52 
66 78 47 36 
93 61 
15 45 62 
33 25 76 
52 37 
59 55 92 
82 24 
36 12 
24 11 
46 6 18 
87 30 
86 2 60 
37 5 
32 7 
12 17 84 
80 54 
77 
61 
65 98 
54 3 
9 85 
92 26 
30 41 
38 
11 73 
26 28 
76 39 
88 49 
5 57 
18 
73 27 
53 
60 
7 
62 20 
23 
41 10 
44 
98 94 
25 
28 95 
3 
89 68 
83 8 
84 
49 
27 
20 
47 
51 
97 69 
21 
17 
6 
90 
43 
94 
57 
99 
10 
8 
67 
95 
31 
13 
55 
68 
35 
78 
79 
45 
70 
85 
2 
69 
39 
# clone tree 99 objective: 2.70671
0 23 46 59 40 56 
56 74 
74 99 97 44 88 42 14 
29 45 75 
14 29 
42 82 34 
75 77 71 
71 9 91 
16 21 48 
34 16 
91 79 89 93 64 
19 81 
48 65 19 
96 85 32 66 72 
81 96 
64 68 86 4 50 
72 87 58 
50 10 1 
1 22 
40 51 38 15 
58 31 63 
22 69 53 33 
4 43 90 80 
63 67 83 52 
66 78 47 36 
93 61 
15 62 
33 25 76 
52 37 
59 55 92 
82 24 
36 12 
24 11 
46 6 18 
87 2 30 
86 60 
37 5 
32 7 
12 17 84 
80 54 
77 
61 
65 98 
54 3 
9 
92 26 
30 41 
38 
11 73 
26 39 28 
76 
88 49 
5 57 
18 
73 27 
53 
60 
7 
62 35 20 
23 
41 
44 
98 94 
25 
28 95 
3 
89 
83 8 
84 
49 70 
27 
20 
47 
51 
97 
21 
17 
6 
90 
43 13 
94 
57 
99 
10 
8 
67 
95 
31 
13 
55 
68 
35 
78 
79 
45 
70 
85 
2 
69 
39 
