0 15 47 
47 26 91 75 
75 5 12 
12 16 
16 38 58 
58 22 93 
93 28 94 42 72 18 76 
76 46 71 9 
67 34 39 61 21 
9 66 32 67 
21 86 27 73 
73 98 44 92 
92 1 23 
23 36 51 7 
7 70 77 57 
50 33 
57 50 
33 65 19 
19 54 90 14 
18 30 
61 74 20 
30 64 
83 56 
64 83 
14 53 
20 52 4 
56 2 
4 87 31 
2 68 
1 69 
39 17 78 
53 13 40 48 24 
68 35 
31 55 
27 8 
44 10 
78 80 43 
55 6 
35 89 
8 59 37 
72 79 41 
24 25 
69 
34 84 
71 88 
6 96 
96 81 
42 
84 85 
87 82 
10 99 
89 60 
48 3 
41 63 
91 
25 
74 62 
38 
85 
81 
60 49 
90 97 
77 
63 
26 11 
3 
43 
51 
15 45 
65 95 
17 
62 
52 
98 29 
22 
32 
5 
82 
70 
66 
36 
40 
79 
11 
37 
88 
46 
94 
99 
29 
59 
45 
95 
80 
86 
97 
28 
13 
49 
54 
