# clone tree 0 objective: 4.65735
0 87 9 74 90 
78 93 71 10 
90 78 
10 50 89 7 53 
48 35 8 
95 23 48 
8 94 85 6 36 
53 95 
36 32 30 
30 56 57 13 84 
84 60 
75 39 38 82 
60 75 
82 42 
42 51 19 77 14 
14 67 27 
27 62 79 
79 37 4 
4 22 
22 1 52 
6 66 96 26 
52 98 70 
26 49 40 
18 61 3 
40 20 17 
70 80 76 18 
17 15 45 
3 2 24 
45 29 
38 16 
71 58 83 
77 33 
85 31 92 
94 34 
61 81 43 
13 47 
34 63 
24 12 
20 54 88 
16 99 
29 73 25 
93 59 
96 28 
74 5 
15 
32 
83 97 91 
62 68 
7 46 
19 
33 72 
99 
59 
28 
91 21 
76 55 
63 
46 
51 86 
25 
58 64 
88 
12 
43 44 
49 69 
39 11 
1 
47 
35 
9 
5 
68 
67 
57 
56 
89 41 
72 
54 
87 65 
2 
44 
21 
41 
23 
86 
65 
73 
98 
37 
80 
92 
55 
69 
66 
81 
64 
50 
31 
11 
97 
