0 66 87 9 74 90 
78 93 71 10 
90 78 
10 89 7 53 
48 35 8 
95 48 
8 31 94 85 6 36 
53 95 
36 32 30 
30 56 57 13 84 
84 60 
75 39 38 82 
60 75 
82 69 42 
42 51 19 77 14 
14 50 67 27 
27 62 79 
79 37 4 
4 22 
22 1 52 
6 41 96 26 
52 98 70 
26 49 40 
18 61 3 
40 20 17 
70 76 18 
17 15 45 
3 2 24 
45 97 29 
38 16 
71 58 83 
77 33 
85 
94 34 
61 43 
13 47 
34 63 
24 12 
20 54 88 
16 99 
29 73 25 
93 59 
96 28 
74 5 
15 
32 
83 91 
62 68 
7 46 
19 
33 72 
99 23 
59 
28 
91 21 
76 
63 
46 11 
51 86 
25 
58 
88 92 
12 
43 
49 44 
39 
1 
47 
35 
9 
5 
68 55 
67 
57 
56 
89 
72 
54 
87 65 
2 
44 81 
21 
41 
23 80 
86 
65 
73 
98 
37 
80 
92 
55 
69 
66 
81 64 
64 
50 
31 
11 
97 
