# clone tree 0 objective: 5.77166
0 94 67 
92 15 
15 72 46 
67 92 
46 59 38 11 
11 70 52 75 
75 25 17 19 
19 83 45 66 
66 23 34 98 28 
28 35 5 
5 99 6 
6 64 87 
87 22 4 24 
24 1 55 
20 78 
16 20 
55 16 
78 9 
9 40 86 
86 21 39 
39 29 7 
7 31 32 
38 69 54 
54 2 82 
32 73 
73 76 95 
95 14 91 
82 37 
91 71 
60 90 
37 48 
71 77 60 
72 89 
48 36 10 
59 33 93 
45 50 68 
93 30 
13 53 
47 84 
26 13 
89 47 
90 26 
68 58 18 
2 74 
10 49 
84 51 97 
74 27 
64 3 
31 79 85 
4 
83 12 57 
1 62 61 
27 56 
53 81 
29 42 
52 63 
36 44 
49 
21 96 
63 65 
17 8 
97 
30 
85 
3 41 
69 
14 
18 
51 88 
35 
8 
81 80 
77 
76 
40 
61 
33 
79 
94 
56 
57 
98 
42 
58 
25 
34 
62 
96 
99 
80 
44 
23 
22 43 
12 
88 
41 
70 
65 
43 
50 
# clone tree 1 objective: 5.77166
0 94 67 
92 15 
15 72 46 
67 92 
46 59 38 11 
11 70 52 75 
75 25 17 19 
19 50 83 45 66 
66 23 34 98 28 
28 35 5 
5 99 6 
6 64 87 
87 22 4 24 
24 1 55 
20 78 
16 20 
55 16 
78 9 
9 40 86 
86 21 39 
39 29 7 
7 31 32 
38 69 54 
54 2 82 
32 73 
73 76 95 
95 14 91 
82 37 
91 71 
60 90 
37 48 
71 77 60 
72 89 
48 36 10 
59 33 93 
45 68 
93 30 
13 53 
47 84 
26 13 
89 47 
90 26 
68 58 18 
2 74 
10 49 
84 51 97 
74 27 
64 3 
31 79 85 
4 
83 12 57 
1 62 61 
27 56 
53 81 
29 42 
52 63 
36 44 
49 
21 96 
63 65 
17 8 
97 
30 
85 
3 41 
69 
14 
18 
51 88 
35 
8 
81 80 
77 
76 
40 
61 
33 
79 
94 
56 
57 
98 
42 
58 
25 
34 
62 
96 
99 
80 
44 
23 
22 43 
12 
88 
41 
70 
65 
43 
50 
# clone tree 2 objective: 5.77166
0 88 23 67 
92 15 
15 72 46 
67 92 
46 25 59 38 11 
11 52 75 
75 22 98 17 19 
19 83 45 66 
66 34 28 
28 35 5 
5 99 6 
6 64 87 
87 4 24 
24 43 1 55 
20 78 
16 12 20 
55 16 
78 9 
9 40 86 
86 21 39 
39 29 7 
7 31 32 
38 69 54 
54 2 82 
32 73 
73 76 95 
95 14 91 
82 37 
91 71 
60 90 
37 48 
71 77 60 
72 89 
48 36 10 
59 33 93 
45 68 
93 30 
13 53 
47 84 
26 70 13 
89 47 
90 26 
68 58 18 
2 74 
10 49 
84 51 97 
74 27 
64 3 
31 79 85 
4 
83 57 
1 62 61 
27 56 94 
53 81 
29 42 
52 63 
36 44 
49 
21 96 
63 
17 8 
97 41 
30 
85 65 
3 
69 
14 
18 
51 
35 
8 
81 80 
77 
76 
40 
61 
33 
79 
94 
56 
57 
98 
42 
58 
25 
34 
62 
96 
99 50 
80 
44 
23 
22 
12 
88 
41 
70 
65 
43 
50 
# clone tree 3 objective: 5.77166
0 88 23 67 
92 15 
15 72 46 
67 92 
46 25 59 38 11 
11 52 75 
75 22 98 17 19 
19 83 45 66 
66 34 28 
28 35 5 
5 99 6 
6 64 87 
87 4 24 
24 43 1 55 
20 78 
16 12 20 
55 16 
78 9 
9 40 86 
86 21 39 
39 29 7 
7 31 32 
38 69 54 
54 2 82 
32 73 
73 76 95 
95 14 91 
82 37 
91 71 
60 90 
37 48 
71 77 60 
72 89 
48 36 10 
59 33 93 
45 68 
93 30 
13 53 
47 84 
26 70 13 
89 47 
90 26 
68 58 18 
2 74 
10 49 
84 51 97 
74 27 
64 3 
31 79 85 
4 
83 57 
1 62 61 
27 56 94 
53 81 
29 42 
52 63 
36 44 
49 
21 96 
63 
17 8 
97 41 
30 
85 65 
3 
69 
14 
18 
51 
35 50 
8 
81 80 
77 
76 
40 
61 
33 
79 
94 
56 
57 
98 
42 
58 
25 
34 
62 
96 
99 
80 
44 
23 
22 
12 
88 
41 
70 
65 
43 
50 
# clone tree 4 objective: 5.77166
0 88 23 67 
92 15 
15 72 46 
67 92 
46 25 59 38 11 
11 52 75 
75 22 98 17 19 
19 83 45 66 
66 50 34 28 
28 35 5 
5 99 6 
6 64 87 
87 4 24 
24 1 55 
20 78 
16 12 20 
55 16 
78 9 
9 40 86 
86 21 39 
39 29 7 
7 31 32 
38 69 54 
54 2 82 
32 73 
73 76 95 
95 14 91 
82 37 
91 71 
60 90 
37 48 
71 77 60 
72 89 
48 36 10 
59 33 93 
45 68 
93 30 
13 53 
47 84 
26 13 
89 47 
90 26 
68 58 18 
2 74 
10 49 
84 51 97 
74 27 
64 3 
31 79 85 
4 
83 57 
1 62 61 
27 56 94 
53 81 
29 42 
52 63 
36 44 
49 
21 96 
63 
17 8 
97 
30 
85 
3 
69 
14 
18 
51 
35 
8 
81 80 
77 
76 65 
40 41 
61 
33 
79 
94 43 
56 
57 
98 
42 
58 
25 
34 
62 
96 
99 
80 
44 70 
23 
22 
12 
88 
41 
70 
65 
43 
50 
# clone tree 5 objective: 5.77166
0 88 23 67 
92 15 
15 72 46 
67 92 
46 25 59 38 11 
11 52 75 
75 22 98 17 19 
19 83 45 66 
66 34 28 
28 35 5 
5 99 6 
6 64 87 
87 4 24 
24 43 1 55 
20 78 
16 12 20 
55 16 
78 9 
9 40 86 
86 21 39 
39 29 7 
7 31 32 
38 69 54 
54 2 82 
32 73 
73 76 95 
95 14 91 
82 37 
91 71 
60 90 
37 48 
71 77 60 
72 89 
48 36 10 
59 33 93 
45 68 
93 30 
13 53 
47 84 
26 70 13 
89 47 
90 26 
68 58 18 
2 74 
10 49 
84 51 97 
74 27 
64 3 
31 79 85 
4 
83 57 
1 62 61 
27 56 94 
53 81 
29 42 
52 63 
36 44 
49 
21 96 
63 
17 8 
97 41 
30 
85 65 
3 
69 
14 
18 
51 
35 
8 
81 80 
77 
76 
40 
61 
33 
79 
94 
56 
57 
98 
42 
58 
25 
34 
62 50 
96 
99 
80 
44 
23 
22 
12 
88 
41 
70 
65 
43 
50 
# clone tree 6 objective: 5.77166
0 88 23 67 
92 15 
15 72 46 
67 92 
46 25 59 38 11 
11 52 75 
75 22 98 17 19 
19 83 45 66 
66 34 28 
28 35 5 
5 99 6 
6 64 87 
87 4 24 
24 43 1 55 
20 78 
16 12 20 
55 16 
78 9 
9 40 86 
86 21 39 
39 29 7 
7 31 32 
38 69 54 
54 2 82 
32 73 
73 76 95 
95 14 91 
82 37 
91 71 
60 90 
37 48 
71 77 60 
72 89 
48 36 10 
59 33 93 
45 68 
93 30 
13 50 53 
47 84 
26 70 13 
89 47 
90 26 
68 58 18 
2 74 
10 49 
84 51 97 
74 27 
64 3 
31 79 85 
4 
83 57 
1 62 61 
27 56 94 
53 81 
29 42 
52 63 
36 44 
49 
21 96 
63 
17 8 
97 41 
30 
85 65 
3 
69 
14 
18 
51 
35 
8 
81 80 
77 
76 
40 
61 
33 
79 
94 
56 
57 
98 
42 
58 
25 
34 
62 
96 
99 
80 
44 
23 
22 
12 
88 
41 
70 
65 
43 
50 
# clone tree 7 objective: 5.77166
0 88 23 67 
92 15 
15 72 46 
67 92 
46 25 59 38 11 
11 52 75 
75 22 98 17 19 
19 83 45 66 
66 34 28 
28 35 5 
5 99 6 
6 64 87 
87 4 24 
24 43 1 55 
20 78 
16 12 20 
55 16 
78 9 
9 40 86 
86 21 39 
39 29 7 
7 31 32 
38 69 54 
54 2 82 
32 73 
73 76 95 
95 14 91 
82 50 37 
91 71 
60 90 
37 48 
71 77 60 
72 89 
48 36 10 
59 33 93 
45 68 
93 30 
13 53 
47 84 
26 70 13 
89 47 
90 26 
68 58 18 
2 74 
10 49 
84 51 97 
74 27 
64 3 
31 79 85 
4 
83 57 
1 62 61 
27 56 94 
53 81 
29 42 
52 63 
36 44 
49 
21 96 
63 
17 8 
97 41 
30 
85 65 
3 
69 
14 
18 
51 
35 
8 
81 80 
77 
76 
40 
61 
33 
79 
94 
56 
57 
98 
42 
58 
25 
34 
62 
96 
99 
80 
44 
23 
22 
12 
88 
41 
70 
65 
43 
50 
# clone tree 8 objective: 5.77166
0 88 23 67 
92 15 
15 72 46 
67 92 
46 25 59 38 11 
11 52 75 
75 22 98 17 19 
19 83 45 66 
66 34 28 
28 35 5 
5 99 6 
6 64 87 
87 4 24 
24 43 1 55 
20 78 
16 12 20 
55 16 
78 9 
9 40 86 
86 21 39 
39 29 7 
7 31 32 
38 69 54 
54 2 82 
32 73 
73 76 95 
95 14 91 
82 37 
91 71 
60 90 
37 48 
71 77 60 
72 89 
48 36 10 
59 33 93 
45 68 
93 30 
13 53 
47 84 
26 70 13 
89 47 
90 26 
68 58 18 
2 74 
10 49 
84 51 97 
74 27 
64 3 
31 79 85 
4 
83 57 
1 62 61 
27 56 94 
53 81 
29 42 
52 63 
36 44 
49 
21 96 
63 
17 8 
97 41 
30 
85 65 
3 
69 
14 
18 
51 
35 
8 
81 80 
77 
76 
40 
61 
33 
79 
94 
56 
57 
98 
42 
58 
25 
34 
62 
96 
99 
80 
44 
23 
22 
12 50 
88 
41 
70 
65 
43 
50 
# clone tree 9 objective: 5.77166
0 88 23 67 
92 15 
15 72 46 
67 92 
46 25 59 38 11 
11 52 75 
75 22 98 17 19 
19 83 45 66 
66 34 28 
28 35 5 
5 99 6 
6 64 87 
87 4 24 
24 43 1 55 
20 78 
16 12 20 
55 16 
78 9 
9 40 86 
86 21 39 
39 29 7 
7 31 32 
38 69 54 
54 2 82 
32 73 
73 76 95 
95 14 91 
82 37 
91 71 
60 90 
37 48 
71 77 60 
72 89 
48 36 10 
59 33 93 
45 68 
93 30 
13 53 
47 84 
26 70 13 
89 47 
90 26 
68 58 18 
2 74 
10 49 
84 51 97 
74 27 
64 3 
31 79 85 
4 
83 57 
1 62 61 
27 56 94 
53 81 
29 42 
52 63 
36 44 
49 
21 96 
63 
17 8 
97 41 
30 
85 65 
3 
69 
14 
18 
51 
35 
8 
81 80 
77 
76 
40 
61 
33 
79 
94 
56 
57 
98 
42 
58 
25 50 
34 
62 
96 
99 
80 
44 
23 
22 
12 
88 
41 
70 
65 
43 
50 
