0 40 
40 97 49 15 91 61 
81 53 11 70 
61 41 81 
70 20 18 
18 45 94 66 84 
84 69 44 90 
90 55 10 
10 71 96 
96 99 68 21 
91 5 76 
76 8 
8 56 58 16 
21 42 43 
16 75 72 
43 80 39 
55 25 9 
72 37 82 
22 1 
68 22 
9 93 46 
74 83 
15 74 
82 77 14 52 
1 67 
39 4 
67 28 26 
46 17 
83 64 88 
52 79 
80 35 31 51 
50 47 86 
17 19 
4 50 
26 60 
79 78 
58 2 
88 3 33 
75 98 
60 34 
19 57 
49 12 
34 38 
62 24 59 
33 36 
56 7 
57 62 
42 48 
32 30 
2 13 
7 95 
86 73 
98 32 
12 
20 
51 29 63 
95 87 
47 54 
78 
66 
63 
37 65 
36 
48 
11 
44 
73 
93 
14 
38 
31 
87 92 
94 
59 
30 
69 
53 
99 
71 
28 
54 
13 
97 27 
41 6 
3 23 
65 85 
77 
24 
85 89 
89 
35 
64 
45 
5 
27 
23 
29 
92 
25 
6 
