0 15 
15 24 36 
36 39 90 
90 37 99 93 
93 27 
27 57 35 
35 88 92 45 
45 28 8 65 
65 6 
43 46 
46 68 13 
6 43 
13 78 12 84 47 
47 9 69 33 
33 97 59 
59 7 61 
61 21 62 
62 14 
74 3 
14 67 
67 74 
56 20 
24 85 10 
3 52 56 
20 64 
10 40 76 
18 25 
76 18 
64 49 
89 72 
25 17 
17 54 
49 89 
84 50 83 
83 94 26 
54 22 51 
72 91 
79 66 2 
57 5 79 
91 11 44 
44 63 
51 77 41 
2 55 38 
26 19 60 
12 58 31 
63 30 
41 86 1 
31 34 
39 81 
21 48 
38 42 
8 70 53 
30 32 
68 16 23 
22 
48 
32 96 
7 98 
50 
99 80 
92 
60 95 
82 
19 
78 
52 4 
77 
42 
53 82 
80 
94 87 
28 
88 
4 75 
95 
23 
66 
1 73 
73 
11 
86 
16 
81 71 
97 
5 
87 
40 
55 
98 
85 
96 
34 
58 
71 
37 
75 
69 
9 29 
70 
29 
