0 85 10 
10 18 56 7 
7 44 92 52 36 
36 67 
67 33 
33 32 79 76 
76 97 90 29 
3 22 
29 93 14 
14 3 
22 4 68 
68 64 21 
21 53 69 25 
25 99 20 63 
66 16 80 82 
63 87 66 
73 43 65 
82 73 
65 17 77 
77 40 
40 19 70 42 
42 58 59 48 
48 83 9 
9 30 1 
26 62 50 
1 95 78 
78 26 
50 5 
5 84 47 
70 91 57 
11 24 
85 11 
69 38 96 49 
47 41 
56 15 34 
43 51 28 
49 74 
57 86 
80 72 
24 89 
41 31 
62 8 
79 46 
31 23 
4 75 
89 61 6 
28 
75 45 2 
34 54 
86 55 
84 37 
19 35 
59 60 
72 
91 71 
15 
30 
96 
46 94 
90 
52 
32 81 
64 12 
16 
81 
87 
8 
53 
83 
20 
2 
37 
74 88 
55 
99 
58 
45 
54 
71 
6 
94 
92 
61 
13 
51 
95 
17 
88 27 13 
44 
23 
12 
38 
35 98 39 
60 
93 
39 
18 
27 
97 
98 
