# clone tree 0 objective: 3.18013
0 62 40 
40 49 80 10 61 
81 53 78 70 
61 29 81 
70 7 18 
18 94 37 84 
84 69 44 90 
90 21 91 
10 28 96 
96 11 34 74 43 
91 76 
76 41 8 
8 66 58 16 
21 31 48 42 22 
16 75 72 
43 55 
55 35 9 
72 68 
22 14 39 
68 1 
9 93 46 
74 15 
15 3 83 
82 52 
1 82 
39 4 
67 26 
46 67 
83 64 88 
52 79 
80 97 19 
50 71 86 
17 20 
4 50 
26 60 
79 56 
58 17 
88 33 
75 12 98 
60 85 38 
19 51 
49 24 2 
34 13 
62 77 57 
33 36 
56 95 
57 23 
42 32 
32 30 
2 
7 47 
86 73 
98 99 
12 
20 27 
51 63 
95 87 
47 54 
78 
66 
63 59 
37 45 65 
36 
48 5 
11 
44 
73 
93 
14 
38 
31 92 
87 
94 
59 
30 
69 
53 
99 
71 
28 
54 25 
13 
97 
41 
3 
65 
77 
24 
85 89 
89 
35 
64 
45 
5 
27 
23 
29 6 
92 
25 
6 
# clone tree 1 objective: 3.18013
0 62 40 
40 49 80 10 61 
81 53 78 70 
61 81 
70 7 18 
18 94 37 84 
84 69 44 90 
90 64 21 91 
10 28 96 
96 11 34 74 43 
91 76 
76 41 8 
8 66 58 16 
21 31 48 42 22 
16 75 72 
43 29 55 
55 25 35 9 
72 68 
22 14 39 
68 1 
9 5 93 46 
74 15 
15 3 83 
82 52 
1 82 
39 4 
67 26 
46 67 
83 88 
52 79 
80 97 19 
50 71 86 
17 20 
4 50 
26 60 
79 56 
58 17 
88 33 
75 12 98 
60 85 38 
19 51 
49 24 2 
34 13 
62 77 57 
33 36 
56 95 
57 
42 32 
32 30 
2 
7 47 
86 23 73 
98 99 
12 
20 
51 63 
95 87 
47 54 
78 
66 
63 59 
37 45 65 
36 
48 
11 
44 92 
73 
93 
14 
38 
31 
87 6 
94 
59 
30 
69 
53 
99 
71 
28 27 
54 
13 
97 
41 
3 
65 
77 
24 
85 89 
89 
35 
64 
45 
5 
27 
23 
29 
92 
25 
6 
# clone tree 2 objective: 3.18013
0 62 40 
40 49 80 10 61 
81 53 78 70 
61 29 81 
70 7 18 
18 94 37 84 
84 69 44 90 
90 21 91 
10 28 96 
96 11 34 74 43 
91 76 
76 41 8 
8 66 58 16 
21 31 48 42 22 
16 75 72 
43 55 
55 35 9 
72 68 
22 14 39 
68 1 
9 93 46 
74 15 
15 3 83 
82 52 
1 82 
39 4 
67 26 
46 67 
83 64 88 
52 79 
80 97 19 
50 71 86 
17 20 
4 50 
26 60 
79 56 
58 17 
88 33 
75 12 98 
60 85 38 
19 51 
49 24 2 
34 13 
62 77 57 
33 36 
56 95 
57 23 
42 32 
32 30 
2 
7 47 
86 73 
98 99 
12 
20 27 
51 63 
95 87 
47 54 
78 
66 
63 59 
37 45 65 
36 
48 5 
11 
44 
73 
93 
14 
38 
31 92 
87 
94 
59 
30 
69 
53 6 
99 
71 
28 
54 25 
13 
97 
41 
3 
65 
77 
24 
85 89 
89 
35 
64 
45 
5 
27 
23 
29 
92 
25 
6 
# clone tree 3 objective: 3.18013
0 62 40 
40 49 80 10 61 
81 53 78 70 
61 81 
70 7 18 
18 94 37 84 
84 69 44 90 
90 64 21 91 
10 28 96 
96 11 34 74 43 
91 76 
76 41 8 
8 66 58 16 
21 31 48 42 22 
16 75 72 
43 29 55 
55 25 35 9 
72 68 
22 14 39 
68 1 
9 5 93 46 
74 15 
15 3 83 
82 52 
1 82 
39 4 
67 26 
46 67 
83 88 
52 79 
80 97 19 
50 71 86 
17 20 
4 50 
26 60 
79 56 
58 17 
88 33 
75 12 98 
60 85 38 
19 51 
49 24 2 
34 13 
62 77 57 
33 36 
56 95 
57 
42 32 
32 30 
2 
7 47 
86 23 73 
98 99 
12 
20 
51 63 
95 87 
47 54 
78 
66 
63 59 
37 45 65 
36 
48 
11 
44 92 
73 
93 
14 
38 
31 
87 
94 
59 
30 
69 
53 
99 
71 
28 27 
54 
13 
97 
41 6 
3 
65 
77 
24 
85 89 
89 
35 
64 
45 
5 
27 
23 
29 
92 
25 
6 
# clone tree 4 objective: 3.18013
0 62 40 
40 49 80 10 61 
81 53 78 70 
61 81 
70 7 18 
18 94 37 84 
84 69 44 90 
90 64 21 91 
10 28 96 
96 11 34 74 43 
91 76 
76 41 8 
8 66 58 16 
21 31 48 42 22 
16 75 72 
43 29 55 
55 25 35 9 
72 68 
22 14 39 
68 1 
9 5 93 46 
74 15 
15 3 83 
82 52 
1 82 
39 4 
67 26 
46 67 
83 88 
52 79 
80 97 19 
50 71 86 
17 20 
4 50 
26 60 
79 56 
58 17 
88 33 
75 12 98 
60 85 38 
19 51 
49 24 2 
34 13 
62 77 57 
33 36 
56 95 
57 
42 32 
32 30 
2 
7 47 
86 23 73 
98 99 
12 
20 
51 63 
95 87 
47 54 
78 
66 
63 59 
37 45 65 
36 
48 
11 
44 92 
73 
93 
14 
38 
31 
87 
94 
59 
30 6 
69 
53 
99 
71 
28 27 
54 
13 
97 
41 
3 
65 
77 
24 
85 89 
89 
35 
64 
45 
5 
27 
23 
29 
92 
25 
6 
# clone tree 5 objective: 3.18013
0 62 40 
40 25 49 80 10 61 
81 53 78 70 
61 6 29 81 
70 7 18 
18 94 37 84 
84 69 44 90 
90 21 91 
10 28 96 
96 11 34 74 43 
91 76 
76 41 8 
8 66 58 16 
21 31 48 42 22 
16 75 72 
43 55 
55 35 9 
72 68 
22 14 39 
68 1 
9 93 46 
74 15 
15 3 83 
82 52 
1 82 
39 4 
67 26 
46 67 
83 64 88 
52 79 
80 92 97 19 
50 71 86 
17 20 
4 50 
26 60 
79 56 
58 17 
88 33 
75 12 98 
60 85 38 
19 51 
49 24 2 
34 13 
62 77 57 
33 36 
56 95 
57 23 
42 32 
32 30 
2 
7 47 
86 73 
98 99 
12 
20 27 
51 63 
95 87 
47 54 
78 
66 
63 59 
37 45 65 
36 
48 5 
11 
44 
73 
93 
14 
38 
31 
87 
94 
59 
30 
69 
53 
99 
71 
28 
54 
13 
97 
41 
3 
65 
77 
24 
85 89 
89 
35 
64 
45 
5 
27 
23 
29 
92 
25 
6 
# clone tree 6 objective: 3.18013
0 62 40 
40 49 80 10 61 
81 53 78 70 
61 81 
70 7 18 
18 94 37 84 
84 69 44 90 
90 64 21 91 
10 28 96 
96 11 34 74 43 
91 76 
76 41 8 
8 66 58 16 
21 31 48 42 22 
16 75 72 
43 29 55 
55 25 35 9 
72 68 
22 14 39 
68 1 
9 5 93 46 
74 15 
15 3 83 
82 52 
1 82 
39 4 
67 26 
46 67 
83 6 88 
52 79 
80 97 19 
50 71 86 
17 20 
4 50 
26 60 
79 56 
58 17 
88 33 
75 12 98 
60 85 38 
19 51 
49 24 2 
34 13 
62 77 57 
33 36 
56 95 
57 
42 32 
32 30 
2 
7 47 
86 23 73 
98 99 
12 
20 
51 63 
95 87 
47 54 
78 
66 
63 59 
37 45 65 
36 
48 
11 
44 92 
73 
93 
14 
38 
31 
87 
94 
59 
30 
69 
53 
99 
71 
28 27 
54 
13 
97 
41 
3 
65 
77 
24 
85 89 
89 
35 
64 
45 
5 
27 
23 
29 
92 
25 
6 
# clone tree 7 objective: 3.18013
0 62 40 
40 25 49 80 10 61 
81 53 78 70 
61 29 81 
70 6 7 18 
18 94 37 84 
84 69 44 90 
90 21 91 
10 28 96 
96 11 34 74 43 
91 76 
76 41 8 
8 66 58 16 
21 31 48 42 22 
16 75 72 
43 55 
55 35 9 
72 68 
22 14 39 
68 1 
9 93 46 
74 15 
15 3 83 
82 52 
1 82 
39 4 
67 26 
46 67 
83 64 88 
52 79 
80 92 97 19 
50 71 86 
17 20 
4 50 
26 60 
79 56 
58 17 
88 33 
75 12 98 
60 85 38 
19 51 
49 24 2 
34 13 
62 77 57 
33 36 
56 95 
57 23 
42 32 
32 30 
2 
7 47 
86 73 
98 99 
12 
20 27 
51 63 
95 87 
47 54 
78 
66 
63 59 
37 45 65 
36 
48 5 
11 
44 
73 
93 
14 
38 
31 
87 
94 
59 
30 
69 
53 
99 
71 
28 
54 
13 
97 
41 
3 
65 
77 
24 
85 89 
89 
35 
64 
45 
5 
27 
23 
29 
92 
25 
6 
# clone tree 8 objective: 3.18013
0 62 40 
40 49 80 10 61 
81 53 78 70 
61 81 
70 7 18 
18 94 37 84 
84 69 44 90 
90 64 21 91 
10 28 96 
96 11 34 74 43 
91 76 
76 41 8 
8 66 58 16 
21 31 48 42 22 
16 75 72 
43 29 55 
55 25 35 9 
72 68 
22 14 39 
68 1 
9 5 93 46 
74 15 
15 3 83 
82 52 
1 82 
39 4 
67 26 
46 67 
83 88 
52 79 
80 97 19 
50 71 86 
17 20 
4 50 
26 60 
79 56 
58 17 
88 33 
75 12 98 
60 85 38 
19 51 
49 24 2 
34 13 
62 77 57 
33 36 
56 95 
57 
42 32 
32 30 
2 
7 47 
86 23 73 
98 99 
12 
20 
51 63 
95 87 
47 54 
78 
66 
63 59 
37 45 65 
36 
48 
11 
44 92 
73 
93 
14 
38 
31 
87 
94 
59 
30 
69 
53 
99 
71 
28 27 
54 
13 
97 6 
41 
3 
65 
77 
24 
85 89 
89 
35 
64 
45 
5 
27 
23 
29 
92 
25 
6 
# clone tree 9 objective: 3.18013
0 62 40 
40 25 49 80 10 61 
81 53 78 70 
61 29 81 
70 7 18 
18 94 37 84 
84 69 44 90 
90 6 21 91 
10 28 96 
96 11 34 74 43 
91 76 
76 41 8 
8 66 58 16 
21 31 48 42 22 
16 75 72 
43 55 
55 35 9 
72 68 
22 14 39 
68 1 
9 93 46 
74 15 
15 3 83 
82 52 
1 82 
39 4 
67 26 
46 67 
83 64 88 
52 79 
80 92 97 19 
50 71 86 
17 20 
4 50 
26 60 
79 56 
58 17 
88 33 
75 12 98 
60 85 38 
19 51 
49 24 2 
34 13 
62 77 57 
33 36 
56 95 
57 23 
42 32 
32 30 
2 
7 47 
86 73 
98 99 
12 
20 27 
51 63 
95 87 
47 54 
78 
66 
63 59 
37 45 65 
36 
48 5 
11 
44 
73 
93 
14 
38 
31 
87 
94 
59 
30 
69 
53 
99 
71 
28 
54 
13 
97 
41 
3 
65 
77 
24 
85 89 
89 
35 
64 
45 
5 
27 
23 
29 
92 
25 
6 
