# clone tree 0 objective: 3.29511
0 66 36 18 51 71 31 
31 9 
9 40 84 78 
78 1 4 
4 48 50 
50 76 12 
12 42 35 29 72 56 
56 25 11 21 52 
86 10 67 
52 86 
67 91 87 13 
10 69 88 60 81 
13 15 57 
57 39 59 
81 32 16 
59 6 41 
55 98 3 
21 23 55 
41 85 
72 17 
48 38 83 
76 79 
85 94 33 
17 19 
3 75 
16 90 
33 28 
11 46 27 
1 64 30 
79 61 
83 26 
65 14 93 
19 65 
30 54 74 
28 44 45 
61 96 89 
32 53 
75 63 77 
90 34 
26 80 
60 37 
74 2 62 
71 68 
80 43 
25 95 
45 
62 22 
77 73 
84 
87 5 
34 
93 92 
63 
51 
27 7 
95 
92 
37 
88 
46 8 
44 99 
89 20 97 
73 70 82 
29 
5 
53 
43 24 
8 
68 
99 
23 
64 49 
38 
18 58 
58 
39 
14 
7 
96 
24 
97 
22 
91 
54 
36 
40 
94 
2 
98 
20 47 
6 
66 
82 
69 
35 
15 
49 
42 
47 
70 
