# clone tree 0 objective: 3.74097
0 74 85 
85 1 49 76 47 
47 94 5 
5 84 65 59 
59 15 20 26 
26 66 53 
53 34 68 40 36 
36 29 91 48 
48 33 89 87 60 
20 35 
35 57 
62 50 
60 62 
50 28 
57 64 98 4 
28 67 
67 95 22 
4 51 61 
6 71 
81 90 6 
91 31 81 
24 41 
61 82 2 
22 42 24 
2 79 77 
45 18 19 
41 45 
19 39 37 
71 83 
83 52 
77 13 
13 21 
76 16 
74 73 
16 44 11 
21 63 25 
65 56 12 30 
52 32 
37 72 
82 58 
40 75 
73 70 
49 54 
66 46 86 
25 88 
72 7 
11 96 
58 99 93 
75 55 
88 38 
86 14 
70 17 
87 
18 97 
1 
32 9 43 
31 23 
54 
55 
7 10 
30 
38 3 
89 
97 8 
96 
15 
95 
10 
94 
3 27 
43 
29 80 
51 
12 
17 
98 
79 69 
84 
14 
64 
93 
68 
34 
90 
23 
46 
39 
42 
44 
63 
80 
33 
27 78 
99 
78 
69 
56 
8 92 
9 
92 
# clone tree 1 objective: 3.74097
0 74 85 
85 1 49 76 47 
47 94 5 
5 84 65 59 
59 15 20 26 
26 66 53 
53 34 68 40 36 
36 29 91 48 
48 33 89 87 60 
20 35 
35 57 
62 50 
60 62 
50 28 
57 64 98 4 
28 67 
67 95 22 
4 51 61 
6 71 
81 90 6 
91 31 81 
24 41 
61 82 2 
22 42 24 
2 79 77 
45 18 19 
41 45 
19 39 37 
71 83 
83 52 
77 13 
13 21 
76 16 
74 73 
16 44 11 
21 63 25 
65 56 12 30 
52 32 
37 72 
82 58 
40 75 
73 70 
49 54 
66 46 86 
25 88 
72 7 
11 96 
58 99 93 
75 55 
88 38 
86 14 
70 17 
87 
18 97 
1 
32 9 43 
31 23 
54 
55 
7 10 
30 
38 3 
89 
97 8 
96 
15 
95 
10 
94 
3 27 
43 
29 80 
51 
12 
17 
98 
79 69 
84 
14 
64 
93 
68 
34 
90 
23 
46 
39 
42 
44 
63 
80 
33 
27 78 
99 
78 
69 
56 
8 
9 92 
92 
# clone tree 2 objective: 3.74097
0 17 74 85 
85 1 49 76 47 
47 94 5 
5 84 65 59 
59 15 20 26 
26 66 53 
53 99 34 40 36 
36 29 91 48 
48 89 87 60 
20 35 
35 57 
62 50 
60 62 
50 28 
57 64 98 4 
28 67 
67 9 68 95 22 
4 51 61 
6 71 
81 90 6 
91 31 81 
24 80 41 
61 82 2 
22 42 24 
2 79 77 
45 18 19 
41 45 
19 39 37 
71 83 
83 52 
77 13 
13 21 
76 16 
74 73 
16 11 
21 63 25 
65 12 30 
52 32 
37 72 
82 58 
40 75 
73 70 
49 54 
66 46 86 
25 88 
72 7 
11 96 
58 93 
75 55 
88 38 
86 14 
70 
87 
18 97 
1 
32 43 
31 23 
54 
55 
7 10 
30 
38 3 
89 
97 44 
96 56 
15 
95 
10 
94 
3 27 
43 
29 
51 
12 
17 
98 
79 33 
84 
14 8 
64 
93 
68 92 
34 
90 
23 
46 78 
39 
42 
44 
63 
80 
33 69 
27 
99 
78 
69 
56 
8 
9 
92 
# clone tree 3 objective: 3.74097
0 17 74 85 
85 1 49 76 47 
47 94 5 
5 84 65 59 
59 15 20 26 
26 66 53 
53 99 34 40 36 
36 29 91 48 
48 89 87 60 
20 35 
35 57 
62 50 
60 62 
50 28 
57 64 98 4 
28 67 
67 9 68 95 22 
4 51 61 
6 92 71 
81 90 6 
91 31 81 
24 80 41 
61 82 2 
22 42 24 
2 79 77 
45 18 19 
41 45 
19 39 37 
71 83 
83 52 
77 13 
13 21 
76 16 
74 73 
16 11 
21 63 25 
65 12 30 
52 32 
37 72 
82 58 
40 75 
73 70 
49 54 
66 46 86 
25 88 
72 7 
11 96 
58 93 
75 55 
88 38 
86 14 
70 
87 
18 97 
1 
32 43 
31 23 
54 
55 
7 10 
30 
38 3 
89 
97 44 
96 56 
15 
95 
10 
94 
3 27 
43 
29 
51 
12 
17 
98 
79 33 
84 
14 8 
64 
93 
68 
34 
90 
23 
46 78 
39 
42 
44 
63 
80 
33 69 
27 
99 
78 
69 
56 
8 
9 
92 
# clone tree 4 objective: 3.74097
0 74 85 
85 1 49 76 47 
47 94 5 
5 84 65 59 
59 15 20 26 
26 66 53 
53 34 68 40 36 
36 29 91 48 
48 33 89 87 60 
20 35 
35 57 
62 50 
60 62 
50 28 
57 64 98 4 
28 67 
67 8 95 22 
4 51 61 
6 71 
81 90 6 
91 31 81 
24 41 
61 82 2 
22 42 24 
2 79 77 
45 18 19 
41 92 45 
19 39 37 
71 83 
83 52 
77 13 
13 21 
76 16 
74 73 
16 44 11 
21 63 25 
65 12 30 
52 32 
37 72 
82 58 
40 75 
73 70 
49 54 
66 46 86 
25 88 
72 7 
11 96 
58 99 93 
75 55 
88 38 
86 14 
70 17 
87 
18 56 97 
1 
32 43 
31 23 
54 
55 
7 10 
30 
38 3 
89 
97 
96 
15 
95 
10 9 
94 
3 27 
43 
29 80 
51 
12 
17 
98 
79 69 
84 
14 
64 
93 
68 
34 
90 
23 
46 
39 
42 
44 
63 
80 
33 
27 78 
99 
78 
69 
56 
8 
9 
92 
# clone tree 5 objective: 3.74097
0 17 74 85 
85 1 49 76 47 
47 94 5 
5 84 98 65 59 
59 15 20 26 
26 66 53 
53 68 40 36 
36 29 91 48 
48 89 87 60 
20 35 
35 57 
62 12 50 
60 62 
50 28 
57 64 4 
28 67 
67 34 95 22 
4 51 61 
6 9 71 
81 90 6 
91 31 81 
24 41 
61 82 2 
22 42 24 
2 79 77 
45 18 19 
41 45 
19 39 37 
71 83 
83 52 
77 13 
13 21 
76 16 
74 99 73 
16 11 
21 63 25 
65 30 
52 32 
37 72 
82 58 
40 75 
73 70 
49 54 
66 46 86 
25 88 
72 7 
11 96 
58 93 
75 55 
88 38 
86 14 
70 23 
87 
18 97 
1 
32 43 
31 44 
54 
55 
7 10 
30 56 
38 3 
89 69 
97 
96 92 
15 
95 
10 78 
94 
3 27 
43 
29 80 
51 8 
12 
17 
98 
79 33 
84 
14 
64 
93 
68 
34 
90 
23 
46 
39 
42 
44 
63 
80 
33 
27 
99 
78 
69 
56 
8 
9 
92 
# clone tree 6 objective: 3.74097
0 17 74 85 
85 1 49 76 47 
47 9 94 5 
5 84 65 59 
59 15 20 26 
26 66 53 
53 99 34 40 36 
36 29 91 48 
48 89 87 60 
20 35 
35 92 57 
62 50 
60 62 
50 28 
57 64 98 4 
28 67 
67 68 95 22 
4 51 61 
6 71 
81 90 6 
91 31 81 
24 80 41 
61 82 2 
22 42 24 
2 79 77 
45 18 19 
41 45 
19 39 37 
71 83 
83 52 
77 13 
13 21 
76 16 
74 73 
16 11 
21 63 25 
65 12 30 
52 32 
37 72 
82 58 
40 75 
73 70 
49 54 
66 46 86 
25 88 
72 7 
11 96 
58 93 
75 55 
88 38 
86 14 
70 
87 
18 97 
1 
32 43 
31 23 
54 
55 
7 10 
30 
38 3 
89 
97 44 
96 56 
15 
95 
10 
94 
3 27 
43 
29 
51 
12 
17 
98 
79 33 
84 
14 8 
64 
93 
68 
34 
90 
23 
46 78 
39 
42 
44 
63 
80 
33 69 
27 
99 
78 
69 
56 
8 
9 
92 
# clone tree 7 objective: 3.74097
0 74 85 
85 1 49 76 47 
47 94 5 
5 84 65 59 
59 15 20 26 
26 66 53 
53 34 68 40 36 
36 29 91 48 
48 33 89 87 60 
20 35 
35 57 
62 50 
60 62 
50 28 
57 64 98 4 
28 67 
67 8 95 22 
4 51 61 
6 71 
81 90 6 
91 31 81 
24 41 
61 82 2 
22 42 24 
2 79 77 
45 18 19 
41 45 
19 39 37 
71 83 
83 52 
77 13 
13 21 
76 16 
74 73 
16 44 11 
21 63 25 
65 12 30 
52 32 
37 72 
82 58 
40 75 
73 70 
49 54 
66 46 86 
25 92 88 
72 7 
11 96 
58 99 93 
75 55 
88 38 
86 14 
70 17 
87 
18 56 97 
1 
32 43 
31 23 
54 
55 
7 10 
30 
38 3 
89 
97 
96 
15 
95 
10 9 
94 
3 27 
43 
29 80 
51 
12 
17 
98 
79 69 
84 
14 
64 
93 
68 
34 
90 
23 
46 
39 
42 
44 
63 
80 
33 
27 78 
99 
78 
69 
56 
8 
9 
92 
# clone tree 8 objective: 3.74097
0 17 74 85 
85 1 49 76 47 
47 9 94 5 
5 84 65 59 
59 15 20 26 
26 92 66 53 
53 99 34 40 36 
36 29 91 48 
48 89 87 60 
20 35 
35 57 
62 50 
60 62 
50 28 
57 64 98 4 
28 67 
67 68 95 22 
4 51 61 
6 71 
81 90 6 
91 31 81 
24 80 41 
61 82 2 
22 42 24 
2 79 77 
45 18 19 
41 45 
19 39 37 
71 83 
83 52 
77 13 
13 21 
76 16 
74 73 
16 11 
21 63 25 
65 12 30 
52 32 
37 72 
82 58 
40 75 
73 70 
49 54 
66 46 86 
25 88 
72 7 
11 96 
58 93 
75 55 
88 38 
86 14 
70 
87 
18 97 
1 
32 43 
31 23 
54 
55 
7 10 
30 
38 3 
89 
97 44 
96 56 
15 
95 
10 
94 
3 27 
43 
29 
51 
12 
17 
98 
79 33 
84 
14 8 
64 
93 
68 
34 
90 
23 
46 78 
39 
42 
44 
63 
80 
33 69 
27 
99 
78 
69 
56 
8 
9 
92 
# clone tree 9 objective: 3.74097
0 74 85 
85 1 49 76 47 
47 94 5 
5 84 65 59 
59 15 20 26 
26 66 53 
53 34 68 40 36 
36 29 91 48 
48 33 89 87 60 
20 35 
35 57 
62 50 
60 62 
50 28 
57 64 98 4 
28 67 
67 8 95 22 
4 51 61 
6 71 
81 90 6 
91 31 81 
24 41 
61 82 2 
22 42 24 
2 79 77 
45 18 19 
41 45 
19 39 37 
71 83 
83 52 
77 13 
13 21 
76 16 
74 73 
16 44 11 
21 63 25 
65 12 30 
52 32 
37 72 
82 58 
40 75 
73 70 
49 54 
66 46 86 
25 88 
72 7 
11 96 
58 99 93 
75 55 
88 38 
86 14 
70 17 
87 
18 56 97 
1 
32 43 
31 23 
54 
55 
7 10 
30 
38 3 
89 
97 
96 
15 
95 
10 9 
94 
3 27 
43 
29 80 
51 92 
12 
17 
98 
79 69 
84 
14 
64 
93 
68 
34 
90 
23 
46 
39 
42 
44 
63 
80 
33 
27 78 
99 
78 
69 
56 
8 
9 
92 
# clone tree 10 objective: 3.74097
0 74 85 
85 1 49 76 47 
47 94 5 
5 84 65 59 
59 15 20 26 
26 66 53 
53 34 68 40 36 
36 29 91 48 
48 33 89 87 60 
20 35 
35 57 
62 50 
60 62 
50 28 
57 64 98 4 
28 67 
67 95 22 
4 51 61 
6 71 
81 90 6 
91 31 81 
24 41 
61 82 2 
22 42 24 
2 79 77 
45 18 19 
41 45 
19 39 37 
71 83 
83 52 
77 13 
13 21 
76 16 
74 73 
16 44 11 
21 63 25 
65 56 12 30 
52 32 
37 72 
82 58 
40 75 
73 70 
49 54 
66 46 86 
25 88 
72 7 
11 96 
58 99 93 
75 55 
88 38 
86 14 
70 17 
87 
18 97 
1 
32 9 43 
31 23 
54 
55 
7 10 
30 
38 3 
89 
97 8 
96 
15 
95 
10 
94 
3 27 
43 
29 80 
51 
12 
17 
98 
79 69 
84 
14 
64 
93 
68 
34 
90 
23 
46 
39 
42 92 
44 
63 
80 
33 
27 78 
99 
78 
69 
56 
8 
9 
92 
# clone tree 11 objective: 3.74097
0 74 85 
85 1 49 76 47 
47 94 5 
5 84 65 59 
59 15 20 26 
26 66 53 
53 34 68 40 36 
36 29 91 48 
48 33 89 87 60 
20 35 
35 57 
62 50 
60 62 
50 28 
57 64 98 4 
28 67 
67 8 95 22 
4 51 61 
6 71 
81 90 6 
91 31 81 
24 41 
61 82 2 
22 42 24 
2 79 77 
45 18 19 
41 45 
19 39 37 
71 83 
83 52 
77 13 
13 21 
76 16 
74 73 
16 44 11 
21 63 25 
65 12 30 
52 32 
37 72 
82 58 
40 75 
73 70 
49 54 
66 46 86 
25 88 
72 7 
11 96 
58 99 93 
75 55 
88 38 
86 14 
70 17 
87 
18 56 97 
1 
32 43 
31 23 
54 
55 
7 10 
30 
38 3 
89 
97 
96 
15 
95 
10 9 
94 
3 27 
43 92 
29 80 
51 
12 
17 
98 
79 69 
84 
14 
64 
93 
68 
34 
90 
23 
46 
39 
42 
44 
63 
80 
33 
27 78 
99 
78 
69 
56 
8 
9 
92 
# clone tree 12 objective: 3.74097
0 74 85 
85 1 49 76 47 
47 94 5 
5 84 65 59 
59 15 20 26 
26 66 53 
53 34 68 40 36 
36 29 91 48 
48 33 89 87 60 
20 35 
35 57 
62 50 
60 62 
50 28 
57 64 98 4 
28 67 
67 95 22 
4 51 61 
6 71 
81 90 6 
91 31 81 
24 41 
61 82 2 
22 42 24 
2 79 77 
45 18 19 
41 45 
19 39 37 
71 83 
83 52 
77 13 
13 21 
76 16 
74 73 
16 44 11 
21 63 25 
65 56 12 30 
52 32 
37 72 
82 58 
40 75 
73 70 
49 54 
66 46 86 
25 88 
72 7 
11 96 
58 99 93 
75 55 
88 38 
86 14 
70 17 
87 
18 97 
1 
32 9 43 
31 23 
54 
55 
7 10 
30 
38 3 
89 
97 8 
96 
15 
95 
10 
94 
3 27 
43 
29 80 
51 
12 
17 
98 
79 69 
84 92 
14 
64 
93 
68 
34 
90 
23 
46 
39 
42 
44 
63 
80 
33 
27 78 
99 
78 
69 
56 
8 
9 
92 
# clone tree 13 objective: 3.74097
0 17 74 85 
85 1 49 76 47 
47 94 5 
5 84 98 65 59 
59 15 20 26 
26 66 53 
53 68 40 36 
36 29 91 48 
48 89 87 60 
20 35 
35 57 
62 12 50 
60 62 
50 28 
57 64 4 
28 67 
67 34 95 22 
4 51 61 
6 9 71 
81 90 6 
91 31 81 
24 41 
61 82 2 
22 42 24 
2 79 77 
45 18 19 
41 45 
19 39 37 
71 83 
83 52 
77 13 
13 21 
76 16 
74 99 73 
16 11 
21 63 25 
65 92 30 
52 32 
37 72 
82 58 
40 75 
73 70 
49 54 
66 46 86 
25 88 
72 7 
11 96 
58 93 
75 55 
88 38 
86 14 
70 23 
87 
18 97 
1 
32 43 
31 44 
54 
55 
7 10 
30 56 
38 3 
89 69 
97 
96 
15 
95 
10 78 
94 
3 27 
43 
29 80 
51 8 
12 
17 
98 
79 33 
84 
14 
64 
93 
68 
34 
90 
23 
46 
39 
42 
44 
63 
80 
33 
27 
99 
78 
69 
56 
8 
9 
92 
# clone tree 14 objective: 3.74097
0 74 85 
85 1 49 76 47 
47 94 5 
5 84 65 59 
59 15 20 26 
26 66 53 
53 34 68 40 36 
36 29 91 48 
48 33 89 87 60 
20 35 
35 57 
62 50 
60 62 
50 28 
57 64 98 4 
28 67 
67 95 22 
4 51 61 
6 71 
81 90 6 
91 31 81 
24 41 
61 82 2 
22 42 24 
2 79 77 
45 18 19 
41 45 
19 39 37 
71 83 
83 52 
77 13 
13 21 
76 16 
74 73 
16 44 11 
21 63 25 
65 56 12 30 
52 32 
37 72 
82 58 
40 75 
73 70 
49 54 
66 46 86 
25 88 
72 7 
11 96 
58 99 93 
75 55 
88 38 
86 14 
70 17 
87 
18 97 
1 
32 9 43 
31 23 
54 
55 
7 10 
30 
38 3 
89 
97 8 
96 
15 
95 
10 92 
94 
3 27 
43 
29 80 
51 
12 
17 
98 
79 69 
84 
14 
64 
93 
68 
34 
90 
23 
46 
39 
42 
44 
63 
80 
33 
27 78 
99 
78 
69 
56 
8 
9 
92 
# clone tree 15 objective: 3.74097
0 74 85 
85 1 49 76 47 
47 94 5 
5 84 65 59 
59 15 20 26 
26 66 53 
53 34 68 40 36 
36 29 91 48 
48 33 89 87 60 
20 35 
35 57 
62 50 
60 62 
50 28 
57 64 98 4 
28 67 
67 8 95 22 
4 51 61 
6 71 
81 90 6 
91 31 81 
24 41 
61 82 2 
22 42 24 
2 79 77 
45 18 19 
41 45 
19 39 37 
71 83 
83 52 
77 13 
13 21 
76 16 
74 73 
16 44 11 
21 63 25 
65 12 30 
52 32 
37 72 
82 58 
40 75 
73 70 
49 54 
66 46 86 
25 88 
72 7 
11 96 
58 99 93 
75 55 
88 38 
86 14 
70 17 
87 
18 56 97 
1 
32 92 43 
31 23 
54 
55 
7 10 
30 
38 3 
89 
97 
96 
15 
95 
10 9 
94 
3 27 
43 
29 80 
51 
12 
17 
98 
79 69 
84 
14 
64 
93 
68 
34 
90 
23 
46 
39 
42 
44 
63 
80 
33 
27 78 
99 
78 
69 
56 
8 
9 
92 
# clone tree 16 objective: 3.74097
0 74 85 
85 1 49 76 47 
47 94 5 
5 84 65 59 
59 15 20 26 
26 66 53 
53 34 68 40 36 
36 29 91 48 
48 33 89 87 60 
20 35 
35 57 
62 50 
60 62 
50 28 
57 64 98 4 
28 67 
67 95 22 
4 51 61 
6 71 
81 90 6 
91 31 81 
24 41 
61 82 2 
22 42 24 
2 79 77 
45 18 19 
41 45 
19 39 37 
71 83 
83 52 
77 13 
13 21 
76 16 
74 73 
16 44 11 
21 63 25 
65 56 12 30 
52 32 
37 72 
82 58 
40 75 
73 70 
49 54 
66 46 86 
25 88 
72 7 
11 96 
58 99 93 
75 55 
88 38 
86 14 
70 17 
87 
18 97 
1 
32 9 43 
31 23 
54 92 
55 
7 10 
30 
38 3 
89 
97 8 
96 
15 
95 
10 
94 
3 27 
43 
29 80 
51 
12 
17 
98 
79 69 
84 
14 
64 
93 
68 
34 
90 
23 
46 
39 
42 
44 
63 
80 
33 
27 78 
99 
78 
69 
56 
8 
9 
92 
# clone tree 17 objective: 3.74097
0 17 74 85 
85 1 49 76 47 
47 94 5 
5 84 98 65 59 
59 15 20 26 
26 66 53 
53 68 40 36 
36 29 91 48 
48 89 87 60 
20 35 
35 57 
62 12 50 
60 62 
50 28 
57 64 4 
28 67 
67 34 95 22 
4 51 61 
6 9 71 
81 90 6 
91 31 81 
24 41 
61 82 2 
22 42 24 
2 79 77 
45 18 19 
41 45 
19 39 37 
71 83 
83 52 
77 13 
13 92 21 
76 16 
74 99 73 
16 11 
21 63 25 
65 30 
52 32 
37 72 
82 58 
40 75 
73 70 
49 54 
66 46 86 
25 88 
72 7 
11 96 
58 93 
75 55 
88 38 
86 14 
70 23 
87 
18 97 
1 
32 43 
31 44 
54 
55 
7 10 
30 56 
38 3 
89 69 
97 
96 
15 
95 
10 78 
94 
3 27 
43 
29 80 
51 8 
12 
17 
98 
79 33 
84 
14 
64 
93 
68 
34 
90 
23 
46 
39 
42 
44 
63 
80 
33 
27 
99 
78 
69 
56 
8 
9 
92 
# clone tree 18 objective: 3.74097
0 74 85 
85 1 49 76 47 
47 94 5 
5 84 65 59 
59 15 20 26 
26 66 53 
53 34 68 40 36 
36 29 91 48 
48 33 89 87 60 
20 35 
35 57 
62 50 
60 62 
50 28 
57 64 98 4 
28 67 
67 95 22 
4 51 61 
6 71 
81 90 6 
91 31 81 
24 41 
61 82 2 
22 42 24 
2 79 77 
45 18 19 
41 45 
19 39 37 
71 83 
83 52 
77 13 
13 21 
76 16 
74 73 
16 44 11 
21 63 25 
65 56 12 30 
52 32 
37 92 72 
82 58 
40 75 
73 70 
49 54 
66 46 86 
25 88 
72 7 
11 96 
58 99 93 
75 55 
88 38 
86 14 
70 17 
87 
18 97 
1 
32 9 43 
31 23 
54 
55 
7 10 
30 
38 3 
89 
97 8 
96 
15 
95 
10 
94 
3 27 
43 
29 80 
51 
12 
17 
98 
79 69 
84 
14 
64 
93 
68 
34 
90 
23 
46 
39 
42 
44 
63 
80 
33 
27 78 
99 
78 
69 
56 
8 
9 
92 
# clone tree 19 objective: 3.74097
0 74 85 
85 1 49 76 47 
47 94 5 
5 84 65 59 
59 15 20 26 
26 66 53 
53 34 68 40 36 
36 29 91 48 
48 33 89 87 60 
20 35 
35 57 
62 50 
60 62 
50 28 
57 64 98 4 
28 67 
67 8 95 22 
4 51 61 
6 71 
81 90 6 
91 31 81 
24 41 
61 82 2 
22 42 24 
2 79 77 
45 18 19 
41 45 
19 39 37 
71 83 
83 52 
77 13 
13 21 
76 16 
74 73 
16 44 11 
21 63 25 
65 12 30 
52 32 
37 72 
82 58 
40 75 
73 70 
49 54 
66 46 86 
25 88 
72 7 
11 96 
58 99 93 
75 55 
88 38 
86 14 
70 17 
87 
18 56 97 
1 
32 43 
31 23 
54 
55 
7 10 
30 
38 3 
89 
97 
96 
15 
95 
10 9 
94 
3 92 27 
43 
29 80 
51 
12 
17 
98 
79 69 
84 
14 
64 
93 
68 
34 
90 
23 
46 
39 
42 
44 
63 
80 
33 
27 78 
99 
78 
69 
56 
8 
9 
92 
# clone tree 20 objective: 3.74097
0 74 85 
85 1 49 76 47 
47 94 5 
5 84 65 59 
59 15 20 26 
26 66 53 
53 34 68 40 36 
36 29 91 48 
48 33 89 87 60 
20 35 
35 57 
62 50 
60 62 
50 28 
57 64 98 4 
28 67 
67 95 22 
4 51 61 
6 71 
81 90 6 
91 31 81 
24 41 
61 82 2 
22 42 24 
2 79 77 
45 18 19 
41 45 
19 39 37 
71 83 
83 52 
77 13 
13 21 
76 16 
74 73 
16 44 11 
21 63 25 
65 56 12 30 
52 32 
37 72 
82 58 
40 75 
73 70 
49 54 
66 46 86 
25 88 
72 7 
11 96 
58 99 93 
75 55 
88 38 
86 14 
70 17 
87 
18 97 
1 
32 9 43 
31 23 
54 
55 
7 10 
30 
38 3 
89 
97 8 
96 
15 
95 
10 
94 
3 27 
43 
29 80 
51 
12 
17 
98 
79 69 
84 
14 
64 
93 
68 
34 
90 
23 
46 
39 
42 
44 
63 
80 
33 
27 78 
99 
78 
69 92 
56 
8 
9 
92 
# clone tree 21 objective: 3.74097
0 17 74 85 
85 1 49 76 47 
47 94 5 
5 84 98 65 59 
59 15 20 26 
26 66 53 
53 68 40 36 
36 29 91 48 
48 89 87 60 
20 35 
35 57 
62 12 50 
60 62 
50 28 
57 64 4 
28 67 
67 34 95 22 
4 51 61 
6 9 71 
81 90 6 
91 31 81 
24 41 
61 82 2 
22 42 24 
2 79 77 
45 18 19 
41 45 
19 39 37 
71 83 
83 52 
77 13 
13 21 
76 16 
74 99 73 
16 11 
21 63 25 
65 30 
52 32 
37 72 
82 58 
40 75 
73 70 
49 54 
66 46 86 
25 88 
72 7 
11 96 
58 93 
75 55 
88 38 
86 14 
70 23 
87 92 
18 97 
1 
32 43 
31 44 
54 
55 
7 10 
30 56 
38 3 
89 69 
97 
96 
15 
95 
10 78 
94 
3 27 
43 
29 80 
51 8 
12 
17 
98 
79 33 
84 
14 
64 
93 
68 
34 
90 
23 
46 
39 
42 
44 
63 
80 
33 
27 
99 
78 
69 
56 
8 
9 
92 
# clone tree 22 objective: 3.74097
0 74 85 
85 1 49 76 47 
47 94 5 
5 84 65 59 
59 15 20 26 
26 66 53 
53 34 68 40 36 
36 29 91 48 
48 33 89 87 60 
20 35 
35 57 
62 50 
60 62 
50 28 
57 64 98 4 
28 67 
67 95 22 
4 51 61 
6 71 
81 90 6 
91 31 81 
24 41 
61 82 2 
22 42 24 
2 79 77 
45 18 19 
41 45 
19 39 37 
71 92 83 
83 52 
77 13 
13 21 
76 16 
74 73 
16 44 11 
21 63 25 
65 56 12 30 
52 32 
37 72 
82 58 
40 75 
73 70 
49 54 
66 46 86 
25 88 
72 7 
11 96 
58 99 93 
75 55 
88 38 
86 14 
70 17 
87 
18 97 
1 
32 9 43 
31 23 
54 
55 
7 10 
30 
38 3 
89 
97 8 
96 
15 
95 
10 
94 
3 27 
43 
29 80 
51 
12 
17 
98 
79 69 
84 
14 
64 
93 
68 
34 
90 
23 
46 
39 
42 
44 
63 
80 
33 
27 78 
99 
78 
69 
56 
8 
9 
92 
# clone tree 23 objective: 3.74097
0 74 85 
85 1 49 76 47 
47 94 5 
5 84 65 59 
59 15 20 26 
26 66 53 
53 34 68 40 36 
36 29 91 48 
48 33 89 87 60 
20 35 
35 57 
62 50 
60 62 
50 28 
57 64 98 4 
28 67 
67 8 95 22 
4 51 61 
6 71 
81 90 6 
91 31 81 
24 41 
61 82 2 
22 42 24 
2 79 77 
45 18 19 
41 45 
19 39 37 
71 83 
83 52 
77 13 
13 21 
76 16 
74 73 
16 44 11 
21 63 25 
65 12 30 
52 32 
37 72 
82 58 
40 75 
73 70 
49 54 
66 46 86 
25 88 
72 7 
11 96 
58 99 93 
75 55 
88 38 
86 14 
70 17 
87 
18 56 97 
1 
32 43 
31 23 
54 
55 
7 10 
30 
38 92 3 
89 
97 
96 
15 
95 
10 9 
94 
3 27 
43 
29 80 
51 
12 
17 
98 
79 69 
84 
14 
64 
93 
68 
34 
90 
23 
46 
39 
42 
44 
63 
80 
33 
27 78 
99 
78 
69 
56 
8 
9 
92 
# clone tree 24 objective: 3.74097
0 74 85 
85 1 49 76 47 
47 94 5 
5 84 65 59 
59 15 20 26 
26 66 53 
53 34 68 40 36 
36 29 91 48 
48 33 89 87 60 
20 35 
35 57 
62 50 
60 62 
50 28 
57 64 98 4 
28 67 
67 95 22 
4 51 61 
6 71 
81 90 6 
91 31 81 
24 41 
61 82 2 
22 42 24 
2 79 77 
45 18 19 
41 45 
19 39 37 
71 83 
83 52 
77 13 
13 21 
76 16 
74 73 
16 44 11 
21 63 25 
65 56 12 30 
52 32 
37 72 
82 58 
40 75 
73 70 
49 54 
66 46 86 
25 88 
72 7 
11 96 
58 99 93 
75 55 
88 38 
86 14 
70 17 
87 
18 97 
1 
32 9 43 
31 23 
54 
55 
7 10 
30 
38 3 
89 
97 8 
96 
15 
95 
10 
94 
3 27 
43 
29 80 
51 
12 
17 
98 
79 69 
84 
14 
64 
93 
68 
34 
90 
23 
46 92 
39 
42 
44 
63 
80 
33 
27 78 
99 
78 
69 
56 
8 
9 
92 
# clone tree 25 objective: 3.74097
0 74 85 
85 1 49 76 47 
47 94 5 
5 84 65 59 
59 9 15 20 26 
26 66 53 
53 34 68 40 36 
36 29 91 48 
48 33 89 87 60 
20 35 
35 57 
62 50 
60 62 
50 28 
57 64 98 4 
28 67 
67 95 22 
4 51 61 
6 71 
81 90 6 
91 31 81 
24 41 
61 82 2 
22 42 24 
2 79 77 
45 18 19 
41 45 
19 39 37 
71 83 
83 52 
77 13 
13 21 
76 16 
74 73 
16 44 11 
21 63 25 
65 12 30 
52 32 
37 72 
82 58 
40 75 
73 70 
49 54 
66 46 86 
25 88 
72 7 
11 96 
58 99 93 
75 55 
88 92 38 
86 14 
70 17 
87 
18 97 
1 
32 43 
31 23 
54 
55 
7 10 
30 56 
38 3 
89 
97 8 
96 
15 
95 
10 
94 
3 27 
43 
29 80 
51 
12 
17 
98 
79 69 
84 
14 
64 
93 
68 
34 
90 
23 
46 
39 
42 
44 
63 
80 
33 
27 78 
99 
78 
69 
56 
8 
9 
92 
# clone tree 26 objective: 3.74097
0 74 85 
85 1 49 76 47 
47 94 5 
5 84 65 59 
59 15 20 26 
26 66 53 
53 34 68 40 36 
36 29 91 48 
48 33 89 87 60 
20 35 
35 57 
62 50 
60 62 
50 28 
57 64 98 4 
28 92 67 
67 56 95 22 
4 51 61 
6 71 
81 90 6 
91 31 81 
24 41 
61 82 2 
22 42 24 
2 79 77 
45 18 19 
41 45 
19 39 37 
71 83 
83 52 
77 13 
13 21 
76 16 
74 73 
16 44 11 
21 63 25 
65 12 30 
52 32 
37 72 
82 58 
40 75 
73 70 
49 54 
66 46 86 
25 88 
72 7 
11 96 
58 99 93 
75 55 
88 38 
86 14 
70 17 
87 
18 97 
1 
32 43 
31 23 
54 
55 
7 10 
30 
38 3 
89 
97 
96 
15 
95 
10 
94 
3 27 
43 
29 80 
51 
12 
17 
98 
79 69 
84 
14 
64 
93 
68 
34 
90 8 
23 
46 
39 
42 
44 9 
63 
80 
33 
27 78 
99 
78 
69 
56 
8 
9 
92 
# clone tree 27 objective: 3.74097
0 17 74 85 
85 1 49 76 47 
47 94 5 
5 84 98 65 59 
59 33 80 15 20 26 
26 66 53 
53 34 40 36 
36 29 91 48 
48 89 87 60 
20 8 35 
35 57 
62 50 
60 62 
50 28 
57 64 4 
28 67 
67 68 95 22 
4 51 61 
6 71 
81 90 6 
91 31 81 
24 41 
61 82 2 
22 42 24 
2 79 77 
45 18 19 
41 45 
19 56 39 37 
71 83 
83 52 
77 13 
13 21 
76 16 
74 99 73 
16 11 
21 63 25 
65 12 30 
52 32 
37 72 
82 58 
40 75 
73 70 
49 54 
66 46 86 
25 88 
72 7 
11 96 
58 93 
75 9 55 
88 38 
86 14 
70 
87 
18 97 
1 
32 43 
31 23 
54 
55 
7 10 
30 
38 3 
89 
97 69 44 
96 
15 
95 
10 78 
94 
3 
43 
29 
51 
12 
17 
98 
79 
84 
14 
64 
93 
68 92 
34 
90 
23 
46 27 
39 
42 
44 
63 
80 
33 
27 
99 
78 
69 
56 
8 
9 
92 
# clone tree 28 objective: 3.74097
0 74 85 
85 1 49 76 47 
47 94 5 
5 84 65 59 
59 15 20 26 
26 66 53 
53 34 68 40 36 
36 29 91 48 
48 33 89 87 60 
20 35 
35 57 
62 50 
60 62 
50 28 
57 64 98 4 
28 67 
67 8 95 22 
4 51 61 
6 71 
81 90 6 
91 31 81 
24 41 
61 82 2 
22 42 24 
2 79 77 
45 18 19 
41 45 
19 39 37 
71 83 
83 52 
77 13 
13 21 
76 16 
74 92 73 
16 44 11 
21 63 25 
65 12 30 
52 32 
37 72 
82 58 
40 56 75 
73 70 
49 54 
66 46 86 
25 88 
72 7 
11 96 
58 99 93 
75 55 
88 38 
86 14 
70 17 
87 
18 97 
1 
32 43 
31 23 
54 
55 
7 10 
30 
38 3 
89 
97 
96 
15 
95 
10 
94 
3 27 
43 
29 80 
51 
12 
17 
98 
79 69 
84 
14 
64 
93 
68 
34 
90 
23 
46 
39 
42 
44 
63 
80 
33 
27 78 
99 
78 
69 9 
56 
8 
9 
92 
# clone tree 29 objective: 3.74097
0 17 74 85 
85 1 49 76 47 
47 94 5 
5 9 84 65 59 
59 15 20 26 
26 66 53 
53 34 68 40 36 
36 29 91 48 
48 33 89 87 60 
20 35 
35 57 
62 50 
60 62 
50 92 28 
57 64 98 4 
28 67 
67 95 22 
4 51 61 
6 71 
81 90 6 
91 31 81 
24 41 
61 82 2 
22 42 24 
2 79 77 
45 18 19 
41 8 45 
19 56 39 37 
71 83 
83 52 
77 13 
13 21 
76 16 
74 73 
16 44 11 
21 63 25 
65 12 30 
52 32 
37 72 
82 58 
40 75 
73 70 
49 54 
66 46 86 
25 88 
72 7 
11 96 
58 99 93 
75 55 
88 38 
86 14 
70 23 
87 
18 97 
1 
32 43 
31 
54 
55 
7 10 
30 
38 3 
89 
97 
96 
15 
95 
10 
94 
3 78 
43 
29 80 
51 
12 
17 
98 
79 
84 
14 
64 
93 69 
68 
34 
90 
23 
46 27 
39 
42 
44 
63 
80 
33 
27 
99 
78 
69 
56 
8 
9 
92 
# clone tree 30 objective: 3.74097
0 74 85 
85 1 49 76 47 
47 94 5 
5 84 65 59 
59 15 20 26 
26 66 53 
53 34 68 40 36 
36 29 91 48 
48 33 89 87 60 
20 35 
35 57 
62 50 
60 62 
50 28 
57 64 98 4 
28 67 
67 95 22 
4 51 61 
6 71 
81 90 6 
91 31 81 
24 41 
61 82 2 
22 42 24 
2 79 77 
45 18 19 
41 45 
19 39 37 
71 83 
83 52 
77 13 
13 21 
76 16 
74 73 
16 44 11 
21 63 25 
65 56 12 30 
52 32 
37 72 
82 58 
40 75 
73 70 
49 54 
66 46 86 
25 88 
72 7 
11 96 
58 99 93 
75 55 
88 38 
86 14 
70 17 
87 
18 97 
1 
32 9 43 
31 23 
54 
55 
7 10 
30 
38 3 
89 
97 8 
96 
15 
95 
10 
94 
3 27 
43 
29 80 
51 
12 
17 
98 
79 69 
84 
14 
64 
93 
68 
34 
90 
23 
46 
39 
42 
44 
63 
80 
33 
27 78 
99 
78 
69 
56 92 
8 
9 
92 
# clone tree 31 objective: 3.74097
0 17 74 85 
85 1 49 76 47 
47 94 5 
5 84 65 59 
59 15 20 26 
26 66 53 
53 34 68 40 36 
36 29 91 48 
48 33 89 87 60 
20 35 
35 57 
62 50 
60 62 
50 28 
57 64 98 4 
28 67 
67 95 22 
4 51 61 
6 71 
81 90 6 
91 31 81 
24 41 
61 82 2 
22 42 24 
2 79 77 
45 18 19 
41 45 
19 39 37 
71 83 
83 52 
77 13 
13 21 
76 16 
74 73 
16 44 11 
21 63 25 
65 12 30 
52 56 32 
37 72 
82 58 
40 75 
73 70 
49 54 
66 46 86 
25 88 
72 7 
11 96 
58 99 93 
75 55 
88 38 
86 14 
70 92 23 
87 
18 97 
1 
32 43 
31 
54 
55 9 
7 10 
30 8 
38 3 
89 
97 
96 
15 
95 
10 
94 
3 78 
43 
29 80 
51 
12 
17 
98 
79 
84 
14 
64 
93 69 
68 
34 
90 
23 
46 27 
39 
42 
44 
63 
80 
33 
27 
99 
78 
69 
56 
8 
9 
92 
# clone tree 32 objective: 3.74097
0 17 74 85 
85 1 49 76 47 
47 94 5 
5 84 65 59 
59 15 20 26 
26 66 53 
53 34 68 40 36 
36 29 91 48 
48 33 89 87 60 
20 35 
35 57 
62 50 
60 62 
50 28 
57 64 98 4 
28 67 
67 95 22 
4 51 61 
6 71 
81 90 6 
91 31 81 
24 41 
61 82 2 
22 42 24 
2 79 77 
45 18 19 
41 45 
19 39 37 
71 83 
83 52 
77 13 
13 21 
76 16 
74 73 
16 44 11 
21 63 25 
65 12 30 
52 56 32 
37 72 
82 58 
40 75 
73 70 
49 54 
66 46 86 
25 88 
72 7 
11 96 
58 99 93 
75 55 
88 38 
86 14 
70 23 
87 
18 97 
1 
32 43 
31 
54 
55 
7 10 
30 8 
38 3 
89 
97 
96 
15 
95 
10 
94 92 
3 78 
43 
29 80 
51 
12 
17 
98 
79 
84 
14 
64 
93 69 
68 
34 
90 
23 
46 27 
39 
42 
44 
63 9 
80 
33 
27 
99 
78 
69 
56 
8 
9 
92 
# clone tree 33 objective: 3.74097
0 17 74 85 
85 1 49 76 47 
47 94 5 
5 84 65 59 
59 15 20 26 
26 66 53 
53 34 68 40 36 
36 29 91 48 
48 33 89 87 60 
20 35 
35 57 
62 50 
60 62 
50 28 
57 64 98 4 
28 67 
67 95 22 
4 51 61 
6 71 
81 90 6 
91 31 81 
24 41 
61 82 2 
22 42 24 
2 79 77 
45 18 19 
41 92 45 
19 39 37 
71 83 
83 52 
77 13 
13 21 
76 16 
74 73 
16 44 11 
21 63 25 
65 12 30 
52 56 32 
37 72 
82 58 
40 75 
73 70 
49 54 
66 46 86 
25 88 
72 7 
11 96 
58 99 93 
75 55 
88 38 
86 14 
70 23 
87 
18 97 
1 
32 43 
31 
54 
55 
7 10 
30 8 
38 3 
89 
97 
96 
15 
95 
10 
94 
3 78 
43 
29 80 
51 
12 9 
17 
98 
79 
84 
14 
64 
93 69 
68 
34 
90 
23 
46 27 
39 
42 
44 
63 
80 
33 
27 
99 
78 
69 
56 
8 
9 
92 
# clone tree 34 objective: 3.74097
0 17 74 85 
85 1 49 76 47 
47 94 5 
5 84 65 59 
59 15 20 26 
26 66 53 
53 34 68 40 36 
36 29 91 48 
48 33 89 87 60 
20 35 
35 57 
62 50 
60 62 
50 28 
57 64 98 4 
28 67 
67 95 22 
4 51 61 
6 71 
81 90 6 
91 31 81 
24 41 
61 82 2 
22 42 24 
2 79 77 
45 18 19 
41 45 
19 39 37 
71 92 83 
83 52 
77 13 
13 21 
76 16 
74 73 
16 44 11 
21 63 25 
65 12 30 
52 56 32 
37 72 
82 58 
40 75 
73 70 
49 54 
66 46 86 
25 88 
72 7 
11 96 
58 99 93 
75 55 
88 38 
86 14 
70 23 
87 
18 97 
1 
32 43 
31 
54 
55 
7 10 
30 8 
38 3 
89 
97 9 
96 
15 
95 
10 
94 
3 78 
43 
29 80 
51 
12 
17 
98 
79 
84 
14 
64 
93 69 
68 
34 
90 
23 
46 27 
39 
42 
44 
63 
80 
33 
27 
99 
78 
69 
56 
8 
9 
92 
# clone tree 35 objective: 3.74097
0 17 74 85 
85 1 49 76 47 
47 94 5 
5 84 65 59 
59 15 20 26 
26 66 53 
53 34 40 36 
36 29 91 48 
48 33 89 87 60 
20 35 
35 57 
62 50 
60 62 
50 28 
57 64 98 4 
28 67 
67 68 95 22 
4 51 61 
6 71 
81 90 6 
91 31 81 
24 80 41 
61 82 2 
22 42 24 
2 92 79 77 
45 18 19 
41 45 
19 39 37 
71 83 
83 52 
77 13 
13 21 
76 16 
74 73 
16 11 
21 63 25 
65 12 30 
52 32 
37 72 
82 58 
40 75 
73 70 
49 54 
66 46 86 
25 88 
72 7 
11 96 
58 93 
75 55 
88 38 
86 14 
70 
87 
18 97 
1 
32 43 
31 23 
54 
55 
7 10 
30 
38 3 
89 8 69 
97 9 44 
96 99 
15 
95 56 
10 78 
94 
3 27 
43 
29 
51 
12 
17 
98 
79 
84 
14 
64 
93 
68 
34 
90 
23 
46 
39 
42 
44 
63 
80 
33 
27 
99 
78 
69 
56 
8 
9 
92 
# clone tree 36 objective: 3.74097
0 17 74 85 
85 1 49 76 47 
47 94 5 
5 84 65 59 
59 15 20 26 
26 66 53 
53 34 68 40 36 
36 29 91 48 
48 33 89 87 60 
20 35 
35 9 57 
62 50 
60 62 
50 28 
57 64 98 4 
28 67 
67 95 22 
4 51 61 
6 71 
81 90 6 
91 31 81 
24 41 
61 82 2 
22 42 24 
2 79 77 
45 18 19 
41 8 45 
19 56 39 37 
71 83 
83 52 
77 13 
13 21 
76 16 
74 73 
16 44 11 
21 63 25 
65 12 30 
52 32 
37 72 
82 58 
40 75 
73 70 
49 54 
66 46 86 
25 88 
72 7 
11 96 
58 99 93 
75 55 
88 38 
86 14 
70 23 
87 
18 97 
1 
32 43 
31 
54 
55 
7 10 
30 
38 3 
89 
97 
96 
15 
95 
10 
94 
3 78 
43 
29 80 
51 
12 
17 92 
98 
79 
84 
14 
64 
93 69 
68 
34 
90 
23 
46 27 
39 
42 
44 
63 
80 
33 
27 
99 
78 
69 
56 
8 
9 
92 
# clone tree 37 objective: 3.74097
0 17 74 85 
85 1 49 76 47 
47 94 5 
5 84 98 65 59 
59 15 20 26 
26 66 53 
53 68 40 36 
36 29 91 48 
48 89 87 60 
20 35 
35 57 
62 12 50 
60 62 
50 28 
57 64 4 
28 67 
67 34 95 22 
4 51 61 
6 71 
81 90 6 
91 31 81 
24 41 
61 82 2 
22 42 24 
2 79 77 
45 18 19 
41 9 45 
19 39 37 
71 83 
83 52 
77 13 
13 21 
76 16 
74 99 73 
16 11 
21 63 25 
65 30 
52 32 
37 72 
82 58 
40 75 
73 70 
49 54 
66 46 86 
25 8 88 
72 7 
11 96 
58 93 
75 55 
88 38 
86 14 
70 23 
87 
18 97 
1 
32 43 
31 44 
54 92 
55 
7 10 
30 56 
38 3 
89 69 
97 
96 
15 
95 
10 78 
94 
3 27 
43 
29 80 
51 
12 
17 
98 
79 33 
84 
14 
64 
93 
68 
34 
90 
23 
46 
39 
42 
44 
63 
80 
33 
27 
99 
78 
69 
56 
8 
9 
92 
# clone tree 38 objective: 3.74097
0 17 74 85 
85 1 49 76 47 
47 94 5 
5 84 65 59 
59 15 20 26 
26 66 53 
53 34 68 40 36 
36 29 91 48 
48 33 89 87 60 
20 35 
35 57 
62 50 
60 62 
50 28 
57 64 98 4 
28 67 
67 95 22 
4 51 61 
6 71 
81 90 6 
91 31 81 
24 41 
61 82 2 
22 42 24 
2 79 77 
45 18 19 
41 45 
19 39 37 
71 83 
83 52 
77 13 
13 21 
76 16 
74 73 
16 44 11 
21 63 25 
65 12 30 
52 56 32 
37 72 
82 58 
40 75 
73 70 
49 54 
66 46 86 
25 88 
72 7 
11 96 
58 99 93 
75 55 
88 38 
86 14 
70 23 
87 
18 97 
1 
32 43 
31 
54 
55 
7 10 
30 8 
38 3 
89 
97 
96 
15 
95 
10 
94 
3 78 
43 
29 80 
51 
12 
17 
98 
79 
84 
14 
64 
93 69 
68 92 
34 
90 
23 
46 27 
39 
42 
44 
63 
80 
33 
27 
99 9 
78 
69 
56 
8 
9 
92 
# clone tree 39 objective: 3.74097
0 17 74 85 
85 1 49 76 47 
47 94 5 
5 84 65 59 
59 15 20 26 
26 66 53 
53 34 68 40 36 
36 29 91 48 
48 33 89 87 60 
20 35 
35 57 
62 50 
60 62 
50 28 
57 64 98 4 
28 67 
67 95 22 
4 51 61 
6 71 
81 90 6 
91 31 81 
24 41 
61 92 82 2 
22 42 24 
2 79 77 
45 18 19 
41 45 
19 39 37 
71 83 
83 52 
77 13 
13 21 
76 16 
74 73 
16 44 11 
21 63 25 
65 12 30 
52 9 56 32 
37 72 
82 58 
40 75 
73 70 
49 54 
66 46 86 
25 88 
72 7 
11 96 
58 99 93 
75 55 
88 38 
86 14 
70 23 
87 
18 97 
1 
32 43 
31 
54 
55 
7 10 
30 
38 3 
89 
97 8 
96 
15 
95 
10 
94 
3 78 
43 
29 80 
51 
12 
17 
98 
79 
84 
14 
64 
93 69 
68 
34 
90 
23 
46 27 
39 
42 
44 
63 
80 
33 
27 
99 
78 
69 
56 
8 
9 
92 
# clone tree 40 objective: 3.74097
0 17 74 85 
85 1 49 76 47 
47 94 5 
5 84 65 59 
59 15 20 26 
26 66 53 
53 34 68 40 36 
36 29 91 48 
48 33 89 87 60 
20 35 
35 57 
62 50 
60 62 
50 28 
57 64 98 4 
28 67 
67 95 22 
4 51 61 
6 71 
81 90 6 
91 31 81 
24 41 
61 82 2 
22 42 24 
2 79 77 
45 18 19 
41 8 45 
19 56 39 37 
71 83 
83 52 
77 13 
13 21 
76 16 
74 73 
16 44 11 
21 63 25 
65 12 30 
52 32 
37 72 
82 58 
40 75 
73 70 
49 54 
66 46 86 
25 88 
72 7 
11 96 
58 99 93 
75 55 
88 38 
86 14 
70 23 
87 
18 97 
1 
32 43 
31 9 
54 
55 
7 10 
30 
38 3 
89 
97 
96 
15 
95 
10 
94 
3 78 
43 
29 80 
51 
12 
17 
98 
79 
84 
14 
64 
93 69 
68 
34 
90 92 
23 
46 27 
39 
42 
44 
63 
80 
33 
27 
99 
78 
69 
56 
8 
9 
92 
# clone tree 41 objective: 3.74097
0 17 74 85 
85 1 49 76 47 
47 94 5 
5 84 98 65 59 
59 15 20 26 
26 66 53 
53 68 40 36 
36 29 91 48 
48 89 87 60 
20 35 
35 57 
62 12 50 
60 62 
50 28 
57 64 4 
28 67 
67 34 95 22 
4 51 61 
6 71 
81 90 6 
91 31 81 
24 41 
61 82 2 
22 42 24 
2 79 77 
45 18 19 
41 8 45 
19 39 37 
71 83 
83 52 
77 13 
13 21 
76 16 
74 99 73 
16 11 
21 63 25 
65 30 
52 32 
37 72 
82 58 
40 75 
73 70 
49 92 54 
66 46 86 
25 88 
72 7 
11 96 
58 93 
75 55 
88 38 
86 14 
70 23 
87 
18 97 
1 
32 43 
31 44 
54 
55 
7 10 
30 56 
38 3 
89 69 
97 
96 
15 
95 
10 78 
94 
3 27 
43 9 
29 80 
51 
12 
17 
98 
79 33 
84 
14 
64 
93 
68 
34 
90 
23 
46 
39 
42 
44 
63 
80 
33 
27 
99 
78 
69 
56 
8 
9 
92 
# clone tree 42 objective: 3.74097
0 74 85 
85 1 49 76 47 
47 94 5 
5 84 65 59 
59 9 15 20 26 
26 92 66 53 
53 34 68 40 36 
36 29 91 48 
48 33 89 87 60 
20 35 
35 57 
62 50 
60 62 
50 28 
57 64 98 4 
28 67 
67 95 22 
4 51 61 
6 71 
81 90 6 
91 31 81 
24 41 
61 82 2 
22 42 24 
2 79 77 
45 18 19 
41 45 
19 39 37 
71 83 
83 52 
77 13 
13 21 
76 16 
74 73 
16 44 11 
21 63 25 
65 12 30 
52 32 
37 72 
82 58 
40 75 
73 70 
49 54 
66 46 86 
25 88 
72 7 
11 96 
58 99 93 
75 55 
88 38 
86 14 
70 17 
87 
18 97 
1 
32 43 
31 23 
54 
55 
7 10 
30 56 
38 3 
89 
97 8 
96 
15 
95 
10 
94 
3 27 
43 
29 80 
51 
12 
17 
98 
79 69 
84 
14 
64 
93 
68 
34 
90 
23 
46 
39 
42 
44 
63 
80 
33 
27 78 
99 
78 
69 
56 
8 
9 
92 
# clone tree 43 objective: 3.74097
0 17 74 85 
85 1 49 76 47 
47 94 5 
5 84 65 59 
59 15 20 26 
26 66 53 
53 34 68 40 36 
36 29 91 48 
48 33 89 87 60 
20 35 
35 57 
62 50 
60 62 
50 28 
57 64 98 4 
28 67 
67 95 22 
4 51 61 
6 71 
81 90 6 
91 31 81 
24 41 
61 82 2 
22 42 24 
2 79 77 
45 18 19 
41 45 
19 39 37 
71 83 
83 52 
77 13 
13 21 
76 16 
74 73 
16 44 11 
21 63 25 
65 12 30 
52 56 32 
37 72 
82 58 
40 75 
73 70 
49 54 
66 46 86 
25 88 
72 7 
11 96 
58 99 93 
75 9 55 
88 38 
86 92 14 
70 23 
87 
18 97 
1 
32 43 
31 
54 
55 
7 10 
30 8 
38 3 
89 
97 
96 
15 
95 
10 
94 
3 78 
43 
29 80 
51 
12 
17 
98 
79 
84 
14 
64 
93 69 
68 
34 
90 
23 
46 27 
39 
42 
44 
63 
80 
33 
27 
99 
78 
69 
56 
8 
9 
92 
# clone tree 44 objective: 3.74097
0 17 74 85 
85 1 49 76 47 
47 94 5 
5 84 65 59 
59 15 20 26 
26 66 53 
53 34 68 40 36 
36 29 91 48 
48 33 89 87 60 
20 92 35 
35 57 
62 50 
60 62 
50 28 
57 64 98 4 
28 67 
67 95 22 
4 51 61 
6 71 
81 90 6 
91 31 81 
24 41 
61 82 2 
22 42 24 
2 79 77 
45 18 19 
41 45 
19 39 37 
71 83 
83 52 
77 13 
13 21 
76 16 
74 73 
16 44 11 
21 63 25 
65 12 30 
52 56 32 
37 72 
82 58 
40 75 
73 70 
49 54 
66 46 86 
25 88 
72 7 
11 96 
58 99 93 
75 55 
88 38 
86 14 
70 23 
87 
18 97 
1 
32 43 
31 
54 
55 
7 10 
30 8 
38 3 
89 
97 
96 
15 
95 
10 
94 
3 78 
43 
29 80 
51 
12 9 
17 
98 
79 
84 
14 
64 
93 69 
68 
34 
90 
23 
46 27 
39 
42 
44 
63 
80 
33 
27 
99 
78 
69 
56 
8 
9 
92 
# clone tree 45 objective: 3.74097
0 17 74 85 
85 1 49 76 47 
47 94 5 
5 84 65 59 
59 15 20 26 
26 66 53 
53 34 40 36 
36 29 91 48 
48 33 89 87 60 
20 35 
35 57 
62 50 
60 62 
50 28 
57 64 98 4 
28 67 
67 68 95 22 
4 51 61 
6 71 
81 90 6 
91 31 81 
24 80 41 
61 82 2 
22 42 24 
2 79 77 
45 18 19 
41 45 
19 39 37 
71 83 
83 52 
77 13 
13 21 
76 16 
74 73 
16 11 
21 63 25 
65 56 12 30 
52 32 
37 72 
82 58 
40 75 
73 70 
49 54 
66 46 86 
25 88 
72 7 
11 96 
58 93 
75 55 
88 38 
86 14 
70 
87 
18 97 
1 
32 43 
31 23 
54 8 
55 
7 10 
30 
38 3 
89 69 
97 44 
96 99 
15 
95 92 
10 78 
94 
3 27 
43 9 
29 
51 
12 
17 
98 
79 
84 
14 
64 
93 
68 
34 
90 
23 
46 
39 
42 
44 
63 
80 
33 
27 
99 
78 
69 
56 
8 
9 
92 
# clone tree 46 objective: 3.74097
0 17 74 85 
85 1 49 76 47 
47 94 5 
5 84 65 59 
59 15 20 26 
26 66 53 
53 34 68 40 36 
36 29 91 48 
48 33 89 87 60 
20 35 
35 57 
62 50 
60 62 
50 28 
57 64 98 4 
28 67 
67 95 22 
4 51 61 
6 71 
81 90 6 
91 31 81 
24 41 
61 82 2 
22 42 24 
2 79 77 
45 18 19 
41 45 
19 39 37 
71 83 
83 52 
77 13 
13 21 
76 16 
74 73 
16 44 11 
21 63 25 
65 12 30 
52 56 32 
37 72 
82 58 
40 75 
73 70 
49 54 
66 46 86 
25 88 
72 7 
11 96 
58 99 93 
75 55 
88 38 
86 14 
70 23 
87 
18 97 
1 
32 43 
31 
54 
55 
7 10 
30 8 
38 3 
89 
97 
96 
15 
95 
10 
94 
3 78 
43 
29 80 
51 
12 9 
17 
98 
79 
84 
14 
64 
93 69 
68 
34 
90 
23 
46 27 
39 
42 92 
44 
63 
80 
33 
27 
99 
78 
69 
56 
8 
9 
92 
# clone tree 47 objective: 3.74097
0 17 74 85 
85 1 49 76 47 
47 94 5 
5 84 65 59 
59 15 20 26 
26 66 53 
53 92 34 40 36 
36 29 91 48 
48 33 89 87 60 
20 8 35 
35 57 
62 50 
60 62 
50 28 
57 64 98 4 
28 67 
67 68 95 22 
4 51 61 
6 71 
81 90 6 
91 31 81 
24 80 41 
61 82 2 
22 42 24 
2 79 77 
45 18 19 
41 45 
19 39 37 
71 83 
83 52 
77 13 
13 21 
76 16 
74 73 
16 11 
21 63 25 
65 12 30 
52 32 
37 72 
82 58 
40 75 
73 70 
49 54 
66 46 86 
25 88 
72 7 
11 96 
58 93 
75 55 
88 38 
86 14 
70 
87 
18 56 97 
1 
32 43 
31 23 
54 
55 
7 10 
30 
38 3 
89 69 
97 44 
96 99 
15 
95 
10 78 
94 9 
3 27 
43 
29 
51 
12 
17 
98 
79 
84 
14 
64 
93 
68 
34 
90 
23 
46 
39 
42 
44 
63 
80 
33 
27 
99 
78 
69 
56 
8 
9 
92 
# clone tree 48 objective: 3.74097
0 17 74 85 
85 1 49 76 47 
47 94 5 
5 84 65 59 
59 15 20 26 
26 66 53 
53 34 40 36 
36 29 91 48 
48 33 89 87 60 
20 35 
35 57 
62 50 
60 62 
50 28 
57 64 98 4 
28 67 
67 68 95 22 
4 92 51 61 
6 71 
81 90 6 
91 31 81 
24 80 41 
61 82 2 
22 42 24 
2 79 77 
45 18 19 
41 45 
19 39 37 
71 83 
83 52 
77 13 
13 21 
76 16 
74 73 
16 11 
21 9 63 25 
65 12 30 
52 32 
37 72 
82 58 
40 75 
73 70 
49 54 
66 46 86 
25 88 
72 7 
11 96 
58 93 
75 55 
88 38 
86 14 
70 
87 
18 97 
1 
32 43 
31 23 
54 
55 
7 10 
30 
38 3 
89 69 
97 44 
96 99 
15 
95 
10 78 
94 
3 27 
43 
29 
51 
12 
17 
98 
79 
84 
14 56 
64 
93 
68 
34 
90 8 
23 
46 
39 
42 
44 
63 
80 
33 
27 
99 
78 
69 
56 
8 
9 
92 
# clone tree 49 objective: 3.74097
0 17 74 85 
85 1 49 76 47 
47 94 5 
5 84 65 59 
59 15 20 26 
26 66 53 
53 34 40 36 
36 29 91 48 
48 33 89 87 60 
20 35 
35 57 
62 50 
60 62 
50 28 
57 64 98 4 
28 67 
67 68 95 22 
4 51 61 
6 71 
81 90 6 
91 31 81 
24 80 41 
61 82 2 
22 42 24 
2 79 77 
45 18 19 
41 45 
19 39 37 
71 83 
83 52 
77 13 
13 21 
76 16 
74 73 
16 11 
21 63 25 
65 12 30 
52 32 
37 72 
82 58 
40 75 
73 8 70 
49 54 
66 46 86 
25 88 
72 7 
11 96 
58 93 
75 55 
88 38 
86 14 
70 
87 
18 97 
1 
32 43 
31 23 
54 
55 
7 10 
30 
38 3 
89 69 
97 44 
96 99 
15 
95 
10 78 
94 
3 27 
43 
29 
51 56 
12 
17 
98 
79 9 
84 92 
14 
64 
93 
68 
34 
90 
23 
46 
39 
42 
44 
63 
80 
33 
27 
99 
78 
69 
56 
8 
9 
92 
