0 92 
92 42 31 15 
15 67 
67 89 46 
46 17 7 11 
11 52 83 75 
75 25 26 19 
19 45 66 
66 84 5 
28 69 87 
5 14 6 
6 33 28 
87 4 24 
24 1 55 
20 78 
16 20 
55 16 
78 98 9 
9 40 39 
86 72 38 
39 12 18 86 
7 3 13 73 
38 54 
54 32 
32 51 85 82 
73 68 95 
95 37 
82 71 
91 60 
60 35 53 
37 58 48 
71 43 91 
72 93 
48 59 
59 23 44 64 
45 22 10 
93 65 74 
13 8 
47 27 
26 90 
89 47 
90 29 
68 62 34 
2 94 
10 79 49 
84 36 
74 2 
64 97 
31 
4 
83 57 
1 61 
27 56 
53 21 
29 99 
52 63 
36 81 
49 
21 96 
63 41 
17 
97 88 
30 76 
85 30 
3 
69 80 
14 
18 
51 77 
35 
8 
81 
77 
76 70 
40 
61 
33 
79 
94 
56 
57 
98 
42 
58 
25 
34 
62 
96 
99 
80 
44 
23 
22 
12 
88 
41 
70 
65 
43 50 
50 
