# clone tree 0 objective: 4.43816
0 82 23 28 
28 63 35 59 
46 51 39 85 
59 48 46 
43 91 10 
85 43 
10 56 44 62 
62 25 
25 77 89 
89 9 34 
34 50 1 15 
57 86 
15 13 57 
86 38 65 
91 12 80 84 
65 73 30 
17 45 18 
30 17 
84 60 24 33 
18 21 41 
33 81 78 37 
38 27 
41 90 2 
27 47 67 74 
37 99 68 
2 75 36 
21 72 
72 4 
68 22 
44 53 3 
4 54 
36 83 
24 52 32 
74 69 
22 6 
54 14 
3 11 
6 94 64 
14 70 
23 95 
64 87 
80 8 
83 19 
12 93 
69 20 
32 42 40 
70 31 
1 16 
67 88 
95 96 
11 
40 7 
31 71 98 
77 55 92 
16 
93 76 
20 26 
76 58 
88 
87 
47 66 
78 61 
96 
52 
66 
73 
8 
92 
39 
7 
45 
19 
58 29 
55 
51 
26 79 
75 
82 49 
94 
48 
29 
53 
35 
13 
99 
56 
61 
42 
63 97 
81 
98 
50 5 
49 
60 
79 
9 
90 
71 
97 
5 
# clone tree 1 objective: 4.43816
0 82 23 28 
28 63 59 
46 35 51 39 85 
59 71 48 46 
43 91 10 
85 43 
10 56 44 62 
62 25 
25 77 89 
89 34 
34 50 1 15 
57 86 
15 13 57 
86 79 38 65 
91 12 80 84 
65 73 30 
17 45 18 
30 17 
84 60 24 33 
18 21 41 
33 78 37 
38 27 
41 2 
27 47 67 74 
37 99 68 
2 75 36 
21 72 
72 4 
68 22 
44 53 3 
4 54 
36 83 
24 52 32 
74 69 
22 6 
54 14 
3 11 
6 94 64 
14 70 
23 95 
64 87 
80 8 
83 19 
12 93 
69 20 
32 42 40 
70 31 
1 5 16 
67 88 
95 96 
11 
40 7 
31 98 
77 55 92 
16 81 
93 76 
20 90 26 
76 58 
88 
87 
47 66 
78 61 
96 9 
52 
66 
73 
8 
92 
39 
7 
45 
19 
58 29 
55 
51 
26 97 
75 
82 49 
94 
48 
29 
53 
35 
13 
99 
56 
61 
42 
63 
81 
98 
50 
49 
60 
79 
9 
90 
71 
97 
5 
# clone tree 2 objective: 4.43816
0 82 23 28 
28 63 59 
46 35 51 39 85 
59 71 48 46 
43 91 10 
85 43 
10 56 44 62 
62 25 
25 77 89 
89 34 
34 50 1 15 
57 86 
15 13 57 
86 79 38 65 
91 12 80 84 
65 73 30 
17 45 18 
30 17 
84 60 24 33 
18 21 41 
33 78 37 
38 27 
41 2 
27 47 67 74 
37 99 68 
2 75 36 
21 72 
72 4 
68 22 
44 53 3 
4 54 
36 83 
24 52 32 
74 69 
22 6 
54 14 
3 11 
6 94 64 
14 70 
23 95 
64 87 
80 8 
83 19 
12 93 
69 20 
32 42 40 
70 5 31 
1 16 
67 88 
95 96 
11 
40 7 
31 98 
77 55 92 
16 81 
93 76 
20 90 26 
76 58 
88 
87 
47 66 
78 61 
96 9 
52 
66 
73 
8 
92 
39 
7 
45 
19 
58 29 
55 
51 
26 97 
75 
82 49 
94 
48 
29 
53 
35 
13 
99 
56 
61 
42 
63 
81 
98 
50 
49 
60 
79 
9 
90 
71 
97 
5 
# clone tree 3 objective: 4.43816
0 82 23 28 
28 63 35 59 
46 51 39 85 
59 48 46 
43 91 10 
85 90 43 
10 56 44 62 
62 25 
25 97 77 89 
89 34 
34 50 1 15 
57 86 
15 13 57 
86 38 65 
91 12 80 84 
65 73 30 
17 45 18 
30 17 
84 60 24 33 
18 21 41 
33 78 37 
38 27 
41 2 
27 47 67 74 
37 99 68 
2 75 36 
21 72 
72 4 
68 22 
44 53 3 
4 54 
36 83 
24 52 32 
74 69 
22 6 
54 14 
3 11 
6 94 64 
14 70 
23 95 
64 87 
80 8 
83 19 
12 93 
69 20 
32 42 40 
70 31 
1 16 
67 88 
95 96 
11 
40 7 
31 98 
77 55 92 
16 81 
93 76 
20 26 
76 58 
88 
87 
47 66 
78 61 
96 9 
52 
66 
73 
8 
92 
39 5 
7 71 
45 
19 
58 29 
55 
51 
26 79 
75 
82 49 
94 
48 
29 
53 
35 
13 
99 
56 
61 
42 
63 
81 
98 
50 
49 
60 
79 
9 
90 
71 
97 
5 
# clone tree 4 objective: 4.43816
0 82 23 28 
28 63 59 
46 35 51 39 85 
59 71 48 46 
43 91 10 
85 43 
10 56 44 62 
62 25 
25 77 89 
89 34 
34 50 1 15 
57 86 
15 13 57 
86 79 38 65 
91 12 80 84 
65 73 30 
17 45 18 
30 17 
84 60 24 33 
18 21 41 
33 78 37 
38 27 
41 2 
27 47 67 74 
37 99 68 
2 75 36 
21 72 
72 4 
68 22 
44 53 3 
4 54 
36 83 
24 5 52 32 
74 69 
22 6 
54 14 
3 11 
6 94 64 
14 70 
23 95 
64 87 
80 8 
83 19 
12 93 
69 20 
32 42 40 
70 31 
1 16 
67 88 
95 96 
11 
40 7 
31 98 
77 55 92 
16 81 
93 76 
20 90 26 
76 58 
88 
87 
47 66 
78 61 
96 9 
52 
66 
73 
8 
92 
39 
7 
45 
19 
58 29 
55 
51 
26 97 
75 
82 49 
94 
48 
29 
53 
35 
13 
99 
56 
61 
42 
63 
81 
98 
50 
49 
60 
79 
9 
90 
71 
97 
5 
# clone tree 5 objective: 4.43816
0 82 23 28 
28 63 35 59 
46 51 39 85 
59 48 46 
43 91 10 
85 90 43 
10 56 44 62 
62 25 
25 97 77 89 
89 34 
34 50 1 15 
57 86 
15 13 57 
86 38 65 
91 12 80 84 
65 73 30 
17 45 18 
30 17 
84 60 24 33 
18 21 41 
33 78 37 
38 27 
41 2 
27 47 67 74 
37 99 68 
2 75 36 
21 72 
72 4 
68 5 22 
44 53 3 
4 54 
36 83 
24 52 32 
74 69 
22 6 
54 14 
3 11 
6 94 64 
14 70 
23 95 
64 87 
80 8 
83 19 
12 93 
69 20 
32 42 40 
70 31 
1 16 
67 88 
95 96 
11 
40 7 
31 98 
77 55 92 
16 81 
93 76 
20 26 
76 58 
88 
87 
47 66 
78 61 
96 9 
52 
66 
73 
8 
92 
39 
7 71 
45 
19 
58 29 
55 
51 
26 79 
75 
82 49 
94 
48 
29 
53 
35 
13 
99 
56 
61 
42 
63 
81 
98 
50 
49 
60 
79 
9 
90 
71 
97 
5 
# clone tree 6 objective: 4.43816
0 82 23 28 
28 63 35 59 
46 51 39 85 
59 48 46 
43 91 10 
85 43 
10 56 44 62 
62 25 
25 77 89 
89 9 34 
34 50 1 15 
57 86 
15 13 57 
86 38 65 
91 12 80 84 
65 73 30 
17 45 18 
30 17 
84 60 24 33 
18 21 41 
33 81 78 37 
38 27 
41 90 2 
27 47 67 74 
37 99 68 
2 75 36 
21 72 
72 4 
68 22 
44 53 3 
4 54 
36 83 
24 52 32 
74 69 
22 6 
54 14 
3 11 
6 94 64 
14 70 
23 95 
64 87 
80 8 
83 19 
12 93 
69 20 
32 42 40 
70 31 
1 16 
67 88 
95 96 
11 
40 7 
31 71 98 
77 55 92 
16 
93 76 
20 26 
76 58 
88 
87 
47 66 
78 61 
96 
52 
66 5 
73 
8 
92 
39 
7 
45 
19 
58 29 
55 
51 
26 79 
75 
82 49 
94 
48 
29 
53 
35 
13 
99 
56 
61 
42 
63 97 
81 
98 
50 
49 
60 
79 
9 
90 
71 
97 
5 
# clone tree 7 objective: 4.43816
0 82 23 28 
28 63 35 59 
46 51 39 85 
59 48 46 
43 91 10 
85 90 43 
10 56 44 62 
62 25 
25 97 77 89 
89 34 
34 50 1 15 
57 86 
15 13 57 
86 38 65 
91 12 80 84 
65 73 30 
17 45 18 
30 17 
84 60 24 33 
18 21 41 
33 78 37 
38 27 
41 2 
27 47 67 74 
37 99 68 
2 75 36 
21 72 
72 4 
68 22 
44 53 3 
4 54 
36 83 
24 52 32 
74 69 
22 6 
54 14 
3 11 
6 94 64 
14 70 
23 95 
64 87 
80 8 
83 19 
12 93 
69 20 
32 42 40 
70 31 
1 16 
67 88 
95 96 
11 
40 7 
31 98 
77 55 92 
16 81 
93 76 
20 26 
76 58 
88 
87 
47 66 
78 61 
96 9 
52 
66 
73 
8 
92 
39 
7 71 
45 
19 
58 29 
55 
51 
26 79 
75 
82 49 
94 
48 
29 5 
53 
35 
13 
99 
56 
61 
42 
63 
81 
98 
50 
49 
60 
79 
9 
90 
71 
97 
5 
# clone tree 8 objective: 4.43816
0 82 23 28 
28 63 35 59 
46 51 39 85 
59 48 46 
43 91 10 
85 43 
10 56 44 62 
62 25 
25 77 89 
89 9 34 
34 50 1 15 
57 86 
15 13 57 
86 79 38 65 
91 12 80 84 
65 73 30 
17 45 18 
30 17 
84 90 60 24 33 
18 21 41 
33 78 37 
38 27 
41 2 
27 47 67 74 
37 99 68 
2 75 36 
21 72 
72 4 
68 22 
44 53 3 
4 54 
36 83 
24 52 32 
74 69 
22 6 
54 14 
3 11 
6 94 64 
14 70 
23 95 
64 87 
80 8 
83 19 
12 93 
69 20 
32 42 40 
70 31 
1 16 
67 88 
95 96 
11 
40 7 
31 98 
77 55 92 
16 81 
93 76 
20 26 
76 71 58 
88 
87 
47 66 
78 61 
96 
52 
66 
73 
8 
92 
39 
7 
45 
19 
58 29 
55 
51 
26 97 
75 
82 49 
94 
48 
29 
53 
35 
13 
99 
56 
61 
42 
63 
81 
98 
50 5 
49 
60 
79 
9 
90 
71 
97 
5 
# clone tree 9 objective: 4.43816
0 82 23 28 
28 63 35 59 
46 51 39 85 
59 48 46 
43 91 10 
85 90 43 
10 56 44 62 
62 25 
25 97 77 89 
89 34 
34 50 1 15 
57 86 
15 13 57 
86 38 65 
91 12 80 84 
65 73 30 
17 45 18 
30 17 
84 60 24 33 
18 21 41 
33 78 37 
38 27 
41 2 
27 47 67 74 
37 99 68 
2 75 36 
21 72 
72 4 
68 22 
44 53 3 
4 54 
36 83 
24 52 32 
74 69 
22 6 
54 14 
3 11 
6 94 64 
14 70 
23 95 
64 87 
80 8 
83 19 
12 93 
69 20 
32 42 40 
70 31 
1 16 
67 88 
95 96 
11 
40 7 
31 98 
77 55 92 
16 81 
93 76 
20 26 
76 58 
88 
87 
47 66 
78 61 
96 9 
52 
66 
73 
8 
92 
39 
7 71 
45 
19 
58 29 
55 
51 
26 79 
75 
82 49 
94 
48 
29 
53 
35 
13 
99 
56 
61 
42 
63 
81 5 
98 
50 
49 
60 
79 
9 
90 
71 
97 
5 
# clone tree 10 objective: 4.43816
0 82 23 28 
28 5 63 35 59 
46 51 39 85 
59 48 46 
43 91 10 
85 43 
10 56 44 62 
62 25 
25 77 89 
89 9 34 
34 50 1 15 
57 86 
15 13 57 
86 38 65 
91 12 80 84 
65 73 30 
17 97 45 18 
30 17 
84 60 24 33 
18 21 41 
33 81 78 37 
38 27 
41 2 
27 47 67 74 
37 99 68 
2 75 36 
21 72 
72 4 
68 22 
44 53 3 
4 54 
36 83 
24 52 32 
74 69 
22 6 
54 14 
3 11 
6 94 64 
14 70 
23 95 
64 87 
80 90 8 
83 19 
12 93 
69 20 
32 42 40 
70 31 
1 16 
67 88 
95 96 
11 
40 7 
31 98 
77 55 92 
16 
93 76 
20 26 
76 58 
88 
87 
47 66 
78 61 
96 
52 
66 
73 
8 
92 
39 
7 
45 
19 
58 29 
55 
51 
26 79 
75 
82 49 
94 
48 
29 
53 
35 
13 
99 
56 
61 71 
42 
63 
81 
98 
50 
49 
60 
79 
9 
90 
71 
97 
5 
# clone tree 11 objective: 4.43816
0 82 23 28 
28 63 35 59 
46 51 39 85 
59 48 46 
43 91 10 
85 90 43 
10 56 44 62 
62 25 
25 97 77 89 
89 34 
34 50 1 15 
57 86 
15 13 57 
86 38 65 
91 12 80 84 
65 73 30 
17 45 18 
30 17 
84 60 24 33 
18 21 41 
33 78 37 
38 27 
41 2 
27 47 67 74 
37 99 68 
2 75 36 
21 72 
72 4 
68 22 
44 53 3 
4 54 
36 83 
24 52 32 
74 69 
22 6 
54 14 
3 11 
6 94 64 
14 70 
23 95 
64 87 
80 8 
83 19 
12 93 
69 20 
32 42 40 
70 31 
1 16 
67 88 
95 96 
11 
40 7 
31 98 
77 55 92 
16 81 
93 76 
20 26 
76 58 
88 
87 
47 66 
78 61 
96 9 
52 
66 
73 5 
8 
92 
39 
7 71 
45 
19 
58 29 
55 
51 
26 79 
75 
82 49 
94 
48 
29 
53 
35 
13 
99 
56 
61 
42 
63 
81 
98 
50 
49 
60 
79 
9 
90 
71 
97 
5 
# clone tree 12 objective: 4.43816
0 82 23 28 
28 63 35 59 
46 51 39 85 
59 48 46 
43 91 10 
85 90 43 
10 56 44 62 
62 25 
25 97 77 89 
89 34 
34 50 1 15 
57 86 
15 13 57 
86 38 65 
91 12 80 84 
65 73 30 
17 45 18 
30 17 
84 60 24 33 
18 21 41 
33 78 37 
38 27 
41 2 
27 47 67 74 
37 99 68 
2 75 36 
21 72 
72 4 
68 22 
44 53 3 
4 54 
36 83 
24 52 32 
74 69 
22 6 
54 14 
3 11 
6 94 64 
14 70 
23 95 
64 87 
80 8 
83 19 
12 93 
69 20 
32 42 40 
70 31 
1 16 
67 88 
95 96 
11 5 
40 7 
31 98 
77 55 92 
16 81 
93 76 
20 26 
76 58 
88 
87 
47 66 
78 61 
96 9 
52 
66 
73 
8 
92 
39 
7 71 
45 
19 
58 29 
55 
51 
26 79 
75 
82 49 
94 
48 
29 
53 
35 
13 
99 
56 
61 
42 
63 
81 
98 
50 
49 
60 
79 
9 
90 
71 
97 
5 
# clone tree 13 objective: 4.43816
0 82 23 28 
28 63 35 59 
46 51 39 85 
59 48 46 
43 91 10 
85 90 43 
10 56 44 62 
62 25 
25 97 77 89 
89 34 
34 50 1 15 
57 86 
15 13 57 
86 38 65 
91 12 80 84 
65 73 30 
17 45 18 
30 17 
84 60 24 33 
18 21 41 
33 78 37 
38 27 
41 2 
27 47 67 74 
37 99 68 
2 75 36 
21 72 
72 4 
68 22 
44 53 3 
4 54 
36 83 
24 52 32 
74 69 
22 6 
54 14 
3 11 
6 94 64 
14 70 
23 95 
64 87 
80 8 
83 19 
12 93 
69 20 
32 42 40 
70 31 
1 16 
67 88 
95 96 
11 
40 7 
31 98 
77 55 92 
16 81 
93 76 
20 26 
76 58 
88 
87 
47 66 
78 61 
96 9 
52 
66 5 
73 
8 
92 
39 
7 71 
45 
19 
58 29 
55 
51 
26 79 
75 
82 49 
94 
48 
29 
53 
35 
13 
99 
56 
61 
42 
63 
81 
98 
50 
49 
60 
79 
9 
90 
71 
97 
5 
# clone tree 14 objective: 4.43816
0 82 23 28 
28 63 35 59 
46 51 39 85 
59 48 46 
43 91 10 
85 90 43 
10 56 44 62 
62 25 
25 97 77 89 
89 34 
34 50 1 15 
57 86 
15 13 57 
86 38 65 
91 12 80 84 
65 73 30 
17 45 18 
30 17 
84 60 24 33 
18 21 41 
33 78 37 
38 27 
41 2 
27 47 67 74 
37 99 68 
2 75 36 
21 72 
72 4 
68 22 
44 53 3 
4 54 
36 83 
24 52 32 
74 69 
22 6 
54 14 
3 11 
6 94 64 
14 70 
23 95 
64 87 
80 8 
83 19 
12 93 
69 20 
32 42 40 
70 31 
1 16 
67 88 
95 96 
11 
40 7 
31 98 
77 55 92 
16 81 
93 76 
20 5 26 
76 58 
88 
87 
47 66 
78 61 
96 9 
52 
66 
73 
8 
92 
39 
7 71 
45 
19 
58 29 
55 
51 
26 79 
75 
82 49 
94 
48 
29 
53 
35 
13 
99 
56 
61 
42 
63 
81 
98 
50 
49 
60 
79 
9 
90 
71 
97 
5 
# clone tree 15 objective: 4.43816
0 82 23 28 
28 63 35 59 
46 51 39 85 
59 48 46 
43 91 10 
85 90 43 
10 56 44 62 
62 25 
25 97 77 89 
89 34 
34 50 1 15 
57 86 
15 13 57 
86 38 65 
91 12 80 84 
65 73 30 
17 45 18 
30 17 
84 60 24 33 
18 21 41 
33 78 37 
38 27 
41 2 
27 47 67 74 
37 99 68 
2 75 36 
21 72 
72 4 
68 22 
44 53 3 
4 54 
36 83 
24 52 32 
74 69 
22 6 
54 14 
3 11 
6 94 64 
14 70 
23 95 
64 87 
80 8 
83 5 19 
12 93 
69 20 
32 42 40 
70 31 
1 16 
67 88 
95 96 
11 
40 7 
31 98 
77 55 92 
16 81 
93 76 
20 26 
76 58 
88 
87 
47 66 
78 61 
96 9 
52 
66 
73 
8 
92 
39 
7 71 
45 
19 
58 29 
55 
51 
26 79 
75 
82 49 
94 
48 
29 
53 
35 
13 
99 
56 
61 
42 
63 
81 
98 
50 
49 
60 
79 
9 
90 
71 
97 
5 
# clone tree 16 objective: 4.43816
0 82 23 28 
28 63 35 59 
46 51 39 85 
59 48 46 
43 91 10 
85 90 43 
10 56 44 62 
62 25 
25 97 77 89 
89 34 
34 50 1 15 
57 86 
15 13 57 
86 38 65 
91 12 80 84 
65 73 30 
17 45 18 
30 17 
84 60 24 33 
18 21 41 
33 78 37 
38 27 
41 2 
27 47 67 74 
37 99 68 
2 75 36 
21 72 
72 4 
68 22 
44 53 3 
4 54 
36 83 
24 52 32 
74 69 
22 6 
54 14 
3 11 
6 94 64 
14 70 
23 95 
64 87 
80 8 
83 19 
12 93 
69 20 
32 42 40 
70 31 
1 16 
67 88 
95 5 96 
11 
40 7 
31 98 
77 55 92 
16 81 
93 76 
20 26 
76 58 
88 
87 
47 66 
78 61 
96 9 
52 
66 
73 
8 
92 
39 
7 71 
45 
19 
58 29 
55 
51 
26 79 
75 
82 49 
94 
48 
29 
53 
35 
13 
99 
56 
61 
42 
63 
81 
98 
50 
49 
60 
79 
9 
90 
71 
97 
5 
# clone tree 17 objective: 4.43816
0 82 23 28 
28 63 35 59 
46 51 39 85 
59 48 46 
43 91 10 
85 90 43 
10 56 44 62 
62 25 
25 97 77 89 
89 34 
34 50 1 15 
57 86 
15 13 57 
86 38 65 
91 12 80 84 
65 73 30 
17 45 18 
30 17 
84 60 24 33 
18 21 41 
33 78 37 
38 27 
41 2 
27 47 67 74 
37 99 68 
2 75 36 
21 72 
72 4 
68 22 
44 53 3 
4 54 
36 83 
24 52 32 
74 69 
22 6 
54 14 
3 11 
6 94 64 
14 70 
23 95 
64 87 
80 8 
83 19 
12 93 
69 20 
32 42 40 
70 5 31 
1 16 
67 88 
95 96 
11 
40 7 
31 98 
77 55 92 
16 81 
93 76 
20 26 
76 58 
88 
87 
47 66 
78 61 
96 9 
52 
66 
73 
8 
92 
39 
7 71 
45 
19 
58 29 
55 
51 
26 79 
75 
82 49 
94 
48 
29 
53 
35 
13 
99 
56 
61 
42 
63 
81 
98 
50 
49 
60 
79 
9 
90 
71 
97 
5 
# clone tree 18 objective: 4.43816
0 82 23 28 
28 63 35 59 
46 51 39 85 
59 48 46 
43 91 10 
85 90 43 
10 56 44 62 
62 25 
25 97 77 89 
89 34 
34 50 1 15 
57 86 
15 13 57 
86 38 65 
91 12 80 84 
65 73 30 
17 45 18 
30 17 
84 60 24 33 
18 21 41 
33 78 37 
38 27 
41 2 
27 47 67 74 
37 99 68 
2 75 36 
21 72 
72 4 
68 22 
44 53 3 
4 54 
36 83 
24 52 32 
74 69 
22 6 
54 14 
3 11 
6 94 64 
14 70 
23 95 
64 87 
80 8 
83 19 
12 93 
69 5 20 
32 42 40 
70 31 
1 16 
67 88 
95 96 
11 
40 7 
31 98 
77 55 92 
16 81 
93 76 
20 26 
76 58 
88 
87 
47 66 
78 61 
96 9 
52 
66 
73 
8 
92 
39 
7 71 
45 
19 
58 29 
55 
51 
26 79 
75 
82 49 
94 
48 
29 
53 
35 
13 
99 
56 
61 
42 
63 
81 
98 
50 
49 
60 
79 
9 
90 
71 
97 
5 
# clone tree 19 objective: 4.43816
0 82 23 28 
28 63 35 59 
46 51 39 85 
59 48 46 
43 91 10 
85 90 43 
10 56 44 62 
62 25 
25 97 77 89 
89 34 
34 50 1 15 
57 86 
15 13 57 
86 38 65 
91 12 80 84 
65 73 30 
17 45 18 
30 17 
84 60 24 33 
18 21 41 
33 78 37 
38 27 
41 2 
27 47 67 74 
37 99 68 
2 75 36 
21 72 
72 4 
68 22 
44 53 3 
4 54 
36 83 
24 5 52 32 
74 69 
22 6 
54 14 
3 11 
6 94 64 
14 70 
23 95 
64 87 
80 8 
83 19 
12 93 
69 20 
32 42 40 
70 31 
1 16 
67 88 
95 96 
11 
40 7 
31 98 
77 55 92 
16 81 
93 76 
20 26 
76 58 
88 
87 
47 66 
78 61 
96 9 
52 
66 
73 
8 
92 
39 
7 71 
45 
19 
58 29 
55 
51 
26 79 
75 
82 49 
94 
48 
29 
53 
35 
13 
99 
56 
61 
42 
63 
81 
98 
50 
49 
60 
79 
9 
90 
71 
97 
5 
# clone tree 20 objective: 4.43816
0 82 23 28 
28 5 63 59 
46 35 51 39 85 
59 71 48 46 
43 91 10 
85 43 
10 56 44 62 
62 25 
25 77 89 
89 34 
34 50 1 15 
57 86 
15 13 57 
86 79 38 65 
91 12 80 84 
65 73 30 
17 45 18 
30 17 
84 60 24 33 
18 21 41 
33 78 37 
38 27 
41 2 
27 47 67 74 
37 99 68 
2 75 36 
21 72 
72 4 
68 22 
44 53 3 
4 54 
36 83 
24 52 32 
74 69 
22 6 
54 14 
3 11 
6 94 64 
14 70 
23 95 
64 87 
80 8 
83 19 
12 93 
69 20 
32 42 40 
70 31 
1 16 
67 88 
95 96 
11 
40 7 
31 98 
77 55 92 
16 81 
93 76 
20 90 26 
76 58 
88 
87 
47 66 
78 61 
96 9 
52 
66 
73 
8 
92 
39 
7 
45 
19 
58 29 
55 
51 
26 
75 97 
82 49 
94 
48 
29 
53 
35 
13 
99 
56 
61 
42 
63 
81 
98 
50 
49 
60 
79 
9 
90 
71 
97 
5 
# clone tree 21 objective: 4.43816
0 82 23 28 
28 63 35 59 
46 51 39 85 
59 48 46 
43 91 10 
85 90 43 
10 56 44 62 
62 25 
25 97 77 89 
89 34 
34 50 1 15 
57 86 
15 13 57 
86 38 65 
91 12 80 84 
65 73 30 
17 45 18 
30 17 
84 60 24 33 
18 21 41 
33 5 78 37 
38 27 
41 2 
27 47 67 74 
37 99 68 
2 75 36 
21 72 
72 4 
68 22 
44 53 3 
4 54 
36 83 
24 52 32 
74 69 
22 6 
54 14 
3 11 
6 94 64 
14 70 
23 95 
64 87 
80 8 
83 19 
12 93 
69 20 
32 42 40 
70 31 
1 16 
67 88 
95 96 
11 
40 7 
31 98 
77 55 92 
16 81 
93 76 
20 26 
76 58 
88 
87 
47 66 
78 61 
96 9 
52 
66 
73 
8 
92 
39 
7 71 
45 
19 
58 29 
55 
51 
26 79 
75 
82 49 
94 
48 
29 
53 
35 
13 
99 
56 
61 
42 
63 
81 
98 
50 
49 
60 
79 
9 
90 
71 
97 
5 
# clone tree 22 objective: 4.43816
0 82 23 28 
28 63 35 59 
46 51 39 85 
59 48 46 
43 91 10 
85 90 43 
10 56 44 62 
62 25 
25 97 77 89 
89 34 
34 50 1 15 
57 86 
15 13 57 
86 38 65 
91 12 80 84 
65 73 30 
17 45 18 
30 17 
84 60 24 33 
18 21 41 
33 78 37 
38 27 
41 2 
27 47 67 74 
37 99 68 
2 75 36 
21 72 
72 4 
68 22 
44 53 3 
4 54 
36 5 83 
24 52 32 
74 69 
22 6 
54 14 
3 11 
6 94 64 
14 70 
23 95 
64 87 
80 8 
83 19 
12 93 
69 20 
32 42 40 
70 31 
1 16 
67 88 
95 96 
11 
40 7 
31 98 
77 55 92 
16 81 
93 76 
20 26 
76 58 
88 
87 
47 66 
78 61 
96 9 
52 
66 
73 
8 
92 
39 
7 71 
45 
19 
58 29 
55 
51 
26 79 
75 
82 49 
94 
48 
29 
53 
35 
13 
99 
56 
61 
42 
63 
81 
98 
50 
49 
60 
79 
9 
90 
71 
97 
5 
# clone tree 23 objective: 4.43816
0 82 23 28 
28 63 35 59 
46 51 39 85 
59 48 46 
43 91 10 
85 90 43 
10 56 44 62 
62 25 
25 97 77 89 
89 34 
34 50 1 15 
57 86 
15 13 57 
86 38 65 
91 12 80 84 
65 73 30 
17 45 18 
30 17 
84 60 24 33 
18 21 41 
33 78 37 
38 27 
41 2 
27 47 67 74 
37 99 68 
2 75 36 
21 72 
72 4 
68 22 
44 53 3 
4 54 
36 83 
24 52 32 
74 5 69 
22 6 
54 14 
3 11 
6 94 64 
14 70 
23 95 
64 87 
80 8 
83 19 
12 93 
69 20 
32 42 40 
70 31 
1 16 
67 88 
95 96 
11 
40 7 
31 98 
77 55 92 
16 81 
93 76 
20 26 
76 58 
88 
87 
47 66 
78 61 
96 9 
52 
66 
73 
8 
92 
39 
7 71 
45 
19 
58 29 
55 
51 
26 79 
75 
82 49 
94 
48 
29 
53 
35 
13 
99 
56 
61 
42 
63 
81 
98 
50 
49 
60 
79 
9 
90 
71 
97 
5 
# clone tree 24 objective: 4.43816
0 82 23 28 
28 63 35 59 
46 51 39 85 
59 48 46 
43 91 10 
85 90 43 
10 56 44 62 
62 25 
25 97 77 89 
89 34 
34 50 1 15 
57 86 
15 13 57 
86 38 65 
91 12 80 84 
65 73 30 
17 45 18 
30 17 
84 60 24 33 
18 21 41 
33 78 37 
38 27 
41 2 
27 47 67 74 
37 5 99 68 
2 75 36 
21 72 
72 4 
68 22 
44 53 3 
4 54 
36 83 
24 52 32 
74 69 
22 6 
54 14 
3 11 
6 94 64 
14 70 
23 95 
64 87 
80 8 
83 19 
12 93 
69 20 
32 42 40 
70 31 
1 16 
67 88 
95 96 
11 
40 7 
31 98 
77 55 92 
16 81 
93 76 
20 26 
76 58 
88 
87 
47 66 
78 61 
96 9 
52 
66 
73 
8 
92 
39 
7 71 
45 
19 
58 29 
55 
51 
26 79 
75 
82 49 
94 
48 
29 
53 
35 
13 
99 
56 
61 
42 
63 
81 
98 
50 
49 
60 
79 
9 
90 
71 
97 
5 
# clone tree 25 objective: 4.43816
0 82 23 28 
28 63 35 59 
46 51 39 85 
59 48 46 
43 91 10 
85 90 43 
10 56 44 62 
62 25 
25 97 77 89 
89 34 
34 50 1 15 
57 86 
15 5 13 57 
86 38 65 
91 12 80 84 
65 73 30 
17 45 18 
30 17 
84 60 24 33 
18 21 41 
33 78 37 
38 27 
41 2 
27 47 67 74 
37 99 68 
2 75 36 
21 72 
72 4 
68 22 
44 53 3 
4 54 
36 83 
24 52 32 
74 69 
22 6 
54 14 
3 11 
6 94 64 
14 70 
23 95 
64 87 
80 8 
83 19 
12 93 
69 20 
32 42 40 
70 31 
1 16 
67 88 
95 96 
11 
40 7 
31 98 
77 55 92 
16 81 
93 76 
20 26 
76 58 
88 
87 
47 66 
78 61 
96 9 
52 
66 
73 
8 
92 
39 
7 71 
45 
19 
58 29 
55 
51 
26 79 
75 
82 49 
94 
48 
29 
53 
35 
13 
99 
56 
61 
42 
63 
81 
98 
50 
49 
60 
79 
9 
90 
71 
97 
5 
# clone tree 26 objective: 4.43816
0 82 23 28 
28 63 35 59 
46 51 39 85 
59 48 46 
43 91 10 
85 90 43 
10 56 44 62 
62 25 
25 97 77 89 
89 34 
34 5 50 1 15 
57 86 
15 13 57 
86 38 65 
91 12 80 84 
65 73 30 
17 45 18 
30 17 
84 60 24 33 
18 21 41 
33 78 37 
38 27 
41 2 
27 47 67 74 
37 99 68 
2 75 36 
21 72 
72 4 
68 22 
44 53 3 
4 54 
36 83 
24 52 32 
74 69 
22 6 
54 14 
3 11 
6 94 64 
14 70 
23 95 
64 87 
80 8 
83 19 
12 93 
69 20 
32 42 40 
70 31 
1 16 
67 88 
95 96 
11 
40 7 
31 98 
77 55 92 
16 81 
93 76 
20 26 
76 58 
88 
87 
47 66 
78 61 
96 9 
52 
66 
73 
8 
92 
39 
7 71 
45 
19 
58 29 
55 
51 
26 79 
75 
82 49 
94 
48 
29 
53 
35 
13 
99 
56 
61 
42 
63 
81 
98 
50 
49 
60 
79 
9 
90 
71 
97 
5 
# clone tree 27 objective: 4.43816
0 82 23 28 
28 63 35 59 
46 51 39 85 
59 48 46 
43 91 10 
85 90 43 
10 56 44 62 
62 25 
25 97 77 89 
89 34 
34 50 1 15 
57 86 
15 13 57 
86 5 38 65 
91 12 80 84 
65 73 30 
17 45 18 
30 17 
84 60 24 33 
18 21 41 
33 78 37 
38 27 
41 2 
27 47 67 74 
37 99 68 
2 75 36 
21 72 
72 4 
68 22 
44 53 3 
4 54 
36 83 
24 52 32 
74 69 
22 6 
54 14 
3 11 
6 94 64 
14 70 
23 95 
64 87 
80 8 
83 19 
12 93 
69 20 
32 42 40 
70 31 
1 16 
67 88 
95 96 
11 
40 7 
31 98 
77 55 92 
16 81 
93 76 
20 26 
76 58 
88 
87 
47 66 
78 61 
96 9 
52 
66 
73 
8 
92 
39 
7 71 
45 
19 
58 29 
55 
51 
26 79 
75 
82 49 
94 
48 
29 
53 
35 
13 
99 
56 
61 
42 
63 
81 
98 
50 
49 
60 
79 
9 
90 
71 
97 
5 
# clone tree 28 objective: 4.43816
0 82 23 28 
28 5 63 35 59 
46 51 39 85 
59 48 46 
43 91 10 
85 90 43 
10 56 44 62 
62 25 
25 97 77 89 
89 34 
34 50 1 15 
57 86 
15 13 57 
86 38 65 
91 12 80 84 
65 73 30 
17 45 18 
30 17 
84 60 24 33 
18 21 41 
33 78 37 
38 27 
41 2 
27 47 67 74 
37 99 68 
2 75 36 
21 72 
72 4 
68 22 
44 53 3 
4 54 
36 83 
24 52 32 
74 69 
22 6 
54 14 
3 11 
6 94 64 
14 70 
23 95 
64 87 
80 8 
83 19 
12 93 
69 20 
32 42 40 
70 31 
1 16 
67 88 
95 96 
11 
40 7 
31 98 
77 55 92 
16 81 
93 76 
20 26 
76 58 
88 
87 
47 66 
78 61 
96 9 
52 
66 
73 
8 
92 
39 
7 71 
45 
19 
58 29 
55 
51 
26 79 
75 
82 49 
94 
48 
29 
53 
35 
13 
99 
56 
61 
42 
63 
81 
98 
50 
49 
60 
79 
9 
90 
71 
97 
5 
# clone tree 29 objective: 4.43816
0 82 23 28 
28 63 35 59 
46 51 39 85 
59 48 46 
43 91 10 
85 90 43 
10 56 44 62 
62 25 
25 77 89 
89 34 
34 50 1 15 
57 86 
15 13 57 
86 38 65 
91 97 12 80 84 
65 73 30 
17 45 18 
30 17 
84 60 24 33 
18 21 41 
33 78 37 
38 27 
41 2 
27 47 67 74 
37 99 68 
2 75 36 
21 72 
72 4 
68 22 
44 53 3 
4 54 
36 83 
24 52 32 
74 69 
22 6 
54 14 
3 11 
6 94 64 
14 70 
23 95 
64 87 
80 8 
83 19 
12 93 
69 20 
32 42 40 
70 31 
1 16 
67 88 
95 96 
11 
40 7 
31 98 
77 55 92 
16 81 
93 76 
20 26 
76 58 
88 
87 
47 66 
78 61 
96 9 
52 
66 
73 
8 
92 
39 
7 71 
45 
19 
58 29 
55 
51 
26 79 
75 
82 49 
94 
48 
29 
53 
35 
13 
99 
56 
61 
42 
63 5 
81 
98 
50 
49 
60 
79 
9 
90 
71 
97 
5 
# clone tree 30 objective: 4.43816
0 82 23 28 
28 63 35 59 
46 51 39 85 
59 48 46 
43 91 10 
85 90 43 
10 56 44 62 
62 25 
25 77 89 
89 34 
34 50 1 15 
57 86 
15 13 57 
86 38 65 
91 97 12 80 84 
65 73 30 
17 45 18 
30 17 
84 60 24 33 
18 21 41 
33 78 37 
38 27 
41 2 
27 47 67 74 
37 99 68 
2 75 36 
21 72 
72 4 
68 22 
44 53 3 
4 54 
36 83 
24 52 32 
74 69 
22 6 
54 14 
3 11 
6 94 64 
14 70 
23 95 
64 87 
80 8 
83 19 
12 93 
69 20 
32 42 40 
70 31 
1 16 
67 88 
95 96 
11 
40 7 
31 98 
77 55 92 
16 81 
93 76 
20 26 
76 58 
88 
87 
47 66 
78 61 
96 9 
52 
66 
73 
8 
92 
39 5 
7 71 
45 
19 
58 29 
55 
51 
26 79 
75 
82 49 
94 
48 
29 
53 
35 
13 
99 
56 
61 
42 
63 
81 
98 
50 
49 
60 
79 
9 
90 
71 
97 
5 
# clone tree 31 objective: 4.43816
0 82 23 28 
28 63 35 59 
46 51 39 85 
59 48 46 
43 91 10 
85 90 43 
10 56 44 62 
62 25 
25 77 89 
89 34 
34 50 1 15 
57 86 
15 13 57 
86 38 65 
91 97 12 80 84 
65 73 30 
17 45 18 
30 17 
84 60 24 33 
18 21 41 
33 78 37 
38 27 
41 2 
27 47 67 74 
37 99 68 
2 75 36 
21 72 
72 4 
68 22 
44 53 3 
4 54 
36 83 
24 52 32 
74 69 
22 6 
54 14 
3 11 
6 94 64 
14 70 
23 95 
64 87 
80 8 
83 19 
12 93 
69 20 
32 42 40 
70 31 
1 5 16 
67 88 
95 96 
11 
40 7 
31 98 
77 55 92 
16 81 
93 76 
20 26 
76 58 
88 
87 
47 66 
78 61 
96 9 
52 
66 
73 
8 
92 
39 
7 71 
45 
19 
58 29 
55 
51 
26 79 
75 
82 49 
94 
48 
29 
53 
35 
13 
99 
56 
61 
42 
63 
81 
98 
50 
49 
60 
79 
9 
90 
71 
97 
5 
# clone tree 32 objective: 4.43816
0 82 23 28 
28 63 35 59 
46 51 39 85 
59 48 46 
43 91 10 
85 90 43 
10 56 44 62 
62 25 
25 77 89 
89 34 
34 50 1 15 
57 86 
15 13 57 
86 38 65 
91 97 12 80 84 
65 73 30 
17 45 18 
30 17 
84 60 24 33 
18 21 41 
33 78 37 
38 27 
41 2 
27 47 67 74 
37 99 68 
2 75 36 
21 72 
72 4 
68 22 
44 53 3 
4 54 
36 83 
24 52 32 
74 69 
22 6 
54 14 
3 11 
6 94 64 
14 70 
23 95 
64 87 
80 8 
83 19 
12 93 
69 20 
32 42 40 
70 31 
1 16 
67 88 
95 96 
11 
40 7 
31 98 
77 55 92 
16 81 
93 76 
20 26 
76 58 
88 
87 
47 66 
78 61 
96 9 
52 
66 
73 
8 
92 
39 
7 71 
45 
19 
58 29 
55 5 
51 
26 79 
75 
82 49 
94 
48 
29 
53 
35 
13 
99 
56 
61 
42 
63 
81 
98 
50 
49 
60 
79 
9 
90 
71 
97 
5 
# clone tree 33 objective: 4.43816
0 82 23 28 
28 63 35 59 
46 51 39 85 
59 48 46 
43 91 10 
85 90 43 
10 56 44 62 
62 25 
25 77 89 
89 34 
34 50 1 15 
57 86 
15 13 57 
86 38 65 
91 97 12 80 84 
65 73 30 
17 45 18 
30 17 
84 60 24 33 
18 21 41 
33 78 37 
38 27 
41 2 
27 47 67 74 
37 99 68 
2 75 36 
21 72 
72 4 
68 22 
44 53 3 
4 54 
36 83 
24 52 32 
74 69 
22 6 
54 14 
3 11 
6 5 94 64 
14 70 
23 95 
64 87 
80 8 
83 19 
12 93 
69 20 
32 42 40 
70 31 
1 16 
67 88 
95 96 
11 
40 7 
31 98 
77 55 92 
16 81 
93 76 
20 26 
76 58 
88 
87 
47 66 
78 61 
96 9 
52 
66 
73 
8 
92 
39 
7 71 
45 
19 
58 29 
55 
51 
26 79 
75 
82 49 
94 
48 
29 
53 
35 
13 
99 
56 
61 
42 
63 
81 
98 
50 
49 
60 
79 
9 
90 
71 
97 
5 
# clone tree 34 objective: 4.43816
0 82 23 28 
28 63 35 59 
46 51 39 85 
59 48 46 
43 91 10 
85 90 43 
10 56 44 62 
62 25 
25 77 89 
89 34 
34 50 1 15 
57 86 
15 13 57 
86 38 65 
91 97 12 80 84 
65 73 30 
17 45 18 
30 17 
84 60 24 33 
18 21 41 
33 78 37 
38 27 
41 2 
27 47 67 74 
37 99 68 
2 75 36 
21 72 
72 4 
68 22 
44 53 3 
4 54 
36 83 
24 52 32 
74 69 
22 6 
54 14 
3 11 
6 94 64 
14 70 
23 95 
64 87 
80 8 
83 19 
12 93 
69 20 
32 42 40 
70 31 
1 16 
67 88 
95 96 
11 
40 7 
31 98 
77 55 92 
16 81 
93 76 
20 26 
76 58 
88 
87 
47 66 
78 61 
96 9 
52 
66 
73 
8 
92 
39 
7 71 
45 
19 
58 29 
55 
51 
26 79 
75 
82 49 
94 
48 
29 5 
53 
35 
13 
99 
56 
61 
42 
63 
81 
98 
50 
49 
60 
79 
9 
90 
71 
97 
5 
# clone tree 35 objective: 4.43816
0 82 23 28 
28 63 35 59 
46 51 39 85 
59 48 46 
43 91 10 
85 90 43 
10 56 44 62 
62 25 
25 77 89 
89 34 
34 50 1 15 
57 86 
15 13 57 
86 38 65 
91 97 12 80 84 
65 73 30 
17 45 18 
30 17 
84 60 24 33 
18 21 41 
33 78 37 
38 27 
41 2 
27 47 67 74 
37 99 68 
2 75 36 
21 72 
72 4 
68 22 
44 53 3 
4 54 
36 83 
24 52 32 
74 69 
22 6 
54 14 
3 11 
6 94 64 
14 70 
23 95 
64 87 
80 8 
83 19 
12 93 
69 20 
32 42 40 
70 31 
1 16 
67 88 
95 96 
11 
40 7 
31 98 
77 55 92 
16 81 
93 76 
20 26 
76 58 
88 
87 
47 66 
78 61 
96 9 
52 
66 
73 
8 
92 
39 
7 71 
45 
19 
58 29 
55 
51 
26 79 
75 
82 49 
94 
48 
29 
53 
35 
13 
99 
56 
61 
42 
63 
81 5 
98 
50 
49 
60 
79 
9 
90 
71 
97 
5 
# clone tree 36 objective: 4.43816
0 82 23 28 
28 63 35 59 
46 51 39 85 
59 48 46 
43 91 10 
85 90 43 
10 56 44 62 
62 25 
25 77 89 
89 34 
34 50 1 15 
57 86 
15 13 57 
86 38 65 
91 97 12 80 84 
65 73 30 
17 45 18 
30 17 
84 60 24 33 
18 21 41 
33 78 37 
38 27 
41 2 
27 47 67 74 
37 99 68 
2 75 36 
21 72 
72 4 
68 5 22 
44 53 3 
4 54 
36 83 
24 52 32 
74 69 
22 6 
54 14 
3 11 
6 94 64 
14 70 
23 95 
64 87 
80 8 
83 19 
12 93 
69 20 
32 42 40 
70 31 
1 16 
67 88 
95 96 
11 
40 7 
31 98 
77 55 92 
16 81 
93 76 
20 26 
76 58 
88 
87 
47 66 
78 61 
96 9 
52 
66 
73 
8 
92 
39 
7 71 
45 
19 
58 29 
55 
51 
26 79 
75 
82 49 
94 
48 
29 
53 
35 
13 
99 
56 
61 
42 
63 
81 
98 
50 
49 
60 
79 
9 
90 
71 
97 
5 
# clone tree 37 objective: 4.43816
0 82 23 28 
28 63 35 59 
46 51 39 85 
59 48 46 
43 91 10 
85 90 43 
10 56 44 62 
62 25 
25 77 89 
89 34 
34 50 1 15 
57 86 
15 13 57 
86 38 65 
91 97 12 80 84 
65 73 30 
17 45 18 
30 17 
84 60 24 33 
18 21 41 
33 78 37 
38 27 
41 2 
27 47 67 74 
37 99 68 
2 75 36 
21 72 
72 4 
68 22 
44 53 3 
4 54 
36 83 
24 52 32 
74 69 
22 6 
54 14 
3 11 
6 94 64 
14 70 
23 95 
64 87 
80 8 
83 19 
12 93 
69 20 
32 42 40 
70 31 
1 16 
67 88 
95 96 
11 
40 7 
31 98 
77 55 92 
16 81 
93 76 
20 26 
76 58 
88 
87 
47 66 
78 61 
96 9 
52 
66 
73 
8 
92 
39 
7 71 
45 
19 
58 29 
55 
51 
26 79 
75 
82 49 
94 
48 
29 
53 
35 
13 
99 
56 
61 
42 
63 
81 
98 
50 5 
49 
60 
79 
9 
90 
71 
97 
5 
# clone tree 38 objective: 4.43816
0 82 23 28 
28 63 35 59 
46 51 39 85 
59 48 46 
43 91 10 
85 90 43 
10 56 44 62 
62 25 
25 77 89 
89 34 
34 50 1 15 
57 86 
15 13 57 
86 38 65 
91 97 12 80 84 
65 73 30 
17 45 18 
30 17 
84 60 24 33 
18 21 41 
33 78 37 
38 27 
41 2 
27 47 67 74 
37 99 68 
2 75 36 
21 72 
72 4 
68 22 
44 53 3 
4 54 
36 83 
24 52 32 
74 69 
22 6 
54 14 
3 11 
6 94 64 
14 70 
23 95 
64 87 
80 8 
83 19 
12 93 
69 20 
32 42 40 
70 31 
1 16 
67 88 
95 96 
11 
40 7 
31 98 
77 55 92 
16 81 
93 76 
20 26 
76 58 
88 
87 
47 66 
78 61 
96 9 
52 
66 5 
73 
8 
92 
39 
7 71 
45 
19 
58 29 
55 
51 
26 79 
75 
82 49 
94 
48 
29 
53 
35 
13 
99 
56 
61 
42 
63 
81 
98 
50 
49 
60 
79 
9 
90 
71 
97 
5 
# clone tree 39 objective: 4.43816
0 82 23 28 
28 63 35 59 
46 51 39 85 
59 48 46 
43 91 10 
85 90 43 
10 56 44 62 
62 25 
25 77 89 
89 34 
34 50 1 15 
57 86 
15 13 57 
86 38 65 
91 97 12 80 84 
65 73 30 
17 45 18 
30 17 
84 60 24 33 
18 21 41 
33 78 37 
38 27 
41 2 
27 47 67 74 
37 99 68 
2 75 36 
21 72 
72 4 
68 22 
44 53 3 
4 54 
36 83 
24 52 32 
74 69 
22 6 
54 14 
3 11 
6 94 64 
14 70 
23 95 
64 87 
80 8 
83 19 
12 93 
69 20 
32 42 40 
70 31 
1 16 
67 88 
95 96 
11 
40 7 
31 98 
77 55 92 
16 81 
93 76 
20 26 
76 58 
88 
87 
47 66 
78 61 
96 9 
52 
66 
73 5 
8 
92 
39 
7 71 
45 
19 
58 29 
55 
51 
26 79 
75 
82 49 
94 
48 
29 
53 
35 
13 
99 
56 
61 
42 
63 
81 
98 
50 
49 
60 
79 
9 
90 
71 
97 
5 
# clone tree 40 objective: 4.43816
0 82 23 28 
28 63 35 59 
46 51 39 85 
59 48 46 
43 91 10 
85 90 43 
10 56 44 62 
62 25 
25 77 89 
89 34 
34 50 1 15 
57 86 
15 13 57 
86 38 65 
91 97 12 80 84 
65 73 30 
17 45 18 
30 17 
84 60 24 33 
18 21 41 
33 78 37 
38 27 
41 2 
27 47 67 74 
37 99 68 
2 75 36 
21 72 
72 4 
68 22 
44 53 3 
4 54 
36 83 
24 52 32 
74 69 
22 6 
54 14 
3 11 
6 94 64 
14 70 
23 95 
64 87 
80 8 
83 19 
12 93 
69 20 
32 42 40 
70 31 
1 16 
67 88 
95 96 
11 
40 7 
31 98 
77 55 92 
16 81 
93 76 
20 26 
76 58 
88 
87 
47 66 
78 61 
96 5 9 
52 
66 
73 
8 
92 
39 
7 71 
45 
19 
58 29 
55 
51 
26 79 
75 
82 49 
94 
48 
29 
53 
35 
13 
99 
56 
61 
42 
63 
81 
98 
50 
49 
60 
79 
9 
90 
71 
97 
5 
# clone tree 41 objective: 4.43816
0 82 23 28 
28 63 35 59 
46 51 39 85 
59 48 46 
43 91 10 
85 90 43 
10 56 44 62 
62 25 
25 77 89 
89 34 
34 50 1 15 
57 86 
15 13 57 
86 38 65 
91 97 12 80 84 
65 73 30 
17 45 18 
30 17 
84 60 24 33 
18 21 41 
33 78 37 
38 27 
41 2 
27 47 67 74 
37 99 68 
2 75 36 
21 72 
72 4 
68 22 
44 53 3 
4 54 
36 83 
24 52 32 
74 69 
22 6 
54 14 
3 11 
6 94 64 
14 70 
23 95 
64 87 
80 8 
83 19 
12 93 
69 20 
32 42 40 
70 31 
1 16 
67 88 
95 96 
11 
40 7 
31 98 
77 55 92 
16 81 
93 76 
20 5 26 
76 58 
88 
87 
47 66 
78 61 
96 9 
52 
66 
73 
8 
92 
39 
7 71 
45 
19 
58 29 
55 
51 
26 79 
75 
82 49 
94 
48 
29 
53 
35 
13 
99 
56 
61 
42 
63 
81 
98 
50 
49 
60 
79 
9 
90 
71 
97 
5 
# clone tree 42 objective: 4.43816
0 82 23 28 
28 63 35 59 
46 51 39 85 
59 48 46 
43 91 10 
85 90 43 
10 56 44 62 
62 25 
25 77 89 
89 34 
34 50 1 15 
57 86 
15 13 57 
86 38 65 
91 97 12 80 84 
65 73 30 
17 45 18 
30 17 
84 60 24 33 
18 21 41 
33 78 37 
38 27 
41 2 
27 47 67 74 
37 99 68 
2 75 36 
21 72 
72 4 
68 22 
44 53 3 
4 54 
36 83 
24 52 32 
74 69 
22 6 
54 14 
3 11 
6 94 64 
14 70 
23 95 
64 87 
80 8 
83 19 
12 93 
69 20 
32 42 40 
70 31 
1 16 
67 88 
95 96 
11 5 
40 7 
31 98 
77 55 92 
16 81 
93 76 
20 26 
76 58 
88 
87 
47 66 
78 61 
96 9 
52 
66 
73 
8 
92 
39 
7 71 
45 
19 
58 29 
55 
51 
26 79 
75 
82 49 
94 
48 
29 
53 
35 
13 
99 
56 
61 
42 
63 
81 
98 
50 
49 
60 
79 
9 
90 
71 
97 
5 
# clone tree 43 objective: 4.43816
0 82 23 28 
28 63 35 59 
46 51 39 85 
59 48 46 
43 91 10 
85 90 43 
10 56 44 62 
62 25 
25 77 89 
89 34 
34 50 1 15 
57 86 
15 13 57 
86 38 65 
91 97 12 80 84 
65 73 30 
17 45 18 
30 17 
84 60 24 33 
18 21 41 
33 78 37 
38 27 
41 2 
27 47 67 74 
37 99 68 
2 75 36 
21 72 
72 4 
68 22 
44 53 3 
4 54 
36 83 
24 52 32 
74 69 
22 6 
54 14 
3 11 
6 94 64 
14 70 
23 95 
64 87 
80 8 
83 19 
12 93 
69 5 20 
32 42 40 
70 31 
1 16 
67 88 
95 96 
11 
40 7 
31 98 
77 55 92 
16 81 
93 76 
20 26 
76 58 
88 
87 
47 66 
78 61 
96 9 
52 
66 
73 
8 
92 
39 
7 71 
45 
19 
58 29 
55 
51 
26 79 
75 
82 49 
94 
48 
29 
53 
35 
13 
99 
56 
61 
42 
63 
81 
98 
50 
49 
60 
79 
9 
90 
71 
97 
5 
# clone tree 44 objective: 4.43816
0 82 23 28 
28 63 35 59 
46 51 39 85 
59 48 46 
43 91 10 
85 90 43 
10 56 44 62 
62 25 
25 77 89 
89 34 
34 50 1 15 
57 86 
15 13 57 
86 38 65 
91 97 12 80 84 
65 73 30 
17 45 18 
30 17 
84 60 24 33 
18 21 41 
33 78 37 
38 27 
41 2 
27 47 67 74 
37 99 68 
2 75 36 
21 72 
72 4 
68 22 
44 53 3 
4 54 
36 83 
24 52 32 
74 5 69 
22 6 
54 14 
3 11 
6 94 64 
14 70 
23 95 
64 87 
80 8 
83 19 
12 93 
69 20 
32 42 40 
70 31 
1 16 
67 88 
95 96 
11 
40 7 
31 98 
77 55 92 
16 81 
93 76 
20 26 
76 58 
88 
87 
47 66 
78 61 
96 9 
52 
66 
73 
8 
92 
39 
7 71 
45 
19 
58 29 
55 
51 
26 79 
75 
82 49 
94 
48 
29 
53 
35 
13 
99 
56 
61 
42 
63 
81 
98 
50 
49 
60 
79 
9 
90 
71 
97 
5 
# clone tree 45 objective: 4.43816
0 82 23 28 
28 63 35 59 
46 51 39 85 
59 48 46 
43 91 10 
85 90 43 
10 56 44 62 
62 25 
25 77 89 
89 34 
34 50 1 15 
57 86 
15 13 57 
86 38 65 
91 97 12 80 84 
65 73 30 
17 45 18 
30 17 
84 60 24 33 
18 21 41 
33 78 37 
38 27 
41 2 
27 47 67 74 
37 99 68 
2 75 36 
21 72 
72 4 
68 22 
44 53 3 
4 54 
36 83 
24 52 32 
74 69 
22 6 
54 14 
3 11 
6 94 64 
14 70 
23 95 
64 87 
80 8 
83 19 
12 93 
69 20 
32 42 40 
70 5 31 
1 16 
67 88 
95 96 
11 
40 7 
31 98 
77 55 92 
16 81 
93 76 
20 26 
76 58 
88 
87 
47 66 
78 61 
96 9 
52 
66 
73 
8 
92 
39 
7 71 
45 
19 
58 29 
55 
51 
26 79 
75 
82 49 
94 
48 
29 
53 
35 
13 
99 
56 
61 
42 
63 
81 
98 
50 
49 
60 
79 
9 
90 
71 
97 
5 
# clone tree 46 objective: 4.43816
0 82 23 28 
28 63 35 59 
46 51 39 85 
59 48 46 
43 91 10 
85 90 43 
10 56 44 62 
62 25 
25 77 89 
89 34 
34 50 1 15 
57 86 
15 13 57 
86 38 65 
91 97 12 80 84 
65 73 30 
17 45 18 
30 17 
84 60 24 33 
18 21 41 
33 78 37 
38 27 
41 2 
27 47 67 74 
37 99 68 
2 75 36 
21 72 
72 4 
68 22 
44 53 3 
4 54 
36 83 
24 52 32 
74 69 
22 6 
54 14 
3 11 
6 94 64 
14 70 
23 95 
64 87 
80 8 
83 19 
12 93 
69 20 
32 42 40 
70 31 
1 16 
67 88 
95 5 96 
11 
40 7 
31 98 
77 55 92 
16 81 
93 76 
20 26 
76 58 
88 
87 
47 66 
78 61 
96 9 
52 
66 
73 
8 
92 
39 
7 71 
45 
19 
58 29 
55 
51 
26 79 
75 
82 49 
94 
48 
29 
53 
35 
13 
99 
56 
61 
42 
63 
81 
98 
50 
49 
60 
79 
9 
90 
71 
97 
5 
# clone tree 47 objective: 4.43816
0 82 23 28 
28 63 35 59 
46 51 39 85 
59 48 46 
43 91 10 
85 90 43 
10 56 44 62 
62 25 
25 77 89 
89 34 
34 50 1 15 
57 86 
15 13 57 
86 38 65 
91 97 12 80 84 
65 73 30 
17 45 18 
30 17 
84 60 24 33 
18 21 41 
33 78 37 
38 27 
41 2 
27 47 67 74 
37 99 68 
2 75 36 
21 72 
72 4 
68 22 
44 53 3 
4 54 
36 83 
24 52 32 
74 69 
22 6 
54 14 
3 11 
6 94 64 
14 70 
23 95 
64 87 
80 8 
83 5 19 
12 93 
69 20 
32 42 40 
70 31 
1 16 
67 88 
95 96 
11 
40 7 
31 98 
77 55 92 
16 81 
93 76 
20 26 
76 58 
88 
87 
47 66 
78 61 
96 9 
52 
66 
73 
8 
92 
39 
7 71 
45 
19 
58 29 
55 
51 
26 79 
75 
82 49 
94 
48 
29 
53 
35 
13 
99 
56 
61 
42 
63 
81 
98 
50 
49 
60 
79 
9 
90 
71 
97 
5 
# clone tree 48 objective: 4.43816
0 82 23 28 
28 63 35 59 
46 51 39 85 
59 48 46 
43 91 10 
85 90 43 
10 56 44 62 
62 25 
25 77 89 
89 34 
34 50 1 15 
57 86 
15 13 57 
86 38 65 
91 97 12 80 84 
65 73 30 
17 45 18 
30 17 
84 60 24 33 
18 21 41 
33 78 37 
38 27 
41 2 
27 47 67 74 
37 99 68 
2 75 36 
21 72 
72 4 
68 22 
44 53 3 
4 54 
36 83 
24 5 52 32 
74 69 
22 6 
54 14 
3 11 
6 94 64 
14 70 
23 95 
64 87 
80 8 
83 19 
12 93 
69 20 
32 42 40 
70 31 
1 16 
67 88 
95 96 
11 
40 7 
31 98 
77 55 92 
16 81 
93 76 
20 26 
76 58 
88 
87 
47 66 
78 61 
96 9 
52 
66 
73 
8 
92 
39 
7 71 
45 
19 
58 29 
55 
51 
26 79 
75 
82 49 
94 
48 
29 
53 
35 
13 
99 
56 
61 
42 
63 
81 
98 
50 
49 
60 
79 
9 
90 
71 
97 
5 
# clone tree 49 objective: 4.43816
0 82 23 28 
28 63 35 59 
46 51 39 85 
59 48 46 
43 91 10 
85 90 43 
10 56 44 62 
62 25 
25 77 89 
89 34 
34 50 1 15 
57 86 
15 13 57 
86 38 65 
91 97 12 80 84 
65 73 30 
17 45 18 
30 17 
84 60 24 33 
18 21 41 
33 78 37 
38 27 
41 2 
27 47 67 74 
37 5 99 68 
2 75 36 
21 72 
72 4 
68 22 
44 53 3 
4 54 
36 83 
24 52 32 
74 69 
22 6 
54 14 
3 11 
6 94 64 
14 70 
23 95 
64 87 
80 8 
83 19 
12 93 
69 20 
32 42 40 
70 31 
1 16 
67 88 
95 96 
11 
40 7 
31 98 
77 55 92 
16 81 
93 76 
20 26 
76 58 
88 
87 
47 66 
78 61 
96 9 
52 
66 
73 
8 
92 
39 
7 71 
45 
19 
58 29 
55 
51 
26 79 
75 
82 49 
94 
48 
29 
53 
35 
13 
99 
56 
61 
42 
63 
81 
98 
50 
49 
60 
79 
9 
90 
71 
97 
5 
# clone tree 50 objective: 4.43816
0 82 23 28 
28 63 35 59 
46 51 39 85 
59 48 46 
43 91 10 
85 90 43 
10 56 44 62 
62 25 
25 77 89 
89 34 
34 50 1 15 
57 86 
15 13 57 
86 38 65 
91 97 12 80 84 
65 73 30 
17 45 18 
30 17 
84 60 24 33 
18 21 41 
33 5 78 37 
38 27 
41 2 
27 47 67 74 
37 99 68 
2 75 36 
21 72 
72 4 
68 22 
44 53 3 
4 54 
36 83 
24 52 32 
74 69 
22 6 
54 14 
3 11 
6 94 64 
14 70 
23 95 
64 87 
80 8 
83 19 
12 93 
69 20 
32 42 40 
70 31 
1 16 
67 88 
95 96 
11 
40 7 
31 98 
77 55 92 
16 81 
93 76 
20 26 
76 58 
88 
87 
47 66 
78 61 
96 9 
52 
66 
73 
8 
92 
39 
7 71 
45 
19 
58 29 
55 
51 
26 79 
75 
82 49 
94 
48 
29 
53 
35 
13 
99 
56 
61 
42 
63 
81 
98 
50 
49 
60 
79 
9 
90 
71 
97 
5 
# clone tree 51 objective: 4.43816
0 82 23 28 
28 63 35 59 
46 51 39 85 
59 48 46 
43 91 10 
85 90 43 
10 56 44 62 
62 25 
25 77 89 
89 34 
34 50 1 15 
57 86 
15 13 57 
86 38 65 
91 97 12 80 84 
65 73 30 
17 45 18 
30 17 
84 60 24 33 
18 21 41 
33 78 37 
38 27 
41 2 
27 47 67 74 
37 99 68 
2 75 36 
21 72 
72 4 
68 22 
44 53 3 
4 54 
36 5 83 
24 52 32 
74 69 
22 6 
54 14 
3 11 
6 94 64 
14 70 
23 95 
64 87 
80 8 
83 19 
12 93 
69 20 
32 42 40 
70 31 
1 16 
67 88 
95 96 
11 
40 7 
31 98 
77 55 92 
16 81 
93 76 
20 26 
76 58 
88 
87 
47 66 
78 61 
96 9 
52 
66 
73 
8 
92 
39 
7 71 
45 
19 
58 29 
55 
51 
26 79 
75 
82 49 
94 
48 
29 
53 
35 
13 
99 
56 
61 
42 
63 
81 
98 
50 
49 
60 
79 
9 
90 
71 
97 
5 
# clone tree 52 objective: 4.43816
0 82 23 28 
28 63 59 
46 35 51 39 85 
59 71 48 46 
43 91 10 
85 43 
10 56 44 62 
62 25 
25 77 89 
89 34 
34 5 50 1 15 
57 86 
15 13 57 
86 79 38 65 
91 12 80 84 
65 73 30 
17 45 18 
30 17 
84 60 24 33 
18 21 41 
33 78 37 
38 27 
41 2 
27 47 67 74 
37 99 68 
2 75 36 
21 72 
72 4 
68 22 
44 53 3 
4 54 
36 83 
24 52 32 
74 69 
22 6 
54 14 
3 11 
6 94 64 
14 70 
23 95 
64 87 
80 8 
83 19 
12 93 
69 20 
32 42 40 
70 31 
1 16 
67 88 
95 96 
11 
40 7 
31 98 
77 55 92 
16 81 
93 76 
20 90 26 
76 58 
88 
87 
47 66 
78 61 
96 9 
52 
66 
73 
8 
92 
39 
7 
45 
19 
58 29 
55 
51 
26 
75 97 
82 49 
94 
48 
29 
53 
35 
13 
99 
56 
61 
42 
63 
81 
98 
50 
49 
60 
79 
9 
90 
71 
97 
5 
# clone tree 53 objective: 4.43816
0 82 23 28 
28 63 35 59 
46 51 39 85 
59 48 46 
43 91 10 
85 90 43 
10 56 44 62 
62 25 
25 77 89 
89 34 
34 50 1 15 
57 86 
15 13 57 
86 5 38 65 
91 97 12 80 84 
65 73 30 
17 45 18 
30 17 
84 60 24 33 
18 21 41 
33 78 37 
38 27 
41 2 
27 47 67 74 
37 99 68 
2 75 36 
21 72 
72 4 
68 22 
44 53 3 
4 54 
36 83 
24 52 32 
74 69 
22 6 
54 14 
3 11 
6 94 64 
14 70 
23 95 
64 87 
80 8 
83 19 
12 93 
69 20 
32 42 40 
70 31 
1 16 
67 88 
95 96 
11 
40 7 
31 98 
77 55 92 
16 81 
93 76 
20 26 
76 58 
88 
87 
47 66 
78 61 
96 9 
52 
66 
73 
8 
92 
39 
7 71 
45 
19 
58 29 
55 
51 
26 79 
75 
82 49 
94 
48 
29 
53 
35 
13 
99 
56 
61 
42 
63 
81 
98 
50 
49 
60 
79 
9 
90 
71 
97 
5 
# clone tree 54 objective: 4.43816
0 82 23 28 
28 63 35 59 
46 51 39 85 
59 48 46 
43 91 10 
85 90 43 
10 56 44 62 
62 25 
25 77 89 
89 34 
34 50 1 15 
57 86 
15 5 13 57 
86 38 65 
91 97 12 80 84 
65 73 30 
17 45 18 
30 17 
84 60 24 33 
18 21 41 
33 78 37 
38 27 
41 2 
27 47 67 74 
37 99 68 
2 75 36 
21 72 
72 4 
68 22 
44 53 3 
4 54 
36 83 
24 52 32 
74 69 
22 6 
54 14 
3 11 
6 94 64 
14 70 
23 95 
64 87 
80 8 
83 19 
12 93 
69 20 
32 42 40 
70 31 
1 16 
67 88 
95 96 
11 
40 7 
31 98 
77 55 92 
16 81 
93 76 
20 26 
76 58 
88 
87 
47 66 
78 61 
96 9 
52 
66 
73 
8 
92 
39 
7 71 
45 
19 
58 29 
55 
51 
26 79 
75 
82 49 
94 
48 
29 
53 
35 
13 
99 
56 
61 
42 
63 
81 
98 
50 
49 
60 
79 
9 
90 
71 
97 
5 
# clone tree 55 objective: 4.43816
0 82 23 28 
28 63 35 59 
46 51 39 85 
59 48 46 
43 91 10 
85 90 43 
10 56 44 62 
62 25 
25 77 89 
89 34 
34 5 50 1 15 
57 86 
15 13 57 
86 38 65 
91 97 12 80 84 
65 73 30 
17 45 18 
30 17 
84 60 24 33 
18 21 41 
33 78 37 
38 27 
41 2 
27 47 67 74 
37 99 68 
2 75 36 
21 72 
72 4 
68 22 
44 53 3 
4 54 
36 83 
24 52 32 
74 69 
22 6 
54 14 
3 11 
6 94 64 
14 70 
23 95 
64 87 
80 8 
83 19 
12 93 
69 20 
32 42 40 
70 31 
1 16 
67 88 
95 96 
11 
40 7 
31 98 
77 55 92 
16 81 
93 76 
20 26 
76 58 
88 
87 
47 66 
78 61 
96 9 
52 
66 
73 
8 
92 
39 
7 71 
45 
19 
58 29 
55 
51 
26 79 
75 
82 49 
94 
48 
29 
53 
35 
13 
99 
56 
61 
42 
63 
81 
98 
50 
49 
60 
79 
9 
90 
71 
97 
5 
# clone tree 56 objective: 4.43816
0 82 23 28 
28 5 63 35 59 
46 51 39 85 
59 48 46 
43 91 10 
85 90 43 
10 56 44 62 
62 25 
25 77 89 
89 34 
34 50 1 15 
57 86 
15 13 57 
86 38 65 
91 97 12 80 84 
65 73 30 
17 45 18 
30 17 
84 60 24 33 
18 21 41 
33 78 37 
38 27 
41 2 
27 47 67 74 
37 99 68 
2 75 36 
21 72 
72 4 
68 22 
44 53 3 
4 54 
36 83 
24 52 32 
74 69 
22 6 
54 14 
3 11 
6 94 64 
14 70 
23 95 
64 87 
80 8 
83 19 
12 93 
69 20 
32 42 40 
70 31 
1 16 
67 88 
95 96 
11 
40 7 
31 98 
77 55 92 
16 81 
93 76 
20 26 
76 58 
88 
87 
47 66 
78 61 
96 9 
52 
66 
73 
8 
92 
39 
7 71 
45 
19 
58 29 
55 
51 
26 79 
75 
82 49 
94 
48 
29 
53 
35 
13 
99 
56 
61 
42 
63 
81 
98 
50 
49 
60 
79 
9 
90 
71 
97 
5 
# clone tree 57 objective: 4.43816
0 82 23 28 
28 63 59 
46 35 51 39 85 
59 71 48 46 
43 91 10 
85 43 
10 56 44 62 
62 25 
25 77 89 
89 34 
34 50 1 15 
57 86 
15 5 13 57 
86 79 38 65 
91 12 80 84 
65 73 30 
17 45 18 
30 17 
84 60 24 33 
18 21 41 
33 78 37 
38 27 
41 2 
27 47 67 74 
37 99 68 
2 75 36 
21 72 
72 4 
68 22 
44 53 3 
4 54 
36 83 
24 52 32 
74 69 
22 6 
54 14 
3 11 
6 94 64 
14 70 
23 95 
64 87 
80 8 
83 19 
12 93 
69 20 
32 42 40 
70 31 
1 16 
67 88 
95 96 
11 
40 7 
31 98 
77 55 92 
16 81 
93 76 
20 90 26 
76 58 
88 
87 
47 66 
78 61 
96 9 
52 
66 
73 
8 
92 
39 
7 
45 
19 
58 29 
55 
51 
26 
75 97 
82 49 
94 
48 
29 
53 
35 
13 
99 
56 
61 
42 
63 
81 
98 
50 
49 
60 
79 
9 
90 
71 
97 
5 
# clone tree 58 objective: 4.43816
0 82 23 28 
28 63 59 
46 35 51 39 85 
59 71 48 46 
43 91 10 
85 43 
10 56 44 62 
62 25 
25 77 89 
89 34 
34 50 1 15 
57 86 
15 13 57 
86 79 38 65 
91 12 80 84 
65 73 30 
17 45 18 
30 17 
84 60 24 33 
18 21 41 
33 78 37 
38 27 
41 2 
27 47 67 74 
37 99 68 
2 75 36 
21 72 
72 4 
68 22 
44 53 3 
4 54 
36 83 
24 52 32 
74 69 
22 6 
54 14 
3 11 
6 94 64 
14 70 
23 95 
64 87 
80 8 
83 19 
12 93 
69 5 20 
32 42 40 
70 31 
1 16 
67 88 
95 96 
11 
40 7 
31 98 
77 55 92 
16 81 
93 76 
20 90 26 
76 58 
88 
87 
47 66 
78 61 
96 9 
52 
66 
73 
8 
92 
39 
7 
45 
19 
58 29 
55 
51 
26 97 
75 
82 49 
94 
48 
29 
53 
35 
13 
99 
56 
61 
42 
63 
81 
98 
50 
49 
60 
79 
9 
90 
71 
97 
5 
# clone tree 59 objective: 4.43816
0 82 23 28 
28 63 59 
46 35 51 39 85 
59 71 48 46 
43 91 10 
85 43 
10 56 44 62 
62 25 
25 77 89 
89 34 
34 50 1 15 
57 86 
15 13 57 
86 79 38 65 
91 12 80 84 
65 73 30 
17 45 18 
30 17 
84 60 24 33 
18 21 41 
33 78 37 
38 27 
41 2 
27 47 67 74 
37 99 68 
2 75 36 
21 72 
72 4 
68 22 
44 53 3 
4 54 
36 83 
24 52 32 
74 5 69 
22 6 
54 14 
3 11 
6 94 64 
14 70 
23 95 
64 87 
80 8 
83 19 
12 93 
69 20 
32 42 40 
70 31 
1 16 
67 88 
95 96 
11 
40 7 
31 98 
77 55 92 
16 81 
93 76 
20 90 26 
76 58 
88 
87 
47 66 
78 61 
96 9 
52 
66 
73 
8 
92 
39 
7 
45 
19 
58 29 
55 
51 
26 97 
75 
82 49 
94 
48 
29 
53 
35 
13 
99 
56 
61 
42 
63 
81 
98 
50 
49 
60 
79 
9 
90 
71 
97 
5 
# clone tree 60 objective: 4.43816
0 82 23 28 
28 63 59 
46 35 51 39 85 
59 71 48 46 
43 91 10 
85 43 
10 56 44 62 
62 25 
25 77 89 
89 34 
34 50 1 15 
57 86 
15 13 57 
86 79 38 65 
91 12 80 84 
65 73 30 
17 45 18 
30 17 
84 60 24 33 
18 21 41 
33 78 37 
38 27 
41 2 
27 47 67 74 
37 99 68 
2 75 36 
21 72 
72 4 
68 22 
44 53 3 
4 54 
36 83 
24 52 32 
74 69 
22 6 
54 14 
3 11 
6 94 64 
14 70 
23 95 
64 87 
80 8 
83 5 19 
12 93 
69 20 
32 42 40 
70 31 
1 16 
67 88 
95 96 
11 
40 7 
31 98 
77 55 92 
16 81 
93 76 
20 90 26 
76 58 
88 
87 
47 66 
78 61 
96 9 
52 
66 
73 
8 
92 
39 
7 
45 
19 
58 29 
55 
51 
26 97 
75 
82 49 
94 
48 
29 
53 
35 
13 
99 
56 
61 
42 
63 
81 
98 
50 
49 
60 
79 
9 
90 
71 
97 
5 
# clone tree 61 objective: 4.43816
0 82 23 28 
28 63 59 
46 35 51 39 85 
59 71 48 46 
43 91 10 
85 43 
10 56 44 62 
62 25 
25 77 89 
89 34 
34 50 1 15 
57 86 
15 13 57 
86 79 38 65 
91 12 80 84 
65 73 30 
17 45 18 
30 17 
84 60 24 33 
18 21 41 
33 78 37 
38 27 
41 2 
27 47 67 74 
37 99 68 
2 75 36 
21 72 
72 4 
68 22 
44 53 3 
4 54 
36 83 
24 52 32 
74 69 
22 6 
54 14 
3 11 
6 94 64 
14 70 
23 95 
64 87 
80 8 
83 19 
12 93 
69 20 
32 42 40 
70 31 
1 16 
67 88 
95 96 
11 
40 7 
31 98 
77 55 92 
16 81 
93 76 
20 90 26 
76 58 
88 
87 
47 66 
78 61 
96 9 
52 
66 
73 5 
8 
92 
39 
7 
45 
19 
58 29 
55 
51 
26 97 
75 
82 49 
94 
48 
29 
53 
35 
13 
99 
56 
61 
42 
63 
81 
98 
50 
49 
60 
79 
9 
90 
71 
97 
5 
# clone tree 62 objective: 4.43816
0 82 23 28 
28 63 59 
46 35 51 39 85 
59 71 48 46 
43 91 10 
85 43 
10 56 44 62 
62 25 
25 77 89 
89 34 
34 50 1 15 
57 86 
15 13 57 
86 79 38 65 
91 12 80 84 
65 73 30 
17 45 18 
30 17 
84 60 24 33 
18 21 41 
33 78 37 
38 27 
41 2 
27 47 67 74 
37 99 68 
2 75 36 
21 72 
72 4 
68 22 
44 53 3 
4 54 
36 83 
24 52 32 
74 69 
22 6 
54 14 
3 11 
6 94 64 
14 70 
23 95 
64 87 
80 8 
83 19 
12 93 
69 20 
32 42 40 
70 31 
1 16 
67 88 
95 96 
11 5 
40 7 
31 98 
77 55 92 
16 81 
93 76 
20 90 26 
76 58 
88 
87 
47 66 
78 61 
96 9 
52 
66 
73 
8 
92 
39 
7 
45 
19 
58 29 
55 
51 
26 97 
75 
82 49 
94 
48 
29 
53 
35 
13 
99 
56 
61 
42 
63 
81 
98 
50 
49 
60 
79 
9 
90 
71 
97 
5 
# clone tree 63 objective: 4.43816
0 82 23 28 
28 63 59 
46 35 51 39 85 
59 71 48 46 
43 91 10 
85 43 
10 56 44 62 
62 25 
25 77 89 
89 34 
34 50 1 15 
57 86 
15 13 57 
86 79 38 65 
91 12 80 84 
65 73 30 
17 45 18 
30 17 
84 60 24 33 
18 21 41 
33 78 37 
38 27 
41 2 
27 47 67 74 
37 99 68 
2 75 36 
21 72 
72 4 
68 22 
44 53 3 
4 54 
36 83 
24 52 32 
74 69 
22 6 
54 14 
3 11 
6 94 64 
14 70 
23 95 
64 87 
80 8 
83 19 
12 93 
69 20 
32 42 40 
70 31 
1 16 
67 88 
95 96 
11 
40 7 
31 98 
77 55 92 
16 81 
93 76 
20 5 90 26 
76 58 
88 
87 
47 66 
78 61 
96 9 
52 
66 
73 
8 
92 
39 
7 
45 
19 
58 29 
55 
51 
26 97 
75 
82 49 
94 
48 
29 
53 
35 
13 
99 
56 
61 
42 
63 
81 
98 
50 
49 
60 
79 
9 
90 
71 
97 
5 
# clone tree 64 objective: 4.43816
0 82 23 28 
28 63 59 
46 35 51 39 85 
59 71 48 46 
43 91 10 
85 43 
10 56 44 62 
62 25 
25 77 89 
89 34 
34 50 1 15 
57 86 
15 13 57 
86 79 38 65 
91 12 80 84 
65 73 30 
17 45 18 
30 17 
84 60 24 33 
18 21 41 
33 78 37 
38 27 
41 2 
27 47 67 74 
37 99 68 
2 75 36 
21 72 
72 4 
68 22 
44 53 3 
4 54 
36 83 
24 52 32 
74 69 
22 6 
54 14 
3 11 
6 5 94 64 
14 70 
23 95 
64 87 
80 8 
83 19 
12 93 
69 20 
32 42 40 
70 31 
1 16 
67 88 
95 96 
11 
40 7 
31 98 
77 55 92 
16 81 
93 76 
20 90 26 
76 58 
88 
87 
47 66 
78 61 
96 9 
52 
66 
73 
8 
92 
39 
7 
45 
19 
58 29 
55 
51 
26 97 
75 
82 49 
94 
48 
29 
53 
35 
13 
99 
56 
61 
42 
63 
81 
98 
50 
49 
60 
79 
9 
90 
71 
97 
5 
# clone tree 65 objective: 4.43816
0 82 23 28 
28 63 59 
46 35 51 39 85 
59 71 48 46 
43 91 10 
85 43 
10 56 44 62 
62 25 
25 77 89 
89 34 
34 50 1 15 
57 86 
15 13 57 
86 79 38 65 
91 12 80 84 
65 73 30 
17 45 18 
30 17 
84 60 24 33 
18 21 41 
33 78 37 
38 27 
41 2 
27 47 67 74 
37 99 68 
2 75 36 
21 72 
72 4 
68 22 
44 53 3 
4 54 
36 83 
24 52 32 
74 69 
22 6 
54 14 
3 11 
6 94 64 
14 70 
23 95 
64 87 
80 8 
83 19 
12 93 
69 20 
32 42 40 
70 31 
1 16 
67 88 
95 96 
11 
40 7 
31 98 
77 55 92 
16 81 
93 76 
20 90 26 
76 58 
88 
87 
47 66 
78 61 
96 9 
52 
66 5 
73 
8 
92 
39 
7 
45 
19 
58 29 
55 
51 
26 97 
75 
82 49 
94 
48 
29 
53 
35 
13 
99 
56 
61 
42 
63 
81 
98 
50 
49 
60 
79 
9 
90 
71 
97 
5 
# clone tree 66 objective: 4.43816
0 82 23 28 
28 63 59 
46 35 51 39 85 
59 71 48 46 
43 91 10 
85 43 
10 56 44 62 
62 25 
25 77 89 
89 34 
34 50 1 15 
57 86 
15 13 57 
86 79 38 65 
91 12 80 84 
65 73 30 
17 45 18 
30 17 
84 60 24 33 
18 21 41 
33 78 37 
38 27 
41 2 
27 47 67 74 
37 5 99 68 
2 75 36 
21 72 
72 4 
68 22 
44 53 3 
4 54 
36 83 
24 52 32 
74 69 
22 6 
54 14 
3 11 
6 94 64 
14 70 
23 95 
64 87 
80 8 
83 19 
12 93 
69 20 
32 42 40 
70 31 
1 16 
67 88 
95 96 
11 
40 7 
31 98 
77 55 92 
16 81 
93 76 
20 90 26 
76 58 
88 
87 
47 66 
78 61 
96 9 
52 
66 
73 
8 
92 
39 
7 
45 
19 
58 29 
55 
51 
26 97 
75 
82 49 
94 
48 
29 
53 
35 
13 
99 
56 
61 
42 
63 
81 
98 
50 
49 
60 
79 
9 
90 
71 
97 
5 
# clone tree 67 objective: 4.43816
0 82 23 28 
28 63 59 
46 35 51 39 85 
59 71 48 46 
43 91 10 
85 43 
10 56 44 62 
62 25 
25 77 89 
89 34 
34 50 1 15 
57 86 
15 13 57 
86 79 38 65 
91 12 80 84 
65 73 30 
17 45 18 
30 17 
84 60 24 33 
18 21 41 
33 78 37 
38 27 
41 2 
27 47 67 74 
37 99 68 
2 75 36 
21 72 
72 4 
68 22 
44 53 3 
4 54 
36 83 
24 52 32 
74 69 
22 6 
54 14 
3 11 
6 94 64 
14 70 
23 95 
64 87 
80 8 
83 19 
12 93 
69 20 
32 42 40 
70 31 
1 16 
67 88 
95 96 
11 
40 7 
31 98 
77 55 92 
16 81 
93 76 
20 90 26 
76 58 
88 
87 
47 66 
78 61 
96 9 
52 
66 
73 
8 
92 
39 
7 
45 
19 
58 29 
55 
51 
26 97 
75 
82 49 
94 
48 
29 
53 
35 
13 
99 
56 
61 
42 
63 
81 
98 
50 5 
49 
60 
79 
9 
90 
71 
97 
5 
# clone tree 68 objective: 4.43816
0 82 23 28 
28 63 59 
46 35 51 39 85 
59 71 48 46 
43 91 10 
85 43 
10 56 44 62 
62 25 
25 77 89 
89 34 
34 50 1 15 
57 86 
15 13 57 
86 79 38 65 
91 12 80 84 
65 73 30 
17 45 18 
30 17 
84 60 24 33 
18 21 41 
33 78 37 
38 27 
41 2 
27 47 67 74 
37 99 68 
2 75 36 
21 72 
72 4 
68 22 
44 53 3 
4 54 
36 83 
24 52 32 
74 69 
22 6 
54 14 
3 11 
6 94 64 
14 70 
23 95 
64 87 
80 8 
83 19 
12 93 
69 20 
32 42 40 
70 31 
1 16 
67 88 
95 96 
11 
40 7 
31 98 
77 55 92 
16 81 
93 76 
20 90 26 
76 58 
88 
87 
47 66 
78 61 
96 5 9 
52 
66 
73 
8 
92 
39 
7 
45 
19 
58 29 
55 
51 
26 97 
75 
82 49 
94 
48 
29 
53 
35 
13 
99 
56 
61 
42 
63 
81 
98 
50 
49 
60 
79 
9 
90 
71 
97 
5 
# clone tree 69 objective: 4.43816
0 82 23 28 
28 63 59 
46 35 51 39 85 
59 71 48 46 
43 91 10 
85 43 
10 56 44 62 
62 25 
25 77 89 
89 34 
34 50 1 15 
57 86 
15 13 57 
86 79 38 65 
91 12 80 84 
65 73 30 
17 45 18 
30 17 
84 60 24 33 
18 21 41 
33 5 78 37 
38 27 
41 2 
27 47 67 74 
37 99 68 
2 75 36 
21 72 
72 4 
68 22 
44 53 3 
4 54 
36 83 
24 52 32 
74 69 
22 6 
54 14 
3 11 
6 94 64 
14 70 
23 95 
64 87 
80 8 
83 19 
12 93 
69 20 
32 42 40 
70 31 
1 16 
67 88 
95 96 
11 
40 7 
31 98 
77 55 92 
16 81 
93 76 
20 90 26 
76 58 
88 
87 
47 66 
78 61 
96 9 
52 
66 
73 
8 
92 
39 
7 
45 
19 
58 29 
55 
51 
26 97 
75 
82 49 
94 
48 
29 
53 
35 
13 
99 
56 
61 
42 
63 
81 
98 
50 
49 
60 
79 
9 
90 
71 
97 
5 
# clone tree 70 objective: 4.43816
0 82 23 28 
28 63 59 
46 35 51 39 85 
59 71 48 46 
43 91 10 
85 43 
10 56 44 62 
62 25 
25 77 89 
89 34 
34 50 1 15 
57 86 
15 13 57 
86 79 38 65 
91 12 80 84 
65 73 30 
17 45 18 
30 17 
84 60 24 33 
18 21 41 
33 78 37 
38 27 
41 2 
27 47 67 74 
37 99 68 
2 75 36 
21 72 
72 4 
68 22 
44 53 3 
4 54 
36 83 
24 52 32 
74 69 
22 6 
54 14 
3 11 
6 94 64 
14 70 
23 95 
64 87 
80 8 
83 19 
12 93 
69 20 
32 42 40 
70 31 
1 16 
67 88 
95 96 
11 
40 7 
31 98 
77 55 92 
16 81 
93 76 
20 90 26 
76 58 
88 
87 
47 66 
78 61 
96 9 
52 
66 
73 
8 
92 
39 
7 
45 
19 
58 29 
55 
51 
26 97 
75 
82 49 
94 
48 
29 5 
53 
35 
13 
99 
56 
61 
42 
63 
81 
98 
50 
49 
60 
79 
9 
90 
71 
97 
5 
# clone tree 71 objective: 4.43816
0 82 23 28 
28 63 59 
46 35 51 39 85 
59 71 48 46 
43 91 10 
85 43 
10 56 44 62 
62 25 
25 77 89 
89 34 
34 50 1 15 
57 86 
15 13 57 
86 79 38 65 
91 12 80 84 
65 73 30 
17 45 18 
30 17 
84 60 24 33 
18 21 41 
33 78 37 
38 27 
41 2 
27 47 67 74 
37 99 68 
2 75 36 
21 72 
72 4 
68 5 22 
44 53 3 
4 54 
36 83 
24 52 32 
74 69 
22 6 
54 14 
3 11 
6 94 64 
14 70 
23 95 
64 87 
80 8 
83 19 
12 93 
69 20 
32 42 40 
70 31 
1 16 
67 88 
95 96 
11 
40 7 
31 98 
77 55 92 
16 81 
93 76 
20 90 26 
76 58 
88 
87 
47 66 
78 61 
96 9 
52 
66 
73 
8 
92 
39 
7 
45 
19 
58 29 
55 
51 
26 97 
75 
82 49 
94 
48 
29 
53 
35 
13 
99 
56 
61 
42 
63 
81 
98 
50 
49 
60 
79 
9 
90 
71 
97 
5 
# clone tree 72 objective: 4.43816
0 82 23 28 
28 63 59 
46 35 51 39 85 
59 71 48 46 
43 91 10 
85 43 
10 56 44 62 
62 25 
25 77 89 
89 34 
34 50 1 15 
57 86 
15 13 57 
86 79 38 65 
91 12 80 84 
65 73 30 
17 45 18 
30 17 
84 60 24 33 
18 21 41 
33 78 37 
38 27 
41 2 
27 47 67 74 
37 99 68 
2 75 36 
21 72 
72 4 
68 22 
44 53 3 
4 54 
36 83 
24 52 32 
74 69 
22 6 
54 14 
3 11 
6 94 64 
14 70 
23 95 
64 87 
80 8 
83 19 
12 93 
69 20 
32 42 40 
70 31 
1 16 
67 88 
95 96 
11 
40 7 
31 98 
77 55 92 
16 81 
93 76 
20 90 26 
76 58 
88 
87 
47 66 
78 61 
96 9 
52 
66 
73 
8 
92 
39 
7 
45 
19 
58 29 
55 5 
51 
26 97 
75 
82 49 
94 
48 
29 
53 
35 
13 
99 
56 
61 
42 
63 
81 
98 
50 
49 
60 
79 
9 
90 
71 
97 
5 
# clone tree 73 objective: 4.43816
0 82 23 28 
28 63 59 
46 35 51 39 85 
59 71 48 46 
43 91 10 
85 43 
10 56 44 62 
62 25 
25 77 89 
89 34 
34 50 1 15 
57 86 
15 5 13 57 
86 79 38 65 
91 12 80 84 
65 73 30 
17 45 18 
30 17 
84 60 24 33 
18 21 41 
33 78 37 
38 27 
41 2 
27 47 67 74 
37 99 68 
2 75 36 
21 72 
72 4 
68 22 
44 53 3 
4 54 
36 83 
24 52 32 
74 69 
22 6 
54 14 
3 11 
6 94 64 
14 70 
23 95 
64 87 
80 8 
83 19 
12 93 
69 20 
32 42 40 
70 31 
1 16 
67 88 
95 96 
11 
40 7 
31 98 
77 55 92 
16 81 
93 76 
20 90 26 
76 58 
88 
87 
47 66 
78 61 
96 9 
52 
66 
73 
8 
92 
39 
7 
45 
19 
58 29 
55 
51 
26 97 
75 
82 49 
94 
48 
29 
53 
35 
13 
99 
56 
61 
42 
63 
81 
98 
50 
49 
60 
79 
9 
90 
71 
97 
5 
# clone tree 74 objective: 4.43816
0 82 23 28 
28 63 59 
46 35 51 39 85 
59 71 48 46 
43 91 10 
85 43 
10 56 44 62 
62 25 
25 77 89 
89 34 
34 50 1 15 
57 86 
15 13 57 
86 79 38 65 
91 12 80 84 
65 73 30 
17 45 18 
30 17 
84 60 24 33 
18 21 41 
33 78 37 
38 27 
41 2 
27 47 67 74 
37 99 68 
2 75 36 
21 72 
72 4 
68 22 
44 53 3 
4 54 
36 83 
24 52 32 
74 69 
22 6 
54 14 
3 11 
6 94 64 
14 70 
23 95 
64 87 
80 8 
83 19 
12 93 
69 20 
32 42 40 
70 31 
1 16 
67 88 
95 5 96 
11 
40 7 
31 98 
77 55 92 
16 81 
93 76 
20 90 26 
76 58 
88 
87 
47 66 
78 61 
96 9 
52 
66 
73 
8 
92 
39 
7 
45 
19 
58 29 
55 
51 
26 97 
75 
82 49 
94 
48 
29 
53 
35 
13 
99 
56 
61 
42 
63 
81 
98 
50 
49 
60 
79 
9 
90 
71 
97 
5 
# clone tree 75 objective: 4.43816
0 82 23 28 
28 63 59 
46 35 51 39 85 
59 71 48 46 
43 91 10 
85 43 
10 56 44 62 
62 25 
25 77 89 
89 34 
34 50 1 15 
57 86 
15 13 57 
86 79 38 65 
91 12 80 84 
65 73 30 
17 45 18 
30 17 
84 60 24 33 
18 21 41 
33 78 37 
38 27 
41 2 
27 47 67 74 
37 99 68 
2 75 36 
21 72 
72 4 
68 22 
44 53 3 
4 54 
36 83 
24 52 32 
74 69 
22 6 
54 14 
3 11 
6 94 64 
14 70 
23 95 
64 87 
80 8 
83 19 
12 93 
69 20 
32 42 40 
70 31 
1 16 
67 88 
95 96 
11 
40 7 
31 98 
77 55 92 
16 81 
93 76 
20 90 26 
76 58 
88 
87 
47 66 
78 61 
96 9 
52 
66 
73 
8 
92 
39 5 
7 
45 
19 
58 29 
55 
51 
26 97 
75 
82 49 
94 
48 
29 
53 
35 
13 
99 
56 
61 
42 
63 
81 
98 
50 
49 
60 
79 
9 
90 
71 
97 
5 
# clone tree 76 objective: 4.43816
0 82 23 28 
28 63 59 
46 35 51 39 85 
59 71 48 46 
43 91 10 
85 43 
10 56 44 62 
62 25 
25 77 89 
89 34 
34 50 1 15 
57 86 
15 13 57 
86 79 38 65 
91 12 80 84 
65 73 30 
17 45 18 
30 17 
84 60 24 33 
18 21 41 
33 78 37 
38 27 
41 2 
27 47 67 74 
37 99 68 
2 75 36 
21 72 
72 4 
68 22 
44 53 3 
4 54 
36 83 
24 52 32 
74 69 
22 6 
54 14 
3 11 
6 94 64 
14 70 
23 95 
64 87 
80 8 
83 19 
12 93 
69 20 
32 42 40 
70 31 
1 16 
67 88 
95 96 
11 
40 7 
31 98 
77 55 92 
16 81 
93 76 
20 90 26 
76 58 
88 
87 
47 66 
78 61 
96 9 
52 
66 
73 
8 
92 
39 
7 
45 
19 
58 29 
55 
51 
26 97 
75 
82 49 
94 
48 
29 
53 
35 
13 
99 
56 
61 
42 
63 
81 5 
98 
50 
49 
60 
79 
9 
90 
71 
97 
5 
# clone tree 77 objective: 4.43816
0 82 23 28 
28 63 59 
46 35 51 39 85 
59 71 48 46 
43 91 10 
85 43 
10 56 44 62 
62 25 
25 77 89 
89 34 
34 50 1 15 
57 86 
15 13 57 
86 79 38 65 
91 12 80 84 
65 73 30 
17 45 18 
30 17 
84 60 24 33 
18 21 41 
33 78 37 
38 27 
41 2 
27 47 67 74 
37 99 68 
2 75 36 
21 72 
72 4 
68 22 
44 53 3 
4 54 
36 5 83 
24 52 32 
74 69 
22 6 
54 14 
3 11 
6 94 64 
14 70 
23 95 
64 87 
80 8 
83 19 
12 93 
69 20 
32 42 40 
70 31 
1 16 
67 88 
95 96 
11 
40 7 
31 98 
77 55 92 
16 81 
93 76 
20 90 26 
76 58 
88 
87 
47 66 
78 61 
96 9 
52 
66 
73 
8 
92 
39 
7 
45 
19 
58 29 
55 
51 
26 97 
75 
82 49 
94 
48 
29 
53 
35 
13 
99 
56 
61 
42 
63 
81 
98 
50 
49 
60 
79 
9 
90 
71 
97 
5 
# clone tree 78 objective: 4.43816
0 82 23 28 
28 63 59 
46 35 51 39 85 
59 71 48 46 
43 91 10 
85 43 
10 56 44 62 
62 25 
25 77 89 
89 34 
34 50 1 15 
57 86 
15 13 57 
86 79 38 65 
91 12 80 84 
65 73 30 
17 45 18 
30 17 
84 60 24 33 
18 21 41 
33 78 37 
38 27 
41 2 
27 47 67 74 
37 99 68 
2 75 36 
21 72 
72 4 
68 22 
44 53 3 
4 54 
36 83 
24 52 32 
74 69 
22 6 
54 14 
3 11 
6 94 64 
14 70 
23 95 
64 87 
80 8 
83 19 
12 93 
69 20 
32 42 40 
70 31 
1 16 
67 88 
95 96 
11 
40 7 
31 98 
77 55 92 
16 81 
93 76 
20 90 26 
76 58 
88 
87 
47 66 
78 61 
96 9 
52 
66 
73 
8 
92 
39 
7 
45 
19 
58 29 
55 
51 
26 97 
75 
82 49 
94 
48 
29 
53 
35 
13 
99 
56 
61 
42 
63 5 
81 
98 
50 
49 
60 
79 
9 
90 
71 
97 
5 
# clone tree 79 objective: 4.43816
0 82 23 28 
28 5 63 59 
46 35 51 39 85 
59 71 48 46 
43 91 10 
85 43 
10 56 44 62 
62 25 
25 77 89 
89 34 
34 50 1 15 
57 86 
15 13 57 
86 79 38 65 
91 12 80 84 
65 73 30 
17 45 18 
30 17 
84 60 24 33 
18 21 41 
33 78 37 
38 27 
41 2 
27 47 67 74 
37 99 68 
2 75 36 
21 72 
72 4 
68 22 
44 53 3 
4 54 
36 83 
24 52 32 
74 69 
22 6 
54 14 
3 11 
6 94 64 
14 70 
23 95 
64 87 
80 8 
83 19 
12 93 
69 20 
32 42 40 
70 31 
1 16 
67 88 
95 96 
11 
40 7 
31 98 
77 55 92 
16 81 
93 76 
20 90 26 
76 58 
88 
87 
47 66 
78 61 
96 9 
52 
66 
73 
8 
92 
39 
7 97 
45 
19 
58 29 
55 
51 
26 
75 
82 49 
94 
48 
29 
53 
35 
13 
99 
56 
61 
42 
63 
81 
98 
50 
49 
60 
79 
9 
90 
71 
97 
5 
# clone tree 80 objective: 4.43816
0 82 23 28 
28 63 59 
46 35 51 39 85 
59 71 48 46 
43 91 10 
85 43 
10 56 44 62 
62 25 
25 77 89 
89 34 
34 5 50 1 15 
57 86 
15 13 57 
86 79 38 65 
91 12 80 84 
65 73 30 
17 45 18 
30 17 
84 60 24 33 
18 21 41 
33 78 37 
38 27 
41 2 
27 47 67 74 
37 99 68 
2 75 36 
21 72 
72 4 
68 22 
44 53 3 
4 54 
36 83 
24 52 32 
74 69 
22 6 
54 14 
3 11 
6 94 64 
14 70 
23 95 
64 87 
80 8 
83 19 
12 93 
69 20 
32 42 40 
70 31 
1 16 
67 88 
95 96 
11 
40 7 
31 98 
77 55 92 
16 81 
93 76 
20 90 26 
76 58 
88 
87 
47 66 
78 61 
96 9 
52 
66 
73 
8 
92 
39 
7 97 
45 
19 
58 29 
55 
51 
26 
75 
82 49 
94 
48 
29 
53 
35 
13 
99 
56 
61 
42 
63 
81 
98 
50 
49 
60 
79 
9 
90 
71 
97 
5 
# clone tree 81 objective: 4.43816
0 82 23 28 
28 63 59 
46 35 51 39 85 
59 71 48 46 
43 91 10 
85 43 
10 56 44 62 
62 25 
25 77 89 
89 34 
34 50 1 15 
57 86 
15 13 57 
86 5 79 38 65 
91 12 80 84 
65 73 30 
17 45 18 
30 17 
84 60 24 33 
18 21 41 
33 78 37 
38 27 
41 2 
27 47 67 74 
37 99 68 
2 75 36 
21 72 
72 4 
68 22 
44 53 3 
4 54 
36 83 
24 52 32 
74 69 
22 6 
54 14 
3 11 
6 94 64 
14 70 
23 95 
64 87 
80 8 
83 19 
12 93 
69 20 
32 42 40 
70 31 
1 16 
67 88 
95 96 
11 
40 7 
31 98 
77 55 92 
16 81 
93 76 
20 90 26 
76 58 
88 
87 
47 66 
78 61 
96 9 
52 
66 
73 
8 
92 
39 
7 
45 
19 
58 29 
55 
51 
26 97 
75 
82 49 
94 
48 
29 
53 
35 
13 
99 
56 
61 
42 
63 
81 
98 
50 
49 
60 
79 
9 
90 
71 
97 
5 
# clone tree 82 objective: 4.43816
0 82 23 28 
28 63 59 
46 35 51 39 85 
59 71 48 46 
43 91 10 
85 43 
10 56 44 62 
62 25 
25 77 89 
89 34 
34 50 1 15 
57 86 
15 13 57 
86 5 79 38 65 
91 12 80 84 
65 73 30 
17 45 18 
30 17 
84 60 24 33 
18 21 41 
33 78 37 
38 27 
41 2 
27 47 67 74 
37 99 68 
2 75 36 
21 72 
72 4 
68 22 
44 53 3 
4 54 
36 83 
24 52 32 
74 69 
22 6 
54 14 
3 11 
6 94 64 
14 70 
23 95 
64 87 
80 8 
83 19 
12 93 
69 20 
32 42 40 
70 31 
1 16 
67 88 
95 96 
11 
40 7 
31 98 
77 55 92 
16 81 
93 76 
20 90 26 
76 58 
88 
87 
47 66 
78 61 
96 9 
52 
66 
73 
8 
92 
39 
7 97 
45 
19 
58 29 
55 
51 
26 
75 
82 49 
94 
48 
29 
53 
35 
13 
99 
56 
61 
42 
63 
81 
98 
50 
49 
60 
79 
9 
90 
71 
97 
5 
# clone tree 83 objective: 4.43816
0 82 23 28 
28 63 59 
46 35 51 39 85 
59 71 48 46 
43 91 10 
85 43 
10 56 44 62 
62 25 
25 77 89 
89 34 
34 50 1 15 
57 86 
15 5 13 57 
86 79 38 65 
91 12 80 84 
65 73 30 
17 45 18 
30 17 
84 60 24 33 
18 21 41 
33 78 37 
38 27 
41 2 
27 47 67 74 
37 99 68 
2 75 36 
21 72 
72 4 
68 22 
44 53 3 
4 54 
36 83 
24 52 32 
74 69 
22 6 
54 14 
3 11 
6 94 64 
14 70 
23 95 
64 87 
80 8 
83 19 
12 93 
69 20 
32 42 40 
70 31 
1 16 
67 88 
95 96 
11 
40 7 
31 98 
77 55 92 
16 81 
93 76 
20 90 26 
76 58 
88 
87 
47 66 
78 61 
96 9 
52 
66 
73 
8 
92 
39 
7 97 
45 
19 
58 29 
55 
51 
26 
75 
82 49 
94 
48 
29 
53 
35 
13 
99 
56 
61 
42 
63 
81 
98 
50 
49 
60 
79 
9 
90 
71 
97 
5 
# clone tree 84 objective: 4.43816
0 82 23 28 
28 63 59 
46 35 51 39 85 
59 71 48 46 
43 91 10 
85 43 
10 56 44 62 
62 25 
25 77 89 
89 34 
34 50 1 15 
57 86 
15 13 57 
86 79 38 65 
91 12 80 84 
65 73 30 
17 45 18 
30 17 
84 60 24 33 
18 21 41 
33 78 37 
38 27 
41 2 
27 47 67 74 
37 99 68 
2 75 36 
21 72 
72 4 
68 22 
44 53 3 
4 54 
36 5 83 
24 52 32 
74 69 
22 6 
54 14 
3 11 
6 94 64 
14 70 
23 95 
64 87 
80 8 
83 19 
12 93 
69 20 
32 42 40 
70 31 
1 16 
67 88 
95 96 
11 
40 7 
31 98 
77 55 92 
16 81 
93 76 
20 90 26 
76 58 
88 
87 
47 66 
78 61 
96 9 
52 
66 
73 
8 
92 
39 
7 97 
45 
19 
58 29 
55 
51 
26 
75 
82 49 
94 
48 
29 
53 
35 
13 
99 
56 
61 
42 
63 
81 
98 
50 
49 
60 
79 
9 
90 
71 
97 
5 
# clone tree 85 objective: 4.43816
0 82 23 28 
28 63 59 
46 35 51 39 85 
59 71 48 46 
43 91 10 
85 43 
10 56 44 62 
62 25 
25 77 89 
89 34 
34 50 1 15 
57 86 
15 13 57 
86 79 38 65 
91 12 80 84 
65 73 30 
17 45 18 
30 17 
84 60 24 33 
18 21 41 
33 78 37 
38 27 
41 2 
27 47 67 74 
37 5 99 68 
2 75 36 
21 72 
72 4 
68 22 
44 53 3 
4 54 
36 83 
24 52 32 
74 69 
22 6 
54 14 
3 11 
6 94 64 
14 70 
23 95 
64 87 
80 8 
83 19 
12 93 
69 20 
32 42 40 
70 31 
1 16 
67 88 
95 96 
11 
40 7 
31 98 
77 55 92 
16 81 
93 76 
20 90 26 
76 58 
88 
87 
47 66 
78 61 
96 9 
52 
66 
73 
8 
92 
39 
7 97 
45 
19 
58 29 
55 
51 
26 
75 
82 49 
94 
48 
29 
53 
35 
13 
99 
56 
61 
42 
63 
81 
98 
50 
49 
60 
79 
9 
90 
71 
97 
5 
# clone tree 86 objective: 4.43816
0 82 23 28 
28 63 59 
46 35 51 39 85 
59 71 48 46 
43 91 10 
85 43 
10 56 44 62 
62 25 
25 77 89 
89 34 
34 50 1 15 
57 86 
15 13 57 
86 79 38 65 
91 12 80 84 
65 73 30 
17 45 18 
30 17 
84 60 24 33 
18 21 41 
33 5 78 37 
38 27 
41 2 
27 47 67 74 
37 99 68 
2 75 36 
21 72 
72 4 
68 22 
44 53 3 
4 54 
36 83 
24 52 32 
74 69 
22 6 
54 14 
3 11 
6 94 64 
14 70 
23 95 
64 87 
80 8 
83 19 
12 93 
69 20 
32 42 40 
70 31 
1 16 
67 88 
95 96 
11 
40 7 
31 98 
77 55 92 
16 81 
93 76 
20 90 26 
76 58 
88 
87 
47 66 
78 61 
96 9 
52 
66 
73 
8 
92 
39 
7 97 
45 
19 
58 29 
55 
51 
26 
75 
82 49 
94 
48 
29 
53 
35 
13 
99 
56 
61 
42 
63 
81 
98 
50 
49 
60 
79 
9 
90 
71 
97 
5 
# clone tree 87 objective: 4.43816
0 82 23 28 
28 63 59 
46 35 51 39 85 
59 71 48 46 
43 91 10 
85 43 
10 56 44 62 
62 25 
25 77 89 
89 34 
34 50 1 15 
57 86 
15 13 57 
86 79 38 65 
91 12 80 84 
65 73 30 
17 45 18 
30 17 
84 60 24 33 
18 21 41 
33 78 37 
38 27 
41 2 
27 47 67 74 
37 99 68 
2 75 36 
21 72 
72 4 
68 22 
44 53 3 
4 54 
36 83 
24 5 52 32 
74 69 
22 6 
54 14 
3 11 
6 94 64 
14 70 
23 95 
64 87 
80 8 
83 19 
12 93 
69 20 
32 42 40 
70 31 
1 16 
67 88 
95 96 
11 
40 7 
31 98 
77 55 92 
16 81 
93 76 
20 90 26 
76 58 
88 
87 
47 66 
78 61 
96 9 
52 
66 
73 
8 
92 
39 
7 97 
45 
19 
58 29 
55 
51 
26 
75 
82 49 
94 
48 
29 
53 
35 
13 
99 
56 
61 
42 
63 
81 
98 
50 
49 
60 
79 
9 
90 
71 
97 
5 
# clone tree 88 objective: 4.43816
0 82 23 28 
28 63 35 59 
46 51 39 85 
59 48 46 
43 91 10 
85 90 43 
10 56 44 62 
62 25 
25 77 89 
89 34 
34 50 1 15 
57 86 
15 13 57 
86 38 65 
91 12 80 84 
65 73 30 
17 97 45 18 
30 17 
84 60 24 33 
18 21 41 
33 78 37 
38 27 
41 2 
27 47 67 74 
37 99 68 
2 75 36 
21 72 
72 4 
68 22 
44 53 3 
4 54 
36 83 
24 52 32 
74 69 
22 6 
54 14 
3 11 
6 94 64 
14 70 
23 95 
64 87 
80 8 
83 19 
12 93 
69 20 
32 42 40 
70 31 
1 16 
67 88 
95 96 
11 
40 7 
31 98 
77 55 92 
16 81 
93 76 
20 26 
76 58 
88 
87 
47 66 
78 61 
96 9 
52 
66 
73 
8 
92 
39 
7 71 
45 
19 
58 29 
55 
51 
26 79 
75 
82 49 
94 
48 
29 
53 
35 
13 
99 
56 
61 
42 
63 5 
81 
98 
50 
49 
60 
79 
9 
90 
71 
97 
5 
# clone tree 89 objective: 4.43816
0 82 23 28 
28 63 35 59 
46 51 39 85 
59 48 46 
43 91 10 
85 90 43 
10 56 44 62 
62 25 
25 77 89 
89 34 
34 50 1 15 
57 86 
15 13 57 
86 38 65 
91 12 80 84 
65 73 30 
17 97 45 18 
30 17 
84 60 24 33 
18 21 41 
33 78 37 
38 27 
41 2 
27 47 67 74 
37 99 68 
2 75 36 
21 72 
72 4 
68 22 
44 53 3 
4 54 
36 83 
24 52 32 
74 69 
22 6 
54 14 
3 11 
6 94 64 
14 70 
23 95 
64 87 
80 8 
83 19 
12 93 
69 20 
32 42 40 
70 31 
1 16 
67 88 
95 96 
11 
40 7 
31 98 
77 55 92 
16 81 
93 76 
20 26 
76 58 
88 
87 
47 66 
78 61 
96 9 
52 
66 
73 
8 
92 
39 5 
7 71 
45 
19 
58 29 
55 
51 
26 79 
75 
82 49 
94 
48 
29 
53 
35 
13 
99 
56 
61 
42 
63 
81 
98 
50 
49 
60 
79 
9 
90 
71 
97 
5 
# clone tree 90 objective: 4.43816
0 82 23 28 
28 63 59 
46 35 51 39 85 
59 71 48 46 
43 91 10 
85 43 
10 56 44 62 
62 25 
25 77 89 
89 34 
34 50 1 15 
57 86 
15 13 57 
86 79 38 65 
91 12 80 84 
65 73 30 
17 45 18 
30 17 
84 60 24 33 
18 21 41 
33 78 37 
38 27 
41 2 
27 47 67 74 
37 99 68 
2 75 36 
21 72 
72 4 
68 22 
44 53 3 
4 54 
36 83 
24 52 32 
74 69 
22 6 
54 14 
3 11 
6 94 64 
14 70 
23 95 
64 87 
80 8 
83 19 
12 93 
69 20 
32 42 40 
70 31 
1 16 
67 88 
95 5 96 
11 
40 7 
31 98 
77 55 92 
16 81 
93 76 
20 90 26 
76 58 
88 
87 
47 66 
78 61 
96 9 
52 
66 
73 
8 
92 
39 
7 97 
45 
19 
58 29 
55 
51 
26 
75 
82 49 
94 
48 
29 
53 
35 
13 
99 
56 
61 
42 
63 
81 
98 
50 
49 
60 
79 
9 
90 
71 
97 
5 
# clone tree 91 objective: 4.43816
0 82 23 28 
28 63 59 
46 35 51 39 85 
59 71 48 46 
43 91 10 
85 43 
10 56 44 62 
62 25 
25 77 89 
89 34 
34 50 1 15 
57 86 
15 13 57 
86 79 38 65 
91 12 80 84 
65 73 30 
17 45 18 
30 17 
84 60 24 33 
18 21 41 
33 78 37 
38 27 
41 2 
27 47 67 74 
37 99 68 
2 75 36 
21 72 
72 4 
68 22 
44 53 3 
4 54 
36 83 
24 52 32 
74 69 
22 6 
54 14 
3 11 
6 94 64 
14 70 
23 95 
64 87 
80 8 
83 19 
12 93 
69 5 20 
32 42 40 
70 31 
1 16 
67 88 
95 96 
11 
40 7 
31 98 
77 55 92 
16 81 
93 76 
20 90 26 
76 58 
88 
87 
47 66 
78 61 
96 9 
52 
66 
73 
8 
92 
39 
7 97 
45 
19 
58 29 
55 
51 
26 
75 
82 49 
94 
48 
29 
53 
35 
13 
99 
56 
61 
42 
63 
81 
98 
50 
49 
60 
79 
9 
90 
71 
97 
5 
# clone tree 92 objective: 4.43816
0 82 23 28 
28 63 35 59 
46 51 39 85 
59 48 46 
43 91 10 
85 90 43 
10 56 44 62 
62 25 
25 77 89 
89 34 
34 50 1 15 
57 86 
15 13 57 
86 38 65 
91 12 80 84 
65 73 30 
17 97 45 18 
30 17 
84 60 24 33 
18 21 41 
33 78 37 
38 27 
41 2 
27 47 67 74 
37 99 68 
2 75 36 
21 72 
72 4 
68 22 
44 53 3 
4 54 
36 83 
24 52 32 
74 69 
22 6 
54 14 
3 11 
6 94 64 
14 70 
23 95 
64 87 
80 8 
83 19 
12 93 
69 20 
32 42 40 
70 31 
1 5 16 
67 88 
95 96 
11 
40 7 
31 98 
77 55 92 
16 81 
93 76 
20 26 
76 58 
88 
87 
47 66 
78 61 
96 9 
52 
66 
73 
8 
92 
39 
7 71 
45 
19 
58 29 
55 
51 
26 79 
75 
82 49 
94 
48 
29 
53 
35 
13 
99 
56 
61 
42 
63 
81 
98 
50 
49 
60 
79 
9 
90 
71 
97 
5 
# clone tree 93 objective: 4.43816
0 82 23 28 
28 63 35 59 
46 51 39 85 
59 48 46 
43 91 10 
85 90 43 
10 56 44 62 
62 25 
25 77 89 
89 34 
34 50 1 15 
57 86 
15 13 57 
86 38 65 
91 12 80 84 
65 73 30 
17 97 45 18 
30 17 
84 60 24 33 
18 21 41 
33 78 37 
38 27 
41 2 
27 47 67 74 
37 99 68 
2 75 36 
21 72 
72 4 
68 22 
44 53 3 
4 54 
36 83 
24 52 32 
74 69 
22 6 
54 14 
3 11 
6 94 64 
14 70 
23 95 
64 87 
80 8 
83 19 
12 93 
69 20 
32 42 40 
70 31 
1 16 
67 88 
95 96 
11 
40 7 
31 98 
77 55 92 
16 81 
93 76 
20 26 
76 58 
88 
87 
47 66 
78 61 
96 9 
52 
66 
73 
8 
92 
39 
7 71 
45 
19 
58 29 
55 
51 
26 79 
75 
82 49 
94 
48 
29 5 
53 
35 
13 
99 
56 
61 
42 
63 
81 
98 
50 
49 
60 
79 
9 
90 
71 
97 
5 
# clone tree 94 objective: 4.43816
0 82 23 28 
28 63 35 59 
46 51 39 85 
59 48 46 
43 91 10 
85 90 43 
10 56 44 62 
62 25 
25 77 89 
89 34 
34 50 1 15 
57 86 
15 13 57 
86 38 65 
91 12 80 84 
65 73 30 
17 97 45 18 
30 17 
84 60 24 33 
18 21 41 
33 78 37 
38 27 
41 2 
27 47 67 74 
37 99 68 
2 75 36 
21 72 
72 4 
68 22 
44 53 3 
4 54 
36 83 
24 52 32 
74 69 
22 6 
54 14 
3 11 
6 94 64 
14 70 
23 95 
64 87 
80 8 
83 19 
12 93 
69 20 
32 42 40 
70 31 
1 16 
67 88 
95 96 
11 
40 7 
31 98 
77 55 92 
16 81 
93 76 
20 26 
76 58 
88 
87 
47 66 
78 61 
96 9 
52 
66 
73 
8 
92 
39 
7 71 
45 
19 
58 29 
55 5 
51 
26 79 
75 
82 49 
94 
48 
29 
53 
35 
13 
99 
56 
61 
42 
63 
81 
98 
50 
49 
60 
79 
9 
90 
71 
97 
5 
# clone tree 95 objective: 4.43816
0 82 23 28 
28 63 35 59 
46 51 39 85 
59 48 46 
43 91 10 
85 90 43 
10 56 44 62 
62 25 
25 77 89 
89 34 
34 50 1 15 
57 86 
15 13 57 
86 38 65 
91 12 80 84 
65 73 30 
17 97 45 18 
30 17 
84 60 24 33 
18 21 41 
33 78 37 
38 27 
41 2 
27 47 67 74 
37 99 68 
2 75 36 
21 72 
72 4 
68 22 
44 53 3 
4 54 
36 83 
24 52 32 
74 69 
22 6 
54 14 
3 11 
6 5 94 64 
14 70 
23 95 
64 87 
80 8 
83 19 
12 93 
69 20 
32 42 40 
70 31 
1 16 
67 88 
95 96 
11 
40 7 
31 98 
77 55 92 
16 81 
93 76 
20 26 
76 58 
88 
87 
47 66 
78 61 
96 9 
52 
66 
73 
8 
92 
39 
7 71 
45 
19 
58 29 
55 
51 
26 79 
75 
82 49 
94 
48 
29 
53 
35 
13 
99 
56 
61 
42 
63 
81 
98 
50 
49 
60 
79 
9 
90 
71 
97 
5 
# clone tree 96 objective: 4.43816
0 82 23 28 
28 63 35 59 
46 51 39 85 
59 48 46 
43 91 10 
85 90 43 
10 56 44 62 
62 25 
25 77 89 
89 34 
34 50 1 15 
57 86 
15 13 57 
86 38 65 
91 12 80 84 
65 73 30 
17 97 45 18 
30 17 
84 60 24 33 
18 21 41 
33 78 37 
38 27 
41 2 
27 47 67 74 
37 99 68 
2 75 36 
21 72 
72 4 
68 5 22 
44 53 3 
4 54 
36 83 
24 52 32 
74 69 
22 6 
54 14 
3 11 
6 94 64 
14 70 
23 95 
64 87 
80 8 
83 19 
12 93 
69 20 
32 42 40 
70 31 
1 16 
67 88 
95 96 
11 
40 7 
31 98 
77 55 92 
16 81 
93 76 
20 26 
76 58 
88 
87 
47 66 
78 61 
96 9 
52 
66 
73 
8 
92 
39 
7 71 
45 
19 
58 29 
55 
51 
26 79 
75 
82 49 
94 
48 
29 
53 
35 
13 
99 
56 
61 
42 
63 
81 
98 
50 
49 
60 
79 
9 
90 
71 
97 
5 
# clone tree 97 objective: 4.43816
0 82 23 28 
28 63 35 59 
46 51 39 85 
59 48 46 
43 91 10 
85 90 43 
10 56 44 62 
62 25 
25 77 89 
89 34 
34 50 1 15 
57 86 
15 13 57 
86 38 65 
91 12 80 84 
65 73 30 
17 97 45 18 
30 17 
84 60 24 33 
18 21 41 
33 78 37 
38 27 
41 2 
27 47 67 74 
37 99 68 
2 75 36 
21 72 
72 4 
68 22 
44 53 3 
4 54 
36 83 
24 52 32 
74 69 
22 6 
54 14 
3 11 
6 94 64 
14 70 
23 95 
64 87 
80 8 
83 19 
12 93 
69 20 
32 42 40 
70 31 
1 16 
67 88 
95 96 
11 
40 7 
31 98 
77 55 92 
16 81 
93 76 
20 26 
76 58 
88 
87 
47 66 
78 61 
96 9 
52 
66 
73 
8 
92 
39 
7 71 
45 
19 
58 29 
55 
51 
26 79 
75 
82 49 
94 
48 
29 
53 
35 
13 
99 
56 
61 
42 
63 
81 5 
98 
50 
49 
60 
79 
9 
90 
71 
97 
5 
# clone tree 98 objective: 4.43816
0 82 23 28 
28 63 35 59 
46 51 39 85 
59 48 46 
43 91 10 
85 90 43 
10 56 44 62 
62 25 
25 77 89 
89 34 
34 50 1 15 
57 86 
15 13 57 
86 38 65 
91 12 80 84 
65 73 30 
17 97 45 18 
30 17 
84 60 24 33 
18 21 41 
33 78 37 
38 27 
41 2 
27 47 67 74 
37 99 68 
2 75 36 
21 72 
72 4 
68 22 
44 53 3 
4 54 
36 83 
24 52 32 
74 69 
22 6 
54 14 
3 11 
6 94 64 
14 70 
23 95 
64 87 
80 8 
83 19 
12 93 
69 20 
32 42 40 
70 31 
1 16 
67 88 
95 96 
11 
40 7 
31 98 
77 55 92 
16 81 
93 76 
20 26 
76 58 
88 
87 
47 66 
78 61 
96 9 
52 
66 
73 
8 
92 
39 
7 71 
45 
19 
58 29 
55 
51 
26 79 
75 
82 49 
94 
48 
29 
53 
35 
13 
99 
56 
61 
42 
63 
81 
98 
50 5 
49 
60 
79 
9 
90 
71 
97 
5 
# clone tree 99 objective: 4.43816
0 82 23 28 
28 63 59 
46 35 51 39 85 
59 71 48 46 
43 91 10 
85 43 
10 56 44 62 
62 25 
25 77 89 
89 34 
34 50 1 15 
57 86 
15 13 57 
86 79 38 65 
91 12 80 84 
65 73 30 
17 45 18 
30 17 
84 60 24 33 
18 21 41 
33 78 37 
38 27 
41 2 
27 47 67 74 
37 99 68 
2 75 36 
21 72 
72 4 
68 22 
44 53 3 
4 54 
36 83 
24 52 32 
74 5 69 
22 6 
54 14 
3 11 
6 94 64 
14 70 
23 95 
64 87 
80 8 
83 19 
12 93 
69 20 
32 42 40 
70 31 
1 16 
67 88 
95 96 
11 
40 7 
31 98 
77 55 92 
16 81 
93 76 
20 90 26 
76 58 
88 
87 
47 66 
78 61 
96 9 
52 
66 
73 
8 
92 
39 
7 97 
45 
19 
58 29 
55 
51 
26 
75 
82 49 
94 
48 
29 
53 
35 
13 
99 
56 
61 
42 
63 
81 
98 
50 
49 
60 
79 
9 
90 
71 
97 
5 
