# clone tree 0 objective: 5.05133
0 17 28 
28 95 16 51 90 
90 19 32 
4 15 70 
32 38 4 
70 65 18 
18 91 87 
87 23 
51 12 50 62 
23 93 
62 8 69 
93 45 81 
69 3 64 
81 89 42 
42 5 88 
84 54 
64 10 84 
54 26 79 
73 67 13 2 
88 73 
2 59 33 
79 97 86 53 
33 76 
76 63 
53 40 
22 43 29 
63 22 
29 34 
40 83 
56 49 
34 60 
83 27 56 
49 96 
60 24 7 
96 77 
77 46 
46 9 66 
45 39 75 
26 31 
7 41 
15 30 20 14 
41 35 
75 55 36 
31 21 85 
50 58 
38 78 71 
66 44 
68 52 
35 98 74 
5 
85 72 
19 
44 57 
24 68 
65 11 37 
12 6 
10 
37 61 
52 25 
71 47 
36 
3 48 
17 94 
89 99 
72 80 
27 
80 
6 
47 82 
16 1 
78 92 
39 
82 
14 
86 
8 
74 
94 
58 
57 
21 
59 
20 
91 
97 
98 
95 
13 
67 
99 
55 
43 
92 
25 
30 
61 
48 
1 
11 
9 
# clone tree 1 objective: 5.05133
0 61 25 17 28 
28 95 16 51 90 
90 19 32 
4 15 70 
32 38 4 
70 65 18 
18 91 87 
87 23 
51 12 50 62 
23 93 
62 8 69 
93 45 81 
69 3 64 
81 89 42 
42 5 88 
84 54 
64 10 84 
54 26 79 
73 67 13 2 
88 73 
2 59 33 
79 97 86 53 
33 76 
76 63 
53 40 
22 43 29 
63 22 
29 99 34 
40 83 
56 49 
34 60 
83 27 56 
49 96 
60 24 7 
96 77 
77 48 46 
46 66 
45 39 75 
26 31 
7 41 
15 20 14 
41 35 
75 36 
31 21 85 
50 58 
38 78 71 
66 44 
68 52 
35 98 74 
5 
85 72 
19 
44 57 
24 68 
65 37 
12 92 6 
10 
37 
52 1 
71 47 
36 11 
3 
17 30 94 
89 
72 80 
27 55 
80 
6 
47 82 
16 
78 9 
39 
82 
14 
86 
8 
74 
94 
58 
57 
21 
59 
20 
91 
97 
98 
95 
13 
67 
99 
55 
43 
92 
25 
30 
61 
48 
1 
11 
9 
# clone tree 2 objective: 5.05133
0 61 25 17 28 
28 95 16 51 90 
90 19 32 
4 15 70 
32 38 4 
70 65 18 
18 91 87 
87 23 
51 12 50 62 
23 93 
62 8 69 
93 45 81 
69 3 64 
81 89 42 
42 5 88 
84 54 
64 10 84 
54 26 79 
73 67 13 2 
88 73 
2 59 33 
79 97 86 53 
33 76 
76 63 
53 40 
22 43 29 
63 9 22 
29 99 34 
40 83 
56 49 
34 60 
83 27 56 
49 96 
60 24 7 
96 77 
77 48 46 
46 66 
45 39 75 
26 31 
7 41 
15 20 14 
41 35 
75 36 
31 21 85 
50 58 
38 78 71 
66 44 
68 52 
35 98 74 
5 
85 72 
19 
44 57 
24 68 
65 37 
12 92 6 
10 
37 
52 1 
71 47 
36 
3 
17 30 94 
89 
72 80 
27 55 
80 
6 
47 82 
16 
78 
39 
82 11 
14 
86 
8 
74 
94 
58 
57 
21 
59 
20 
91 
97 
98 
95 
13 
67 
99 
55 
43 
92 
25 
30 
61 
48 
1 
11 
9 
# clone tree 3 objective: 5.05133
0 17 28 
28 95 16 51 90 
90 19 32 
4 15 70 
32 38 4 
70 65 18 
18 91 87 
87 23 
51 12 50 62 
23 93 
62 8 69 
93 45 81 
69 3 64 
81 89 42 
42 5 88 
84 54 
64 10 84 
54 26 79 
73 67 13 2 
88 73 
2 59 33 
79 97 86 53 
33 76 
76 63 
53 40 
22 43 29 
63 22 
29 34 
40 83 
56 49 
34 60 
83 27 56 
49 96 
60 24 7 
96 77 
77 46 
46 66 
45 39 75 
26 31 
7 41 
15 30 20 14 
41 35 
75 55 36 
31 21 85 
50 58 
38 78 71 
66 44 
68 52 
35 98 74 
5 
85 72 
19 
44 57 
24 68 
65 37 
12 6 
10 
37 61 
52 25 
71 47 
36 
3 48 
17 94 
89 99 
72 80 
27 11 
80 
6 
47 82 
16 1 
78 92 
39 
82 
14 
86 
8 
74 
94 
58 
57 
21 
59 
20 
91 
97 
98 
95 
13 
67 9 
99 
55 
43 
92 
25 
30 
61 
48 
1 
11 
9 
# clone tree 4 objective: 5.05133
0 17 28 
28 95 16 51 90 
90 19 32 
4 15 70 
32 38 4 
70 65 18 
18 91 87 
87 23 
51 12 50 62 
23 93 
62 8 69 
93 45 81 
69 3 64 
81 89 42 
42 5 88 
84 54 
64 10 84 
54 26 79 
73 67 13 2 
88 73 
2 59 33 
79 97 86 53 
33 76 
76 63 
53 40 
22 43 29 
63 22 
29 34 
40 83 
56 49 
34 60 
83 27 56 
49 96 
60 24 7 
96 77 
77 9 46 
46 66 
45 39 75 
26 31 
7 41 
15 30 20 14 
41 35 
75 55 36 
31 21 85 
50 58 
38 78 71 
66 44 
68 52 
35 98 74 
5 
85 72 
19 
44 57 
24 68 
65 11 37 
12 6 
10 
37 61 
52 25 
71 47 
36 
3 48 
17 94 
89 99 
72 80 
27 
80 
6 
47 82 
16 1 
78 92 
39 
82 
14 
86 
8 
74 
94 
58 
57 
21 
59 
20 
91 
97 
98 
95 
13 
67 
99 
55 
43 
92 
25 
30 
61 
48 
1 
11 
9 
# clone tree 5 objective: 5.05133
0 9 25 17 28 
28 95 16 51 90 
90 19 32 
4 15 70 
32 38 4 
70 65 18 
18 91 87 
87 23 
51 12 50 62 
23 93 
62 8 69 
93 45 81 
69 3 64 
81 89 42 
42 5 88 
84 54 
64 10 84 
54 26 79 
73 67 13 2 
88 73 
2 59 33 
79 97 86 53 
33 76 
76 63 
53 40 
22 43 29 
63 22 
29 99 34 
40 83 
56 49 
34 60 
83 27 56 
49 96 
60 24 7 
96 77 
77 46 
46 66 
45 39 75 
26 31 
7 41 
15 20 14 
41 35 
75 36 
31 21 85 
50 58 
38 78 71 
66 44 
68 52 
35 98 74 
5 
85 72 
19 
44 48 57 
24 68 
65 11 37 
12 92 6 
10 
37 61 
52 
71 47 
36 
3 
17 30 94 
89 1 
72 80 
27 55 
80 
6 
47 82 
16 
78 
39 
82 
14 
86 
8 
74 
94 
58 
57 
21 
59 
20 
91 
97 
98 
95 
13 
67 
99 
55 
43 
92 
25 
30 
61 
48 
1 
11 
9 
# clone tree 6 objective: 5.05133
0 61 25 17 28 
28 95 16 51 90 
90 19 32 
4 15 70 
32 38 4 
70 65 18 
18 91 87 
87 23 
51 12 50 62 
23 93 
62 8 69 
93 45 81 
69 3 64 
81 89 42 
42 5 88 
84 54 
64 10 84 
54 26 79 
73 67 13 2 
88 73 
2 59 33 
79 97 86 53 
33 76 
76 63 
53 40 
22 43 29 
63 22 
29 99 34 
40 83 
56 49 
34 60 
83 27 56 
49 96 
60 24 7 
96 77 
77 48 46 
46 66 
45 39 75 
26 31 
7 41 
15 20 14 
41 35 
75 36 
31 21 85 
50 58 
38 78 71 
66 44 
68 52 
35 98 74 
5 
85 72 
19 
44 57 
24 68 
65 37 
12 92 6 
10 
37 
52 1 
71 47 
36 11 
3 
17 30 94 
89 
72 80 
27 55 
80 
6 
47 82 
16 
78 
39 
82 
14 
86 
8 
74 
94 
58 
57 
21 
59 
20 9 
91 
97 
98 
95 
13 
67 
99 
55 
43 
92 
25 
30 
61 
48 
1 
11 
9 
# clone tree 7 objective: 5.05133
0 17 28 
28 95 16 51 90 
90 19 32 
4 15 70 
32 38 4 
70 65 18 
18 91 87 
87 23 
51 12 50 62 
23 93 
62 8 69 
93 45 81 
69 3 64 
81 89 42 
42 5 88 
84 54 
64 10 84 
54 26 79 
73 67 13 2 
88 73 
2 59 33 
79 97 86 53 
33 76 
76 63 
53 40 
22 43 29 
63 22 
29 34 
40 83 
56 49 
34 60 
83 27 56 
49 96 
60 24 7 
96 77 
77 46 
46 66 
45 39 75 
26 31 
7 41 
15 30 20 14 
41 35 
75 55 36 
31 21 85 
50 58 
38 78 71 
66 44 
68 52 
35 98 74 
5 
85 72 
19 
44 57 
24 68 
65 37 
12 6 
10 
37 61 
52 25 
71 47 
36 
3 48 
17 94 
89 99 
72 80 
27 11 
80 
6 
47 82 
16 1 
78 92 
39 
82 
14 
86 
8 
74 
94 9 
58 
57 
21 
59 
20 
91 
97 
98 
95 
13 
67 
99 
55 
43 
92 
25 
30 
61 
48 
1 
11 
9 
# clone tree 8 objective: 5.05133
0 17 28 
28 95 16 51 90 
90 19 32 
4 15 70 
32 38 4 
70 65 18 
18 91 87 
87 23 
51 12 50 62 
23 93 
62 8 69 
93 45 81 
69 3 64 
81 89 42 
42 5 88 
84 54 
64 10 84 
54 26 79 
73 67 13 2 
88 73 
2 59 33 
79 97 86 53 
33 76 
76 63 
53 40 
22 43 29 
63 22 
29 34 
40 83 
56 49 
34 60 
83 27 56 
49 96 
60 24 7 
96 77 
77 46 
46 66 
45 39 75 
26 31 
7 9 41 
15 30 20 14 
41 35 
75 55 36 
31 21 85 
50 58 
38 78 71 
66 44 
68 52 
35 98 74 
5 
85 72 
19 
44 57 
24 68 
65 11 37 
12 6 
10 
37 61 
52 25 
71 47 
36 
3 48 
17 94 
89 99 
72 80 
27 
80 
6 
47 82 
16 1 
78 92 
39 
82 
14 
86 
8 
74 
94 
58 
57 
21 
59 
20 
91 
97 
98 
95 
13 
67 
99 
55 
43 
92 
25 
30 
61 
48 
1 
11 
9 
# clone tree 9 objective: 5.05133
0 17 28 
28 95 16 51 90 
90 19 32 
4 15 70 
32 38 4 
70 65 18 
18 91 87 
87 23 
51 12 50 62 
23 93 
62 8 69 
93 45 81 
69 3 64 
81 89 42 
42 5 88 
84 54 
64 10 84 
54 26 79 
73 67 13 2 
88 73 
2 59 33 
79 97 86 53 
33 76 
76 63 
53 40 
22 43 29 
63 22 
29 34 
40 83 
56 49 
34 60 
83 27 56 
49 96 
60 24 7 
96 77 
77 46 
46 66 
45 39 75 
26 31 
7 41 
15 30 20 14 
41 35 
75 55 36 
31 21 85 
50 58 
38 78 71 
66 44 
68 52 
35 98 74 
5 
85 72 
19 
44 57 
24 68 
65 37 
12 6 
10 
37 61 
52 25 
71 47 
36 
3 48 
17 94 
89 99 
72 80 
27 11 
80 
6 
47 9 82 
16 1 
78 92 
39 
82 
14 
86 
8 
74 
94 
58 
57 
21 
59 
20 
91 
97 
98 
95 
13 
67 
99 
55 
43 
92 
25 
30 
61 
48 
1 
11 
9 
