# clone tree 0 objective: 4.5182
0 81 
81 84 72 
72 30 
60 71 
30 60 
13 77 23 87 46 
71 31 47 
47 13 
46 25 
25 53 74 
92 32 
74 92 
32 36 62 
62 43 50 88 
88 10 68 
87 86 57 
23 99 28 9 
68 34 38 
57 18 16 83 
9 8 
38 39 67 
83 51 73 76 
8 26 
67 14 
76 1 
26 89 3 
50 64 
64 41 
3 6 22 
1 37 
15 82 
14 69 15 
37 65 
28 20 7 
82 44 80 
41 85 49 
65 55 
43 42 61 
61 79 
10 66 21 
22 94 
79 97 
7 4 
84 19 27 
80 29 
16 5 
55 52 
49 70 
34 78 11 
77 17 
70 35 
86 
27 24 
5 98 95 
21 91 
97 54 45 
29 48 
52 
35 96 
99 33 
94 
44 63 
18 12 
96 
11 59 58 
24 75 
20 
45 90 
63 
36 
33 
39 
95 
6 
89 
4 
91 
90 
19 
48 2 
69 56 
54 
31 
66 
85 
98 
75 
12 
78 
53 93 
58 
56 
73 
17 40 
51 
42 
2 
59 
93 
40 
# clone tree 1 objective: 4.5182
0 81 
81 84 72 
72 30 
60 71 
30 60 
13 77 23 87 46 
71 31 47 
47 13 
46 25 
25 53 74 
92 32 
74 92 
32 36 62 
62 43 50 88 
88 10 68 
87 86 57 
23 99 28 9 
68 78 34 38 
57 18 16 83 
9 8 
38 39 67 
83 51 73 76 
8 26 
67 14 
76 1 
26 89 3 
50 64 
64 41 
3 6 22 
1 37 
15 82 
14 69 15 
37 65 
28 20 7 
82 44 80 
41 85 49 
65 55 
43 61 
61 79 
10 66 21 
22 94 
79 97 
7 4 
84 19 27 
80 29 
16 5 
55 17 52 
49 70 
34 42 11 
77 
70 93 35 
86 
27 24 
5 40 98 95 
21 91 
97 45 
29 48 
52 
35 96 
99 33 
94 54 
44 63 
18 12 
96 
11 59 58 
24 75 
20 
45 90 
63 
36 
33 
39 
95 
6 
89 
4 
91 
90 
19 
48 2 
69 56 
54 
31 
66 
85 
98 
75 
12 
78 
53 
58 
56 
73 
17 
51 
42 
2 
59 
93 
40 
# clone tree 2 objective: 4.5182
0 81 
81 84 72 
72 30 
60 71 
30 60 
13 77 23 87 46 
71 31 47 
47 13 
46 25 
25 53 74 
92 32 
74 92 
32 36 62 
62 43 50 88 
88 10 68 
87 86 57 
23 99 28 9 
68 78 34 38 
57 18 16 83 
9 8 
38 39 67 
83 51 73 76 
8 26 
67 14 
76 1 
26 89 3 
50 64 
64 41 
3 6 22 
1 37 
15 82 
14 69 15 
37 65 
28 20 7 
82 44 80 
41 85 49 
65 55 
43 61 
61 79 
10 66 21 
22 94 
79 97 
7 4 
84 19 27 
80 29 
16 5 
55 40 17 52 
49 70 
34 42 11 
77 
70 93 35 
86 
27 24 
5 98 95 
21 91 
97 45 
29 48 
52 
35 96 
99 33 
94 54 
44 63 
18 12 
96 
11 59 58 
24 75 
20 
45 90 
63 
36 
33 
39 
95 
6 
89 
4 
91 
90 
19 
48 2 
69 56 
54 
31 
66 
85 
98 
75 
12 
78 
53 
58 
56 
73 
17 
51 
42 
2 
59 
93 
40 
# clone tree 3 objective: 4.5182
0 81 
81 84 72 
72 30 
60 71 
30 60 
13 77 23 87 46 
71 31 47 
47 13 
46 25 
25 53 74 
92 32 
74 92 
32 36 62 
62 43 50 88 
88 17 10 68 
87 86 57 
23 99 28 9 
68 34 38 
57 18 16 83 
9 59 8 
38 93 39 67 
83 51 76 
8 26 
67 14 
76 1 
26 89 3 
50 64 
64 41 
3 6 22 
1 37 
15 82 
14 69 15 
37 73 65 
28 20 7 
82 44 80 
41 49 
65 55 
43 42 61 
61 79 
10 66 21 
22 94 
79 97 
7 4 
84 19 27 
80 29 
16 5 
55 52 
49 70 
34 78 11 
77 
70 35 
86 
27 24 
5 98 95 
21 91 
97 54 45 
29 48 
52 
35 96 
99 33 
94 
44 63 
18 12 
96 
11 58 
24 75 
20 
45 90 
63 
36 85 
33 
39 
95 
6 
89 
4 
91 
90 
19 
48 2 
69 56 
54 
31 
66 
85 
98 
75 
12 
78 40 
53 
58 
56 
73 
17 
51 
42 
2 
59 
93 
40 
# clone tree 4 objective: 4.5182
0 81 
81 84 72 
72 30 
60 71 
30 60 
13 77 23 87 46 
71 31 47 
47 13 
46 25 
25 53 74 
92 32 
74 92 
32 36 62 
62 43 50 88 
88 10 68 
87 86 57 
23 99 28 9 
68 34 38 
57 18 16 83 
9 8 
38 39 67 
83 51 73 76 
8 26 
67 14 
76 1 
26 89 3 
50 64 
64 41 
3 6 22 
1 37 
15 82 
14 69 15 
37 65 
28 20 7 
82 44 80 
41 85 49 
65 55 
43 42 61 
61 79 
10 66 21 
22 94 
79 97 
7 4 
84 19 27 
80 29 
16 5 
55 52 
49 70 
34 78 11 
77 17 
70 35 
86 
27 24 
5 98 95 
21 91 
97 54 45 
29 48 
52 
35 96 
99 33 
94 
44 63 
18 12 
96 
11 59 58 
24 75 
20 
45 90 
63 
36 
33 
39 
95 
6 
89 
4 
91 
90 
19 
48 2 
69 56 
54 
31 
66 
85 
98 
75 
12 
78 40 
53 93 
58 
56 
73 
17 
51 
42 
2 
59 
93 
40 
# clone tree 5 objective: 4.5182
0 81 
81 84 72 
72 30 
60 71 
30 60 
13 77 23 87 46 
71 31 47 
47 13 
46 25 
25 59 53 74 
92 32 
74 40 92 
32 36 62 
62 43 50 88 
88 10 68 
87 86 57 
23 99 28 9 
68 78 34 38 
57 18 16 83 
9 8 
38 39 67 
83 51 73 76 
8 26 
67 14 
76 1 
26 89 3 
50 64 
64 41 
3 6 22 
1 37 
15 82 
14 69 15 
37 65 
28 20 7 
82 44 80 
41 85 49 
65 55 
43 61 
61 79 
10 66 21 
22 93 94 
79 97 
7 4 
84 19 27 
80 29 
16 5 
55 17 52 
49 70 
34 42 11 
77 
70 35 
86 
27 24 
5 98 95 
21 91 
97 45 
29 48 
52 
35 96 
99 33 
94 54 
44 63 
18 12 
96 
11 58 
24 75 
20 
45 90 
63 
36 
33 
39 
95 
6 
89 
4 
91 
90 
19 
48 2 
69 56 
54 
31 
66 
85 
98 
75 
12 
78 
53 
58 
56 
73 
17 
51 
42 
2 
59 
93 
40 
# clone tree 6 objective: 4.5182
0 81 
81 84 72 
72 30 
60 71 
30 60 
13 77 23 87 46 
71 31 47 
47 13 
46 25 
25 53 74 
92 32 
74 92 
32 36 62 
62 43 50 88 
88 10 68 
87 86 57 
23 99 28 9 
68 78 34 38 
57 18 16 83 
9 8 
38 39 67 
83 51 73 76 
8 26 
67 14 
76 1 
26 89 3 
50 64 
64 41 
3 6 22 
1 37 
15 82 
14 69 15 
37 65 
28 20 7 
82 44 80 
41 85 49 
65 55 
43 61 
61 79 
10 66 21 
22 94 
79 97 
7 4 
84 19 27 
80 29 
16 5 
55 17 52 
49 70 
34 42 11 
77 40 
70 93 35 
86 
27 24 
5 98 95 
21 91 
97 45 
29 48 
52 
35 96 
99 33 
94 54 
44 63 
18 12 
96 
11 59 58 
24 75 
20 
45 90 
63 
36 
33 
39 
95 
6 
89 
4 
91 
90 
19 
48 2 
69 56 
54 
31 
66 
85 
98 
75 
12 
78 
53 
58 
56 
73 
17 
51 
42 
2 
59 
93 
40 
# clone tree 7 objective: 4.5182
0 81 
81 84 72 
72 30 
60 71 
30 60 
13 77 23 87 46 
71 31 47 
47 13 
46 25 
25 93 59 74 
92 32 
74 92 
32 36 62 
62 43 50 88 
88 17 10 68 
87 86 57 
23 99 28 9 
68 78 34 38 
57 18 16 83 
9 8 
38 39 67 
83 51 76 
8 26 
67 14 
76 1 
26 89 3 
50 64 
64 41 
3 6 22 
1 37 
15 82 
14 69 15 
37 73 65 
28 20 7 
82 44 80 
41 85 49 
65 55 
43 61 
61 79 
10 66 21 
22 94 
79 97 
7 53 4 
84 19 27 
80 29 
16 5 
55 52 
49 70 
34 42 11 
77 
70 35 
86 
27 24 
5 98 95 
21 91 
97 45 
29 48 
52 
35 96 
99 33 
94 54 
44 63 
18 12 
96 
11 58 
24 75 
20 
45 90 
63 
36 
33 
39 
95 
6 
89 
4 
91 
90 
19 
48 2 
69 56 
54 
31 
66 
85 
98 
75 
12 
78 40 
53 
58 
56 
73 
17 
51 
42 
2 
59 
93 
40 
# clone tree 8 objective: 4.5182
0 81 
81 84 72 
72 30 
60 71 
30 60 
13 77 23 87 46 
71 31 47 
47 13 
46 25 
25 53 74 
92 32 
74 92 
32 36 62 
62 43 50 88 
88 10 68 
87 86 57 
23 99 28 9 
68 78 34 38 
57 18 16 83 
9 8 
38 39 67 
83 51 73 76 
8 26 
67 14 
76 1 
26 89 3 
50 64 
64 41 
3 6 22 
1 37 
15 82 
14 69 15 
37 65 
28 20 7 
82 44 80 
41 85 49 
65 93 55 
43 61 
61 79 
10 66 21 
22 94 
79 97 
7 4 
84 19 27 
80 29 
16 5 
55 17 52 
49 70 
34 42 11 
77 
70 35 
86 
27 24 
5 98 95 
21 91 
97 40 45 
29 48 
52 
35 96 
99 33 
94 54 
44 63 
18 12 
96 
11 59 58 
24 75 
20 
45 90 
63 
36 
33 
39 
95 
6 
89 
4 
91 
90 
19 
48 2 
69 56 
54 
31 
66 
85 
98 
75 
12 
78 
53 
58 
56 
73 
17 
51 
42 
2 
59 
93 
40 
# clone tree 9 objective: 4.5182
0 81 
81 84 72 
72 30 
60 71 
30 60 
13 77 23 87 46 
71 31 47 
47 13 
46 25 
25 53 74 
92 32 
74 92 
32 36 62 
62 43 50 88 
88 17 10 68 
87 86 57 
23 99 28 9 
68 34 38 
57 18 16 83 
9 8 
38 93 39 67 
83 51 76 
8 26 
67 14 
76 1 
26 89 3 
50 64 
64 41 
3 6 22 
1 37 
15 82 
14 69 15 
37 73 65 
28 20 7 
82 44 80 
41 49 
65 55 
43 42 61 
61 79 
10 66 21 
22 94 
79 97 
7 4 
84 19 27 
80 29 
16 5 
55 40 52 
49 70 
34 78 11 
77 
70 35 
86 
27 24 
5 98 95 
21 91 
97 54 45 
29 48 
52 
35 96 
99 33 
94 
44 63 
18 12 
96 
11 58 
24 75 
20 
45 90 
63 
36 59 85 
33 
39 
95 
6 
89 
4 
91 
90 
19 
48 2 
69 56 
54 
31 
66 
85 
98 
75 
12 
78 
53 
58 
56 
73 
17 
51 
42 
2 
59 
93 
40 
# clone tree 10 objective: 4.5182
0 81 
81 84 72 
72 30 
60 71 
30 60 
13 77 23 87 46 
71 31 47 
47 13 
46 25 
25 53 74 
92 32 
74 92 
32 36 62 
62 43 50 88 
88 17 10 68 
87 86 57 
23 99 28 9 
68 34 38 
57 18 16 83 
9 59 8 
38 39 67 
83 51 76 
8 26 
67 40 14 
76 1 
26 89 3 
50 64 
64 41 
3 6 22 
1 37 
15 82 
14 69 15 
37 73 65 
28 20 7 
82 44 80 
41 49 
65 55 
43 42 61 
61 79 
10 66 21 
22 94 
79 97 
7 4 
84 19 27 
80 29 
16 5 
55 52 
49 70 
34 78 11 
77 
70 35 
86 
27 24 
5 98 95 
21 91 
97 54 45 
29 48 
52 
35 96 
99 33 
94 
44 63 
18 12 
96 
11 58 
24 75 
20 
45 90 
63 
36 85 
33 
39 
95 
6 
89 
4 93 
91 
90 
19 
48 2 
69 56 
54 
31 
66 
85 
98 
75 
12 
78 
53 
58 
56 
73 
17 
51 
42 
2 
59 
93 
40 
# clone tree 11 objective: 4.5182
0 81 
81 84 72 
72 30 
60 71 
30 60 
13 77 23 87 46 
71 31 47 
47 13 
46 25 
25 53 74 
92 32 
74 92 
32 36 62 
62 43 50 88 
88 10 68 
87 86 57 
23 99 28 9 
68 78 34 38 
57 18 16 83 
9 8 
38 39 67 
83 51 73 76 
8 26 
67 14 
76 93 1 
26 89 3 
50 64 
64 41 
3 6 22 
1 37 
15 82 
14 69 15 
37 65 
28 20 7 
82 44 80 
41 85 49 
65 55 
43 61 
61 79 
10 66 21 
22 94 
79 97 
7 4 
84 19 27 
80 29 
16 5 
55 17 52 
49 70 
34 42 11 
77 
70 35 
86 
27 24 
5 98 95 
21 91 
97 45 
29 48 
52 
35 96 
99 33 
94 54 
44 63 
18 12 
96 
11 59 58 
24 75 
20 
45 90 
63 
36 
33 
39 
95 
6 
89 
4 
91 
90 
19 
48 2 
69 56 
54 
31 
66 
85 
98 
75 
12 
78 40 
53 
58 
56 
73 
17 
51 
42 
2 
59 
93 
40 
# clone tree 12 objective: 4.5182
0 81 
81 84 72 
72 30 
60 71 
30 60 
13 77 23 87 46 
71 31 47 
47 13 
46 25 
25 53 74 
92 32 
74 92 
32 36 62 
62 43 50 88 
88 10 68 
87 86 57 
23 99 28 9 
68 78 34 38 
57 18 16 83 
9 8 
38 39 67 
83 51 73 76 
8 26 
67 14 
76 1 
26 89 3 
50 64 
64 41 
3 6 22 
1 37 
15 82 
14 69 15 
37 65 
28 20 7 
82 44 80 
41 85 49 
65 93 55 
43 61 
61 79 
10 66 21 
22 94 
79 97 
7 4 
84 19 27 
80 29 
16 5 
55 17 52 
49 70 
34 42 11 
77 
70 35 
86 
27 24 
5 98 95 
21 91 
97 45 
29 48 
52 
35 96 
99 33 
94 54 
44 63 
18 12 
96 40 
11 59 58 
24 75 
20 
45 90 
63 
36 
33 
39 
95 
6 
89 
4 
91 
90 
19 
48 2 
69 56 
54 
31 
66 
85 
98 
75 
12 
78 
53 
58 
56 
73 
17 
51 
42 
2 
59 
93 
40 
# clone tree 13 objective: 4.5182
0 81 
81 84 72 
72 30 
60 71 
30 60 
13 77 23 87 46 
71 31 47 
47 13 
46 25 
25 59 53 74 
92 32 
74 92 
32 36 62 
62 43 50 88 
88 10 68 
87 86 57 
23 99 28 9 
68 34 38 
57 18 16 83 
9 8 
38 39 67 
83 51 73 76 
8 26 
67 14 
76 1 
26 89 3 
50 64 
64 41 
3 42 6 22 
1 37 
15 82 
14 69 15 
37 65 
28 20 7 
82 44 80 
41 85 49 
65 55 
43 61 
61 79 
10 66 21 
22 94 
79 97 
7 4 
84 19 27 
80 29 
16 5 
55 52 
49 70 
34 78 11 
77 93 17 
70 35 
86 
27 24 
5 98 95 
21 91 
97 54 45 
29 48 
52 
35 96 
99 33 
94 
44 63 
18 12 
96 
11 58 
24 75 
20 
45 90 
63 
36 
33 
39 
95 
6 
89 
4 
91 
90 
19 
48 2 
69 56 
54 
31 
66 
85 
98 
75 
12 
78 40 
53 
58 
56 
73 
17 
51 
42 
2 
59 
93 
40 
# clone tree 14 objective: 4.5182
0 81 
81 84 72 
72 30 
60 71 
30 60 
13 77 23 87 46 
71 31 47 
47 13 
46 25 
25 53 74 
92 32 
74 92 
32 36 62 
62 43 50 88 
88 17 10 68 
87 86 57 
23 99 28 9 
68 40 34 38 
57 18 16 83 
9 59 8 
38 39 67 
83 51 76 
8 26 
67 14 
76 1 
26 89 3 
50 64 
64 41 
3 6 22 
1 37 
15 82 
14 69 15 
37 73 65 
28 20 7 
82 44 80 
41 49 
65 55 
43 42 61 
61 79 
10 66 21 
22 94 
79 97 
7 4 
84 19 27 
80 29 
16 5 
55 52 
49 70 
34 78 11 
77 
70 35 
86 
27 24 
5 98 95 
21 91 
97 54 45 
29 48 
52 
35 96 
99 33 
94 
44 63 
18 12 
96 
11 58 
24 75 
20 
45 90 
63 
36 85 
33 
39 
95 
6 
89 
4 93 
91 
90 
19 
48 2 
69 56 
54 
31 
66 
85 
98 
75 
12 
78 
53 
58 
56 
73 
17 
51 
42 
2 
59 
93 
40 
# clone tree 15 objective: 4.5182
0 81 
81 84 72 
72 30 
60 71 
30 60 
13 77 23 87 46 
71 31 47 
47 13 
46 25 
25 59 53 74 
92 32 
74 92 
32 36 62 
62 43 50 88 
88 10 68 
87 86 57 
23 99 28 9 
68 34 38 
57 18 16 83 
9 8 
38 39 67 
83 51 73 76 
8 26 
67 14 
76 1 
26 89 3 
50 64 
64 41 
3 42 6 22 
1 37 
15 82 
14 69 15 
37 65 
28 20 7 
82 44 80 
41 85 49 
65 55 
43 61 
61 79 
10 66 21 
22 94 
79 97 
7 4 
84 19 27 
80 29 
16 5 
55 52 
49 70 
34 78 11 
77 93 17 
70 35 
86 
27 24 
5 98 95 
21 91 
97 54 45 
29 48 
52 
35 96 
99 33 
94 
44 63 
18 12 
96 
11 58 
24 75 
20 
45 90 
63 
36 
33 
39 
95 
6 
89 
4 
91 
90 
19 
48 2 
69 56 
54 40 
31 
66 
85 
98 
75 
12 
78 
53 
58 
56 
73 
17 
51 
42 
2 
59 
93 
40 
# clone tree 16 objective: 4.5182
0 81 
81 84 72 
72 30 
60 71 
30 60 
13 77 23 87 46 
71 31 47 
47 13 
46 25 
25 53 74 
92 32 
74 92 
32 36 62 
62 43 50 88 
88 10 68 
87 86 57 
23 99 28 9 
68 78 34 38 
57 18 16 83 
9 8 
38 39 67 
83 51 73 76 
8 26 
67 14 
76 1 
26 89 3 
50 64 
64 41 
3 6 22 
1 37 
15 82 
14 69 15 
37 65 
28 20 7 
82 44 80 
41 85 49 
65 93 55 
43 61 
61 79 
10 66 21 
22 94 
79 97 
7 4 
84 19 27 
80 29 
16 5 
55 17 52 
49 70 
34 42 11 
77 
70 35 
86 
27 24 
5 98 95 
21 91 
97 45 
29 48 
52 
35 96 
99 33 
94 54 
44 63 
18 12 
96 
11 59 58 
24 75 
20 
45 90 
63 
36 
33 40 
39 
95 
6 
89 
4 
91 
90 
19 
48 2 
69 56 
54 
31 
66 
85 
98 
75 
12 
78 
53 
58 
56 
73 
17 
51 
42 
2 
59 
93 
40 
# clone tree 17 objective: 4.5182
0 81 
81 84 72 
72 30 
60 71 
30 60 
13 77 23 87 46 
71 31 47 
47 13 
46 25 
25 53 74 
92 32 
74 92 
32 36 62 
62 43 50 88 
88 10 68 
87 86 57 
23 99 28 9 
68 78 34 38 
57 18 16 83 
9 8 
38 39 67 
83 51 73 76 
8 26 
67 14 
76 93 1 
26 89 3 
50 64 
64 41 
3 6 22 
1 37 
15 82 
14 69 15 
37 65 
28 20 7 
82 44 80 
41 85 49 
65 55 
43 61 
61 79 
10 66 21 
22 94 
79 97 
7 4 
84 19 27 
80 29 
16 5 
55 17 52 
49 70 
34 42 11 
77 
70 35 
86 
27 24 
5 98 95 
21 91 
97 45 
29 48 
52 
35 96 
99 33 
94 54 
44 63 
18 12 
96 
11 59 58 
24 75 
20 
45 90 
63 
36 
33 
39 
95 
6 
89 
4 
91 
90 
19 
48 2 
69 56 
54 
31 
66 
85 
98 
75 
12 
78 
53 
58 
56 
73 
17 40 
51 
42 
2 
59 
93 
40 
# clone tree 18 objective: 4.5182
0 81 
81 84 72 
72 30 
60 71 
30 60 
13 77 23 87 46 
71 31 47 
47 13 
46 25 
25 53 74 
92 32 
74 92 
32 36 62 
62 43 50 88 
88 40 17 10 68 
87 86 57 
23 99 28 9 
68 34 38 
57 18 16 83 
9 59 8 
38 39 67 
83 51 76 
8 26 
67 14 
76 1 
26 89 3 
50 64 
64 41 
3 6 22 
1 37 
15 82 
14 69 15 
37 73 65 
28 20 7 
82 44 80 
41 49 
65 55 
43 42 61 
61 79 
10 66 21 
22 94 
79 97 
7 4 
84 19 27 
80 29 
16 5 
55 52 
49 70 
34 78 11 
77 
70 35 
86 
27 24 
5 98 95 
21 91 
97 54 45 
29 48 
52 
35 96 
99 33 
94 
44 63 
18 12 
96 
11 58 
24 75 
20 
45 90 
63 
36 85 
33 
39 
95 
6 
89 
4 93 
91 
90 
19 
48 2 
69 56 
54 
31 
66 
85 
98 
75 
12 
78 
53 
58 
56 
73 
17 
51 
42 
2 
59 
93 
40 
# clone tree 19 objective: 4.5182
0 81 
81 84 72 
72 30 
60 71 
30 60 
13 77 23 87 46 
71 31 47 
47 13 
46 25 
25 53 74 
92 32 
74 92 
32 36 62 
62 43 50 88 
88 10 68 
87 86 57 
23 99 28 9 
68 78 34 38 
57 18 16 83 
9 8 
38 39 67 
83 51 73 76 
8 26 
67 14 
76 93 1 
26 89 3 
50 64 
64 41 
3 6 22 
1 37 
15 82 
14 69 15 
37 65 
28 20 7 
82 44 80 
41 85 49 
65 55 
43 61 
61 79 
10 66 21 
22 94 
79 97 
7 4 
84 19 27 
80 29 
16 5 
55 17 52 
49 70 
34 42 11 
77 
70 35 
86 
27 24 
5 98 95 
21 91 
97 45 
29 48 
52 
35 96 
99 33 
94 54 
44 63 
18 12 
96 
11 59 58 
24 75 
20 
45 90 
63 
36 
33 
39 
95 
6 
89 
4 
91 
90 
19 
48 2 
69 56 
54 40 
31 
66 
85 
98 
75 
12 
78 
53 
58 
56 
73 
17 
51 
42 
2 
59 
93 
40 
# clone tree 20 objective: 4.5182
0 81 
81 84 72 
72 30 
60 71 
30 60 
13 77 23 87 46 
71 31 47 
47 13 
46 25 
25 53 74 
92 32 
74 92 
32 36 62 
62 43 50 88 
88 10 68 
87 86 57 
23 99 28 9 
68 78 34 38 
57 18 16 83 
9 8 
38 39 67 
83 51 73 76 
8 26 
67 14 
76 1 
26 89 3 
50 64 
64 41 
3 6 22 
1 37 
15 82 
14 69 15 
37 65 
28 20 7 
82 44 80 
41 85 49 
65 93 55 
43 61 
61 79 
10 66 21 
22 94 
79 97 
7 4 
84 19 27 
80 29 
16 5 
55 17 52 
49 70 
34 42 11 
77 
70 35 
86 
27 24 
5 98 95 
21 91 
97 45 
29 48 
52 
35 96 
99 33 
94 54 
44 40 63 
18 12 
96 
11 59 58 
24 75 
20 
45 90 
63 
36 
33 
39 
95 
6 
89 
4 
91 
90 
19 
48 2 
69 56 
54 
31 
66 
85 
98 
75 
12 
78 
53 
58 
56 
73 
17 
51 
42 
2 
59 
93 
40 
# clone tree 21 objective: 4.5182
0 81 
81 84 72 
72 30 
60 71 
30 60 
13 77 23 87 46 
71 31 47 
47 13 
46 25 
25 53 74 
92 32 
74 92 
32 36 62 
62 43 50 88 
88 10 68 
87 86 57 
23 99 28 9 
68 78 34 38 
57 18 16 83 
9 8 
38 39 67 
83 51 73 76 
8 26 
67 14 
76 93 1 
26 89 3 
50 64 
64 41 
3 6 22 
1 37 
15 82 
14 69 15 
37 65 
28 20 7 
82 44 80 
41 85 49 
65 55 
43 61 
61 79 
10 66 21 
22 94 
79 97 
7 4 
84 19 27 
80 29 
16 5 
55 17 52 
49 70 
34 42 11 
77 
70 35 
86 
27 24 
5 98 95 
21 91 
97 45 
29 48 
52 
35 96 
99 33 
94 54 
44 63 
18 12 
96 40 
11 59 58 
24 75 
20 
45 90 
63 
36 
33 
39 
95 
6 
89 
4 
91 
90 
19 
48 2 
69 56 
54 
31 
66 
85 
98 
75 
12 
78 
53 
58 
56 
73 
17 
51 
42 
2 
59 
93 
40 
# clone tree 22 objective: 4.5182
0 81 
81 84 72 
72 30 
60 71 
30 60 
13 77 23 87 46 
71 31 47 
47 13 
46 25 
25 53 74 
92 32 
74 92 
32 36 62 
62 43 50 88 
88 10 68 
87 86 57 
23 99 28 9 
68 78 34 38 
57 18 16 83 
9 8 
38 39 67 
83 51 73 76 
8 26 
67 14 
76 1 
26 89 3 
50 64 
64 41 
3 6 22 
1 37 
15 82 
14 69 15 
37 65 
28 20 7 
82 44 80 
41 85 49 
65 55 
43 61 
61 79 
10 66 21 
22 94 
79 97 
7 4 
84 19 27 
80 29 
16 5 
55 17 52 
49 70 
34 42 11 
77 
70 35 
86 
27 24 
5 98 95 
21 91 
97 45 
29 48 
52 
35 96 
99 33 
94 54 
44 63 
18 12 
96 
11 59 58 
24 75 
20 
45 90 
63 
36 
33 
39 
95 
6 
89 
4 
91 
90 
19 
48 2 
69 56 
54 
31 
66 
85 
98 
75 
12 
78 
53 93 
58 
56 
73 
17 40 
51 
42 
2 
59 
93 
40 
# clone tree 23 objective: 4.5182
0 81 
81 84 72 
72 30 
60 71 
30 60 
13 77 23 87 46 
71 31 47 
47 13 
46 25 
25 53 74 
92 32 
74 92 
32 36 62 
62 43 50 88 
88 10 68 
87 86 57 
23 99 28 9 
68 34 38 
57 18 16 83 
9 59 8 
38 39 67 
83 51 73 76 
8 26 
67 14 
76 93 1 
26 89 3 
50 64 
64 41 
3 6 22 
1 37 
15 82 
14 69 15 
37 65 
28 20 7 
82 44 80 
41 85 49 
65 55 
43 42 61 
61 79 
10 66 21 
22 94 
79 97 
7 4 
84 19 27 
80 29 
16 5 
55 52 
49 70 
34 78 11 
77 17 
70 35 
86 
27 24 
5 98 95 
21 91 
97 54 45 
29 48 
52 
35 96 
99 33 
94 40 
44 63 
18 12 
96 
11 58 
24 75 
20 
45 90 
63 
36 
33 
39 
95 
6 
89 
4 
91 
90 
19 
48 2 
69 56 
54 
31 
66 
85 
98 
75 
12 
78 
53 
58 
56 
73 
17 
51 
42 
2 
59 
93 
40 
# clone tree 24 objective: 4.5182
0 81 
81 84 72 
72 30 
60 71 
30 60 
13 77 23 87 46 
71 31 47 
47 13 
46 25 
25 53 74 
92 32 
74 92 
32 36 62 
62 43 50 88 
88 10 68 
87 86 57 
23 99 28 9 
68 78 34 38 
57 18 16 83 
9 8 
38 39 67 
83 51 73 76 
8 26 
67 14 
76 1 
26 89 3 
50 93 64 
64 41 
3 6 22 
1 37 
15 82 
14 69 15 
37 65 
28 20 7 
82 44 80 
41 85 49 
65 55 
43 61 
61 79 
10 66 21 
22 94 
79 97 
7 4 
84 19 27 
80 29 
16 5 
55 17 52 
49 70 
34 40 42 11 
77 
70 35 
86 
27 24 
5 98 95 
21 91 
97 45 
29 48 
52 
35 96 
99 33 
94 54 
44 63 
18 12 
96 
11 59 58 
24 75 
20 
45 90 
63 
36 
33 
39 
95 
6 
89 
4 
91 
90 
19 
48 2 
69 56 
54 
31 
66 
85 
98 
75 
12 
78 
53 
58 
56 
73 
17 
51 
42 
2 
59 
93 
40 
# clone tree 25 objective: 4.5182
0 81 
81 84 72 
72 30 
60 71 
30 60 
13 77 23 87 46 
71 31 47 
47 13 
46 25 
25 53 74 
92 32 
74 92 
32 36 62 
62 43 50 88 
88 10 68 
87 86 57 
23 99 28 9 
68 34 38 
57 18 16 83 
9 8 
38 39 67 
83 51 73 76 
8 26 
67 14 
76 40 1 
26 89 3 
50 64 
64 41 
3 6 22 
1 37 
15 82 
14 69 15 
37 65 
28 20 7 
82 44 80 
41 85 49 
65 93 55 
43 42 61 
61 79 
10 66 21 
22 94 
79 97 
7 4 
84 19 27 
80 29 
16 5 
55 59 52 
49 70 
34 78 11 
77 17 
70 35 
86 
27 24 
5 98 95 
21 91 
97 54 45 
29 48 
52 
35 96 
99 33 
94 
44 63 
18 12 
96 
11 58 
24 75 
20 
45 90 
63 
36 
33 
39 
95 
6 
89 
4 
91 
90 
19 
48 2 
69 56 
54 
31 
66 
85 
98 
75 
12 
78 
53 
58 
56 
73 
17 
51 
42 
2 
59 
93 
40 
# clone tree 26 objective: 4.5182
0 81 
81 84 72 
72 30 
60 71 
30 60 
13 77 23 87 46 
71 31 47 
47 13 
46 25 
25 53 74 
92 32 
74 92 
32 36 62 
62 43 50 88 
88 10 68 
87 86 57 
23 99 28 9 
68 78 34 38 
57 18 16 83 
9 8 
38 39 67 
83 51 76 
8 26 
67 14 
76 1 
26 89 3 
50 64 
64 41 
3 6 22 
1 93 37 
15 82 
14 69 15 
37 73 65 
28 20 7 
82 44 80 
41 49 
65 59 55 
43 61 
61 79 
10 66 21 
22 94 
79 97 
7 4 
84 19 27 
80 29 
16 5 
55 52 
49 70 
34 42 11 
77 17 
70 35 
86 
27 24 
5 98 95 
21 91 
97 54 45 
29 48 
52 
35 96 
99 33 
94 
44 63 
18 12 
96 
11 58 
24 75 
20 
45 90 
63 
36 85 
33 
39 
95 
6 
89 
4 
91 
90 
19 
48 2 
69 56 
54 
31 
66 
85 
98 
75 
12 
78 
53 
58 
56 
73 
17 40 
51 
42 
2 
59 
93 
40 
# clone tree 27 objective: 4.5182
0 81 
81 84 72 
72 30 
60 71 
30 60 
13 77 23 87 46 
71 31 47 
47 13 
46 25 
25 53 74 
92 32 
74 92 
32 36 62 
62 43 50 88 
88 10 68 
87 86 57 
23 99 28 9 
68 78 34 38 
57 18 16 83 
9 8 
38 39 67 
83 51 73 76 
8 26 
67 14 
76 1 
26 89 3 
50 93 64 
64 41 
3 6 22 
1 37 
15 82 
14 69 15 
37 65 
28 20 7 
82 44 80 
41 85 49 
65 59 55 
43 61 
61 79 
10 66 21 
22 94 
79 97 
7 4 
84 19 27 
80 29 
16 5 
55 17 52 
49 70 
34 42 11 
77 
70 35 
86 
27 24 
5 40 98 95 
21 91 
97 45 
29 48 
52 
35 96 
99 33 
94 54 
44 63 
18 12 
96 
11 58 
24 75 
20 
45 90 
63 
36 
33 
39 
95 
6 
89 
4 
91 
90 
19 
48 2 
69 56 
54 
31 
66 
85 
98 
75 
12 
78 
53 
58 
56 
73 
17 
51 
42 
2 
59 
93 
40 
# clone tree 28 objective: 4.5182
0 81 
81 84 72 
72 30 
60 71 
30 60 
13 77 23 87 46 
71 31 47 
47 13 
46 25 
25 59 53 74 
92 32 
74 92 
32 36 62 
62 43 50 88 
88 17 10 68 
87 86 57 
23 99 28 9 
68 34 38 
57 18 16 83 
9 8 
38 39 67 
83 51 76 
8 26 
67 14 
76 1 
26 89 3 
50 64 
64 41 
3 6 22 
1 37 
15 82 
14 69 15 
37 73 65 
28 20 7 
82 44 80 
41 49 
65 55 
43 42 61 
61 79 
10 66 21 
22 94 
79 97 
7 4 
84 19 27 
80 29 
16 5 
55 52 
49 70 
34 78 11 
77 
70 93 35 
86 
27 24 
5 98 95 
21 91 
97 54 45 
29 48 
52 
35 96 
99 33 
94 
44 40 63 
18 12 
96 
11 58 
24 75 
20 
45 90 
63 
36 85 
33 
39 
95 
6 
89 
4 
91 
90 
19 
48 2 
69 56 
54 
31 
66 
85 
98 
75 
12 
78 
53 
58 
56 
73 
17 
51 
42 
2 
59 
93 
40 
# clone tree 29 objective: 4.5182
0 81 
81 84 72 
72 30 
60 71 
30 60 
13 77 23 87 46 
71 31 47 
47 13 
46 25 
25 53 74 
92 59 32 
74 92 
32 36 62 
62 43 50 88 
88 10 68 
87 86 57 
23 99 28 9 
68 78 34 38 
57 18 16 83 
9 8 
38 39 67 
83 51 73 76 
8 26 
67 14 
76 1 
26 89 3 
50 64 
64 41 
3 6 22 
1 37 
15 82 
14 69 15 
37 65 
28 20 7 
82 44 80 
41 85 49 
65 55 
43 61 
61 79 
10 66 21 
22 94 
79 97 
7 4 
84 19 27 
80 29 
16 5 
55 17 52 
49 70 
34 42 11 
77 
70 35 
86 
27 24 
5 98 95 
21 91 
97 45 
29 48 
52 
35 96 
99 33 
94 54 
44 63 
18 12 
96 
11 58 
24 75 
20 
45 90 
63 
36 
33 
39 
95 
6 
89 
4 
91 
90 
19 
48 2 
69 56 
54 40 
31 
66 
85 
98 93 
75 
12 
78 
53 
58 
56 
73 
17 
51 
42 
2 
59 
93 
40 
# clone tree 30 objective: 4.5182
0 81 
81 84 72 
72 30 
60 71 
30 60 
13 77 23 87 46 
71 31 47 
47 13 
46 25 
25 59 53 74 
92 32 
74 92 
32 36 62 
62 43 50 88 
88 10 68 
87 86 57 
23 99 28 9 
68 34 38 
57 18 16 83 
9 8 
38 39 67 
83 51 73 76 
8 26 
67 14 
76 1 
26 89 3 
50 64 
64 41 
3 42 6 22 
1 37 
15 82 
14 69 15 
37 65 
28 20 7 
82 44 80 
41 85 49 
65 40 55 
43 61 
61 79 
10 66 21 
22 94 
79 97 
7 4 
84 19 27 
80 29 
16 5 
55 52 
49 70 
34 78 11 
77 93 17 
70 35 
86 
27 24 
5 98 95 
21 91 
97 54 45 
29 48 
52 
35 96 
99 33 
94 
44 63 
18 12 
96 
11 58 
24 75 
20 
45 90 
63 
36 
33 
39 
95 
6 
89 
4 
91 
90 
19 
48 2 
69 56 
54 
31 
66 
85 
98 
75 
12 
78 
53 
58 
56 
73 
17 
51 
42 
2 
59 
93 
40 
# clone tree 31 objective: 4.5182
0 81 
81 84 72 
72 30 
60 71 
30 60 
13 77 23 87 46 
71 31 47 
47 13 
46 25 
25 53 74 
92 32 
74 92 
32 36 62 
62 43 50 88 
88 10 68 
87 86 57 
23 99 28 9 
68 78 34 38 
57 18 16 83 
9 8 
38 39 67 
83 51 73 76 
8 26 
67 14 
76 1 
26 89 3 
50 64 
64 41 
3 6 22 
1 37 
15 82 
14 69 15 
37 65 
28 20 7 
82 44 80 
41 85 49 
65 55 
43 61 
61 79 
10 66 21 
22 94 
79 97 
7 4 
84 19 27 
80 29 
16 5 
55 17 52 
49 70 
34 42 11 
77 
70 35 
86 
27 24 
5 98 95 
21 91 
97 45 
29 48 
52 
35 96 
99 33 
94 54 
44 63 
18 12 
96 
11 59 58 
24 75 
20 
45 90 
63 
36 
33 40 
39 
95 
6 
89 
4 93 
91 
90 
19 
48 2 
69 56 
54 
31 
66 
85 
98 
75 
12 
78 
53 
58 
56 
73 
17 
51 
42 
2 
59 
93 
40 
# clone tree 32 objective: 4.5182
0 81 
81 84 72 
72 30 
60 71 
30 60 
13 77 23 87 46 
71 31 47 
47 13 
46 25 
25 53 74 
92 32 
74 92 
32 36 62 
62 43 50 88 
88 10 68 
87 86 57 
23 99 28 9 
68 34 38 
57 18 16 83 
9 8 
38 39 67 
83 51 73 76 
8 26 
67 14 
76 1 
26 89 3 
50 93 64 
64 41 
3 42 6 22 
1 37 
15 82 
14 69 15 
37 65 
28 20 7 
82 44 80 
41 85 49 
65 55 
43 61 
61 79 
10 66 21 
22 94 
79 97 
7 4 
84 19 27 
80 29 
16 5 
55 52 
49 70 
34 78 11 
77 17 
70 35 
86 
27 24 
5 40 98 95 
21 91 
97 54 45 
29 48 
52 
35 96 
99 33 
94 
44 63 
18 12 
96 
11 58 
24 75 
20 
45 90 
63 
36 
33 59 
39 
95 
6 
89 
4 
91 
90 
19 
48 2 
69 56 
54 
31 
66 
85 
98 
75 
12 
78 
53 
58 
56 
73 
17 
51 
42 
2 
59 
93 
40 
# clone tree 33 objective: 4.5182
0 81 
81 84 72 
72 30 
60 71 
30 60 
13 77 23 87 46 
71 31 47 
47 13 
46 25 
25 53 74 
92 32 
74 92 
32 36 62 
62 43 50 88 
88 17 10 68 
87 86 57 
23 99 28 9 
68 40 34 38 
57 18 16 83 
9 8 
38 93 39 67 
83 51 76 
8 26 
67 14 
76 1 
26 89 3 
50 64 
64 41 
3 6 22 
1 37 
15 82 
14 69 15 
37 73 65 
28 20 7 
82 44 80 
41 49 
65 55 
43 42 61 
61 79 
10 66 21 
22 94 
79 97 
7 4 
84 19 27 
80 29 
16 5 
55 52 
49 70 
34 78 11 
77 
70 35 
86 
27 24 
5 98 95 
21 91 
97 54 45 
29 48 
52 
35 96 
99 33 
94 
44 63 
18 12 
96 
11 58 
24 75 
20 
45 90 
63 
36 59 85 
33 
39 
95 
6 
89 
4 
91 
90 
19 
48 2 
69 56 
54 
31 
66 
85 
98 
75 
12 
78 
53 
58 
56 
73 
17 
51 
42 
2 
59 
93 
40 
# clone tree 34 objective: 4.5182
0 81 
81 84 72 
72 30 
60 71 
30 60 
13 77 23 87 46 
71 31 47 
47 93 13 
46 25 
25 53 74 
92 32 
74 92 
32 36 62 
62 43 50 88 
88 10 68 
87 86 57 
23 99 28 9 
68 78 34 38 
57 18 16 83 
9 8 
38 39 67 
83 51 73 76 
8 26 
67 17 14 
76 1 
26 89 3 
50 64 
64 41 
3 6 22 
1 37 
15 82 
14 69 15 
37 65 
28 20 7 
82 44 80 
41 49 
65 55 
43 42 61 
61 79 
10 66 21 
22 94 
79 97 
7 4 
84 19 27 
80 29 
16 5 
55 52 
49 70 
34 40 11 
77 
70 35 
86 
27 24 
5 98 95 
21 91 
97 54 45 
29 48 
52 
35 96 
99 33 
94 
44 63 
18 12 
96 59 
11 58 
24 75 
20 
45 90 
63 
36 85 
33 
39 
95 
6 
89 
4 
91 
90 
19 
48 2 
69 56 
54 
31 
66 
85 
98 
75 
12 
78 
53 
58 
56 
73 
17 
51 
42 
2 
59 
93 
40 
# clone tree 35 objective: 4.5182
0 81 
81 84 72 
72 30 
60 71 
30 60 
13 77 23 87 46 
71 31 47 
47 13 
46 25 
25 53 74 
92 32 
74 92 
32 36 62 
62 43 50 88 
88 10 68 
87 86 57 
23 99 28 9 
68 78 34 38 
57 18 16 83 
9 8 
38 39 67 
83 51 73 76 
8 26 
67 14 
76 40 93 1 
26 89 3 
50 64 
64 41 
3 6 22 
1 37 
15 82 
14 69 15 
37 65 
28 20 7 
82 44 80 
41 85 49 
65 55 
43 61 
61 79 
10 66 21 
22 94 
79 97 
7 4 
84 19 27 
80 29 
16 5 
55 17 52 
49 70 
34 42 11 
77 
70 35 
86 
27 24 
5 98 95 
21 91 
97 45 
29 48 
52 
35 96 
99 33 
94 54 
44 63 
18 12 
96 
11 59 58 
24 75 
20 
45 90 
63 
36 
33 
39 
95 
6 
89 
4 
91 
90 
19 
48 2 
69 56 
54 
31 
66 
85 
98 
75 
12 
78 
53 
58 
56 
73 
17 
51 
42 
2 
59 
93 
40 
# clone tree 36 objective: 4.5182
0 81 
81 84 72 
72 30 
60 71 
30 60 
13 77 23 87 46 
71 31 47 
47 13 
46 25 
25 53 74 
92 32 
74 92 
32 36 62 
62 43 50 88 
88 40 10 68 
87 86 57 
23 99 28 9 
68 78 34 38 
57 18 16 83 
9 8 
38 39 67 
83 51 73 76 
8 26 
67 14 
76 1 
26 89 3 
50 64 
64 41 
3 6 22 
1 37 
15 82 
14 69 15 
37 65 
28 20 7 
82 44 80 
41 85 49 
65 55 
43 61 
61 79 
10 66 21 
22 94 
79 97 
7 4 
84 19 27 
80 29 
16 5 
55 17 52 
49 70 
34 42 11 
77 
70 35 
86 
27 24 
5 98 95 
21 91 
97 45 
29 48 
52 
35 96 
99 33 
94 54 
44 63 
18 12 
96 
11 59 58 
24 75 
20 
45 90 
63 
36 
33 
39 
95 
6 
89 
4 93 
91 
90 
19 
48 2 
69 56 
54 
31 
66 
85 
98 
75 
12 
78 
53 
58 
56 
73 
17 
51 
42 
2 
59 
93 
40 
# clone tree 37 objective: 4.5182
0 81 
81 84 72 
72 30 
60 71 
30 60 
13 77 23 87 46 
71 31 47 
47 13 
46 25 
25 53 74 
92 32 
74 92 
32 36 62 
62 43 50 88 
88 40 10 68 
87 86 57 
23 99 28 9 
68 78 34 38 
57 18 16 83 
9 8 
38 39 67 
83 51 73 76 
8 26 
67 14 
76 1 
26 89 3 
50 64 
64 41 
3 6 22 
1 37 
15 82 
14 69 15 
37 65 
28 20 7 
82 44 80 
41 85 49 
65 93 55 
43 61 
61 79 
10 66 21 
22 94 
79 97 
7 4 
84 19 27 
80 29 
16 5 
55 17 52 
49 70 
34 42 11 
77 
70 35 
86 
27 24 
5 98 95 
21 91 
97 45 
29 48 
52 
35 96 
99 33 
94 54 
44 63 
18 12 
96 
11 59 58 
24 75 
20 
45 90 
63 
36 
33 
39 
95 
6 
89 
4 
91 
90 
19 
48 2 
69 56 
54 
31 
66 
85 
98 
75 
12 
78 
53 
58 
56 
73 
17 
51 
42 
2 
59 
93 
40 
# clone tree 38 objective: 4.5182
0 81 
81 84 72 
72 30 
60 71 
30 60 
13 77 23 87 46 
71 31 47 
47 13 
46 25 
25 53 74 
92 32 
74 92 
32 36 62 
62 43 50 88 
88 10 68 
87 86 57 
23 99 28 9 
68 34 38 
57 18 16 83 
9 59 8 
38 39 67 
83 51 73 76 
8 26 
67 14 
76 93 1 
26 89 3 
50 64 
64 41 
3 6 22 
1 37 
15 40 82 
14 69 15 
37 65 
28 20 7 
82 44 80 
41 85 49 
65 55 
43 42 61 
61 79 
10 66 21 
22 94 
79 97 
7 4 
84 19 27 
80 29 
16 5 
55 52 
49 70 
34 78 11 
77 17 
70 35 
86 
27 24 
5 98 95 
21 91 
97 54 45 
29 48 
52 
35 96 
99 33 
94 
44 63 
18 12 
96 
11 58 
24 75 
20 
45 90 
63 
36 
33 
39 
95 
6 
89 
4 
91 
90 
19 
48 2 
69 56 
54 
31 
66 
85 
98 
75 
12 
78 
53 
58 
56 
73 
17 
51 
42 
2 
59 
93 
40 
# clone tree 39 objective: 4.5182
0 81 
81 84 72 
72 30 
60 71 
30 60 
13 77 23 87 46 
71 31 47 
47 13 
46 25 
25 53 74 
92 59 32 
74 92 
32 36 62 
62 43 50 88 
88 10 68 
87 86 57 
23 99 28 9 
68 78 34 38 
57 18 16 83 
9 8 
38 39 67 
83 51 73 76 
8 26 
67 14 
76 1 
26 89 3 
50 64 
64 41 
3 6 22 
1 93 37 
15 82 
14 69 15 
37 65 
28 20 7 
82 44 80 
41 85 49 
65 55 
43 61 
61 79 
10 66 21 
22 94 
79 97 
7 4 
84 19 27 
80 29 
16 5 
55 17 52 
49 70 
34 42 11 
77 
70 35 
86 
27 24 
5 98 95 
21 91 
97 45 
29 48 
52 
35 96 
99 33 
94 54 
44 63 
18 12 
96 
11 58 
24 75 
20 
45 90 
63 
36 
33 40 
39 
95 
6 
89 
4 
91 
90 
19 
48 2 
69 56 
54 
31 
66 
85 
98 
75 
12 
78 
53 
58 
56 
73 
17 
51 
42 
2 
59 
93 
40 
# clone tree 40 objective: 4.5182
0 81 
81 84 72 
72 30 
60 71 
30 60 
13 77 23 87 46 
71 31 47 
47 13 
46 25 
25 53 74 
92 32 
74 92 
32 36 62 
62 43 50 88 
88 10 68 
87 86 57 
23 99 28 9 
68 34 38 
57 18 16 83 
9 8 
38 39 67 
83 51 73 76 
8 26 
67 40 14 
76 1 
26 89 3 
50 64 
64 41 
3 42 6 22 
1 37 
15 82 
14 69 15 
37 65 
28 20 7 
82 44 80 
41 85 49 
65 55 
43 61 
61 79 
10 66 21 
22 94 
79 97 
7 4 
84 19 27 
80 29 
16 5 
55 52 
49 70 
34 78 11 
77 17 
70 35 
86 
27 24 
5 98 95 
21 91 
97 54 45 
29 48 
52 
35 96 
99 33 
94 
44 63 
18 12 
96 
11 59 58 
24 75 
20 
45 90 
63 
36 
33 
39 
95 
6 
89 
4 
91 
90 
19 
48 2 
69 56 
54 
31 
66 
85 
98 93 
75 
12 
78 
53 
58 
56 
73 
17 
51 
42 
2 
59 
93 
40 
# clone tree 41 objective: 4.5182
0 81 
81 84 72 
72 30 
60 71 
30 60 
13 77 23 87 46 
71 31 47 
47 13 
46 25 
25 53 74 
92 32 
74 92 
32 36 62 
62 43 50 88 
88 10 68 
87 86 57 
23 99 28 9 
68 78 34 38 
57 18 16 83 
9 8 
38 39 67 
83 51 73 76 
8 26 
67 14 
76 1 
26 89 3 
50 64 
64 41 
3 6 22 
1 37 
15 82 
14 69 15 
37 65 
28 20 7 
82 44 80 
41 85 49 
65 55 
43 61 
61 79 
10 66 21 
22 94 
79 97 
7 4 
84 19 27 
80 29 
16 5 
55 17 52 
49 70 
34 42 11 
77 
70 35 
86 
27 24 
5 98 95 
21 91 
97 45 
29 48 
52 
35 93 96 
99 33 
94 54 
44 63 
18 12 
96 
11 59 58 
24 75 
20 
45 90 
63 
36 
33 40 
39 
95 
6 
89 
4 
91 
90 
19 
48 2 
69 56 
54 
31 
66 
85 
98 
75 
12 
78 
53 
58 
56 
73 
17 
51 
42 
2 
59 
93 
40 
# clone tree 42 objective: 4.5182
0 81 
81 84 72 
72 30 
60 71 
30 73 60 
13 77 23 87 46 
71 31 47 
47 13 
46 25 
25 74 
92 32 
74 92 
32 36 62 
62 43 50 88 
88 10 68 
87 86 57 
23 99 28 9 
68 78 34 38 
57 18 16 83 
9 8 
38 39 67 
83 51 76 
8 26 
67 17 14 
76 1 
26 89 3 
50 64 
64 41 
3 6 22 
1 37 
15 82 
14 69 15 
37 65 
28 20 7 
82 44 80 
41 85 49 
65 40 55 
43 61 
61 79 
10 66 21 
22 94 
79 97 
7 53 4 
84 19 27 
80 29 
16 5 
55 52 
49 70 
34 42 11 
77 
70 35 
86 
27 24 
5 98 95 
21 91 
97 54 45 
29 48 
52 
35 93 96 
99 33 
94 
44 63 
18 12 
96 
11 58 
24 75 
20 
45 90 
63 
36 59 
33 
39 
95 
6 
89 
4 
91 
90 
19 
48 2 
69 56 
54 
31 
66 
85 
98 
75 
12 
78 
53 
58 
56 
73 
17 
51 
42 
2 
59 
93 
40 
# clone tree 43 objective: 4.5182
0 81 
81 84 72 
72 30 
60 71 
30 60 
13 77 23 87 46 
71 31 47 
47 13 
46 25 
25 53 74 
92 32 
74 92 
32 36 62 
62 43 50 88 
88 10 68 
87 86 57 
23 99 28 9 
68 78 34 38 
57 18 16 83 
9 8 
38 39 67 
83 51 73 76 
8 26 
67 14 
76 1 
26 89 3 
50 64 
64 41 
3 6 22 
1 37 
15 82 
14 69 15 
37 65 
28 20 7 
82 44 80 
41 85 49 
65 55 
43 61 
61 79 
10 66 21 
22 93 94 
79 97 
7 4 
84 19 27 
80 29 
16 5 
55 40 17 52 
49 70 
34 42 11 
77 
70 35 
86 
27 24 
5 98 95 
21 91 
97 45 
29 48 
52 
35 96 
99 33 
94 54 
44 63 
18 12 
96 
11 59 58 
24 75 
20 
45 90 
63 
36 
33 
39 
95 
6 
89 
4 
91 
90 
19 
48 2 
69 56 
54 
31 
66 
85 
98 
75 
12 
78 
53 
58 
56 
73 
17 
51 
42 
2 
59 
93 
40 
# clone tree 44 objective: 4.5182
0 81 
81 84 72 
72 30 
60 71 
30 60 
13 77 23 87 46 
71 31 47 
47 13 
46 25 
25 93 59 74 
92 32 
74 92 
32 36 62 
62 43 50 88 
88 17 10 68 
87 86 57 
23 99 28 9 
68 78 34 38 
57 18 16 83 
9 8 
38 39 67 
83 51 76 
8 26 
67 14 
76 1 
26 89 3 
50 64 
64 41 
3 6 22 
1 37 
15 82 
14 69 15 
37 73 65 
28 20 7 
82 44 80 
41 85 49 
65 55 
43 61 
61 79 
10 66 21 
22 94 
79 97 
7 53 4 
84 19 27 
80 29 
16 5 
55 52 
49 70 
34 42 11 
77 
70 35 
86 
27 24 
5 98 95 
21 91 
97 45 
29 48 
52 
35 96 
99 33 
94 54 
44 63 
18 12 
96 
11 58 
24 75 
20 
45 90 
63 
36 
33 
39 
95 
6 
89 
4 
91 
90 
19 
48 2 
69 56 
54 40 
31 
66 
85 
98 
75 
12 
78 
53 
58 
56 
73 
17 
51 
42 
2 
59 
93 
40 
# clone tree 45 objective: 4.5182
0 81 
81 84 72 
72 30 
60 71 
30 60 
13 77 23 87 46 
71 31 47 
47 13 
46 25 
25 53 74 
92 32 
74 92 
32 36 62 
62 43 50 88 
88 10 68 
87 86 57 
23 99 28 9 
68 34 38 
57 18 16 83 
9 8 
38 39 67 
83 51 73 76 
8 26 
67 40 14 
76 1 
26 89 3 
50 93 64 
64 41 
3 42 6 22 
1 37 
15 82 
14 69 15 
37 65 
28 20 7 
82 44 80 
41 85 49 
65 55 
43 61 
61 79 
10 66 21 
22 94 
79 97 
7 4 
84 19 27 
80 29 
16 5 
55 52 
49 70 
34 78 11 
77 17 
70 35 
86 
27 24 
5 98 95 
21 91 
97 54 45 
29 48 
52 
35 96 
99 33 
94 
44 63 
18 12 
96 
11 58 
24 75 
20 
45 90 
63 
36 
33 59 
39 
95 
6 
89 
4 
91 
90 
19 
48 2 
69 56 
54 
31 
66 
85 
98 
75 
12 
78 
53 
58 
56 
73 
17 
51 
42 
2 
59 
93 
40 
# clone tree 46 objective: 4.5182
0 81 
81 84 72 
72 30 
60 71 
30 60 
13 77 23 87 46 
71 31 47 
47 13 
46 25 
25 53 74 
92 32 
74 92 
32 36 62 
62 43 50 88 
88 10 68 
87 86 57 
23 99 28 9 
68 34 38 
57 18 16 83 
9 59 8 
38 39 67 
83 51 73 76 
8 26 
67 14 
76 1 
26 89 3 
50 64 
64 41 
3 6 22 
1 93 37 
15 82 
14 69 15 
37 65 
28 20 7 
82 44 80 
41 85 49 
65 55 
43 42 61 
61 79 
10 66 21 
22 94 
79 97 
7 4 
84 19 27 
80 29 
16 5 
55 52 
49 70 
34 78 11 
77 17 
70 35 
86 
27 24 
5 98 95 
21 91 
97 54 45 
29 48 
52 
35 96 
99 33 
94 
44 63 
18 12 
96 
11 58 
24 75 
20 
45 90 
63 
36 
33 
39 
95 
6 
89 
4 
91 
90 
19 
48 2 
69 56 
54 
31 
66 
85 
98 
75 
12 
78 40 
53 
58 
56 
73 
17 
51 
42 
2 
59 
93 
40 
# clone tree 47 objective: 4.5182
0 81 
81 84 72 
72 30 
60 71 
30 60 
13 77 23 87 46 
71 31 47 
47 13 
46 25 
25 53 74 
92 32 
74 92 
32 36 62 
62 43 50 88 
88 10 68 
87 86 57 
23 99 28 9 
68 78 34 38 
57 18 16 83 
9 8 
38 39 67 
83 51 73 76 
8 26 
67 14 
76 1 
26 89 3 
50 64 
64 41 
3 6 22 
1 37 
15 82 
14 69 15 
37 65 
28 20 7 
82 44 80 
41 85 49 
65 55 
43 61 
61 79 
10 66 21 
22 94 
79 97 
7 4 
84 19 27 
80 29 
16 5 
55 17 52 
49 70 
34 42 11 
77 
70 35 
86 
27 24 
5 98 95 
21 93 91 
97 45 
29 48 
52 
35 96 
99 33 
94 54 
44 63 
18 12 
96 
11 59 58 
24 75 
20 
45 90 
63 
36 
33 40 
39 
95 
6 
89 
4 
91 
90 
19 
48 2 
69 56 
54 
31 
66 
85 
98 
75 
12 
78 
53 
58 
56 
73 
17 
51 
42 
2 
59 
93 
40 
# clone tree 48 objective: 4.5182
0 81 
81 84 72 
72 30 
60 71 
30 60 
13 77 23 87 46 
71 31 47 
47 13 
46 25 
25 53 74 
92 32 
74 92 
32 36 62 
62 43 50 88 
88 17 10 68 
87 86 57 
23 99 28 9 
68 34 38 
57 18 16 83 
9 59 8 
38 93 39 67 
83 51 76 
8 26 
67 14 
76 1 
26 89 3 
50 64 
64 41 
3 6 22 
1 37 
15 40 82 
14 69 15 
37 73 65 
28 20 7 
82 44 80 
41 49 
65 55 
43 42 61 
61 79 
10 66 21 
22 94 
79 97 
7 4 
84 19 27 
80 29 
16 5 
55 52 
49 70 
34 78 11 
77 
70 35 
86 
27 24 
5 98 95 
21 91 
97 54 45 
29 48 
52 
35 96 
99 33 
94 
44 63 
18 12 
96 
11 58 
24 75 
20 
45 90 
63 
36 85 
33 
39 
95 
6 
89 
4 
91 
90 
19 
48 2 
69 56 
54 
31 
66 
85 
98 
75 
12 
78 
53 
58 
56 
73 
17 
51 
42 
2 
59 
93 
40 
# clone tree 49 objective: 4.5182
0 81 
81 84 72 
72 30 
60 71 
30 60 
13 77 23 87 46 
71 31 47 
47 13 
46 25 
25 53 74 
92 32 
74 92 
32 36 62 
62 43 50 88 
88 17 10 68 
87 86 57 
23 99 28 9 
68 34 38 
57 18 16 83 
9 59 8 
38 39 67 
83 51 76 
8 26 
67 14 
76 1 
26 89 3 
50 64 
64 41 
3 6 22 
1 37 
15 82 
14 69 15 
37 73 65 
28 20 7 
82 44 80 
41 49 
65 55 
43 42 61 
61 79 
10 66 21 
22 94 
79 97 
7 4 
84 19 27 
80 29 
16 5 
55 52 
49 70 
34 40 78 11 
77 
70 35 
86 
27 24 
5 98 95 
21 91 
97 54 45 
29 48 
52 
35 96 
99 33 
94 
44 63 
18 12 
96 
11 58 
24 75 
20 
45 90 
63 
36 85 
33 
39 
95 
6 
89 
4 93 
91 
90 
19 
48 2 
69 56 
54 
31 
66 
85 
98 
75 
12 
78 
53 
58 
56 
73 
17 
51 
42 
2 
59 
93 
40 
