0 38 16 37 
37 43 68 73 
89 10 57 
73 53 23 50 
50 89 
40 54 45 
57 40 
45 35 36 96 
96 98 49 30 62 
62 56 81 71 18 92 
92 12 
12 67 22 
22 93 11 
11 6 
6 2 31 85 
85 59 79 15 
15 13 77 88 
88 17 44 34 84 
84 97 47 58 33 
18 51 9 
34 28 
33 90 75 
9 24 64 
36 69 52 
28 27 
27 29 
71 94 
94 5 4 
77 65 
65 26 61 
54 7 
64 63 78 
75 25 
13 19 
23 91 74 
51 8 83 
68 80 
7 1 14 
30 
31 48 
16 87 41 
78 
93 
46 
41 42 
52 70 60 
29 
69 46 
49 
4 95 
42 66 99 
44 86 
10 39 
61 72 
17 
38 
60 
25 32 
79 
26 
83 
58 55 
39 20 
47 
5 
59 
67 21 
21 
86 
72 
43 
48 
90 
19 
80 
35 
20 
32 3 
99 
53 76 
8 
74 
91 
55 
14 
97 
98 
63 
81 
87 
24 
56 
2 
76 
1 
70 
3 
66 
95 82 
82 
