# clone tree 0 objective: 6.07942
0 42 
42 43 92 29 75 
75 65 7 
58 60 78 
77 79 
59 58 
79 59 
7 77 
78 2 27 
27 31 11 
11 81 85 51 
51 74 16 
16 22 53 
53 34 84 
70 47 
69 40 13 
84 19 
19 70 
14 95 69 
47 6 14 
34 97 49 28 
13 24 38 68 
28 46 
46 76 44 
44 82 
80 23 20 
68 80 
82 12 91 
20 66 67 
91 99 52 
52 33 36 
67 54 72 
35 63 5 
36 35 
72 93 
93 89 
22 37 26 
5 56 18 
89 64 
26 17 
85 8 
31 3 
18 57 73 
38 10 
64 32 
73 25 
32 9 
8 21 
10 48 
21 15 
17 55 
29 45 
9 62 
25 1 90 
3 83 
55 88 
49 96 
15 
92 41 
62 94 
48 50 
65 39 
33 86 
81 
66 
50 
96 
83 
86 87 
45 
4 
43 
94 71 
74 
39 4 
37 
12 
88 
24 
90 98 
63 
57 
41 
40 
23 61 
95 
87 
56 
99 
54 30 
60 
2 
71 
61 
76 
6 
97 
1 
98 
30 
# clone tree 1 objective: 6.07942
0 42 
42 43 92 29 75 
75 65 7 
58 60 78 
77 79 
59 58 
79 59 
7 77 
78 2 27 
27 31 11 
11 81 85 51 
51 74 16 
16 22 53 
53 98 34 84 
70 47 
69 40 13 
84 19 
19 70 
14 95 69 
47 6 14 
34 97 49 28 
13 24 38 68 
28 30 46 
46 76 44 
44 82 
80 23 20 
68 80 
82 12 91 
20 66 67 
91 99 52 
52 33 36 
67 54 72 
35 63 5 
36 35 
72 93 
93 89 
22 37 26 
5 56 18 
89 64 
26 17 
85 8 
31 3 
18 57 73 
38 10 
64 32 
73 25 
32 9 
8 21 
10 48 
21 15 
17 55 
29 45 
9 62 
25 90 
3 83 
55 88 
49 96 
15 
92 41 
62 94 
48 50 
65 39 
33 86 
81 
66 
50 
96 
83 
86 87 
45 
4 
43 
94 71 
74 
39 4 
37 
12 
88 
24 1 
90 
63 
57 
41 
40 
23 61 
95 
87 
56 
99 
54 
60 
2 
71 
61 
76 
6 
97 
1 
98 
30 
# clone tree 2 objective: 6.07942
0 42 
42 43 92 29 75 
75 65 7 
58 60 78 
77 79 
59 58 
79 59 
7 77 
78 2 27 
27 31 11 
11 81 85 51 
51 74 16 
16 22 53 
53 34 84 
70 47 
69 40 13 
84 98 19 
19 70 
14 95 69 
47 14 
34 49 28 
13 24 38 68 
28 46 
46 76 44 
44 82 
80 23 20 
68 80 
82 12 91 
20 66 67 
91 99 52 
52 33 36 
67 54 72 
35 63 5 
36 35 
72 93 
93 97 89 
22 6 37 26 
5 56 18 
89 64 
26 17 
85 8 
31 3 
18 57 73 
38 10 
64 32 
73 25 
32 9 
8 21 
10 48 
21 15 
17 55 
29 45 
9 62 
25 1 90 
3 83 
55 88 
49 96 
15 
92 41 
62 94 
48 50 
65 39 
33 86 
81 
66 
50 
96 
83 
86 87 
45 
4 
43 
94 71 
74 
39 4 
37 
12 30 
88 
24 
90 
63 
57 
41 
40 
23 61 
95 
87 
56 
99 
54 
60 
2 
71 
61 
76 
6 
97 
1 
98 
30 
# clone tree 3 objective: 6.07942
0 42 
42 43 92 29 75 
75 30 65 7 
58 60 78 
77 79 
59 58 
79 59 
7 77 
78 2 27 
27 31 11 
11 81 85 51 
51 74 16 
16 22 53 
53 34 84 
70 47 
69 40 13 
84 19 
19 70 
14 95 69 
47 6 14 
34 49 28 
13 24 38 68 
28 46 
46 76 44 
44 82 
80 98 23 20 
68 80 
82 12 91 
20 66 67 
91 99 52 
52 33 36 
67 54 72 
35 63 5 
36 35 
72 93 
93 97 89 
22 37 26 
5 56 18 
89 64 
26 17 
85 8 
31 3 
18 57 73 
38 10 
64 32 
73 25 
32 9 
8 21 
10 48 
21 15 
17 55 
29 45 
9 62 
25 90 
3 83 
55 88 
49 96 
15 
92 41 
62 94 
48 50 
65 39 
33 86 
81 
66 
50 
96 
83 1 
86 87 
45 
4 
43 
94 71 
74 
39 4 
37 
12 
88 
24 
90 
63 
57 
41 
40 
23 61 
95 
87 
56 
99 
54 
60 
2 
71 
61 
76 
6 
97 
1 
98 
30 
# clone tree 4 objective: 6.07942
0 42 
42 43 92 29 75 
75 65 7 
58 60 78 
77 30 79 
59 58 
79 59 
7 77 
78 2 27 
27 31 11 
11 81 85 51 
51 74 16 
16 22 53 
53 34 84 
70 47 
69 40 13 
84 19 
19 70 
14 95 69 
47 6 14 
34 49 28 
13 24 38 68 
28 46 
46 76 44 
44 82 
80 98 23 20 
68 80 
82 12 91 
20 66 67 
91 99 52 
52 33 36 
67 54 72 
35 63 5 
36 35 
72 93 
93 97 89 
22 37 26 
5 56 18 
89 64 
26 17 
85 8 
31 3 
18 57 73 
38 10 
64 32 
73 25 
32 9 
8 21 
10 48 
21 15 
17 55 
29 45 
9 62 
25 90 
3 83 
55 88 
49 96 
15 
92 41 
62 94 
48 50 
65 39 
33 86 
81 
66 
50 
96 
83 1 
86 87 
45 
4 
43 
94 71 
74 
39 4 
37 
12 
88 
24 
90 
63 
57 
41 
40 
23 61 
95 
87 
56 
99 
54 
60 
2 
71 
61 
76 
6 
97 
1 
98 
30 
# clone tree 5 objective: 6.07942
0 42 
42 43 92 29 75 
75 65 7 
58 30 60 78 
77 79 
59 58 
79 59 
7 77 
78 2 27 
27 31 11 
11 81 85 51 
51 74 16 
16 22 53 
53 34 84 
70 47 
69 40 13 
84 19 
19 70 
14 95 69 
47 6 14 
34 49 28 
13 24 38 68 
28 46 
46 76 44 
44 82 
80 98 23 20 
68 80 
82 12 91 
20 66 67 
91 99 52 
52 33 36 
67 54 72 
35 63 5 
36 35 
72 93 
93 97 89 
22 37 26 
5 56 18 
89 64 
26 17 
85 8 
31 3 
18 57 73 
38 10 
64 32 
73 25 
32 9 
8 21 
10 48 
21 15 
17 55 
29 45 
9 62 
25 90 
3 83 
55 88 
49 96 
15 
92 41 
62 94 
48 50 
65 39 
33 86 
81 
66 
50 
96 
83 1 
86 87 
45 
4 
43 
94 71 
74 
39 4 
37 
12 
88 
24 
90 
63 
57 
41 
40 
23 61 
95 
87 
56 
99 
54 
60 
2 
71 
61 
76 
6 
97 
1 
98 
30 
# clone tree 6 objective: 6.07942
0 42 
42 43 92 29 75 
75 65 7 
58 60 78 
77 79 
59 58 
79 59 
7 77 
78 2 27 
27 31 11 
11 81 85 51 
51 74 16 
16 22 53 
53 34 84 
70 47 
69 40 13 
84 19 
19 70 
14 95 69 
47 6 14 
34 97 49 28 
13 24 38 68 
28 46 
46 76 44 
44 82 
80 23 20 
68 80 
82 12 91 
20 66 67 
91 99 52 
52 33 36 
67 54 72 
35 63 5 
36 35 
72 93 
93 89 
22 37 26 
5 56 18 
89 64 
26 17 
85 8 
31 3 
18 57 73 
38 10 
64 32 
73 25 
32 9 
8 21 
10 48 
21 15 
17 55 
29 45 
9 62 
25 1 90 
3 83 
55 88 
49 96 
15 
92 41 
62 94 
48 50 
65 39 
33 86 
81 
66 
50 
96 
83 
86 87 
45 
4 
43 
94 71 
74 
39 4 
37 
12 
88 
24 
90 98 
63 
57 
41 
40 
23 61 
95 
87 
56 
99 
54 
60 
2 
71 
61 
76 
6 
97 
1 30 
98 
30 
# clone tree 7 objective: 6.07942
0 42 
42 43 92 29 75 
75 65 7 
58 60 78 
77 79 
59 58 
79 59 
7 77 
78 2 27 
27 31 11 
11 81 85 51 
51 74 16 
16 22 53 
53 34 84 
70 47 
69 40 13 
84 19 
19 70 
14 95 69 
47 6 14 
34 97 49 28 
13 24 38 68 
28 46 
46 76 44 
44 82 
80 23 20 
68 80 
82 12 91 
20 66 67 
91 99 52 
52 33 36 
67 54 72 
35 63 5 
36 35 
72 93 
93 89 
22 37 26 
5 56 18 
89 64 
26 17 
85 8 
31 3 
18 57 73 
38 10 
64 32 
73 25 
32 9 
8 21 
10 48 
21 15 
17 55 
29 45 
9 62 
25 1 90 
3 83 
55 88 
49 96 
15 
92 41 
62 94 
48 50 
65 39 
33 86 
81 
66 
50 
96 
83 
86 87 
45 30 
4 
43 
94 71 
74 
39 4 
37 
12 
88 
24 
90 98 
63 
57 
41 
40 
23 61 
95 
87 
56 
99 
54 
60 
2 
71 
61 
76 
6 
97 
1 
98 
30 
# clone tree 8 objective: 6.07942
0 42 
42 43 92 29 75 
75 65 7 
58 60 78 
77 79 
59 58 
79 59 
7 77 
78 2 27 
27 31 11 
11 81 85 51 
51 74 16 
16 22 53 
53 34 84 
70 47 
69 40 13 
84 19 
19 70 
14 95 69 
47 6 14 
34 97 49 28 
13 24 38 68 
28 46 
46 76 44 
44 82 
80 23 20 
68 80 
82 12 91 
20 66 67 
91 99 52 
52 33 36 
67 54 72 
35 63 5 
36 35 
72 93 
93 89 
22 37 26 
5 56 18 
89 64 
26 17 
85 8 
31 3 
18 57 73 
38 10 
64 32 
73 25 
32 9 
8 21 
10 48 
21 15 
17 55 
29 45 
9 62 
25 1 90 
3 83 
55 88 
49 96 
15 
92 41 
62 94 
48 50 
65 39 
33 86 
81 
66 
50 
96 
83 
86 87 
45 
4 
43 
94 71 
74 
39 4 
37 
12 
88 
24 
90 98 
63 
57 
41 
40 
23 61 
95 
87 
56 30 
99 
54 
60 
2 
71 
61 
76 
6 
97 
1 
98 
30 
# clone tree 9 objective: 6.07942
0 42 
42 43 92 29 75 
75 65 7 
58 60 78 
77 79 
59 58 
79 59 
7 77 
78 2 27 
27 31 11 
11 81 85 51 
51 74 16 
16 22 53 
53 34 84 
70 47 
69 40 13 
84 19 
19 70 
14 95 69 
47 6 14 
34 97 49 28 
13 24 38 68 
28 46 
46 76 44 
44 82 
80 23 20 
68 80 
82 12 91 
20 66 67 
91 99 52 
52 33 36 
67 54 72 
35 63 5 
36 35 
72 93 
93 89 
22 37 26 
5 56 18 
89 64 
26 17 
85 8 
31 3 
18 57 73 
38 10 
64 32 
73 25 
32 9 
8 21 
10 48 
21 15 
17 55 
29 45 
9 62 
25 1 90 
3 83 
55 88 
49 96 
15 
92 41 
62 94 
48 50 
65 39 
33 86 
81 
66 
50 
96 
83 
86 87 
45 
4 
43 
94 71 
74 
39 4 
37 
12 
88 30 
24 
90 98 
63 
57 
41 
40 
23 61 
95 
87 
56 
99 
54 
60 
2 
71 
61 
76 
6 
97 
1 
98 
30 
# clone tree 10 objective: 6.07942
0 42 
42 43 92 29 75 
75 65 7 
58 60 78 
77 79 
59 58 
79 59 
7 77 
78 2 27 
27 31 11 
11 81 85 51 
51 74 16 
16 22 53 
53 34 84 
70 47 
69 40 13 
84 19 
19 70 
14 95 69 
47 6 14 
34 97 49 28 
13 24 38 68 
28 46 
46 76 44 
44 82 
80 23 20 
68 80 
82 12 91 
20 66 67 
91 99 52 
52 33 36 
67 54 72 
35 63 5 
36 35 
72 93 
93 89 
22 37 26 
5 56 18 
89 64 
26 17 
85 8 
31 3 
18 57 73 
38 10 
64 32 
73 25 
32 9 
8 21 
10 48 
21 15 
17 55 
29 45 
9 62 
25 1 90 
3 83 
55 88 
49 96 
15 
92 41 
62 30 94 
48 50 
65 39 
33 86 
81 
66 
50 
96 
83 
86 87 
45 
4 
43 
94 71 
74 
39 4 
37 
12 
88 
24 
90 98 
63 
57 
41 
40 
23 61 
95 
87 
56 
99 
54 
60 
2 
71 
61 
76 
6 
97 
1 
98 
30 
# clone tree 11 objective: 6.07942
0 42 
42 43 92 29 75 
75 65 7 
58 60 78 
77 79 
59 58 
79 59 
7 77 
78 2 27 
27 31 11 
11 81 85 51 
51 74 16 
16 22 53 
53 34 84 
70 47 
69 40 13 
84 19 
19 70 
14 95 69 
47 6 14 
34 97 49 28 
13 24 38 68 
28 46 
46 76 44 
44 82 
80 23 20 
68 80 
82 12 91 
20 66 67 
91 99 52 
52 33 36 
67 54 72 
35 63 5 
36 35 
72 93 
93 89 
22 37 26 
5 56 18 
89 64 
26 17 
85 8 
31 3 
18 57 73 
38 10 
64 32 
73 25 
32 9 
8 21 
10 48 
21 15 
17 55 
29 45 
9 62 
25 1 90 
3 83 
55 88 
49 96 
15 
92 41 
62 94 
48 50 
65 39 
33 86 
81 
66 
50 
96 
83 
86 87 
45 
4 
43 
94 71 
74 
39 4 
37 
12 
88 
24 
90 98 
63 
57 
41 
40 
23 61 
95 
87 
56 
99 
54 
60 
2 
71 
61 
76 
6 
97 30 
1 
98 
30 
# clone tree 12 objective: 6.07942
0 42 
42 43 92 29 75 
75 65 7 
58 60 78 
77 79 
59 58 
79 59 
7 77 
78 2 27 
27 31 11 
11 81 85 51 
51 74 16 
16 22 53 
53 34 84 
70 47 
69 40 13 
84 19 
19 70 
14 95 69 
47 6 14 
34 97 49 28 
13 24 38 68 
28 46 
46 76 44 
44 82 
80 23 20 
68 80 
82 12 91 
20 66 67 
91 99 52 
52 33 36 
67 54 72 
35 63 5 
36 35 
72 93 
93 89 
22 37 26 
5 56 18 
89 64 
26 17 
85 8 
31 3 
18 57 73 
38 10 
64 32 
73 25 
32 9 
8 21 
10 48 
21 15 
17 55 
29 45 
9 62 
25 1 90 
3 83 
55 88 
49 96 
15 
92 41 
62 94 
48 50 
65 39 
33 86 
81 
66 
50 
96 
83 30 
86 87 
45 
4 
43 
94 71 
74 
39 4 
37 
12 
88 
24 
90 98 
63 
57 
41 
40 
23 61 
95 
87 
56 
99 
54 
60 
2 
71 
61 
76 
6 
97 
1 
98 
30 
# clone tree 13 objective: 6.07942
0 42 
42 43 92 29 75 
75 65 7 
58 60 78 
77 79 
59 58 
79 59 
7 77 
78 2 27 
27 31 11 
11 81 85 51 
51 74 16 
16 22 53 
53 34 84 
70 47 
69 40 13 
84 19 
19 70 
14 95 69 
47 6 14 
34 97 49 28 
13 24 38 68 
28 46 
46 76 44 
44 82 
80 23 20 
68 80 
82 12 91 
20 66 67 
91 99 52 
52 33 36 
67 54 72 
35 63 5 
36 35 
72 93 
93 89 
22 37 26 
5 56 18 
89 64 
26 17 
85 8 
31 3 
18 57 73 
38 10 
64 32 
73 25 
32 9 
8 21 
10 48 
21 30 15 
17 55 
29 45 
9 62 
25 1 90 
3 83 
55 88 
49 96 
15 
92 41 
62 94 
48 50 
65 39 
33 86 
81 
66 
50 
96 
83 
86 87 
45 
4 
43 
94 71 
74 
39 4 
37 
12 
88 
24 
90 98 
63 
57 
41 
40 
23 61 
95 
87 
56 
99 
54 
60 
2 
71 
61 
76 
6 
97 
1 
98 
30 
# clone tree 14 objective: 6.07942
0 42 
42 43 92 29 75 
75 65 7 
58 60 78 
77 79 
59 58 
79 59 
7 77 
78 2 27 
27 31 11 
11 81 85 51 
51 74 16 
16 22 53 
53 34 84 
70 47 
69 40 13 
84 19 
19 70 
14 95 69 
47 6 14 
34 97 49 28 
13 24 38 68 
28 46 
46 76 44 
44 82 
80 23 20 
68 80 
82 12 91 
20 66 67 
91 99 52 
52 33 36 
67 54 72 
35 63 5 
36 35 
72 93 
93 89 
22 37 26 
5 56 18 
89 64 
26 17 
85 8 
31 3 
18 57 73 
38 10 
64 32 
73 25 
32 9 
8 21 
10 48 
21 15 
17 55 
29 45 
9 62 
25 1 90 
3 83 
55 88 
49 96 
15 
92 41 
62 94 
48 50 
65 39 
33 86 
81 
66 
50 
96 
83 
86 87 
45 
4 
43 
94 71 
74 
39 4 
37 
12 
88 
24 
90 98 
63 
57 
41 
40 
23 61 
95 
87 30 
56 
99 
54 
60 
2 
71 
61 
76 
6 
97 
1 
98 
30 
# clone tree 15 objective: 6.07942
0 42 
42 43 92 29 75 
75 65 7 
58 60 78 
77 79 
59 58 
79 59 
7 77 
78 30 2 27 
27 31 11 
11 81 85 51 
51 74 16 
16 22 53 
53 34 84 
70 47 
69 40 13 
84 19 
19 70 
14 95 69 
47 6 14 
34 49 28 
13 24 38 68 
28 46 
46 76 44 
44 82 
80 98 23 20 
68 80 
82 12 91 
20 66 67 
91 99 52 
52 33 36 
67 54 72 
35 63 5 
36 35 
72 93 
93 97 89 
22 37 26 
5 56 18 
89 64 
26 17 
85 8 
31 3 
18 57 73 
38 10 
64 32 
73 25 
32 9 
8 21 
10 48 
21 15 
17 55 
29 45 
9 62 
25 90 
3 83 
55 88 
49 96 
15 
92 41 
62 94 
48 50 
65 39 
33 86 
81 
66 
50 
96 
83 1 
86 87 
45 
4 
43 
94 71 
74 
39 4 
37 
12 
88 
24 
90 
63 
57 
41 
40 
23 61 
95 
87 
56 
99 
54 
60 
2 
71 
61 
76 
6 
97 
1 
98 
30 
# clone tree 16 objective: 6.07942
0 42 
42 43 92 29 75 
75 65 7 
58 60 78 
77 79 
59 58 
79 59 
7 77 
78 2 27 
27 31 11 
11 81 85 51 
51 74 16 
16 22 53 
53 34 84 
70 47 
69 40 13 
84 19 
19 70 
14 95 69 
47 6 14 
34 97 49 28 
13 24 38 68 
28 46 
46 76 44 
44 82 
80 23 20 
68 80 
82 12 91 
20 66 67 
91 99 52 
52 33 36 
67 54 72 
35 63 5 
36 35 
72 93 
93 89 
22 37 26 
5 56 18 
89 64 
26 17 
85 8 
31 3 
18 57 73 
38 10 
64 32 
73 25 
32 9 
8 21 
10 48 
21 15 
17 55 
29 45 
9 62 
25 1 90 
3 83 
55 88 
49 96 
15 30 
92 41 
62 94 
48 50 
65 39 
33 86 
81 
66 
50 
96 
83 
86 87 
45 
4 
43 
94 71 
74 
39 4 
37 
12 
88 
24 
90 98 
63 
57 
41 
40 
23 61 
95 
87 
56 
99 
54 
60 
2 
71 
61 
76 
6 
97 
1 
98 
30 
# clone tree 17 objective: 6.07942
0 42 
42 43 92 29 75 
75 65 7 
58 60 78 
77 79 
59 58 
79 59 
7 77 
78 2 27 
27 31 11 
11 81 85 51 
51 74 16 
16 22 53 
53 34 84 
70 30 47 
69 40 13 
84 19 
19 70 
14 95 69 
47 6 14 
34 49 28 
13 24 38 68 
28 46 
46 76 44 
44 82 
80 98 23 20 
68 80 
82 12 91 
20 66 67 
91 99 52 
52 33 36 
67 54 72 
35 63 5 
36 35 
72 93 
93 97 89 
22 37 26 
5 56 18 
89 64 
26 17 
85 8 
31 3 
18 57 73 
38 10 
64 32 
73 25 
32 9 
8 21 
10 48 
21 15 
17 55 
29 45 
9 62 
25 90 
3 83 
55 88 
49 96 
15 
92 41 
62 94 
48 50 
65 39 
33 86 
81 
66 
50 
96 
83 1 
86 87 
45 
4 
43 
94 71 
74 
39 4 
37 
12 
88 
24 
90 
63 
57 
41 
40 
23 61 
95 
87 
56 
99 
54 
60 
2 
71 
61 
76 
6 
97 
1 
98 
30 
# clone tree 18 objective: 6.07942
0 42 
42 43 92 29 75 
75 65 7 
58 60 78 
77 79 
59 58 
79 59 
7 77 
78 2 27 
27 31 11 
11 81 85 51 
51 74 16 
16 22 53 
53 34 84 
70 47 
69 40 13 
84 19 
19 70 
14 95 69 
47 6 14 
34 97 49 28 
13 24 38 68 
28 46 
46 76 44 
44 82 
80 23 20 
68 80 
82 12 91 
20 66 67 
91 99 52 
52 33 36 
67 54 72 
35 63 5 
36 35 
72 93 
93 89 
22 37 26 
5 56 18 
89 64 
26 17 
85 8 
31 3 
18 57 73 
38 10 
64 32 
73 25 
32 9 
8 21 
10 48 
21 15 
17 55 
29 45 
9 62 
25 1 90 
3 83 
55 88 
49 96 
15 
92 41 
62 94 
48 50 
65 39 
33 86 
81 
66 
50 
96 
83 
86 87 
45 
4 
43 
94 71 
74 
39 4 
37 
12 30 
88 
24 
90 98 
63 
57 
41 
40 
23 61 
95 
87 
56 
99 
54 
60 
2 
71 
61 
76 
6 
97 
1 
98 
30 
# clone tree 19 objective: 6.07942
0 42 
42 43 92 29 75 
75 65 7 
58 60 78 
77 79 
59 58 
79 59 
7 77 
78 2 27 
27 31 11 
11 81 85 51 
51 74 16 
16 22 53 
53 34 84 
70 47 
69 40 13 
84 19 
19 70 
14 95 69 
47 6 14 
34 97 49 28 
13 24 38 68 
28 46 
46 76 44 
44 82 
80 23 20 
68 80 
82 12 91 
20 66 67 
91 99 52 
52 33 36 
67 54 72 
35 63 5 
36 35 
72 93 
93 89 
22 37 26 
5 56 18 
89 64 
26 30 17 
85 8 
31 3 
18 57 73 
38 10 
64 32 
73 25 
32 9 
8 21 
10 48 
21 15 
17 55 
29 45 
9 62 
25 1 90 
3 83 
55 88 
49 96 
15 
92 41 
62 94 
48 50 
65 39 
33 86 
81 
66 
50 
96 
83 
86 87 
45 
4 
43 
94 71 
74 
39 4 
37 
12 
88 
24 
90 98 
63 
57 
41 
40 
23 61 
95 
87 
56 
99 
54 
60 
2 
71 
61 
76 
6 
97 
1 
98 
30 
# clone tree 20 objective: 6.07942
0 42 
42 43 92 29 75 
75 65 7 
58 60 78 
77 79 
59 58 
79 59 
7 77 
78 2 27 
27 31 11 
11 81 85 51 
51 74 16 
16 22 53 
53 34 84 
70 47 
69 40 13 
84 19 
19 70 
14 95 69 
47 6 14 
34 97 49 28 
13 24 38 68 
28 46 
46 76 44 
44 82 
80 23 20 
68 80 
82 12 91 
20 66 67 
91 99 52 
52 33 36 
67 54 72 
35 63 5 
36 35 
72 93 
93 89 
22 37 26 
5 56 18 
89 64 
26 17 
85 8 
31 3 
18 57 73 
38 10 
64 32 
73 25 
32 9 
8 30 21 
10 48 
21 15 
17 55 
29 45 
9 62 
25 1 90 
3 83 
55 88 
49 96 
15 
92 41 
62 94 
48 50 
65 39 
33 86 
81 
66 
50 
96 
83 
86 87 
45 
4 
43 
94 71 
74 
39 4 
37 
12 
88 
24 
90 98 
63 
57 
41 
40 
23 61 
95 
87 
56 
99 
54 
60 
2 
71 
61 
76 
6 
97 
1 
98 
30 
# clone tree 21 objective: 6.07942
0 42 
42 43 92 29 75 
75 65 7 
58 60 78 
77 79 
59 58 
79 59 
7 77 
78 2 27 
27 31 11 
11 81 85 51 
51 74 16 
16 22 53 
53 34 84 
70 47 
69 40 13 
84 19 
19 70 
14 95 69 
47 6 14 
34 97 49 28 
13 24 38 68 
28 46 
46 76 44 
44 82 
80 23 20 
68 80 
82 12 91 
20 66 67 
91 99 52 
52 33 36 
67 54 72 
35 63 5 
36 35 
72 93 
93 89 
22 37 26 
5 56 18 
89 64 
26 17 
85 8 
31 3 
18 57 73 
38 10 
64 32 
73 25 
32 9 
8 21 
10 48 
21 15 
17 55 
29 45 
9 62 
25 1 90 
3 83 
55 88 
49 96 
15 
92 41 
62 94 
48 50 
65 39 
33 86 
81 
66 
50 
96 30 
83 
86 87 
45 
4 
43 
94 71 
74 
39 4 
37 
12 
88 
24 
90 98 
63 
57 
41 
40 
23 61 
95 
87 
56 
99 
54 
60 
2 
71 
61 
76 
6 
97 
1 
98 
30 
# clone tree 22 objective: 6.07942
0 42 
42 43 92 29 75 
75 65 7 
58 60 78 
77 79 
59 58 
79 59 
7 77 
78 2 27 
27 31 11 
11 81 85 51 
51 74 16 
16 22 53 
53 34 84 
70 47 
69 40 13 
84 19 
19 70 
14 95 69 
47 6 14 
34 97 49 28 
13 24 38 68 
28 46 
46 76 44 
44 82 
80 23 20 
68 80 
82 12 91 
20 66 67 
91 99 52 
52 33 36 
67 54 72 
35 63 5 
36 35 
72 93 
93 89 
22 37 26 
5 30 56 18 
89 64 
26 17 
85 8 
31 3 
18 57 73 
38 10 
64 32 
73 25 
32 9 
8 21 
10 48 
21 15 
17 55 
29 45 
9 62 
25 1 90 
3 83 
55 88 
49 96 
15 
92 41 
62 94 
48 50 
65 39 
33 86 
81 
66 
50 
96 
83 
86 87 
45 
4 
43 
94 71 
74 
39 4 
37 
12 
88 
24 
90 98 
63 
57 
41 
40 
23 61 
95 
87 
56 
99 
54 
60 
2 
71 
61 
76 
6 
97 
1 
98 
30 
# clone tree 23 objective: 6.07942
0 42 
42 43 92 29 75 
75 65 7 
58 60 78 
77 79 
59 58 
79 59 
7 77 
78 2 27 
27 31 11 
11 81 85 51 
51 74 16 
16 22 53 
53 34 84 
70 47 
69 40 13 
84 19 
19 70 
14 95 69 
47 6 14 
34 97 49 28 
13 24 38 68 
28 46 
46 76 44 
44 82 
80 23 20 
68 80 
82 12 91 
20 66 67 
91 30 99 52 
52 33 36 
67 54 72 
35 63 5 
36 35 
72 93 
93 89 
22 37 26 
5 56 18 
89 64 
26 17 
85 8 
31 3 
18 57 73 
38 10 
64 32 
73 25 
32 9 
8 21 
10 48 
21 15 
17 55 
29 45 
9 62 
25 1 90 
3 83 
55 88 
49 96 
15 
92 41 
62 94 
48 50 
65 39 
33 86 
81 
66 
50 
96 
83 
86 87 
45 
4 
43 
94 71 
74 
39 4 
37 
12 
88 
24 
90 98 
63 
57 
41 
40 
23 61 
95 
87 
56 
99 
54 
60 
2 
71 
61 
76 
6 
97 
1 
98 
30 
# clone tree 24 objective: 6.07942
0 42 
42 43 92 29 75 
75 65 7 
58 60 78 
77 79 
59 58 
79 59 
7 77 
78 2 27 
27 31 11 
11 81 85 51 
51 74 16 
16 22 53 
53 34 84 
70 47 
69 40 13 
84 19 
19 70 
14 95 69 
47 6 14 
34 97 49 28 
13 24 38 68 
28 46 
46 76 44 
44 82 
80 23 20 
68 80 
82 12 91 
20 66 67 
91 99 52 
52 33 36 
67 54 72 
35 63 5 
36 35 
72 93 
93 89 
22 37 26 
5 56 18 
89 64 
26 17 
85 8 
31 3 
18 57 73 
38 10 
64 32 
73 25 
32 9 
8 21 
10 48 
21 15 
17 55 
29 45 
9 62 
25 1 90 
3 83 
55 88 
49 30 96 
15 
92 41 
62 94 
48 50 
65 39 
33 86 
81 
66 
50 
96 
83 
86 87 
45 
4 
43 
94 71 
74 
39 4 
37 
12 
88 
24 
90 98 
63 
57 
41 
40 
23 61 
95 
87 
56 
99 
54 
60 
2 
71 
61 
76 
6 
97 
1 
98 
30 
# clone tree 25 objective: 6.07942
0 42 
42 43 92 29 75 
75 65 7 
58 60 78 
77 79 
59 58 
79 59 
7 77 
78 2 27 
27 31 11 
11 81 85 51 
51 74 16 
16 22 53 
53 34 84 
70 47 
69 40 13 
84 19 
19 70 
14 95 69 
47 6 14 
34 97 49 28 
13 24 38 68 
28 46 
46 76 44 
44 82 
80 23 20 
68 80 
82 12 91 
20 66 67 
91 99 52 
52 33 36 
67 54 72 
35 63 5 
36 35 
72 93 
93 89 
22 37 26 
5 56 18 
89 64 
26 17 
85 8 
31 3 
18 57 73 
38 10 
64 32 
73 25 
32 9 
8 21 
10 48 
21 15 
17 55 
29 45 
9 62 
25 1 90 
3 83 
55 88 
49 96 
15 
92 41 
62 94 
48 50 
65 39 
33 86 
81 
66 
50 
96 
83 
86 87 
45 
4 
43 
94 71 
74 
39 4 
37 
12 
88 
24 
90 98 
63 
57 
41 
40 
23 61 
95 
87 
56 
99 
54 
60 30 
2 
71 
61 
76 
6 
97 
1 
98 
30 
# clone tree 26 objective: 6.07942
0 42 
42 43 92 29 75 
75 65 7 
58 60 78 
77 79 
59 58 
79 59 
7 77 
78 2 27 
27 31 11 
11 81 85 51 
51 74 16 
16 22 53 
53 34 84 
70 47 
69 40 13 
84 19 
19 70 
14 95 69 
47 6 14 
34 97 49 28 
13 24 38 68 
28 46 
46 76 44 
44 82 
80 23 20 
68 80 
82 12 91 
20 66 67 
91 99 52 
52 33 36 
67 54 72 
35 63 5 
36 35 
72 93 
93 89 
22 37 26 
5 56 18 
89 64 
26 17 
85 8 
31 3 
18 57 73 
38 10 
64 32 
73 25 
32 30 9 
8 21 
10 48 
21 15 
17 55 
29 45 
9 62 
25 1 90 
3 83 
55 88 
49 96 
15 
92 41 
62 94 
48 50 
65 39 
33 86 
81 
66 
50 
96 
83 
86 87 
45 
4 
43 
94 71 
74 
39 4 
37 
12 
88 
24 
90 98 
63 
57 
41 
40 
23 61 
95 
87 
56 
99 
54 
60 
2 
71 
61 
76 
6 
97 
1 
98 
30 
# clone tree 27 objective: 6.07942
0 42 
42 43 92 29 75 
75 65 7 
58 60 78 
77 79 
59 58 
79 59 
7 77 
78 2 27 
27 31 11 
11 81 85 51 
51 74 16 
16 22 53 
53 34 84 
70 47 
69 40 13 
84 19 
19 70 
14 95 69 
47 6 14 
34 97 49 28 
13 24 38 68 
28 46 
46 76 44 
44 82 
80 23 20 
68 80 
82 30 12 91 
20 66 67 
91 99 52 
52 33 36 
67 54 72 
35 63 5 
36 35 
72 93 
93 89 
22 37 26 
5 56 18 
89 64 
26 17 
85 8 
31 3 
18 57 73 
38 10 
64 32 
73 25 
32 9 
8 21 
10 48 
21 15 
17 55 
29 45 
9 62 
25 1 90 
3 83 
55 88 
49 96 
15 
92 41 
62 94 
48 50 
65 39 
33 86 
81 
66 
50 
96 
83 
86 87 
45 
4 
43 
94 71 
74 
39 4 
37 
12 
88 
24 
90 98 
63 
57 
41 
40 
23 61 
95 
87 
56 
99 
54 
60 
2 
71 
61 
76 
6 
97 
1 
98 
30 
# clone tree 28 objective: 6.07942
0 42 
42 43 92 29 75 
75 65 7 
58 60 78 
77 79 
59 58 
79 59 
7 77 
78 2 27 
27 31 11 
11 81 85 51 
51 74 16 
16 22 53 
53 34 84 
70 47 
69 40 13 
84 19 
19 70 
14 95 69 
47 30 6 14 
34 97 49 28 
13 24 38 68 
28 46 
46 76 44 
44 82 
80 23 20 
68 80 
82 12 91 
20 66 67 
91 99 52 
52 33 36 
67 54 72 
35 63 5 
36 35 
72 93 
93 89 
22 37 26 
5 56 18 
89 64 
26 17 
85 8 
31 3 
18 57 73 
38 10 
64 32 
73 25 
32 9 
8 21 
10 48 
21 15 
17 55 
29 45 
9 62 
25 1 90 
3 83 
55 88 
49 96 
15 
92 41 
62 94 
48 50 
65 39 
33 86 
81 
66 
50 
96 
83 
86 87 
45 
4 
43 
94 71 
74 
39 4 
37 
12 
88 
24 
90 98 
63 
57 
41 
40 
23 61 
95 
87 
56 
99 
54 
60 
2 
71 
61 
76 
6 
97 
1 
98 
30 
# clone tree 29 objective: 6.07942
0 42 
42 43 92 29 75 
75 65 7 
58 60 78 
77 79 
59 58 
79 59 
7 77 
78 2 27 
27 31 11 
11 81 85 51 
51 74 16 
16 22 53 
53 34 84 
70 47 
69 40 13 
84 19 
19 70 
14 95 69 
47 6 14 
34 97 49 28 
13 24 38 68 
28 46 
46 76 44 
44 82 
80 23 20 
68 80 
82 12 91 
20 66 67 
91 99 52 
52 33 36 
67 54 72 
35 63 5 
36 35 
72 93 
93 89 
22 37 26 
5 56 18 
89 64 
26 17 
85 8 
31 3 
18 57 73 
38 10 
64 32 
73 25 
32 9 
8 21 
10 48 
21 15 
17 55 
29 45 
9 62 
25 1 90 
3 83 
55 88 
49 96 
15 
92 41 
62 94 
48 50 
65 39 
33 86 
81 
66 
50 
96 
83 
86 87 
45 
4 
43 
94 71 
74 
39 4 
37 
12 
88 
24 
90 98 
63 
57 
41 
40 
23 61 
95 
87 
56 
99 
54 
60 
2 30 
71 
61 
76 
6 
97 
1 
98 
30 
# clone tree 30 objective: 6.07942
0 42 
42 43 92 29 75 
75 65 7 
58 60 78 
77 79 
59 58 
79 59 
7 77 
78 2 27 
27 31 11 
11 81 85 51 
51 74 16 
16 22 53 
53 34 84 
70 47 
69 40 13 
84 19 
19 70 
14 95 69 
47 6 14 
34 97 49 28 
13 24 38 68 
28 46 
46 76 44 
44 82 
80 23 20 
68 80 
82 12 91 
20 66 67 
91 99 52 
52 33 36 
67 54 72 
35 63 5 
36 35 
72 93 
93 89 
22 37 26 
5 56 18 
89 64 
26 17 
85 8 
31 3 
18 57 73 
38 10 
64 32 
73 25 
32 9 
8 21 
10 48 
21 15 
17 55 
29 45 
9 62 
25 1 90 
3 83 
55 88 
49 96 
15 
92 41 
62 94 
48 50 
65 39 
33 86 
81 
66 
50 
96 
83 
86 87 
45 
4 
43 
94 71 
74 
39 4 
37 
12 
88 
24 
90 98 
63 30 
57 
41 
40 
23 61 
95 
87 
56 
99 
54 
60 
2 
71 
61 
76 
6 
97 
1 
98 
30 
# clone tree 31 objective: 6.07942
0 42 
42 43 92 29 75 
75 65 7 
58 60 78 
77 79 
59 58 
79 59 
7 77 
78 2 27 
27 31 11 
11 81 85 51 
51 74 16 
16 22 53 
53 34 84 
70 47 
69 40 13 
84 19 
19 70 
14 95 69 
47 6 14 
34 97 49 28 
13 24 38 68 
28 46 
46 76 44 
44 82 
80 23 20 
68 80 
82 12 91 
20 66 67 
91 99 52 
52 33 36 
67 54 72 
35 63 5 
36 35 
72 93 
93 89 
22 37 26 
5 56 18 
89 64 
26 17 
85 8 
31 3 
18 57 73 
38 10 
64 32 
73 25 
32 9 
8 21 
10 48 
21 15 
17 55 
29 45 
9 62 
25 1 90 
3 83 
55 88 
49 96 
15 
92 41 
62 94 
48 50 
65 39 
33 86 
81 
66 
50 
96 
83 
86 87 
45 
4 
43 
94 71 
74 
39 4 
37 
12 
88 
24 
90 98 
63 
57 
41 
40 
23 61 
95 
87 
56 
99 
54 
60 
2 
71 
61 30 
76 
6 
97 
1 
98 
30 
# clone tree 32 objective: 6.07942
0 42 
42 43 92 29 75 
75 65 7 
58 60 78 
77 79 
59 58 
79 59 
7 77 
78 2 27 
27 31 11 
11 81 85 51 
51 74 16 
16 22 53 
53 34 84 
70 47 
69 40 13 
84 19 
19 70 
14 95 69 
47 6 14 
34 97 49 28 
13 24 38 68 
28 46 
46 76 44 
44 82 
80 23 20 
68 80 
82 12 91 
20 66 67 
91 99 52 
52 33 36 
67 54 72 
35 63 5 
36 35 
72 93 
93 89 
22 37 26 
5 56 18 
89 64 
26 17 
85 8 
31 3 
18 57 73 
38 10 
64 32 
73 25 
32 9 
8 21 
10 48 
21 15 
17 55 
29 45 
9 62 
25 1 90 
3 83 
55 88 
49 96 
15 
92 41 
62 94 
48 50 
65 39 
33 86 
81 
66 
50 
96 
83 
86 87 
45 
4 
43 
94 71 
74 
39 4 
37 
12 
88 
24 
90 98 
63 
57 
41 
40 
23 61 
95 
87 
56 
99 
54 
60 
2 
71 30 
61 
76 
6 
97 
1 
98 
30 
# clone tree 33 objective: 6.07942
0 42 
42 30 43 92 29 75 
75 65 7 
58 60 78 
77 79 
59 58 
79 59 
7 77 
78 2 27 
27 31 11 
11 81 85 51 
51 74 16 
16 22 53 
53 34 84 
70 47 
69 40 13 
84 19 
19 70 
14 95 69 
47 6 14 
34 49 28 
13 24 38 68 
28 46 
46 76 44 
44 82 
80 98 23 20 
68 80 
82 12 91 
20 66 67 
91 99 52 
52 33 36 
67 54 72 
35 63 5 
36 35 
72 93 
93 97 89 
22 37 26 
5 56 18 
89 64 
26 17 
85 8 
31 3 
18 57 73 
38 10 
64 32 
73 25 
32 9 
8 21 
10 48 
21 15 
17 55 
29 45 
9 62 
25 90 
3 83 
55 88 
49 96 
15 
92 41 
62 94 
48 50 
65 39 
33 86 
81 
66 
50 
96 
83 1 
86 87 
45 
4 
43 
94 71 
74 
39 4 
37 
12 
88 
24 
90 
63 
57 
41 
40 
23 61 
95 
87 
56 
99 
54 
60 
2 
71 
61 
76 
6 
97 
1 
98 
30 
# clone tree 34 objective: 6.07942
0 42 
42 43 92 29 75 
75 65 7 
58 60 78 
77 79 
59 58 
79 59 
7 77 
78 2 27 
27 31 11 
11 81 85 51 
51 74 16 
16 22 53 
53 34 84 
70 47 
69 40 13 
84 19 
19 70 
14 95 69 
47 6 14 
34 97 49 28 
13 24 38 68 
28 46 
46 76 44 
44 82 
80 23 20 
68 80 
82 12 91 
20 66 67 
91 99 52 
52 33 36 
67 54 72 
35 63 5 
36 35 
72 93 
93 89 
22 30 37 26 
5 56 18 
89 64 
26 17 
85 8 
31 3 
18 57 73 
38 10 
64 32 
73 25 
32 9 
8 21 
10 48 
21 15 
17 55 
29 45 
9 62 
25 1 90 
3 83 
55 88 
49 96 
15 
92 41 
62 94 
48 50 
65 39 
33 86 
81 
66 
50 
96 
83 
86 87 
45 
4 
43 
94 71 
74 
39 4 
37 
12 
88 
24 
90 98 
63 
57 
41 
40 
23 61 
95 
87 
56 
99 
54 
60 
2 
71 
61 
76 
6 
97 
1 
98 
30 
# clone tree 35 objective: 6.07942
0 42 
42 43 92 29 75 
75 65 7 
58 60 78 
77 79 
59 58 
79 59 
7 77 
78 2 27 
27 31 11 
11 81 85 51 
51 74 16 
16 22 53 
53 34 84 
70 47 
69 40 13 
84 19 
19 70 
14 95 69 
47 6 14 
34 97 49 28 
13 24 38 68 
28 46 
46 76 44 
44 82 
80 23 20 
68 80 
82 12 91 
20 66 67 
91 99 52 
52 33 36 
67 54 72 
35 63 5 
36 35 
72 93 
93 89 
22 37 26 
5 56 18 
89 64 
26 17 
85 8 
31 3 
18 57 73 
38 10 
64 32 
73 25 
32 9 
8 21 
10 48 
21 15 
17 55 
29 45 
9 62 
25 1 90 
3 83 
55 88 
49 96 
15 
92 41 
62 94 
48 50 
65 39 
33 86 
81 
66 
50 
96 
83 
86 87 
45 
4 
43 
94 71 
74 
39 4 
37 
12 
88 
24 
90 98 
63 
57 30 
41 
40 
23 61 
95 
87 
56 
99 
54 
60 
2 
71 
61 
76 
6 
97 
1 
98 
30 
# clone tree 36 objective: 6.07942
0 42 
42 43 92 29 75 
75 65 7 
58 60 78 
77 79 
59 58 
79 59 
7 77 
78 2 27 
27 31 11 
11 81 85 51 
51 74 16 
16 22 53 
53 34 84 
70 47 
69 40 13 
84 19 
19 70 
14 95 69 
47 6 14 
34 97 49 28 
13 24 38 68 
28 46 
46 76 44 
44 82 
80 23 20 
68 80 
82 12 91 
20 66 67 
91 99 52 
52 33 36 
67 54 72 
35 63 5 
36 35 
72 93 
93 89 
22 37 26 
5 56 18 
89 64 
26 17 
85 8 
31 3 
18 57 73 
38 10 
64 32 
73 25 
32 9 
8 21 
10 48 
21 15 
17 55 
29 45 
9 62 
25 1 90 
3 83 
55 88 
49 96 
15 
92 41 
62 94 
48 50 
65 39 
33 86 
81 
66 
50 
96 
83 
86 87 
45 
4 
43 
94 71 
74 
39 4 
37 
12 
88 
24 
90 98 
63 
57 
41 
40 
23 61 
95 
87 
56 
99 
54 
60 
2 
71 
61 
76 
6 
97 
1 
98 30 
30 
# clone tree 37 objective: 6.07942
0 42 
42 43 92 29 75 
75 65 7 
58 60 78 
77 79 
59 58 
79 59 
7 77 
78 2 27 
27 31 11 
11 81 85 51 
51 74 16 
16 30 22 53 
53 34 84 
70 47 
69 40 13 
84 19 
19 70 
14 95 69 
47 6 14 
34 49 28 
13 24 38 68 
28 46 
46 76 44 
44 82 
80 98 23 20 
68 80 
82 12 91 
20 66 67 
91 99 52 
52 33 36 
67 54 72 
35 63 5 
36 35 
72 93 
93 97 89 
22 37 26 
5 56 18 
89 64 
26 17 
85 8 
31 3 
18 57 73 
38 10 
64 32 
73 25 
32 9 
8 21 
10 48 
21 15 
17 55 
29 45 
9 62 
25 90 
3 83 
55 88 
49 96 
15 
92 41 
62 94 
48 50 
65 39 
33 86 
81 
66 
50 
96 
83 1 
86 87 
45 
4 
43 
94 71 
74 
39 4 
37 
12 
88 
24 
90 
63 
57 
41 
40 
23 61 
95 
87 
56 
99 
54 
60 
2 
71 
61 
76 
6 
97 
1 
98 
30 
# clone tree 38 objective: 6.07942
0 42 
42 43 92 29 75 
75 65 7 
58 60 78 
77 79 
59 58 
79 59 
7 77 
78 2 27 
27 31 11 
11 81 85 51 
51 74 16 
16 22 53 
53 34 84 
70 47 
69 40 13 
84 19 
19 70 
14 95 69 
47 6 14 
34 97 49 28 
13 24 38 68 
28 46 
46 76 44 
44 82 
80 23 20 
68 80 
82 12 91 
20 66 67 
91 99 52 
52 33 36 
67 54 72 
35 63 5 
36 35 
72 93 
93 89 
22 37 26 
5 56 18 
89 64 
26 17 
85 8 
31 3 
18 57 73 
38 10 
64 32 
73 25 
32 9 
8 21 
10 48 
21 15 
17 55 
29 45 
9 62 
25 1 90 
3 83 
55 88 
49 96 
15 
92 41 
62 94 
48 50 
65 39 
33 86 
81 
66 
50 
96 
83 
86 87 
45 
4 
43 
94 71 
74 
39 4 
37 
12 
88 
24 
90 98 
63 
57 
41 
40 30 
23 61 
95 
87 
56 
99 
54 
60 
2 
71 
61 
76 
6 
97 
1 
98 
30 
# clone tree 39 objective: 6.07942
0 42 
42 43 92 29 75 
75 65 7 
58 60 78 
77 79 
59 30 58 
79 59 
7 77 
78 2 27 
27 31 11 
11 81 85 51 
51 74 16 
16 22 53 
53 34 84 
70 47 
69 40 13 
84 19 
19 70 
14 95 69 
47 6 14 
34 49 28 
13 24 38 68 
28 46 
46 76 44 
44 82 
80 98 23 20 
68 80 
82 12 91 
20 66 67 
91 99 52 
52 33 36 
67 54 72 
35 63 5 
36 35 
72 93 
93 97 89 
22 37 26 
5 56 18 
89 64 
26 17 
85 8 
31 3 
18 57 73 
38 10 
64 32 
73 25 
32 9 
8 21 
10 48 
21 15 
17 55 
29 45 
9 62 
25 90 
3 83 
55 88 
49 96 
15 
92 41 
62 94 
48 50 
65 39 
33 86 
81 
66 
50 
96 
83 1 
86 87 
45 
4 
43 
94 71 
74 
39 4 
37 
12 
88 
24 
90 
63 
57 
41 
40 
23 61 
95 
87 
56 
99 
54 
60 
2 
71 
61 
76 
6 
97 
1 
98 
30 
# clone tree 40 objective: 6.07942
0 42 
42 43 92 29 75 
75 65 7 
58 60 78 
77 79 
59 58 
79 59 
7 77 
78 2 27 
27 31 11 
11 81 85 51 
51 74 16 
16 22 53 
53 34 84 
70 47 
69 40 13 
84 19 
19 70 
14 95 69 
47 6 14 
34 97 49 28 
13 24 38 68 
28 46 
46 76 44 
44 82 
80 23 20 
68 80 
82 12 91 
20 66 67 
91 99 52 
52 33 36 
67 54 72 
35 63 5 
36 35 
72 93 
93 89 
22 37 26 
5 56 18 
89 64 
26 17 
85 8 
31 3 
18 57 73 
38 10 
64 32 
73 25 
32 9 
8 21 
10 48 
21 15 
17 55 
29 45 
9 62 
25 1 90 
3 83 
55 88 
49 96 
15 
92 41 
62 94 
48 50 
65 39 
33 86 
81 
66 
50 
96 
83 
86 87 
45 
4 30 
43 
94 71 
74 
39 4 
37 
12 
88 
24 
90 98 
63 
57 
41 
40 
23 61 
95 
87 
56 
99 
54 
60 
2 
71 
61 
76 
6 
97 
1 
98 
30 
# clone tree 41 objective: 6.07942
0 42 
42 43 92 29 75 
75 65 7 
58 60 78 
77 79 
59 58 
79 59 
7 77 
78 2 27 
27 31 11 
11 81 85 51 
51 74 16 
16 22 53 
53 34 84 
70 47 
69 40 13 
84 19 
19 70 
14 95 69 
47 6 14 
34 97 49 28 
13 24 38 68 
28 46 
46 76 44 
44 82 
80 23 20 
68 80 
82 12 91 
20 66 67 
91 99 52 
52 33 36 
67 54 72 
35 63 5 
36 35 
72 93 
93 89 
22 37 26 
5 56 18 
89 64 
26 17 
85 8 
31 3 
18 57 73 
38 10 
64 32 
73 25 
32 9 
8 21 
10 48 
21 15 
17 55 
29 45 
9 62 
25 1 90 
3 83 
55 88 
49 96 
15 
92 41 
62 94 
48 50 
65 39 
33 86 
81 
66 
50 
96 
83 
86 87 
45 
4 
43 
94 71 
74 
39 4 
37 
12 
88 
24 
90 98 
63 
57 
41 30 
40 
23 61 
95 
87 
56 
99 
54 
60 
2 
71 
61 
76 
6 
97 
1 
98 
30 
# clone tree 42 objective: 6.07942
0 42 
42 43 92 29 75 
75 65 7 
58 60 78 
77 79 
59 58 
79 59 
7 77 
78 2 27 
27 30 31 11 
11 81 85 51 
51 74 16 
16 22 53 
53 34 84 
70 47 
69 40 13 
84 19 
19 70 
14 95 69 
47 6 14 
34 97 49 28 
13 24 38 68 
28 46 
46 76 44 
44 82 
80 23 20 
68 80 
82 12 91 
20 66 67 
91 99 52 
52 33 36 
67 54 72 
35 63 5 
36 35 
72 93 
93 89 
22 37 26 
5 56 18 
89 64 
26 17 
85 8 
31 3 
18 57 73 
38 10 
64 32 
73 25 
32 9 
8 21 
10 48 
21 15 
17 55 
29 45 
9 62 
25 1 90 
3 83 
55 88 
49 96 
15 
92 41 
62 94 
48 50 
65 39 
33 86 
81 
66 
50 
96 
83 
86 87 
45 
4 
43 
94 71 
74 
39 4 
37 
12 
88 
24 
90 98 
63 
57 
41 
40 
23 61 
95 
87 
56 
99 
54 
60 
2 
71 
61 
76 
6 
97 
1 
98 
30 
# clone tree 43 objective: 6.07942
0 42 
42 43 92 29 75 
75 65 7 
58 60 78 
77 79 
59 58 
79 59 
7 77 
78 2 27 
27 31 11 
11 81 85 51 
51 74 16 
16 22 53 
53 30 34 84 
70 47 
69 40 13 
84 19 
19 70 
14 95 69 
47 6 14 
34 49 28 
13 24 38 68 
28 46 
46 76 44 
44 82 
80 98 23 20 
68 80 
82 12 91 
20 66 67 
91 99 52 
52 33 36 
67 54 72 
35 63 5 
36 35 
72 93 
93 97 89 
22 37 26 
5 56 18 
89 64 
26 17 
85 8 
31 3 
18 57 73 
38 10 
64 32 
73 25 
32 9 
8 21 
10 48 
21 15 
17 55 
29 45 
9 62 
25 90 
3 83 
55 88 
49 96 
15 
92 41 
62 94 
48 50 
65 39 
33 86 
81 
66 
50 
96 
83 1 
86 87 
45 
4 
43 
94 71 
74 
39 4 
37 
12 
88 
24 
90 
63 
57 
41 
40 
23 61 
95 
87 
56 
99 
54 
60 
2 
71 
61 
76 
6 
97 
1 
98 
30 
# clone tree 44 objective: 6.07942
0 42 
42 43 92 29 75 
75 65 7 
58 60 78 
77 79 
59 58 
79 59 
7 77 
78 2 27 
27 31 11 
11 81 85 51 
51 74 16 
16 22 53 
53 34 84 
70 47 
69 40 13 
84 19 
19 70 
14 95 69 
47 6 14 
34 97 49 28 
13 24 38 68 
28 46 
46 76 44 
44 82 
80 23 20 
68 80 
82 12 91 
20 66 67 
91 99 52 
52 33 36 
67 54 72 
35 63 5 
36 35 
72 93 
93 89 
22 37 26 
5 56 18 
89 64 
26 17 
85 8 
31 3 
18 57 73 
38 10 
64 32 
73 25 
32 9 
8 21 
10 48 
21 15 
17 55 
29 45 
9 62 
25 1 90 
3 83 
55 88 
49 96 
15 
92 41 
62 94 
48 50 
65 39 
33 86 
81 
66 
50 
96 
83 
86 87 
45 
4 
43 30 
94 71 
74 
39 4 
37 
12 
88 
24 
90 98 
63 
57 
41 
40 
23 61 
95 
87 
56 
99 
54 
60 
2 
71 
61 
76 
6 
97 
1 
98 
30 
# clone tree 45 objective: 6.07942
0 42 
42 43 92 29 75 
75 65 7 
58 60 78 
77 79 
59 58 
79 59 
7 77 
78 2 27 
27 31 11 
11 81 85 51 
51 74 16 
16 22 53 
53 34 84 
70 47 
69 40 13 
84 19 
19 70 
14 95 69 
47 6 14 
34 97 49 28 
13 24 38 68 
28 46 
46 76 44 
44 82 
80 23 20 
68 30 80 
82 12 91 
20 66 67 
91 99 52 
52 33 36 
67 54 72 
35 63 5 
36 35 
72 93 
93 89 
22 37 26 
5 56 18 
89 64 
26 17 
85 8 
31 3 
18 57 73 
38 10 
64 32 
73 25 
32 9 
8 21 
10 48 
21 15 
17 55 
29 45 
9 62 
25 1 90 
3 83 
55 88 
49 96 
15 
92 41 
62 94 
48 50 
65 39 
33 86 
81 
66 
50 
96 
83 
86 87 
45 
4 
43 
94 71 
74 
39 4 
37 
12 
88 
24 
90 98 
63 
57 
41 
40 
23 61 
95 
87 
56 
99 
54 
60 
2 
71 
61 
76 
6 
97 
1 
98 
30 
# clone tree 46 objective: 6.07942
0 42 
42 43 92 29 75 
75 65 7 
58 60 78 
77 79 
59 58 
79 59 
7 77 
78 2 27 
27 31 11 
11 81 85 51 
51 74 16 
16 22 53 
53 34 84 
70 47 
69 40 13 
84 19 
19 70 
14 95 69 
47 6 14 
34 97 49 28 
13 24 38 68 
28 46 
46 76 44 
44 82 
80 23 20 
68 80 
82 12 91 
20 66 67 
91 99 52 
52 33 36 
67 54 72 
35 63 5 
36 35 
72 93 
93 89 
22 37 26 
5 56 18 
89 64 
26 17 
85 8 
31 3 
18 57 73 
38 10 
64 32 
73 25 
32 9 
8 21 
10 48 
21 15 
17 55 
29 45 
9 62 
25 1 90 
3 83 
55 88 
49 96 
15 
92 41 
62 94 
48 50 
65 39 
33 86 
81 
66 
50 
96 
83 
86 87 
45 
4 
43 
94 71 
74 
39 4 
37 
12 
88 
24 
90 98 
63 
57 
41 
40 
23 61 
95 
87 
56 
99 30 
54 
60 
2 
71 
61 
76 
6 
97 
1 
98 
30 
# clone tree 47 objective: 6.07942
0 42 
42 43 92 29 75 
75 65 7 
58 60 78 
77 79 
59 58 
79 59 
7 77 
78 2 27 
27 31 11 
11 81 85 51 
51 74 16 
16 22 53 
53 34 84 
70 47 
69 40 13 
84 19 
19 70 
14 30 95 69 
47 6 14 
34 49 28 
13 24 38 68 
28 46 
46 76 44 
44 82 
80 98 23 20 
68 80 
82 12 91 
20 66 67 
91 99 52 
52 33 36 
67 54 72 
35 63 5 
36 35 
72 93 
93 97 89 
22 37 26 
5 56 18 
89 64 
26 17 
85 8 
31 3 
18 57 73 
38 10 
64 32 
73 25 
32 9 
8 21 
10 48 
21 15 
17 55 
29 45 
9 62 
25 90 
3 83 
55 88 
49 96 
15 
92 41 
62 94 
48 50 
65 39 
33 86 
81 
66 
50 
96 
83 1 
86 87 
45 
4 
43 
94 71 
74 
39 4 
37 
12 
88 
24 
90 
63 
57 
41 
40 
23 61 
95 
87 
56 
99 
54 
60 
2 
71 
61 
76 
6 
97 
1 
98 
30 
# clone tree 48 objective: 6.07942
0 42 
42 43 92 29 75 
75 65 7 
58 60 78 
77 79 
59 58 
79 59 
7 77 
78 2 27 
27 31 11 
11 81 85 51 
51 74 16 
16 22 53 
53 34 84 
70 47 
69 40 13 
84 19 
19 30 70 
14 95 69 
47 6 14 
34 97 49 28 
13 24 38 68 
28 46 
46 76 44 
44 82 
80 23 20 
68 80 
82 12 91 
20 66 67 
91 99 52 
52 33 36 
67 54 72 
35 63 5 
36 35 
72 93 
93 89 
22 37 26 
5 56 18 
89 64 
26 17 
85 8 
31 3 
18 57 73 
38 10 
64 32 
73 25 
32 9 
8 21 
10 48 
21 15 
17 55 
29 45 
9 62 
25 1 90 
3 83 
55 88 
49 96 
15 
92 41 
62 94 
48 50 
65 39 
33 86 
81 
66 
50 
96 
83 
86 87 
45 
4 
43 
94 71 
74 
39 4 
37 
12 
88 
24 
90 98 
63 
57 
41 
40 
23 61 
95 
87 
56 
99 
54 
60 
2 
71 
61 
76 
6 
97 
1 
98 
30 
# clone tree 49 objective: 6.07942
0 42 
42 43 92 29 75 
75 65 7 
58 60 78 
77 79 
59 58 
79 59 
7 77 
78 2 27 
27 31 11 
11 81 85 51 
51 74 16 
16 22 53 
53 34 84 
70 47 
69 40 13 
84 19 
19 70 
14 95 69 
47 6 14 
34 49 28 
13 24 38 68 
28 46 
46 76 44 
44 30 82 
80 98 23 20 
68 80 
82 12 91 
20 66 67 
91 99 52 
52 33 36 
67 54 72 
35 63 5 
36 35 
72 93 
93 97 89 
22 37 26 
5 56 18 
89 64 
26 17 
85 8 
31 3 
18 57 73 
38 10 
64 32 
73 25 
32 9 
8 21 
10 48 
21 15 
17 55 
29 45 
9 62 
25 90 
3 83 
55 88 
49 96 
15 
92 41 
62 94 
48 50 
65 39 
33 86 
81 
66 
50 
96 
83 1 
86 87 
45 
4 
43 
94 71 
74 
39 4 
37 
12 
88 
24 
90 
63 
57 
41 
40 
23 61 
95 
87 
56 
99 
54 
60 
2 
71 
61 
76 
6 
97 
1 
98 
30 
# clone tree 50 objective: 6.07942
0 42 
42 43 92 29 75 
75 65 7 
58 60 78 
77 79 
59 58 
79 59 
7 77 
78 2 27 
27 31 11 
11 81 85 51 
51 74 16 
16 22 53 
53 34 84 
70 47 
69 40 13 
84 19 
19 70 
14 95 69 
47 6 14 
34 97 49 28 
13 24 38 68 
28 46 
46 76 44 
44 82 
80 23 20 
68 80 
82 12 91 
20 66 67 
91 99 52 
52 33 36 
67 54 72 
35 63 5 
36 35 
72 93 
93 89 
22 37 26 
5 56 18 
89 64 
26 17 
85 8 
31 3 
18 57 73 
38 10 
64 32 
73 25 
32 9 
8 21 
10 48 
21 15 
17 55 
29 45 
9 62 
25 1 90 
3 83 
55 88 
49 96 
15 
92 41 
62 94 
48 50 
65 39 
33 86 
81 
66 
50 
96 
83 
86 87 
45 
4 
43 
94 71 
74 30 
39 4 
37 
12 
88 
24 
90 98 
63 
57 
41 
40 
23 61 
95 
87 
56 
99 
54 
60 
2 
71 
61 
76 
6 
97 
1 
98 
30 
# clone tree 51 objective: 6.07942
0 30 42 
42 43 92 29 75 
75 65 7 
58 60 78 
77 79 
59 58 
79 59 
7 77 
78 2 27 
27 31 11 
11 81 85 51 
51 74 16 
16 22 53 
53 34 84 
70 47 
69 40 13 
84 19 
19 70 
14 95 69 
47 6 14 
34 49 28 
13 24 38 68 
28 46 
46 76 44 
44 82 
80 98 23 20 
68 80 
82 12 91 
20 66 67 
91 99 52 
52 33 36 
67 54 72 
35 63 5 
36 35 
72 93 
93 97 89 
22 37 26 
5 56 18 
89 64 
26 17 
85 8 
31 3 
18 57 73 
38 10 
64 32 
73 25 
32 9 
8 21 
10 48 
21 15 
17 55 
29 45 
9 62 
25 90 
3 83 
55 88 
49 96 
15 
92 41 
62 94 
48 50 
65 39 
33 86 
81 
66 
50 
96 
83 1 
86 87 
45 
4 
43 
94 71 
74 
39 4 
37 
12 
88 
24 
90 
63 
57 
41 
40 
23 61 
95 
87 
56 
99 
54 
60 
2 
71 
61 
76 
6 
97 
1 
98 
30 
# clone tree 52 objective: 6.07942
0 42 
42 43 92 29 75 
75 65 7 
58 60 78 
77 79 
59 58 
79 59 
7 77 
78 2 27 
27 31 11 
11 81 85 51 
51 74 16 
16 22 53 
53 34 84 
70 47 
69 40 13 
84 19 
19 70 
14 95 69 
47 6 14 
34 97 49 28 
13 24 38 68 
28 46 
46 76 44 
44 82 
80 23 20 
68 80 
82 12 91 
20 66 67 
91 99 52 
52 33 36 
67 54 72 
35 63 5 
36 35 
72 93 
93 89 
22 37 26 
5 56 18 
89 64 
26 17 
85 8 
31 3 
18 57 73 
38 10 
64 32 
73 25 
32 9 
8 21 
10 48 
21 15 
17 55 
29 45 
9 62 
25 1 90 
3 83 
55 88 
49 96 
15 
92 41 
62 94 
48 30 50 
65 39 
33 86 
81 
66 
50 
96 
83 
86 87 
45 
4 
43 
94 71 
74 
39 4 
37 
12 
88 
24 
90 98 
63 
57 
41 
40 
23 61 
95 
87 
56 
99 
54 
60 
2 
71 
61 
76 
6 
97 
1 
98 
30 
# clone tree 53 objective: 6.07942
0 42 
42 43 92 29 75 
75 65 7 
58 60 78 
77 79 
59 58 
79 59 
7 77 
78 2 27 
27 31 11 
11 81 85 51 
51 74 16 
16 22 53 
53 34 84 
70 47 
69 40 13 
84 19 
19 70 
14 95 69 
47 6 14 
34 49 28 
13 24 38 68 
28 30 46 
46 76 44 
44 82 
80 98 23 20 
68 80 
82 12 91 
20 66 67 
91 99 52 
52 33 36 
67 54 72 
35 63 5 
36 35 
72 93 
93 97 89 
22 37 26 
5 56 18 
89 64 
26 17 
85 8 
31 3 
18 57 73 
38 10 
64 32 
73 25 
32 9 
8 21 
10 48 
21 15 
17 55 
29 45 
9 62 
25 90 
3 83 
55 88 
49 96 
15 
92 41 
62 94 
48 50 
65 39 
33 86 
81 
66 
50 
96 
83 1 
86 87 
45 
4 
43 
94 71 
74 
39 4 
37 
12 
88 
24 
90 
63 
57 
41 
40 
23 61 
95 
87 
56 
99 
54 
60 
2 
71 
61 
76 
6 
97 
1 
98 
30 
# clone tree 54 objective: 6.07942
0 42 
42 43 92 29 75 
75 65 7 
58 60 78 
77 79 
59 58 
79 59 
7 77 
78 2 27 
27 31 11 
11 81 85 51 
51 74 16 
16 22 53 
53 34 84 
70 47 
69 40 13 
84 19 
19 70 
14 95 69 
47 6 14 
34 97 49 28 
13 24 38 68 
28 46 
46 76 44 
44 82 
80 23 20 
68 80 
82 12 91 
20 66 67 
91 99 52 
52 33 36 
67 54 72 
35 63 5 
36 35 
72 93 
93 89 
22 37 26 
5 56 18 
89 64 
26 17 
85 8 
31 3 
18 57 73 
38 10 
64 32 
73 25 
32 9 
8 21 
10 48 
21 15 
17 55 
29 45 
9 62 
25 1 90 
3 83 
55 88 
49 96 
15 
92 41 
62 94 
48 50 
65 39 
33 86 
81 
66 
50 
96 
83 
86 87 
45 
4 
43 
94 30 71 
74 
39 4 
37 
12 
88 
24 
90 98 
63 
57 
41 
40 
23 61 
95 
87 
56 
99 
54 
60 
2 
71 
61 
76 
6 
97 
1 
98 
30 
# clone tree 55 objective: 6.07942
0 42 
42 43 92 29 75 
75 65 7 
58 60 78 
77 79 
59 58 
79 59 
7 77 
78 2 27 
27 31 11 
11 81 85 51 
51 74 16 
16 22 53 
53 34 84 
70 47 
69 40 13 
84 19 
19 30 70 
14 95 69 
47 6 14 
34 49 28 
13 24 38 68 
28 46 
46 76 44 
44 82 
80 98 23 20 
68 80 
82 12 91 
20 66 67 
91 99 52 
52 33 36 
67 54 72 
35 63 5 
36 35 
72 93 
93 97 89 
22 37 26 
5 56 18 
89 64 
26 17 
85 8 
31 3 
18 57 73 
38 10 
64 32 
73 25 
32 9 
8 21 
10 48 
21 15 
17 55 
29 45 
9 62 
25 90 
3 83 
55 88 
49 96 
15 
92 41 
62 94 
48 50 
65 39 
33 86 
81 
66 
50 
96 
83 1 
86 87 
45 
4 
43 
94 71 
74 
39 4 
37 
12 
88 
24 
90 
63 
57 
41 
40 
23 61 
95 
87 
56 
99 
54 
60 
2 
71 
61 
76 
6 
97 
1 
98 
30 
# clone tree 56 objective: 6.07942
0 42 
42 43 92 29 75 
75 65 7 
58 60 78 
77 79 
59 58 
79 59 
7 77 
78 2 27 
27 31 11 
11 81 85 51 
51 74 16 
16 22 53 
53 34 84 
70 47 
69 40 13 
84 19 
19 70 
14 95 69 
47 6 14 
34 97 49 28 
13 24 38 68 
28 46 
46 76 44 
44 82 
80 23 20 
68 80 
82 12 91 
20 66 67 
91 99 52 
52 33 36 
67 54 72 
35 63 5 
36 35 
72 93 
93 89 
22 37 26 
5 56 18 
89 64 
26 17 
85 8 
31 3 
18 57 73 
38 10 
64 32 
73 25 
32 9 
8 21 
10 48 
21 15 
17 55 
29 45 
9 62 
25 1 90 
3 83 
55 88 
49 96 
15 
92 41 
62 94 
48 50 
65 39 
33 86 
81 
66 
50 
96 
83 
86 87 
45 
4 
43 
94 71 
74 
39 4 
37 
12 
88 
24 
90 98 
63 
57 
41 
40 
23 61 
95 
87 
56 
99 
54 
60 
2 
71 
61 
76 
6 30 
97 
1 
98 
30 
# clone tree 57 objective: 6.07942
0 42 
42 43 92 29 75 
75 65 7 
58 60 78 
77 79 
59 58 
79 59 
7 77 
78 2 27 
27 31 11 
11 81 85 51 
51 74 16 
16 22 53 
53 34 84 
70 47 
69 40 13 
84 19 
19 70 
14 95 69 
47 6 14 
34 49 28 
13 24 38 68 
28 46 
46 76 44 
44 82 
80 98 23 20 
68 80 
82 12 91 
20 66 67 
91 99 52 
52 33 36 
67 54 72 
35 63 5 
36 35 
72 30 93 
93 97 89 
22 37 26 
5 56 18 
89 64 
26 17 
85 8 
31 3 
18 57 73 
38 10 
64 32 
73 25 
32 9 
8 21 
10 48 
21 15 
17 55 
29 45 
9 62 
25 90 
3 83 
55 88 
49 96 
15 
92 41 
62 94 
48 50 
65 39 
33 86 
81 
66 
50 
96 
83 1 
86 87 
45 
4 
43 
94 71 
74 
39 4 
37 
12 
88 
24 
90 
63 
57 
41 
40 
23 61 
95 
87 
56 
99 
54 
60 
2 
71 
61 
76 
6 
97 
1 
98 
30 
# clone tree 58 objective: 6.07942
0 42 
42 43 92 29 75 
75 65 7 
58 60 78 
77 79 
59 58 
79 59 
7 77 
78 2 27 
27 31 11 
11 81 85 51 
51 74 16 
16 22 53 
53 34 84 
70 47 
69 40 13 
84 19 
19 70 
14 95 69 
47 6 14 
34 97 49 28 
13 24 38 68 
28 46 
46 76 44 
44 82 
80 23 20 
68 80 
82 12 91 
20 66 67 
91 99 52 
52 33 36 
67 54 72 
35 63 5 
36 35 
72 93 
93 89 
22 37 26 
5 56 18 
89 64 
26 17 
85 8 
31 3 
18 57 73 
38 10 
64 32 
73 25 
32 9 
8 21 
10 48 
21 15 
17 55 
29 45 
9 62 
25 1 90 
3 83 
55 88 
49 96 
15 
92 41 
62 94 
48 50 
65 30 39 
33 86 
81 
66 
50 
96 
83 
86 87 
45 
4 
43 
94 71 
74 
39 4 
37 
12 
88 
24 
90 98 
63 
57 
41 
40 
23 61 
95 
87 
56 
99 
54 
60 
2 
71 
61 
76 
6 
97 
1 
98 
30 
# clone tree 59 objective: 6.07942
0 42 
42 43 92 29 75 
75 65 7 
58 60 78 
77 79 
59 58 
79 59 
7 77 
78 2 27 
27 31 11 
11 81 85 51 
51 74 16 
16 22 53 
53 34 84 
70 47 
69 40 13 
84 19 
19 70 
14 95 69 
47 6 14 
34 97 49 28 
13 24 38 68 
28 46 
46 76 44 
44 82 
80 23 20 
68 80 
82 12 91 
20 66 67 
91 99 52 
52 33 36 
67 54 72 
35 63 5 
36 35 
72 93 
93 89 
22 37 26 
5 56 18 
89 64 
26 17 
85 8 
31 3 
18 57 73 
38 10 
64 32 
73 25 
32 9 
8 21 
10 48 
21 15 
17 55 
29 45 
9 62 
25 1 90 
3 83 
55 88 
49 96 
15 
92 41 
62 94 
48 50 
65 39 
33 86 
81 
66 
50 
96 
83 
86 87 
45 
4 
43 
94 71 
74 
39 4 
37 
12 
88 
24 30 
90 98 
63 
57 
41 
40 
23 61 
95 
87 
56 
99 
54 
60 
2 
71 
61 
76 
6 
97 
1 
98 
30 
# clone tree 60 objective: 6.07942
0 42 
42 43 92 29 75 
75 65 7 
58 60 78 
77 79 
59 58 
79 59 
7 77 
78 2 27 
27 31 11 
11 81 85 51 
51 74 16 
16 22 53 
53 34 84 
70 47 
69 40 13 
84 19 
19 70 
14 95 69 
47 6 14 
34 97 49 28 
13 24 38 68 
28 46 
46 76 44 
44 82 
80 23 20 
68 80 
82 12 91 
20 66 67 
91 99 52 
52 33 36 
67 54 72 
35 63 5 
36 35 
72 93 
93 89 
22 37 26 
5 56 18 
89 64 
26 17 
85 8 
31 3 
18 57 73 
38 10 
64 32 
73 25 
32 9 
8 21 
10 48 
21 15 
17 55 
29 45 
9 62 
25 1 90 
3 83 
55 88 
49 96 
15 
92 41 
62 94 
48 50 
65 39 
33 86 
81 
66 
50 
96 
83 
86 87 
45 
4 
43 
94 71 
74 
39 4 
37 
12 
88 
24 
90 98 
63 
57 
41 
40 
23 61 
95 
87 
56 
99 
54 
60 
2 
71 
61 
76 30 
6 
97 
1 
98 
30 
# clone tree 61 objective: 6.07942
0 42 
42 43 92 29 75 
75 65 7 
58 60 78 
77 79 
59 58 
79 59 
7 77 
78 2 27 
27 31 11 
11 81 85 51 
51 74 16 
16 22 53 
53 34 84 
70 47 
69 40 13 
84 19 
19 70 
14 95 69 
47 6 14 
34 49 28 
13 24 38 68 
28 46 
46 30 76 44 
44 82 
80 98 23 20 
68 80 
82 12 91 
20 66 67 
91 99 52 
52 33 36 
67 54 72 
35 63 5 
36 35 
72 93 
93 97 89 
22 37 26 
5 56 18 
89 64 
26 17 
85 8 
31 3 
18 57 73 
38 10 
64 32 
73 25 
32 9 
8 21 
10 48 
21 15 
17 55 
29 45 
9 62 
25 90 
3 83 
55 88 
49 96 
15 
92 41 
62 94 
48 50 
65 39 
33 86 
81 
66 
50 
96 
83 1 
86 87 
45 
4 
43 
94 71 
74 
39 4 
37 
12 
88 
24 
90 
63 
57 
41 
40 
23 61 
95 
87 
56 
99 
54 
60 
2 
71 
61 
76 
6 
97 
1 
98 
30 
# clone tree 62 objective: 6.07942
0 42 
42 43 92 29 75 
75 65 7 
58 60 78 
77 79 
59 58 
79 59 
7 77 
78 2 27 
27 31 11 
11 81 85 51 
51 74 16 
16 22 53 
53 34 84 
70 47 
69 40 13 
84 19 
19 70 
14 95 69 
47 6 14 
34 97 49 28 
13 24 38 68 
28 46 
46 76 44 
44 82 
80 23 20 
68 80 
82 12 91 
20 66 67 
91 99 52 
52 33 36 
67 54 72 
35 63 5 
36 35 
72 93 
93 89 
22 37 26 
5 56 18 
89 64 
26 17 
85 8 
31 3 
18 57 73 
38 10 
64 32 
73 25 
32 9 
8 21 
10 48 
21 15 
17 55 
29 45 
9 62 
25 1 90 
3 83 
55 88 
49 96 
15 
92 41 
62 94 
48 50 
65 39 
33 86 
81 30 
66 
50 
96 
83 
86 87 
45 
4 
43 
94 71 
74 
39 4 
37 
12 
88 
24 
90 98 
63 
57 
41 
40 
23 61 
95 
87 
56 
99 
54 
60 
2 
71 
61 
76 
6 
97 
1 
98 
30 
# clone tree 63 objective: 6.07942
0 42 
42 43 92 29 75 
75 65 7 
58 60 78 
77 79 
59 58 
79 59 
7 77 
78 2 27 
27 31 11 
11 81 85 51 
51 74 16 
16 22 53 
53 34 84 
70 47 
69 40 13 
84 19 
19 70 
14 95 69 
47 6 14 
34 97 49 28 
13 24 38 68 
28 46 
46 76 44 
44 82 
80 23 20 
68 80 
82 12 91 
20 66 67 
91 99 52 
52 33 36 
67 54 72 
35 63 5 
36 35 
72 93 
93 89 
22 37 26 
5 56 18 
89 64 
26 17 
85 8 
31 3 
18 57 73 
38 10 
64 32 
73 25 
32 9 
8 21 
10 48 
21 15 
17 55 
29 45 
9 62 
25 1 90 
3 83 
55 88 
49 96 
15 
92 41 
62 94 
48 50 
65 39 
33 86 
81 
66 
50 
96 
83 
86 87 
45 
4 
43 
94 71 
74 
39 4 
37 
12 
88 
24 
90 98 
63 
57 
41 
40 
23 61 
95 30 
87 
56 
99 
54 
60 
2 
71 
61 
76 
6 
97 
1 
98 
30 
# clone tree 64 objective: 6.07942
0 42 
42 43 92 29 75 
75 65 7 
58 60 78 
77 79 
59 58 
79 59 
7 77 
78 2 27 
27 31 11 
11 81 85 51 
51 74 16 
16 22 53 
53 34 84 
70 47 
69 40 13 
84 19 
19 70 
14 95 69 
47 6 14 
34 97 49 28 
13 24 38 68 
28 46 
46 76 44 
44 82 
80 23 20 
68 80 
82 12 91 
20 66 67 
91 99 52 
52 33 36 
67 54 72 
35 63 5 
36 35 
72 93 
93 89 
22 37 26 
5 56 18 
89 64 
26 17 
85 8 
31 3 
18 57 73 
38 10 
64 32 
73 25 
32 9 
8 21 
10 48 
21 15 
17 30 55 
29 45 
9 62 
25 1 90 
3 83 
55 88 
49 96 
15 
92 41 
62 94 
48 50 
65 39 
33 86 
81 
66 
50 
96 
83 
86 87 
45 
4 
43 
94 71 
74 
39 4 
37 
12 
88 
24 
90 98 
63 
57 
41 
40 
23 61 
95 
87 
56 
99 
54 
60 
2 
71 
61 
76 
6 
97 
1 
98 
30 
# clone tree 65 objective: 6.07942
0 42 
42 43 92 29 75 
75 65 7 
58 60 78 
77 79 
59 58 
79 59 
7 77 
78 2 27 
27 31 11 
11 81 85 51 
51 74 16 
16 22 53 
53 34 84 
70 47 
69 30 40 13 
84 19 
19 70 
14 95 69 
47 6 14 
34 49 28 
13 24 38 68 
28 46 
46 76 44 
44 82 
80 98 23 20 
68 80 
82 12 91 
20 66 67 
91 99 52 
52 33 36 
67 54 72 
35 63 5 
36 35 
72 93 
93 97 89 
22 37 26 
5 56 18 
89 64 
26 17 
85 8 
31 3 
18 57 73 
38 10 
64 32 
73 25 
32 9 
8 21 
10 48 
21 15 
17 55 
29 45 
9 62 
25 90 
3 83 
55 88 
49 96 
15 
92 41 
62 94 
48 50 
65 39 
33 86 
81 
66 
50 
96 
83 1 
86 87 
45 
4 
43 
94 71 
74 
39 4 
37 
12 
88 
24 
90 
63 
57 
41 
40 
23 61 
95 
87 
56 
99 
54 
60 
2 
71 
61 
76 
6 
97 
1 
98 
30 
# clone tree 66 objective: 6.07942
0 42 
42 43 92 29 75 
75 65 7 
58 60 78 
77 79 
59 58 
79 59 
7 77 
78 2 27 
27 31 11 
11 81 85 51 
51 74 16 
16 22 53 
53 34 84 
70 47 
69 40 13 
84 19 
19 70 
14 95 69 
47 6 14 
34 97 49 28 
13 24 38 68 
28 46 
46 76 44 
44 82 
80 23 20 
68 80 
82 12 91 
20 66 67 
91 99 52 
52 33 36 
67 54 72 
35 63 5 
36 35 
72 93 
93 89 
22 37 26 
5 56 18 
89 64 
26 17 
85 8 
31 3 
18 57 73 
38 10 
64 32 
73 25 
32 9 
8 21 
10 48 
21 15 
17 55 
29 30 45 
9 62 
25 1 90 
3 83 
55 88 
49 96 
15 
92 41 
62 94 
48 50 
65 39 
33 86 
81 
66 
50 
96 
83 
86 87 
45 
4 
43 
94 71 
74 
39 4 
37 
12 
88 
24 
90 98 
63 
57 
41 
40 
23 61 
95 
87 
56 
99 
54 
60 
2 
71 
61 
76 
6 
97 
1 
98 
30 
# clone tree 67 objective: 6.07942
0 42 
42 43 92 29 75 
75 65 7 
58 60 78 
77 79 
59 58 
79 59 
7 77 
78 2 27 
27 31 11 
11 81 85 51 
51 74 16 
16 22 53 
53 34 84 
70 47 
69 40 13 
84 19 
19 70 
14 95 69 
47 6 14 
34 97 49 28 
13 24 38 68 
28 46 
46 76 44 
44 82 
80 23 20 
68 80 
82 12 91 
20 66 67 
91 99 52 
52 33 36 
67 54 72 
35 63 5 
36 35 
72 93 
93 89 
22 37 26 
5 56 18 
89 64 
26 17 
85 8 
31 3 
18 57 73 
38 10 
64 32 
73 25 
32 9 
8 21 
10 48 
21 15 
17 55 
29 45 
9 62 
25 1 90 
3 83 
55 88 
49 96 
15 
92 41 
62 94 
48 50 
65 39 
33 86 
81 
66 
50 
96 
83 
86 30 87 
45 
4 
43 
94 71 
74 
39 4 
37 
12 
88 
24 
90 98 
63 
57 
41 
40 
23 61 
95 
87 
56 
99 
54 
60 
2 
71 
61 
76 
6 
97 
1 
98 
30 
# clone tree 68 objective: 6.07942
0 42 
42 43 92 29 75 
75 65 7 
58 60 78 
77 79 
59 58 
79 59 
7 77 
78 2 27 
27 31 11 
11 81 85 51 
51 74 16 
16 22 53 
53 34 84 
70 47 
69 40 13 
84 19 
19 70 
14 95 69 
47 6 14 
34 97 49 28 
13 24 38 68 
28 46 
46 76 44 
44 82 
80 23 20 
68 80 
82 12 91 
20 66 67 
91 99 52 
52 33 36 
67 54 72 
35 63 5 
36 35 
72 93 
93 89 
22 37 26 
5 56 18 
89 64 
26 17 
85 8 
31 3 
18 57 73 
38 10 
64 32 
73 25 
32 9 
8 21 
10 48 
21 15 
17 55 
29 45 
9 62 
25 1 90 
3 83 
55 88 
49 96 
15 
92 41 
62 94 
48 50 
65 39 
33 86 
81 
66 
50 
96 
83 
86 87 
45 
4 
43 
94 71 
74 
39 4 
37 
12 
88 
24 
90 98 
63 
57 
41 
40 
23 30 61 
95 
87 
56 
99 
54 
60 
2 
71 
61 
76 
6 
97 
1 
98 
30 
# clone tree 69 objective: 6.07942
0 42 
42 43 92 29 75 
75 65 7 
58 60 78 
77 79 
59 58 
79 59 
7 77 
78 2 27 
27 31 11 
11 81 85 51 
51 74 16 
16 22 53 
53 34 84 
70 47 
69 40 13 
84 19 
19 70 
14 95 69 
47 6 14 
34 49 28 
13 24 38 68 
28 46 
46 76 44 
44 82 
80 98 23 20 
68 80 
82 12 91 
20 66 67 
91 99 52 
52 33 36 
67 54 72 
35 30 63 5 
36 35 
72 93 
93 97 89 
22 37 26 
5 56 18 
89 64 
26 17 
85 8 
31 3 
18 57 73 
38 10 
64 32 
73 25 
32 9 
8 21 
10 48 
21 15 
17 55 
29 45 
9 62 
25 90 
3 83 
55 88 
49 96 
15 
92 41 
62 94 
48 50 
65 39 
33 86 
81 
66 
50 
96 
83 1 
86 87 
45 
4 
43 
94 71 
74 
39 4 
37 
12 
88 
24 
90 
63 
57 
41 
40 
23 61 
95 
87 
56 
99 
54 
60 
2 
71 
61 
76 
6 
97 
1 
98 
30 
# clone tree 70 objective: 6.07942
0 42 
42 43 92 29 75 
75 65 7 
58 60 78 
77 79 
59 58 
79 59 
7 77 
78 2 27 
27 31 11 
11 81 85 51 
51 74 16 
16 22 53 
53 34 84 
70 47 
69 40 13 
84 19 
19 70 
14 95 69 
47 6 14 
34 97 49 28 
13 24 38 68 
28 46 
46 76 44 
44 82 
80 23 20 
68 80 
82 12 91 
20 66 67 
91 99 52 
52 33 36 
67 54 72 
35 63 5 
36 35 
72 93 
93 89 
22 37 26 
5 56 18 
89 64 
26 17 
85 8 
31 3 
18 57 73 
38 10 
64 32 
73 25 
32 9 
8 21 
10 48 
21 15 
17 55 
29 45 
9 62 
25 1 90 
3 83 
55 88 
49 96 
15 
92 41 
62 94 
48 50 
65 39 
33 30 86 
81 
66 
50 
96 
83 
86 87 
45 
4 
43 
94 71 
74 
39 4 
37 
12 
88 
24 
90 98 
63 
57 
41 
40 
23 61 
95 
87 
56 
99 
54 
60 
2 
71 
61 
76 
6 
97 
1 
98 
30 
# clone tree 71 objective: 6.07942
0 42 
42 43 92 29 75 
75 65 7 
58 60 78 
77 79 
59 58 
79 59 
7 77 
78 2 27 
27 31 11 
11 81 85 51 
51 74 16 
16 22 53 
53 34 84 
70 47 
69 40 13 
84 19 
19 70 
14 95 69 
47 6 14 
34 97 49 28 
13 24 38 68 
28 46 
46 76 44 
44 82 
80 23 20 
68 80 
82 12 91 
20 66 67 
91 99 52 
52 33 36 
67 54 72 
35 63 5 
36 35 
72 93 
93 89 
22 37 26 
5 56 18 
89 64 
26 17 
85 8 
31 3 
18 57 73 
38 10 
64 32 
73 25 
32 9 
8 21 
10 48 
21 15 
17 55 
29 45 
9 62 
25 1 90 
3 83 
55 88 
49 96 
15 
92 41 
62 94 
48 50 
65 39 
33 86 
81 
66 
50 
96 
83 
86 87 
45 
4 
43 
94 71 
74 
39 4 
37 30 
12 
88 
24 
90 98 
63 
57 
41 
40 
23 61 
95 
87 
56 
99 
54 
60 
2 
71 
61 
76 
6 
97 
1 
98 
30 
# clone tree 72 objective: 6.07942
0 42 
42 43 92 29 75 
75 65 7 
58 60 78 
77 79 
59 58 
79 59 
7 77 
78 2 27 
27 31 11 
11 81 85 51 
51 74 16 
16 22 53 
53 34 84 
70 47 
69 40 13 
84 19 
19 70 
14 95 69 
47 6 14 
34 97 49 28 
13 24 38 68 
28 46 
46 76 44 
44 82 
80 23 20 
68 80 
82 12 91 
20 66 67 
91 99 52 
52 33 36 
67 54 72 
35 63 5 
36 35 
72 93 
93 89 
22 37 26 
5 56 18 
89 64 
26 17 
85 8 
31 3 
18 57 73 
38 10 
64 32 
73 25 
32 9 
8 21 
10 48 
21 15 
17 55 
29 45 
9 62 
25 30 1 90 
3 83 
55 88 
49 96 
15 
92 41 
62 94 
48 50 
65 39 
33 86 
81 
66 
50 
96 
83 
86 87 
45 
4 
43 
94 71 
74 
39 4 
37 
12 
88 
24 
90 98 
63 
57 
41 
40 
23 61 
95 
87 
56 
99 
54 
60 
2 
71 
61 
76 
6 
97 
1 
98 
30 
# clone tree 73 objective: 6.07942
0 42 
42 43 92 29 75 
75 65 7 
58 60 78 
77 79 
59 58 
79 59 
7 77 
78 2 27 
27 31 11 
11 81 85 51 
51 74 16 
16 22 53 
53 34 84 
70 47 
69 40 13 
84 19 
19 70 
14 95 69 
47 6 14 
34 49 28 
13 24 38 68 
28 46 
46 76 44 
44 82 
80 98 23 20 
68 80 
82 12 91 
20 30 66 67 
91 99 52 
52 33 36 
67 54 72 
35 63 5 
36 35 
72 93 
93 97 89 
22 37 26 
5 56 18 
89 64 
26 17 
85 8 
31 3 
18 57 73 
38 10 
64 32 
73 25 
32 9 
8 21 
10 48 
21 15 
17 55 
29 45 
9 62 
25 90 
3 83 
55 88 
49 96 
15 
92 41 
62 94 
48 50 
65 39 
33 86 
81 
66 
50 
96 
83 1 
86 87 
45 
4 
43 
94 71 
74 
39 4 
37 
12 
88 
24 
90 
63 
57 
41 
40 
23 61 
95 
87 
56 
99 
54 
60 
2 
71 
61 
76 
6 
97 
1 
98 
30 
# clone tree 74 objective: 6.07942
0 42 
42 43 92 29 75 
75 65 7 
58 60 78 
77 79 
59 58 
79 59 
7 77 
78 2 27 
27 31 11 
11 81 85 51 
51 74 16 
16 22 53 
53 34 84 
70 47 
69 40 13 
84 19 
19 70 
14 95 69 
47 6 14 
34 97 49 28 
13 24 38 68 
28 46 
46 76 44 
44 82 
80 23 20 
68 80 
82 12 91 
20 66 67 
91 99 52 
52 33 36 
67 54 72 
35 63 5 
36 35 
72 93 
93 89 
22 37 26 
5 56 18 
89 64 
26 17 
85 8 
31 30 3 
18 57 73 
38 10 
64 32 
73 25 
32 9 
8 21 
10 48 
21 15 
17 55 
29 45 
9 62 
25 1 90 
3 83 
55 88 
49 96 
15 
92 41 
62 94 
48 50 
65 39 
33 86 
81 
66 
50 
96 
83 
86 87 
45 
4 
43 
94 71 
74 
39 4 
37 
12 
88 
24 
90 98 
63 
57 
41 
40 
23 61 
95 
87 
56 
99 
54 
60 
2 
71 
61 
76 
6 
97 
1 
98 
30 
# clone tree 75 objective: 6.07942
0 42 
42 43 92 29 75 
75 65 7 
58 60 78 
77 79 
59 58 
79 59 
7 77 
78 2 27 
27 31 11 
11 81 85 51 
51 74 16 
16 22 53 
53 34 84 
70 47 
69 40 13 
84 30 19 
19 70 
14 95 69 
47 6 14 
34 97 49 28 
13 24 38 68 
28 46 
46 76 44 
44 82 
80 23 20 
68 80 
82 12 91 
20 66 67 
91 99 52 
52 33 36 
67 54 72 
35 63 5 
36 35 
72 93 
93 89 
22 37 26 
5 56 18 
89 64 
26 17 
85 8 
31 3 
18 57 73 
38 10 
64 32 
73 25 
32 9 
8 21 
10 48 
21 15 
17 55 
29 45 
9 62 
25 1 90 
3 83 
55 88 
49 96 
15 
92 41 
62 94 
48 50 
65 39 
33 86 
81 
66 
50 
96 
83 
86 87 
45 
4 
43 
94 71 
74 
39 4 
37 
12 
88 
24 
90 98 
63 
57 
41 
40 
23 61 
95 
87 
56 
99 
54 
60 
2 
71 
61 
76 
6 
97 
1 
98 
30 
# clone tree 76 objective: 6.07942
0 42 
42 43 92 29 75 
75 65 7 
58 60 78 
77 79 
59 58 
79 59 
7 77 
78 2 27 
27 31 11 
11 81 85 51 
51 74 16 
16 22 53 
53 34 84 
70 47 
69 40 13 
84 19 
19 70 
14 95 69 
47 6 14 
34 97 49 28 
13 24 38 68 
28 46 
46 76 44 
44 82 
80 23 20 
68 80 
82 12 91 
20 66 67 
91 99 52 
52 33 36 
67 54 72 
35 63 5 
36 35 
72 93 
93 89 
22 37 26 
5 56 18 
89 64 
26 17 
85 30 8 
31 3 
18 57 73 
38 10 
64 32 
73 25 
32 9 
8 21 
10 48 
21 15 
17 55 
29 45 
9 62 
25 1 90 
3 83 
55 88 
49 96 
15 
92 41 
62 94 
48 50 
65 39 
33 86 
81 
66 
50 
96 
83 
86 87 
45 
4 
43 
94 71 
74 
39 4 
37 
12 
88 
24 
90 98 
63 
57 
41 
40 
23 61 
95 
87 
56 
99 
54 
60 
2 
71 
61 
76 
6 
97 
1 
98 
30 
# clone tree 77 objective: 6.07942
0 42 
42 43 92 29 75 
75 65 7 
58 60 78 
77 79 
59 58 
79 59 
7 77 
78 2 27 
27 31 11 
11 81 85 51 
51 30 74 16 
16 22 53 
53 34 84 
70 47 
69 40 13 
84 19 
19 70 
14 95 69 
47 6 14 
34 49 28 
13 24 38 68 
28 46 
46 76 44 
44 82 
80 98 23 20 
68 80 
82 12 91 
20 66 67 
91 99 52 
52 33 36 
67 54 72 
35 63 5 
36 35 
72 93 
93 97 89 
22 37 26 
5 56 18 
89 64 
26 17 
85 8 
31 3 
18 57 73 
38 10 
64 32 
73 25 
32 9 
8 21 
10 48 
21 15 
17 55 
29 45 
9 62 
25 90 
3 83 
55 88 
49 96 
15 
92 41 
62 94 
48 50 
65 39 
33 86 
81 
66 
50 
96 
83 1 
86 87 
45 
4 
43 
94 71 
74 
39 4 
37 
12 
88 
24 
90 
63 
57 
41 
40 
23 61 
95 
87 
56 
99 
54 
60 
2 
71 
61 
76 
6 
97 
1 
98 
30 
# clone tree 78 objective: 6.07942
0 42 
42 43 92 29 75 
75 65 7 
58 60 78 
77 79 
59 58 
79 59 
7 77 
78 2 27 
27 31 11 
11 81 85 51 
51 74 16 
16 22 53 
53 34 84 
70 47 
69 40 13 
84 19 
19 70 
14 95 69 
47 6 14 
34 97 49 28 
13 24 38 68 
28 46 
46 76 44 
44 82 
80 23 20 
68 80 
82 12 91 
20 66 67 
91 99 52 
52 33 36 
67 54 72 
35 63 5 
36 35 
72 93 
93 89 
22 37 26 
5 56 18 
89 64 
26 17 
85 8 
31 3 
18 57 73 
38 10 
64 32 
73 25 
32 9 
8 21 
10 48 
21 15 
17 55 
29 45 
9 62 
25 1 90 
3 83 
55 88 
49 96 
15 
92 41 
62 94 
48 50 
65 39 
33 86 
81 
66 
50 
96 
83 
86 87 
45 
4 
43 
94 71 
74 
39 30 4 
37 
12 
88 
24 
90 98 
63 
57 
41 
40 
23 61 
95 
87 
56 
99 
54 
60 
2 
71 
61 
76 
6 
97 
1 
98 
30 
# clone tree 79 objective: 6.07942
0 42 
42 43 92 29 75 
75 65 7 
58 60 78 
77 79 
59 58 
79 59 
7 77 
78 2 27 
27 31 11 
11 81 85 51 
51 74 16 
16 22 53 
53 34 84 
70 47 
69 40 13 
84 19 
19 70 
14 95 69 
47 6 14 
34 49 28 
13 24 38 68 
28 46 
46 76 44 
44 82 
80 98 23 20 
68 80 
82 12 91 
20 66 67 
91 99 52 
52 33 36 
67 54 72 
35 63 5 
36 30 35 
72 93 
93 97 89 
22 37 26 
5 56 18 
89 64 
26 17 
85 8 
31 3 
18 57 73 
38 10 
64 32 
73 25 
32 9 
8 21 
10 48 
21 15 
17 55 
29 45 
9 62 
25 90 
3 83 
55 88 
49 96 
15 
92 41 
62 94 
48 50 
65 39 
33 86 
81 
66 
50 
96 
83 1 
86 87 
45 
4 
43 
94 71 
74 
39 4 
37 
12 
88 
24 
90 
63 
57 
41 
40 
23 61 
95 
87 
56 
99 
54 
60 
2 
71 
61 
76 
6 
97 
1 
98 
30 
# clone tree 80 objective: 6.07942
0 42 
42 43 92 29 75 
75 65 7 
58 60 78 
77 79 
59 58 
79 59 
7 77 
78 2 27 
27 31 11 
11 81 85 51 
51 74 16 
16 22 53 
53 34 84 
70 47 
69 40 13 
84 19 
19 70 
14 95 69 
47 6 14 
34 97 49 28 
13 24 38 68 
28 46 
46 76 44 
44 82 
80 23 20 
68 80 
82 12 91 
20 66 67 
91 99 52 
52 33 36 
67 54 72 
35 63 5 
36 35 
72 93 
93 89 
22 37 26 
5 56 18 
89 64 
26 17 
85 8 
31 3 
18 57 73 
38 10 
64 32 
73 25 
32 9 
8 21 
10 48 
21 15 
17 55 
29 45 
9 62 
25 1 90 
3 83 
55 88 
49 96 
15 
92 41 
62 94 
48 50 
65 39 
33 86 
81 
66 
50 30 
96 
83 
86 87 
45 
4 
43 
94 71 
74 
39 4 
37 
12 
88 
24 
90 98 
63 
57 
41 
40 
23 61 
95 
87 
56 
99 
54 
60 
2 
71 
61 
76 
6 
97 
1 
98 
30 
# clone tree 81 objective: 6.07942
0 42 
42 43 92 29 75 
75 65 7 
58 60 78 
77 79 
59 58 
79 59 
7 77 
78 2 27 
27 31 11 
11 81 85 51 
51 74 16 
16 22 53 
53 34 84 
70 47 
69 40 13 
84 19 
19 70 
14 95 69 
47 6 14 
34 97 49 28 
13 24 38 68 
28 46 
46 76 44 
44 82 
80 23 20 
68 80 
82 12 91 
20 66 67 
91 99 52 
52 33 36 
67 54 72 
35 63 5 
36 35 
72 93 
93 89 
22 37 26 
5 56 18 
89 64 
26 17 
85 8 
31 3 
18 57 73 
38 10 
64 32 
73 25 
32 9 
8 21 
10 48 
21 15 
17 55 
29 45 
9 30 62 
25 1 90 
3 83 
55 88 
49 96 
15 
92 41 
62 94 
48 50 
65 39 
33 86 
81 
66 
50 
96 
83 
86 87 
45 
4 
43 
94 71 
74 
39 4 
37 
12 
88 
24 
90 98 
63 
57 
41 
40 
23 61 
95 
87 
56 
99 
54 
60 
2 
71 
61 
76 
6 
97 
1 
98 
30 
# clone tree 82 objective: 6.07942
0 42 
42 43 92 29 75 
75 65 7 
58 60 78 
77 79 
59 58 
79 59 
7 77 
78 2 27 
27 31 11 
11 81 85 51 
51 74 16 
16 22 53 
53 34 84 
70 47 
69 40 13 
84 19 
19 70 
14 95 69 
47 6 14 
34 97 49 28 
13 24 38 68 
28 46 
46 76 44 
44 82 
80 23 20 
68 80 
82 12 91 
20 66 67 
91 99 52 
52 33 36 
67 54 72 
35 63 5 
36 35 
72 93 
93 89 
22 37 26 
5 56 18 
89 64 
26 17 
85 8 
31 3 
18 57 73 
38 10 
64 32 
73 25 
32 9 
8 21 
10 48 
21 15 
17 55 
29 45 
9 62 
25 1 90 
3 83 
55 88 
49 96 
15 
92 30 41 
62 94 
48 50 
65 39 
33 86 
81 
66 
50 
96 
83 
86 87 
45 
4 
43 
94 71 
74 
39 4 
37 
12 
88 
24 
90 98 
63 
57 
41 
40 
23 61 
95 
87 
56 
99 
54 
60 
2 
71 
61 
76 
6 
97 
1 
98 
30 
# clone tree 83 objective: 6.07942
0 42 
42 43 92 29 75 
75 65 7 
58 60 78 
77 79 
59 58 
79 59 
7 77 
78 2 27 
27 31 11 
11 81 85 51 
51 74 16 
16 22 53 
53 34 84 
70 47 
69 40 13 
84 19 
19 70 
14 95 69 
47 6 14 
34 97 49 28 
13 24 38 68 
28 46 
46 76 44 
44 82 
80 23 20 
68 80 
82 12 91 
20 66 67 
91 99 52 
52 33 36 
67 30 54 72 
35 63 5 
36 35 
72 93 
93 89 
22 37 26 
5 56 18 
89 64 
26 17 
85 8 
31 3 
18 57 73 
38 10 
64 32 
73 25 
32 9 
8 21 
10 48 
21 15 
17 55 
29 45 
9 62 
25 1 90 
3 83 
55 88 
49 96 
15 
92 41 
62 94 
48 50 
65 39 
33 86 
81 
66 
50 
96 
83 
86 87 
45 
4 
43 
94 71 
74 
39 4 
37 
12 
88 
24 
90 98 
63 
57 
41 
40 
23 61 
95 
87 
56 
99 
54 
60 
2 
71 
61 
76 
6 
97 
1 
98 
30 
# clone tree 84 objective: 6.07942
0 42 
42 43 92 29 75 
75 65 7 
58 60 78 
77 79 
59 58 
79 59 
7 77 
78 2 27 
27 31 11 
11 81 85 51 
51 74 16 
16 22 53 
53 34 84 
70 47 
69 40 13 
84 19 
19 70 
14 95 69 
47 6 14 
34 97 49 28 
13 24 38 68 
28 46 
46 76 44 
44 82 
80 23 20 
68 80 
82 12 91 
20 66 67 
91 99 52 
52 33 36 
67 54 72 
35 63 5 
36 35 
72 93 
93 89 
22 37 26 
5 56 18 
89 64 
26 17 
85 8 
31 3 
18 57 73 
38 10 
64 32 
73 25 
32 9 
8 21 
10 48 
21 15 
17 55 
29 45 
9 62 
25 1 90 
3 83 
55 88 
49 96 
15 
92 41 
62 94 
48 50 
65 39 
33 86 
81 
66 30 
50 
96 
83 
86 87 
45 
4 
43 
94 71 
74 
39 4 
37 
12 
88 
24 
90 98 
63 
57 
41 
40 
23 61 
95 
87 
56 
99 
54 
60 
2 
71 
61 
76 
6 
97 
1 
98 
30 
# clone tree 85 objective: 6.07942
0 42 
42 43 92 29 75 
75 65 7 
58 60 78 
77 79 
59 58 
79 59 
7 30 77 
78 2 27 
27 31 11 
11 81 85 51 
51 74 16 
16 22 53 
53 34 84 
70 47 
69 40 13 
84 19 
19 70 
14 95 69 
47 6 14 
34 97 49 28 
13 24 38 68 
28 46 
46 76 44 
44 82 
80 23 20 
68 80 
82 12 91 
20 66 67 
91 99 52 
52 33 36 
67 54 72 
35 63 5 
36 35 
72 93 
93 89 
22 37 26 
5 56 18 
89 64 
26 17 
85 8 
31 3 
18 57 73 
38 10 
64 32 
73 25 
32 9 
8 21 
10 48 
21 15 
17 55 
29 45 
9 62 
25 1 90 
3 83 
55 88 
49 96 
15 
92 41 
62 94 
48 50 
65 39 
33 86 
81 
66 
50 
96 
83 
86 87 
45 
4 
43 
94 71 
74 
39 4 
37 
12 
88 
24 
90 98 
63 
57 
41 
40 
23 61 
95 
87 
56 
99 
54 
60 
2 
71 
61 
76 
6 
97 
1 
98 
30 
# clone tree 86 objective: 6.07942
0 42 
42 43 92 29 75 
75 65 7 
58 60 78 
77 79 
59 58 
79 59 
7 77 
78 2 27 
27 31 11 
11 81 85 51 
51 74 16 
16 22 53 
53 34 84 
70 47 
69 40 13 
84 19 
19 70 
14 95 69 
47 6 14 
34 97 49 28 
13 24 38 68 
28 46 
46 76 44 
44 82 
80 23 20 
68 80 
82 12 91 
20 66 67 
91 99 52 
52 33 36 
67 54 72 
35 63 5 
36 35 
72 93 
93 89 
22 37 26 
5 56 18 
89 64 
26 17 
85 8 
31 3 
18 57 73 
38 10 
64 32 
73 25 
32 9 
8 21 
10 48 
21 15 
17 55 
29 45 
9 62 
25 1 90 
3 83 
55 30 88 
49 96 
15 
92 41 
62 94 
48 50 
65 39 
33 86 
81 
66 
50 
96 
83 
86 87 
45 
4 
43 
94 71 
74 
39 4 
37 
12 
88 
24 
90 98 
63 
57 
41 
40 
23 61 
95 
87 
56 
99 
54 
60 
2 
71 
61 
76 
6 
97 
1 
98 
30 
# clone tree 87 objective: 6.07942
0 42 
42 43 92 29 75 
75 65 7 
58 60 78 
77 79 
59 58 
79 59 
7 77 
78 2 27 
27 31 11 
11 30 81 85 51 
51 74 16 
16 22 53 
53 34 84 
70 47 
69 40 13 
84 19 
19 70 
14 95 69 
47 6 14 
34 49 28 
13 24 38 68 
28 46 
46 76 44 
44 82 
80 98 23 20 
68 80 
82 12 91 
20 66 67 
91 99 52 
52 33 36 
67 54 72 
35 63 5 
36 35 
72 93 
93 97 89 
22 37 26 
5 56 18 
89 64 
26 17 
85 8 
31 3 
18 57 73 
38 10 
64 32 
73 25 
32 9 
8 21 
10 48 
21 15 
17 55 
29 45 
9 62 
25 90 
3 83 
55 88 
49 96 
15 
92 41 
62 94 
48 50 
65 39 
33 86 
81 
66 
50 
96 
83 1 
86 87 
45 
4 
43 
94 71 
74 
39 4 
37 
12 
88 
24 
90 
63 
57 
41 
40 
23 61 
95 
87 
56 
99 
54 
60 
2 
71 
61 
76 
6 
97 
1 
98 
30 
# clone tree 88 objective: 6.07942
0 42 
42 43 92 29 75 
75 65 7 
58 60 78 
77 79 
59 58 
79 59 
7 77 
78 2 27 
27 31 11 
11 81 85 51 
51 74 16 
16 22 53 
53 34 84 
70 47 
69 40 13 
84 19 
19 70 
14 95 69 
47 6 14 
34 97 49 28 
13 24 38 68 
28 46 
46 76 44 
44 82 
80 23 20 
68 80 
82 12 91 
20 66 67 
91 99 52 
52 30 33 36 
67 54 72 
35 63 5 
36 35 
72 93 
93 89 
22 37 26 
5 56 18 
89 64 
26 17 
85 8 
31 3 
18 57 73 
38 10 
64 32 
73 25 
32 9 
8 21 
10 48 
21 15 
17 55 
29 45 
9 62 
25 1 90 
3 83 
55 88 
49 96 
15 
92 41 
62 94 
48 50 
65 39 
33 86 
81 
66 
50 
96 
83 
86 87 
45 
4 
43 
94 71 
74 
39 4 
37 
12 
88 
24 
90 98 
63 
57 
41 
40 
23 61 
95 
87 
56 
99 
54 
60 
2 
71 
61 
76 
6 
97 
1 
98 
30 
# clone tree 89 objective: 6.07942
0 42 
42 43 92 29 75 
75 65 7 
58 60 78 
77 79 
59 58 
79 59 
7 77 
78 2 27 
27 31 11 
11 81 85 51 
51 74 16 
16 22 53 
53 34 84 
70 47 
69 40 13 
84 19 
19 70 
14 95 69 
47 6 14 
34 49 28 
13 24 38 68 
28 46 
46 76 44 
44 82 
80 98 23 20 
68 80 
82 12 91 
20 66 67 
91 99 52 
52 33 36 
67 54 72 
35 63 5 
36 35 
72 93 
93 97 89 
22 37 26 
5 56 18 
89 64 
26 17 
85 8 
31 3 
18 57 73 
38 10 
64 30 32 
73 25 
32 9 
8 21 
10 48 
21 15 
17 55 
29 45 
9 62 
25 90 
3 83 
55 88 
49 96 
15 
92 41 
62 94 
48 50 
65 39 
33 86 
81 
66 
50 
96 
83 1 
86 87 
45 
4 
43 
94 71 
74 
39 4 
37 
12 
88 
24 
90 
63 
57 
41 
40 
23 61 
95 
87 
56 
99 
54 
60 
2 
71 
61 
76 
6 
97 
1 
98 
30 
# clone tree 90 objective: 6.07942
0 42 
42 43 92 29 75 
75 65 7 
58 60 78 
77 79 
59 58 
79 59 
7 77 
78 2 27 
27 31 11 
11 81 85 51 
51 74 16 
16 22 53 
53 34 84 
70 47 
69 40 13 
84 19 
19 70 
14 95 69 
47 6 14 
34 97 49 28 
13 24 38 68 
28 46 
46 76 44 
44 82 
80 23 20 
68 80 
82 12 91 
20 66 67 
91 99 52 
52 33 36 
67 54 72 
35 63 5 
36 35 
72 93 
93 89 
22 37 26 
5 56 18 
89 64 
26 17 
85 8 
31 3 
18 57 73 
38 10 
64 32 
73 25 
32 9 
8 21 
10 30 48 
21 15 
17 55 
29 45 
9 62 
25 1 90 
3 83 
55 88 
49 96 
15 
92 41 
62 94 
48 50 
65 39 
33 86 
81 
66 
50 
96 
83 
86 87 
45 
4 
43 
94 71 
74 
39 4 
37 
12 
88 
24 
90 98 
63 
57 
41 
40 
23 61 
95 
87 
56 
99 
54 
60 
2 
71 
61 
76 
6 
97 
1 
98 
30 
# clone tree 91 objective: 6.07942
0 42 
42 43 92 29 75 
75 65 7 
58 60 78 
77 79 
59 58 
79 59 
7 77 
78 2 27 
27 31 11 
11 81 85 51 
51 74 16 
16 22 53 
53 34 84 
70 47 
69 40 13 
84 19 
19 70 
14 95 69 
47 6 14 
34 97 49 28 
13 24 38 68 
28 46 
46 76 44 
44 82 
80 23 20 
68 80 
82 12 91 
20 66 67 
91 99 52 
52 33 36 
67 54 72 
35 63 5 
36 35 
72 93 
93 89 
22 37 26 
5 56 18 
89 64 
26 17 
85 8 
31 3 
18 30 57 73 
38 10 
64 32 
73 25 
32 9 
8 21 
10 48 
21 15 
17 55 
29 45 
9 62 
25 1 90 
3 83 
55 88 
49 96 
15 
92 41 
62 94 
48 50 
65 39 
33 86 
81 
66 
50 
96 
83 
86 87 
45 
4 
43 
94 71 
74 
39 4 
37 
12 
88 
24 
90 98 
63 
57 
41 
40 
23 61 
95 
87 
56 
99 
54 
60 
2 
71 
61 
76 
6 
97 
1 
98 
30 
# clone tree 92 objective: 6.07942
0 42 
42 43 92 29 75 
75 65 7 
58 60 78 
77 79 
59 58 
79 59 
7 77 
78 2 27 
27 31 11 
11 81 85 51 
51 74 16 
16 22 53 
53 34 84 
70 47 
69 40 13 
84 19 
19 70 
14 95 69 
47 6 14 
34 97 49 28 
13 24 38 68 
28 46 
46 76 44 
44 82 
80 23 20 
68 80 
82 12 91 
20 66 67 
91 99 52 
52 33 36 
67 54 72 
35 63 5 
36 35 
72 93 
93 89 
22 37 26 
5 56 18 
89 64 
26 17 
85 8 
31 3 
18 57 73 
38 30 10 
64 32 
73 25 
32 9 
8 21 
10 48 
21 15 
17 55 
29 45 
9 62 
25 1 90 
3 83 
55 88 
49 96 
15 
92 41 
62 94 
48 50 
65 39 
33 86 
81 
66 
50 
96 
83 
86 87 
45 
4 
43 
94 71 
74 
39 4 
37 
12 
88 
24 
90 98 
63 
57 
41 
40 
23 61 
95 
87 
56 
99 
54 
60 
2 
71 
61 
76 
6 
97 
1 
98 
30 
# clone tree 93 objective: 6.07942
0 42 
42 43 92 29 75 
75 65 7 
58 60 78 
77 79 
59 58 
79 59 
7 77 
78 2 27 
27 31 11 
11 81 85 51 
51 74 16 
16 22 53 
53 34 84 
70 47 
69 40 13 
84 19 
19 70 
14 95 69 
47 6 14 
34 49 28 
13 24 38 68 
28 46 
46 76 44 
44 82 
80 98 23 20 
68 80 
82 30 12 91 
20 66 67 
91 99 52 
52 33 36 
67 54 72 
35 63 5 
36 35 
72 93 
93 97 89 
22 37 26 
5 56 18 
89 64 
26 17 
85 8 
31 3 
18 57 73 
38 10 
64 32 
73 25 
32 9 
8 21 
10 48 
21 15 
17 55 
29 45 
9 62 
25 90 
3 83 
55 88 
49 96 
15 
92 41 
62 94 
48 50 
65 39 
33 86 
81 
66 
50 
96 
83 1 
86 87 
45 
4 
43 
94 71 
74 
39 4 
37 
12 
88 
24 
90 
63 
57 
41 
40 
23 61 
95 
87 
56 
99 
54 
60 
2 
71 
61 
76 
6 
97 
1 
98 
30 
# clone tree 94 objective: 6.07942
0 42 
42 43 92 29 75 
75 65 7 
58 60 78 
77 79 
59 58 
79 59 
7 77 
78 2 27 
27 31 11 
11 81 85 51 
51 74 16 
16 22 53 
53 34 84 
70 47 
69 40 13 
84 19 
19 70 
14 95 69 
47 6 14 
34 97 49 28 
13 24 38 68 
28 46 
46 76 44 
44 82 
80 23 20 
68 80 
82 12 91 
20 66 67 
91 99 52 
52 33 36 
67 54 72 
35 63 5 
36 35 
72 93 
93 89 
22 37 26 
5 56 18 
89 64 
26 17 
85 8 
31 3 
18 57 73 
38 10 
64 32 
73 25 
32 9 
8 21 
10 48 
21 15 
17 55 
29 45 
9 62 
25 1 90 
3 30 83 
55 88 
49 96 
15 
92 41 
62 94 
48 50 
65 39 
33 86 
81 
66 
50 
96 
83 
86 87 
45 
4 
43 
94 71 
74 
39 4 
37 
12 
88 
24 
90 98 
63 
57 
41 
40 
23 61 
95 
87 
56 
99 
54 
60 
2 
71 
61 
76 
6 
97 
1 
98 
30 
# clone tree 95 objective: 6.07942
0 42 
42 43 92 29 75 
75 65 7 
58 60 78 
77 79 
59 58 
79 59 
7 77 
78 2 27 
27 31 11 
11 81 85 51 
51 74 16 
16 22 53 
53 34 84 
70 47 
69 40 13 
84 19 
19 70 
14 95 69 
47 6 14 
34 97 49 28 
13 24 38 68 
28 46 
46 76 44 
44 82 
80 23 20 
68 80 
82 12 91 
20 66 67 
91 99 52 
52 33 36 
67 54 72 
35 63 5 
36 35 
72 93 
93 89 
22 37 26 
5 56 18 
89 64 
26 17 
85 8 
31 3 
18 57 73 
38 10 
64 32 
73 30 25 
32 9 
8 21 
10 48 
21 15 
17 55 
29 45 
9 62 
25 1 90 
3 83 
55 88 
49 96 
15 
92 41 
62 94 
48 50 
65 39 
33 86 
81 
66 
50 
96 
83 
86 87 
45 
4 
43 
94 71 
74 
39 4 
37 
12 
88 
24 
90 98 
63 
57 
41 
40 
23 61 
95 
87 
56 
99 
54 
60 
2 
71 
61 
76 
6 
97 
1 
98 
30 
# clone tree 96 objective: 6.07942
0 42 
42 43 92 29 75 
75 65 7 
58 60 78 
77 79 
59 58 
79 59 
7 77 
78 2 27 
27 31 11 
11 81 85 51 
51 74 16 
16 22 53 
53 34 84 
70 47 
69 40 13 
84 19 
19 70 
14 95 69 
47 6 14 
34 97 49 28 
13 30 24 38 68 
28 46 
46 76 44 
44 82 
80 23 20 
68 80 
82 12 91 
20 66 67 
91 99 52 
52 33 36 
67 54 72 
35 63 5 
36 35 
72 93 
93 89 
22 37 26 
5 56 18 
89 64 
26 17 
85 8 
31 3 
18 57 73 
38 10 
64 32 
73 25 
32 9 
8 21 
10 48 
21 15 
17 55 
29 45 
9 62 
25 1 90 
3 83 
55 88 
49 96 
15 
92 41 
62 94 
48 50 
65 39 
33 86 
81 
66 
50 
96 
83 
86 87 
45 
4 
43 
94 71 
74 
39 4 
37 
12 
88 
24 
90 98 
63 
57 
41 
40 
23 61 
95 
87 
56 
99 
54 
60 
2 
71 
61 
76 
6 
97 
1 
98 
30 
# clone tree 97 objective: 6.07942
0 42 
42 43 92 29 75 
75 65 7 
58 60 78 
77 79 
59 58 
79 59 
7 77 
78 2 27 
27 30 31 11 
11 81 85 51 
51 74 16 
16 22 53 
53 34 84 
70 47 
69 40 13 
84 19 
19 70 
14 95 69 
47 6 14 
34 49 28 
13 24 38 68 
28 46 
46 76 44 
44 82 
80 98 23 20 
68 80 
82 12 91 
20 66 67 
91 99 52 
52 33 36 
67 54 72 
35 63 5 
36 35 
72 93 
93 97 89 
22 37 26 
5 56 18 
89 64 
26 17 
85 8 
31 3 
18 57 73 
38 10 
64 32 
73 25 
32 9 
8 21 
10 48 
21 15 
17 55 
29 45 
9 62 
25 90 
3 83 
55 88 
49 96 
15 
92 41 
62 94 
48 50 
65 39 
33 86 
81 
66 
50 
96 
83 1 
86 87 
45 
4 
43 
94 71 
74 
39 4 
37 
12 
88 
24 
90 
63 
57 
41 
40 
23 61 
95 
87 
56 
99 
54 
60 
2 
71 
61 
76 
6 
97 
1 
98 
30 
# clone tree 98 objective: 6.07942
0 42 
42 43 92 29 75 
75 65 7 
58 60 78 
77 79 
59 58 
79 59 
7 77 
78 2 27 
27 31 11 
11 81 85 51 
51 74 16 
16 22 53 
53 34 84 
70 47 
69 40 13 
84 19 
19 70 
14 95 69 
47 6 14 
34 97 49 28 
13 24 38 68 
28 46 
46 76 44 
44 82 
80 23 20 
68 80 
82 12 91 
20 66 67 
91 99 52 
52 33 36 
67 54 72 
35 63 5 
36 35 
72 93 
93 89 
22 37 26 
5 56 18 
89 30 64 
26 17 
85 8 
31 3 
18 57 73 
38 10 
64 32 
73 25 
32 9 
8 21 
10 48 
21 15 
17 55 
29 45 
9 62 
25 1 90 
3 83 
55 88 
49 96 
15 
92 41 
62 94 
48 50 
65 39 
33 86 
81 
66 
50 
96 
83 
86 87 
45 
4 
43 
94 71 
74 
39 4 
37 
12 
88 
24 
90 98 
63 
57 
41 
40 
23 61 
95 
87 
56 
99 
54 
60 
2 
71 
61 
76 
6 
97 
1 
98 
30 
# clone tree 99 objective: 6.07942
0 42 
42 43 92 29 75 
75 65 7 
58 60 78 
77 79 
59 58 
79 59 
7 77 
78 2 27 
27 31 11 
11 81 85 51 
51 74 16 
16 22 53 
53 34 84 
70 47 
69 40 13 
84 19 
19 70 
14 95 69 
47 6 14 
34 49 28 
13 24 38 68 
28 46 
46 76 44 
44 82 
80 98 23 20 
68 80 
82 12 91 
20 66 67 
91 99 52 
52 33 36 
67 54 72 
35 63 5 
36 35 
72 93 
93 97 89 
22 37 26 
5 56 18 
89 30 64 
26 17 
85 8 
31 3 
18 57 73 
38 10 
64 32 
73 25 
32 9 
8 21 
10 48 
21 15 
17 55 
29 45 
9 62 
25 90 
3 83 
55 88 
49 96 
15 
92 41 
62 94 
48 50 
65 39 
33 86 
81 
66 
50 
96 
83 1 
86 87 
45 
4 
43 
94 71 
74 
39 4 
37 
12 
88 
24 
90 
63 
57 
41 
40 
23 61 
95 
87 
56 
99 
54 
60 
2 
71 
61 
76 
6 
97 
1 
98 
30 
