# clone tree 0 objective: 2.99312
0 89 66 55 
55 20 75 72 53 
53 45 33 78 62 
62 43 83 39 35 5 68 
68 37 59 
59 12 84 14 32 17 
17 96 9 
9 97 49 3 
78 82 
3 60 7 73 
82 6 40 
73 93 24 56 
40 67 8 
8 31 
56 80 86 1 71 
31 99 70 
71 23 
70 4 
4 54 
54 47 50 
72 64 21 
23 36 
37 69 87 
50 28 
28 26 57 
36 88 30 
75 95 
95 91 
30 2 46 
91 38 
32 61 48 
21 18 94 
87 11 58 
66 34 90 15 
57 76 
33 44 
38 79 
48 85 
46 98 81 
76 25 42 
94 
22 92 
49 10 
45 63 
89 51 
58 29 22 
44 19 
96 
42 
67 
10 65 
79 77 
97 
81 74 
15 
1 41 
5 16 
35 
7 
74 
69 
51 
61 
6 
19 
64 
20 
39 
83 
90 
16 
24 13 52 
85 
27 
98 27 
11 
2 
41 
77 
52 
99 
43 
34 
18 
29 
26 
60 
65 
93 
63 
92 
14 
84 
25 
47 
88 
86 
13 
80 
12 
