# clone tree 0 objective: 5.26671
0 15 
15 24 36 
36 39 90 
90 99 93 
93 27 
27 57 35 
35 88 92 45 
45 28 8 65 
65 6 
43 46 
46 68 13 
6 43 
13 78 12 84 47 
47 69 37 33 
33 97 59 
59 7 61 
61 21 62 
62 34 14 
74 3 
14 67 
67 74 
56 70 20 
24 10 
3 52 56 
20 66 64 
10 55 76 
18 25 
76 18 
64 49 
89 72 
25 17 
17 54 
49 89 
84 50 83 
83 94 26 
54 22 51 
72 91 
79 73 2 
57 5 79 
91 11 44 
44 71 63 
51 77 41 
2 58 38 
26 19 60 
12 31 
63 30 
41 86 1 
31 
39 81 
21 48 
38 42 
8 53 
30 32 
68 16 23 
22 
48 
32 96 
7 98 40 
50 75 
99 80 
92 
60 95 
82 
19 
78 
52 4 
77 85 
42 
53 82 
80 
94 87 
28 
88 
4 
95 
23 
66 
1 
73 
11 
86 
16 
81 
97 
5 9 
87 
40 
55 
98 
85 
96 
34 
58 
71 
37 
75 
69 
9 29 
70 
29 
# clone tree 1 objective: 5.26671
0 15 
15 24 36 
36 75 39 90 
90 99 93 
93 27 
27 57 35 
35 88 92 45 
45 28 8 65 
65 6 
43 29 46 
46 68 13 
6 43 
13 78 12 84 47 
47 37 33 
33 97 59 
59 7 61 
61 21 62 
62 34 14 
74 3 
14 67 
67 74 
56 20 
24 10 
3 52 56 
20 66 64 
10 55 76 
18 25 
76 18 
64 49 
89 72 
25 17 
17 54 
49 89 
84 50 83 
83 94 26 
54 22 51 
72 70 91 
79 73 2 
57 5 79 
91 11 44 
44 71 63 
51 77 41 
2 38 
26 19 60 
12 31 
63 30 
41 86 1 
31 58 
39 81 
21 48 
38 42 
8 53 
30 32 
68 9 16 23 
22 
48 
32 96 
7 98 40 
50 
99 80 
92 
60 95 
82 
19 
78 69 
52 4 
77 85 
42 
53 82 
80 
94 87 
28 
88 
4 
95 
23 
66 
1 
73 
11 
86 
16 
81 
97 
5 
87 
40 
55 
98 
85 
96 
34 
58 
71 
37 
75 
69 
9 
70 
29 
# clone tree 2 objective: 5.26671
0 15 
15 24 36 
36 39 90 
90 99 93 
93 29 27 
27 57 35 
35 88 92 45 
45 28 8 65 
65 6 
43 46 
46 68 13 
6 75 43 
13 78 12 84 47 
47 33 
33 97 59 
59 7 61 
61 21 62 
62 37 14 
74 3 
14 67 
67 74 
56 70 20 
24 71 85 10 
3 52 56 
20 66 64 
10 55 76 
18 25 
76 18 
64 49 
89 72 
25 17 
17 54 
49 89 
84 50 83 
83 69 94 26 
54 22 51 
72 91 
79 73 2 
57 5 79 
91 11 44 
44 63 
51 77 41 
2 58 38 
26 19 60 
12 31 
63 30 
41 98 86 1 
31 34 
39 81 
21 48 
38 42 
8 53 
30 32 
68 16 23 
22 
48 
32 
7 40 
50 
99 80 
92 96 
60 95 
82 
19 
78 
52 4 
77 
42 
53 82 
80 
94 87 
28 
88 
4 
95 
23 
66 
1 
73 
11 
86 
16 
81 
97 
5 
87 
40 
55 
98 
85 
96 
34 
58 
71 
37 9 
75 
69 
9 
70 
29 
# clone tree 3 objective: 5.26671
0 15 
15 55 24 36 
36 39 90 
90 99 93 
93 27 
27 57 35 
35 88 92 45 
45 28 8 65 
65 6 
43 98 46 
46 68 13 
6 75 43 
13 78 12 84 47 
47 37 33 
33 97 59 
59 7 61 
61 21 62 
62 9 14 
74 3 
14 70 67 
67 74 
56 20 
24 85 10 
3 52 56 
20 64 
10 40 76 
18 25 
76 18 
64 49 
89 72 
25 17 
17 54 
49 89 
84 50 83 
83 94 26 
54 22 51 
72 91 
79 66 2 
57 5 79 
91 11 44 
44 63 
51 77 41 
2 38 
26 19 60 
12 58 31 
63 30 
41 86 1 
31 34 
39 81 
21 48 
38 42 
8 53 
30 32 
68 16 23 
22 
48 
32 
7 
50 
99 80 
92 96 
60 95 
82 
19 
78 
52 4 
77 
42 
53 82 
80 
94 87 
28 
88 
4 
95 
23 69 
66 
1 73 
73 
11 
86 
16 29 
81 71 
97 
5 
87 
40 
55 
98 
85 
96 
34 
58 
71 
37 
75 
69 
9 
70 
29 
# clone tree 4 objective: 5.26671
0 15 
15 55 24 36 
36 39 90 
90 99 93 
93 27 
27 57 35 
35 88 92 45 
45 28 8 65 
65 6 
43 98 46 
46 68 13 
6 75 43 
13 78 12 84 47 
47 37 33 
33 97 59 
59 7 61 
61 21 62 
62 9 14 
74 3 
14 70 67 
67 74 
56 20 
24 85 10 
3 52 56 
20 64 
10 40 76 
18 25 
76 18 
64 49 
89 72 
25 17 
17 54 
49 89 
84 50 83 
83 94 26 
54 22 51 
72 91 
79 66 2 
57 5 79 
91 11 44 
44 63 
51 77 41 
2 38 
26 19 60 
12 58 31 
63 30 
41 86 1 
31 34 
39 81 
21 48 
38 42 
8 53 
30 32 
68 16 23 
22 
48 
32 
7 
50 
99 80 
92 96 
60 95 
82 29 
19 
78 
52 4 
77 
42 
53 82 
80 
94 87 
28 
88 
4 
95 
23 69 
66 
1 73 
73 
11 
86 
16 
81 71 
97 
5 
87 
40 
55 
98 
85 
96 
34 
58 
71 
37 
75 
69 
9 
70 
29 
# clone tree 5 objective: 5.26671
0 15 
15 24 36 
36 29 39 90 
90 99 93 
93 27 
27 57 35 
35 88 92 45 
45 28 8 65 
65 6 
43 46 
46 68 13 
6 75 43 
13 78 12 84 47 
47 33 
33 97 59 
59 7 61 
61 21 62 
62 37 14 
74 3 
14 67 
67 74 
56 70 20 
24 71 85 10 
3 52 56 
20 66 64 
10 55 76 
18 25 
76 18 
64 49 
89 72 
25 17 
17 54 
49 89 
84 50 83 
83 69 94 26 
54 22 51 
72 91 
79 73 2 
57 5 79 
91 11 44 
44 63 
51 77 41 
2 58 38 
26 19 60 
12 31 
63 30 
41 98 86 1 
31 34 
39 81 
21 48 
38 42 
8 53 
30 32 
68 16 23 
22 
48 
32 
7 40 
50 
99 80 
92 96 
60 95 
82 
19 
78 
52 4 
77 
42 
53 82 
80 
94 87 
28 
88 
4 
95 
23 
66 
1 
73 
11 
86 
16 
81 
97 
5 
87 
40 
55 
98 
85 
96 
34 
58 
71 
37 9 
75 
69 
9 
70 
29 
# clone tree 6 objective: 5.26671
0 15 
15 24 36 
36 39 90 
90 99 93 
93 27 
27 57 35 
35 88 92 45 
45 28 8 65 
65 6 
43 46 
46 68 13 
6 43 
13 78 12 84 47 
47 37 33 
33 97 59 
59 7 61 
61 21 62 
62 34 14 
74 3 
14 67 
67 74 
56 20 
24 10 
3 52 56 
20 66 64 
10 55 76 
18 25 
76 18 
64 49 
89 72 
25 17 
17 54 
49 89 
84 50 83 
83 69 94 26 
54 22 51 
72 91 
79 73 2 
57 5 79 
91 29 11 44 
44 71 63 
51 77 41 
2 58 38 
26 19 60 
12 31 
63 30 
41 86 1 
31 
39 81 
21 48 
38 42 
8 70 53 
30 32 
68 16 23 
22 
48 
32 96 
7 98 40 
50 
99 80 
92 
60 95 
82 9 
19 
78 
52 4 
77 85 
42 
53 82 
80 
94 87 
28 
88 
4 
95 
23 
66 
1 
73 
11 
86 
16 
81 75 
97 
5 
87 
40 
55 
98 
85 
96 
34 
58 
71 
37 
75 
69 
9 
70 
29 
# clone tree 7 objective: 5.26671
0 15 
15 24 36 
36 39 90 
90 99 93 
93 27 
27 57 35 
35 88 92 45 
45 28 8 65 
65 6 
43 29 46 
46 68 13 
6 75 43 
13 78 12 84 47 
47 33 
33 97 59 
59 7 61 
61 21 62 
62 37 14 
74 3 
14 67 
67 74 
56 70 20 
24 71 85 10 
3 52 56 
20 66 64 
10 55 76 
18 25 
76 18 
64 49 
89 72 
25 17 
17 54 
49 89 
84 50 83 
83 69 94 26 
54 22 51 
72 91 
79 73 2 
57 5 79 
91 11 44 
44 63 
51 77 41 
2 58 38 
26 19 60 
12 31 
63 30 
41 98 86 1 
31 34 
39 81 
21 48 
38 42 
8 53 
30 32 
68 16 23 
22 
48 
32 
7 40 
50 
99 80 
92 96 
60 95 
82 
19 
78 
52 4 
77 
42 
53 82 
80 
94 87 
28 
88 
4 
95 
23 
66 
1 
73 
11 
86 
16 
81 
97 
5 
87 
40 
55 
98 
85 
96 
34 
58 
71 
37 9 
75 
69 
9 
70 
29 
# clone tree 8 objective: 5.26671
0 15 
15 55 24 36 
36 39 90 
90 99 93 
93 27 
27 57 35 
35 88 92 45 
45 28 8 65 
65 6 
43 98 46 
46 68 13 
6 75 43 
13 78 12 84 47 
47 37 33 
33 97 59 
59 7 61 
61 21 62 
62 9 14 
74 3 
14 70 67 
67 74 
56 20 
24 85 10 
3 52 56 
20 64 
10 40 76 
18 25 
76 18 
64 49 
89 72 
25 17 
17 54 
49 89 
84 50 83 
83 94 26 
54 22 51 
72 91 
79 66 2 
57 5 79 
91 11 44 
44 63 
51 77 41 
2 38 
26 19 60 
12 58 31 
63 30 
41 86 1 
31 34 
39 81 
21 48 
38 42 
8 53 
30 32 
68 16 23 
22 
48 
32 
7 
50 
99 80 
92 96 
60 95 
82 
19 29 
78 
52 4 
77 
42 
53 82 
80 
94 87 
28 
88 
4 
95 
23 69 
66 
1 73 
73 
11 
86 
16 
81 71 
97 
5 
87 
40 
55 
98 
85 
96 
34 
58 
71 
37 
75 
69 
9 
70 
29 
# clone tree 9 objective: 5.26671
0 15 
15 24 36 
36 39 90 
90 99 93 
93 27 
27 29 57 35 
35 88 92 45 
45 28 8 65 
65 6 
43 46 
46 68 13 
6 75 43 
13 78 12 84 47 
47 33 
33 97 59 
59 7 61 
61 21 62 
62 37 14 
74 3 
14 67 
67 74 
56 70 20 
24 71 85 10 
3 52 56 
20 66 64 
10 55 76 
18 25 
76 18 
64 49 
89 72 
25 17 
17 54 
49 89 
84 50 83 
83 69 94 26 
54 22 51 
72 91 
79 73 2 
57 5 79 
91 11 44 
44 63 
51 77 41 
2 58 38 
26 19 60 
12 31 
63 30 
41 98 86 1 
31 34 
39 81 
21 48 
38 42 
8 53 
30 32 
68 16 23 
22 
48 
32 
7 40 
50 
99 80 
92 96 
60 95 
82 
19 
78 
52 4 
77 
42 
53 82 
80 
94 87 
28 
88 
4 
95 
23 
66 
1 
73 
11 
86 
16 
81 
97 
5 
87 
40 
55 
98 
85 
96 
34 
58 
71 
37 9 
75 
69 
9 
70 
29 
# clone tree 10 objective: 5.26671
0 15 
15 55 24 36 
36 39 90 
90 99 93 
93 27 
27 57 35 
35 88 92 45 
45 28 8 65 
65 6 
43 98 46 
46 68 13 
6 75 43 
13 78 12 84 47 
47 37 33 
33 97 59 
59 7 61 
61 21 62 
62 9 14 
74 3 
14 70 67 
67 74 
56 20 
24 85 10 
3 52 56 
20 64 
10 40 76 
18 25 
76 18 
64 49 
89 72 
25 17 
17 54 
49 89 
84 50 83 
83 94 26 
54 22 51 
72 91 
79 66 2 
57 5 79 
91 11 44 
44 63 
51 77 41 
2 38 
26 19 60 
12 58 31 
63 30 
41 86 1 
31 34 
39 81 
21 48 
38 42 
8 53 
30 32 
68 16 23 
22 
48 
32 
7 
50 
99 80 
92 96 
60 95 
82 
19 
78 
52 4 
77 
42 
53 82 
80 
94 87 
28 
88 
4 
95 29 
23 69 
66 
1 73 
73 
11 
86 
16 
81 71 
97 
5 
87 
40 
55 
98 
85 
96 
34 
58 
71 
37 
75 
69 
9 
70 
29 
# clone tree 11 objective: 5.26671
0 15 
15 24 36 
36 39 90 
90 99 93 
93 27 
27 57 35 
35 88 92 45 
45 28 8 65 
65 6 
43 46 
46 68 13 
6 43 
13 78 12 84 47 
47 69 37 33 
33 97 59 
59 7 61 
61 21 62 
62 34 14 
74 3 
14 67 
67 74 
56 70 20 
24 10 
3 52 56 
20 66 64 
10 55 76 
18 25 
76 18 
64 49 
89 72 
25 17 
17 54 
49 89 
84 50 83 
83 94 26 
54 22 51 
72 91 
79 73 2 
57 5 79 
91 11 44 
44 71 63 
51 77 41 
2 58 38 
26 19 60 
12 31 
63 30 
41 86 1 
31 
39 81 
21 48 
38 42 
8 53 
30 32 
68 16 23 
22 
48 
32 96 
7 98 40 
50 75 
99 80 
92 
60 95 
82 
19 
78 
52 4 
77 85 
42 
53 82 
80 
94 87 
28 
88 
4 
95 
23 
66 
1 
73 
11 
86 
16 
81 
97 
5 9 
87 
40 
55 
98 
85 
96 
34 
58 
71 
37 
75 
69 
9 
70 29 
29 
# clone tree 12 objective: 5.26671
0 15 
15 55 24 36 
36 39 90 
90 99 93 
93 27 
27 57 35 
35 88 92 45 
45 28 8 65 
65 6 
43 98 46 
46 68 13 
6 75 43 
13 78 12 84 47 
47 37 33 
33 97 59 
59 7 61 
61 21 62 
62 9 14 
74 3 
14 70 67 
67 74 
56 20 
24 85 10 
3 52 56 
20 64 
10 40 76 
18 25 
76 18 
64 49 
89 72 
25 17 
17 54 
49 89 
84 50 83 
83 94 26 
54 22 51 
72 91 
79 66 2 
57 5 79 
91 11 44 
44 63 
51 77 41 
2 38 
26 19 60 
12 58 31 
63 30 
41 86 1 
31 34 
39 81 
21 48 
38 42 
8 53 
30 32 
68 16 23 
22 
48 
32 
7 
50 
99 80 
92 96 
60 95 
82 
19 
78 
52 4 
77 
42 
53 82 
80 
94 87 
28 
88 
4 
95 
23 69 
66 
1 73 
73 
11 
86 
16 
81 71 
97 
5 
87 29 
40 
55 
98 
85 
96 
34 
58 
71 
37 
75 
69 
9 
70 
29 
# clone tree 13 objective: 5.26671
0 15 
15 24 36 
36 39 90 
90 99 93 
93 27 
27 57 35 
35 88 92 45 
45 28 8 65 
65 6 
43 46 
46 68 13 
6 43 
13 78 12 84 47 
47 69 37 33 
33 97 59 
59 7 61 
61 21 62 
62 34 14 
74 3 
14 67 
67 74 
56 70 20 
24 10 
3 52 56 
20 66 64 
10 55 76 
18 25 
76 18 
64 49 
89 72 
25 17 
17 54 
49 89 
84 50 83 
83 94 26 
54 22 51 
72 91 
79 73 2 
57 5 79 
91 11 44 
44 71 63 
51 77 41 
2 58 38 
26 19 60 
12 31 
63 30 
41 86 1 
31 
39 81 
21 48 
38 42 
8 53 
30 32 
68 16 23 
22 
48 
32 96 
7 98 40 
50 75 
99 80 
92 
60 95 
82 
19 
78 
52 4 
77 85 
42 
53 82 
80 
94 87 
28 
88 
4 
95 
23 
66 
1 
73 
11 
86 
16 
81 
97 
5 9 
87 
40 
55 
98 29 
85 
96 
34 
58 
71 
37 
75 
69 
9 
70 
29 
# clone tree 14 objective: 5.26671
0 15 
15 55 24 36 
36 39 90 
90 99 93 
93 27 
27 57 35 
35 88 92 45 
45 28 8 65 
65 6 
43 98 46 
46 68 13 
6 75 43 
13 78 12 84 47 
47 37 33 
33 97 59 
59 7 61 
61 21 62 
62 9 14 
74 3 
14 70 67 
67 74 
56 20 
24 85 10 
3 52 56 
20 64 
10 40 76 
18 25 
76 18 
64 49 
89 72 
25 17 
17 54 
49 89 
84 50 83 
83 94 26 
54 22 51 
72 91 
79 66 2 
57 5 79 
91 11 44 
44 63 
51 77 41 
2 38 
26 19 60 
12 58 31 
63 30 
41 86 1 
31 34 
39 81 
21 48 
38 42 
8 53 
30 32 
68 16 23 
22 
48 
32 
7 
50 
99 80 
92 96 
60 95 
82 
19 
78 
52 4 
77 
42 
53 82 
80 
94 87 
28 
88 
4 
95 
23 69 
66 
1 73 
73 
11 29 
86 
16 
81 71 
97 
5 
87 
40 
55 
98 
85 
96 
34 
58 
71 
37 
75 
69 
9 
70 
29 
# clone tree 15 objective: 5.26671
0 15 
15 24 36 
36 39 90 
90 99 93 
93 27 
27 57 35 
35 88 92 45 
45 28 8 65 
65 6 
43 46 
46 68 13 
6 43 
13 78 12 84 47 
47 69 37 33 
33 97 59 
59 7 61 
61 21 62 
62 34 14 
74 3 
14 67 
67 74 
56 70 20 
24 10 
3 52 56 
20 66 64 
10 55 76 
18 25 
76 18 
64 49 
89 72 
25 17 
17 54 
49 89 
84 50 83 
83 94 26 
54 22 51 
72 91 
79 73 2 
57 5 79 
91 11 44 
44 71 63 
51 77 41 
2 58 38 
26 19 60 
12 31 
63 30 
41 86 1 
31 
39 81 
21 48 
38 42 
8 53 
30 32 
68 16 23 
22 
48 
32 96 
7 98 40 
50 75 
99 80 
92 
60 95 
82 
19 
78 
52 4 
77 85 
42 
53 82 
80 
94 87 
28 
88 
4 
95 
23 
66 
1 
73 29 
11 
86 
16 
81 
97 
5 9 
87 
40 
55 
98 
85 
96 
34 
58 
71 
37 
75 
69 
9 
70 
29 
# clone tree 16 objective: 5.26671
0 15 
15 24 36 
36 39 90 
90 99 93 
93 27 
27 57 35 
35 88 92 45 
45 28 8 65 
65 6 
43 46 
46 68 13 
6 43 
13 78 12 84 47 
47 37 33 
33 97 59 
59 7 61 
61 21 62 
62 34 14 
74 3 
14 67 
67 74 
56 20 
24 10 
3 52 56 
20 66 64 
10 55 76 
18 25 
76 18 
64 49 
89 72 
25 17 
17 69 54 
49 89 
84 50 83 
83 94 26 
54 22 51 
72 91 
79 73 2 
57 29 5 79 
91 11 44 
44 71 63 
51 77 41 
2 58 38 
26 19 60 
12 31 
63 30 
41 86 1 
31 
39 81 
21 48 
38 42 
8 53 
30 32 
68 16 23 
22 
48 
32 96 
7 98 40 
50 
99 80 
92 
60 95 
82 9 
19 70 
78 
52 4 
77 85 
42 
53 82 
80 
94 87 
28 
88 
4 75 
95 
23 
66 
1 
73 
11 
86 
16 
81 
97 
5 
87 
40 
55 
98 
85 
96 
34 
58 
71 
37 
75 
69 
9 
70 
29 
# clone tree 17 objective: 5.26671
0 15 
15 55 24 36 
36 39 90 
90 99 93 
93 27 
27 57 35 
35 88 92 45 
45 28 8 65 
65 6 
43 98 46 
46 68 13 
6 75 43 
13 78 12 84 47 
47 37 33 
33 97 59 
59 7 61 
61 21 62 
62 9 14 
74 3 
14 67 
67 74 
56 70 20 
24 85 10 
3 52 56 
20 64 
10 40 76 
18 25 
76 18 
64 49 
89 72 
25 17 
17 54 
49 89 
84 50 83 
83 94 26 
54 22 51 
72 91 
79 66 2 
57 5 79 
91 11 44 
44 63 
51 77 41 
2 38 
26 19 60 
12 58 31 
63 30 
41 86 1 
31 34 
39 81 
21 48 
38 42 
8 53 
30 32 
68 16 23 
22 
48 
32 
7 
50 
99 80 
92 96 
60 95 
82 
19 
78 
52 4 
77 
42 
53 82 
80 
94 87 
28 
88 
4 
95 
23 69 
66 
1 73 
73 
11 
86 
16 
81 71 
97 
5 
87 
40 
55 
98 
85 
96 
34 29 
58 
71 
37 
75 
69 
9 
70 
29 
# clone tree 18 objective: 5.26671
0 15 
15 24 36 
36 39 90 
90 99 93 
93 27 
27 57 35 
35 88 92 45 
45 28 8 65 
65 6 
43 46 
46 68 13 
6 43 
13 78 12 84 47 
47 69 37 33 
33 97 59 
59 7 61 
61 21 62 
62 34 14 
74 3 
14 67 
67 74 
56 70 20 
24 10 
3 52 56 
20 66 64 
10 55 76 
18 25 
76 18 
64 49 
89 72 
25 17 
17 54 
49 89 
84 50 83 
83 94 26 
54 22 51 
72 91 
79 73 2 
57 5 79 
91 11 44 
44 71 63 
51 77 41 
2 58 38 
26 19 60 
12 31 
63 30 
41 86 1 
31 29 
39 81 
21 48 
38 42 
8 53 
30 32 
68 16 23 
22 
48 
32 96 
7 98 40 
50 75 
99 80 
92 
60 95 
82 
19 
78 
52 4 
77 85 
42 
53 82 
80 
94 87 
28 
88 
4 
95 
23 
66 
1 
73 
11 
86 
16 
81 
97 
5 9 
87 
40 
55 
98 
85 
96 
34 
58 
71 
37 
75 
69 
9 
70 
29 
# clone tree 19 objective: 5.26671
0 15 
15 55 24 36 
36 39 90 
90 99 93 
93 27 
27 57 35 
35 88 92 45 
45 28 8 65 
65 6 
43 98 46 
46 68 13 
6 75 43 
13 78 12 84 47 
47 37 33 
33 97 59 
59 7 61 
61 21 62 
62 9 14 
74 3 
14 67 
67 74 
56 70 20 
24 85 10 
3 52 56 
20 64 
10 40 76 
18 25 
76 18 
64 49 
89 72 
25 17 
17 54 
49 89 
84 50 83 
83 94 26 
54 22 51 
72 91 
79 66 2 
57 5 79 
91 11 44 
44 63 
51 77 41 
2 38 
26 19 60 
12 58 31 
63 30 
41 86 1 
31 34 
39 81 
21 48 
38 42 
8 53 
30 32 
68 16 23 
22 
48 
32 
7 
50 
99 80 
92 96 
60 95 
82 
19 
78 
52 4 
77 
42 
53 82 
80 
94 87 
28 
88 
4 
95 
23 69 
66 
1 73 
73 
11 
86 
16 
81 71 
97 
5 
87 
40 
55 
98 
85 
96 
34 
58 
71 
37 
75 
69 29 
9 
70 
29 
# clone tree 20 objective: 5.26671
0 15 
15 24 36 
36 39 90 
90 99 93 
93 27 
27 57 35 
35 88 92 45 
45 28 8 65 
65 29 6 
43 46 
46 68 13 
6 75 43 
13 78 12 84 47 
47 33 
33 97 59 
59 7 61 
61 21 62 
62 37 14 
74 3 
14 67 
67 74 
56 70 20 
24 71 85 10 
3 52 56 
20 66 64 
10 55 76 
18 25 
76 18 
64 49 
89 72 
25 17 
17 54 
49 89 
84 50 83 
83 69 94 26 
54 22 51 
72 91 
79 73 2 
57 5 79 
91 11 44 
44 63 
51 77 41 
2 58 38 
26 19 60 
12 31 
63 30 
41 98 86 1 
31 34 
39 81 
21 48 
38 42 
8 53 
30 32 
68 16 23 
22 
48 
32 
7 40 
50 
99 80 
92 96 
60 95 
82 
19 
78 
52 4 
77 
42 
53 82 
80 
94 87 
28 
88 
4 
95 
23 
66 
1 
73 
11 
86 
16 
81 
97 
5 
87 
40 
55 
98 
85 
96 
34 
58 
71 
37 9 
75 
69 
9 
70 
29 
# clone tree 21 objective: 5.26671
0 15 
15 55 24 36 
36 39 90 
90 99 93 
93 27 
27 57 35 
35 88 92 45 
45 28 8 65 
65 6 
43 98 46 
46 68 13 
6 75 43 
13 78 12 84 47 
47 37 33 
33 97 59 
59 7 61 
61 21 62 
62 9 14 
74 3 
14 67 
67 74 
56 70 20 
24 85 10 
3 52 56 
20 64 
10 40 76 
18 25 
76 18 
64 49 
89 72 
25 17 
17 54 
49 89 
84 50 83 
83 94 26 
54 22 51 
72 91 
79 66 2 
57 5 79 
91 11 44 
44 63 
51 77 41 
2 38 
26 19 60 
12 58 31 
63 30 
41 86 1 
31 34 
39 81 
21 48 
38 42 
8 53 
30 32 
68 16 23 
22 
48 
32 
7 
50 
99 80 
92 96 
60 95 
82 
19 
78 
52 4 
77 
42 
53 82 
80 
94 87 
28 
88 
4 
95 
23 69 
66 
1 73 
73 
11 
86 
16 
81 71 
97 
5 29 
87 
40 
55 
98 
85 
96 
34 
58 
71 
37 
75 
69 
9 
70 
29 
# clone tree 22 objective: 5.26671
0 15 
15 24 36 
36 39 90 
90 99 93 
93 27 
27 57 35 
35 88 92 45 
45 28 8 65 
65 6 
43 46 
46 29 68 13 
6 75 43 
13 78 12 84 47 
47 33 
33 97 59 
59 7 61 
61 21 62 
62 37 14 
74 3 
14 67 
67 74 
56 70 20 
24 71 85 10 
3 52 56 
20 66 64 
10 55 76 
18 25 
76 18 
64 49 
89 72 
25 17 
17 54 
49 89 
84 50 83 
83 69 94 26 
54 22 51 
72 91 
79 73 2 
57 5 79 
91 11 44 
44 63 
51 77 41 
2 58 38 
26 19 60 
12 31 
63 30 
41 98 86 1 
31 34 
39 81 
21 48 
38 42 
8 53 
30 32 
68 16 23 
22 
48 
32 
7 40 
50 
99 80 
92 96 
60 95 
82 
19 
78 
52 4 
77 
42 
53 82 
80 
94 87 
28 
88 
4 
95 
23 
66 
1 
73 
11 
86 
16 
81 
97 
5 
87 
40 
55 
98 
85 
96 
34 
58 
71 
37 9 
75 
69 
9 
70 
29 
# clone tree 23 objective: 5.26671
0 15 
15 55 24 36 
36 39 90 
90 99 93 
93 27 
27 57 35 
35 88 92 45 
45 28 8 65 
65 6 
43 98 46 
46 68 13 
6 75 43 
13 78 12 84 47 
47 37 33 
33 97 59 
59 7 61 
61 21 62 
62 9 14 
74 3 
14 67 
67 74 
56 70 20 
24 85 10 
3 52 56 
20 64 
10 40 76 
18 25 
76 18 
64 49 
89 72 
25 17 
17 54 
49 89 
84 50 83 
83 94 26 
54 22 51 
72 91 
79 66 2 
57 5 79 
91 11 44 
44 63 
51 77 41 
2 38 
26 19 60 
12 58 31 
63 30 
41 86 1 
31 34 
39 81 
21 48 
38 42 
8 53 
30 32 
68 16 23 
22 
48 
32 
7 
50 
99 80 
92 96 
60 95 
82 
19 
78 
52 4 
77 
42 
53 82 
80 
94 87 
28 
88 
4 
95 
23 69 
66 
1 73 
73 
11 
86 
16 
81 71 
97 
5 
87 
40 
55 
98 
85 
96 
34 
58 
71 
37 
75 29 
69 
9 
70 
29 
# clone tree 24 objective: 5.26671
0 15 
15 71 24 36 
36 39 90 
90 37 99 93 
93 27 
27 57 35 
35 88 92 45 
45 28 8 65 
65 70 6 
43 46 
46 68 13 
6 43 
13 69 78 12 84 47 
47 33 
33 97 59 
59 7 61 
61 21 62 
62 14 
74 3 
14 67 
67 74 
56 20 
24 85 10 
3 52 56 
20 66 64 
10 55 76 
18 25 
76 18 
64 49 
89 72 
25 75 17 
17 54 
49 89 
84 50 83 
83 94 26 
54 22 51 
72 91 
79 73 2 
57 5 79 
91 11 44 
44 63 
51 77 41 
2 58 38 
26 19 60 
12 31 
63 9 30 
41 98 86 1 
31 34 
39 81 
21 48 
38 42 
8 53 
30 32 
68 16 23 
22 
48 29 
32 
7 40 
50 
99 80 
92 96 
60 95 
82 
19 
78 
52 4 
77 
42 
53 82 
80 
94 87 
28 
88 
4 
95 
23 
66 
1 
73 
11 
86 
16 
81 
97 
5 
87 
40 
55 
98 
85 
96 
34 
58 
71 
37 
75 
69 
9 
70 
29 
# clone tree 25 objective: 5.26671
0 15 
15 24 36 
36 39 90 
90 99 93 
93 27 
27 57 35 
35 88 92 45 
45 28 8 65 
65 6 
43 46 
46 68 13 
6 43 
13 78 12 84 47 
47 37 33 
33 97 59 
59 7 61 
61 21 62 
62 70 34 14 
74 3 
14 29 67 
67 74 
56 20 
24 10 
3 52 56 
20 66 64 
10 55 76 
18 25 
76 18 
64 49 
89 72 
25 17 
17 54 
49 89 
84 50 83 
83 94 26 
54 22 51 
72 91 
79 73 2 
57 5 79 
91 11 44 
44 71 63 
51 77 41 
2 58 38 
26 19 60 
12 31 
63 30 
41 86 1 
31 
39 81 
21 48 
38 69 42 
8 53 
30 32 
68 16 23 
22 9 
48 
32 96 
7 98 40 
50 
99 80 
92 
60 95 
82 
19 
78 
52 4 
77 85 
42 
53 82 
80 
94 87 
28 
88 
4 
95 
23 
66 
1 
73 
11 
86 
16 
81 75 
97 
5 
87 
40 
55 
98 
85 
96 
34 
58 
71 
37 
75 
69 
9 
70 
29 
# clone tree 26 objective: 5.26671
0 15 
15 24 36 
36 39 90 
90 99 93 
93 27 
27 29 57 35 
35 88 92 45 
45 28 8 65 
65 6 
43 46 
46 68 13 
6 43 
13 78 12 84 47 
47 33 
33 97 59 
59 7 61 
61 21 62 
62 70 14 
74 3 
14 67 
67 74 
56 20 
24 71 85 10 
3 52 56 
20 66 64 
10 55 76 
18 25 
76 18 
64 49 
89 72 
25 17 
17 54 
49 89 
84 50 83 
83 94 26 
54 22 51 
72 91 
79 73 2 
57 5 79 
91 11 44 
44 63 
51 77 41 
2 58 38 
26 19 60 
12 31 
63 30 
41 75 98 86 1 
31 34 
39 81 
21 48 
38 42 
8 53 
30 32 
68 16 23 
22 
48 
32 
7 40 
50 
99 80 
92 96 
60 95 
82 37 
19 
78 
52 4 
77 
42 
53 82 
80 
94 87 
28 
88 
4 
95 
23 9 
66 69 
1 
73 
11 
86 
16 
81 
97 
5 
87 
40 
55 
98 
85 
96 
34 
58 
71 
37 
75 
69 
9 
70 
29 
# clone tree 27 objective: 5.26671
0 15 
15 55 24 36 
36 39 90 
90 99 93 
93 27 
27 57 35 
35 88 92 45 
45 28 8 65 
65 6 
43 98 46 
46 68 13 
6 75 43 
13 78 12 84 47 
47 37 33 
33 97 59 
59 7 61 
61 21 62 
62 9 14 
74 3 
14 67 
67 74 
56 70 20 
24 85 10 
3 52 56 
20 64 
10 40 76 
18 25 
76 18 
64 49 
89 29 72 
25 17 
17 54 
49 89 
84 50 83 
83 94 26 
54 22 51 
72 91 
79 66 2 
57 5 79 
91 11 44 
44 63 
51 77 41 
2 38 
26 19 60 
12 58 31 
63 30 
41 86 1 
31 34 
39 81 
21 48 
38 42 
8 53 
30 32 
68 16 23 
22 
48 
32 
7 
50 
99 80 
92 96 
60 95 
82 
19 
78 
52 4 
77 
42 
53 82 
80 
94 87 
28 
88 
4 
95 
23 69 
66 
1 73 
73 
11 
86 
16 
81 71 
97 
5 
87 
40 
55 
98 
85 
96 
34 
58 
71 
37 
75 
69 
9 
70 
29 
# clone tree 28 objective: 5.26671
0 15 
15 24 36 
36 39 90 
90 99 93 
93 27 
27 57 35 
35 88 92 45 
45 28 8 65 
65 6 
43 46 
46 68 13 
6 75 43 
13 78 12 84 47 
47 33 
33 97 59 
59 7 61 
61 21 62 
62 37 14 
74 3 
14 67 
67 74 
56 70 20 
24 71 85 10 
3 52 56 
20 66 64 
10 55 76 
18 25 
76 18 
64 49 
89 72 
25 17 
17 54 
49 89 
84 50 83 
83 69 94 26 
54 22 51 
72 91 
79 73 2 
57 5 79 
91 11 44 
44 63 
51 77 41 
2 58 38 
26 29 19 60 
12 31 
63 30 
41 98 86 1 
31 34 
39 81 
21 48 
38 42 
8 53 
30 32 
68 16 23 
22 
48 
32 
7 40 
50 
99 80 
92 96 
60 95 
82 
19 
78 
52 4 
77 
42 
53 82 
80 
94 87 
28 
88 
4 
95 
23 
66 
1 
73 
11 
86 
16 
81 
97 
5 
87 
40 
55 
98 
85 
96 
34 
58 
71 
37 9 
75 
69 
9 
70 
29 
# clone tree 29 objective: 5.26671
0 15 
15 24 36 
36 39 90 
90 99 93 
93 27 
27 57 35 
35 88 92 45 
45 28 8 65 
65 6 
43 46 
46 68 13 
6 43 
13 78 12 84 47 
47 29 37 33 
33 97 59 
59 7 61 
61 21 62 
62 34 14 
74 3 
14 67 
67 74 
56 20 
24 10 
3 52 56 
20 66 64 
10 55 76 
18 25 
76 18 
64 49 
89 72 
25 17 
17 54 
49 89 
84 50 83 
83 69 94 26 
54 22 51 
72 91 
79 73 2 
57 5 79 
91 11 44 
44 9 71 63 
51 77 41 
2 58 38 
26 19 60 
12 31 
63 30 
41 86 1 
31 
39 81 
21 48 
38 42 
8 53 
30 32 
68 16 23 
22 
48 
32 96 
7 98 40 
50 
99 80 
92 70 
60 95 
82 
19 
78 
52 4 
77 85 
42 
53 82 
80 
94 87 
28 
88 
4 
95 
23 
66 
1 
73 
11 
86 
16 
81 75 
97 
5 
87 
40 
55 
98 
85 
96 
34 
58 
71 
37 
75 
69 
9 
70 
29 
# clone tree 30 objective: 5.26671
0 15 
15 24 36 
36 39 90 
90 99 93 
93 27 
27 57 35 
35 88 92 45 
45 28 8 65 
65 6 
43 46 
46 68 13 
6 75 43 
13 78 12 84 47 
47 33 
33 97 59 
59 7 61 
61 21 62 
62 37 14 
74 3 
14 67 
67 74 
56 20 
24 71 85 10 
3 52 56 
20 66 64 
10 55 76 
18 25 
76 18 
64 49 
89 72 
25 17 
17 54 
49 89 
84 50 83 
83 69 94 26 
54 22 51 
72 91 
79 73 2 
57 29 5 79 
91 11 44 
44 63 
51 77 41 
2 58 38 
26 19 60 
12 31 
63 30 
41 98 86 1 
31 34 
39 81 
21 48 
38 42 
8 53 
30 32 
68 16 23 
22 
48 
32 
7 40 
50 
99 80 
92 70 96 
60 95 
82 
19 
78 
52 4 
77 
42 
53 82 
80 
94 87 
28 
88 
4 
95 
23 
66 
1 
73 
11 
86 
16 
81 
97 
5 
87 
40 
55 
98 
85 
96 
34 
58 
71 
37 9 
75 
69 
9 
70 
29 
# clone tree 31 objective: 5.26671
0 15 
15 24 36 
36 39 90 
90 99 93 
93 27 
27 57 35 
35 88 92 45 
45 28 8 65 
65 6 
43 46 
46 68 13 
6 75 43 
13 78 12 84 47 
47 33 
33 97 59 
59 7 61 
61 21 62 
62 37 14 
74 3 
14 67 
67 74 
56 70 20 
24 71 85 10 
3 52 56 
20 66 64 
10 55 76 
18 25 
76 18 
64 49 
89 72 
25 17 
17 54 
49 89 
84 50 83 
83 69 94 26 
54 22 51 
72 91 
79 73 2 
57 5 79 
91 11 44 
44 63 
51 77 41 
2 58 38 
26 19 60 
12 31 
63 30 
41 98 86 1 
31 34 
39 81 
21 48 
38 42 
8 53 
30 32 
68 16 23 
22 
48 
32 
7 40 
50 
99 80 
92 96 
60 95 
82 
19 
78 
52 4 
77 
42 
53 82 
80 
94 87 
28 
88 
4 
95 29 
23 
66 
1 
73 
11 
86 
16 
81 
97 
5 
87 
40 
55 
98 
85 
96 
34 
58 
71 
37 9 
75 
69 
9 
70 
29 
# clone tree 32 objective: 5.26671
0 15 
15 24 36 
36 39 90 
90 99 93 
93 27 
27 57 35 
35 88 92 45 
45 28 8 65 
65 6 
43 46 
46 68 13 
6 43 
13 78 12 84 47 
47 33 
33 97 59 
59 7 61 
61 21 62 
62 14 
74 3 
14 67 
67 74 
56 20 
24 71 85 10 
3 52 56 
20 70 66 64 
10 55 76 
18 25 
76 18 
64 49 
89 72 
25 17 
17 54 
49 89 
84 50 83 
83 94 26 
54 22 51 
72 91 
79 73 2 
57 5 79 
91 11 44 
44 9 63 
51 77 41 
2 58 38 
26 19 60 
12 31 
63 30 
41 75 98 86 1 
31 34 
39 81 
21 48 
38 29 42 
8 53 
30 32 
68 16 23 
22 
48 
32 
7 40 
50 
99 80 
92 96 
60 95 
82 37 
19 
78 
52 4 
77 
42 
53 82 
80 
94 87 
28 
88 
4 
95 
23 
66 69 
1 
73 
11 
86 
16 
81 
97 
5 
87 
40 
55 
98 
85 
96 
34 
58 
71 
37 
75 
69 
9 
70 
29 
# clone tree 33 objective: 5.26671
0 15 
15 24 36 
36 39 90 
90 99 93 
93 27 
27 57 35 
35 88 92 45 
45 28 8 65 
65 6 
43 29 46 
46 68 13 
6 43 
13 78 12 84 47 
47 37 33 
33 97 59 
59 7 61 
61 21 62 
62 34 14 
74 3 
14 67 
67 74 
56 20 
24 10 
3 52 56 
20 66 64 
10 55 76 
18 25 
76 18 
64 49 
89 72 
25 17 
17 54 
49 89 
84 50 83 
83 69 94 26 
54 22 51 
72 91 
79 73 2 
57 5 79 
91 11 44 
44 9 71 63 
51 77 41 
2 58 38 
26 19 60 
12 31 
63 30 
41 86 1 
31 
39 81 
21 48 
38 42 
8 53 
30 32 
68 16 23 
22 
48 
32 96 
7 98 40 
50 
99 80 
92 
60 95 
82 
19 
78 
52 4 
77 85 
42 
53 82 
80 
94 87 
28 
88 
4 
95 
23 
66 
1 
73 
11 
86 70 
16 
81 75 
97 
5 
87 
40 
55 
98 
85 
96 
34 
58 
71 
37 
75 
69 
9 
70 
29 
# clone tree 34 objective: 5.26671
0 15 
15 24 36 
36 39 90 
90 99 93 
93 27 
27 57 35 
35 88 92 45 
45 28 8 65 
65 6 
43 46 
46 68 13 
6 43 
13 78 12 84 47 
47 37 33 
33 97 59 
59 7 61 
61 21 62 
62 34 14 
74 3 
14 67 
67 74 
56 20 
24 10 
3 52 56 
20 66 64 
10 55 76 
18 25 
76 18 
64 49 
89 72 
25 17 
17 54 
49 89 
84 50 83 
83 69 94 26 
54 22 51 
72 70 91 
79 73 2 
57 5 79 
91 11 44 
44 9 71 63 
51 29 77 41 
2 58 38 
26 19 60 
12 31 
63 30 
41 86 1 
31 
39 81 
21 48 
38 42 
8 53 
30 32 
68 16 23 
22 
48 
32 96 
7 98 40 
50 
99 80 
92 
60 95 
82 
19 
78 
52 4 
77 85 
42 
53 82 
80 
94 87 
28 
88 
4 
95 
23 
66 
1 
73 
11 
86 
16 
81 75 
97 
5 
87 
40 
55 
98 
85 
96 
34 
58 
71 
37 
75 
69 
9 
70 
29 
# clone tree 35 objective: 5.26671
0 15 
15 24 36 
36 39 90 
90 99 93 
93 27 
27 57 35 
35 88 92 45 
45 28 8 65 
65 6 
43 46 
46 68 13 
6 43 
13 78 12 84 47 
47 69 37 33 
33 29 97 59 
59 7 61 
61 21 62 
62 34 14 
74 3 
14 67 
67 74 
56 20 
24 10 
3 52 56 
20 66 64 
10 55 76 
18 25 
76 18 
64 49 
89 72 
25 17 
17 54 
49 89 
84 50 83 
83 94 26 
54 22 51 
72 91 
79 73 2 
57 5 79 
91 11 44 
44 71 63 
51 77 41 
2 58 38 
26 19 60 
12 31 
63 30 
41 86 1 
31 
39 81 
21 48 
38 42 
8 70 53 
30 32 
68 16 23 
22 9 
48 
32 96 
7 98 40 
50 75 
99 80 
92 
60 95 
82 
19 
78 
52 4 
77 85 
42 
53 82 
80 
94 87 
28 
88 
4 
95 
23 
66 
1 
73 
11 
86 
16 
81 
97 
5 
87 
40 
55 
98 
85 
96 
34 
58 
71 
37 
75 
69 
9 
70 
29 
# clone tree 36 objective: 5.26671
0 15 
15 71 24 36 
36 39 90 
90 37 99 93 
93 27 
27 57 35 
35 88 92 45 
45 28 8 65 
65 6 
43 46 
46 68 13 
6 43 
13 69 78 12 84 47 
47 33 
33 97 59 
59 7 61 
61 21 62 
62 14 
74 3 
14 67 
67 74 
56 20 
24 85 10 
3 52 56 
20 66 64 
10 55 76 
18 25 
76 18 
64 49 
89 72 
25 75 17 
17 54 
49 89 
84 50 83 
83 94 26 
54 22 51 
72 91 
79 73 2 
57 5 79 
91 11 44 
44 63 
51 77 41 
2 58 38 
26 19 60 
12 31 
63 30 
41 98 86 1 
31 29 34 
39 81 
21 48 
38 42 
8 53 
30 32 
68 16 23 
22 
48 
32 
7 40 
50 
99 80 
92 70 96 
60 95 
82 
19 
78 
52 4 
77 
42 
53 82 
80 9 
94 87 
28 
88 
4 
95 
23 
66 
1 
73 
11 
86 
16 
81 
97 
5 
87 
40 
55 
98 
85 
96 
34 
58 
71 
37 
75 
69 
9 
70 
29 
# clone tree 37 objective: 5.26671
0 15 
15 24 36 
36 39 90 
90 99 93 
93 27 
27 57 35 
35 88 92 45 
45 28 8 65 
65 6 
43 46 
46 68 13 
6 75 43 
13 78 12 84 47 
47 33 
33 97 59 
59 7 61 
61 21 62 
62 37 14 
74 3 
14 67 
67 74 
56 20 
24 71 85 10 
3 52 56 
20 66 64 
10 55 76 
18 25 
76 18 
64 49 
89 72 
25 17 
17 54 
49 89 
84 50 83 
83 69 94 26 
54 22 51 
72 29 91 
79 73 2 
57 5 79 
91 11 44 
44 63 
51 77 41 
2 58 38 
26 19 60 
12 31 
63 30 
41 98 86 1 
31 34 
39 81 
21 48 
38 42 
8 53 
30 32 
68 16 23 
22 
48 
32 
7 40 
50 
99 80 
92 70 96 
60 95 
82 
19 
78 
52 4 
77 
42 
53 82 
80 
94 87 
28 
88 
4 
95 
23 
66 
1 
73 
11 
86 
16 
81 
97 
5 
87 
40 
55 
98 
85 
96 
34 
58 
71 
37 9 
75 
69 
9 
70 
29 
# clone tree 38 objective: 5.26671
0 15 
15 24 36 
36 39 90 
90 99 93 
93 27 
27 57 35 
35 88 92 45 
45 28 8 65 
65 6 
43 46 
46 68 13 
6 43 
13 78 12 84 47 
47 37 33 
33 97 59 
59 7 61 
61 21 62 
62 34 14 
74 3 
14 67 
67 74 
56 29 20 
24 10 
3 52 56 
20 66 64 
10 55 76 
18 25 
76 18 
64 49 
89 72 
25 17 
17 69 54 
49 89 
84 50 83 
83 94 26 
54 22 51 
72 91 
79 73 2 
57 5 79 
91 11 44 
44 71 63 
51 77 41 
2 58 38 
26 19 60 
12 31 
63 30 
41 86 1 
31 
39 81 
21 48 
38 42 
8 53 
30 32 
68 16 23 
22 
48 
32 96 
7 98 40 
50 
99 80 
92 
60 95 
82 9 
19 70 
78 
52 4 
77 85 
42 
53 82 
80 
94 87 
28 
88 
4 75 
95 
23 
66 
1 
73 
11 
86 
16 
81 
97 
5 
87 
40 
55 
98 
85 
96 
34 
58 
71 
37 
75 
69 
9 
70 
29 
# clone tree 39 objective: 5.26671
0 15 
15 24 36 
36 39 90 
90 99 93 
93 27 
27 57 35 
35 88 92 45 
45 28 8 65 
65 6 
43 46 
46 68 13 
6 43 
13 78 12 84 47 
47 37 33 
33 97 59 
59 7 61 
61 21 62 
62 34 14 
74 3 
14 70 67 
67 74 
56 20 
24 10 
3 52 56 
20 66 64 
10 55 76 
18 25 
76 18 
64 49 
89 72 
25 17 
17 54 
49 89 
84 50 83 
83 69 94 26 
54 22 51 
72 91 
79 73 2 
57 5 79 
91 11 44 
44 9 71 63 
51 77 41 
2 58 38 
26 19 60 
12 31 
63 29 30 
41 86 1 
31 
39 81 
21 48 
38 42 
8 53 
30 32 
68 16 23 
22 
48 
32 96 
7 98 40 
50 
99 80 
92 
60 95 
82 
19 
78 
52 4 
77 85 
42 
53 82 
80 
94 87 
28 
88 
4 
95 
23 
66 
1 
73 
11 
86 
16 
81 75 
97 
5 
87 
40 
55 
98 
85 
96 
34 
58 
71 
37 
75 
69 
9 
70 
29 
# clone tree 40 objective: 5.26671
0 15 
15 24 36 
36 39 90 
90 99 93 
93 27 
27 57 35 
35 88 92 45 
45 28 8 65 
65 6 
43 46 
46 68 13 
6 43 
13 78 12 84 47 
47 33 
33 97 59 
59 7 61 
61 21 62 
62 14 
74 3 
14 67 
67 74 
56 20 
24 71 85 10 
3 52 56 
20 66 64 
10 55 76 
18 25 
76 18 
64 49 
89 72 
25 17 
17 54 
49 89 
84 50 83 
83 94 26 
54 22 51 
72 91 
79 73 2 
57 5 79 
91 11 44 
44 63 
51 77 41 
2 58 38 
26 19 60 
12 31 
63 30 
41 98 86 1 
31 69 34 
39 81 
21 48 
38 42 
8 53 
30 32 
68 16 23 
22 
48 
32 
7 40 
50 
99 80 
92 96 
60 95 
82 37 
19 
78 
52 29 4 
77 
42 
53 82 
80 9 
94 87 
28 
88 
4 70 
95 
23 
66 
1 
73 
11 
86 
16 
81 75 
97 
5 
87 
40 
55 
98 
85 
96 
34 
58 
71 
37 
75 
69 
9 
70 
29 
# clone tree 41 objective: 5.26671
0 15 
15 24 36 
36 39 90 
90 99 93 
93 27 
27 57 35 
35 88 92 45 
45 28 8 65 
65 6 
43 46 
46 68 13 
6 43 
13 78 12 84 47 
47 33 
33 97 59 
59 7 61 
61 21 62 
62 34 14 
74 3 
14 67 
67 74 
56 20 
24 10 
3 52 56 
20 66 64 
10 55 76 
18 25 
76 18 
64 49 
89 72 
25 17 
17 54 
49 89 
84 50 83 
83 94 26 
54 22 51 
72 91 
79 73 2 
57 5 79 
91 11 44 
44 63 
51 77 41 
2 38 
26 29 19 60 
12 31 
63 30 
41 86 1 
31 37 58 
39 69 81 
21 48 
38 42 
8 53 
30 32 
68 16 23 
22 
48 
32 96 
7 98 40 
50 
99 80 
92 
60 95 
82 
19 
78 
52 4 
77 85 
42 
53 82 
80 
94 87 
28 
88 
4 70 75 
95 
23 
66 
1 
73 
11 
86 
16 
81 71 
97 
5 9 
87 
40 
55 
98 
85 
96 
34 
58 
71 
37 
75 
69 
9 
70 
29 
# clone tree 42 objective: 5.26671
0 15 
15 71 24 36 
36 75 39 90 
90 37 99 93 
93 27 
27 57 35 
35 88 92 45 
45 28 8 65 
65 6 
43 46 
46 68 13 
6 43 
13 78 12 84 47 
47 33 
33 97 59 
59 7 61 
61 21 62 
62 14 
74 3 
14 67 
67 74 
56 20 
24 85 10 
3 52 56 
20 66 64 
10 55 76 
18 25 
76 18 
64 49 
89 72 
25 17 
17 54 
49 89 
84 50 83 
83 94 26 
54 22 51 
72 91 
79 73 2 
57 5 79 
91 11 44 
44 29 70 63 
51 77 41 
2 58 38 
26 19 60 
12 31 
63 30 
41 98 86 1 
31 34 
39 81 
21 48 
38 42 
8 53 
30 32 
68 16 23 
22 
48 
32 
7 40 
50 
99 80 
92 96 
60 95 
82 
19 
78 
52 4 
77 
42 
53 82 
80 
94 87 
28 
88 
4 
95 
23 
66 69 
1 
73 
11 
86 
16 
81 
97 
5 
87 
40 
55 
98 
85 
96 
34 9 
58 
71 
37 
75 
69 
9 
70 
29 
# clone tree 43 objective: 5.26671
0 15 
15 71 24 36 
36 75 39 90 
90 9 37 99 93 
93 27 
27 57 35 
35 88 92 45 
45 28 8 65 
65 70 6 
43 46 
46 68 13 
6 43 
13 69 78 12 84 47 
47 33 
33 97 59 
59 7 61 
61 21 62 
62 14 
74 3 
14 67 
67 74 
56 20 
24 85 10 
3 52 56 
20 66 64 
10 55 76 
18 25 
76 18 
64 49 
89 72 
25 17 
17 54 
49 89 
84 50 83 
83 94 26 
54 22 51 
72 91 
79 73 2 
57 5 79 
91 11 44 
44 63 
51 77 41 
2 58 38 
26 19 60 
12 31 
63 30 
41 98 86 1 
31 34 
39 81 
21 48 
38 42 
8 53 
30 32 
68 16 23 
22 
48 
32 
7 40 
50 
99 80 
92 96 
60 95 
82 
19 
78 
52 29 4 
77 
42 
53 82 
80 
94 87 
28 
88 
4 
95 
23 
66 
1 
73 
11 
86 
16 
81 
97 
5 
87 
40 
55 
98 
85 
96 
34 
58 
71 
37 
75 
69 
9 
70 
29 
# clone tree 44 objective: 5.26671
0 15 
15 71 24 36 
36 39 90 
90 37 99 93 
93 27 
27 57 35 
35 88 92 45 
45 28 8 65 
65 6 
43 46 
46 68 13 
6 43 
13 78 12 84 47 
47 33 
33 97 59 
59 7 61 
61 21 62 
62 14 
74 3 
14 67 
67 74 
56 20 
24 85 10 
3 52 56 
20 66 64 
10 55 76 
18 25 
76 18 
64 49 
89 72 
25 17 
17 69 54 
49 89 
84 50 83 
83 94 26 
54 22 51 
72 91 
79 73 2 
57 5 79 
91 29 11 44 
44 63 
51 77 41 
2 58 38 
26 19 60 
12 31 
63 30 
41 98 86 1 
31 34 
39 81 
21 48 
38 42 
8 53 
30 32 
68 16 23 
22 
48 
32 
7 40 
50 
99 80 
92 96 
60 95 
82 75 
19 
78 
52 4 
77 
42 
53 82 
80 
94 87 
28 
88 
4 
95 
23 9 
66 
1 
73 
11 
86 70 
16 
81 
97 
5 
87 
40 
55 
98 
85 
96 
34 
58 
71 
37 
75 
69 
9 
70 
29 
# clone tree 45 objective: 5.26671
0 15 
15 71 24 36 
36 75 39 90 
90 37 99 93 
93 27 
27 57 35 
35 88 92 45 
45 28 8 65 
65 6 
43 46 
46 68 13 
6 43 
13 78 12 84 47 
47 33 
33 97 59 
59 7 61 
61 21 62 
62 14 
74 3 
14 67 
67 74 
56 20 
24 85 10 
3 52 56 
20 66 64 
10 55 76 
18 25 
76 18 
64 49 
89 72 
25 17 
17 54 
49 89 
84 50 83 
83 94 26 
54 22 51 
72 91 
79 73 2 
57 5 79 
91 11 44 
44 63 
51 77 41 
2 58 38 
26 19 60 
12 31 
63 30 
41 98 86 1 
31 34 
39 81 
21 48 
38 42 
8 29 53 
30 32 
68 16 23 
22 
48 
32 
7 40 
50 
99 80 
92 96 
60 95 
82 9 
19 70 
78 69 
52 4 
77 
42 
53 82 
80 
94 87 
28 
88 
4 
95 
23 
66 
1 
73 
11 
86 
16 
81 
97 
5 
87 
40 
55 
98 
85 
96 
34 
58 
71 
37 
75 
69 
9 
70 
29 
# clone tree 46 objective: 5.26671
0 15 
15 71 24 36 
36 39 90 
90 37 99 93 
93 27 
27 57 35 
35 88 92 45 
45 28 8 65 
65 6 
43 46 
46 68 13 
6 43 
13 78 12 84 47 
47 33 
33 97 59 
59 7 61 
61 21 62 
62 14 
74 3 
14 67 
67 74 
56 20 
24 85 10 
3 52 56 
20 66 64 
10 55 76 
18 25 
76 18 
64 49 
89 72 
25 17 
17 54 
49 89 
84 50 83 
83 94 26 
54 22 51 
72 91 
79 73 2 
57 5 79 
91 11 44 
44 29 63 
51 77 41 
2 58 38 
26 19 60 
12 31 
63 9 30 
41 75 98 86 1 
31 34 
39 81 
21 48 
38 42 
8 53 
30 32 
68 16 23 
22 
48 
32 
7 40 
50 
99 80 
92 96 
60 95 
82 
19 
78 
52 4 
77 
42 
53 82 
80 
94 87 
28 
88 
4 
95 
23 
66 69 
1 
73 
11 
86 
16 70 
81 
97 
5 
87 
40 
55 
98 
85 
96 
34 
58 
71 
37 
75 
69 
9 
70 
29 
# clone tree 47 objective: 5.26671
0 15 
15 24 36 
36 39 90 
90 99 93 
93 27 
27 57 35 
35 88 92 45 
45 28 8 65 
65 6 
43 46 
46 68 13 
6 43 
13 78 12 84 47 
47 37 33 
33 97 59 
59 7 61 
61 21 62 
62 34 14 
74 3 
14 67 
67 74 
56 20 
24 10 
3 52 56 
20 66 64 
10 55 76 
18 25 
76 18 
64 49 
89 72 
25 17 
17 54 
49 89 
84 50 83 
83 69 94 26 
54 22 51 
72 91 
79 73 2 
57 5 79 
91 11 44 
44 9 71 63 
51 77 41 
2 58 38 
26 19 60 
12 31 
63 30 
41 86 1 
31 
39 81 
21 48 
38 42 
8 53 
30 32 
68 16 23 
22 
48 
32 96 
7 98 40 
50 
99 80 
92 
60 95 
82 
19 
78 
52 4 
77 85 
42 
53 82 
80 29 
94 87 
28 
88 
4 
95 
23 
66 
1 
73 
11 
86 70 
16 
81 75 
97 
5 
87 
40 
55 
98 
85 
96 
34 
58 
71 
37 
75 
69 
9 
70 
29 
# clone tree 48 objective: 5.26671
0 15 
15 24 36 
36 39 90 
90 99 93 
93 27 
27 57 35 
35 88 92 45 
45 28 8 65 
65 6 
43 46 
46 68 13 
6 43 
13 78 12 84 47 
47 33 
33 97 59 
59 7 61 
61 21 62 
62 14 
74 29 3 
14 67 
67 74 
56 20 
24 71 85 10 
3 52 56 
20 66 64 
10 55 76 
18 25 
76 18 
64 49 
89 72 
25 17 
17 54 
49 89 
84 50 83 
83 94 26 
54 22 51 
72 91 
79 73 2 
57 5 79 
91 11 44 
44 63 
51 77 41 
2 58 38 
26 19 60 
12 31 
63 30 
41 98 86 1 
31 69 34 
39 81 
21 48 
38 42 
8 53 
30 32 
68 16 23 
22 
48 
32 
7 40 
50 
99 80 
92 96 
60 95 
82 37 
19 
78 
52 4 
77 
42 
53 82 
80 9 
94 87 
28 
88 
4 70 
95 
23 
66 
1 
73 
11 
86 
16 
81 75 
97 
5 
87 
40 
55 
98 
85 
96 
34 
58 
71 
37 
75 
69 
9 
70 
29 
# clone tree 49 objective: 5.26671
0 15 
15 24 36 
36 39 90 
90 99 93 
93 27 
27 57 35 
35 88 92 45 
45 28 8 65 
65 6 
43 46 
46 68 13 
6 43 
13 78 12 84 47 
47 69 37 33 
33 97 59 
59 7 61 
61 21 62 
62 34 14 
74 3 
14 67 
67 74 
56 70 20 
24 10 
3 52 56 
20 66 64 
10 55 76 
18 25 
76 18 
64 49 
89 72 
25 29 17 
17 54 
49 89 
84 50 83 
83 94 26 
54 22 51 
72 91 
79 73 2 
57 5 79 
91 11 44 
44 71 63 
51 77 41 
2 58 38 
26 19 60 
12 31 
63 30 
41 86 1 
31 
39 81 
21 48 
38 42 
8 53 
30 32 
68 16 23 
22 
48 
32 96 
7 98 40 
50 75 
99 80 
92 
60 95 
82 
19 
78 
52 4 
77 85 
42 
53 82 
80 
94 87 
28 
88 
4 
95 
23 
66 
1 
73 
11 
86 
16 
81 
97 
5 9 
87 
40 
55 
98 
85 
96 
34 
58 
71 
37 
75 
69 
9 
70 
29 
