0 62 40 
40 49 80 10 61 
81 53 78 70 
61 81 
70 7 18 
18 94 37 84 
84 69 44 90 
90 64 21 91 
10 28 96 
96 11 34 74 43 
91 23 76 
76 41 8 
8 66 58 16 
21 31 48 42 22 
16 75 72 
43 55 
55 35 9 
72 68 
22 14 39 
68 1 
9 5 93 46 
74 15 
15 3 83 
82 27 52 
1 82 
39 4 
67 25 26 
46 67 
83 88 
52 79 
80 97 19 
50 54 86 
17 20 
4 50 
26 60 
79 56 
58 17 
88 29 33 
75 12 98 
60 85 38 
19 51 
49 6 24 2 
34 13 
62 77 57 
33 36 
56 95 
57 
42 32 
32 30 
2 
7 47 
86 73 
98 99 
12 
20 
51 63 
95 87 
47 71 
78 
66 
63 59 
37 45 65 
36 
48 
11 
44 
73 
93 
14 
38 
31 
87 
94 
59 
30 
69 
53 
99 
71 
28 
54 
13 
97 
41 
3 
65 
77 
24 92 
85 89 
89 
35 
64 
45 
5 
27 
23 
29 
92 
25 
6 
