# clone tree 0 objective: 4.56406
0 5 23 46 
28 35 85 
46 28 
59 74 84 10 
43 59 
85 90 80 43 
10 56 44 62 
62 79 25 
25 45 89 
89 94 34 
34 50 12 15 
57 60 39 47 91 
15 13 86 
86 57 
91 38 30 
65 17 
17 20 18 
30 99 65 
84 24 33 
18 21 41 
33 61 37 
38 53 27 
41 2 
27 69 6 
37 51 72 
2 19 3 
21 77 4 
72 36 
68 73 11 
44 42 68 
4 64 
36 97 54 
24 8 78 83 
74 1 
22 67 
54 14 
3 32 
6 22 
14 16 
23 95 
64 31 
80 87 
83 52 
12 81 
69 76 
32 7 
70 98 66 
1 70 
67 93 
95 96 
11 63 
40 
31 40 
77 92 
16 55 
93 88 
20 26 
76 58 
88 
87 
47 82 
78 48 
96 
52 9 
66 
73 
8 75 
92 
39 
7 71 
45 
19 
58 29 
55 
51 
26 
75 
82 49 
94 
48 
29 
53 
35 
13 
99 
56 
61 
42 
63 
81 
98 
50 
49 
60 
79 
9 
90 
71 
97 
5 
# clone tree 1 objective: 4.56406
0 23 46 
28 35 85 
46 28 
59 74 84 10 
43 59 
85 90 80 43 
10 56 44 62 
62 79 25 
25 97 45 89 
89 94 34 
34 50 12 15 
57 60 39 47 91 
15 13 86 
86 57 
91 38 30 
65 17 
17 20 18 
30 99 65 
84 24 33 
18 21 41 
33 61 37 
38 53 27 
41 2 
27 69 6 
37 51 72 
2 19 3 
21 77 4 
72 36 
68 73 11 
44 42 68 
4 64 
36 54 
24 8 78 83 
74 1 
22 67 
54 14 
3 32 
6 22 
14 16 
23 95 
64 31 
80 87 
83 52 
12 81 
69 76 
32 7 
70 98 66 
1 70 
67 93 
95 96 
11 63 
40 
31 40 
77 92 
16 55 
93 88 
20 26 
76 58 
88 
87 
47 82 
78 48 
96 
52 9 
66 
73 
8 75 
92 
39 
7 
45 
19 
58 29 
55 
51 
26 
75 
82 49 
94 
48 
29 
53 
35 
13 
99 
56 
61 71 
42 
63 
81 5 
98 
50 
49 
60 
79 
9 
90 
71 
97 
5 
# clone tree 2 objective: 4.56406
0 5 23 46 
28 35 85 
46 60 28 
59 74 84 10 
43 59 
85 80 43 
10 56 44 62 
62 25 
25 45 89 
89 94 34 
34 50 12 15 
57 39 47 91 
15 13 86 
86 57 
91 38 30 
65 17 
17 20 18 
30 99 65 
84 24 33 
18 21 41 
33 61 37 
38 53 27 
41 2 
27 69 6 
37 51 72 
2 19 3 
21 77 4 
72 36 
68 73 11 
44 42 68 
4 64 
36 54 
24 8 78 83 
74 1 
22 67 
54 14 
3 32 
6 22 
14 16 
23 95 
64 31 
80 87 
83 52 
12 9 81 
69 76 
32 97 7 
70 90 98 66 
1 70 
67 93 
95 96 
11 63 
40 79 
31 40 
77 92 
16 55 
93 88 
20 26 
76 58 
88 
87 
47 82 
78 48 
96 
52 
66 
73 
8 75 
92 
39 
7 
45 
19 
58 29 
55 
51 
26 
75 
82 49 
94 
48 
29 
53 
35 
13 
99 
56 
61 
42 
63 
81 
98 71 
50 
49 
60 
79 
9 
90 
71 
97 
5 
# clone tree 3 objective: 4.56406
0 23 46 
28 35 85 
46 28 
59 74 84 10 
43 59 
85 90 80 43 
10 56 44 62 
62 79 25 
25 45 89 
89 94 34 
34 50 12 15 
57 60 39 47 91 
15 13 86 
86 57 
91 38 30 
65 17 
17 20 18 
30 99 65 
84 24 33 
18 21 41 
33 61 37 
38 53 27 
41 2 
27 69 6 
37 51 72 
2 19 3 
21 77 4 
72 36 
68 73 11 
44 42 68 
4 64 
36 54 
24 8 78 83 
74 1 
22 67 
54 14 
3 32 
6 22 
14 16 
23 95 
64 31 
80 87 
83 52 
12 81 
69 76 
32 7 
70 98 66 
1 70 
67 93 
95 96 
11 63 
40 
31 40 
77 92 
16 55 
93 88 
20 26 
76 58 
88 
87 
47 82 
78 48 
96 
52 9 
66 
73 
8 75 
92 
39 5 
7 
45 
19 
58 29 
55 
51 
26 
75 
82 49 
94 
48 
29 
53 
35 
13 
99 
56 
61 71 
42 
63 97 
81 
98 
50 
49 
60 
79 
9 
90 
71 
97 
5 
# clone tree 4 objective: 4.56406
0 23 46 
28 35 85 
46 28 
59 74 84 10 
43 59 
85 80 43 
10 56 44 62 
62 25 
25 45 89 
89 94 34 
34 12 15 
57 60 39 47 91 
15 90 13 86 
86 57 
91 38 30 
65 17 
17 20 18 
30 65 
84 24 33 
18 21 41 
33 61 37 
38 53 27 
41 2 
27 69 6 
37 51 72 
2 19 3 
21 77 4 
72 36 
68 73 11 
44 42 68 
4 97 64 
36 54 
24 8 78 83 
74 1 
22 67 
54 14 
3 50 32 
6 22 
14 16 
23 95 
64 31 
80 87 
83 52 
12 81 
69 76 
32 7 
70 98 66 
1 70 
67 93 
95 96 
11 63 
40 
31 71 40 
77 92 
16 55 
93 88 
20 26 
76 58 
88 
87 
47 82 
78 48 
96 9 
52 99 
66 
73 
8 75 
92 
39 
7 
45 
19 
58 29 
55 
51 
26 79 
75 
82 49 
94 
48 
29 
53 
35 
13 
99 
56 
61 
42 
63 5 
81 
98 
50 
49 
60 
79 
9 
90 
71 
97 
5 
# clone tree 5 objective: 4.56406
0 23 46 
28 35 85 
46 60 28 
59 74 84 10 
43 5 59 
85 80 43 
10 56 44 62 
62 25 
25 45 89 
89 94 34 
34 50 12 15 
57 39 47 91 
15 13 86 
86 57 
91 71 38 30 
65 17 
17 20 18 
30 99 65 
84 24 33 
18 21 41 
33 61 37 
38 53 27 
41 2 
27 69 6 
37 51 72 
2 19 3 
21 77 4 
72 36 
68 73 11 
44 42 68 
4 64 
36 54 
24 8 78 83 
74 97 1 
22 67 
54 14 
3 32 
6 22 
14 16 
23 95 
64 31 
80 87 
83 52 
12 81 
69 76 
32 7 
70 98 66 
1 70 
67 93 
95 96 
11 63 
40 
31 40 
77 92 
16 55 
93 88 
20 26 
76 58 
88 
87 
47 82 
78 48 
96 
52 9 
66 
73 
8 75 
92 
39 
7 
45 
19 
58 29 
55 
51 
26 79 
75 
82 49 
94 
48 
29 
53 
35 
13 90 
99 
56 
61 
42 
63 
81 
98 
50 
49 
60 
79 
9 
90 
71 
97 
5 
# clone tree 6 objective: 4.56406
0 23 46 
28 35 85 
46 28 
59 74 84 10 
43 59 
85 80 43 
10 56 44 62 
62 25 
25 45 89 
89 94 34 
34 12 15 
57 60 39 47 91 
15 90 13 86 
86 57 
91 38 30 
65 17 
17 20 18 
30 65 
84 24 33 
18 21 41 
33 61 37 
38 53 27 
41 2 
27 69 6 
37 51 72 
2 19 3 
21 77 4 
72 36 
68 73 11 
44 42 68 
4 97 64 
36 54 
24 8 78 83 
74 1 
22 67 
54 14 
3 50 32 
6 22 
14 16 
23 95 
64 31 
80 87 
83 52 
12 81 
69 76 
32 7 
70 98 66 
1 70 
67 93 
95 96 
11 63 
40 
31 71 40 
77 92 
16 55 
93 88 
20 26 
76 58 
88 
87 
47 82 
78 48 
96 9 
52 99 
66 
73 
8 75 
92 
39 5 
7 
45 
19 
58 29 
55 
51 
26 79 
75 
82 49 
94 
48 
29 
53 
35 
13 
99 
56 
61 
42 
63 
81 
98 
50 
49 
60 
79 
9 
90 
71 
97 
5 
# clone tree 7 objective: 4.56406
0 23 46 
28 35 85 
46 28 
59 74 84 10 
43 59 
85 90 80 43 
10 56 44 62 
62 79 25 
25 45 89 
89 94 34 
34 50 12 15 
57 60 39 47 91 
15 13 86 
86 57 
91 38 30 
65 17 
17 20 18 
30 99 65 
84 24 33 
18 21 41 
33 61 37 
38 53 27 
41 2 
27 69 6 
37 51 72 
2 19 3 
21 77 4 
72 36 
68 73 11 
44 42 68 
4 64 
36 54 
24 8 78 83 
74 1 
22 67 
54 14 
3 32 
6 22 
14 16 
23 95 
64 31 
80 87 
83 52 
12 81 
69 76 
32 7 
70 98 66 
1 70 
67 93 
95 96 
11 63 
40 
31 40 
77 92 
16 55 
93 88 
20 26 
76 58 
88 
87 
47 82 
78 48 
96 
52 9 
66 
73 
8 75 
92 
39 
7 
45 
19 
58 29 
55 
51 
26 
75 
82 49 
94 
48 
29 5 
53 
35 
13 
99 
56 
61 71 
42 
63 97 
81 
98 
50 
49 
60 
79 
9 
90 
71 
97 
5 
# clone tree 8 objective: 4.56406
0 23 46 
28 5 35 85 
46 28 
59 74 84 10 
43 59 
85 90 80 43 
10 56 44 62 
62 79 25 
25 45 89 
89 94 34 
34 50 12 15 
57 60 39 47 91 
15 13 86 
86 57 
91 38 30 
65 17 
17 20 18 
30 99 65 
84 24 33 
18 21 41 
33 61 37 
38 53 27 
41 2 
27 69 6 
37 51 72 
2 19 3 
21 77 4 
72 36 
68 73 11 
44 42 68 
4 64 
36 97 54 
24 8 78 83 
74 1 
22 67 
54 14 
3 32 
6 22 
14 16 
23 95 
64 31 
80 87 
83 52 
12 81 
69 76 
32 7 
70 98 66 
1 70 
67 93 
95 96 
11 63 
40 
31 40 
77 92 
16 55 
93 88 
20 26 
76 58 
88 
87 
47 82 
78 48 
96 
52 9 
66 
73 
8 75 
92 
39 
7 71 
45 
19 
58 29 
55 
51 
26 
75 
82 49 
94 
48 
29 
53 
35 
13 
99 
56 
61 
42 
63 
81 
98 
50 
49 
60 
79 
9 
90 
71 
97 
5 
# clone tree 9 objective: 4.56406
0 23 46 
28 35 85 
46 28 
59 74 84 10 
43 59 
85 90 80 43 
10 56 44 62 
62 79 25 
25 45 89 
89 94 34 
34 50 12 15 
57 60 39 47 91 
15 13 86 
86 57 
91 38 30 
65 17 
17 20 18 
30 99 65 
84 24 33 
18 21 41 
33 61 37 
38 53 27 
41 2 
27 69 6 
37 51 72 
2 19 3 
21 77 4 
72 36 
68 73 11 
44 42 68 
4 64 
36 54 
24 8 78 83 
74 1 
22 67 
54 14 
3 32 
6 22 
14 16 
23 95 
64 31 
80 87 
83 52 
12 81 
69 76 
32 7 
70 98 66 
1 70 
67 93 
95 96 
11 63 
40 
31 40 
77 92 
16 55 
93 88 
20 26 
76 58 
88 
87 
47 5 82 
78 48 
96 
52 9 
66 
73 
8 75 
92 
39 
7 
45 
19 
58 29 
55 
51 
26 
75 
82 49 
94 
48 
29 
53 
35 
13 
99 
56 
61 71 
42 
63 97 
81 
98 
50 
49 
60 
79 
9 
90 
71 
97 
5 
# clone tree 10 objective: 4.56406
0 23 46 
28 35 85 
46 28 
59 74 84 10 
43 59 
85 80 43 
10 56 44 62 
62 25 
25 45 89 
89 94 34 
34 12 15 
57 60 39 47 91 
15 90 13 86 
86 57 
91 38 30 
65 17 
17 20 18 
30 65 
84 24 33 
18 21 41 
33 61 37 
38 53 27 
41 2 
27 69 6 
37 51 72 
2 19 3 
21 77 4 
72 36 
68 73 11 
44 42 68 
4 97 64 
36 54 
24 8 78 83 
74 1 
22 67 
54 14 
3 50 32 
6 22 
14 16 
23 95 
64 31 
80 87 
83 52 
12 81 
69 76 
32 7 
70 98 66 
1 70 
67 93 
95 96 
11 63 
40 
31 71 40 
77 92 
16 55 
93 88 
20 26 
76 58 
88 
87 
47 82 
78 48 
96 9 
52 99 
66 
73 
8 75 
92 
39 
7 
45 
19 
58 29 
55 
51 
26 79 
75 
82 49 
94 
48 
29 
53 
35 
13 
99 
56 
61 
42 
63 
81 5 
98 
50 
49 
60 
79 
9 
90 
71 
97 
5 
# clone tree 11 objective: 4.56406
0 23 46 
28 5 35 85 
46 60 28 
59 74 84 10 
43 59 
85 80 43 
10 56 44 62 
62 25 
25 45 89 
89 94 34 
34 50 12 15 
57 39 47 91 
15 13 86 
86 57 
91 71 38 30 
65 17 
17 20 18 
30 99 65 
84 24 33 
18 21 41 
33 61 37 
38 53 27 
41 2 
27 69 6 
37 51 72 
2 19 3 
21 77 4 
72 36 
68 73 11 
44 42 68 
4 64 
36 54 
24 8 78 83 
74 97 1 
22 67 
54 14 
3 32 
6 22 
14 16 
23 95 
64 31 
80 87 
83 52 
12 81 
69 76 
32 7 
70 98 66 
1 70 
67 93 
95 96 
11 63 
40 
31 40 
77 92 
16 55 
93 88 
20 26 
76 58 
88 
87 
47 82 
78 48 
96 
52 9 
66 
73 
8 75 
92 
39 
7 
45 
19 
58 29 
55 
51 
26 79 
75 
82 49 
94 
48 
29 
53 
35 
13 90 
99 
56 
61 
42 
63 
81 
98 
50 
49 
60 
79 
9 
90 
71 
97 
5 
# clone tree 12 objective: 4.56406
0 23 46 
28 35 85 
46 28 
59 74 84 10 
43 59 
85 80 43 
10 56 44 62 
62 25 
25 45 89 
89 94 34 
34 12 15 
57 60 39 47 91 
15 90 13 86 
86 57 
91 38 30 
65 17 
17 20 18 
30 65 
84 24 33 
18 21 41 
33 61 37 
38 53 27 
41 2 
27 69 6 
37 51 72 
2 19 3 
21 77 4 
72 36 
68 73 11 
44 42 68 
4 97 64 
36 54 
24 8 78 83 
74 1 
22 67 
54 14 
3 50 32 
6 22 
14 16 
23 95 
64 31 
80 87 
83 52 
12 81 
69 76 
32 7 
70 98 66 
1 70 
67 93 
95 96 
11 63 
40 
31 71 40 
77 92 
16 55 
93 88 
20 26 
76 58 
88 
87 
47 82 
78 48 
96 9 
52 99 
66 
73 
8 75 
92 
39 
7 
45 
19 
58 29 
55 
51 
26 79 
75 
82 49 
94 
48 
29 
53 
35 
13 
99 
56 
61 
42 
63 
81 
98 
50 5 
49 
60 
79 
9 
90 
71 
97 
5 
# clone tree 13 objective: 4.56406
0 23 46 
28 35 85 
46 28 
59 74 84 10 
43 59 
85 90 80 43 
10 56 44 62 
62 79 25 
25 45 89 
89 94 34 
34 50 12 15 
57 60 39 47 91 
15 13 86 
86 57 
91 38 30 
65 17 
17 20 18 
30 99 65 
84 24 33 
18 21 41 
33 61 37 
38 53 27 
41 2 
27 69 6 
37 51 72 
2 19 3 
21 77 4 
72 36 
68 73 11 
44 42 68 
4 64 
36 54 
24 8 78 83 
74 1 
22 67 
54 14 
3 32 
6 22 
14 16 
23 95 
64 31 
80 87 
83 52 
12 81 
69 76 
32 7 
70 98 66 
1 70 
67 93 
95 96 
11 63 
40 
31 40 
77 92 
16 55 
93 88 
20 26 
76 58 
88 
87 
47 82 
78 48 
96 5 
52 9 
66 
73 
8 75 
92 
39 
7 
45 
19 
58 29 
55 
51 
26 
75 
82 49 
94 
48 
29 
53 
35 
13 
99 
56 
61 71 
42 
63 97 
81 
98 
50 
49 
60 
79 
9 
90 
71 
97 
5 
# clone tree 14 objective: 4.56406
0 23 46 
28 5 35 85 
46 28 
59 74 84 10 
43 59 
85 90 80 43 
10 56 44 62 
62 79 25 
25 45 89 
89 94 34 
34 50 12 15 
57 60 39 47 91 
15 13 86 
86 57 
91 38 30 
65 17 
17 20 18 
30 99 65 
84 24 33 
18 21 41 
33 61 37 
38 53 27 
41 2 
27 69 6 
37 51 72 
2 19 3 
21 77 4 
72 36 
68 73 11 
44 42 68 
4 64 
36 54 
24 8 78 83 
74 1 
22 67 
54 14 
3 32 
6 22 
14 16 
23 95 
64 31 
80 87 
83 52 
12 81 
69 76 
32 7 
70 98 66 
1 70 
67 93 
95 96 
11 63 
40 
31 40 
77 92 
16 55 
93 88 
20 26 
76 58 
88 
87 
47 82 
78 48 
96 
52 9 
66 
73 
8 75 
92 
39 
7 71 
45 
19 
58 29 
55 
51 
26 
75 97 
82 49 
94 
48 
29 
53 
35 
13 
99 
56 
61 
42 
63 
81 
98 
50 
49 
60 
79 
9 
90 
71 
97 
5 
# clone tree 15 objective: 4.56406
0 23 46 
28 35 85 
46 28 
59 74 84 10 
43 59 
85 90 80 43 
10 56 44 62 
62 79 25 
25 45 89 
89 94 34 
34 50 12 15 
57 60 39 47 91 
15 13 86 
86 57 
91 38 30 
65 17 
17 20 18 
30 99 65 
84 24 33 
18 21 41 
33 61 37 
38 53 27 
41 2 
27 69 6 
37 51 72 
2 19 3 
21 77 4 
72 36 
68 73 11 
44 42 68 
4 64 
36 54 
24 8 78 83 
74 1 
22 67 
54 14 
3 32 
6 22 
14 16 
23 95 
64 31 
80 87 
83 52 
12 81 
69 76 
32 7 
70 98 66 
1 70 
67 93 
95 96 
11 63 
40 
31 40 
77 92 
16 55 
93 88 
20 26 
76 58 
88 
87 
47 82 
78 48 
96 
52 9 
66 
73 
8 75 
92 
39 
7 
45 
19 
58 29 
55 5 
51 
26 
75 
82 49 
94 
48 
29 
53 
35 
13 
99 
56 
61 71 
42 
63 97 
81 
98 
50 
49 
60 
79 
9 
90 
71 
97 
5 
# clone tree 16 objective: 4.56406
0 23 46 
28 35 85 
46 28 
59 74 84 10 
43 5 59 
85 90 80 43 
10 56 44 62 
62 79 25 
25 45 89 
89 94 34 
34 50 12 15 
57 60 39 47 91 
15 13 86 
86 57 
91 38 30 
65 17 
17 20 18 
30 99 65 
84 24 33 
18 21 41 
33 61 37 
38 53 27 
41 2 
27 69 6 
37 51 72 
2 19 3 
21 77 4 
72 36 
68 73 11 
44 42 68 
4 64 
36 97 54 
24 8 78 83 
74 1 
22 67 
54 14 
3 32 
6 22 
14 16 
23 95 
64 31 
80 87 
83 52 
12 81 
69 76 
32 7 
70 98 66 
1 70 
67 93 
95 96 
11 63 
40 
31 40 
77 92 
16 55 
93 88 
20 26 
76 58 
88 
87 
47 82 
78 48 
96 
52 9 
66 
73 
8 75 
92 
39 
7 71 
45 
19 
58 29 
55 
51 
26 
75 
82 49 
94 
48 
29 
53 
35 
13 
99 
56 
61 
42 
63 
81 
98 
50 
49 
60 
79 
9 
90 
71 
97 
5 
# clone tree 17 objective: 4.56406
0 23 46 
28 35 85 
46 28 
59 74 84 10 
43 59 
85 90 80 43 
10 56 44 62 
62 79 25 
25 45 89 
89 94 34 
34 50 12 15 
57 60 39 47 91 
15 13 86 
86 57 
91 38 30 
65 17 
17 20 18 
30 99 65 
84 24 33 
18 21 41 
33 61 37 
38 53 27 
41 2 
27 69 6 
37 51 72 
2 19 3 
21 77 4 
72 36 
68 73 11 
44 42 68 
4 64 
36 54 
24 8 78 83 
74 1 
22 67 
54 14 
3 5 32 
6 22 
14 16 
23 95 
64 31 
80 87 
83 52 
12 81 
69 76 
32 7 
70 98 66 
1 70 
67 93 
95 96 
11 63 
40 
31 40 
77 92 
16 55 
93 88 
20 26 
76 58 
88 
87 
47 82 
78 48 
96 
52 9 
66 
73 
8 75 
92 
39 
7 
45 
19 
58 29 
55 
51 
26 
75 
82 49 
94 
48 
29 
53 
35 
13 
99 
56 
61 71 
42 
63 97 
81 
98 
50 
49 
60 
79 
9 
90 
71 
97 
5 
# clone tree 18 objective: 4.56406
0 23 46 
28 35 85 
46 28 
59 74 84 10 
43 59 
85 80 43 
10 56 44 62 
62 25 
25 45 89 
89 94 34 
34 12 15 
57 60 39 47 91 
15 90 13 86 
86 57 
91 38 30 
65 17 
17 20 18 
30 65 
84 24 33 
18 21 41 
33 61 37 
38 53 27 
41 2 
27 69 6 
37 51 72 
2 19 3 
21 77 4 
72 36 
68 73 11 
44 42 68 
4 97 64 
36 54 
24 8 78 83 
74 1 
22 67 
54 14 
3 50 32 
6 22 
14 16 
23 95 
64 31 
80 87 
83 52 
12 81 
69 76 
32 7 
70 98 66 
1 70 
67 93 
95 5 96 
11 63 
40 
31 71 40 
77 92 
16 55 
93 88 
20 26 
76 58 
88 
87 
47 82 
78 48 
96 9 
52 99 
66 
73 
8 75 
92 
39 
7 
45 
19 
58 29 
55 
51 
26 79 
75 
82 49 
94 
48 
29 
53 
35 
13 
99 
56 
61 
42 
63 
81 
98 
50 
49 
60 
79 
9 
90 
71 
97 
5 
# clone tree 19 objective: 4.56406
0 23 46 
28 35 85 
46 28 
59 74 84 10 
43 59 
85 90 80 43 
10 56 44 62 
62 79 25 
25 45 89 
89 94 34 
34 50 12 15 
57 60 39 47 91 
15 13 86 
86 57 
91 38 30 
65 17 
17 20 18 
30 99 65 
84 24 33 
18 21 41 
33 61 37 
38 53 27 
41 2 
27 69 6 
37 51 72 
2 19 3 
21 77 4 
72 36 
68 73 11 
44 42 68 
4 64 
36 54 
24 8 78 83 
74 1 
22 67 
54 14 
3 32 
6 22 
14 16 
23 95 
64 31 
80 87 
83 52 
12 81 
69 76 
32 7 
70 98 66 
1 70 
67 93 
95 96 
11 63 
40 
31 40 
77 5 92 
16 55 
93 88 
20 26 
76 58 
88 
87 
47 82 
78 48 
96 
52 9 
66 
73 
8 75 
92 
39 
7 
45 
19 
58 29 
55 
51 
26 
75 
82 49 
94 
48 
29 
53 
35 
13 
99 
56 
61 71 
42 
63 97 
81 
98 
50 
49 
60 
79 
9 
90 
71 
97 
5 
# clone tree 20 objective: 4.56406
0 23 46 
28 35 85 
46 28 
59 74 84 10 
43 59 
85 80 43 
10 56 44 62 
62 25 
25 45 89 
89 94 34 
34 12 15 
57 60 39 47 91 
15 90 13 86 
86 57 
91 38 30 
65 17 
17 20 18 
30 65 
84 24 33 
18 21 41 
33 61 37 
38 53 27 
41 2 
27 69 6 
37 51 72 
2 19 3 
21 77 4 
72 36 
68 73 11 
44 42 68 
4 97 64 
36 54 
24 8 78 83 
74 1 
22 67 
54 14 
3 50 32 
6 22 
14 16 
23 95 
64 31 
80 87 
83 52 
12 81 
69 76 
32 7 
70 98 66 
1 70 
67 93 
95 96 
11 63 
40 
31 71 40 
77 92 
16 55 
93 88 
20 26 
76 58 
88 
87 
47 82 
78 48 
96 9 
52 99 
66 
73 
8 5 75 
92 
39 
7 
45 
19 
58 29 
55 
51 
26 79 
75 
82 49 
94 
48 
29 
53 
35 
13 
99 
56 
61 
42 
63 
81 
98 
50 
49 
60 
79 
9 
90 
71 
97 
5 
# clone tree 21 objective: 4.56406
0 23 46 
28 35 85 
46 28 
59 74 84 10 
43 59 
85 90 80 43 
10 56 44 62 
62 79 25 
25 45 89 
89 94 34 
34 50 12 15 
57 60 39 47 91 
15 13 86 
86 57 
91 38 30 
65 17 
17 20 18 
30 99 65 
84 24 33 
18 21 41 
33 61 37 
38 53 27 
41 2 
27 69 6 
37 51 72 
2 19 3 
21 77 4 
72 36 
68 73 11 
44 42 68 
4 64 
36 54 
24 8 78 83 
74 1 
22 67 
54 14 
3 32 
6 22 
14 16 
23 95 
64 31 
80 87 
83 52 
12 81 
69 76 
32 7 
70 98 66 
1 70 
67 93 
95 5 96 
11 63 
40 
31 40 
77 92 
16 55 
93 88 
20 26 
76 58 
88 
87 
47 82 
78 48 
96 
52 9 
66 
73 
8 75 
92 
39 
7 
45 
19 
58 29 
55 
51 
26 
75 
82 49 
94 
48 
29 
53 
35 
13 
99 
56 
61 71 
42 
63 97 
81 
98 
50 
49 
60 
79 
9 
90 
71 
97 
5 
# clone tree 22 objective: 4.56406
0 5 23 46 
28 35 85 
46 28 
59 74 84 10 
43 59 
85 90 80 43 
10 56 44 62 
62 79 25 
25 45 89 
89 94 34 
34 50 12 15 
57 60 39 47 91 
15 13 86 
86 57 
91 38 30 
65 17 
17 20 18 
30 99 65 
84 24 33 
18 21 41 
33 61 37 
38 53 27 
41 2 
27 69 6 
37 51 72 
2 19 3 
21 77 4 
72 36 
68 73 11 
44 42 68 
4 64 
36 54 
24 8 78 83 
74 1 
22 67 
54 14 
3 32 
6 22 
14 16 
23 95 
64 31 
80 87 
83 52 
12 81 
69 76 
32 7 
70 98 66 
1 70 
67 93 
95 96 
11 63 
40 
31 40 
77 92 
16 55 
93 88 
20 26 
76 58 
88 
87 
47 82 
78 48 
96 
52 9 
66 
73 
8 75 
92 
39 
7 71 
45 
19 
58 29 
55 
51 
26 
75 97 
82 49 
94 
48 
29 
53 
35 
13 
99 
56 
61 
42 
63 
81 
98 
50 
49 
60 
79 
9 
90 
71 
97 
5 
# clone tree 23 objective: 4.56406
0 23 46 
28 35 85 
46 28 
59 74 84 10 
43 59 
85 90 80 43 
10 56 44 62 
62 79 25 
25 45 89 
89 94 34 
34 50 12 15 
57 60 39 47 91 
15 13 86 
86 57 
91 38 30 
65 17 
17 20 18 
30 99 65 
84 24 33 
18 21 41 
33 61 37 
38 53 27 
41 2 
27 69 6 
37 51 72 
2 19 3 
21 77 4 
72 36 
68 73 11 
44 42 68 
4 64 
36 54 
24 8 78 83 
74 1 
22 5 67 
54 14 
3 32 
6 22 
14 16 
23 95 
64 31 
80 87 
83 52 
12 81 
69 76 
32 7 
70 98 66 
1 70 
67 93 
95 96 
11 63 
40 
31 40 
77 92 
16 55 
93 88 
20 26 
76 58 
88 
87 
47 82 
78 48 
96 
52 9 
66 
73 
8 75 
92 
39 
7 
45 
19 
58 29 
55 
51 
26 
75 
82 49 
94 
48 
29 
53 
35 
13 
99 
56 
61 71 
42 
63 97 
81 
98 
50 
49 
60 
79 
9 
90 
71 
97 
5 
# clone tree 24 objective: 4.56406
0 23 46 
28 35 85 
46 28 
59 74 84 10 
43 59 
85 80 43 
10 56 44 62 
62 25 
25 45 89 
89 94 34 
34 12 15 
57 60 39 47 91 
15 90 13 86 
86 57 
91 38 30 
65 17 
17 20 18 
30 65 
84 24 33 
18 21 41 
33 61 37 
38 53 27 
41 2 
27 69 6 
37 51 72 
2 19 3 
21 77 4 
72 36 
68 73 11 
44 42 68 
4 97 64 
36 54 
24 8 78 83 
74 1 
22 67 
54 14 
3 50 32 
6 22 
14 16 
23 95 
64 31 
80 87 
83 52 
12 81 
69 76 
32 7 
70 98 66 
1 70 
67 93 
95 96 
11 63 
40 
31 71 40 
77 92 
16 55 
93 88 
20 26 
76 58 
88 
87 
47 82 
78 48 
96 5 9 
52 99 
66 
73 
8 75 
92 
39 
7 
45 
19 
58 29 
55 
51 
26 79 
75 
82 49 
94 
48 
29 
53 
35 
13 
99 
56 
61 
42 
63 
81 
98 
50 
49 
60 
79 
9 
90 
71 
97 
5 
# clone tree 25 objective: 4.56406
0 23 46 
28 35 85 
46 28 
59 74 84 10 
43 59 
85 90 80 43 
10 56 44 62 
62 79 25 
25 45 89 
89 94 34 
34 50 12 15 
57 60 39 47 91 
15 13 86 
86 57 
91 38 30 
65 17 
17 20 18 
30 99 65 
84 24 33 
18 21 41 
33 61 37 
38 53 27 
41 2 
27 69 6 
37 5 51 72 
2 19 3 
21 77 4 
72 36 
68 73 11 
44 42 68 
4 64 
36 54 
24 8 78 83 
74 1 
22 67 
54 14 
3 32 
6 22 
14 16 
23 95 
64 31 
80 87 
83 52 
12 81 
69 76 
32 7 
70 98 66 
1 70 
67 93 
95 96 
11 63 
40 
31 40 
77 92 
16 55 
93 88 
20 26 
76 58 
88 
87 
47 82 
78 48 
96 
52 9 
66 
73 
8 75 
92 
39 
7 
45 
19 
58 29 
55 
51 
26 
75 
82 49 
94 
48 
29 
53 
35 
13 
99 
56 97 
61 
42 
63 
81 
98 
50 
49 
60 
79 71 
9 
90 
71 
97 
5 
# clone tree 26 objective: 4.56406
0 23 46 
28 35 85 
46 28 
59 74 84 10 
43 59 
85 80 43 
10 56 44 62 
62 25 
25 97 45 89 
89 94 34 
34 12 15 
57 39 47 91 
15 13 86 
86 57 
91 38 30 
65 17 
17 20 18 
30 99 65 
84 60 24 33 
18 21 41 
33 61 37 
38 53 27 
41 2 
27 69 6 
37 51 72 
2 19 3 
21 77 4 
72 36 
68 73 11 
44 42 68 
4 64 
36 54 
24 8 78 83 
74 90 1 
22 67 
54 14 
3 50 32 
6 22 
14 16 
23 95 
64 31 
80 87 
83 52 
12 81 
69 9 76 
32 7 
70 98 66 
1 70 
67 93 
95 96 
11 63 
40 79 
31 71 40 
77 92 
16 55 
93 88 
20 26 
76 58 
88 
87 
47 82 
78 48 
96 
52 
66 
73 
8 75 
92 
39 
7 
45 
19 
58 29 
55 5 
51 
26 
75 
82 49 
94 
48 
29 
53 
35 
13 
99 
56 
61 
42 
63 
81 
98 
50 
49 
60 
79 
9 
90 
71 
97 
5 
# clone tree 27 objective: 4.56406
0 23 46 
28 35 85 
46 28 
59 74 84 10 
43 59 
85 90 80 43 
10 56 44 62 
62 79 25 
25 45 89 
89 94 34 
34 50 12 15 
57 60 39 47 91 
15 13 86 
86 57 
91 38 30 
65 17 
17 20 18 
30 99 65 
84 24 33 
18 21 41 
33 61 37 
38 53 27 
41 2 
27 69 6 
37 51 72 
2 19 3 
21 77 4 
72 36 
68 73 11 
44 42 68 
4 64 
36 54 
24 8 78 83 
74 1 
22 67 
54 14 
3 32 
6 22 
14 16 
23 95 
64 31 
80 87 
83 52 
12 81 
69 76 
32 7 
70 98 66 
1 70 
67 93 
95 96 
11 63 
40 
31 40 
77 92 
16 55 
93 88 
20 5 26 
76 58 
88 
87 
47 82 
78 48 
96 
52 9 
66 
73 
8 75 
92 
39 
7 
45 
19 
58 29 
55 
51 
26 
75 
82 49 
94 
48 
29 
53 
35 
13 
99 
56 
61 
42 
63 97 
81 
98 
50 
49 
60 
79 71 
9 
90 
71 
97 
5 
# clone tree 28 objective: 4.56406
0 23 46 
28 35 85 
46 28 
59 74 84 10 
43 59 
85 90 80 43 
10 56 44 62 
62 79 25 
25 45 89 
89 94 34 
34 50 12 15 
57 60 39 47 91 
15 13 86 
86 57 
91 38 30 
65 17 
17 20 18 
30 99 65 
84 24 33 
18 21 41 
33 61 37 
38 53 27 
41 2 
27 69 6 
37 51 72 
2 19 3 
21 77 4 
72 36 
68 73 11 
44 42 68 
4 64 
36 54 
24 8 78 83 
74 97 1 
22 67 
54 14 
3 32 
6 22 
14 16 
23 95 
64 31 
80 87 
83 52 
12 81 
69 76 
32 7 
70 98 66 
1 70 
67 93 
95 96 
11 63 
40 
31 40 
77 92 
16 55 
93 88 
20 26 
76 58 
88 
87 
47 5 82 
78 48 
96 
52 9 
66 
73 
8 75 
92 
39 
7 71 
45 
19 
58 29 
55 
51 
26 
75 
82 49 
94 
48 
29 
53 
35 
13 
99 
56 
61 
42 
63 
81 
98 
50 
49 
60 
79 
9 
90 
71 
97 
5 
# clone tree 29 objective: 4.56406
0 23 46 
28 35 85 
46 60 28 
59 74 84 10 
43 59 
85 80 43 
10 56 44 62 
62 25 
25 45 89 
89 94 34 
34 50 12 15 
57 39 47 91 
15 13 86 
86 57 
91 38 30 
65 17 
17 20 18 
30 99 65 
84 24 33 
18 21 41 
33 61 37 
38 53 27 
41 2 
27 69 6 
37 51 72 
2 19 3 
21 77 4 
72 36 
68 73 11 
44 42 68 
4 64 
36 54 
24 8 78 83 
74 97 1 
22 67 
54 14 
3 5 32 
6 22 
14 16 
23 95 
64 31 
80 87 
83 52 
12 9 81 
69 76 
32 7 
70 90 98 66 
1 70 
67 93 
95 96 
11 63 
40 79 
31 40 
77 92 
16 55 
93 88 
20 26 
76 58 
88 
87 
47 82 
78 48 
96 
52 
66 
73 
8 75 
92 
39 
7 
45 
19 
58 29 
55 
51 
26 
75 
82 49 
94 
48 
29 
53 
35 
13 
99 
56 
61 
42 
63 
81 
98 71 
50 
49 
60 
79 
9 
90 
71 
97 
5 
# clone tree 30 objective: 4.56406
0 23 46 
28 35 85 
46 60 28 
59 74 84 10 
43 59 
85 80 43 
10 56 44 62 
62 25 
25 97 45 89 
89 94 34 
34 50 12 15 
57 39 47 91 
15 13 86 
86 57 
91 38 30 
65 17 
17 20 18 
30 99 65 
84 24 33 
18 21 41 
33 61 37 
38 53 27 
41 2 
27 69 6 
37 51 72 
2 19 3 
21 77 4 
72 36 
68 73 11 
44 42 68 
4 64 
36 54 
24 8 78 83 
74 1 
22 67 
54 14 
3 32 
6 22 
14 16 
23 95 
64 31 
80 87 
83 52 
12 9 81 
69 76 
32 7 
70 90 98 66 
1 70 
67 93 
95 96 
11 63 
40 79 
31 40 
77 92 
16 55 
93 88 
20 26 
76 58 
88 
87 
47 5 82 
78 48 
96 
52 
66 
73 
8 75 
92 
39 
7 
45 
19 
58 29 
55 
51 
26 
75 
82 49 
94 
48 
29 
53 
35 
13 
99 
56 
61 
42 
63 
81 
98 
50 
49 
60 
79 71 
9 
90 
71 
97 
5 
# clone tree 31 objective: 4.56406
0 23 46 
28 35 85 
46 28 
59 97 74 84 10 
43 59 
85 80 43 
10 56 44 62 
62 25 
25 45 89 
89 94 34 
34 12 15 
57 39 47 91 
15 13 86 
86 57 
91 38 30 
65 17 
17 20 18 
30 99 65 
84 60 24 33 
18 21 41 
33 61 37 
38 53 27 
41 2 
27 69 6 
37 5 51 72 
2 19 3 
21 77 4 
72 36 
68 73 11 
44 42 68 
4 64 
36 54 
24 8 78 83 
74 90 1 
22 67 
54 14 
3 50 32 
6 22 
14 16 
23 95 
64 31 
80 87 
83 52 
12 81 
69 9 76 
32 7 
70 98 66 
1 70 
67 93 
95 96 
11 63 
40 79 
31 71 40 
77 92 
16 55 
93 88 
20 26 
76 58 
88 
87 
47 82 
78 48 
96 
52 
66 
73 
8 75 
92 
39 
7 
45 
19 
58 29 
55 
51 
26 
75 
82 49 
94 
48 
29 
53 
35 
13 
99 
56 
61 
42 
63 
81 
98 
50 
49 
60 
79 
9 
90 
71 
97 
5 
# clone tree 32 objective: 4.56406
0 23 46 
28 35 85 
46 28 
59 74 84 10 
43 59 
85 90 80 43 
10 56 44 62 
62 79 25 
25 45 89 
89 94 34 
34 50 12 15 
57 60 39 47 91 
15 13 86 
86 5 57 
91 38 30 
65 17 
17 20 18 
30 99 65 
84 24 33 
18 21 41 
33 61 37 
38 53 27 
41 2 
27 69 6 
37 51 72 
2 19 3 
21 77 4 
72 36 
68 73 11 
44 42 68 
4 64 
36 54 
24 8 78 83 
74 1 
22 67 
54 14 
3 32 
6 22 
14 16 
23 95 
64 31 
80 87 
83 52 
12 81 
69 76 
32 7 
70 98 66 
1 70 
67 93 
95 96 
11 63 
40 
31 40 
77 92 
16 55 
93 88 
20 26 
76 58 
88 
87 
47 82 
78 48 
96 
52 9 
66 
73 
8 75 
92 
39 
7 
45 
19 
58 29 
55 
51 
26 
75 
82 49 
94 
48 
29 
53 
35 
13 
99 
56 
61 71 
42 
63 97 
81 
98 
50 
49 
60 
79 
9 
90 
71 
97 
5 
# clone tree 33 objective: 4.56406
0 23 46 
28 35 85 
46 28 
59 97 74 84 10 
43 59 
85 90 80 43 
10 56 44 62 
62 79 25 
25 45 89 
89 94 34 
34 50 12 15 
57 60 39 47 91 
15 13 86 
86 57 
91 38 30 
65 17 
17 20 18 
30 99 65 
84 24 33 
18 21 41 
33 61 37 
38 53 27 
41 2 
27 69 6 
37 51 72 
2 19 3 
21 77 4 
72 36 
68 73 11 
44 42 68 
4 64 
36 54 
24 8 78 83 
74 1 
22 67 
54 14 
3 32 
6 22 
14 16 
23 95 
64 31 
80 87 
83 52 
12 81 
69 76 
32 7 
70 98 66 
1 70 
67 93 
95 96 
11 63 
40 
31 40 
77 92 
16 55 
93 88 
20 5 26 
76 58 
88 
87 
47 82 
78 48 
96 
52 9 
66 
73 
8 75 
92 
39 
7 
45 
19 
58 29 
55 
51 
26 
75 
82 49 
94 
48 
29 
53 
35 
13 
99 
56 
61 71 
42 
63 
81 
98 
50 
49 
60 
79 
9 
90 
71 
97 
5 
# clone tree 34 objective: 4.56406
0 23 46 
28 35 85 
46 28 
59 74 84 10 
43 59 
85 90 80 43 
10 56 44 62 
62 79 25 
25 45 89 
89 94 34 
34 50 12 15 
57 60 39 47 91 
15 13 86 
86 57 
91 38 30 
65 17 
17 20 18 
30 99 65 
84 24 33 
18 21 41 
33 61 37 
38 53 27 
41 2 
27 69 6 
37 51 72 
2 19 3 
21 77 4 
72 36 
68 73 11 
44 42 68 
4 64 
36 54 
24 8 78 83 
74 1 
22 67 
54 14 
3 32 
6 22 
14 16 
23 95 
64 31 
80 87 
83 52 
12 81 
69 76 
32 7 
70 98 66 
1 70 
67 93 
95 96 
11 63 
40 
31 40 
77 92 
16 55 
93 88 
20 26 
76 58 
88 
87 
47 82 
78 48 
96 
52 9 
66 
73 
8 75 
92 
39 
7 
45 
19 
58 29 
55 
51 
26 
75 97 
82 49 
94 
48 
29 5 
53 
35 
13 
99 
56 
61 71 
42 
63 
81 
98 
50 
49 
60 
79 
9 
90 
71 
97 
5 
# clone tree 35 objective: 4.56406
0 23 46 
28 35 85 
46 28 
59 74 84 10 
43 59 
85 90 80 43 
10 56 44 62 
62 79 25 
25 45 89 
89 94 34 
34 50 12 15 
57 60 39 47 91 
15 13 86 
86 5 57 
91 38 30 
65 17 
17 20 18 
30 99 65 
84 24 33 
18 21 41 
33 61 37 
38 53 27 
41 2 
27 69 6 
37 51 72 
2 19 3 
21 77 4 
72 36 
68 73 11 
44 42 68 
4 64 
36 54 
24 8 78 83 
74 1 
22 67 
54 14 
3 32 
6 22 
14 16 
23 95 
64 31 
80 87 
83 52 
12 81 
69 76 
32 7 
70 98 66 
1 70 
67 93 
95 96 
11 63 
40 
31 40 
77 92 
16 55 
93 88 
20 26 
76 58 
88 
87 
47 82 
78 48 
96 
52 9 
66 
73 
8 75 
92 
39 
7 71 
45 
19 
58 29 
55 
51 
26 
75 97 
82 49 
94 
48 
29 
53 
35 
13 
99 
56 
61 
42 
63 
81 
98 
50 
49 
60 
79 
9 
90 
71 
97 
5 
# clone tree 36 objective: 4.56406
0 23 46 
28 35 85 
46 60 28 
59 74 84 10 
43 59 
85 80 43 
10 56 44 62 
62 25 
25 45 89 
89 94 34 
34 50 12 15 
57 39 47 91 
15 13 86 
86 57 
91 38 30 
65 17 
17 20 18 
30 99 65 
84 24 33 
18 21 41 
33 61 37 
38 53 27 
41 2 
27 69 6 
37 51 72 
2 19 3 
21 77 4 
72 36 
68 73 11 
44 42 68 
4 97 64 
36 54 
24 8 78 83 
74 1 
22 67 
54 14 
3 32 
6 22 
14 16 
23 95 
64 31 
80 87 
83 52 
12 9 81 
69 76 
32 7 
70 90 98 66 
1 70 
67 93 
95 96 
11 63 
40 79 
31 40 
77 92 
16 55 
93 88 
20 26 
76 58 
88 
87 
47 82 
78 48 
96 
52 
66 
73 
8 75 
92 
39 
7 
45 
19 
58 29 
55 
51 
26 
75 
82 49 
94 
48 
29 5 
53 
35 
13 
99 
56 
61 
42 
63 
81 
98 71 
50 
49 
60 
79 
9 
90 
71 
97 
5 
# clone tree 37 objective: 4.56406
0 23 46 
28 35 85 
46 60 28 
59 74 84 10 
43 59 
85 80 43 
10 56 44 62 
62 25 
25 45 89 
89 94 34 
34 50 12 15 
57 39 47 91 
15 13 86 
86 57 
91 38 30 
65 17 
17 20 18 
30 99 65 
84 24 33 
18 21 41 
33 61 37 
38 53 27 
41 2 
27 69 6 
37 51 72 
2 19 3 
21 77 4 
72 36 
68 73 11 
44 42 68 
4 64 
36 54 
24 8 78 83 
74 1 
22 67 
54 14 
3 32 
6 22 
14 16 
23 95 
64 31 
80 87 
83 52 
12 9 81 
69 76 
32 7 
70 98 66 
1 70 
67 93 
95 96 
11 63 
40 79 
31 40 
77 92 
16 55 
93 88 
20 26 
76 58 
88 
87 
47 82 
78 48 
96 
52 
66 
73 
8 75 
92 90 
39 
7 
45 
19 
58 29 
55 
51 
26 
75 
82 49 
94 
48 
29 
53 
35 
13 
99 
56 97 
61 
42 
63 
81 5 
98 71 
50 
49 
60 
79 
9 
90 
71 
97 
5 
# clone tree 38 objective: 4.56406
0 23 46 
28 35 85 
46 60 28 
59 97 74 84 10 
43 59 
85 80 43 
10 56 44 62 
62 25 
25 45 89 
89 94 34 
34 50 12 15 
57 39 47 91 
15 13 86 
86 57 
91 38 30 
65 17 
17 20 18 
30 99 65 
84 24 33 
18 21 41 
33 61 37 
38 53 27 
41 2 
27 69 6 
37 51 72 
2 19 3 
21 77 4 
72 36 
68 73 11 
44 42 68 
4 64 
36 54 
24 8 78 83 
74 5 1 
22 67 
54 14 
3 32 
6 22 
14 16 
23 95 
64 31 
80 87 
83 52 
12 9 81 
69 76 
32 7 
70 90 98 66 
1 70 
67 93 
95 96 
11 63 
40 79 
31 40 
77 92 
16 55 
93 88 
20 26 
76 58 
88 
87 
47 82 
78 48 
96 
52 
66 
73 
8 75 
92 
39 
7 
45 
19 
58 29 
55 
51 
26 
75 
82 49 
94 
48 
29 
53 
35 
13 
99 
56 
61 
42 
63 
81 
98 71 
50 
49 
60 
79 
9 
90 
71 
97 
5 
# clone tree 39 objective: 4.56406
0 23 46 
28 35 85 
46 60 28 
59 97 74 84 10 
43 59 
85 80 43 
10 56 44 62 
62 25 
25 45 89 
89 94 34 
34 50 12 15 
57 39 47 91 
15 13 86 
86 57 
91 38 30 
65 17 
17 20 18 
30 99 65 
84 24 33 
18 21 41 
33 61 37 
38 53 27 
41 2 
27 69 6 
37 51 72 
2 19 3 
21 77 4 
72 36 
68 73 11 
44 42 68 
4 64 
36 54 
24 8 78 83 
74 1 
22 67 
54 14 
3 32 
6 22 
14 16 
23 95 
64 31 
80 87 
83 5 52 
12 9 81 
69 76 
32 7 
70 90 98 66 
1 70 
67 93 
95 96 
11 63 
40 79 
31 40 
77 92 
16 55 
93 88 
20 26 
76 58 
88 
87 
47 82 
78 48 
96 
52 
66 
73 
8 75 
92 
39 
7 
45 
19 
58 29 
55 
51 
26 
75 
82 49 
94 
48 
29 
53 
35 
13 
99 
56 
61 
42 
63 
81 
98 71 
50 
49 
60 
79 
9 
90 
71 
97 
5 
# clone tree 40 objective: 4.56406
0 23 46 
28 35 85 
46 60 28 
59 74 84 10 
43 59 
85 80 43 
10 56 44 62 
62 25 
25 45 89 
89 94 34 
34 50 12 15 
57 39 47 91 
15 13 86 
86 57 
91 38 30 
65 17 
17 20 18 
30 99 65 
84 24 33 
18 21 41 
33 61 37 
38 53 27 
41 2 
27 69 6 
37 51 72 
2 19 3 
21 77 4 
72 36 
68 73 11 
44 42 68 
4 64 
36 54 
24 8 78 83 
74 1 
22 67 
54 14 
3 5 32 
6 22 
14 16 
23 71 95 
64 31 
80 87 
83 52 
12 9 81 
69 76 
32 7 
70 98 66 
1 70 
67 93 
95 96 
11 63 
40 79 
31 40 
77 92 
16 55 
93 88 
20 26 
76 58 
88 
87 
47 82 
78 48 
96 
52 
66 
73 
8 75 
92 90 
39 
7 
45 
19 
58 29 
55 
51 
26 
75 
82 49 
94 
48 
29 
53 
35 
13 
99 
56 
61 
42 
63 97 
81 
98 
50 
49 
60 
79 
9 
90 
71 
97 
5 
# clone tree 41 objective: 4.56406
0 23 46 
28 35 85 
46 28 
59 74 84 10 
43 59 
85 90 80 43 
10 56 44 62 
62 79 25 
25 45 89 
89 94 34 
34 50 12 15 
57 60 39 47 91 
15 13 86 
86 57 
91 38 30 
65 17 
17 20 18 
30 99 65 
84 24 33 
18 21 41 
33 61 37 
38 53 27 
41 2 
27 69 6 
37 51 72 
2 19 3 
21 77 4 
72 36 
68 73 11 
44 42 68 
4 64 
36 54 
24 8 78 83 
74 1 
22 67 
54 14 
3 32 
6 22 
14 16 
23 95 
64 31 
80 87 
83 52 
12 81 
69 76 
32 7 
70 98 66 
1 70 
67 93 
95 96 
11 63 
40 
31 40 
77 92 
16 55 
93 88 
20 5 26 
76 58 
88 
87 
47 82 
78 48 
96 
52 9 
66 
73 
8 75 
92 
39 
7 
45 
19 
58 29 
55 
51 
26 
75 
82 49 
94 
48 
29 
53 
35 
13 
99 
56 
61 71 
42 
63 97 
81 
98 
50 
49 
60 
79 
9 
90 
71 
97 
5 
# clone tree 42 objective: 4.56406
0 23 46 
28 35 85 
46 28 
59 74 84 10 
43 59 
85 90 80 43 
10 56 44 62 
62 79 25 
25 45 89 
89 94 34 
34 50 12 15 
57 60 39 47 91 
15 13 86 
86 57 
91 38 30 
65 17 
17 20 18 
30 99 65 
84 24 33 
18 21 41 
33 61 37 
38 53 27 
41 2 
27 69 6 
37 51 72 
2 19 3 
21 77 4 
72 36 
68 73 11 
44 42 68 
4 64 
36 54 
24 8 78 83 
74 1 
22 67 
54 14 
3 32 
6 22 
14 16 
23 95 
64 31 
80 87 
83 52 
12 81 
69 76 
32 7 
70 98 66 
1 70 
67 93 
95 96 
11 63 
40 
31 40 
77 92 
16 55 
93 88 
20 26 
76 58 
88 
87 
47 5 82 
78 48 
96 
52 9 
66 
73 
8 75 
92 
39 
7 
45 
19 
58 29 
55 
51 
26 
75 
82 49 
94 
48 
29 
53 
35 
13 
99 
56 
61 
42 97 
63 
81 
98 
50 
49 
60 
79 71 
9 
90 
71 
97 
5 
# clone tree 43 objective: 4.56406
0 23 46 
28 35 85 
46 28 
59 74 84 10 
43 59 
85 90 80 43 
10 56 44 62 
62 79 25 
25 45 89 
89 94 34 
34 50 12 15 
57 60 39 47 91 
15 13 86 
86 57 
91 38 30 
65 17 
17 20 18 
30 99 65 
84 24 33 
18 21 41 
33 61 37 
38 53 27 
41 2 
27 69 6 
37 51 72 
2 19 3 
21 77 4 
72 36 
68 73 11 
44 42 68 
4 64 
36 54 
24 8 78 83 
74 1 
22 67 
54 14 
3 32 
6 22 
14 16 
23 95 
64 31 
80 87 
83 52 
12 81 
69 5 76 
32 7 
70 98 66 
1 70 
67 93 
95 96 
11 63 
40 
31 40 
77 92 
16 55 
93 88 
20 26 
76 58 
88 
87 
47 82 
78 48 
96 
52 9 
66 
73 
8 75 
92 
39 
7 
45 
19 
58 29 
55 
51 
26 
75 
82 49 
94 
48 
29 
53 
35 
13 
99 
56 
61 
42 97 
63 
81 
98 
50 
49 
60 
79 71 
9 
90 
71 
97 
5 
# clone tree 44 objective: 4.56406
0 23 46 
28 35 85 
46 60 28 
59 74 84 10 
43 59 
85 80 43 
10 56 44 62 
62 25 
25 45 89 
89 94 34 
34 50 12 15 
57 39 47 91 
15 13 86 
86 57 
91 38 30 
65 17 
17 20 18 
30 99 65 
84 24 33 
18 21 41 
33 61 37 
38 53 27 
41 2 
27 69 6 
37 51 72 
2 19 3 
21 77 4 
72 36 
68 73 11 
44 42 68 
4 64 
36 54 
24 8 78 83 
74 1 
22 67 
54 14 
3 32 
6 22 
14 16 
23 95 
64 31 
80 87 
83 52 
12 9 81 
69 76 
32 7 
70 90 98 66 
1 70 
67 93 
95 96 
11 63 
40 79 
31 40 
77 92 
16 55 
93 88 
20 26 
76 58 
88 
87 
47 82 
78 48 
96 
52 
66 
73 
8 75 
92 
39 
7 
45 
19 
58 29 
55 
51 
26 
75 
82 49 
94 
48 
29 
53 
35 
13 
99 
56 
61 
42 97 
63 5 
81 
98 71 
50 
49 
60 
79 
9 
90 
71 
97 
5 
# clone tree 45 objective: 4.56406
0 23 46 
28 35 85 
46 60 28 
59 74 84 10 
43 59 
85 80 43 
10 56 44 62 
62 25 
25 97 45 89 
89 94 34 
34 50 12 15 
57 39 47 91 
15 13 86 
86 57 
91 38 30 
65 17 
17 20 18 
30 99 65 
84 24 33 
18 21 41 
33 61 37 
38 53 27 
41 2 
27 69 6 
37 51 72 
2 19 3 
21 77 4 
72 36 
68 73 11 
44 42 68 
4 64 
36 54 
24 8 78 83 
74 1 
22 67 
54 14 
3 32 
6 22 
14 16 
23 95 
64 31 
80 87 
83 52 
12 9 81 
69 76 
32 7 
70 90 98 66 
1 70 
67 93 
95 96 
11 63 
40 79 
31 40 
77 5 92 
16 55 
93 88 
20 26 
76 58 
88 
87 
47 82 
78 48 
96 
52 
66 
73 
8 75 
92 
39 
7 
45 
19 
58 29 
55 
51 
26 
75 
82 49 
94 
48 
29 
53 
35 
13 
99 
56 
61 
42 
63 
81 
98 71 
50 
49 
60 
79 
9 
90 
71 
97 
5 
# clone tree 46 objective: 4.56406
0 23 46 
28 35 85 
46 28 
59 74 84 10 
43 59 
85 90 80 43 
10 56 44 62 
62 79 25 
25 45 89 
89 94 34 
34 50 12 15 
57 60 39 47 91 
15 13 86 
86 57 
91 38 30 
65 17 
17 20 18 
30 99 65 
84 24 33 
18 21 41 
33 61 37 
38 53 27 
41 2 
27 69 6 
37 5 51 72 
2 19 3 
21 77 4 
72 36 
68 73 11 
44 42 68 
4 64 
36 54 
24 8 78 83 
74 1 
22 67 
54 14 
3 32 
6 22 
14 16 
23 95 
64 31 
80 97 87 
83 52 
12 81 
69 76 
32 7 
70 98 66 
1 70 
67 93 
95 96 
11 63 
40 
31 40 
77 92 
16 55 
93 88 
20 26 
76 58 
88 
87 
47 82 
78 48 
96 
52 9 
66 
73 
8 75 
92 
39 
7 71 
45 
19 
58 29 
55 
51 
26 
75 
82 49 
94 
48 
29 
53 
35 
13 
99 
56 
61 
42 
63 
81 
98 
50 
49 
60 
79 
9 
90 
71 
97 
5 
# clone tree 47 objective: 4.56406
0 23 46 
28 35 85 
46 28 
59 74 84 10 
43 59 
85 90 80 43 
10 56 44 62 
62 79 25 
25 45 89 
89 94 34 
34 50 12 15 
57 60 39 47 91 
15 13 86 
86 57 
91 38 30 
65 17 
17 20 18 
30 99 65 
84 24 33 
18 21 41 
33 61 37 
38 53 27 
41 2 
27 69 6 
37 51 72 
2 19 3 
21 77 4 
72 36 
68 73 11 
44 42 68 
4 64 
36 54 
24 8 78 83 
74 5 1 
22 67 
54 14 
3 32 
6 22 
14 16 
23 95 
64 31 
80 87 
83 52 
12 81 
69 76 
32 7 
70 98 66 
1 70 
67 93 
95 96 
11 63 
40 
31 40 
77 92 
16 55 
93 88 
20 26 
76 58 
88 
87 
47 82 
78 48 
96 
52 9 
66 
73 
8 75 
92 
39 
7 
45 
19 
58 29 
55 
51 
26 
75 
82 49 
94 
48 
29 
53 
35 
13 
99 
56 
61 
42 
63 97 
81 
98 
50 
49 
60 
79 71 
9 
90 
71 
97 
5 
# clone tree 48 objective: 4.56406
0 23 46 
28 35 85 
46 60 28 
59 74 84 10 
43 59 
85 80 43 
10 56 44 62 
62 25 
25 45 89 
89 94 34 
34 50 12 15 
57 39 47 91 
15 13 86 
86 57 
91 38 30 
65 17 
17 20 18 
30 99 65 
84 24 33 
18 21 41 
33 61 37 
38 53 27 
41 2 
27 69 6 
37 51 72 
2 19 3 
21 77 4 
72 36 
68 73 11 
44 42 68 
4 5 64 
36 54 
24 8 78 83 
74 1 
22 67 
54 14 
3 32 
6 22 
14 16 
23 95 
64 31 
80 87 
83 52 
12 9 81 
69 76 
32 97 7 
70 90 98 66 
1 70 
67 93 
95 96 
11 63 
40 79 
31 40 
77 92 
16 55 
93 88 
20 26 
76 58 
88 
87 
47 82 
78 48 
96 
52 
66 
73 
8 75 
92 
39 
7 
45 
19 
58 29 
55 
51 
26 
75 
82 49 
94 
48 
29 
53 
35 
13 
99 
56 
61 
42 
63 
81 
98 71 
50 
49 
60 
79 
9 
90 
71 
97 
5 
# clone tree 49 objective: 4.56406
0 23 46 
28 35 85 
46 28 
59 74 84 10 
43 59 
85 90 80 43 
10 56 44 62 
62 79 25 
25 45 89 
89 94 34 
34 50 12 15 
57 60 39 47 91 
15 13 86 
86 57 
91 38 30 
65 17 
17 20 18 
30 99 65 
84 24 33 
18 21 41 
33 61 37 
38 53 27 
41 2 
27 69 6 
37 51 72 
2 19 3 
21 77 4 
72 36 
68 73 11 
44 42 68 
4 64 
36 54 
24 8 78 83 
74 1 
22 67 
54 14 
3 32 
6 22 
14 16 
23 95 
64 31 
80 97 87 
83 52 
12 81 
69 76 
32 7 
70 98 66 
1 70 
67 93 
95 96 
11 63 
40 
31 40 
77 92 
16 55 
93 88 
20 5 26 
76 58 
88 
87 
47 82 
78 48 
96 
52 9 
66 
73 
8 75 
92 
39 
7 
45 
19 
58 29 
55 
51 
26 
75 
82 49 
94 
48 
29 
53 
35 
13 
99 
56 
61 
42 
63 
81 
98 
50 
49 
60 
79 71 
9 
90 
71 
97 
5 
