0 17 74 85 
85 1 49 76 47 
47 94 5 
5 84 98 65 59 
59 80 15 20 26 
26 66 53 
53 9 99 34 40 36 
36 29 91 48 
48 89 87 60 
20 35 
35 57 
62 12 50 
60 62 
50 28 
57 64 4 
28 67 
67 68 95 22 
4 51 61 
6 71 
81 90 6 
91 31 81 
24 41 
61 82 2 
22 42 24 
2 79 77 
45 18 19 
41 45 
19 39 37 
71 83 
83 52 
77 13 
13 21 
76 16 
74 73 
16 44 11 
21 63 25 
65 56 30 
52 32 
37 72 
82 58 
40 75 
73 70 
49 54 
66 46 86 
25 88 
72 7 
11 96 
58 93 
75 55 
88 38 
86 14 
70 23 
87 
18 97 
1 
32 43 
31 
54 
55 
7 10 
30 
38 3 
89 
97 
96 
15 33 
95 
10 78 
94 
3 27 
43 
29 
51 
12 
17 
98 
79 69 
84 
14 
64 
93 
68 
34 
90 8 
23 
46 
39 
42 
44 
63 
80 
33 
27 
99 
78 
69 
56 
8 
9 92 
92 
