0 42 
42 43 92 29 75 
75 65 7 
58 60 78 
77 98 79 
59 58 
79 59 
7 77 
78 2 27 
27 31 11 
11 81 85 51 
51 74 16 
16 22 53 
53 34 84 
70 47 
69 40 13 
84 19 
19 70 
14 95 69 
47 14 
34 49 28 
13 24 38 68 
28 46 
46 76 44 
44 82 
80 23 20 
68 80 
82 12 91 
20 66 67 
91 99 52 
52 33 36 
67 54 72 
35 63 5 
36 35 
72 93 
93 89 
22 6 37 26 
5 56 18 
89 64 
26 17 
85 97 8 
31 3 
18 57 73 
38 10 
64 32 
73 25 
32 9 
8 21 
10 48 
21 15 
17 55 
29 45 
9 62 
25 90 
3 83 
55 88 
49 96 
15 
92 41 
62 94 
48 50 
65 39 
33 86 
81 
66 
50 
96 
83 
86 87 
45 
4 
43 
94 71 
74 
39 4 
37 
12 
88 
24 1 
90 
63 
57 
41 
40 
23 61 
95 
87 
56 
99 
54 
60 
2 
71 
61 
76 
6 
97 
1 30 
98 
30 
