# clone tree 0 objective: 4.27426
0 9 38 78 
78 69 37 13 90 
90 97 57 48 
10 46 99 95 
48 32 93 10 
95 74 53 
8 71 27 30 
53 12 8 
36 75 
30 51 36 
84 23 60 
75 84 
60 1 83 82 
82 91 42 
42 63 94 77 79 
14 4 
27 92 87 14 
79 65 25 6 
4 7 22 
22 19 52 
6 89 96 26 
52 98 70 
26 49 40 
18 61 3 
40 20 17 
70 76 18 
17 11 15 45 
3 2 24 
45 29 
38 35 16 
71 50 85 
77 33 
85 58 
94 34 
61 47 43 
13 
34 62 
24 
20 54 88 
16 
29 73 
93 59 
96 28 
74 5 
15 
32 66 44 67 
83 39 
62 68 
7 
19 
33 72 
99 
59 
28 55 80 
91 21 
76 41 
63 
46 
51 86 
25 
58 81 
88 56 
12 
43 
49 
39 
1 
47 
35 
9 
5 
68 
67 64 
57 
56 
89 
72 
54 
87 
2 
44 
21 
41 
23 
86 31 
65 
73 
98 
37 
80 
92 
55 
69 
66 
81 
64 
50 
31 
11 
97 
# clone tree 1 objective: 4.27426
0 9 38 78 
78 69 37 13 90 
90 57 48 
10 46 99 95 
48 97 32 93 10 
95 74 53 
8 71 27 30 
53 12 8 
36 75 
30 51 36 
84 23 60 
75 84 
60 1 83 82 
82 91 42 
42 63 94 77 79 
14 4 
27 92 87 14 
79 65 25 6 
4 7 22 
22 19 52 
6 89 96 26 
52 98 70 
26 49 40 
18 61 3 
40 20 17 
70 76 18 
17 11 15 45 
3 2 24 
45 29 
38 35 16 
71 50 85 
77 33 
85 58 
94 34 
61 47 43 
13 
34 62 
24 
20 54 88 
16 
29 73 
93 59 
96 28 
74 5 
15 
32 66 44 67 
83 39 
62 68 
7 
19 
33 72 
99 
59 
28 55 80 
91 21 
76 41 
63 
46 
51 86 
25 
58 81 
88 56 
12 
43 
49 
39 
1 
47 
35 
9 
5 
68 
67 64 
57 
56 
89 
72 
54 
87 
2 
44 
21 
41 
23 
86 31 
65 
73 
98 
37 
80 
92 
55 
69 
66 
81 
64 
50 
31 
11 
97 
# clone tree 2 objective: 4.27426
0 9 38 78 
78 69 37 13 90 
90 11 57 48 
10 46 99 95 
48 32 93 10 
95 74 53 
8 71 27 30 
53 12 8 
36 75 
30 51 36 
84 23 60 
75 84 
60 1 83 82 
82 91 42 
42 63 94 77 79 
14 4 
27 92 87 14 
79 65 25 6 
4 7 22 
22 19 52 
6 89 96 26 
52 98 70 
26 49 40 
18 61 3 
40 20 17 
70 76 18 
17 15 45 
3 2 24 
45 29 
38 35 16 
71 50 85 
77 33 
85 58 
94 34 
61 47 43 
13 
34 62 
24 
20 54 88 
16 
29 73 
93 59 
96 28 
74 5 
15 
32 66 44 67 
83 39 
62 68 
7 
19 
33 72 
99 
59 
28 55 80 
91 21 
76 41 
63 
46 
51 86 
25 
58 81 
88 56 
12 
43 
49 
39 
1 
47 
35 
9 
5 
68 
67 64 
57 
56 
89 
72 
54 
87 
2 
44 
21 
41 
23 
86 31 
65 
73 
98 
37 
80 
92 
55 
69 
66 
81 
64 
50 
31 97 
11 
97 
# clone tree 3 objective: 4.27426
0 92 9 38 78 
78 37 13 90 
90 57 48 
10 46 99 95 
48 32 93 10 
95 74 53 
8 71 27 30 
53 12 8 
36 75 
30 51 36 
84 23 60 
75 84 
60 1 83 82 
82 91 42 
42 63 94 77 79 
14 68 4 
27 65 14 
79 87 25 6 
4 7 22 
22 19 52 
6 89 96 26 
52 98 70 
26 49 40 
18 61 3 
40 20 17 
70 76 18 
17 15 45 
3 2 24 
45 29 
38 35 16 
71 11 85 
77 33 
85 58 
94 34 
61 47 43 
13 
34 62 
24 
20 54 88 
16 
29 73 
93 59 
96 28 
74 5 
15 
32 55 44 67 
83 39 
62 66 
7 
19 
33 72 
99 69 
59 
28 
91 21 
76 41 
63 
46 
51 86 
25 
58 
88 56 
12 
43 
49 81 
39 
1 
47 31 
35 
9 
5 
68 
67 64 
57 
56 
89 50 
72 
54 
87 
2 
44 
21 
41 
23 
86 
65 80 
73 
98 
37 97 
80 
92 
55 
69 
66 
81 
64 
50 
31 
11 
97 
# clone tree 4 objective: 4.27426
0 9 38 78 
78 69 37 13 90 
90 97 57 48 
10 46 99 95 
48 32 93 10 
95 74 53 
8 71 27 30 
53 12 8 
36 75 
30 51 36 
84 23 60 
75 84 
60 1 83 82 
82 91 42 
42 63 94 77 79 
14 4 
27 92 87 14 
79 11 65 25 6 
4 7 22 
22 19 52 
6 89 96 26 
52 98 70 
26 49 40 
18 61 3 
40 20 17 
70 76 18 
17 15 45 
3 2 24 
45 29 
38 35 16 
71 50 85 
77 33 
85 58 
94 34 
61 47 43 
13 
34 62 
24 
20 54 88 
16 
29 73 
93 59 
96 28 
74 5 
15 
32 66 44 67 
83 39 
62 68 
7 
19 
33 72 
99 
59 
28 55 80 
91 21 
76 41 
63 
46 
51 86 
25 
58 81 
88 56 
12 
43 
49 
39 
1 
47 
35 
9 
5 
68 
67 64 
57 
56 
89 
72 
54 
87 
2 
44 
21 
41 
23 
86 31 
65 
73 
98 
37 
80 
92 
55 
69 
66 
81 
64 
50 
31 
11 
97 
# clone tree 5 objective: 4.27426
0 92 9 38 78 
78 37 13 90 
90 57 48 
10 46 99 95 
48 32 93 10 
95 74 53 
8 71 27 30 
53 12 8 
36 75 
30 51 36 
84 23 60 
75 84 
60 1 83 82 
82 91 42 
42 63 94 77 79 
14 68 4 
27 65 14 
79 87 25 6 
4 7 22 
22 19 52 
6 89 96 26 
52 98 70 
26 49 40 
18 61 3 
40 20 17 
70 76 18 
17 15 45 
3 2 24 
45 29 
38 35 16 
71 11 85 
77 33 
85 58 
94 34 
61 47 43 
13 
34 62 
24 
20 54 88 
16 
29 73 
93 59 
96 28 
74 5 
15 
32 55 44 67 
83 39 
62 66 
7 
19 
33 72 
99 69 
59 
28 
91 21 
76 41 
63 
46 
51 86 
25 
58 
88 56 
12 
43 
49 81 
39 
1 
47 31 
35 
9 
5 
68 
67 64 
57 
56 
89 50 
72 
54 
87 97 
2 
44 
21 
41 
23 
86 
65 80 
73 
98 
37 
80 
92 
55 
69 
66 
81 
64 
50 
31 
11 
97 
# clone tree 6 objective: 4.27426
0 9 38 78 
78 69 37 13 90 
90 11 57 48 
10 46 99 95 
48 32 93 10 
95 74 53 
8 71 27 30 
53 12 8 
36 75 
30 51 36 
84 23 60 
75 84 
60 1 83 82 
82 91 42 
42 63 94 77 79 
14 4 
27 92 87 14 
79 65 25 6 
4 7 22 
22 19 52 
6 89 96 26 
52 98 70 
26 49 40 
18 61 3 
40 20 17 
70 76 18 
17 15 45 
3 2 24 
45 29 
38 35 16 
71 50 85 
77 33 
85 58 
94 34 
61 47 43 
13 
34 62 
24 
20 54 88 
16 
29 73 
93 59 
96 28 
74 5 
15 
32 66 44 67 
83 39 
62 68 
7 
19 
33 72 
99 
59 
28 55 80 
91 21 
76 41 
63 
46 
51 86 
25 
58 81 
88 56 
12 
43 
49 
39 
1 
47 
35 
9 
5 
68 
67 64 
57 
56 
89 
72 
54 
87 
2 
44 
21 
41 
23 
86 31 
65 
73 
98 
37 
80 
92 
55 
69 
66 
81 
64 
50 
31 
11 97 
97 
# clone tree 7 objective: 4.27426
0 92 9 38 78 
78 37 13 90 
90 57 48 
10 46 99 95 
48 32 93 10 
95 74 53 
8 71 27 30 
53 12 8 
36 75 
30 51 36 
84 23 60 
75 84 
60 1 83 82 
82 91 42 
42 63 94 77 79 
14 68 4 
27 65 14 
79 87 25 6 
4 7 22 
22 19 52 
6 89 96 26 
52 98 70 
26 49 40 
18 61 3 
40 20 17 
70 76 18 
17 15 45 
3 2 24 
45 29 
38 35 16 
71 11 85 
77 33 
85 58 
94 34 
61 47 43 
13 
34 62 
24 
20 54 88 
16 
29 73 
93 59 
96 28 
74 5 
15 
32 55 44 67 
83 39 
62 66 
7 
19 
33 72 
99 69 
59 
28 
91 21 
76 41 
63 
46 
51 86 
25 
58 
88 56 
12 
43 
49 81 
39 
1 
47 31 
35 97 
9 
5 
68 
67 64 
57 
56 
89 50 
72 
54 
87 
2 
44 
21 
41 
23 
86 
65 80 
73 
98 
37 
80 
92 
55 
69 
66 
81 
64 
50 
31 
11 
97 
# clone tree 8 objective: 4.27426
0 9 38 78 
78 69 37 13 90 
90 11 57 48 
10 46 99 95 
48 32 93 10 
95 74 53 
8 71 27 30 
53 12 8 
36 75 
30 51 36 
84 23 60 
75 84 
60 1 83 82 
82 91 42 
42 63 94 77 79 
14 4 
27 92 87 14 
79 65 25 6 
4 7 22 
22 19 52 
6 89 96 26 
52 98 70 
26 49 40 
18 61 3 
40 20 17 
70 76 18 
17 15 45 
3 2 24 
45 29 
38 35 16 
71 50 85 
77 33 
85 58 
94 34 
61 47 43 
13 
34 62 
24 
20 54 88 
16 
29 73 
93 59 
96 28 
74 5 
15 
32 66 44 67 
83 39 
62 68 
7 
19 
33 72 
99 
59 
28 55 80 
91 21 
76 41 
63 
46 
51 86 
25 
58 81 
88 56 
12 
43 
49 
39 
1 
47 
35 
9 
5 
68 
67 64 
57 
56 
89 
72 
54 
87 
2 
44 
21 
41 
23 
86 31 
65 
73 
98 97 
37 
80 
92 
55 
69 
66 
81 
64 
50 
31 
11 
97 
# clone tree 9 objective: 4.27426
0 92 9 38 78 
78 37 13 90 
90 57 48 
10 46 99 95 
48 32 93 10 
95 74 53 
8 71 27 30 
53 12 8 
36 75 
30 51 36 
84 23 60 
75 84 
60 1 83 82 
82 91 42 
42 63 94 77 79 
14 68 4 
27 65 14 
79 87 25 6 
4 7 22 
22 19 52 
6 89 96 26 
52 98 70 
26 49 40 
18 61 3 
40 20 17 
70 76 18 
17 15 45 
3 2 24 
45 29 
38 35 16 
71 11 85 
77 33 
85 58 
94 34 
61 47 43 
13 
34 62 
24 
20 54 88 
16 
29 73 
93 59 
96 28 
74 5 
15 
32 55 44 67 
83 39 
62 66 
7 
19 
33 72 
99 69 
59 
28 
91 21 
76 41 
63 
46 
51 86 
25 97 
58 
88 56 
12 
43 
49 81 
39 
1 
47 31 
35 
9 
5 
68 
67 64 
57 
56 
89 50 
72 
54 
87 
2 
44 
21 
41 
23 
86 
65 80 
73 
98 
37 
80 
92 
55 
69 
66 
81 
64 
50 
31 
11 
97 
# clone tree 10 objective: 4.27426
0 9 38 78 
78 69 37 13 90 
90 11 57 48 
10 46 99 95 
48 32 93 10 
95 74 53 
8 71 27 30 
53 12 8 
36 75 
30 51 36 
84 23 60 
75 84 
60 1 83 82 
82 91 42 
42 63 94 77 79 
14 4 
27 92 87 14 
79 65 25 6 
4 7 22 
22 19 52 
6 89 96 26 
52 98 70 
26 49 40 
18 61 3 
40 20 17 
70 76 18 
17 15 45 
3 2 24 
45 29 
38 35 16 
71 50 85 
77 33 
85 58 
94 34 
61 47 43 
13 
34 62 
24 
20 54 88 
16 
29 73 
93 59 
96 28 
74 5 
15 
32 66 44 67 
83 39 
62 68 
7 
19 
33 72 
99 
59 
28 55 80 
91 21 
76 41 
63 
46 
51 86 
25 
58 81 
88 56 
12 
43 
49 
39 
1 
47 
35 
9 
5 
68 
67 64 
57 
56 
89 
72 
54 
87 
2 
44 
21 
41 
23 
86 31 
65 
73 
98 
37 97 
80 
92 
55 
69 
66 
81 
64 
50 
31 
11 
97 
# clone tree 11 objective: 4.27426
0 92 9 38 78 
78 37 13 90 
90 57 48 
10 46 99 95 
48 32 93 10 
95 74 53 
8 71 27 30 
53 12 8 
36 75 
30 51 36 
84 23 60 
75 84 
60 1 83 82 
82 91 42 
42 63 94 77 79 
14 68 4 
27 65 14 
79 87 25 6 
4 7 22 
22 19 52 
6 89 96 26 
52 98 70 
26 49 40 
18 61 3 
40 20 17 
70 76 18 
17 15 45 
3 2 24 
45 29 
38 35 16 
71 11 85 
77 33 
85 58 
94 34 
61 47 43 
13 
34 62 
24 
20 54 88 
16 
29 73 
93 59 
96 28 
74 5 
15 
32 55 44 67 
83 39 
62 66 
7 
19 97 
33 72 
99 69 
59 
28 
91 21 
76 41 
63 
46 
51 86 
25 
58 
88 56 
12 
43 
49 81 
39 
1 
47 31 
35 
9 
5 
68 
67 64 
57 
56 
89 50 
72 
54 
87 
2 
44 
21 
41 
23 
86 
65 80 
73 
98 
37 
80 
92 
55 
69 
66 
81 
64 
50 
31 
11 
97 
# clone tree 12 objective: 4.27426
0 9 38 78 
78 69 37 13 90 
90 11 57 48 
10 46 99 95 
48 32 93 10 
95 74 53 
8 71 27 30 
53 12 8 
36 75 
30 51 36 
84 23 60 
75 84 
60 1 83 82 
82 91 42 
42 63 94 77 79 
14 4 
27 92 87 14 
79 65 25 6 
4 7 22 
22 19 52 
6 89 96 26 
52 98 70 
26 49 40 
18 61 3 
40 20 17 
70 76 18 
17 15 45 
3 2 24 
45 29 
38 35 16 
71 50 85 
77 33 
85 58 
94 34 
61 47 43 
13 
34 62 
24 
20 54 88 
16 
29 73 
93 59 
96 28 
74 5 
15 
32 66 44 67 
83 39 
62 68 
7 
19 
33 72 
99 
59 
28 55 80 
91 21 
76 41 
63 
46 
51 86 
25 
58 81 
88 56 
12 
43 
49 
39 
1 
47 
35 
9 
5 
68 
67 64 
57 
56 
89 
72 
54 97 
87 
2 
44 
21 
41 
23 
86 31 
65 
73 
98 
37 
80 
92 
55 
69 
66 
81 
64 
50 
31 
11 
97 
# clone tree 13 objective: 4.27426
0 92 9 38 78 
78 37 13 90 
90 57 48 
10 46 99 95 
48 32 93 10 
95 74 53 
8 71 27 30 
53 12 8 
36 75 
30 51 36 
84 23 60 
75 84 
60 1 83 82 
82 91 42 
42 63 94 77 79 
14 68 4 
27 65 14 
79 87 25 6 
4 7 22 
22 19 52 
6 89 96 26 
52 98 70 
26 49 40 
18 61 3 
40 20 17 
70 76 18 
17 15 45 
3 2 24 
45 29 
38 35 16 
71 11 85 
77 33 
85 58 
94 34 
61 47 43 
13 
34 62 
24 
20 54 88 
16 97 
29 73 
93 59 
96 28 
74 5 
15 
32 55 44 67 
83 39 
62 66 
7 
19 
33 72 
99 69 
59 
28 
91 21 
76 41 
63 
46 
51 86 
25 
58 
88 56 
12 
43 
49 81 
39 
1 
47 31 
35 
9 
5 
68 
67 64 
57 
56 
89 50 
72 
54 
87 
2 
44 
21 
41 
23 
86 
65 80 
73 
98 
37 
80 
92 
55 
69 
66 
81 
64 
50 
31 
11 
97 
# clone tree 14 objective: 4.27426
0 9 38 78 
78 69 37 13 90 
90 11 57 48 
10 46 99 95 
48 32 93 10 
95 74 53 
8 71 27 30 
53 12 8 
36 75 
30 51 36 
84 23 60 
75 84 
60 1 83 82 
82 91 42 
42 63 94 77 79 
14 4 
27 92 87 14 
79 65 25 6 
4 7 22 
22 19 52 
6 89 96 26 
52 98 70 
26 49 40 
18 61 3 
40 20 17 
70 76 18 
17 15 45 
3 2 24 
45 29 
38 35 16 
71 50 85 
77 33 
85 58 
94 34 
61 47 43 
13 
34 62 
24 
20 54 88 
16 
29 73 
93 59 
96 28 
74 5 
15 
32 66 44 67 
83 39 
62 68 
7 
19 
33 72 
99 
59 
28 55 80 
91 21 
76 41 
63 
46 
51 86 
25 
58 81 
88 56 
12 
43 
49 
39 
1 
47 
35 
9 
5 
68 
67 64 
57 
56 
89 
72 
54 
87 
2 
44 
21 
41 
23 
86 31 
65 
73 
98 
37 
80 
92 
55 
69 
66 
81 97 
64 
50 
31 
11 
97 
# clone tree 15 objective: 4.27426
0 92 9 38 78 
78 37 13 90 
90 57 48 
10 46 99 95 
48 32 93 10 
95 74 53 
8 71 27 30 
53 12 8 
36 75 
30 51 36 
84 23 60 
75 84 
60 1 83 82 
82 91 42 
42 63 94 77 79 
14 68 4 
27 65 14 
79 87 25 6 
4 7 22 
22 19 52 
6 89 96 26 
52 98 70 
26 49 40 
18 61 3 
40 20 17 
70 76 18 
17 15 45 
3 2 24 
45 29 
38 97 35 16 
71 11 85 
77 33 
85 58 
94 34 
61 47 43 
13 
34 62 
24 
20 54 88 
16 
29 73 
93 59 
96 28 
74 5 
15 
32 55 44 67 
83 39 
62 66 
7 
19 
33 72 
99 69 
59 
28 
91 21 
76 41 
63 
46 
51 86 
25 
58 
88 56 
12 
43 
49 81 
39 
1 
47 31 
35 
9 
5 
68 
67 64 
57 
56 
89 50 
72 
54 
87 
2 
44 
21 
41 
23 
86 
65 80 
73 
98 
37 
80 
92 
55 
69 
66 
81 
64 
50 
31 
11 
97 
# clone tree 16 objective: 4.27426
0 9 38 78 
78 69 37 13 90 
90 11 57 48 
10 46 99 95 
48 32 93 10 
95 74 53 
8 71 27 30 
53 12 8 
36 75 
30 51 36 
84 23 60 
75 84 
60 1 83 82 
82 91 42 
42 63 94 77 79 
14 4 
27 92 87 14 
79 65 25 6 
4 7 22 
22 19 52 
6 89 96 26 
52 98 70 
26 49 40 
18 61 3 
40 20 17 
70 76 18 
17 15 45 
3 2 24 
45 29 
38 35 16 
71 50 85 
77 33 
85 58 
94 34 
61 47 43 
13 
34 62 
24 
20 54 88 
16 
29 73 
93 59 
96 28 
74 5 
15 
32 66 44 67 
83 39 
62 68 
7 
19 
33 72 
99 
59 
28 55 80 
91 21 
76 41 
63 
46 
51 86 
25 
58 81 
88 56 
12 
43 
49 
39 
1 
47 
35 
9 
5 
68 
67 64 
57 
56 
89 
72 
54 
87 97 
2 
44 
21 
41 
23 
86 31 
65 
73 
98 
37 
80 
92 
55 
69 
66 
81 
64 
50 
31 
11 
97 
# clone tree 17 objective: 4.27426
0 92 9 38 78 
78 37 13 90 
90 57 48 
10 46 99 95 
48 32 93 10 
95 74 53 
8 71 27 30 
53 12 8 
36 75 
30 51 36 
84 23 60 
75 84 
60 1 83 82 
82 91 42 
42 63 94 77 79 
14 68 4 
27 65 14 
79 87 25 6 
4 7 22 
22 19 52 
6 89 96 26 
52 98 70 
26 49 40 
18 61 3 
40 20 17 
70 76 18 
17 15 45 
3 2 24 
45 29 
38 35 16 
71 11 85 
77 33 
85 58 
94 34 
61 47 43 
13 
34 62 
24 
20 97 54 88 
16 
29 73 
93 59 
96 28 
74 5 
15 
32 55 44 67 
83 39 
62 66 
7 
19 
33 72 
99 69 
59 
28 
91 21 
76 41 
63 
46 
51 86 
25 
58 
88 56 
12 
43 
49 81 
39 
1 
47 31 
35 
9 
5 
68 
67 64 
57 
56 
89 50 
72 
54 
87 
2 
44 
21 
41 
23 
86 
65 80 
73 
98 
37 
80 
92 
55 
69 
66 
81 
64 
50 
31 
11 
97 
# clone tree 18 objective: 4.27426
0 9 38 78 
78 69 37 13 90 
90 11 57 48 
10 46 99 95 
48 32 93 10 
95 74 53 
8 71 27 30 
53 12 8 
36 75 
30 51 36 
84 23 60 
75 84 
60 1 83 82 
82 91 42 
42 63 94 77 79 
14 4 
27 92 87 14 
79 65 25 6 
4 7 22 
22 19 52 
6 89 96 26 
52 98 70 
26 49 40 
18 61 3 
40 20 17 
70 76 18 
17 15 45 
3 2 24 
45 29 
38 35 16 
71 50 85 
77 33 
85 58 
94 34 
61 47 43 
13 
34 62 
24 
20 54 88 
16 
29 73 
93 59 
96 28 
74 5 
15 
32 66 44 67 
83 39 
62 68 
7 
19 
33 72 
99 
59 
28 55 80 
91 21 
76 41 
63 
46 
51 86 
25 
58 81 
88 56 
12 
43 
49 
39 
1 
47 97 
35 
9 
5 
68 
67 64 
57 
56 
89 
72 
54 
87 
2 
44 
21 
41 
23 
86 31 
65 
73 
98 
37 
80 
92 
55 
69 
66 
81 
64 
50 
31 
11 
97 
# clone tree 19 objective: 4.27426
0 92 9 38 78 
78 37 13 90 
90 57 48 
10 46 99 95 
48 32 93 10 
95 74 53 
8 71 27 30 
53 12 8 
36 75 
30 51 36 
84 23 60 
75 84 
60 1 83 82 
82 91 42 
42 63 94 77 79 
14 68 4 
27 65 14 
79 87 25 6 
4 7 22 
22 19 52 
6 89 96 26 
52 98 70 
26 49 40 
18 61 3 
40 20 17 
70 76 18 
17 15 45 
3 2 24 
45 29 
38 35 16 
71 11 85 
77 33 
85 58 
94 34 
61 47 43 
13 
34 62 
24 
20 54 88 
16 
29 73 
93 59 
96 28 
74 5 
15 
32 55 44 67 
83 39 
62 66 
7 
19 
33 72 
99 69 
59 
28 
91 21 
76 41 
63 
46 
51 86 
25 
58 
88 56 
12 
43 
49 81 
39 
1 
47 31 
35 
9 
5 
68 
67 64 
57 
56 
89 50 
72 
54 
87 
2 
44 
21 
41 
23 
86 
65 80 
73 
98 
37 
80 
92 
55 
69 
66 
81 
64 
50 97 
31 
11 
97 
# clone tree 20 objective: 4.27426
0 9 38 78 
78 69 37 13 90 
90 57 48 
10 97 46 99 95 
48 32 93 10 
95 74 53 
8 71 27 30 
53 12 8 
36 75 
30 51 36 
84 23 60 
75 84 
60 1 83 82 
82 91 42 
42 63 94 77 79 
14 4 
27 92 87 14 
79 11 65 25 6 
4 7 22 
22 19 52 
6 89 96 26 
52 98 70 
26 49 40 
18 61 3 
40 20 17 
70 76 18 
17 15 45 
3 2 24 
45 29 
38 35 16 
71 50 85 
77 33 
85 58 
94 34 
61 47 43 
13 
34 62 
24 
20 54 88 
16 
29 73 
93 59 
96 28 
74 5 
15 
32 66 44 67 
83 39 
62 68 
7 
19 
33 72 
99 
59 
28 55 80 
91 21 
76 41 
63 
46 
51 86 
25 
58 81 
88 56 
12 
43 
49 
39 
1 
47 
35 
9 
5 
68 
67 64 
57 
56 
89 
72 
54 
87 
2 
44 
21 
41 
23 
86 31 
65 
73 
98 
37 
80 
92 
55 
69 
66 
81 
64 
50 
31 
11 
97 
# clone tree 21 objective: 4.27426
0 92 9 38 78 
78 37 13 90 
90 57 48 
10 46 99 95 
48 32 93 10 
95 74 53 
8 71 27 30 
53 12 8 
36 75 
30 51 36 
84 23 60 
75 84 
60 1 83 82 
82 91 42 
42 63 94 77 79 
14 68 4 
27 65 14 
79 87 25 6 
4 7 22 
22 97 19 52 
6 89 96 26 
52 98 70 
26 49 40 
18 61 3 
40 20 17 
70 76 18 
17 15 45 
3 2 24 
45 29 
38 35 16 
71 11 85 
77 33 
85 58 
94 34 
61 47 43 
13 
34 62 
24 
20 54 88 
16 
29 73 
93 59 
96 28 
74 5 
15 
32 55 44 67 
83 39 
62 66 
7 
19 
33 72 
99 69 
59 
28 
91 21 
76 41 
63 
46 
51 86 
25 
58 
88 56 
12 
43 
49 81 
39 
1 
47 31 
35 
9 
5 
68 
67 64 
57 
56 
89 50 
72 
54 
87 
2 
44 
21 
41 
23 
86 
65 80 
73 
98 
37 
80 
92 
55 
69 
66 
81 
64 
50 
31 
11 
97 
# clone tree 22 objective: 4.27426
0 9 38 78 
78 69 37 13 90 
90 11 57 48 
10 46 99 95 
48 32 93 10 
95 74 53 
8 71 27 30 
53 12 8 
36 75 
30 51 36 
84 23 60 
75 84 
60 1 83 82 
82 91 42 
42 63 94 77 79 
14 4 
27 92 87 14 
79 65 25 6 
4 7 22 
22 19 52 
6 89 96 26 
52 98 70 
26 49 40 
18 61 3 
40 20 17 
70 76 18 
17 15 45 
3 2 24 
45 29 
38 35 16 
71 50 85 
77 33 
85 58 
94 34 
61 47 43 
13 
34 62 
24 
20 54 88 
16 
29 73 
93 59 
96 28 
74 5 
15 
32 66 44 67 
83 39 
62 68 
7 
19 
33 72 
99 
59 
28 55 80 
91 21 
76 41 
63 
46 
51 86 
25 
58 81 
88 56 
12 
43 
49 
39 
1 
47 
35 
9 
5 
68 
67 64 
57 
56 
89 
72 
54 
87 
2 
44 
21 
41 
23 
86 97 31 
65 
73 
98 
37 
80 
92 
55 
69 
66 
81 
64 
50 
31 
11 
97 
# clone tree 23 objective: 4.27426
0 92 9 38 78 
78 37 13 90 
90 57 48 
10 46 99 95 
48 32 93 10 
95 74 53 
8 71 27 30 
53 12 8 
36 75 
30 51 36 
84 23 60 
75 84 
60 1 83 82 
82 91 42 
42 63 94 77 79 
14 68 4 
27 65 14 
79 87 25 6 
4 7 22 
22 19 52 
6 89 96 26 
52 98 70 
26 49 40 
18 61 3 
40 20 17 
70 76 18 
17 15 45 
3 2 24 
45 29 
38 35 16 
71 11 85 
77 33 
85 58 
94 34 
61 47 43 
13 
34 62 
24 
20 54 88 
16 
29 73 
93 59 
96 28 
74 5 
15 
32 55 44 67 
83 39 
62 66 
7 
19 
33 72 
99 69 
59 
28 
91 21 
76 41 
63 
46 
51 86 
25 
58 
88 56 
12 
43 
49 81 
39 
1 
47 31 
35 
9 
5 
68 
67 64 
57 
56 97 
89 50 
72 
54 
87 
2 
44 
21 
41 
23 
86 
65 80 
73 
98 
37 
80 
92 
55 
69 
66 
81 
64 
50 
31 
11 
97 
# clone tree 24 objective: 4.27426
0 9 38 78 
78 69 37 13 90 
90 11 57 48 
10 46 99 95 
48 32 93 10 
95 74 53 
8 71 27 30 
53 12 8 
36 75 
30 51 36 
84 23 60 
75 84 
60 1 83 82 
82 91 42 
42 63 94 77 79 
14 4 
27 92 87 14 
79 65 25 6 
4 7 22 
22 19 52 
6 89 96 26 
52 98 70 
26 49 40 
18 61 3 
40 20 17 
70 76 18 
17 15 45 
3 2 24 
45 29 
38 35 16 
71 50 85 
77 33 
85 58 
94 34 
61 47 43 
13 
34 62 
24 
20 54 88 
16 
29 73 
93 59 
96 28 
74 5 
15 
32 66 44 67 
83 39 
62 68 
7 
19 
33 72 
99 
59 
28 55 80 
91 21 
76 41 
63 
46 
51 86 
25 
58 81 
88 56 
12 
43 
49 
39 
1 
47 
35 97 
9 
5 
68 
67 64 
57 
56 
89 
72 
54 
87 
2 
44 
21 
41 
23 
86 31 
65 
73 
98 
37 
80 
92 
55 
69 
66 
81 
64 
50 
31 
11 
97 
# clone tree 25 objective: 4.27426
0 9 38 78 
78 37 21 13 90 
90 57 48 
10 46 99 95 
48 97 32 93 10 
95 74 53 
8 71 27 30 
53 92 12 8 
36 75 
30 51 36 
84 60 
75 84 
60 1 83 82 
82 50 91 42 
42 63 94 77 79 
14 23 4 
27 87 14 
79 11 65 25 6 
4 7 22 
22 19 52 
6 89 96 26 
52 98 70 
26 49 40 
18 66 61 3 
40 20 17 
70 76 18 
17 15 45 
3 2 24 
45 29 
38 35 16 
71 85 
77 33 
85 58 
94 34 
61 47 43 
13 
34 62 
24 69 
20 54 88 
16 
29 64 73 
93 59 
96 28 
74 5 
15 
32 44 67 
83 39 
62 68 
7 
19 
33 72 
99 55 
59 
28 
91 41 
76 
63 
46 
51 86 
25 
58 
88 56 
12 
43 
49 
39 
1 
47 31 
35 
9 
5 81 
68 
67 
57 
56 
89 
72 
54 
87 
2 
44 
21 
41 
23 80 
86 
65 
73 
98 
37 
80 
92 
55 
69 
66 
81 
64 
50 
31 
11 
97 
# clone tree 26 objective: 4.27426
0 9 38 78 
78 69 37 13 90 
90 57 48 
10 46 99 95 
48 32 93 10 
95 74 53 
8 71 27 30 
53 12 8 
36 75 
30 51 36 
84 23 60 
75 84 
60 1 83 82 
82 91 42 
42 63 94 77 79 
14 4 
27 92 87 14 
79 11 65 25 6 
4 7 22 
22 19 52 
6 89 96 26 
52 98 70 
26 49 40 
18 61 3 
40 20 17 
70 76 18 
17 15 45 
3 2 24 
45 29 
38 97 35 16 
71 50 85 
77 33 
85 58 
94 34 
61 47 43 
13 
34 62 
24 
20 54 88 
16 
29 73 
93 59 
96 28 
74 5 
15 
32 66 44 67 
83 39 
62 68 
7 
19 
33 72 
99 
59 
28 55 80 
91 21 
76 41 
63 
46 
51 86 
25 
58 81 
88 56 
12 
43 
49 
39 
1 
47 
35 
9 
5 
68 
67 64 
57 
56 
89 
72 
54 
87 
2 
44 
21 
41 
23 
86 31 
65 
73 
98 
37 
80 
92 
55 
69 
66 
81 
64 
50 
31 
11 
97 
# clone tree 27 objective: 4.27426
0 9 38 78 
78 37 21 13 90 
90 57 48 
10 46 99 95 
48 32 93 10 
95 74 53 
8 71 27 30 
53 92 12 8 
36 75 
30 51 36 
84 60 
75 84 
60 1 83 82 
82 50 91 42 
42 63 94 77 79 
14 23 4 
27 87 14 
79 65 25 6 
4 7 22 
22 19 52 
6 89 96 26 
52 98 70 
26 49 40 
18 66 61 3 
40 20 17 
70 76 18 
17 15 45 
3 2 24 
45 29 
38 35 16 
71 85 
77 33 
85 58 
94 34 
61 47 43 
13 
34 62 
24 69 
20 54 88 
16 
29 64 73 
93 59 
96 28 
74 5 
15 
32 44 67 
83 39 
62 68 
7 
19 
33 72 
99 55 
59 
28 
91 41 
76 97 
63 
46 
51 86 
25 
58 
88 56 
12 
43 
49 
39 11 
1 
47 31 
35 
9 
5 81 
68 
67 
57 
56 
89 
72 
54 
87 
2 
44 
21 
41 
23 80 
86 
65 
73 
98 
37 
80 
92 
55 
69 
66 
81 
64 
50 
31 
11 
97 
# clone tree 28 objective: 4.27426
0 9 38 78 
78 69 37 13 90 
90 57 48 
10 46 99 95 
48 32 93 10 
95 74 53 
8 71 27 30 
53 12 8 
36 75 
30 51 36 
84 23 60 
75 84 
60 1 83 82 
82 91 42 
42 63 94 77 79 
14 4 
27 92 87 14 
79 65 25 6 
4 7 22 
22 19 52 
6 89 96 26 
52 98 70 
26 49 40 
18 61 3 
40 20 17 
70 76 18 
17 15 45 
3 2 24 
45 29 
38 35 16 
71 50 85 
77 33 
85 58 
94 34 
61 47 43 
13 
34 62 
24 
20 54 88 
16 
29 73 
93 59 
96 28 
74 5 
15 
32 66 44 67 
83 39 
62 68 
7 
19 
33 72 
99 
59 
28 55 80 
91 21 
76 41 
63 
46 
51 86 
25 
58 81 
88 56 
12 
43 
49 
39 
1 
47 
35 
9 
5 
68 
67 64 
57 
56 
89 
72 
54 
87 
2 11 
44 
21 
41 
23 
86 31 
65 
73 
98 97 
37 
80 
92 
55 
69 
66 
81 
64 
50 
31 
11 
97 
# clone tree 29 objective: 4.27426
0 9 38 78 
78 69 37 13 90 
90 57 48 
10 46 99 95 
48 32 93 10 
95 74 53 
8 71 27 30 
53 12 8 
36 75 
30 51 36 
84 23 60 
75 84 
60 1 83 82 
82 91 42 
42 63 94 77 79 
14 4 
27 92 87 14 
79 65 25 6 
4 7 22 
22 19 52 
6 89 96 26 
52 98 70 
26 49 40 
18 61 3 
40 20 17 
70 76 18 
17 15 45 
3 2 24 
45 29 
38 35 16 
71 11 50 85 
77 33 
85 58 
94 34 
61 47 43 
13 
34 62 
24 
20 54 88 
16 
29 73 
93 59 
96 28 
74 5 
15 
32 66 44 67 
83 39 
62 68 
7 
19 
33 72 
99 
59 
28 55 80 
91 21 
76 41 
63 
46 
51 86 
25 
58 81 
88 56 
12 
43 
49 
39 97 
1 
47 
35 
9 
5 
68 
67 64 
57 
56 
89 
72 
54 
87 
2 
44 
21 
41 
23 
86 31 
65 
73 
98 
37 
80 
92 
55 
69 
66 
81 
64 
50 
31 
11 
97 
# clone tree 30 objective: 4.27426
0 9 38 78 
78 69 37 13 90 
90 57 48 
10 46 99 95 
48 32 93 10 
95 74 53 
8 71 27 30 
53 12 8 
36 75 
30 51 36 
84 23 60 
75 84 
60 1 83 82 
82 91 42 
42 63 94 77 79 
14 4 
27 92 87 14 
79 65 25 6 
4 7 22 
22 19 52 
6 89 96 26 
52 98 70 
26 49 40 
18 61 3 
40 20 17 
70 76 18 
17 15 45 
3 2 24 
45 29 
38 35 16 
71 50 85 
77 33 
85 58 
94 34 
61 47 43 
13 
34 62 
24 
20 54 88 
16 
29 73 
93 59 
96 28 
74 5 
15 
32 66 44 67 
83 39 
62 68 
7 
19 
33 72 
99 
59 
28 55 80 
91 21 
76 41 
63 
46 
51 86 
25 
58 81 
88 56 
12 97 
43 
49 
39 
1 
47 
35 
9 
5 
68 
67 64 
57 
56 
89 
72 
54 
87 
2 
44 
21 
41 
23 
86 31 
65 
73 11 
98 
37 
80 
92 
55 
69 
66 
81 
64 
50 
31 
11 
97 
# clone tree 31 objective: 4.27426
0 9 38 78 
78 69 37 13 90 
90 57 48 
10 11 46 99 95 
48 32 93 10 
95 74 53 
8 71 27 30 
53 12 8 
36 75 
30 51 36 
84 23 60 
75 84 
60 1 83 82 
82 91 42 
42 63 94 77 79 
14 4 
27 92 87 14 
79 65 25 6 
4 7 22 
22 19 52 
6 89 96 26 
52 98 70 
26 49 40 
18 61 3 
40 20 17 
70 76 18 
17 15 45 
3 2 24 
45 29 
38 35 16 
71 50 85 
77 33 
85 58 
94 34 
61 47 43 
13 
34 62 
24 
20 54 88 
16 
29 73 
93 59 
96 28 
74 5 
15 
32 66 44 67 
83 39 
62 68 
7 
19 
33 72 
99 
59 
28 55 80 
91 21 
76 41 
63 
46 
51 86 
25 
58 81 
88 56 
12 
43 
49 
39 
1 
47 
35 
9 
5 
68 
67 64 
57 
56 
89 
72 
54 
87 
2 
44 
21 
41 
23 
86 31 
65 
73 97 
98 
37 
80 
92 
55 
69 
66 
81 
64 
50 
31 
11 
97 
# clone tree 32 objective: 4.27426
0 9 38 78 
78 69 37 13 90 
90 57 48 
10 46 99 95 
48 32 93 10 
95 74 53 
8 71 27 30 
53 12 8 
36 75 
30 51 36 
84 23 60 
75 84 
60 1 83 82 
82 91 42 
42 63 94 77 79 
14 4 
27 92 87 14 
79 65 25 6 
4 7 22 
22 19 52 
6 89 96 26 
52 98 70 
26 49 40 
18 61 3 
40 20 17 
70 76 18 
17 15 45 
3 2 24 
45 29 
38 35 16 
71 50 85 
77 33 
85 58 
94 34 
61 47 43 
13 
34 62 
24 
20 54 88 
16 
29 73 
93 59 
96 28 
74 5 
15 
32 97 66 44 67 
83 39 
62 68 
7 
19 
33 72 
99 
59 
28 55 80 
91 21 
76 41 
63 
46 11 
51 86 
25 
58 81 
88 56 
12 
43 
49 
39 
1 
47 
35 
9 
5 
68 
67 64 
57 
56 
89 
72 
54 
87 
2 
44 
21 
41 
23 
86 31 
65 
73 
98 
37 
80 
92 
55 
69 
66 
81 
64 
50 
31 
11 
97 
# clone tree 33 objective: 4.27426
0 9 38 78 
78 69 37 13 90 
90 57 48 
10 46 99 95 
48 32 93 10 
95 74 53 
8 71 27 30 
53 12 8 
36 75 
30 51 36 
84 23 60 
75 84 
60 1 83 82 
82 91 42 
42 63 94 77 79 
14 4 
27 92 87 14 
79 65 25 6 
4 7 22 
22 19 52 
6 89 96 26 
52 11 98 70 
26 49 40 
18 61 3 
40 97 20 17 
70 76 18 
17 15 45 
3 2 24 
45 29 
38 35 16 
71 50 85 
77 33 
85 58 
94 34 
61 47 43 
13 
34 62 
24 
20 54 88 
16 
29 73 
93 59 
96 28 
74 5 
15 
32 66 44 67 
83 39 
62 68 
7 
19 
33 72 
99 
59 
28 55 80 
91 21 
76 41 
63 
46 
51 86 
25 
58 81 
88 56 
12 
43 
49 
39 
1 
47 
35 
9 
5 
68 
67 64 
57 
56 
89 
72 
54 
87 
2 
44 
21 
41 
23 
86 31 
65 
73 
98 
37 
80 
92 
55 
69 
66 
81 
64 
50 
31 
11 
97 
# clone tree 34 objective: 4.27426
0 92 9 38 78 
78 37 13 90 
90 57 48 
10 46 99 95 
48 32 93 10 
95 74 53 
8 71 27 30 
53 12 8 
36 75 
30 51 36 
84 23 60 
75 84 
60 1 83 82 
82 91 42 
42 63 94 77 79 
14 68 4 
27 65 14 
79 87 25 6 
4 7 22 
22 19 52 
6 89 96 26 
52 98 70 
26 49 40 
18 97 61 3 
40 20 17 
70 76 18 
17 15 45 
3 2 24 
45 29 
38 35 16 
71 85 
77 33 
85 58 
94 34 
61 47 43 
13 
34 62 
24 
20 54 88 
16 
29 73 
93 59 
96 28 
74 5 
15 
32 55 44 67 
83 39 
62 66 
7 11 
19 
33 72 
99 69 
59 
28 
91 21 
76 41 
63 
46 
51 86 
25 
58 
88 56 
12 
43 
49 81 
39 
1 
47 31 
35 
9 
5 
68 
67 64 
57 
56 
89 50 
72 
54 
87 
2 
44 
21 
41 
23 
86 
65 80 
73 
98 
37 
80 
92 
55 
69 
66 
81 
64 
50 
31 
11 
97 
# clone tree 35 objective: 4.27426
0 9 38 78 
78 37 21 13 90 
90 57 48 
10 46 99 95 
48 32 93 10 
95 74 53 
8 71 27 30 
53 92 12 8 
36 75 
30 51 36 
84 60 
75 84 
60 1 83 82 
82 97 50 91 42 
42 63 94 77 79 
14 23 4 
27 87 14 
79 65 25 6 
4 7 22 
22 19 52 
6 89 96 26 
52 98 70 
26 49 40 
18 66 61 3 
40 20 17 
70 76 18 
17 15 45 
3 2 24 
45 29 
38 35 16 
71 85 
77 33 
85 58 
94 11 34 
61 47 43 
13 
34 62 
24 69 
20 54 88 
16 
29 64 73 
93 59 
96 28 
74 5 
15 
32 44 67 
83 39 
62 68 
7 
19 
33 72 
99 55 
59 
28 
91 41 
76 
63 
46 
51 86 
25 
58 
88 56 
12 
43 
49 
39 
1 
47 31 
35 
9 
5 81 
68 
67 
57 
56 
89 
72 
54 
87 
2 
44 
21 
41 
23 80 
86 
65 
73 
98 
37 
80 
92 
55 
69 
66 
81 
64 
50 
31 
11 
97 
# clone tree 36 objective: 4.27426
0 9 38 78 
78 69 37 13 90 
90 57 48 
10 46 99 95 
48 32 93 10 
95 74 53 
8 71 27 30 
53 12 8 
36 75 
30 51 36 
84 23 60 
75 84 
60 1 83 82 
82 91 42 
42 63 94 77 79 
14 4 
27 92 87 14 
79 65 25 6 
4 7 22 
22 19 52 
6 89 96 26 
52 98 70 
26 49 40 
18 61 3 
40 20 17 
70 76 18 
17 15 45 
3 2 24 
45 29 
38 35 16 
71 50 85 
77 33 
85 58 
94 34 
61 47 43 
13 
34 62 
24 
20 54 88 
16 
29 73 
93 59 
96 28 
74 5 
15 
32 66 44 67 
83 39 
62 68 
7 
19 
33 72 
99 
59 
28 55 80 
91 21 
76 41 
63 
46 
51 86 
25 
58 81 
88 56 
12 
43 
49 
39 11 
1 
47 
35 
9 
5 
68 
67 64 
57 
56 
89 
72 
54 
87 
2 
44 
21 97 
41 
23 
86 31 
65 
73 
98 
37 
80 
92 
55 
69 
66 
81 
64 
50 
31 
11 
97 
# clone tree 37 objective: 4.27426
0 9 38 78 
78 69 37 13 90 
90 57 48 
10 46 99 95 
48 32 93 10 
95 74 53 
8 71 27 30 
53 12 8 
36 75 
30 51 36 
84 23 60 
75 84 
60 1 83 82 
82 91 42 
42 63 94 77 79 
14 4 
27 92 87 14 
79 65 25 6 
4 7 22 
22 19 52 
6 89 96 26 
52 98 70 
26 49 40 
18 61 3 
40 20 17 
70 76 18 
17 15 45 
3 2 24 
45 29 
38 35 16 
71 50 85 
77 33 
85 58 
94 34 
61 47 43 
13 
34 62 
24 
20 54 88 
16 97 
29 73 
93 59 
96 28 
74 5 
15 
32 66 44 67 
83 39 
62 68 
7 11 
19 
33 72 
99 
59 
28 55 80 
91 21 
76 41 
63 
46 
51 86 
25 
58 81 
88 56 
12 
43 
49 
39 
1 
47 
35 
9 
5 
68 
67 64 
57 
56 
89 
72 
54 
87 
2 
44 
21 
41 
23 
86 31 
65 
73 
98 
37 
80 
92 
55 
69 
66 
81 
64 
50 
31 
11 
97 
# clone tree 38 objective: 4.27426
0 9 38 78 
78 69 37 13 90 
90 57 48 
10 46 99 95 
48 32 93 10 
95 74 53 
8 71 27 30 
53 12 8 
36 75 
30 51 36 
84 23 60 
75 84 
60 1 83 82 
82 91 42 
42 63 94 77 79 
14 4 
27 92 87 14 
79 65 25 6 
4 7 22 
22 19 52 
6 89 96 26 
52 98 70 
26 49 40 
18 61 3 
40 20 17 
70 76 18 
17 11 15 45 
3 2 24 
45 29 
38 35 16 
71 50 85 
77 33 
85 58 
94 34 
61 47 43 
13 
34 62 
24 
20 54 88 
16 
29 73 
93 59 
96 28 
74 5 
15 
32 66 44 67 
83 39 
62 68 
7 
19 
33 72 
99 
59 
28 55 80 
91 21 
76 41 
63 
46 
51 86 
25 
58 81 
88 56 
12 
43 
49 
39 97 
1 
47 
35 
9 
5 
68 
67 64 
57 
56 
89 
72 
54 
87 
2 
44 
21 
41 
23 
86 31 
65 
73 
98 
37 
80 
92 
55 
69 
66 
81 
64 
50 
31 
11 
97 
# clone tree 39 objective: 4.27426
0 9 38 78 
78 69 37 13 90 
90 57 48 
10 46 99 95 
48 32 93 10 
95 74 53 
8 71 27 30 
53 12 8 
36 75 
30 51 36 
84 23 60 
75 84 
60 1 83 82 
82 91 42 
42 63 94 77 79 
14 4 
27 97 92 87 14 
79 65 25 6 
4 7 22 
22 19 52 
6 89 96 26 
52 98 70 
26 49 40 
18 61 3 
40 20 17 
70 76 18 
17 15 45 
3 2 24 
45 29 
38 35 16 
71 50 85 
77 33 
85 58 
94 34 
61 47 43 
13 
34 62 
24 
20 54 88 
16 
29 73 
93 59 
96 28 
74 5 
15 
32 66 44 67 
83 39 
62 68 
7 
19 
33 72 
99 
59 
28 55 80 
91 21 
76 41 
63 
46 11 
51 86 
25 
58 81 
88 56 
12 
43 
49 
39 
1 
47 
35 
9 
5 
68 
67 64 
57 
56 
89 
72 
54 
87 
2 
44 
21 
41 
23 
86 31 
65 
73 
98 
37 
80 
92 
55 
69 
66 
81 
64 
50 
31 
11 
97 
# clone tree 40 objective: 4.27426
0 9 38 78 
78 69 37 13 90 
90 57 48 
10 46 99 95 
48 32 93 10 
95 74 53 
8 71 27 30 
53 12 8 
36 75 
30 51 36 
84 23 60 
75 84 
60 1 83 82 
82 91 42 
42 63 94 77 79 
14 4 
27 92 87 14 
79 11 65 25 6 
4 7 22 
22 19 52 
6 89 96 26 
52 98 70 
26 49 40 
18 61 3 
40 20 17 
70 76 18 
17 15 45 
3 2 24 
45 29 
38 35 16 
71 50 85 
77 33 
85 58 
94 34 
61 47 43 
13 
34 62 
24 
20 54 88 
16 
29 73 
93 59 
96 28 
74 5 
15 
32 66 44 67 
83 39 
62 68 
7 
19 
33 72 
99 
59 
28 55 80 
91 21 
76 41 
63 
46 
51 86 
25 
58 81 
88 56 
12 
43 
49 
39 
1 
47 
35 
9 
5 
68 
67 97 64 
57 
56 
89 
72 
54 
87 
2 
44 
21 
41 
23 
86 31 
65 
73 
98 
37 
80 
92 
55 
69 
66 
81 
64 
50 
31 
11 
97 
# clone tree 41 objective: 4.27426
0 9 38 78 
78 37 21 13 90 
90 57 48 
10 46 99 95 
48 32 93 10 
95 74 53 
8 71 27 30 
53 92 12 8 
36 75 
30 51 36 
84 60 
75 84 
60 1 83 82 
82 50 91 42 
42 63 94 77 79 
14 23 4 
27 87 14 
79 65 25 6 
4 7 22 
22 19 52 
6 89 96 26 
52 98 70 
26 49 40 
18 66 61 3 
40 20 17 
70 76 18 
17 15 45 
3 2 24 
45 29 
38 35 16 
71 85 
77 33 
85 58 
94 34 
61 47 43 
13 
34 62 
24 69 
20 97 54 88 
16 
29 64 73 
93 59 
96 28 
74 5 
15 
32 44 67 
83 39 
62 68 
7 
19 
33 72 
99 55 
59 
28 
91 41 
76 
63 
46 
51 86 
25 
58 
88 56 
12 
43 
49 
39 
1 
47 31 
35 
9 
5 81 
68 
67 
57 
56 
89 
72 
54 
87 
2 
44 
21 
41 
23 80 
86 
65 
73 
98 
37 11 
80 
92 
55 
69 
66 
81 
64 
50 
31 
11 
97 
# clone tree 42 objective: 4.27426
0 9 38 78 
78 37 21 13 90 
90 57 48 
10 46 99 95 
48 32 93 10 
95 74 53 
8 71 27 30 
53 92 12 8 
36 75 
30 51 36 
84 60 
75 84 
60 1 83 82 
82 50 91 42 
42 63 94 77 79 
14 23 4 
27 87 14 
79 65 25 6 
4 7 22 
22 19 52 
6 89 96 26 
52 98 70 
26 49 40 
18 66 61 3 
40 20 17 
70 76 18 
17 15 45 
3 2 24 
45 29 
38 35 16 
71 85 
77 33 
85 58 
94 34 
61 47 43 
13 
34 62 
24 69 
20 54 88 
16 
29 64 73 
93 59 
96 28 
74 5 
15 
32 44 67 
83 97 39 
62 68 
7 
19 
33 72 
99 11 55 
59 
28 
91 41 
76 
63 
46 
51 86 
25 
58 
88 56 
12 
43 
49 
39 
1 
47 31 
35 
9 
5 81 
68 
67 
57 
56 
89 
72 
54 
87 
2 
44 
21 
41 
23 80 
86 
65 
73 
98 
37 
80 
92 
55 
69 
66 
81 
64 
50 
31 
11 
97 
# clone tree 43 objective: 4.27426
0 9 38 78 
78 69 37 13 90 
90 57 48 
10 46 99 95 
48 32 93 10 
95 74 53 
8 71 27 30 
53 12 8 
36 75 
30 51 36 
84 23 60 
75 84 
60 1 83 82 
82 91 42 
42 63 94 77 79 
14 4 
27 92 87 14 
79 65 25 6 
4 7 22 
22 19 52 
6 89 96 26 
52 98 70 
26 49 40 
18 61 3 
40 20 17 
70 76 18 
17 15 45 
3 2 24 
45 29 
38 35 16 
71 50 85 
77 33 
85 58 
94 34 
61 47 43 
13 97 
34 62 
24 
20 54 88 
16 
29 73 
93 59 
96 28 
74 5 
15 
32 66 44 67 
83 39 
62 68 
7 
19 
33 72 
99 
59 
28 55 80 
91 21 
76 41 
63 
46 
51 86 
25 
58 81 
88 56 
12 
43 
49 
39 
1 
47 
35 
9 
5 
68 
67 64 
57 
56 
89 
72 
54 
87 
2 
44 
21 
41 
23 
86 31 
65 
73 
98 
37 11 
80 
92 
55 
69 
66 
81 
64 
50 
31 
11 
97 
# clone tree 44 objective: 4.27426
0 9 38 78 
78 37 21 13 90 
90 57 48 
10 46 99 95 
48 32 93 10 
95 74 53 
8 71 27 30 
53 92 12 8 
36 75 
30 51 36 
84 60 
75 84 
60 1 83 82 
82 50 91 42 
42 97 63 94 77 79 
14 23 4 
27 87 14 
79 11 65 25 6 
4 7 22 
22 19 52 
6 89 96 26 
52 98 70 
26 49 40 
18 66 61 3 
40 20 17 
70 76 18 
17 15 45 
3 2 24 
45 29 
38 35 16 
71 85 
77 33 
85 58 
94 34 
61 47 43 
13 
34 62 
24 69 
20 54 88 
16 
29 64 73 
93 59 
96 28 
74 5 
15 
32 44 67 
83 39 
62 68 
7 
19 
33 72 
99 55 
59 
28 
91 41 
76 
63 
46 
51 86 
25 
58 
88 56 
12 
43 
49 
39 
1 
47 31 
35 
9 
5 81 
68 
67 
57 
56 
89 
72 
54 
87 
2 
44 
21 
41 
23 80 
86 
65 
73 
98 
37 
80 
92 
55 
69 
66 
81 
64 
50 
31 
11 
97 
# clone tree 45 objective: 4.27426
0 9 38 78 
78 37 21 13 90 
90 57 48 
10 46 99 95 
48 32 93 10 
95 74 53 
8 71 27 30 
53 92 12 8 
36 75 
30 51 36 
84 97 60 
75 84 
60 1 83 82 
82 50 91 42 
42 63 94 77 79 
14 23 4 
27 87 14 
79 65 25 6 
4 7 22 
22 19 52 
6 89 96 26 
52 98 70 
26 49 40 
18 66 61 3 
40 20 17 
70 76 18 
17 15 45 
3 2 24 
45 29 
38 35 16 
71 85 
77 33 
85 58 
94 34 
61 47 43 
13 
34 62 
24 69 
20 54 88 
16 
29 64 73 
93 59 
96 28 
74 5 
15 
32 44 67 
83 39 
62 68 
7 
19 
33 72 
99 55 
59 
28 
91 41 
76 
63 
46 
51 86 
25 
58 
88 56 
12 
43 
49 
39 
1 
47 31 
35 
9 
5 81 
68 
67 
57 
56 
89 
72 
54 
87 
2 11 
44 
21 
41 
23 80 
86 
65 
73 
98 
37 
80 
92 
55 
69 
66 
81 
64 
50 
31 
11 
97 
# clone tree 46 objective: 4.27426
0 9 38 78 
78 69 37 13 90 
90 57 48 
10 46 99 95 
48 32 93 10 
95 74 53 
8 71 27 30 
53 12 8 
36 75 
30 51 36 
84 23 60 
75 84 
60 11 1 83 82 
82 91 42 
42 63 94 77 79 
14 4 
27 92 87 14 
79 65 25 6 
4 7 22 
22 19 52 
6 89 96 26 
52 98 70 
26 49 40 
18 61 3 
40 20 17 
70 76 18 
17 15 45 
3 2 24 
45 29 
38 35 16 
71 50 85 
77 33 
85 58 
94 34 
61 47 43 
13 
34 62 
24 
20 54 88 
16 
29 73 
93 59 
96 28 
74 5 
15 
32 66 44 67 
83 39 
62 68 
7 
19 
33 97 72 
99 
59 
28 55 80 
91 21 
76 41 
63 
46 
51 86 
25 
58 81 
88 56 
12 
43 
49 
39 
1 
47 
35 
9 
5 
68 
67 64 
57 
56 
89 
72 
54 
87 
2 
44 
21 
41 
23 
86 31 
65 
73 
98 
37 
80 
92 
55 
69 
66 
81 
64 
50 
31 
11 
97 
# clone tree 47 objective: 4.27426
0 92 9 38 78 
78 37 13 90 
90 57 48 
10 46 99 95 
48 32 93 10 
95 74 53 
8 71 27 30 
53 12 8 
36 75 
30 51 36 
84 23 60 
75 84 
60 1 83 82 
82 91 42 
42 63 94 77 79 
14 68 4 
27 65 14 
79 87 25 6 
4 7 22 
22 19 52 
6 89 96 26 
52 98 70 
26 49 40 
18 61 3 
40 20 17 
70 76 18 
17 15 45 
3 2 24 
45 29 
38 35 16 
71 85 
77 33 
85 58 
94 34 
61 47 43 
13 
34 62 
24 
20 54 88 
16 
29 73 
93 59 
96 28 
74 5 
15 
32 55 44 67 
83 39 
62 66 
7 
19 
33 72 
99 69 
59 
28 
91 21 
76 41 
63 
46 97 
51 86 
25 
58 
88 56 
12 
43 
49 81 
39 11 
1 
47 31 
35 
9 
5 
68 
67 64 
57 
56 
89 50 
72 
54 
87 
2 
44 
21 
41 
23 
86 
65 80 
73 
98 
37 
80 
92 
55 
69 
66 
81 
64 
50 
31 
11 
97 
# clone tree 48 objective: 4.27426
0 9 38 78 
78 37 21 13 90 
90 57 48 
10 46 99 95 
48 32 93 10 
95 74 53 
8 71 27 30 
53 92 12 8 
36 75 
30 51 36 
84 60 
75 84 
60 1 83 82 
82 50 91 42 
42 63 94 77 79 
14 23 4 
27 87 14 
79 65 25 6 
4 7 22 
22 19 52 
6 89 96 26 
52 98 70 
26 49 40 
18 66 61 3 
40 20 17 
70 76 18 
17 15 45 
3 2 24 
45 29 
38 35 16 
71 85 
77 33 
85 58 
94 11 34 
61 47 43 
13 
34 62 
24 69 
20 54 88 
16 
29 64 73 
93 59 
96 28 
74 5 
15 
32 44 67 
83 39 
62 68 
7 
19 
33 72 
99 55 
59 
28 
91 41 
76 
63 
46 
51 86 
25 
58 
88 56 
12 
43 
49 
39 
1 
47 31 
35 
9 
5 81 
68 
67 
57 
56 
89 
72 
54 
87 
2 
44 
21 
41 
23 80 
86 
65 
73 
98 
37 
80 
92 
55 
69 
66 97 
81 
64 
50 
31 
11 
97 
# clone tree 49 objective: 4.27426
0 92 9 38 78 
78 37 13 90 
90 57 48 
10 46 99 95 
48 32 93 10 
95 74 53 
8 71 27 30 
53 12 8 
36 75 
30 51 36 
84 23 60 
75 84 
60 1 83 82 
82 91 42 
42 63 94 77 79 
14 68 4 
27 65 14 
79 87 25 6 
4 7 22 
22 19 52 
6 89 96 26 
52 98 70 
26 49 40 
18 61 3 
40 20 17 
70 76 18 
17 15 45 
3 2 24 
45 29 
38 35 16 
71 85 
77 33 
85 58 
94 34 
61 47 43 
13 
34 62 
24 
20 54 88 
16 
29 73 
93 59 
96 28 
74 5 
15 
32 55 44 67 
83 39 
62 66 
7 
19 
33 72 
99 69 
59 
28 
91 21 
76 41 
63 
46 11 
51 86 
25 
58 97 
88 56 
12 
43 
49 81 
39 
1 
47 31 
35 
9 
5 
68 
67 64 
57 
56 
89 50 
72 
54 
87 
2 
44 
21 
41 
23 
86 
65 80 
73 
98 
37 
80 
92 
55 
69 
66 
81 
64 
50 
31 
11 
97 
