0 89 66 55 
55 43 35 30 72 53 
53 33 17 62 
62 14 18 83 39 6 68 
68 37 59 
59 84 77 96 32 9 
17 63 34 78 
9 49 3 
78 82 
3 26 41 40 
82 5 73 
73 24 56 
40 22 8 
8 31 
56 1 71 
31 7 70 
71 23 
70 4 
4 54 
54 25 61 75 
72 45 50 
23 13 36 
37 98 69 87 
50 28 
28 57 
36 95 
75 85 91 
95 10 48 
30 2 46 
91 38 
32 21 
21 11 97 
87 12 58 
66 86 94 
57 80 76 
33 47 44 
38 88 79 
48 42 
46 27 81 
76 67 
94 65 
22 15 
49 99 
45 29 
89 90 51 
58 64 
44 19 
96 
42 
67 60 
10 
79 20 
97 
81 74 
15 
1 
5 16 
35 
7 
74 
69 
51 
61 
6 
19 
64 52 
20 
39 
83 
90 
16 
24 93 
85 
27 
98 
11 
2 
41 
77 
52 
99 
43 
34 
18 92 
29 
26 
60 
65 
93 
63 
92 
14 
84 
25 
47 
88 
86 
13 
80 
12 
