0 66 55 
55 17 53 
53 44 73 62 
62 5 36 68 
68 37 59 
59 91 9 
17 26 78 
9 88 14 63 35 49 3 
78 82 
3 93 2 15 40 
82 43 39 6 97 70 
73 24 45 56 
40 20 31 
8 83 96 72 
56 1 71 
31 8 
71 23 
70 89 4 
4 11 54 
54 75 
72 50 
23 30 
37 69 87 
50 28 
28 22 21 
36 95 
75 32 
95 34 46 
30 57 
91 33 
32 61 48 
21 38 
87 58 
66 94 
57 65 76 
33 84 51 
38 79 
48 47 42 
46 98 81 
76 67 
94 
22 92 
49 10 
45 29 
89 90 
58 64 
44 13 19 
96 
42 
67 60 
10 
79 25 77 
97 7 
81 74 
15 
1 41 
5 16 
35 18 
7 99 
74 
69 
51 
61 
6 85 
19 
64 
20 
39 
83 86 
90 
16 
24 52 
85 
27 
98 27 
11 
2 
41 
77 
52 12 
99 
43 
34 
18 
29 
26 
60 
65 
93 
63 
92 
14 
84 
25 80 
47 
88 
86 
13 
80 
12 
