0 68 9 38 78 
78 37 13 90 
90 57 48 
10 46 99 95 
48 32 93 10 
95 74 53 
8 71 27 30 
53 12 8 
36 75 
30 51 36 
84 23 60 
75 84 
60 83 82 
82 91 42 
42 54 1 34 77 79 
14 4 
27 87 14 
79 11 25 6 
4 67 22 
22 92 52 
6 89 96 26 
52 39 70 
26 49 40 
18 16 61 3 
40 20 17 
70 76 18 
17 15 45 
3 66 2 24 
45 94 
38 88 29 
71 85 
77 33 
85 58 
94 98 62 
61 47 43 
13 
34 63 
24 69 
20 65 7 
16 19 
29 73 
93 59 
96 28 
74 5 
15 
32 44 
83 
62 80 
7 
19 
33 72 
99 
59 
28 
91 21 
76 41 
63 
46 
51 86 
25 35 
58 
88 56 
12 
43 
49 81 
39 
1 
47 
35 
9 
5 64 
68 
67 
57 
56 
89 55 
72 
54 
87 
2 
44 
21 50 
41 
23 
86 
65 31 
73 
98 97 
37 
80 
92 
55 
69 
66 
81 
64 
50 
31 
11 
97 
