# clone tree 0 objective: 3.56949
0 13 15 47 
47 46 91 75 
75 12 
12 69 16 
16 62 51 58 
58 81 93 
93 2 61 76 
76 54 71 9 
67 41 1 57 21 
9 66 5 67 
21 27 73 
73 44 92 
92 39 23 
23 7 
7 50 
50 87 33 
57 22 18 
33 83 
19 94 40 52 56 
18 30 
61 19 
30 79 64 
83 34 14 
64 90 20 
14 53 
20 4 
56 24 35 
4 31 
2 68 
1 84 42 
39 17 72 
53 38 6 
68 78 
31 55 
27 8 
44 36 32 
78 80 48 
55 98 10 
35 89 
8 37 
72 74 
24 25 
69 43 3 
34 95 85 
71 82 
6 96 
96 63 
42 
84 97 65 
87 59 77 
10 29 
89 26 
48 
41 
91 
25 
74 88 
38 70 
85 49 
81 
60 
90 60 
77 
63 
26 11 
3 
43 
51 
15 86 45 
65 
17 
62 
52 
98 99 
22 
32 
5 
82 
70 
66 
36 
40 
79 
11 
37 
88 
46 
94 
99 
29 
59 
45 
95 
80 
86 
97 
28 
13 
49 28 
54 
# clone tree 1 objective: 3.56949
0 15 47 
47 46 11 91 75 
75 12 
12 69 16 
16 62 51 58 
58 86 81 93 
93 2 61 76 
76 71 9 
67 41 1 57 21 
9 66 5 67 
21 27 73 
73 44 92 
92 39 23 
23 7 
7 50 
50 87 33 
57 22 18 
33 83 
19 94 40 52 56 
18 28 30 
61 19 
30 79 64 
83 34 14 
64 90 20 
14 80 53 
20 4 
56 24 35 
4 59 31 
2 68 
1 84 42 
39 17 72 
53 38 6 
68 78 
31 55 
27 8 
44 32 
78 48 
55 98 10 
35 89 
8 37 
72 36 74 
24 25 
69 43 3 
34 99 85 
71 82 
6 96 
96 63 
42 49 
84 65 
87 77 
10 45 29 
89 26 
48 
41 
91 
25 54 
74 13 88 
38 70 
85 
81 
60 
90 60 
77 
63 
26 
3 
43 
51 
15 
65 95 
17 
62 97 
52 
98 
22 
32 
5 
82 
70 
66 
36 
40 
79 
11 
37 
88 
46 
94 
99 
29 
59 
45 
95 
80 
86 
97 
28 
13 
49 
54 
# clone tree 2 objective: 3.56949
0 15 47 
47 46 91 75 
75 12 
12 69 16 
16 62 51 58 
58 52 81 93 
93 2 61 76 
76 71 9 
67 41 1 57 21 
9 5 67 
21 27 73 
73 66 44 92 
92 39 23 
23 7 
7 50 
50 87 33 
57 22 18 
33 83 
19 94 40 56 
18 30 
61 19 
30 79 64 
83 34 14 
64 90 20 
14 80 53 
20 4 
56 24 35 
4 31 
2 97 68 
1 84 42 
39 17 72 
53 38 6 
68 78 
31 55 
27 8 
44 32 
78 49 48 
55 98 10 
35 89 
8 59 37 
72 36 74 
24 25 
69 43 3 
34 85 
71 82 
6 96 
96 63 
42 
84 65 
87 77 
10 28 29 
89 26 
48 
41 
91 
25 
74 88 
38 70 
85 
81 
60 
90 60 
77 86 
63 
26 11 
3 
43 13 
51 
15 45 
65 95 
17 
62 
52 
98 99 
22 
32 
5 
82 
70 
66 54 
36 
40 
79 
11 
37 
88 
46 
94 
99 
29 
59 
45 
95 
80 
86 
97 
28 
13 
49 
54 
# clone tree 3 objective: 3.56949
0 15 47 
47 46 91 75 
75 12 
12 69 16 
16 62 51 58 
58 81 93 
93 2 61 76 
76 71 9 
67 54 41 1 57 21 
9 66 5 67 
21 27 73 
73 44 92 
92 39 23 
23 7 
7 50 
50 80 87 33 
57 22 18 
33 86 83 
19 94 40 52 56 
18 30 
61 19 
30 79 64 
83 34 14 
64 90 20 
14 53 
20 4 
56 24 35 
4 31 
2 68 
1 84 42 
39 17 72 
53 38 6 
68 78 
31 55 
27 8 
44 36 32 
78 48 
55 98 10 
35 89 
8 37 
72 74 
24 25 
69 43 3 
34 85 
71 82 
6 96 
96 49 63 
42 
84 65 
87 59 77 
10 29 
89 26 
48 
41 
91 97 
25 28 
74 88 
38 70 
85 
81 
60 
90 60 
77 
63 45 
26 11 
3 
43 
51 
15 
65 95 
17 
62 
52 
98 99 
22 
32 
5 
82 
70 
66 
36 
40 
79 
11 
37 
88 
46 
94 
99 
29 13 
59 
45 
95 
80 
86 
97 
28 
13 
49 
54 
# clone tree 4 objective: 3.56949
0 54 15 47 
47 46 91 75 
75 12 
12 69 16 
16 62 51 58 
58 81 93 
93 2 61 76 
76 71 9 
67 41 1 57 21 
9 66 5 67 
21 27 73 
73 44 92 
92 39 23 
23 7 
7 50 
50 80 87 33 
57 22 18 
33 86 83 
19 94 40 52 56 
18 30 
61 19 
30 79 64 
83 34 14 
64 90 20 
14 53 
20 49 4 
56 24 35 
4 31 
2 68 
1 84 42 
39 17 72 
53 38 6 
68 78 
31 55 
27 8 
44 36 32 
78 48 
55 98 10 
35 89 
8 37 
72 74 
24 25 
69 43 3 
34 85 
71 82 
6 96 
96 63 
42 
84 65 
87 59 77 
10 29 
89 26 
48 
41 
91 97 
25 28 
74 88 
38 70 
85 
81 
60 
90 60 
77 
63 45 
26 11 
3 
43 
51 
15 
65 95 
17 
62 
52 
98 99 
22 
32 
5 
82 
70 
66 
36 
40 
79 
11 
37 
88 13 
46 
94 
99 
29 
59 
45 
95 
80 
86 
97 
28 
13 
49 
54 
# clone tree 5 objective: 3.56949
0 15 47 
47 46 91 75 
75 12 
12 69 16 
16 62 51 58 
58 81 93 
93 2 61 76 
76 71 9 
67 41 1 57 21 
9 66 5 67 
21 27 73 
73 44 92 
92 39 23 
23 7 
7 50 
50 80 87 33 
57 22 18 
33 86 83 
19 94 40 52 56 
18 30 
61 19 
30 79 64 
83 34 14 
64 90 20 
14 53 
20 4 
56 24 35 
4 31 
2 68 
1 84 42 
39 17 72 
53 38 6 
68 78 
31 55 
27 8 
44 36 32 
78 48 
55 98 10 
35 89 
8 37 
72 74 
24 25 
69 43 3 
34 85 
71 82 
6 96 
96 49 63 
42 
84 65 
87 59 77 
10 29 
89 26 
48 
41 
91 97 
25 28 
74 88 
38 70 
85 
81 
60 
90 60 
77 
63 45 
26 11 
3 
43 
51 
15 
65 95 
17 
62 
52 
98 99 
22 
32 
5 
82 
70 
66 
36 
40 
79 
11 
37 
88 
46 
94 
99 
29 13 
59 
45 
95 
80 54 
86 
97 
28 
13 
49 
54 
# clone tree 6 objective: 3.56949
0 15 47 
47 46 91 75 
75 54 12 
12 69 16 
16 62 51 58 
58 81 93 
93 2 61 76 
76 71 9 
67 41 1 57 21 
9 66 5 67 
21 27 73 
73 44 92 
92 39 23 
23 7 
7 50 
50 80 87 33 
57 22 18 
33 86 83 
19 94 40 52 56 
18 30 
61 19 
30 79 64 
83 34 14 
64 90 20 
14 53 
20 49 4 
56 24 35 
4 31 
2 68 
1 84 42 
39 17 72 
53 38 6 
68 78 
31 55 
27 8 
44 36 32 
78 48 
55 98 10 
35 89 
8 37 
72 74 
24 25 
69 43 3 
34 85 
71 82 
6 96 
96 63 
42 
84 65 
87 59 77 
10 29 
89 26 
48 
41 
91 97 
25 28 
74 88 
38 70 
85 
81 
60 
90 60 
77 
63 45 
26 11 
3 
43 
51 
15 
65 95 
17 
62 
52 
98 99 
22 
32 
5 
82 
70 
66 
36 
40 
79 
11 
37 
88 13 
46 
94 
99 
29 
59 
45 
95 
80 
86 
97 
28 
13 
49 
54 
# clone tree 7 objective: 3.56949
0 15 47 
47 46 11 91 75 
75 12 
12 69 16 
16 62 51 58 
58 86 81 93 
93 2 61 76 
76 71 9 
67 41 1 57 21 
9 66 5 67 
21 27 73 
73 44 92 
92 39 23 
23 7 
7 50 
50 87 33 
57 22 18 
33 83 
19 94 40 52 56 
18 28 30 
61 19 
30 79 64 
83 34 14 
64 90 20 
14 80 53 
20 4 
56 24 35 
4 59 31 
2 68 
1 84 42 
39 17 72 
53 38 6 
68 78 
31 55 
27 8 
44 32 
78 48 
55 98 10 
35 89 
8 37 
72 36 74 
24 25 
69 43 3 
34 99 85 
71 82 
6 96 
96 63 
42 49 
84 65 
87 77 
10 45 29 
89 26 
48 
41 
91 
25 
74 13 88 
38 70 
85 
81 
60 
90 60 
77 
63 
26 
3 
43 
51 
15 
65 95 
17 
62 97 
52 
98 
22 
32 
5 
82 
70 
66 
36 
40 
79 
11 54 
37 
88 
46 
94 
99 
29 
59 
45 
95 
80 
86 
97 
28 
13 
49 
54 
# clone tree 8 objective: 3.56949
0 15 47 
47 46 91 75 
75 12 
12 69 16 
16 62 51 58 
58 52 81 93 
93 2 61 76 
76 71 9 
67 41 1 57 21 
9 5 67 
21 27 73 
73 66 44 92 
92 39 23 
23 7 
7 50 
50 87 33 
57 22 18 
33 83 
19 94 40 56 
18 30 
61 19 
30 79 64 
83 34 14 
64 90 20 
14 80 53 
20 4 
56 24 35 
4 31 
2 97 68 
1 84 42 
39 17 72 
53 38 6 
68 78 
31 55 
27 8 
44 32 
78 49 48 
55 98 10 
35 89 
8 59 37 
72 36 74 
24 25 
69 43 3 
34 85 
71 82 
6 96 
96 63 
42 
84 65 
87 77 
10 28 29 
89 26 
48 
41 
91 
25 
74 88 
38 70 
85 
81 
60 
90 60 
77 86 
63 
26 11 
3 
43 13 
51 
15 45 
65 95 
17 
62 
52 
98 99 
22 
32 
5 
82 
70 
66 
36 
40 
79 
11 
37 
88 
46 
94 
99 
29 
59 
45 
95 
80 
86 
97 
28 54 
13 
49 
54 
# clone tree 9 objective: 3.56949
0 15 47 
47 46 91 75 
75 12 
12 69 16 
16 62 51 58 
58 81 93 
93 2 61 76 
76 71 9 
67 41 1 57 21 
9 66 5 67 
21 27 73 
73 44 92 
92 39 23 
23 7 
7 50 
50 80 87 33 
57 22 18 
33 86 83 
19 94 40 52 56 
18 30 
61 19 
30 79 64 
83 34 14 
64 90 20 
14 53 
20 4 
56 24 35 
4 54 31 
2 68 
1 84 42 
39 17 72 
53 38 6 
68 78 
31 55 
27 8 
44 36 32 
78 48 
55 98 10 
35 89 
8 37 
72 74 
24 25 
69 43 3 
34 85 
71 82 
6 96 
96 49 63 
42 
84 65 
87 59 77 
10 29 
89 26 
48 
41 
91 97 
25 28 
74 88 
38 70 
85 
81 
60 
90 60 
77 
63 45 
26 11 
3 
43 
51 
15 
65 95 
17 
62 
52 
98 99 
22 
32 
5 
82 
70 
66 
36 
40 
79 
11 
37 
88 
46 
94 
99 
29 13 
59 
45 
95 
80 
86 
97 
28 
13 
49 
54 
# clone tree 10 objective: 3.56949
0 15 47 
47 46 11 91 75 
75 80 12 
12 69 16 
16 62 51 58 
58 52 81 93 
93 2 61 76 
76 71 9 
67 41 1 57 21 
9 5 67 
21 27 73 
73 66 44 92 
92 39 23 
23 7 
7 86 50 
50 87 33 
57 22 18 
33 83 
19 40 56 
18 30 
61 19 
30 79 64 
83 34 14 
64 90 20 
14 97 53 
20 4 
56 24 35 
4 31 
2 68 
1 84 42 
39 17 72 
53 13 38 6 
68 78 
31 55 
27 8 
44 32 
78 48 
55 98 10 
35 89 
8 37 
72 36 74 
24 25 
69 43 3 
34 95 85 
71 82 
6 96 
96 63 
42 54 
84 65 
87 59 77 
10 45 29 
89 28 26 
48 
41 
91 
25 94 
74 88 
38 70 
85 
81 
60 49 
90 60 
77 
63 
26 
3 
43 
51 
15 
65 
17 
62 
52 
98 99 
22 
32 
5 
82 
70 
66 
36 
40 
79 
11 
37 
88 
46 
94 
99 
29 
59 
45 
95 
80 
86 
97 
28 
13 
49 
54 
# clone tree 11 objective: 3.56949
0 15 47 
47 46 91 75 
75 12 
12 69 16 
16 62 51 58 
58 81 93 
93 2 61 76 
76 71 9 
67 41 1 57 21 
9 66 5 67 
21 27 73 
73 44 92 
92 39 23 
23 7 
7 50 
50 80 87 33 
57 22 18 
33 86 83 
19 94 40 52 56 
18 30 
61 19 
30 79 64 
83 34 14 
64 90 20 
14 53 
20 4 
56 24 35 
4 31 
2 68 
1 84 42 
39 17 72 
53 38 6 
68 78 
31 55 
27 8 
44 36 32 
78 48 
55 98 10 
35 89 
8 37 
72 74 
24 25 
69 43 3 
34 85 
71 82 
6 96 
96 49 63 
42 
84 65 
87 59 77 
10 29 
89 26 
48 
41 
91 97 
25 28 
74 88 
38 70 
85 
81 
60 
90 60 
77 
63 45 
26 11 
3 
43 
51 
15 
65 95 
17 
62 
52 
98 99 
22 
32 
5 
82 
70 
66 
36 
40 
79 
11 
37 
88 
46 
94 
99 
29 54 
59 
45 
95 
80 
86 
97 
28 
13 
49 
54 13 
# clone tree 12 objective: 3.56949
0 15 47 
47 54 46 91 75 
75 12 
12 69 16 
16 62 51 58 
58 81 93 
93 2 61 76 
76 71 9 
67 41 1 57 21 
9 66 5 67 
21 27 73 
73 44 92 
92 39 23 
23 7 
7 50 
50 80 87 33 
57 22 18 
33 86 83 
19 94 40 52 56 
18 30 
61 19 
30 79 64 
83 34 14 
64 90 20 
14 53 
20 49 4 
56 24 35 
4 31 
2 68 
1 84 42 
39 17 72 
53 38 6 
68 78 
31 55 
27 8 
44 36 32 
78 48 
55 98 10 
35 89 
8 37 
72 74 
24 25 
69 43 3 
34 85 
71 82 
6 96 
96 63 
42 
84 65 
87 59 77 
10 29 
89 26 
48 
41 
91 97 
25 28 
74 88 
38 70 
85 
81 
60 
90 60 
77 
63 45 
26 11 
3 
43 
51 
15 
65 95 
17 
62 
52 
98 99 
22 
32 
5 
82 
70 
66 
36 
40 
79 
11 
37 
88 13 
46 
94 
99 
29 
59 
45 
95 
80 
86 
97 
28 
13 
49 
54 
# clone tree 13 objective: 3.56949
0 15 47 
47 46 91 75 
75 12 
12 69 16 
16 62 51 58 
58 81 93 
93 2 61 76 
76 71 9 
67 41 1 57 21 
9 66 5 67 
21 27 73 
73 44 92 
92 39 23 
23 7 
7 50 
50 80 87 33 
57 22 18 
33 86 83 
19 94 40 52 56 
18 30 
61 19 
30 79 64 
83 34 14 
64 90 20 
14 53 
20 4 
56 24 35 
4 31 
2 68 
1 84 42 
39 17 72 
53 38 6 
68 78 
31 55 
27 8 
44 36 32 
78 48 
55 98 10 
35 89 
8 37 
72 74 
24 25 
69 43 3 
34 85 
71 82 
6 96 
96 49 63 
42 
84 65 
87 59 77 
10 29 
89 26 
48 
41 
91 97 
25 28 
74 88 
38 70 
85 
81 
60 
90 60 
77 
63 45 
26 11 
3 
43 
51 
15 
65 95 
17 
62 
52 
98 99 
22 
32 
5 
82 
70 
66 
36 
40 
79 
11 
37 
88 
46 
94 
99 
29 54 13 
59 
45 
95 
80 
86 
97 
28 
13 
49 
54 
# clone tree 14 objective: 3.56949
0 15 47 
47 46 91 75 
75 12 
12 69 16 
16 62 51 58 
58 52 81 93 
93 2 61 76 
76 71 9 
67 41 1 57 21 
9 5 67 
21 27 73 
73 66 44 92 
92 39 23 
23 7 
7 50 
50 87 33 
57 22 18 
33 83 
19 94 40 56 
18 30 
61 19 
30 79 64 
83 34 14 
64 90 20 
14 80 53 
20 4 
56 24 35 
4 31 
2 97 68 
1 84 42 
39 17 72 
53 38 6 
68 78 
31 55 
27 8 
44 32 
78 49 48 
55 98 10 
35 89 
8 59 37 
72 36 74 
24 25 
69 43 3 
34 85 
71 82 
6 96 
96 63 
42 
84 65 
87 77 
10 28 29 
89 26 
48 
41 
91 
25 
74 88 
38 70 
85 
81 
60 
90 60 
77 86 
63 
26 11 
3 
43 13 
51 
15 45 
65 95 
17 
62 
52 
98 99 
22 
32 
5 
82 
70 54 
66 
36 
40 
79 
11 
37 
88 
46 
94 
99 
29 
59 
45 
95 
80 
86 
97 
28 
13 
49 
54 
# clone tree 15 objective: 3.56949
0 15 47 
47 46 91 75 
75 12 
12 69 16 
16 62 51 58 
58 81 93 
93 2 61 76 
76 71 9 
67 41 1 57 21 
9 66 5 67 
21 27 73 
73 44 92 
92 39 23 
23 7 
7 50 
50 80 87 33 
57 22 18 
33 86 83 
19 94 40 52 56 
18 30 
61 19 
30 79 64 
83 34 14 
64 90 20 
14 53 
20 4 
56 24 35 
4 31 
2 68 
1 84 42 
39 17 72 
53 38 6 
68 78 
31 55 
27 8 
44 36 32 
78 48 
55 98 10 
35 89 
8 37 
72 74 
24 25 
69 43 3 
34 85 
71 82 
6 96 
96 49 63 
42 
84 65 
87 59 77 
10 29 
89 26 
48 
41 
91 97 
25 28 
74 88 
38 70 
85 
81 
60 
90 60 
77 
63 45 
26 11 
3 
43 
51 
15 
65 95 
17 
62 
52 
98 99 
22 
32 
5 
82 
70 
66 
36 54 
40 
79 
11 
37 
88 
46 
94 
99 
29 13 
59 
45 
95 
80 
86 
97 
28 
13 
49 
54 
# clone tree 16 objective: 3.56949
0 15 47 
47 46 91 75 
75 12 
12 54 69 16 
16 62 51 58 
58 81 93 
93 2 61 76 
76 71 9 
67 41 1 57 21 
9 66 5 67 
21 27 73 
73 44 92 
92 39 23 
23 7 
7 50 
50 80 87 33 
57 22 18 
33 86 83 
19 94 40 52 56 
18 30 
61 19 
30 79 64 
83 34 14 
64 90 20 
14 53 
20 49 4 
56 24 35 
4 31 
2 68 
1 84 42 
39 17 72 
53 38 6 
68 78 
31 55 
27 8 
44 36 32 
78 48 
55 98 10 
35 89 
8 37 
72 74 
24 25 
69 43 3 
34 85 
71 82 
6 96 
96 63 
42 
84 65 
87 59 77 
10 29 
89 26 
48 
41 
91 97 
25 28 
74 88 
38 70 
85 
81 
60 
90 60 
77 
63 45 
26 11 
3 
43 
51 
15 
65 95 
17 
62 
52 
98 99 
22 
32 
5 
82 
70 
66 
36 
40 
79 
11 
37 
88 13 
46 
94 
99 
29 
59 
45 
95 
80 
86 
97 
28 
13 
49 
54 
# clone tree 17 objective: 3.56949
0 15 47 
47 46 91 75 
75 12 
12 69 16 
16 62 51 58 
58 81 93 
93 2 61 76 
76 71 9 
67 41 1 57 21 
9 66 5 67 
21 27 73 
73 44 92 
92 39 23 
23 7 
7 50 
50 80 87 33 
57 22 18 
33 86 83 
19 94 40 52 56 
18 30 
61 19 
30 79 64 
83 34 14 
64 90 20 
14 53 
20 4 
56 24 35 
4 31 
2 68 
1 84 42 
39 17 72 
53 38 6 
68 78 
31 55 
27 8 
44 36 32 
78 48 
55 98 10 
35 89 
8 37 
72 74 
24 25 
69 43 3 
34 85 
71 82 
6 96 
96 49 63 
42 
84 65 
87 59 77 
10 29 
89 26 
48 
41 
91 97 
25 28 
74 88 
38 70 
85 
81 
60 
90 60 
77 
63 45 
26 11 
3 
43 
51 
15 
65 95 
17 
62 
52 
98 99 
22 
32 
5 54 
82 
70 
66 
36 
40 
79 
11 
37 
88 
46 
94 
99 
29 13 
59 
45 
95 
80 
86 
97 
28 
13 
49 
54 
# clone tree 18 objective: 3.56949
0 15 47 
47 46 91 75 
75 12 
12 69 16 
16 62 51 58 
58 52 81 93 
93 2 61 76 
76 71 9 
67 41 1 57 21 
9 5 67 
21 27 73 
73 66 44 92 
92 39 23 
23 7 
7 50 
50 87 33 
57 22 18 
33 83 
19 94 40 56 
18 30 
61 19 
30 79 64 
83 34 14 
64 90 20 
14 80 53 
20 4 
56 24 35 
4 31 
2 97 68 
1 84 42 
39 17 72 
53 38 6 
68 78 
31 55 
27 8 
44 32 
78 49 48 
55 98 10 
35 89 
8 59 37 
72 36 74 
24 25 
69 43 3 
34 85 
71 82 
6 96 
96 63 
42 
84 65 
87 77 
10 28 29 
89 26 
48 
41 
91 
25 
74 88 
38 70 
85 
81 
60 
90 60 
77 86 
63 
26 11 
3 
43 13 
51 
15 45 
65 95 
17 
62 
52 
98 99 
22 
32 
5 54 
82 
70 
66 
36 
40 
79 
11 
37 
88 
46 
94 
99 
29 
59 
45 
95 
80 
86 
97 
28 
13 
49 
54 
# clone tree 19 objective: 3.56949
0 15 47 
47 46 91 75 
75 12 
12 69 16 
16 62 51 58 
58 81 93 
93 2 61 76 
76 71 9 
67 41 1 57 21 
9 66 5 67 
21 27 73 
73 44 92 
92 39 23 
23 7 
7 50 
50 80 87 33 
57 22 18 
33 86 83 
19 94 40 52 56 
18 30 
61 19 
30 79 64 
83 34 14 
64 90 20 
14 53 
20 4 
56 24 35 
4 31 
2 68 
1 84 42 
39 17 72 
53 38 6 
68 78 
31 55 
27 8 
44 36 32 
78 48 
55 98 10 
35 89 
8 37 
72 74 
24 25 
69 43 3 
34 85 
71 82 
6 96 
96 49 63 
42 
84 65 
87 59 77 
10 29 
89 26 
48 
41 
91 97 
25 28 
74 88 
38 70 
85 
81 
60 
90 60 
77 
63 45 
26 11 
3 
43 
51 
15 
65 95 
17 
62 
52 
98 99 
22 
32 
5 
82 
70 
66 
36 
40 
79 
11 
37 
88 
46 
94 
99 
29 13 
59 
45 54 
95 
80 
86 
97 
28 
13 
49 
54 
# clone tree 20 objective: 3.56949
0 15 47 
47 46 91 75 
75 12 
12 69 16 
16 62 51 58 
58 81 93 
93 2 61 76 
76 71 9 
67 41 1 57 21 
9 66 5 67 
21 54 27 73 
73 44 92 
92 39 23 
23 7 
7 50 
50 80 87 33 
57 22 18 
33 86 83 
19 94 40 52 56 
18 30 
61 19 
30 79 64 
83 34 14 
64 90 20 
14 53 
20 49 4 
56 24 35 
4 31 
2 68 
1 84 42 
39 17 72 
53 38 6 
68 78 
31 55 
27 8 
44 36 32 
78 48 
55 98 10 
35 89 
8 37 
72 74 
24 25 
69 43 3 
34 85 
71 82 
6 96 
96 63 
42 
84 65 
87 59 77 
10 29 
89 26 
48 
41 
91 97 
25 28 
74 88 
38 70 
85 
81 
60 
90 60 
77 
63 45 
26 11 
3 
43 
51 
15 
65 95 
17 
62 
52 
98 99 
22 
32 
5 
82 
70 
66 
36 
40 
79 
11 
37 
88 13 
46 
94 
99 
29 
59 
45 
95 
80 
86 
97 
28 
13 
49 
54 
# clone tree 21 objective: 3.56949
0 15 47 
47 46 91 75 
75 12 
12 69 16 
16 62 51 58 
58 81 93 
93 2 61 76 
76 71 9 
67 41 1 57 21 
9 66 5 67 
21 27 73 
73 44 92 
92 39 23 
23 7 
7 50 
50 80 87 33 
57 22 18 
33 86 83 
19 94 40 52 56 
18 30 
61 19 
30 79 64 
83 34 14 
64 90 20 
14 53 
20 4 
56 24 35 
4 31 
2 68 
1 84 42 
39 17 72 
53 38 6 
68 78 
31 55 
27 8 
44 36 32 
78 48 
55 98 10 
35 89 
8 37 
72 74 
24 25 
69 43 3 
34 85 
71 82 
6 96 
96 49 63 
42 
84 65 
87 59 77 
10 29 
89 26 
48 
41 
91 97 
25 28 
74 88 
38 70 
85 
81 
60 
90 60 
77 
63 45 
26 11 
3 
43 
51 
15 
65 95 
17 
62 
52 
98 99 
22 
32 54 
5 
82 
70 
66 
36 
40 
79 
11 
37 
88 
46 
94 
99 
29 13 
59 
45 
95 
80 
86 
97 
28 
13 
49 
54 
# clone tree 22 objective: 3.56949
0 15 47 
47 46 91 75 
75 12 
12 69 16 
16 62 51 58 
58 81 93 
93 2 61 76 
76 71 9 
67 41 1 57 21 
9 66 5 67 
21 27 73 
73 44 92 
92 39 23 
23 54 7 
7 50 
50 80 87 33 
57 22 18 
33 86 83 
19 94 40 52 56 
18 30 
61 19 
30 79 64 
83 34 14 
64 90 20 
14 53 
20 49 4 
56 24 35 
4 31 
2 68 
1 84 42 
39 17 72 
53 38 6 
68 78 
31 55 
27 8 
44 36 32 
78 48 
55 98 10 
35 89 
8 37 
72 74 
24 25 
69 43 3 
34 85 
71 82 
6 96 
96 63 
42 
84 65 
87 59 77 
10 29 
89 26 
48 
41 
91 97 
25 28 
74 88 
38 70 
85 
81 
60 
90 60 
77 
63 45 
26 11 
3 
43 
51 
15 
65 95 
17 
62 
52 
98 99 
22 
32 
5 
82 
70 
66 
36 
40 
79 
11 
37 
88 13 
46 
94 
99 
29 
59 
45 
95 
80 
86 
97 
28 
13 
49 
54 
# clone tree 23 objective: 3.56949
0 15 47 
47 46 91 75 
75 12 
12 69 16 
16 62 51 58 
58 81 93 
93 2 61 76 
76 71 9 
67 41 1 57 21 
9 66 5 67 
21 27 73 
73 44 92 
92 39 23 
23 7 
7 50 
50 80 87 33 
57 22 18 
33 86 83 
19 94 40 52 56 
18 30 
61 19 
30 79 64 
83 34 14 
64 90 20 
14 53 
20 4 
56 24 35 
4 31 
2 68 
1 84 42 
39 17 72 
53 38 6 
68 78 
31 55 
27 8 
44 36 32 
78 48 
55 98 10 
35 89 
8 37 
72 74 
24 25 
69 43 3 
34 85 
71 82 
6 96 
96 49 63 
42 
84 65 
87 59 77 
10 29 
89 26 
48 
41 
91 97 
25 28 
74 88 
38 70 
85 
81 
60 
90 60 
77 
63 45 
26 11 
3 
43 
51 
15 
65 95 
17 
62 
52 
98 99 
22 
32 
5 
82 
70 
66 
36 
40 
79 
11 
37 
88 
46 54 
94 
99 
29 13 
59 
45 
95 
80 
86 
97 
28 
13 
49 
54 
# clone tree 24 objective: 3.56949
0 15 47 
47 46 11 91 75 
75 80 12 
12 69 16 
16 62 51 58 
58 52 81 93 
93 2 61 76 
76 71 9 
67 41 1 57 21 
9 54 5 67 
21 27 73 
73 66 44 92 
92 39 23 
23 7 
7 86 50 
50 87 33 
57 22 18 
33 83 
19 40 56 
18 30 
61 19 
30 79 64 
83 34 14 
64 90 20 
14 97 53 
20 4 
56 24 35 
4 31 
2 68 
1 84 42 
39 17 72 
53 13 38 6 
68 78 
31 55 
27 8 
44 32 
78 48 
55 98 10 
35 89 
8 37 
72 36 74 
24 25 
69 43 3 
34 95 85 
71 82 
6 96 
96 63 
42 
84 65 
87 59 77 
10 45 29 
89 28 26 
48 
41 
91 
25 94 
74 88 
38 70 
85 
81 
60 49 
90 60 
77 
63 
26 
3 
43 
51 
15 
65 
17 
62 
52 
98 99 
22 
32 
5 
82 
70 
66 
36 
40 
79 
11 
37 
88 
46 
94 
99 
29 
59 
45 
95 
80 
86 
97 
28 
13 
49 
54 
# clone tree 25 objective: 3.56949
0 15 47 
47 46 91 75 
75 12 
12 69 16 
16 62 51 58 
58 81 93 
93 2 61 76 
76 71 9 
67 41 1 57 21 
9 66 5 67 
21 27 73 
73 44 92 
92 39 23 
23 7 
7 50 
50 80 87 33 
57 22 18 
33 86 83 
19 94 40 52 56 
18 30 
61 19 
30 79 64 
83 34 14 
64 90 20 
14 53 
20 4 
56 24 35 
4 31 
2 68 
1 84 42 
39 17 72 
53 38 6 
68 78 
31 55 
27 8 
44 36 32 
78 48 
55 98 10 
35 89 
8 37 
72 74 
24 25 
69 43 3 
34 85 
71 82 
6 96 
96 49 63 
42 
84 65 
87 59 77 
10 29 
89 26 
48 
41 
91 97 
25 28 
74 88 
38 70 
85 
81 
60 
90 60 
77 
63 45 
26 11 
3 
43 
51 
15 
65 95 
17 
62 
52 
98 99 
22 
32 
5 
82 
70 
66 
36 
40 
79 
11 
37 
88 
46 
94 
99 
29 13 
59 54 
45 
95 
80 
86 
97 
28 
13 
49 
54 
# clone tree 26 objective: 3.56949
0 15 47 
47 46 91 75 
75 12 
12 69 16 
16 62 51 58 
58 86 81 93 
93 2 61 76 
76 71 9 
67 41 1 57 21 
9 5 67 
21 27 73 
73 66 44 92 
92 39 23 
23 7 
7 80 50 
50 87 33 
57 22 18 
33 83 
19 40 52 56 
18 30 
61 19 
30 79 64 
83 34 14 
64 90 20 
14 53 
20 4 
56 24 35 
4 59 31 
2 68 
1 84 42 
39 17 72 
53 38 6 
68 78 
31 55 
27 8 
44 36 32 
78 48 
55 98 10 
35 89 
8 37 
72 74 
24 25 
69 43 3 
34 99 85 
71 82 
6 96 
96 63 
42 
84 65 
87 77 
10 29 
89 26 
48 
41 
91 
25 28 94 
74 88 
38 70 
85 
81 45 
60 
90 60 
77 
63 
26 11 
3 
43 13 
51 
15 
65 95 
17 97 
62 
52 
98 
22 
32 
5 
82 
70 
66 
36 
40 
79 49 
11 
37 
88 
46 
94 
99 
29 
59 
45 
95 
80 
86 
97 54 
28 
13 
49 
54 
# clone tree 27 objective: 3.56949
0 15 47 
47 46 91 75 
75 12 
12 69 16 
16 62 51 58 
58 52 81 93 
93 2 61 76 
76 86 71 9 
67 41 1 57 21 
9 5 67 
21 27 73 
73 66 44 92 
92 39 23 
23 7 
7 50 
50 87 33 
57 22 18 
33 83 
19 94 40 56 
18 30 
61 19 
30 79 64 
83 34 14 
64 90 20 
14 80 53 
20 4 
56 24 35 
4 54 31 
2 68 
1 84 42 
39 17 72 
53 38 6 
68 78 
31 55 
27 8 
44 32 
78 48 
55 98 10 
35 89 
8 59 37 
72 36 74 
24 25 
69 43 3 
34 85 
71 82 
6 96 
96 63 
42 
84 65 
87 77 
10 29 
89 26 
48 
41 
91 97 
25 
74 88 
38 70 
85 
81 
60 
90 60 
77 
63 
26 11 
3 
43 
51 
15 45 
65 95 
17 28 
62 
52 
98 99 
22 
32 
5 
82 
70 
66 
36 
40 
79 
11 
37 
88 
46 49 
94 
99 
29 
59 
45 
95 
80 
86 
97 13 
28 
13 
49 
54 
# clone tree 28 objective: 3.56949
0 15 47 
47 46 11 91 75 
75 80 12 
12 69 16 
16 62 51 58 
58 52 81 93 
93 2 61 76 
76 71 9 
67 41 1 57 21 
9 5 67 
21 27 73 
73 66 44 92 
92 39 23 
23 7 
7 50 
50 87 33 
57 22 18 
33 83 
19 40 56 
18 30 
61 19 
30 79 64 
83 34 14 
64 90 20 
14 53 
20 4 
56 24 35 
4 31 
2 68 
1 84 42 
39 17 72 
53 38 6 
68 13 86 78 
31 55 
27 28 8 
44 32 
78 48 
55 98 10 
35 89 
8 37 
72 36 74 
24 25 
69 43 3 
34 95 85 
71 82 
6 96 
96 63 
42 
84 65 
87 59 77 
10 45 29 
89 26 
48 
41 
91 
25 94 
74 97 88 
38 70 
85 
81 
60 
90 60 
77 
63 
26 
3 
43 
51 
15 
65 
17 
62 
52 
98 99 
22 
32 
5 
82 
70 
66 
36 
40 
79 
11 
37 
88 
46 
94 
99 49 
29 
59 54 
45 
95 
80 
86 
97 
28 
13 
49 
54 
# clone tree 29 objective: 3.56949
0 15 47 
47 49 46 91 75 
75 12 
12 69 16 
16 62 51 58 
58 81 93 
93 2 61 76 
76 71 9 
67 41 1 57 21 
9 66 5 67 
21 27 73 
73 44 92 
92 39 23 
23 7 
7 50 
50 80 87 33 
57 22 18 
33 83 
19 94 40 52 56 
18 30 
61 13 19 
30 79 64 
83 34 14 
64 90 20 
14 53 
20 4 
56 24 35 
4 31 
2 68 
1 84 42 
39 17 72 
53 38 6 
68 78 
31 55 
27 28 8 
44 36 32 
78 48 
55 98 10 
35 89 
8 37 
72 74 
24 25 
69 43 3 
34 85 
71 54 82 
6 96 
96 63 
42 
84 65 
87 59 77 
10 29 
89 26 
48 
41 
91 
25 
74 88 
38 70 
85 
81 
60 
90 60 
77 97 
63 45 
26 11 
3 
43 
51 
15 
65 95 
17 
62 
52 
98 99 
22 
32 
5 
82 86 
70 
66 
36 
40 
79 
11 
37 
88 
46 
94 
99 
29 
59 
45 
95 
80 
86 
97 
28 
13 
49 
54 
# clone tree 30 objective: 3.56949
0 15 47 
47 86 46 91 75 
75 12 
12 69 16 
16 62 51 58 
58 81 93 
93 2 61 76 
76 71 9 
67 41 1 57 21 
9 5 67 
21 27 73 
73 66 44 92 
92 39 23 
23 7 
7 80 50 
50 54 87 33 
57 22 18 
33 83 
19 40 52 56 
18 30 
61 19 
30 79 64 
83 34 14 
64 90 20 
14 53 
20 4 
56 24 35 
4 59 31 
2 68 
1 84 42 
39 17 72 
53 38 6 
68 78 
31 55 
27 8 
44 36 32 
78 48 
55 28 98 10 
35 89 
8 37 
72 74 
24 25 
69 43 3 
34 99 85 
71 82 
6 96 
96 63 
42 97 
84 65 
87 77 
10 29 
89 26 
48 
41 
91 
25 94 
74 88 
38 70 
85 
81 13 45 
60 
90 49 60 
77 
63 
26 11 
3 
43 
51 
15 
65 95 
17 
62 
52 
98 
22 
32 
5 
82 
70 
66 
36 
40 
79 
11 
37 
88 
46 
94 
99 
29 
59 
45 
95 
80 
86 
97 
28 
13 
49 
54 
# clone tree 31 objective: 3.56949
0 15 47 
47 46 91 75 
75 12 
12 69 16 
16 62 51 58 
58 81 93 
93 2 61 76 
76 71 9 
67 28 41 1 57 21 
9 5 67 
21 86 27 73 
73 66 44 92 
92 39 23 
23 7 
7 50 
50 87 33 
57 22 18 
33 83 
19 40 52 56 
18 30 
61 19 
30 79 64 
83 34 14 
64 90 20 
14 53 
20 4 
56 24 35 
4 59 31 
2 68 
1 84 42 
39 17 72 
53 38 6 
68 78 
31 55 
27 8 
44 36 32 
78 80 48 
55 98 10 
35 89 
8 37 
72 74 
24 25 
69 43 3 
34 85 
71 82 
6 96 
96 63 
42 
84 65 
87 77 
10 29 
89 26 
48 
41 
91 13 
25 94 
74 88 
38 70 
85 
81 
60 
90 60 
77 
63 45 
26 11 
3 
43 
51 
15 
65 95 
17 
62 
52 
98 99 
22 
32 
5 54 
82 
70 
66 
36 
40 
79 97 
11 
37 
88 
46 
94 
99 
29 
59 
45 
95 
80 
86 
97 49 
28 
13 
49 
54 
# clone tree 32 objective: 3.56949
0 15 47 
47 46 91 75 
75 12 
12 69 16 
16 62 51 58 
58 81 93 
93 2 61 76 
76 71 9 
67 13 41 1 57 21 
9 66 5 67 
21 27 73 
73 44 92 
92 39 23 
23 7 
7 50 
50 80 87 33 
57 22 18 
33 86 83 
19 94 40 52 56 
18 30 
61 19 
30 79 64 
83 34 14 
64 90 20 
14 53 
20 4 
56 24 35 
4 31 
2 68 
1 84 42 
39 17 72 
53 38 6 
68 78 
31 55 
27 8 
44 36 32 
78 48 
55 98 10 
35 89 
8 37 
72 74 
24 25 
69 43 3 
34 85 
71 82 
6 96 
96 63 
42 
84 65 
87 59 77 
10 29 
89 26 
48 
41 
91 97 
25 49 
74 88 
38 70 
85 
81 
60 
90 60 
77 
63 45 
26 11 
3 
43 
51 
15 
65 95 
17 
62 
52 
98 99 
22 
32 
5 
82 
70 
66 
36 
40 
79 
11 
37 
88 
46 
94 
99 
29 
59 
45 54 
95 
80 
86 
97 
28 
13 
49 28 
54 
# clone tree 33 objective: 3.56949
0 15 47 
47 46 91 75 
75 12 
12 69 16 
16 62 51 58 
58 52 81 93 
93 2 61 76 
76 71 9 
67 41 1 57 21 
9 5 67 
21 27 73 
73 66 44 92 
92 39 23 
23 7 
7 50 
50 87 33 
57 22 18 
33 83 
19 94 40 56 
18 30 
61 19 
30 79 64 
83 34 14 
64 90 20 
14 80 53 
20 4 
56 24 35 
4 31 
2 97 68 
1 84 42 
39 17 72 
53 38 6 
68 54 78 
31 55 
27 8 
44 32 
78 49 48 
55 98 10 
35 89 
8 59 37 
72 36 74 
24 25 
69 43 3 
34 85 
71 82 
6 96 
96 63 
42 
84 65 
87 77 
10 28 29 
89 26 
48 
41 
91 
25 
74 88 
38 70 
85 
81 
60 
90 60 
77 86 
63 
26 11 
3 
43 13 
51 
15 45 
65 95 
17 
62 
52 
98 99 
22 
32 
5 
82 
70 
66 
36 
40 
79 
11 
37 
88 
46 
94 
99 
29 
59 
45 
95 
80 
86 
97 
28 
13 
49 
54 
# clone tree 34 objective: 3.56949
0 15 47 
47 46 91 75 
75 12 
12 69 16 
16 62 51 58 
58 52 81 93 
93 2 61 76 
76 86 71 9 
67 41 1 57 21 
9 5 67 
21 27 73 
73 66 44 92 
92 39 23 
23 7 
7 50 
50 87 33 
57 22 18 
33 83 
19 94 40 56 
18 30 
61 19 
30 79 64 
83 34 14 
64 90 20 
14 80 53 
20 4 
56 24 35 
4 31 
2 68 
1 84 42 
39 17 72 
53 38 6 
68 78 
31 55 
27 8 
44 32 
78 48 
55 98 10 
35 89 
8 59 37 
72 36 74 
24 25 
69 43 3 
34 85 
71 82 
6 96 
96 63 
42 
84 54 65 
87 77 
10 29 
89 26 
48 
41 
91 97 
25 
74 88 
38 70 
85 
81 
60 
90 60 
77 
63 
26 11 
3 
43 
51 
15 45 
65 95 
17 28 
62 
52 
98 99 
22 
32 
5 
82 
70 
66 
36 
40 
79 
11 
37 
88 
46 
94 
99 
29 
59 
45 49 
95 
80 
86 
97 13 
28 
13 
49 
54 
# clone tree 35 objective: 3.56949
0 15 47 
47 46 91 75 
75 12 
12 69 16 
16 62 51 58 
58 81 93 
93 2 61 76 
76 71 9 
67 41 1 57 21 
9 66 5 67 
21 27 73 
73 44 92 
92 39 23 
23 7 
7 50 
50 80 87 33 
57 22 18 
33 86 83 
19 94 40 52 56 
18 30 
61 54 19 
30 79 64 
83 34 14 
64 90 20 
14 53 
20 4 
56 24 35 
4 31 
2 68 
1 84 42 
39 17 72 
53 38 6 
68 78 
31 55 
27 8 
44 36 32 
78 48 
55 98 10 
35 89 
8 37 
72 74 
24 25 
69 43 3 
34 85 
71 82 
6 96 
96 49 63 
42 
84 65 
87 59 77 
10 29 
89 26 
48 
41 
91 97 
25 28 
74 88 
38 70 
85 
81 
60 
90 60 
77 
63 45 
26 11 
3 
43 
51 
15 
65 95 
17 
62 
52 
98 99 
22 
32 
5 
82 
70 
66 
36 
40 
79 
11 
37 
88 
46 
94 
99 
29 13 
59 
45 
95 
80 
86 
97 
28 
13 
49 
54 
# clone tree 36 objective: 3.56949
0 15 47 
47 46 11 91 75 
75 80 12 
12 69 16 
16 97 62 51 58 
58 52 81 93 
93 2 61 76 
76 54 71 9 
67 41 1 57 21 
9 5 67 
21 27 73 
73 28 66 44 92 
92 39 23 
23 7 
7 50 
50 87 33 
57 22 18 
33 83 
19 40 56 
18 30 
61 19 
30 79 64 
83 34 14 
64 90 20 
14 53 
20 4 
56 24 35 
4 31 
2 68 
1 84 42 
39 17 72 
53 49 38 6 
68 78 
31 55 
27 8 
44 32 
78 48 
55 98 10 
35 86 89 
8 37 
72 36 74 
24 25 
69 43 3 
34 95 85 
71 82 
6 96 
96 63 
42 
84 65 
87 59 77 
10 45 29 
89 26 
48 
41 
91 
25 94 
74 88 
38 70 
85 
81 
60 
90 60 
77 
63 
26 
3 
43 
51 
15 
65 
17 
62 
52 
98 99 
22 13 
32 
5 
82 
70 
66 
36 
40 
79 
11 
37 
88 
46 
94 
99 
29 
59 
45 
95 
80 
86 
97 
28 
13 
49 
54 
# clone tree 37 objective: 3.56949
0 15 47 
47 46 91 75 
75 12 
12 69 16 
16 62 51 58 
58 81 93 
93 2 61 76 
76 71 9 
67 41 1 57 21 
9 66 5 67 
21 27 73 
73 44 92 
92 39 23 
23 7 
7 50 
50 80 87 33 
57 22 18 
33 86 83 
19 94 40 52 56 
18 30 
61 19 
30 79 64 
83 34 14 
64 90 20 
14 53 
20 4 
56 24 35 
4 31 
2 68 
1 84 42 
39 17 72 
53 38 6 
68 78 
31 55 
27 8 
44 54 36 32 
78 48 
55 98 10 
35 89 
8 37 
72 74 
24 25 
69 43 3 
34 85 
71 82 
6 96 
96 63 
42 
84 49 65 
87 59 77 
10 29 
89 26 
48 
41 
91 97 
25 28 
74 88 
38 70 
85 13 
81 
60 
90 60 
77 
63 45 
26 11 
3 
43 
51 
15 
65 95 
17 
62 
52 
98 99 
22 
32 
5 
82 
70 
66 
36 
40 
79 
11 
37 
88 
46 
94 
99 
29 
59 
45 
95 
80 
86 
97 
28 
13 
49 
54 
# clone tree 38 objective: 3.56949
0 15 47 
47 46 11 91 75 
75 80 12 
12 69 16 
16 62 51 58 
58 52 81 93 
93 97 2 61 76 
76 71 9 
67 13 41 1 57 21 
9 5 67 
21 27 73 
73 66 44 92 
92 86 39 23 
23 28 7 
7 50 
50 87 33 
57 22 18 
33 83 
19 40 56 
18 30 
61 19 
30 79 64 
83 34 14 
64 90 20 
14 53 
20 4 
56 24 35 
4 31 
2 68 
1 84 42 
39 17 72 
53 38 6 
68 49 78 
31 55 
27 8 
44 32 
78 48 
55 98 10 
35 89 
8 37 
72 36 74 
24 25 
69 43 3 
34 95 85 
71 82 
6 96 
96 63 
42 
84 65 
87 59 77 
10 45 29 
89 26 
48 
41 
91 
25 94 
74 88 
38 70 
85 
81 
60 
90 60 
77 
63 
26 
3 
43 
51 
15 
65 
17 
62 
52 
98 54 99 
22 
32 
5 
82 
70 
66 
36 
40 
79 
11 
37 
88 
46 
94 
99 
29 
59 
45 
95 
80 
86 
97 
28 
13 
49 
54 
# clone tree 39 objective: 3.56949
0 15 47 
47 46 91 75 
75 12 
12 69 16 
16 62 51 58 
58 81 93 
93 2 61 76 
76 71 9 
67 41 1 57 21 
9 66 5 67 
21 27 73 
73 44 92 
92 39 23 
23 7 
7 50 
50 80 87 33 
57 22 18 
33 83 
19 94 40 52 56 
18 30 
61 19 
30 79 64 
83 34 14 
64 90 20 
14 53 
20 4 
56 24 35 
4 31 
2 68 
1 84 42 
39 17 72 
53 38 6 
68 86 78 
31 55 
27 8 
44 36 32 
78 48 
55 98 10 
35 49 89 
8 37 
72 74 
24 25 
69 43 3 
34 85 
71 82 
6 96 
96 63 
42 
84 65 
87 59 77 
10 29 
89 26 
48 
41 
91 
25 
74 88 
38 70 
85 
81 
60 
90 60 
77 
63 45 
26 11 
3 
43 
51 
15 
65 95 
17 
62 
52 
98 99 
22 
32 
5 
82 
70 
66 
36 
40 
79 13 
11 97 
37 28 
88 
46 
94 
99 
29 
59 
45 54 
95 
80 
86 
97 
28 
13 
49 
54 
# clone tree 40 objective: 3.56949
0 15 47 
47 86 46 91 75 
75 12 
12 49 69 16 
16 62 51 58 
58 81 93 
93 2 61 76 
76 71 9 
67 41 1 57 21 
9 5 67 
21 27 73 
73 66 44 92 
92 39 23 
23 7 
7 80 50 
50 87 33 
57 22 18 
33 83 
19 40 52 56 
18 30 
61 19 
30 79 64 
83 34 14 
64 90 20 
14 53 
20 4 
56 24 35 
4 59 31 
2 68 
1 84 42 
39 17 72 
53 38 6 
68 78 
31 55 
27 8 
44 36 32 
78 48 
55 28 98 10 
35 89 
8 37 
72 74 
24 25 
69 43 3 
34 99 85 
71 82 
6 96 
96 63 
42 97 
84 65 
87 77 
10 13 29 
89 26 
48 
41 
91 
25 94 
74 88 
38 70 
85 
81 45 
60 
90 60 
77 
63 
26 11 
3 
43 
51 
15 
65 95 
17 
62 
52 
98 
22 
32 
5 
82 
70 
66 
36 
40 
79 
11 
37 
88 
46 
94 
99 
29 
59 
45 
95 
80 
86 
97 
28 
13 
49 54 
54 
# clone tree 41 objective: 3.56949
0 15 47 
47 46 91 75 
75 49 12 
12 69 16 
16 62 51 58 
58 81 93 
93 2 61 76 
76 13 71 9 
67 28 41 1 57 21 
9 66 5 67 
21 27 73 
73 44 92 
92 39 23 
23 7 
7 86 50 
50 97 80 87 33 
57 22 18 
33 83 
19 94 40 52 56 
18 30 
61 19 
30 79 64 
83 34 14 
64 90 20 
14 53 
20 4 
56 24 35 
4 31 
2 68 
1 84 42 
39 17 72 
53 38 6 
68 78 
31 55 
27 8 
44 36 32 
78 48 
55 98 10 
35 89 
8 37 
72 74 
24 25 
69 43 3 
34 85 
71 82 
6 96 
96 63 
42 
84 65 
87 59 77 
10 29 
89 26 
48 
41 
91 
25 
74 88 
38 70 
85 
81 
60 54 
90 60 
77 
63 45 
26 11 
3 
43 
51 
15 
65 95 
17 
62 
52 
98 99 
22 
32 
5 
82 
70 
66 
36 
40 
79 
11 
37 
88 
46 
94 
99 
29 
59 
45 
95 
80 
86 
97 
28 
13 
49 
54 
# clone tree 42 objective: 3.56949
0 15 47 
47 46 91 75 
75 12 
12 69 16 
16 62 51 58 
58 52 81 93 
93 2 61 76 
76 86 71 9 
67 41 1 57 21 
9 5 67 
21 27 73 
73 66 44 92 
92 39 23 
23 7 
7 50 
50 87 33 
57 22 18 
33 83 
19 94 40 56 
18 30 
61 19 
30 79 64 
83 34 14 
64 90 20 
14 80 53 
20 4 
56 24 35 
4 31 
2 68 
1 84 42 
39 17 72 
53 38 6 
68 78 
31 55 
27 8 
44 32 
78 48 
55 98 10 
35 89 
8 59 37 
72 36 74 
24 25 
69 43 3 
34 85 
71 82 
6 96 
96 63 
42 
84 65 
87 77 
10 29 
89 26 
48 
41 
91 97 
25 
74 88 
38 70 
85 
81 
60 
90 60 
77 
63 
26 11 
3 54 
43 
51 
15 45 
65 95 
17 28 
62 
52 
98 99 
22 
32 
5 
82 
70 49 
66 
36 
40 
79 
11 
37 
88 
46 
94 
99 
29 
59 
45 
95 
80 
86 
97 13 
28 
13 
49 
54 
# clone tree 43 objective: 3.56949
0 15 47 
47 46 11 91 75 
75 12 
12 69 16 
16 62 51 58 
58 86 81 93 
93 2 61 76 
76 71 9 
67 41 1 57 21 
9 66 5 67 
21 27 73 
73 44 92 
92 39 23 
23 7 
7 50 
50 87 33 
57 22 18 
33 83 
19 94 40 52 56 
18 28 30 
61 19 
30 79 64 
83 34 14 
64 90 20 
14 80 53 
20 4 
56 24 35 
4 54 59 31 
2 68 
1 84 42 
39 17 72 
53 38 6 
68 78 
31 55 
27 8 
44 32 
78 48 
55 98 10 
35 89 
8 37 
72 36 74 
24 25 
69 43 3 
34 99 85 
71 82 
6 96 
96 63 
42 49 
84 65 
87 77 
10 45 29 
89 26 
48 
41 
91 
25 
74 13 88 
38 70 
85 
81 
60 
90 60 
77 
63 
26 
3 
43 
51 
15 
65 95 
17 
62 97 
52 
98 
22 
32 
5 
82 
70 
66 
36 
40 
79 
11 
37 
88 
46 
94 
99 
29 
59 
45 
95 
80 
86 
97 
28 
13 
49 
54 
# clone tree 44 objective: 3.56949
0 15 47 
47 49 46 91 75 
75 12 
12 69 16 
16 62 51 58 
58 81 93 
93 2 61 76 
76 71 9 
67 41 1 57 21 
9 66 5 67 
21 27 73 
73 44 92 
92 39 23 
23 7 
7 50 
50 80 87 33 
57 22 18 
33 83 
19 94 40 52 56 
18 30 
61 13 19 
30 79 64 
83 34 14 
64 90 20 
14 53 
20 4 
56 24 35 
4 31 
2 68 
1 84 42 
39 17 72 
53 38 6 
68 78 
31 55 
27 28 8 
44 36 32 
78 48 
55 98 10 
35 89 
8 37 
72 74 
24 25 
69 43 3 
34 85 
71 82 
6 96 
96 63 
42 
84 65 
87 59 77 
10 29 
89 26 
48 
41 
91 
25 
74 88 
38 70 
85 
81 
60 
90 60 
77 97 
63 45 
26 54 11 
3 
43 
51 
15 
65 95 
17 
62 
52 
98 99 
22 
32 
5 
82 86 
70 
66 
36 
40 
79 
11 
37 
88 
46 
94 
99 
29 
59 
45 
95 
80 
86 
97 
28 
13 
49 
54 
# clone tree 45 objective: 3.56949
0 15 47 
47 46 91 75 
75 12 
12 69 16 
16 62 51 58 
58 81 93 
93 2 61 76 
76 71 9 
67 41 1 57 21 
9 66 5 67 
21 27 73 
73 44 92 
92 39 23 
23 7 
7 50 
50 80 87 33 
57 22 18 
33 86 83 
19 94 40 52 56 
18 30 
61 19 
30 79 64 
83 34 14 
64 90 20 
14 53 
20 4 
56 24 35 
4 31 
2 68 
1 84 42 
39 17 72 
53 38 6 
68 78 
31 55 
27 8 
44 36 32 
78 48 
55 98 10 
35 89 
8 37 
72 74 
24 25 
69 43 3 
34 85 
71 82 
6 96 
96 63 
42 
84 65 
87 59 77 
10 29 
89 26 
48 
41 49 
91 97 
25 28 
74 88 
38 70 
85 
81 
60 
90 60 
77 
63 45 
26 11 
3 
43 
51 
15 
65 95 
17 
62 
52 
98 54 99 
22 
32 
5 
82 
70 
66 
36 
40 
79 
11 
37 
88 
46 
94 
99 
29 13 
59 
45 
95 
80 
86 
97 
28 
13 
49 
54 
# clone tree 46 objective: 3.56949
0 15 47 
47 46 91 75 
75 12 
12 69 16 
16 62 51 58 
58 52 81 93 
93 2 61 76 
76 86 71 9 
67 41 1 57 21 
9 5 67 
21 27 73 
73 66 44 92 
92 39 23 
23 7 
7 50 
50 87 33 
57 22 18 
33 83 
19 94 40 56 
18 30 
61 19 
30 79 64 
83 34 14 
64 90 20 
14 80 53 
20 4 
56 24 35 
4 31 
2 68 
1 84 42 
39 17 72 
53 38 6 
68 78 
31 55 
27 8 
44 32 
78 48 
55 98 10 
35 89 
8 59 37 
72 36 74 
24 25 
69 43 3 
34 85 
71 82 
6 96 
96 63 
42 
84 65 
87 77 
10 29 
89 26 
48 
41 
91 97 
25 
74 88 
38 70 
85 
81 
60 
90 60 
77 
63 
26 11 
3 
43 
51 
15 45 
65 95 
17 28 
62 
52 
98 99 
22 
32 
5 
82 
70 
66 
36 
40 
79 
11 
37 
88 
46 
94 54 
99 
29 
59 
45 
95 
80 
86 
97 13 
28 49 
13 
49 
54 
# clone tree 47 objective: 3.56949
0 15 47 
47 46 91 75 
75 12 
12 69 16 
16 62 51 58 
58 52 81 93 
93 2 61 76 
76 71 9 
67 41 1 57 21 
9 5 67 
21 27 73 
73 66 44 92 
92 39 23 
23 7 
7 50 
50 49 87 33 
57 22 18 
33 86 83 
19 94 40 56 
18 30 
61 19 
30 79 64 
83 34 14 
64 90 20 
14 80 53 
20 4 
56 24 35 
4 54 31 
2 68 
1 84 42 
39 17 72 
53 38 6 
68 28 78 
31 55 
27 8 
44 32 
78 48 
55 98 10 
35 89 
8 59 37 
72 13 36 74 
24 25 
69 43 3 
34 85 
71 82 
6 96 
96 63 
42 
84 65 
87 77 
10 29 
89 26 
48 
41 
91 
25 
74 88 
38 70 
85 
81 
60 
90 60 
77 97 
63 
26 11 
3 
43 
51 
15 45 
65 95 
17 
62 
52 
98 99 
22 
32 
5 
82 
70 
66 
36 
40 
79 
11 
37 
88 
46 
94 
99 
29 
59 
45 
95 
80 
86 
97 
28 
13 
49 
54 
# clone tree 48 objective: 3.56949
0 15 47 
47 46 91 75 
75 12 
12 69 16 
16 62 51 58 
58 52 81 93 
93 2 61 76 
76 86 71 9 
67 41 1 57 21 
9 5 67 
21 27 73 
73 66 44 92 
92 39 23 
23 7 
7 50 
50 87 33 
57 22 18 
33 83 
19 94 40 56 
18 30 
61 19 
30 79 64 
83 34 14 
64 90 20 
14 80 53 
20 4 
56 24 35 
4 31 
2 68 
1 84 42 
39 17 72 
53 38 6 
68 78 
31 55 
27 8 
44 32 
78 48 
55 98 10 
35 89 
8 59 37 
72 36 74 
24 25 
69 43 3 
34 85 
71 82 
6 96 
96 63 
42 
84 65 
87 77 
10 29 
89 54 26 
48 
41 
91 97 
25 
74 88 
38 70 
85 
81 
60 
90 60 
77 
63 
26 11 
3 
43 
51 
15 45 
65 95 
17 28 
62 
52 
98 99 
22 
32 
5 
82 
70 49 
66 
36 
40 
79 
11 
37 
88 
46 
94 
99 
29 
59 
45 
95 
80 
86 
97 13 
28 
13 
49 
54 
# clone tree 49 objective: 3.56949
0 15 47 
47 46 11 91 75 
75 80 12 
12 69 16 
16 97 62 51 58 
58 52 81 93 
93 2 61 76 
76 71 9 
67 41 1 57 21 
9 5 67 
21 27 73 
73 28 66 44 92 
92 39 23 
23 7 
7 50 
50 87 33 
57 22 18 
33 83 
19 40 56 
18 30 
61 19 
30 79 64 
83 34 14 
64 90 20 
14 53 
20 4 
56 24 35 
4 31 
2 68 
1 84 42 
39 17 72 
53 49 38 6 
68 78 
31 55 
27 8 
44 32 
78 48 
55 98 10 
35 86 89 
8 37 
72 36 74 
24 25 
69 43 3 
34 95 85 
71 82 
6 96 
96 63 
42 
84 65 
87 59 77 
10 45 29 
89 26 
48 
41 
91 
25 94 
74 88 
38 70 
85 
81 
60 
90 60 
77 
63 
26 
3 
43 
51 
15 
65 
17 
62 
52 
98 99 
22 13 
32 
5 
82 
70 
66 
36 
40 
79 
11 
37 
88 
46 
94 
99 
29 
59 
45 
95 
80 
86 
97 
28 
13 
49 54 
54 
# clone tree 50 objective: 3.56949
0 15 47 
47 86 46 91 75 
75 12 
12 69 16 
16 62 51 58 
58 81 93 
93 2 61 76 
76 71 9 
67 54 41 1 57 21 
9 49 5 67 
21 27 73 
73 66 44 92 
92 39 23 
23 7 
7 80 50 
50 87 33 
57 22 18 
33 83 
19 40 52 56 
18 30 
61 19 
30 79 64 
83 34 14 
64 90 20 
14 53 
20 4 
56 24 35 
4 59 31 
2 68 
1 84 42 
39 17 72 
53 38 6 
68 78 
31 55 
27 8 
44 36 32 
78 48 
55 28 98 10 
35 89 
8 37 
72 74 
24 25 
69 43 3 
34 99 85 
71 82 
6 96 
96 63 
42 97 
84 65 
87 77 
10 13 29 
89 26 
48 
41 
91 
25 94 
74 88 
38 70 
85 
81 45 
60 
90 60 
77 
63 
26 11 
3 
43 
51 
15 
65 95 
17 
62 
52 
98 
22 
32 
5 
82 
70 
66 
36 
40 
79 
11 
37 
88 
46 
94 
99 
29 
59 
45 
95 
80 
86 
97 
28 
13 
49 
54 
# clone tree 51 objective: 3.56949
0 15 47 
47 46 91 75 
75 12 
12 69 16 
16 62 51 58 
58 81 93 
93 2 61 76 
76 71 9 
67 41 1 57 21 
9 5 67 
21 86 27 73 
73 66 44 92 
92 28 39 23 
23 7 
7 50 
50 87 33 
57 22 18 
33 97 83 
19 40 52 56 
18 30 
61 19 
30 79 64 
83 34 14 
64 90 20 
14 80 53 
20 4 
56 24 35 
4 59 31 
2 68 
1 84 42 
39 17 72 
53 38 6 
68 78 
31 55 
27 8 
44 36 32 
78 48 
55 98 10 
35 89 
8 37 
72 74 
24 25 
69 43 3 
34 85 
71 82 
6 96 
96 49 63 
42 
84 65 
87 77 
10 45 29 
89 26 
48 
41 13 
91 
25 94 
74 88 
38 70 
85 
81 
60 
90 60 
77 
63 
26 11 
3 
43 
51 
15 
65 95 
17 
62 
52 
98 99 
22 
32 
5 
82 
70 
66 
36 
40 
79 
11 
37 54 
88 
46 
94 
99 
29 
59 
45 
95 
80 
86 
97 
28 
13 
49 
54 
# clone tree 52 objective: 3.56949
0 15 47 
47 86 46 91 75 
75 12 
12 69 16 
16 62 51 58 
58 81 93 
93 2 61 76 
76 71 9 
67 41 1 57 21 
9 5 67 
21 27 73 
73 66 44 92 
92 39 23 
23 7 
7 80 50 
50 87 33 
57 22 18 
33 83 
19 49 40 52 56 
18 30 
61 19 
30 79 64 
83 34 14 
64 90 20 
14 53 
20 4 
56 24 35 
4 59 31 
2 68 
1 84 42 
39 17 72 
53 38 6 
68 78 
31 55 
27 13 8 
44 36 32 
78 48 
55 28 98 10 
35 89 
8 37 
72 74 
24 25 
69 43 3 
34 99 85 
71 82 
6 96 
96 63 
42 97 
84 65 
87 77 
10 29 
89 26 
48 
41 
91 
25 94 
74 88 
38 70 
85 
81 45 
60 
90 60 
77 
63 
26 11 
3 
43 
51 
15 
65 95 
17 
62 
52 54 
98 
22 
32 
5 
82 
70 
66 
36 
40 
79 
11 
37 
88 
46 
94 
99 
29 
59 
45 
95 
80 
86 
97 
28 
13 
49 
54 
# clone tree 53 objective: 3.56949
0 15 47 
47 46 91 75 
75 12 
12 69 16 
16 62 51 58 
58 52 81 93 
93 2 61 76 
76 71 9 
67 41 1 57 21 
9 5 67 
21 27 73 
73 66 44 92 
92 97 39 23 
23 28 7 
7 50 
50 87 33 
57 22 18 
33 83 
19 94 40 56 
18 30 
61 19 
30 79 64 
83 34 14 
64 90 20 
14 80 53 
20 4 
56 24 35 
4 31 
2 68 
1 84 42 
39 17 72 
53 49 38 6 
68 86 78 
31 55 
27 8 
44 54 32 
78 48 
55 98 10 
35 89 
8 59 37 
72 36 74 
24 25 
69 43 3 
34 85 
71 82 
6 96 
96 63 
42 
84 65 
87 77 
10 29 
89 26 
48 
41 
91 
25 
74 88 
38 70 
85 
81 
60 
90 60 
77 
63 
26 11 
3 
43 
51 
15 45 
65 95 
17 
62 
52 
98 99 
22 
32 
5 
82 
70 
66 
36 
40 
79 
11 
37 
88 
46 
94 
99 
29 
59 
45 
95 13 
80 
86 
97 
28 
13 
49 
54 
# clone tree 54 objective: 3.56949
0 15 47 
47 46 11 91 75 
75 80 12 
12 13 69 16 
16 62 51 58 
58 52 81 93 
93 2 61 76 
76 71 9 
67 41 1 57 21 
9 5 67 
21 27 73 
73 66 44 92 
92 39 23 
23 97 7 
7 50 
50 87 33 
57 22 18 
33 83 
19 40 56 
18 30 
61 19 
30 79 64 
83 34 14 
64 90 20 
14 53 
20 4 
56 24 35 
4 31 
2 68 
1 84 42 
39 17 72 
53 38 6 
68 78 
31 55 
27 8 
44 32 
78 48 
55 98 10 
35 89 
8 37 
72 36 74 
24 25 
69 43 3 
34 95 85 
71 54 49 82 
6 96 
96 63 
42 
84 65 
87 59 77 
10 45 29 
89 26 
48 
41 
91 
25 94 
74 88 
38 70 
85 
81 
60 
90 60 
77 
63 
26 86 
3 
43 
51 
15 
65 
17 
62 
52 
98 99 
22 
32 
5 
82 
70 
66 
36 
40 
79 
11 
37 
88 
46 
94 
99 
29 
59 
45 
95 28 
80 
86 
97 
28 
13 
49 
54 
# clone tree 55 objective: 3.56949
0 15 47 
47 46 11 91 75 
75 80 12 
12 69 16 
16 62 51 58 
58 52 81 93 
93 2 61 76 
76 71 9 
67 41 1 57 21 
9 5 67 
21 27 73 
73 66 44 92 
92 39 23 
23 7 
7 86 50 
50 87 33 
57 22 18 
33 83 
19 40 56 
18 30 
61 19 
30 79 64 
83 34 14 
64 90 20 
14 97 53 
20 4 
56 24 35 
4 31 
2 68 
1 84 42 
39 17 72 
53 13 38 6 
68 78 
31 55 
27 8 
44 32 
78 48 
55 98 10 
35 89 
8 37 
72 36 74 
24 25 
69 43 3 
34 95 85 
71 82 
6 96 
96 63 
42 
84 65 
87 59 77 
10 45 29 
89 28 26 
48 
41 
91 
25 94 
74 88 
38 70 
85 
81 
60 49 
90 60 
77 
63 
26 
3 
43 
51 
15 
65 
17 
62 
52 
98 99 
22 
32 
5 
82 
70 54 
66 
36 
40 
79 
11 
37 
88 
46 
94 
99 
29 
59 
45 
95 
80 
86 
97 
28 
13 
49 
54 
# clone tree 56 objective: 3.56949
0 15 47 
47 46 91 75 
75 12 
12 69 16 
16 62 51 58 
58 81 93 
93 2 61 76 
76 71 9 
67 41 1 57 21 
9 66 5 67 
21 27 73 
73 44 92 
92 39 23 
23 7 
7 50 
50 80 87 33 
57 22 18 
33 83 
19 94 40 52 56 
18 30 
61 19 
30 79 64 
83 34 14 
64 90 20 
14 53 
20 4 
56 24 35 
4 31 
2 68 
1 84 42 
39 17 72 
53 38 6 
68 86 78 
31 49 55 
27 8 
44 36 32 
78 48 
55 98 10 
35 89 
8 54 37 
72 74 
24 25 
69 43 3 
34 85 
71 82 
6 28 96 
96 63 
42 
84 65 
87 59 77 
10 29 
89 26 
48 13 
41 
91 
25 
74 88 
38 70 
85 
81 
60 
90 60 
77 
63 45 
26 11 
3 
43 
51 
15 
65 95 
17 97 
62 
52 
98 99 
22 
32 
5 
82 
70 
66 
36 
40 
79 
11 
37 
88 
46 
94 
99 
29 
59 
45 
95 
80 
86 
97 
28 
13 
49 
54 
# clone tree 57 objective: 3.56949
0 15 47 
47 46 91 75 
75 12 
12 69 16 
16 62 51 58 
58 81 93 
93 2 61 76 
76 71 9 
67 41 1 57 21 
9 5 67 
21 86 27 73 
73 66 44 92 
92 39 23 
23 7 
7 50 
50 28 87 33 
57 22 18 
33 97 83 
19 40 52 56 
18 30 
61 19 
30 79 64 
83 34 14 
64 90 20 
14 80 53 
20 4 
56 24 35 
4 59 31 
2 54 68 
1 84 42 
39 17 72 
53 38 6 
68 78 
31 55 
27 8 
44 36 32 
78 48 
55 98 10 
35 89 
8 37 
72 74 
24 13 25 
69 43 3 
34 85 
71 82 
6 96 
96 63 
42 
84 65 
87 77 
10 45 29 
89 26 
48 
41 
91 
25 94 
74 88 
38 70 
85 
81 
60 
90 60 
77 
63 
26 11 
3 
43 
51 
15 
65 95 
17 
62 
52 
98 99 
22 
32 
5 
82 49 
70 
66 
36 
40 
79 
11 
37 
88 
46 
94 
99 
29 
59 
45 
95 
80 
86 
97 
28 
13 
49 
54 
# clone tree 58 objective: 3.56949
0 15 47 
47 86 46 91 75 
75 12 
12 69 16 
16 62 51 58 
58 81 93 
93 2 61 76 
76 71 9 
67 41 1 57 21 
9 5 67 
21 27 73 
73 66 44 92 
92 49 39 23 
23 7 
7 80 50 
50 87 33 
57 22 18 
33 83 
19 40 52 56 
18 30 
61 19 
30 79 64 
83 34 14 
64 90 20 
14 53 
20 28 4 
56 24 35 
4 59 31 
2 68 
1 84 42 
39 17 72 
53 38 6 
68 78 
31 55 
27 8 
44 36 32 
78 48 
55 98 10 
35 89 
8 37 
72 74 
24 25 
69 43 3 
34 99 85 
71 82 
6 96 
96 63 
42 
84 65 
87 77 
10 29 
89 26 
48 
41 
91 
25 94 
74 88 
38 70 
85 
81 45 
60 
90 60 
77 
63 
26 11 
3 
43 
51 
15 
65 95 
17 
62 
52 13 
98 
22 
32 
5 
82 
70 
66 
36 
40 
79 97 
11 
37 
88 
46 
94 
99 
29 
59 
45 
95 
80 
86 
97 
28 54 
13 
49 
54 
# clone tree 59 objective: 3.56949
0 15 47 
47 46 11 91 75 
75 80 12 
12 69 16 
16 62 51 58 
58 52 81 93 
93 2 61 76 
76 71 9 
67 41 1 57 21 
9 5 67 
21 27 73 
73 66 44 92 
92 39 23 
23 7 
7 86 50 
50 87 33 
57 22 18 
33 83 
19 40 56 
18 30 
61 19 
30 79 64 
83 34 14 
64 90 20 
14 97 53 
20 4 
56 24 35 
4 31 
2 68 
1 84 42 
39 17 72 
53 13 38 6 
68 78 
31 55 
27 8 
44 32 
78 48 
55 98 10 
35 89 
8 37 
72 36 74 
24 25 
69 43 3 
34 95 85 
71 82 
6 96 
96 63 
42 
84 65 
87 59 77 
10 45 29 
89 28 26 
48 
41 
91 
25 94 
74 88 
38 70 
85 
81 
60 49 
90 60 
77 
63 
26 
3 
43 
51 
15 
65 
17 54 
62 
52 
98 99 
22 
32 
5 
82 
70 
66 
36 
40 
79 
11 
37 
88 
46 
94 
99 
29 
59 
45 
95 
80 
86 
97 
28 
13 
49 
54 
# clone tree 60 objective: 3.56949
0 15 47 
47 46 91 75 
75 12 
12 69 16 
16 62 51 58 
58 81 93 
93 2 61 76 
76 71 9 
67 41 1 57 21 
9 5 67 
21 27 73 
73 97 66 44 92 
92 39 23 
23 7 
7 86 50 
50 87 33 
57 22 18 
33 83 
19 40 52 56 
18 30 
61 19 
30 79 64 
83 13 34 14 
64 90 20 
14 54 80 53 
20 4 
56 24 35 
4 59 31 
2 68 
1 84 42 
39 49 17 72 
53 38 6 
68 78 
31 55 
27 8 
44 36 32 
78 48 
55 98 10 
35 89 
8 37 
72 74 
24 25 
69 43 3 
34 85 
71 82 
6 96 
96 63 
42 
84 65 
87 77 
10 45 29 
89 28 26 
48 
41 
91 
25 94 
74 88 
38 70 
85 
81 
60 
90 60 
77 
63 
26 11 
3 
43 
51 
15 
65 95 
17 
62 
52 
98 99 
22 
32 
5 
82 
70 
66 
36 
40 
79 
11 
37 
88 
46 
94 
99 
29 
59 
45 
95 
80 
86 
97 
28 
13 
49 
54 
# clone tree 61 objective: 3.56949
0 15 47 
47 46 91 75 
75 12 
12 69 16 
16 62 51 58 
58 52 81 93 
93 2 61 76 
76 71 9 
67 41 1 57 21 
9 5 67 
21 27 73 
73 66 44 92 
92 39 23 
23 7 
7 50 
50 87 33 
57 22 18 
33 83 
19 94 40 56 
18 30 
61 19 
30 79 64 
83 34 14 
64 90 20 
14 80 53 
20 4 
56 24 35 
4 31 
2 97 68 
1 84 42 
39 17 72 
53 38 6 
68 78 
31 55 
27 8 
44 32 
78 48 
55 98 10 
35 89 
8 59 37 
72 36 74 
24 25 
69 43 3 
34 85 
71 82 
6 96 
96 63 
42 
84 65 
87 77 
10 28 29 
89 26 
48 
41 
91 
25 
74 88 
38 70 
85 
81 
60 
90 60 
77 86 
63 
26 11 
3 
43 13 
51 
15 45 
65 95 
17 
62 
52 
98 99 
22 54 
32 
5 
82 
70 
66 
36 
40 
79 
11 
37 
88 
46 
94 
99 
29 
59 
45 
95 
80 49 
86 
97 
28 
13 
49 
54 
# clone tree 62 objective: 3.56949
0 15 47 
47 46 11 91 75 
75 80 12 
12 69 16 
16 62 51 58 
58 52 81 93 
93 2 61 76 
76 71 9 
67 41 1 57 21 
9 5 67 
21 27 73 
73 66 44 92 
92 39 23 
23 97 7 
7 50 
50 87 33 
57 22 18 
33 83 
19 40 56 
18 30 
61 19 
30 79 64 
83 34 14 
64 90 20 
14 53 
20 4 
56 24 35 
4 31 
2 68 
1 84 42 
39 17 72 
53 38 6 
68 78 
31 55 
27 8 
44 32 
78 48 
55 98 10 
35 89 
8 13 37 
72 36 74 
24 25 
69 43 3 
34 95 85 
71 82 
6 96 
96 63 
42 
84 65 
87 59 77 
10 45 29 
89 26 
48 
41 
91 
25 94 
74 88 
38 70 
85 
81 
60 
90 60 
77 
63 
26 86 
3 
43 
51 
15 
65 
17 
62 
52 
98 99 
22 49 
32 28 
5 
82 
70 
66 
36 
40 
79 
11 
37 
88 
46 
94 
99 
29 54 
59 
45 
95 
80 
86 
97 
28 
13 
49 
54 
# clone tree 63 objective: 3.56949
0 15 47 
47 46 91 75 
75 12 
12 69 16 
16 54 62 51 58 
58 81 93 
93 2 61 76 
76 71 9 
67 28 41 1 57 21 
9 5 67 
21 86 27 73 
73 66 44 92 
92 39 23 
23 7 
7 50 
50 87 33 
57 22 18 
33 83 
19 40 52 56 
18 30 
61 19 
30 79 64 
83 34 14 
64 90 20 
14 53 
20 4 
56 24 35 
4 59 31 
2 68 
1 84 42 
39 17 72 
53 38 6 
68 78 
31 55 
27 8 
44 36 32 
78 80 48 
55 98 10 
35 89 
8 37 
72 74 
24 25 
69 43 3 
34 85 
71 82 
6 96 
96 63 
42 
84 65 
87 77 
10 29 
89 26 
48 
41 
91 13 
25 94 
74 88 
38 70 
85 
81 
60 
90 60 
77 
63 45 
26 11 
3 
43 
51 
15 
65 95 
17 
62 
52 
98 99 
22 
32 
5 
82 
70 
66 
36 
40 
79 97 
11 
37 
88 
46 
94 
99 
29 
59 
45 
95 
80 
86 
97 49 
28 
13 
49 
54 
# clone tree 64 objective: 3.56949
0 15 47 
47 46 91 75 
75 12 
12 69 16 
16 62 51 58 
58 81 93 
93 2 61 76 
76 71 9 
67 13 41 1 57 21 
9 66 5 67 
21 27 73 
73 44 92 
92 39 23 
23 7 
7 50 
50 80 87 33 
57 22 18 
33 86 83 
19 94 40 52 56 
18 30 
61 19 
30 79 64 
83 34 14 
64 90 20 
14 53 
20 4 
56 24 35 
4 31 
2 68 
1 54 84 42 
39 17 72 
53 38 6 
68 78 
31 55 
27 8 
44 36 32 
78 48 
55 98 10 
35 89 
8 37 
72 74 
24 25 
69 43 3 
34 85 
71 82 
6 96 
96 63 
42 
84 65 
87 59 77 
10 29 
89 26 
48 
41 
91 97 
25 49 
74 88 
38 70 
85 
81 
60 
90 60 
77 
63 45 
26 11 
3 
43 
51 
15 
65 95 
17 
62 
52 
98 99 
22 
32 
5 
82 
70 
66 
36 
40 
79 
11 
37 
88 
46 
94 
99 
29 
59 
45 
95 
80 
86 
97 
28 
13 
49 28 
54 
# clone tree 65 objective: 3.56949
0 15 47 
47 46 91 75 
75 12 
12 69 16 
16 62 51 58 
58 81 93 
93 2 61 76 
76 71 9 
67 41 1 57 21 
9 5 67 
21 27 73 
73 97 66 44 92 
92 39 23 
23 7 
7 86 50 
50 87 33 
57 22 18 
33 83 
19 40 52 56 
18 30 
61 19 
30 79 64 
83 13 34 14 
64 90 20 
14 80 53 
20 4 
56 24 35 
4 59 31 
2 68 
1 84 42 
39 17 72 
53 38 6 
68 78 
31 55 
27 8 
44 36 32 
78 48 
55 98 10 
35 89 
8 37 
72 74 
24 25 
69 43 3 
34 85 
71 82 
6 96 
96 63 
42 
84 65 
87 77 
10 45 29 
89 28 26 
48 
41 
91 
25 94 
74 88 
38 70 
85 
81 
60 
90 60 
77 
63 
26 11 
3 
43 
51 
15 
65 95 
17 
62 
52 
98 99 
22 
32 
5 
82 
70 
66 
36 
40 
79 
11 
37 
88 
46 
94 
99 
29 
59 
45 
95 49 
80 
86 54 
97 
28 
13 
49 
54 
# clone tree 66 objective: 3.56949
0 15 47 
47 46 11 91 75 
75 12 
12 69 16 
16 62 51 58 
58 86 81 93 
93 2 61 76 
76 71 9 
67 41 1 57 21 
9 66 5 67 
21 27 73 
73 44 92 
92 39 23 
23 7 
7 50 
50 54 87 33 
57 22 18 
33 83 
19 94 40 52 56 
18 28 30 
61 19 
30 79 64 
83 34 14 
64 90 20 
14 80 53 
20 4 
56 24 35 
4 59 31 
2 68 
1 84 42 
39 17 72 
53 38 6 
68 78 
31 55 
27 8 
44 32 
78 48 
55 98 10 
35 89 
8 37 
72 36 74 
24 25 
69 43 3 
34 99 85 
71 82 
6 96 
96 63 
42 49 
84 65 
87 77 
10 45 29 
89 26 
48 
41 
91 
25 
74 13 88 
38 70 
85 
81 
60 
90 60 
77 
63 
26 
3 
43 
51 
15 
65 95 
17 
62 97 
52 
98 
22 
32 
5 
82 
70 
66 
36 
40 
79 
11 
37 
88 
46 
94 
99 
29 
59 
45 
95 
80 
86 
97 
28 
13 
49 
54 
# clone tree 67 objective: 3.56949
0 15 47 
47 46 11 91 75 
75 12 
12 69 16 
16 62 51 58 
58 81 93 
93 2 61 76 
76 71 9 
67 41 1 57 21 
9 66 5 67 
21 27 73 
73 44 92 
92 39 23 
23 7 
7 50 
50 87 33 
57 22 18 
33 83 
19 94 40 52 56 
18 30 
61 19 
30 79 64 
83 34 14 
64 90 20 
14 49 80 53 
20 4 
56 24 35 
4 59 31 
2 68 
1 54 84 42 
39 17 72 
53 38 6 
68 78 
31 55 
27 8 
44 97 32 
78 48 
55 98 10 
35 89 
8 37 
72 36 74 
24 25 
69 43 3 
34 99 85 
71 82 
6 96 
96 63 
42 
84 65 
87 77 
10 86 45 29 
89 26 
48 
41 
91 
25 
74 88 
38 70 
85 
81 
60 
90 60 
77 
63 
26 
3 
43 
51 
15 
65 95 
17 
62 
52 
98 
22 
32 
5 
82 
70 
66 
36 
40 
79 28 
11 
37 
88 
46 
94 
99 
29 
59 
45 
95 
80 
86 
97 
28 13 
13 
49 
54 
# clone tree 68 objective: 3.56949
0 15 47 
47 46 91 75 
75 12 
12 69 16 
16 62 51 58 
58 81 93 
93 2 61 76 
76 54 71 9 
67 41 1 57 21 
9 66 5 67 
21 27 73 
73 44 92 
92 39 23 
23 7 
7 50 
50 80 87 33 
57 22 18 
33 86 83 
19 94 40 52 56 
18 30 
61 19 
30 79 64 
83 34 14 
64 90 20 
14 53 
20 4 
56 24 35 
4 31 
2 68 
1 84 42 
39 17 72 
53 38 6 
68 78 
31 55 
27 8 
44 36 32 
78 48 
55 98 10 
35 89 
8 37 
72 74 
24 25 
69 43 3 
34 85 
71 82 
6 96 
96 63 
42 
84 65 
87 59 77 
10 29 
89 26 
48 
41 49 
91 97 
25 28 
74 88 
38 70 
85 
81 
60 
90 60 
77 
63 45 
26 11 
3 
43 
51 
15 
65 95 
17 
62 
52 
98 99 
22 
32 
5 
82 
70 
66 
36 
40 
79 
11 
37 
88 
46 
94 
99 
29 13 
59 
45 
95 
80 
86 
97 
28 
13 
49 
54 
# clone tree 69 objective: 3.56949
0 15 47 
47 46 91 75 
75 12 
12 69 16 
16 62 51 58 
58 81 93 
93 2 61 76 
76 49 71 9 
67 28 41 1 57 21 
9 66 5 67 
21 27 73 
73 44 92 
92 39 23 
23 7 
7 86 50 
50 97 80 87 33 
57 22 18 
33 83 
19 94 40 52 56 
18 30 
61 19 
30 79 64 
83 34 14 
64 90 20 
14 53 
20 4 
56 24 35 
4 31 
2 68 
1 84 42 
39 17 72 
53 38 6 
68 78 
31 55 
27 8 
44 36 32 
78 48 
55 98 10 
35 89 
8 37 
72 74 
24 25 
69 43 3 
34 85 
71 82 
6 96 
96 63 
42 
84 65 
87 59 77 
10 29 
89 26 
48 
41 
91 
25 
74 88 
38 70 
85 
81 
60 
90 60 
77 
63 45 
26 11 
3 
43 
51 
15 
65 95 
17 
62 
52 
98 99 
22 
32 
5 
82 
70 
66 
36 
40 
79 
11 
37 
88 
46 
94 
99 54 
29 
59 
45 
95 
80 
86 
97 
28 
13 
49 13 
54 
# clone tree 70 objective: 3.56949
0 15 47 
47 46 11 91 75 
75 49 80 12 
12 69 16 
16 62 51 58 
58 52 81 93 
93 2 61 76 
76 71 9 
67 41 1 57 21 
9 5 67 
21 27 73 
73 66 44 92 
92 39 23 
23 7 
7 86 50 
50 87 33 
57 22 18 
33 83 
19 40 56 
18 30 
61 19 
30 79 64 
83 34 14 
64 90 20 
14 97 53 
20 4 
56 24 35 
4 31 
2 68 
1 84 42 
39 17 72 
53 38 6 
68 78 
31 55 
27 13 8 
44 32 
78 48 
55 98 10 
35 89 
8 37 
72 36 74 
24 25 
69 43 3 
34 95 85 
71 82 
6 96 
96 63 
42 
84 65 
87 59 77 
10 45 29 
89 26 
48 
41 
91 
25 94 
74 54 88 
38 70 
85 
81 
60 
90 60 
77 
63 
26 
3 
43 
51 
15 
65 
17 
62 
52 
98 99 
22 
32 28 
5 
82 
70 
66 
36 
40 
79 
11 
37 
88 
46 
94 
99 
29 
59 
45 
95 
80 
86 
97 
28 
13 
49 
54 
# clone tree 71 objective: 3.56949
0 15 47 
47 46 91 75 
75 12 
12 69 16 
16 62 51 58 
58 81 93 
93 2 61 76 
76 71 9 
67 41 1 57 21 
9 66 5 67 
21 27 73 
73 44 92 
92 39 23 
23 7 
7 50 
50 80 87 33 
57 22 18 
33 97 83 
19 94 40 52 56 
18 30 
61 49 19 
30 13 79 64 
83 34 14 
64 90 20 
14 53 
20 4 
56 24 35 
4 31 
2 68 
1 84 42 
39 28 17 72 
53 38 6 
68 78 
31 55 
27 86 8 
44 36 32 
78 48 
55 98 10 
35 89 
8 37 
72 74 
24 25 
69 43 3 
34 85 
71 82 
6 96 
96 63 
42 
84 65 
87 59 77 
10 29 
89 26 
48 
41 
91 
25 54 
74 88 
38 70 
85 
81 
60 
90 60 
77 
63 45 
26 11 
3 
43 
51 
15 
65 95 
17 
62 
52 
98 99 
22 
32 
5 
82 
70 
66 
36 
40 
79 
11 
37 
88 
46 
94 
99 
29 
59 
45 
95 
80 
86 
97 
28 
13 
49 
54 
# clone tree 72 objective: 3.56949
0 15 47 
47 46 91 75 
75 12 
12 69 16 
16 62 51 58 
58 81 93 
93 2 61 76 
76 54 71 9 
67 41 1 57 21 
9 66 5 67 
21 27 73 
73 44 92 
92 39 23 
23 7 
7 50 
50 80 87 33 
57 22 18 
33 86 83 
19 94 40 52 56 
18 30 
61 19 
30 79 64 
83 34 14 
64 90 20 
14 53 
20 4 
56 24 35 
4 31 
2 68 
1 84 42 
39 17 72 
53 38 6 
68 78 
31 55 
27 8 
44 36 32 
78 48 
55 98 10 
35 89 
8 37 
72 74 
24 25 
69 43 3 
34 85 
71 82 
6 96 
96 63 
42 
84 65 
87 59 77 
10 29 
89 26 
48 
41 
91 97 
25 28 
74 88 
38 70 
85 
81 
60 
90 60 
77 
63 45 
26 11 
3 
43 
51 
15 
65 95 
17 49 
62 
52 
98 99 
22 
32 
5 
82 
70 
66 
36 
40 
79 
11 
37 
88 13 
46 
94 
99 
29 
59 
45 
95 
80 
86 
97 
28 
13 
49 
54 
# clone tree 73 objective: 3.56949
0 15 47 
47 46 91 75 
75 12 
12 69 16 
16 62 51 58 
58 81 93 
93 2 61 76 
76 71 9 
67 41 1 57 21 
9 5 67 
21 86 27 73 
73 66 44 92 
92 28 39 23 
23 7 
7 50 
50 87 33 
57 22 18 
33 97 83 
19 40 52 56 
18 30 
61 19 
30 79 64 
83 34 14 
64 90 20 
14 80 53 
20 4 
56 24 35 
4 59 31 
2 68 
1 84 42 
39 54 17 72 
53 38 6 
68 78 
31 55 
27 8 
44 36 32 
78 48 
55 98 10 
35 89 
8 37 
72 74 
24 25 
69 43 3 
34 85 
71 82 
6 96 
96 49 63 
42 
84 65 
87 77 
10 45 29 
89 26 
48 
41 13 
91 
25 94 
74 88 
38 70 
85 
81 
60 
90 60 
77 
63 
26 11 
3 
43 
51 
15 
65 95 
17 
62 
52 
98 99 
22 
32 
5 
82 
70 
66 
36 
40 
79 
11 
37 
88 
46 
94 
99 
29 
59 
45 
95 
80 
86 
97 
28 
13 
49 
54 
# clone tree 74 objective: 3.56949
0 15 47 
47 86 46 91 75 
75 12 
12 69 16 
16 62 51 58 
58 81 93 
93 2 61 76 
76 71 9 
67 41 1 57 21 
9 5 67 
21 54 27 73 
73 66 44 92 
92 39 23 
23 49 7 
7 80 50 
50 87 33 
57 22 18 
33 83 
19 40 52 56 
18 30 
61 19 
30 79 64 
83 34 14 
64 90 20 
14 53 
20 4 
56 24 35 
4 59 31 
2 68 
1 84 42 
39 17 72 
53 38 6 
68 78 
31 55 
27 8 
44 36 32 
78 48 
55 28 98 10 
35 89 
8 37 
72 74 
24 25 
69 43 3 
34 99 85 
71 82 
6 13 96 
96 63 
42 97 
84 65 
87 77 
10 29 
89 26 
48 
41 
91 
25 94 
74 88 
38 70 
85 
81 45 
60 
90 60 
77 
63 
26 11 
3 
43 
51 
15 
65 95 
17 
62 
52 
98 
22 
32 
5 
82 
70 
66 
36 
40 
79 
11 
37 
88 
46 
94 
99 
29 
59 
45 
95 
80 
86 
97 
28 
13 
49 
54 
# clone tree 75 objective: 3.56949
0 49 15 47 
47 86 46 91 75 
75 12 
12 69 16 
16 62 51 58 
58 81 93 
93 2 61 76 
76 71 9 
67 41 1 57 21 
9 5 67 
21 27 73 
73 66 44 92 
92 39 23 
23 7 
7 80 50 
50 87 33 
57 22 18 
33 83 
19 40 52 56 
18 30 
61 19 
30 79 64 
83 34 14 
64 90 20 
14 53 
20 4 
56 24 35 
4 59 31 
2 68 
1 84 42 
39 17 72 
53 38 6 
68 78 
31 55 
27 8 
44 36 32 
78 48 
55 28 98 10 
35 89 
8 37 
72 74 
24 25 
69 43 3 
34 99 85 
71 82 
6 96 
96 63 
42 97 
84 65 
87 77 
10 54 13 29 
89 26 
48 
41 
91 
25 94 
74 88 
38 70 
85 
81 45 
60 
90 60 
77 
63 
26 11 
3 
43 
51 
15 
65 95 
17 
62 
52 
98 
22 
32 
5 
82 
70 
66 
36 
40 
79 
11 
37 
88 
46 
94 
99 
29 
59 
45 
95 
80 
86 
97 
28 
13 
49 
54 
# clone tree 76 objective: 3.56949
0 15 47 
47 46 11 91 75 
75 12 
12 69 16 
16 62 51 58 
58 86 81 93 
93 2 61 76 
76 71 9 
67 41 1 57 21 
9 66 5 67 
21 27 73 
73 44 92 
92 39 23 
23 7 
7 50 
50 87 33 
57 22 18 
33 83 
19 94 40 52 56 
18 28 30 
61 19 
30 79 64 
83 34 14 
64 90 20 
14 80 53 
20 4 
56 24 35 
4 59 31 
2 68 
1 84 42 
39 17 72 
53 38 6 
68 78 
31 55 
27 8 
44 32 
78 48 
55 98 10 
35 89 
8 37 
72 36 74 
24 25 
69 43 3 
34 99 85 
71 54 82 
6 96 
96 63 
42 
84 65 
87 77 
10 45 29 
89 26 
48 
41 
91 
25 
74 13 88 
38 70 
85 
81 
60 
90 60 
77 
63 
26 
3 
43 
51 
15 
65 95 
17 
62 97 
52 
98 
22 
32 
5 
82 
70 
66 
36 
40 
79 
11 
37 
88 
46 
94 49 
99 
29 
59 
45 
95 
80 
86 
97 
28 
13 
49 
54 
# clone tree 77 objective: 3.56949
0 15 47 
47 46 91 75 
75 12 
12 69 16 
16 62 51 58 
58 81 93 
93 2 61 76 
76 71 9 
67 41 1 57 21 
9 5 67 
21 86 27 73 
73 66 44 92 
92 28 39 23 
23 7 
7 50 
50 87 33 
57 22 18 
33 97 83 
19 40 52 56 
18 30 
61 19 
30 79 64 
83 34 14 
64 90 20 
14 80 53 
20 4 
56 24 35 
4 59 31 
2 68 
1 84 42 
39 17 72 
53 38 6 
68 78 
31 55 
27 8 
44 36 32 
78 48 
55 98 10 
35 89 
8 37 
72 74 
24 25 
69 43 3 
34 85 
71 82 
6 96 
96 49 63 
42 
84 65 
87 77 
10 45 29 
89 26 
48 
41 54 
91 
25 94 
74 88 
38 70 
85 
81 
60 
90 60 
77 
63 
26 11 
3 
43 
51 
15 
65 95 
17 
62 
52 
98 99 
22 
32 
5 
82 
70 
66 
36 
40 
79 
11 
37 
88 
46 
94 
99 
29 
59 
45 
95 
80 
86 
97 
28 
13 
49 
54 13 
# clone tree 78 objective: 3.56949
0 15 47 
47 46 91 75 
75 12 
12 69 16 
16 62 51 58 
58 81 93 
93 2 61 76 
76 71 9 
67 41 1 57 21 
9 5 67 
21 27 73 
73 66 44 92 
92 39 23 
23 54 7 
7 50 
50 87 33 
57 22 18 
33 83 
19 40 52 56 
18 30 
61 19 
30 79 64 
83 86 34 14 
64 90 20 
14 80 53 
20 4 
56 24 35 
4 59 31 
2 68 
1 84 42 
39 17 72 
53 49 28 38 6 
68 78 
31 55 
27 8 
44 36 32 
78 48 
55 98 10 
35 89 
8 37 
72 74 
24 25 
69 43 3 
34 85 
71 82 
6 96 
96 63 
42 
84 65 
87 77 
10 45 29 
89 26 
48 
41 
91 
25 94 
74 88 
38 70 
85 
81 
60 
90 60 
77 
63 
26 11 
3 
43 
51 
15 
65 95 
17 
62 
52 
98 99 
22 
32 
5 
82 
70 
66 
36 
40 13 
79 
11 97 
37 
88 
46 
94 
99 
29 
59 
45 
95 
80 
86 
97 
28 
13 
49 
54 
# clone tree 79 objective: 3.56949
0 49 15 47 
47 46 91 75 
75 12 
12 69 16 
16 62 51 58 
58 52 81 93 
93 2 61 76 
76 86 71 9 
67 41 1 57 21 
9 5 67 
21 27 73 
73 66 44 92 
92 39 23 
23 7 
7 50 
50 87 33 
57 22 18 
33 83 
19 94 40 56 
18 30 
61 19 
30 79 64 
83 34 14 
64 90 20 
14 80 53 
20 4 
56 24 35 
4 31 
2 68 
1 84 42 
39 17 72 
53 38 6 
68 78 
31 54 55 
27 8 
44 32 
78 48 
55 98 10 
35 89 
8 59 37 
72 36 74 
24 25 
69 43 3 
34 85 
71 82 
6 96 
96 63 
42 
84 65 
87 77 
10 29 
89 26 
48 
41 
91 97 
25 
74 88 
38 70 
85 
81 
60 
90 60 
77 
63 
26 11 
3 
43 
51 
15 45 
65 95 
17 28 
62 
52 
98 99 
22 
32 
5 
82 
70 
66 
36 
40 
79 
11 
37 
88 
46 
94 
99 
29 
59 
45 
95 
80 
86 
97 13 
28 
13 
49 
54 
# clone tree 80 objective: 3.56949
0 15 47 
47 46 91 75 
75 12 
12 69 16 
16 62 51 58 
58 81 93 
93 2 61 76 
76 71 9 
67 41 1 57 21 
9 5 67 
21 27 73 
73 66 44 92 
92 86 39 23 
23 7 
7 50 
50 87 33 
57 22 18 
33 83 
19 97 40 52 56 
18 30 
61 19 
30 79 64 
83 34 14 
64 90 20 
14 53 
20 4 
56 24 35 
4 59 31 
2 68 
1 84 42 
39 17 72 
53 38 6 
68 78 
31 55 
27 8 
44 36 32 
78 49 80 48 
55 98 10 
35 89 
8 37 
72 74 
24 25 
69 54 43 3 
34 85 
71 82 
6 96 
96 63 
42 
84 65 
87 77 
10 29 
89 26 
48 
41 
91 
25 94 
74 88 
38 70 
85 
81 
60 
90 60 
77 
63 45 
26 11 
3 
43 
51 
15 13 
65 95 
17 
62 
52 
98 99 
22 
32 
5 
82 
70 
66 
36 
40 
79 
11 
37 28 
88 
46 
94 
99 
29 
59 
45 
95 
80 
86 
97 
28 
13 
49 
54 
# clone tree 81 objective: 3.56949
0 15 47 
47 46 91 75 
75 12 
12 69 16 
16 62 51 58 
58 81 93 
93 2 61 76 
76 71 9 
67 41 1 57 21 
9 66 5 67 
21 27 73 
73 44 92 
92 39 23 
23 7 
7 50 
50 80 87 33 
57 22 18 
33 54 97 83 
19 94 40 52 56 
18 30 
61 19 
30 13 79 64 
83 34 14 
64 90 20 
14 53 
20 4 
56 24 35 
4 31 
2 68 
1 84 42 
39 28 17 72 
53 38 6 
68 78 
31 55 
27 86 8 
44 36 32 
78 48 
55 98 10 
35 89 
8 37 
72 74 
24 25 
69 43 3 
34 85 
71 82 
6 96 
96 63 
42 
84 65 
87 59 77 
10 29 
89 26 
48 
41 
91 
25 
74 88 
38 70 
85 
81 
60 
90 60 
77 
63 45 
26 11 
3 
43 
51 
15 
65 95 
17 
62 
52 
98 99 
22 
32 
5 
82 
70 
66 
36 
40 
79 
11 49 
37 
88 
46 
94 
99 
29 
59 
45 
95 
80 
86 
97 
28 
13 
49 
54 
# clone tree 82 objective: 3.56949
0 15 47 
47 46 91 75 
75 12 
12 69 16 
16 62 51 58 
58 81 93 
93 2 61 76 
76 71 9 
67 41 1 57 21 
9 5 67 
21 27 73 
73 66 44 92 
92 86 39 23 
23 7 
7 50 
50 87 33 
57 22 18 
33 83 
19 97 40 52 56 
18 30 
61 19 
30 79 64 
83 54 34 14 
64 90 20 
14 53 
20 4 
56 24 35 
4 59 31 
2 68 
1 84 42 
39 17 72 
53 38 6 
68 78 
31 55 
27 8 
44 36 32 
78 49 80 48 
55 98 10 
35 89 
8 37 
72 74 
24 25 
69 43 3 
34 85 
71 82 
6 96 
96 63 
42 
84 65 
87 77 
10 29 
89 26 
48 
41 
91 
25 94 
74 88 
38 70 
85 
81 
60 
90 60 
77 
63 45 
26 11 
3 
43 
51 
15 13 
65 95 
17 
62 
52 
98 99 
22 
32 
5 
82 
70 
66 
36 
40 
79 
11 
37 28 
88 
46 
94 
99 
29 
59 
45 
95 
80 
86 
97 
28 
13 
49 
54 
# clone tree 83 objective: 3.56949
0 15 47 
47 46 11 91 75 
75 80 12 
12 54 69 16 
16 62 51 58 
58 52 81 93 
93 2 61 76 
76 71 9 
67 41 1 57 21 
9 5 67 
21 27 73 
73 66 44 92 
92 39 23 
23 7 
7 86 50 
50 87 33 
57 22 18 
33 83 
19 49 40 56 
18 30 
61 13 19 
30 79 64 
83 34 14 
64 90 20 
14 97 53 
20 4 
56 24 35 
4 31 
2 68 
1 28 84 42 
39 17 72 
53 38 6 
68 78 
31 55 
27 8 
44 32 
78 48 
55 98 10 
35 89 
8 37 
72 36 74 
24 25 
69 43 3 
34 95 85 
71 82 
6 96 
96 63 
42 
84 65 
87 59 77 
10 45 29 
89 26 
48 
41 
91 
25 94 
74 88 
38 70 
85 
81 
60 
90 60 
77 
63 
26 
3 
43 
51 
15 
65 
17 
62 
52 
98 99 
22 
32 
5 
82 
70 
66 
36 
40 
79 
11 
37 
88 
46 
94 
99 
29 
59 
45 
95 
80 
86 
97 
28 
13 
49 
54 
# clone tree 84 objective: 3.56949
0 15 47 
47 46 91 75 
75 12 
12 69 16 
16 62 51 58 
58 81 93 
93 2 61 76 
76 71 9 
67 41 1 57 21 
9 66 5 67 
21 27 73 
73 44 92 
92 39 23 
23 7 
7 54 50 
50 80 87 33 
57 22 18 
33 97 83 
19 94 40 52 56 
18 30 
61 19 
30 13 79 64 
83 34 14 
64 90 20 
14 53 
20 4 
56 24 35 
4 31 
2 68 
1 84 42 
39 28 17 72 
53 38 6 
68 78 
31 55 
27 86 8 
44 36 32 
78 48 
55 98 10 
35 89 
8 37 
72 74 
24 25 
69 43 3 
34 85 
71 82 
6 96 
96 63 
42 
84 65 
87 59 77 
10 29 
89 26 
48 
41 
91 
25 
74 88 
38 70 
85 
81 
60 
90 60 
77 
63 45 
26 11 
3 
43 
51 
15 
65 95 
17 
62 
52 
98 99 
22 
32 
5 
82 
70 
66 
36 
40 
79 
11 49 
37 
88 
46 
94 
99 
29 
59 
45 
95 
80 
86 
97 
28 
13 
49 
54 
# clone tree 85 objective: 3.56949
0 15 47 
47 86 46 91 75 
75 12 
12 69 16 
16 62 51 58 
58 81 93 
93 2 61 76 
76 71 9 
67 41 1 57 21 
9 5 67 
21 27 73 
73 66 44 92 
92 39 23 
23 7 
7 80 50 
50 87 33 
57 22 18 
33 83 
19 49 40 52 56 
18 30 
61 19 
30 79 64 
83 54 34 14 
64 90 20 
14 53 
20 4 
56 24 35 
4 59 31 
2 68 
1 84 42 
39 17 72 
53 38 6 
68 78 
31 55 
27 13 8 
44 36 32 
78 48 
55 28 98 10 
35 89 
8 37 
72 74 
24 25 
69 43 3 
34 99 85 
71 82 
6 96 
96 63 
42 97 
84 65 
87 77 
10 29 
89 26 
48 
41 
91 
25 94 
74 88 
38 70 
85 
81 45 
60 
90 60 
77 
63 
26 11 
3 
43 
51 
15 
65 95 
17 
62 
52 
98 
22 
32 
5 
82 
70 
66 
36 
40 
79 
11 
37 
88 
46 
94 
99 
29 
59 
45 
95 
80 
86 
97 
28 
13 
49 
54 
# clone tree 86 objective: 3.56949
0 15 47 
47 46 91 75 
75 12 
12 69 16 
16 62 51 58 
58 52 81 93 
93 2 61 76 
76 86 71 9 
67 41 1 57 21 
9 5 67 
21 27 73 
73 66 44 92 
92 39 23 
23 7 
7 50 
50 87 33 
57 22 18 
33 83 
19 94 40 56 
18 30 
61 19 
30 79 64 
83 34 14 
64 90 20 
14 80 53 
20 4 
56 24 35 
4 31 
2 68 
1 84 42 
39 17 72 
53 38 6 
68 78 
31 55 
27 8 
44 32 
78 48 
55 98 10 
35 89 
8 59 37 
72 36 74 
24 25 
69 43 3 
34 85 
71 82 
6 96 
96 63 
42 54 
84 65 
87 77 
10 29 
89 26 
48 
41 
91 97 
25 
74 88 
38 70 
85 
81 
60 
90 60 
77 
63 
26 11 
3 
43 
51 
15 45 
65 95 
17 28 
62 
52 
98 99 
22 
32 
5 
82 
70 
66 
36 
40 
79 
11 
37 
88 
46 
94 
99 
29 
59 
45 
95 
80 
86 
97 49 
28 
13 
49 13 
54 
# clone tree 87 objective: 3.56949
0 15 47 
47 46 91 75 
75 12 
12 69 16 
16 62 51 58 
58 81 93 
93 13 2 61 76 
76 71 9 
67 41 1 57 21 
9 66 5 67 
21 27 73 
73 44 92 
92 39 23 
23 7 
7 50 
50 80 87 33 
57 22 18 
33 83 
19 28 94 40 52 56 
18 30 
61 19 
30 79 64 
83 34 14 
64 90 20 
14 53 
20 4 
56 24 35 
4 31 
2 68 
1 84 42 
39 17 72 
53 38 6 
68 78 
31 55 
27 8 
44 36 32 
78 48 
55 98 10 
35 89 
8 37 
72 74 
24 25 
69 43 3 
34 49 85 
71 82 
6 96 
96 63 
42 
84 65 
87 59 77 
10 86 29 
89 26 
48 
41 
91 
25 
74 88 
38 70 
85 
81 54 
60 
90 60 
77 
63 45 
26 11 
3 
43 
51 
15 
65 95 
17 
62 
52 
98 99 
22 
32 
5 
82 
70 
66 
36 
40 
79 
11 97 
37 
88 
46 
94 
99 
29 
59 
45 
95 
80 
86 
97 
28 
13 
49 
54 
# clone tree 88 objective: 3.56949
0 15 47 
47 46 91 75 
75 12 
12 69 16 
16 62 51 58 
58 54 52 81 93 
93 2 61 76 
76 86 71 9 
67 41 1 57 21 
9 5 67 
21 27 73 
73 66 44 92 
92 39 23 
23 7 
7 50 
50 87 33 
57 22 18 
33 83 
19 94 40 56 
18 30 
61 19 
30 79 64 
83 34 14 
64 90 20 
14 80 53 
20 4 
56 24 35 
4 31 
2 68 
1 84 42 
39 17 72 
53 38 6 
68 78 
31 55 
27 8 
44 32 
78 48 
55 98 10 
35 89 
8 59 37 
72 36 74 
24 25 
69 43 3 
34 85 
71 82 
6 96 
96 63 
42 
84 65 
87 77 
10 29 
89 26 
48 
41 
91 97 
25 
74 88 
38 70 
85 
81 
60 
90 60 
77 
63 
26 11 
3 
43 
51 
15 45 
65 95 
17 28 
62 
52 
98 99 
22 
32 
5 
82 
70 
66 
36 
40 
79 
11 
37 
88 
46 
94 49 
99 
29 
59 
45 
95 
80 
86 
97 13 
28 
13 
49 
54 
# clone tree 89 objective: 3.56949
0 15 47 
47 46 11 91 75 
75 80 12 
12 13 69 16 
16 62 51 58 
58 52 81 93 
93 2 61 76 
76 71 9 
67 41 1 57 21 
9 5 67 
21 27 73 
73 66 44 92 
92 39 23 
23 97 7 
7 50 
50 87 33 
57 22 18 
33 83 
19 40 56 
18 30 
61 19 
30 79 64 
83 34 14 
64 90 20 
14 53 
20 4 
56 24 35 
4 31 
2 68 
1 84 42 
39 17 72 
53 38 6 
68 78 
31 55 
27 8 
44 32 
78 48 
55 98 10 
35 89 
8 37 
72 36 74 
24 25 
69 43 3 
34 95 85 
71 49 82 
6 96 
96 63 
42 
84 65 
87 59 77 
10 45 29 
89 26 
48 
41 
91 
25 94 
74 88 
38 70 
85 
81 
60 
90 60 
77 
63 
26 86 
3 
43 
51 
15 
65 
17 
62 
52 
98 99 
22 
32 
5 
82 
70 
66 
36 
40 
79 
11 
37 
88 
46 
94 
99 54 
29 
59 
45 
95 28 
80 
86 
97 
28 
13 
49 
54 
# clone tree 90 objective: 3.56949
0 15 47 
47 46 91 75 
75 12 
12 69 16 
16 62 51 58 
58 81 93 
93 2 61 76 
76 71 9 
67 41 1 57 21 
9 66 5 67 
21 27 73 
73 44 92 
92 39 23 
23 7 
7 50 
50 80 87 33 
57 22 18 
33 83 
19 94 40 52 56 
18 30 
61 19 
30 79 64 
83 34 14 
64 90 20 
14 53 
20 4 
56 24 35 
4 31 
2 68 
1 84 42 
39 17 72 
53 38 6 
68 86 78 
31 55 
27 8 
44 36 32 
78 48 
55 98 10 
35 89 
8 37 
72 54 74 
24 25 
69 13 43 3 
34 85 
71 82 
6 96 
96 63 
42 
84 65 
87 59 77 
10 29 
89 26 
48 
41 
91 
25 
74 88 
38 70 
85 
81 
60 
90 60 
77 
63 45 
26 49 11 
3 
43 
51 
15 
65 95 
17 
62 
52 
98 99 
22 
32 
5 
82 
70 
66 
36 28 
40 
79 97 
11 
37 
88 
46 
94 
99 
29 
59 
45 
95 
80 
86 
97 
28 
13 
49 
54 
# clone tree 91 objective: 3.56949
0 15 47 
47 46 91 75 
75 12 
12 69 16 
16 62 51 58 
58 81 93 
93 2 61 76 
76 71 9 
67 41 1 57 21 
9 66 5 67 
21 27 73 
73 44 92 
92 39 23 
23 7 
7 50 
50 80 87 33 
57 22 18 
33 86 83 
19 94 40 52 56 
18 30 
61 19 
30 79 64 
83 34 14 
64 90 20 
14 53 
20 4 
56 24 35 
4 31 
2 13 68 
1 84 42 
39 17 72 
53 38 6 
68 78 
31 55 
27 8 
44 36 32 
78 48 
55 98 10 
35 89 
8 37 
72 74 
24 25 
69 43 3 
34 85 
71 82 
6 96 
96 63 
42 
84 65 
87 59 77 
10 29 
89 26 
48 
41 
91 97 
25 28 
74 88 
38 70 
85 
81 
60 
90 60 
77 
63 45 
26 11 
3 
43 
51 
15 
65 95 
17 
62 49 
52 
98 99 
22 
32 
5 
82 
70 
66 
36 
40 
79 
11 
37 
88 
46 
94 54 
99 
29 
59 
45 
95 
80 
86 
97 
28 
13 
49 
54 
# clone tree 92 objective: 3.56949
0 15 47 
47 46 91 75 
75 12 
12 69 16 
16 62 51 58 
58 52 81 93 
93 2 61 76 
76 71 9 
67 41 1 57 21 
9 66 5 67 
21 27 73 
73 44 92 
92 39 23 
23 7 
7 50 
50 87 33 
57 22 18 
33 83 
19 94 40 56 
18 30 
61 19 
30 79 64 
83 28 34 14 
64 90 20 
14 53 
20 4 
56 45 24 35 
4 59 31 
2 68 
1 84 42 
39 17 72 
53 38 6 
68 78 
31 55 
27 8 
44 32 
78 48 
55 98 10 
35 89 
8 37 
72 36 74 
24 25 
69 43 3 
34 99 85 
71 82 
6 96 
96 63 
42 49 
84 65 
87 77 
10 29 
89 26 
48 
41 
91 80 
25 
74 88 
38 70 
85 
81 13 
60 
90 60 
77 
63 
26 11 
3 
43 
51 
15 
65 95 
17 
62 
52 
98 
22 
32 
5 54 
82 86 
70 
66 
36 
40 
79 
11 97 
37 
88 
46 
94 
99 
29 
59 
45 
95 
80 
86 
97 
28 
13 
49 
54 
# clone tree 93 objective: 3.56949
0 15 47 
47 46 11 91 75 
75 80 12 
12 69 16 
16 62 51 58 
58 52 81 93 
93 2 61 76 
76 71 9 
67 41 1 57 21 
9 5 67 
21 27 73 
73 66 44 92 
92 39 23 
23 7 
7 13 50 
50 87 33 
57 22 18 
33 83 
19 40 56 
18 30 
61 19 
30 79 64 
83 34 14 
64 90 20 
14 53 
20 4 
56 24 35 
4 31 
2 68 
1 84 42 
39 17 72 
53 38 6 
68 78 
31 55 
27 8 
44 49 32 
78 48 
55 98 10 
35 89 
8 37 
72 36 74 
24 25 
69 43 3 
34 95 85 
71 82 
6 96 
96 63 
42 
84 65 
87 59 77 
10 45 29 
89 26 
48 
41 
91 
25 94 
74 88 
38 70 
85 
81 
60 
90 60 
77 
63 
26 86 
3 54 
43 
51 
15 
65 
17 
62 97 
52 
98 99 
22 
32 
5 
82 28 
70 
66 
36 
40 
79 
11 
37 
88 
46 
94 
99 
29 
59 
45 
95 
80 
86 
97 
28 
13 
49 
54 
# clone tree 94 objective: 3.56949
0 15 47 
47 46 91 75 
75 12 
12 69 16 
16 62 51 58 
58 81 93 
93 2 61 76 
76 71 9 
67 41 1 57 21 
9 66 5 67 
21 27 73 
73 44 92 
92 39 23 
23 7 
7 50 
50 80 87 33 
57 22 18 
33 86 83 
19 94 40 52 56 
18 30 
61 19 
30 79 64 
83 34 14 
64 90 20 
14 53 
20 4 
56 24 35 
4 31 
2 68 
1 84 42 
39 17 72 
53 54 38 6 
68 78 
31 55 
27 8 
44 36 32 
78 48 
55 98 10 
35 89 
8 49 37 
72 74 
24 25 
69 43 3 
34 85 
71 82 
6 96 
96 63 
42 
84 65 
87 59 77 
10 29 
89 26 
48 
41 
91 97 
25 28 
74 88 
38 70 
85 
81 
60 
90 60 
77 
63 45 
26 11 
3 
43 
51 
15 
65 95 
17 
62 
52 
98 99 
22 
32 
5 
82 
70 
66 
36 
40 
79 
11 
37 
88 13 
46 
94 
99 
29 
59 
45 
95 
80 
86 
97 
28 
13 
49 
54 
# clone tree 95 objective: 3.56949
0 15 47 
47 46 91 75 
75 12 
12 69 16 
16 62 51 58 
58 52 81 93 
93 2 61 76 
76 86 71 9 
67 41 1 57 21 
9 5 67 
21 27 73 
73 66 44 92 
92 39 23 
23 7 
7 50 
50 87 33 
57 22 18 
33 83 
19 94 40 56 
18 30 
61 49 19 
30 79 64 
83 34 14 
64 90 20 
14 80 53 
20 4 
56 13 24 35 
4 31 
2 68 
1 84 42 
39 17 72 
53 38 6 
68 78 
31 55 
27 8 
44 32 
78 48 
55 54 98 10 
35 89 
8 59 37 
72 36 74 
24 25 
69 43 3 
34 85 
71 82 
6 96 
96 63 
42 
84 65 
87 77 
10 29 
89 26 
48 
41 
91 
25 
74 88 
38 70 
85 
81 
60 
90 60 
77 
63 97 
26 11 
3 
43 28 
51 
15 45 
65 95 
17 
62 
52 
98 99 
22 
32 
5 
82 
70 
66 
36 
40 
79 
11 
37 
88 
46 
94 
99 
29 
59 
45 
95 
80 
86 
97 
28 
13 
49 
54 
# clone tree 96 objective: 3.56949
0 15 47 
47 46 91 75 
75 12 
12 69 16 
16 62 51 58 
58 81 93 
93 2 61 76 
76 71 9 
67 41 1 57 21 
9 5 67 
21 86 27 73 
73 66 44 92 
92 39 23 
23 7 
7 50 
50 28 87 33 
57 22 18 
33 97 83 
19 40 52 56 
18 30 
61 19 
30 79 64 
83 34 14 
64 90 20 
14 80 53 
20 4 
56 24 35 
4 59 31 
2 68 
1 84 42 
39 17 72 
53 38 6 
68 78 
31 55 
27 8 
44 36 32 
78 48 
55 98 10 
35 89 
8 37 
72 74 
24 13 25 
69 43 3 
34 85 
71 82 
6 96 
96 63 
42 
84 65 
87 77 
10 45 29 
89 26 
48 
41 
91 
25 94 
74 88 
38 70 
85 
81 
60 
90 60 
77 
63 
26 11 
3 
43 
51 
15 
65 54 95 
17 
62 
52 
98 99 
22 
32 
5 
82 49 
70 
66 
36 
40 
79 
11 
37 
88 
46 
94 
99 
29 
59 
45 
95 
80 
86 
97 
28 
13 
49 
54 
# clone tree 97 objective: 3.56949
0 15 47 
47 13 46 11 91 75 
75 80 12 
12 69 16 
16 62 51 58 
58 52 81 93 
93 2 61 76 
76 71 9 
67 41 1 57 21 
9 5 67 
21 27 73 
73 66 44 92 
92 39 23 
23 97 7 
7 50 
50 87 33 
57 22 18 
33 83 
19 40 56 
18 30 
61 19 
30 79 64 
83 34 14 
64 90 20 
14 53 
20 4 
56 24 35 
4 31 
2 68 
1 84 42 
39 17 72 
53 38 6 
68 78 
31 55 
27 8 
44 32 
78 48 
55 98 10 
35 89 
8 37 
72 36 74 
24 25 
69 43 3 
34 95 85 
71 82 
6 96 
96 63 
42 
84 65 
87 59 77 
10 45 29 
89 26 
48 
41 
91 
25 94 
74 88 
38 70 
85 
81 
60 49 
90 60 
77 
63 
26 86 
3 
43 
51 
15 54 
65 
17 
62 
52 
98 99 
22 
32 
5 
82 
70 
66 
36 
40 
79 
11 
37 
88 
46 
94 
99 
29 
59 
45 
95 28 
80 
86 
97 
28 
13 
49 
54 
# clone tree 98 objective: 3.56949
0 15 47 
47 46 91 75 
75 12 
12 54 69 16 
16 62 51 58 
58 81 93 
93 2 61 76 
76 71 9 
67 41 1 57 21 
9 66 5 67 
21 27 73 
73 44 92 
92 39 23 
23 7 
7 50 
50 80 87 33 
57 22 18 
33 86 83 
19 94 40 52 56 
18 30 
61 19 
30 49 79 64 
83 34 14 
64 90 20 
14 53 
20 4 
56 24 35 
4 31 
2 68 
1 84 42 
39 17 72 
53 38 6 
68 78 
31 55 
27 8 
44 36 32 
78 48 
55 98 10 
35 89 
8 37 
72 74 
24 25 
69 43 3 
34 85 
71 82 
6 96 
96 63 
42 
84 65 
87 59 77 
10 29 
89 26 
48 
41 
91 97 
25 28 
74 88 
38 70 
85 
81 
60 
90 60 
77 
63 45 
26 11 
3 
43 
51 13 
15 
65 95 
17 
62 
52 
98 99 
22 
32 
5 
82 
70 
66 
36 
40 
79 
11 
37 
88 
46 
94 
99 
29 
59 
45 
95 
80 
86 
97 
28 
13 
49 
54 
# clone tree 99 objective: 3.56949
0 15 47 
47 46 91 75 
75 12 
12 69 16 
16 62 51 58 
58 13 81 93 
93 2 61 76 
76 71 9 
67 41 1 57 21 
9 5 67 
21 86 27 73 
73 66 44 92 
92 39 23 
23 7 
7 50 
50 87 33 
57 22 18 
33 83 
19 40 52 56 
18 30 
61 19 
30 79 64 
83 49 34 14 
64 90 20 
14 80 53 
20 4 
56 24 35 
4 59 31 
2 68 
1 84 42 
39 17 72 
53 38 6 
68 28 78 
31 55 
27 8 
44 36 32 
78 48 
55 98 10 
35 89 
8 37 
72 74 
24 25 
69 43 3 
34 85 
71 82 
6 96 
96 63 
42 
84 65 
87 77 
10 45 29 
89 26 
48 
41 
91 
25 94 
74 88 
38 70 
85 
81 
60 97 
90 60 
77 
63 
26 11 
3 
43 
51 
15 
65 95 
17 
62 
52 
98 99 
22 
32 
5 
82 
70 
66 
36 
40 
79 54 
11 
37 
88 
46 
94 
99 
29 
59 
45 
95 
80 
86 
97 
28 
13 
49 
54 
