0 15 
15 55 18 36 
36 39 90 
90 9 99 93 
93 27 
27 11 57 35 
35 92 45 
45 28 53 65 
65 77 6 
43 46 
46 68 13 
6 43 
13 78 38 84 47 
47 5 97 33 
33 71 59 
59 7 61 
61 21 62 
62 19 14 
74 67 
14 74 
67 3 
56 24 
24 10 
3 56 
20 64 
10 20 
18 76 
76 25 
64 75 89 
89 49 
25 17 
17 23 54 
49 91 
84 50 83 
83 26 
54 86 44 
72 51 
79 2 
57 79 
91 88 72 
44 12 
51 70 41 
2 63 
26 1 8 
12 52 22 
63 37 30 
41 60 
31 48 
39 69 81 
21 31 
38 42 
8 94 82 
30 32 
68 16 73 
22 34 
48 
32 58 
7 98 40 
50 
99 80 
92 96 
60 95 
82 
19 
78 66 
52 4 
77 
42 
53 
80 
94 87 
28 85 
88 
4 
95 
23 
66 
1 
73 
11 
86 
16 
81 
97 
5 
87 
40 
55 
98 
85 29 
96 
34 
58 
71 
37 
75 
69 
9 
70 
29 
