0 84 85 10 
10 15 34 7 
7 31 36 
36 19 67 
67 33 
33 58 79 76 
76 30 29 
3 68 
29 14 
14 60 54 3 
22 17 64 21 
68 87 22 
21 53 69 25 
25 51 57 66 
66 63 
63 94 82 
73 65 
82 28 73 
65 40 
77 6 50 42 
40 4 77 
42 8 48 
48 86 9 
9 46 26 
26 78 
1 62 5 
78 1 
50 89 41 
5 81 70 
70 56 
11 24 
85 11 
69 92 96 49 
47 80 
56 43 
43 45 90 
49 74 
57 91 
80 52 
24 99 83 16 
41 47 
62 55 
79 59 
31 72 
4 75 
89 12 20 
28 61 
75 2 
34 
86 
84 37 
19 35 
59 95 
72 
91 
15 
30 
96 
46 23 71 
90 
52 44 
32 
64 
16 
81 32 
87 
8 
53 
83 
20 
2 
37 
74 88 
55 
99 
58 
45 
54 
71 18 
6 
94 
92 
61 93 
13 
51 
95 
17 
88 27 39 13 
44 
23 97 
12 38 
38 
35 
60 
93 
39 
18 
27 98 
97 
98 
