0 66 18 51 31 
31 9 
9 91 84 78 
78 1 4 
4 87 11 50 
50 79 12 
12 48 56 
56 25 67 52 
86 76 59 10 
52 54 86 
67 53 29 13 
10 88 81 
13 57 
57 55 
81 64 8 41 
59 71 21 
55 72 
21 38 62 83 
41 23 85 
72 92 17 
48 49 14 3 
76 93 30 
85 47 94 33 
17 19 
3 63 80 
16 27 90 
33 75 
11 58 28 
1 16 
79 39 60 
83 61 
65 68 74 
19 65 
30 26 
28 44 
61 24 89 
32 46 
75 32 
90 35 34 
26 95 
60 22 96 
74 37 
71 
80 77 
25 43 
45 15 
62 45 
77 73 
84 82 40 
87 5 
34 
93 2 
63 70 20 
51 
27 7 
95 
92 42 
37 6 
88 36 
46 
44 99 
89 97 
73 
29 
5 
53 
43 
8 69 
68 
99 
23 
64 
38 
18 
58 
39 98 
14 
7 
96 
24 
97 
22 
91 
54 
36 
40 
94 
2 
98 
20 
6 
66 
82 
69 
35 
15 
49 
42 
47 
70 
