# clone tree 0 objective: 3.01064
0 40 
40 97 49 15 91 61 
81 53 11 70 
61 41 81 
70 20 18 
18 45 94 66 84 
84 69 44 90 
90 55 10 
10 71 96 
96 99 68 21 
91 76 
76 8 
8 56 58 16 
21 42 43 
16 75 72 
43 80 39 
55 9 
72 37 82 
22 1 
68 22 
9 93 46 
74 83 
15 74 
82 77 14 52 
1 67 
39 4 
67 28 26 
46 17 
83 64 88 
52 79 
80 35 31 51 
50 47 86 
17 19 
4 50 
26 23 60 
79 78 
58 92 2 
88 3 33 
75 98 
60 34 
19 57 
49 12 
34 38 
62 24 59 
33 36 
56 7 
57 62 
42 48 
32 30 
2 13 
7 95 
86 73 
98 32 
12 
20 27 
51 63 
95 87 
47 54 
78 
66 
63 25 
37 65 
36 
48 5 
11 
44 
73 
93 
14 
38 
31 
87 
94 
59 
30 
69 
53 
99 
71 6 
28 
54 29 
13 
97 
41 
3 
65 85 
77 
24 
85 89 
89 
35 
64 
45 
5 
27 
23 
29 
92 
25 
6 
# clone tree 1 objective: 3.01064
0 40 
40 97 49 15 91 61 
81 53 11 70 
61 41 81 
70 20 18 
18 45 94 66 84 
84 69 44 90 
90 55 10 
10 71 96 
96 99 68 21 
91 76 
76 8 
8 6 56 58 16 
21 42 43 
16 75 72 
43 80 39 
55 9 
72 37 82 
22 1 
68 92 22 
9 93 46 
74 83 
15 74 
82 77 14 52 
1 67 
39 4 
67 28 26 
46 17 
83 64 88 
52 79 
80 35 31 51 
50 47 86 
17 19 
4 50 
26 23 60 
79 78 
58 2 
88 3 33 
75 98 
60 34 
19 57 
49 12 
34 38 
62 24 59 
33 36 
56 7 
57 62 
42 48 
32 30 
2 13 
7 95 
86 73 
98 32 
12 
20 27 
51 63 
95 87 
47 29 54 
78 
66 
63 
37 65 
36 
48 5 
11 
44 
73 
93 
14 
38 
31 
87 
94 
59 
30 
69 
53 
99 
71 25 
28 
54 
13 
97 
41 
3 
65 85 
77 
24 
85 89 
89 
35 
64 
45 
5 
27 
23 
29 
92 
25 
6 
# clone tree 2 objective: 3.01064
0 40 
40 97 49 15 91 61 
81 53 11 70 
61 41 81 
70 20 18 
18 45 94 66 84 
84 69 44 90 
90 55 10 
10 71 96 
96 99 68 21 
91 76 
76 8 
8 56 58 16 
21 42 43 
16 75 72 
43 80 39 
55 9 
72 37 82 
22 1 
68 92 22 
9 93 46 
74 83 
15 6 74 
82 77 14 52 
1 67 
39 4 
67 28 26 
46 17 
83 64 88 
52 79 
80 35 31 51 
50 47 86 
17 19 
4 50 
26 23 60 
79 78 
58 2 
88 3 33 
75 98 
60 34 
19 57 
49 12 
34 38 
62 24 59 
33 36 
56 7 
57 62 
42 48 
32 30 
2 13 
7 95 
86 73 
98 32 
12 
20 27 
51 63 
95 87 
47 29 54 
78 
66 
63 
37 65 
36 
48 5 
11 
44 
73 
93 
14 
38 
31 
87 
94 
59 
30 
69 
53 
99 
71 25 
28 
54 
13 
97 
41 
3 
65 85 
77 
24 
85 89 
89 
35 
64 
45 
5 
27 
23 
29 
92 
25 
6 
# clone tree 3 objective: 3.01064
0 40 
40 97 49 15 91 61 
81 53 11 70 
61 41 81 
70 20 18 
18 45 94 66 84 
84 69 44 90 
90 55 10 
10 71 96 
96 99 68 21 
91 76 
76 8 
8 56 58 16 
21 42 43 
16 75 72 
43 80 39 
55 9 
72 37 82 
22 1 
68 22 
9 93 46 
74 83 
15 74 
82 77 14 52 
1 67 
39 4 
67 28 26 
46 17 
83 64 88 
52 79 
80 35 31 51 
50 47 86 
17 19 
4 50 
26 23 60 
79 78 
58 92 2 
88 3 33 
75 98 
60 34 
19 57 
49 12 
34 38 
62 24 59 
33 36 
56 7 
57 62 
42 48 
32 30 
2 13 
7 95 
86 73 
98 32 
12 
20 27 
51 63 
95 87 
47 54 
78 
66 
63 25 
37 65 
36 
48 5 
11 
44 
73 
93 
14 
38 6 
31 
87 
94 
59 
30 
69 
53 
99 
71 
28 
54 29 
13 
97 
41 
3 
65 85 
77 
24 
85 89 
89 
35 
64 
45 
5 
27 
23 
29 
92 
25 
6 
# clone tree 4 objective: 3.01064
0 40 
40 97 49 15 91 61 
81 53 11 70 
61 41 81 
70 20 18 
18 45 94 66 84 
84 69 44 90 
90 55 10 
10 71 96 
96 99 68 21 
91 76 
76 8 
8 56 58 16 
21 42 43 
16 75 72 
43 80 39 
55 9 
72 37 82 
22 1 
68 22 
9 93 46 
74 83 
15 74 
82 77 14 52 
1 67 
39 4 
67 28 26 
46 17 
83 64 88 
52 79 
80 35 31 51 
50 47 86 
17 19 
4 50 
26 23 60 
79 78 
58 92 2 
88 3 33 
75 98 
60 34 
19 57 
49 12 
34 38 
62 24 59 
33 36 
56 7 
57 62 
42 48 
32 30 
2 13 
7 95 
86 73 
98 32 
12 
20 27 
51 63 
95 87 
47 54 
78 
66 
63 25 
37 65 
36 
48 5 
11 
44 
73 
93 
14 6 
38 
31 
87 
94 
59 
30 
69 
53 
99 
71 
28 
54 29 
13 
97 
41 
3 
65 85 
77 
24 
85 89 
89 
35 
64 
45 
5 
27 
23 
29 
92 
25 
6 
# clone tree 5 objective: 3.01064
0 40 
40 97 49 15 91 61 
81 53 11 70 
61 41 81 
70 20 18 
18 45 94 66 84 
84 69 44 90 
90 55 10 
10 71 96 
96 99 68 21 
91 76 
76 8 
8 56 58 16 
21 42 43 
16 75 72 
43 80 39 
55 27 9 
72 37 82 
22 1 
68 22 
9 93 46 
74 29 83 
15 74 
82 77 14 52 
1 67 
39 4 
67 28 26 
46 17 
83 64 88 
52 79 
80 35 31 51 
50 47 86 
17 19 
4 50 
26 60 
79 78 
58 2 
88 3 33 
75 98 
60 34 
19 57 
49 12 
34 38 
62 24 59 
33 36 
56 7 
57 62 
42 48 
32 30 
2 13 
7 95 
86 73 
98 32 
12 
20 
51 63 
95 25 87 
47 54 
78 
66 
63 
37 65 
36 
48 5 
11 
44 92 
73 
93 
14 
38 
31 
87 
94 
59 
30 
69 
53 
99 
71 
28 
54 
13 
97 
41 
3 23 
65 85 
77 
24 
85 89 
89 
35 6 
64 
45 
5 
27 
23 
29 
92 
25 
6 
# clone tree 6 objective: 3.01064
0 40 
40 97 49 15 91 61 
81 53 11 70 
61 41 81 
70 20 18 
18 45 94 66 84 
84 69 44 90 
90 55 10 
10 71 96 
96 99 68 21 
91 76 
76 8 
8 56 58 16 
21 42 43 
16 75 72 
43 80 39 
55 9 
72 37 82 
22 1 
68 22 
9 93 46 
74 83 
15 74 
82 77 14 52 
1 67 
39 4 
67 28 26 
46 17 
83 64 88 
52 79 
80 35 31 51 
50 47 86 
17 19 
4 50 
26 23 60 
79 78 
58 92 2 
88 3 33 
75 98 
60 34 
19 57 
49 12 
34 38 
62 24 59 
33 36 
56 7 
57 62 
42 48 
32 30 
2 13 
7 95 
86 73 
98 32 
12 
20 27 
51 63 
95 87 
47 54 
78 
66 6 
63 25 
37 65 
36 
48 5 
11 
44 
73 
93 
14 
38 
31 
87 
94 
59 
30 
69 
53 
99 
71 
28 
54 29 
13 
97 
41 
3 
65 85 
77 
24 
85 89 
89 
35 
64 
45 
5 
27 
23 
29 
92 
25 
6 
# clone tree 7 objective: 3.01064
0 23 40 
40 97 49 15 91 61 
81 53 11 70 
61 6 41 81 
70 20 18 
18 45 94 66 84 
84 69 44 90 
90 55 10 
10 71 96 
96 99 68 21 
91 76 
76 8 
8 56 58 16 
21 42 43 
16 75 72 
43 80 39 
55 27 9 
72 37 82 
22 1 
68 22 
9 93 46 
74 83 
15 74 
82 77 14 52 
1 67 
39 4 
67 28 26 
46 17 
83 64 88 
52 79 
80 35 31 51 
50 47 86 
17 19 
4 50 
26 60 
79 78 
58 25 2 
88 3 33 
75 98 
60 34 
19 57 
49 29 12 
34 38 
62 24 59 
33 36 
56 7 
57 62 
42 48 
32 30 
2 13 
7 95 
86 73 
98 32 
12 
20 
51 63 
95 87 
47 54 
78 
66 
63 
37 65 
36 
48 5 
11 
44 
73 
93 
14 
38 
31 
87 
94 
59 
30 
69 
53 
99 
71 
28 
54 
13 
97 
41 
3 
65 85 
77 
24 
85 89 
89 
35 
64 92 
45 
5 
27 
23 
29 
92 
25 
6 
# clone tree 8 objective: 3.01064
0 40 
40 97 49 15 91 61 
81 53 11 70 
61 41 81 
70 20 18 
18 45 94 66 84 
84 69 44 90 
90 55 10 
10 71 96 
96 99 68 21 
91 76 
76 8 
8 56 58 16 
21 42 43 
16 75 72 
43 80 39 
55 27 9 
72 37 82 
22 1 
68 22 
9 93 46 
74 83 
15 6 74 
82 77 14 52 
1 67 
39 4 
67 28 26 
46 17 
83 64 88 
52 79 
80 35 31 51 
50 47 86 
17 19 
4 50 
26 60 
79 78 
58 92 2 
88 3 33 
75 98 
60 34 
19 57 
49 12 
34 38 
62 24 59 
33 36 
56 7 
57 62 
42 48 
32 30 
2 13 
7 95 
86 73 
98 32 
12 
20 
51 29 63 
95 25 87 
47 54 
78 
66 
63 
37 65 
36 
48 5 
11 
44 
73 
93 
14 
38 
31 
87 
94 
59 
30 
69 
53 
99 
71 
28 
54 
13 
97 
41 
3 23 
65 85 
77 
24 
85 89 
89 
35 
64 
45 
5 
27 
23 
29 
92 
25 
6 
# clone tree 9 objective: 3.01064
0 40 
40 97 49 15 91 61 
81 53 11 70 
61 41 81 
70 20 18 
18 45 94 66 84 
84 69 44 90 
90 55 10 
10 71 96 
96 99 68 21 
91 76 
76 8 
8 56 58 16 
21 42 43 
16 75 72 
43 80 39 
55 9 
72 37 82 
22 1 
68 92 22 
9 93 46 
74 83 
15 74 
82 77 14 52 
1 67 
39 4 
67 28 26 
46 17 
83 64 88 
52 79 
80 35 31 51 
50 47 86 
17 19 
4 50 
26 23 60 
79 78 
58 2 
88 3 33 
75 98 
60 34 
19 57 
49 12 
34 38 
62 24 59 
33 36 
56 7 
57 62 
42 48 
32 30 
2 13 
7 95 
86 73 
98 32 
12 
20 27 
51 63 
95 87 
47 54 
78 
66 
63 
37 65 
36 
48 5 
11 29 
44 
73 
93 
14 
38 
31 
87 
94 
59 
30 
69 
53 
99 
71 
28 
54 
13 
97 25 
41 
3 
65 85 
77 
24 
85 89 
89 
35 
64 
45 
5 
27 
23 
29 6 
92 
25 
6 
# clone tree 10 objective: 3.01064
0 40 
40 97 49 15 91 61 
81 53 11 70 
61 41 81 
70 20 18 
18 45 94 66 84 
84 69 44 90 
90 55 10 
10 71 96 
96 99 68 21 
91 76 
76 8 
8 56 58 16 
21 42 43 
16 75 72 
43 80 39 
55 27 9 
72 37 82 
22 1 
68 22 
9 93 46 
74 83 
15 74 
82 77 14 52 
1 6 67 
39 4 
67 28 26 
46 17 
83 64 88 
52 79 
80 35 31 51 
50 47 86 
17 19 
4 50 
26 60 
79 78 
58 92 2 
88 3 33 
75 98 
60 34 
19 57 
49 12 
34 38 
62 24 59 
33 36 
56 7 
57 62 
42 48 
32 30 
2 13 
7 95 
86 73 
98 32 
12 
20 
51 29 63 
95 25 87 
47 54 
78 
66 
63 
37 65 
36 
48 5 
11 
44 
73 
93 
14 
38 
31 
87 
94 
59 
30 
69 
53 
99 
71 
28 
54 
13 
97 
41 
3 23 
65 85 
77 
24 
85 89 
89 
35 
64 
45 
5 
27 
23 
29 
92 
25 
6 
# clone tree 11 objective: 3.01064
0 40 
40 97 49 15 91 61 
81 53 11 70 
61 41 81 
70 20 18 
18 45 94 66 84 
84 69 44 90 
90 55 10 
10 71 96 
96 99 68 21 
91 76 
76 8 
8 56 58 16 
21 42 43 
16 75 72 
43 80 39 
55 27 9 
72 37 82 
22 1 
68 22 
9 93 46 
74 29 83 
15 74 
82 77 14 52 
1 67 
39 4 
67 28 26 
46 17 
83 64 88 
52 79 
80 35 31 51 
50 47 86 
17 19 
4 50 
26 60 
79 78 
58 2 
88 3 33 
75 98 
60 34 
19 57 
49 12 
34 38 
62 24 59 
33 36 
56 7 
57 62 
42 48 
32 30 
2 13 
7 6 95 
86 73 
98 32 
12 
20 
51 63 
95 25 87 
47 54 
78 
66 
63 
37 65 
36 
48 5 
11 
44 92 
73 
93 
14 
38 
31 
87 
94 
59 
30 
69 
53 
99 
71 
28 
54 
13 
97 
41 
3 23 
65 85 
77 
24 
85 89 
89 
35 
64 
45 
5 
27 
23 
29 
92 
25 
6 
# clone tree 12 objective: 3.01064
0 40 
40 97 49 15 91 61 
81 53 11 70 
61 41 81 
70 20 18 
18 45 94 66 84 
84 69 44 90 
90 55 10 
10 71 96 
96 99 68 21 
91 76 
76 8 
8 56 58 16 
21 42 43 
16 75 72 
43 80 39 
55 27 9 
72 37 82 
22 1 
68 22 
9 93 46 
74 83 
15 74 
82 77 14 52 
1 67 
39 4 
67 28 26 
46 17 
83 64 88 
52 79 
80 35 31 51 
50 47 86 
17 19 
4 50 
26 60 
79 78 
58 92 2 
88 3 33 
75 98 
60 34 
19 57 
49 12 
34 38 
62 6 24 59 
33 36 
56 7 
57 62 
42 48 
32 30 
2 13 
7 95 
86 73 
98 32 
12 
20 
51 29 63 
95 25 87 
47 54 
78 
66 
63 
37 65 
36 
48 5 
11 
44 
73 
93 
14 
38 
31 
87 
94 
59 
30 
69 
53 
99 
71 
28 
54 
13 
97 
41 
3 23 
65 85 
77 
24 
85 89 
89 
35 
64 
45 
5 
27 
23 
29 
92 
25 
6 
# clone tree 13 objective: 3.01064
0 23 40 
40 97 49 15 91 61 
81 6 53 11 70 
61 41 81 
70 20 18 
18 45 94 66 84 
84 69 44 90 
90 55 10 
10 71 96 
96 99 68 21 
91 76 
76 8 
8 56 58 16 
21 42 43 
16 75 72 
43 80 39 
55 27 9 
72 37 82 
22 1 
68 22 
9 93 46 
74 83 
15 74 
82 77 14 52 
1 67 
39 4 
67 28 26 
46 17 
83 64 88 
52 79 
80 35 31 51 
50 47 86 
17 19 
4 50 
26 60 
79 78 
58 25 2 
88 3 33 
75 98 
60 34 
19 57 
49 29 12 
34 38 
62 24 59 
33 36 
56 7 
57 62 
42 48 
32 30 
2 13 
7 95 
86 73 
98 32 
12 
20 
51 63 
95 87 
47 54 
78 
66 
63 
37 65 
36 
48 5 
11 
44 
73 
93 
14 
38 
31 
87 
94 
59 
30 
69 
53 
99 
71 
28 
54 
13 
97 
41 
3 
65 85 
77 
24 
85 89 
89 
35 
64 92 
45 
5 
27 
23 
29 
92 
25 
6 
# clone tree 14 objective: 3.01064
0 40 
40 97 49 15 91 61 
81 53 11 70 
61 41 81 
70 20 18 
18 45 94 66 84 
84 69 44 90 
90 55 10 
10 71 96 
96 99 68 21 
91 76 
76 8 
8 6 56 58 16 
21 42 43 
16 75 72 
43 80 39 
55 27 9 
72 37 82 
22 1 
68 22 
9 93 46 
74 83 
15 74 
82 77 14 52 
1 67 
39 4 
67 28 26 
46 17 
83 64 88 
52 79 
80 35 31 51 
50 47 86 
17 19 
4 50 
26 60 
79 78 
58 92 2 
88 3 33 
75 98 
60 34 
19 57 
49 12 
34 38 
62 24 59 
33 36 
56 7 
57 62 
42 48 
32 30 
2 13 
7 95 
86 73 
98 32 
12 
20 
51 29 63 
95 25 87 
47 54 
78 
66 
63 
37 65 
36 
48 5 
11 
44 
73 
93 
14 
38 
31 
87 
94 
59 
30 
69 
53 
99 
71 
28 
54 
13 
97 
41 
3 23 
65 85 
77 
24 
85 89 
89 
35 
64 
45 
5 
27 
23 
29 
92 
25 
6 
# clone tree 15 objective: 3.01064
0 23 40 
40 97 49 15 91 61 
81 53 11 70 
61 41 81 
70 6 20 18 
18 45 94 66 84 
84 69 44 90 
90 55 10 
10 71 96 
96 99 68 21 
91 76 
76 8 
8 56 58 16 
21 42 43 
16 75 72 
43 80 39 
55 27 9 
72 37 82 
22 1 
68 22 
9 93 46 
74 83 
15 74 
82 77 14 52 
1 67 
39 4 
67 28 26 
46 17 
83 64 88 
52 79 
80 35 31 51 
50 47 86 
17 19 
4 50 
26 60 
79 78 
58 25 2 
88 3 33 
75 98 
60 34 
19 57 
49 29 12 
34 38 
62 24 59 
33 36 
56 7 
57 62 
42 48 
32 30 
2 13 
7 95 
86 73 
98 32 
12 
20 
51 63 
95 87 
47 54 
78 
66 
63 
37 65 
36 
48 5 
11 
44 
73 
93 
14 
38 
31 
87 
94 
59 
30 
69 
53 
99 
71 
28 
54 
13 
97 
41 
3 
65 85 
77 
24 
85 89 
89 
35 
64 92 
45 
5 
27 
23 
29 
92 
25 
6 
# clone tree 16 objective: 3.01064
0 23 40 
40 97 49 15 91 61 
81 53 11 70 
61 41 81 
70 20 18 
18 45 94 66 84 
84 69 44 90 
90 55 10 
10 71 96 
96 99 68 21 
91 76 
76 8 
8 56 58 16 
21 6 42 43 
16 75 72 
43 80 39 
55 27 9 
72 37 82 
22 1 
68 22 
9 93 46 
74 83 
15 25 74 
82 77 14 52 
1 67 
39 4 
67 28 26 
46 17 
83 64 88 
52 79 
80 35 31 51 
50 47 86 
17 19 
4 50 
26 60 
79 78 
58 2 
88 3 33 
75 98 
60 92 34 
19 57 
49 12 
34 38 
62 24 59 
33 36 
56 7 
57 62 
42 48 
32 30 
2 13 
7 95 
86 73 
98 32 
12 
20 
51 63 
95 87 
47 54 
78 
66 
63 
37 65 
36 
48 5 
11 29 
44 
73 
93 
14 
38 
31 
87 
94 
59 
30 
69 
53 
99 
71 
28 
54 
13 
97 
41 
3 
65 85 
77 
24 
85 89 
89 
35 
64 
45 
5 
27 
23 
29 
92 
25 
6 
# clone tree 17 objective: 3.01064
0 23 40 
40 97 49 15 91 61 
81 53 11 70 
61 41 81 
70 20 18 
18 45 94 66 84 
84 69 44 90 
90 55 10 
10 71 96 
96 99 68 21 
91 76 
76 8 
8 56 58 16 
21 6 42 43 
16 75 72 
43 80 39 
55 27 9 
72 37 82 
22 1 
68 22 
9 93 46 
74 83 
15 74 
82 77 14 52 
1 67 
39 4 
67 28 26 
46 17 
83 64 88 
52 79 
80 35 31 51 
50 47 86 
17 19 
4 50 
26 60 
79 78 
58 25 2 
88 3 33 
75 98 
60 34 
19 57 
49 29 12 
34 38 
62 24 59 
33 36 
56 7 
57 62 
42 48 
32 30 
2 13 
7 95 
86 73 
98 32 
12 
20 
51 63 
95 87 
47 54 
78 
66 
63 
37 65 
36 
48 5 
11 
44 
73 
93 
14 
38 
31 
87 
94 
59 
30 
69 
53 
99 
71 
28 
54 
13 
97 
41 
3 
65 85 
77 
24 
85 89 
89 
35 
64 92 
45 
5 
27 
23 
29 
92 
25 
6 
# clone tree 18 objective: 3.01064
0 40 
40 97 49 15 91 61 
81 53 11 70 
61 41 81 
70 20 18 
18 45 94 66 84 
84 69 44 90 
90 55 10 
10 71 96 
96 99 68 21 
91 76 
76 8 
8 56 58 16 
21 42 43 
16 75 72 
43 80 39 
55 9 
72 37 82 
22 1 
68 22 
9 6 5 93 46 
74 83 
15 27 74 
82 77 14 52 
1 67 
39 4 
67 28 26 
46 17 
83 64 88 
52 25 79 
80 35 31 51 
50 47 86 
17 19 
4 50 
26 60 
79 78 
58 2 
88 3 33 
75 98 
60 92 34 
19 57 
49 12 
34 38 
62 24 59 
33 36 
56 7 
57 62 
42 48 
32 30 
2 13 
7 95 
86 29 73 
98 32 
12 
20 
51 63 
95 87 
47 54 
78 
66 
63 
37 65 
36 
48 
11 
44 
73 
93 
14 
38 
31 
87 
94 
59 
30 
69 
53 
99 
71 
28 
54 
13 
97 
41 
3 23 
65 85 
77 
24 
85 89 
89 
35 
64 
45 
5 
27 
23 
29 
92 
25 
6 
# clone tree 19 objective: 3.01064
0 23 40 
40 97 49 15 91 61 
81 53 11 70 
61 41 81 
70 20 18 
18 45 94 66 84 
84 69 44 90 
90 55 10 
10 71 96 
96 99 68 21 
91 76 
76 8 
8 56 58 16 
21 42 43 
16 75 72 
43 80 39 
55 27 9 
72 37 82 
22 1 
68 22 
9 6 93 46 
74 83 
15 74 
82 77 14 52 
1 67 
39 4 
67 28 26 
46 17 
83 64 88 
52 79 
80 35 31 51 
50 47 86 
17 19 
4 50 
26 60 
79 78 
58 25 2 
88 3 33 
75 98 
60 34 
19 57 
49 29 12 
34 38 
62 24 59 
33 36 
56 7 
57 62 
42 48 
32 30 
2 13 
7 95 
86 73 
98 32 
12 
20 
51 63 
95 87 
47 54 
78 
66 
63 
37 65 
36 
48 5 
11 
44 
73 
93 
14 
38 
31 
87 
94 
59 
30 
69 
53 
99 
71 
28 
54 
13 
97 
41 
3 
65 85 
77 
24 
85 89 
89 
35 
64 92 
45 
5 
27 
23 
29 
92 
25 
6 
# clone tree 20 objective: 3.01064
0 23 40 
40 97 49 15 91 61 
81 53 11 70 
61 41 81 
70 20 18 
18 45 94 66 84 
84 69 44 90 
90 55 10 
10 71 96 
96 99 68 21 
91 76 
76 8 
8 56 58 16 
21 42 43 
16 75 72 
43 80 39 
55 27 9 
72 37 82 
22 1 
68 22 
9 93 46 
74 83 
15 25 74 
82 77 14 52 
1 67 
39 4 
67 28 26 
46 17 
83 64 88 
52 79 
80 35 31 51 
50 47 86 
17 19 
4 50 
26 60 
79 78 
58 2 
88 6 3 33 
75 98 
60 92 34 
19 57 
49 12 
34 38 
62 24 59 
33 36 
56 7 
57 62 
42 48 
32 30 
2 13 
7 95 
86 73 
98 32 
12 
20 
51 63 
95 87 
47 54 
78 
66 
63 
37 65 
36 
48 5 
11 29 
44 
73 
93 
14 
38 
31 
87 
94 
59 
30 
69 
53 
99 
71 
28 
54 
13 
97 
41 
3 
65 85 
77 
24 
85 89 
89 
35 
64 
45 
5 
27 
23 
29 
92 
25 
6 
# clone tree 21 objective: 3.01064
0 23 40 
40 97 49 15 91 61 
81 53 11 70 
61 41 81 
70 20 18 
18 45 94 66 84 
84 69 44 90 
90 55 10 
10 71 96 
96 99 68 21 
91 76 
76 8 
8 56 58 16 
21 42 43 
16 6 75 72 
43 80 39 
55 27 9 
72 37 82 
22 1 
68 22 
9 93 46 
74 83 
15 74 
82 77 14 52 
1 67 
39 4 
67 28 26 
46 17 
83 64 88 
52 79 
80 35 31 51 
50 47 86 
17 19 
4 50 
26 60 
79 78 
58 25 2 
88 3 33 
75 98 
60 34 
19 57 
49 29 12 
34 38 
62 24 59 
33 36 
56 7 
57 62 
42 48 
32 30 
2 13 
7 95 
86 73 
98 32 
12 
20 
51 63 
95 87 
47 54 
78 
66 
63 
37 65 
36 
48 5 
11 
44 
73 
93 
14 
38 
31 
87 
94 
59 
30 
69 
53 
99 
71 
28 
54 
13 
97 
41 
3 
65 85 
77 
24 
85 89 
89 
35 
64 92 
45 
5 
27 
23 
29 
92 
25 
6 
# clone tree 22 objective: 3.01064
0 40 
40 97 49 15 91 61 
81 53 11 70 
61 41 81 
70 20 18 
18 45 94 66 84 
84 69 44 90 
90 55 10 
10 71 96 
96 99 68 21 
91 76 
76 8 
8 56 58 16 
21 42 43 
16 6 75 72 
43 80 39 
55 9 
72 37 82 
22 1 
68 22 
9 5 93 46 
74 83 
15 27 74 
82 77 14 52 
1 67 
39 4 
67 28 26 
46 17 
83 64 88 
52 25 79 
80 35 31 51 
50 47 86 
17 19 
4 50 
26 60 
79 78 
58 2 
88 3 33 
75 98 
60 92 34 
19 57 
49 12 
34 38 
62 24 59 
33 36 
56 7 
57 62 
42 48 
32 30 
2 13 
7 95 
86 29 73 
98 32 
12 
20 
51 63 
95 87 
47 54 
78 
66 
63 
37 65 
36 
48 
11 
44 
73 
93 
14 
38 
31 
87 
94 
59 
30 
69 
53 
99 
71 
28 
54 
13 
97 
41 
3 23 
65 85 
77 
24 
85 89 
89 
35 
64 
45 
5 
27 
23 
29 
92 
25 
6 
# clone tree 23 objective: 3.01064
0 6 40 
40 97 49 15 91 61 
81 53 11 70 
61 41 81 
70 20 18 
18 45 94 66 84 
84 69 44 90 
90 55 10 
10 71 96 
96 99 68 21 
91 76 
76 8 
8 56 58 16 
21 42 43 
16 75 72 
43 80 39 
55 27 9 
72 37 82 
22 1 
68 22 
9 93 46 
74 29 83 
15 74 
82 77 14 52 
1 67 
39 4 
67 28 26 
46 17 
83 64 88 
52 79 
80 35 31 51 
50 47 86 
17 19 
4 50 
26 60 
79 78 
58 2 
88 3 33 
75 98 
60 34 
19 57 
49 12 
34 38 
62 24 59 
33 36 
56 7 
57 62 
42 48 
32 30 
2 13 
7 95 
86 73 
98 32 
12 
20 
51 63 
95 25 87 
47 54 
78 
66 
63 
37 65 
36 
48 5 
11 
44 92 
73 
93 
14 
38 
31 
87 
94 
59 
30 
69 
53 
99 
71 
28 
54 
13 
97 
41 
3 23 
65 85 
77 
24 
85 89 
89 
35 
64 
45 
5 
27 
23 
29 
92 
25 
6 
# clone tree 24 objective: 3.01064
0 40 
40 97 49 15 91 61 
81 53 11 70 
61 41 81 
70 20 18 
18 45 94 66 84 
84 69 44 90 
90 55 10 
10 71 96 
96 99 68 21 
91 76 
76 8 
8 56 58 16 
21 42 43 
16 75 72 
43 80 39 
55 6 27 9 
72 37 82 
22 1 
68 22 
9 93 46 
74 83 
15 74 
82 77 14 52 
1 67 
39 4 
67 28 26 
46 17 
83 64 88 
52 79 
80 35 31 51 
50 47 86 
17 19 
4 50 
26 60 
79 78 
58 92 2 
88 3 33 
75 98 
60 34 
19 57 
49 12 
34 38 
62 24 59 
33 36 
56 7 
57 62 
42 48 
32 30 
2 13 
7 95 
86 73 
98 32 
12 
20 
51 29 63 
95 25 87 
47 54 
78 
66 
63 
37 65 
36 
48 5 
11 
44 
73 
93 
14 
38 
31 
87 
94 
59 
30 
69 
53 
99 
71 
28 
54 
13 
97 
41 
3 23 
65 85 
77 
24 
85 89 
89 
35 
64 
45 
5 
27 
23 
29 
92 
25 
6 
# clone tree 25 objective: 3.01064
0 40 
40 97 49 15 91 61 
81 53 11 70 
61 41 81 
70 20 18 
18 45 94 66 84 
84 69 44 90 
90 55 10 
10 71 96 
96 99 68 21 
91 76 
76 8 
8 56 58 16 
21 42 43 
16 75 72 
43 80 39 
55 25 9 
72 6 37 82 
22 1 
68 22 
9 93 46 
74 83 
15 74 
82 77 14 52 
1 67 
39 4 
67 28 26 
46 17 
83 64 88 
52 79 
80 35 31 51 
50 47 86 
17 19 
4 50 
26 23 60 
79 78 
58 2 
88 3 33 
75 98 
60 34 
19 57 
49 12 
34 38 
62 24 59 
33 36 
56 7 
57 62 
42 48 
32 30 
2 13 
7 95 
86 73 
98 32 
12 
20 27 
51 63 
95 87 
47 54 
78 
66 
63 
37 65 
36 
48 5 
11 
44 
73 
93 
14 
38 
31 
87 
94 
59 
30 
69 
53 
99 
71 
28 29 
54 
13 
97 
41 
3 
65 85 
77 
24 92 
85 89 
89 
35 
64 
45 
5 
27 
23 
29 
92 
25 
6 
# clone tree 26 objective: 3.01064
0 40 
40 97 49 15 91 61 
81 53 11 70 
61 41 81 
70 20 18 
18 45 94 66 84 
84 69 44 90 
90 55 10 
10 71 96 
96 99 68 21 
91 76 
76 8 
8 56 58 16 
21 42 43 
16 75 72 
43 80 39 
55 27 9 
72 37 82 
22 1 
68 22 
9 93 46 
74 83 
15 74 
82 77 14 52 
1 67 
39 4 
67 28 26 
46 17 
83 64 88 
52 79 
80 35 31 51 
50 47 86 
17 19 
4 50 
26 60 
79 78 
58 92 2 
88 3 33 
75 98 
60 34 
19 57 
49 12 
34 38 
62 24 59 
33 36 
56 7 
57 62 
42 48 
32 30 
2 13 
7 95 
86 73 
98 32 
12 
20 
51 29 63 
95 25 87 
47 54 
78 
66 
63 
37 65 
36 
48 5 
11 
44 
73 
93 
14 
38 
31 
87 
94 
59 
30 
69 
53 
99 
71 
28 
54 
13 
97 
41 
3 23 
65 85 
77 
24 
85 89 
89 6 
35 
64 
45 
5 
27 
23 
29 
92 
25 
6 
# clone tree 27 objective: 3.01064
0 40 
40 97 49 15 91 61 
81 53 11 70 
61 41 81 
70 20 18 
18 45 94 66 84 
84 69 44 90 
90 55 10 
10 71 96 
96 99 68 21 
91 5 76 
76 8 
8 56 58 16 
21 42 43 
16 75 72 
43 80 39 
55 9 
72 37 82 
22 1 
68 22 
9 93 46 
74 83 
15 74 
82 77 14 52 
1 67 
39 4 
67 28 26 
46 17 
83 64 88 
52 79 
80 35 31 51 
50 47 86 
17 19 
4 50 
26 60 
79 78 
58 2 
88 3 33 
75 98 
60 34 
19 57 
49 29 12 
34 38 
62 23 24 59 
33 36 
56 7 
57 62 
42 48 
32 30 
2 13 
7 95 
86 73 
98 32 
12 
20 25 
51 63 
95 87 
47 54 
78 
66 
63 
37 65 
36 
48 
11 
44 
73 
93 
14 27 
38 
31 
87 
94 
59 
30 
69 
53 
99 
71 
28 
54 
13 
97 
41 
3 
65 85 
77 
24 
85 89 
89 
35 
64 92 
45 6 
5 
27 
23 
29 
92 
25 
6 
# clone tree 28 objective: 3.01064
0 40 
40 97 49 15 91 61 
81 53 11 70 
61 41 81 
70 20 18 
18 45 94 66 84 
84 69 44 90 
90 55 10 
10 71 96 
96 99 68 21 
91 76 
76 8 
8 56 58 16 
21 42 43 
16 75 72 
43 80 39 
55 9 
72 37 82 
22 1 
68 22 
9 93 46 
74 83 
15 74 
82 77 14 52 
1 67 
39 4 
67 28 26 
46 17 
83 64 88 
52 79 
80 35 31 51 
50 47 86 
17 19 
4 50 
26 23 60 
79 78 
58 92 2 
88 3 33 
75 98 
60 34 
19 57 
49 12 
34 38 
62 24 59 
33 36 
56 7 
57 62 
42 48 
32 30 
2 13 
7 95 
86 73 
98 32 
12 
20 27 
51 63 
95 87 
47 54 
78 
66 
63 25 
37 65 
36 
48 5 
11 
44 6 
73 
93 
14 
38 
31 
87 
94 
59 
30 
69 
53 
99 
71 
28 
54 29 
13 
97 
41 
3 
65 85 
77 
24 
85 89 
89 
35 
64 
45 
5 
27 
23 
29 
92 
25 
6 
# clone tree 29 objective: 3.01064
0 40 
40 97 49 15 91 61 
81 53 11 70 
61 41 81 
70 20 18 
18 45 94 66 84 
84 69 44 90 
90 55 10 
10 71 96 
96 99 68 21 
91 76 
76 8 
8 56 58 16 
21 42 43 
16 75 72 
43 80 39 
55 9 
72 37 82 
22 1 
68 22 
9 5 93 46 
74 83 
15 27 74 
82 77 14 52 
1 67 
39 4 
67 28 26 
46 6 17 
83 64 88 
52 79 
80 35 31 51 
50 47 86 
17 29 19 
4 50 
26 60 
79 78 
58 2 
88 3 33 
75 98 
60 34 
19 57 
49 12 
34 38 
62 24 59 
33 36 
56 7 
57 62 
42 48 
32 30 
2 13 
7 95 
86 73 
98 32 
12 
20 
51 63 
95 87 
47 54 
78 
66 
63 25 
37 65 
36 
48 
11 
44 
73 
93 
14 
38 
31 
87 92 
94 
59 
30 
69 
53 
99 
71 
28 
54 
13 
97 
41 
3 23 
65 85 
77 
24 
85 89 
89 
35 
64 
45 
5 
27 
23 
29 
92 
25 
6 
# clone tree 30 objective: 3.01064
0 40 
40 25 97 49 15 91 61 
81 53 11 70 
61 41 81 
70 20 18 
18 45 94 66 84 
84 69 44 90 
90 55 10 
10 71 96 
96 99 68 21 
91 76 
76 8 
8 56 58 16 
21 42 43 
16 75 72 
43 80 39 
55 9 
72 37 82 
22 1 
68 22 
9 5 93 46 
74 83 
15 27 74 
82 77 14 52 
1 29 67 
39 4 
67 28 26 
46 17 
83 64 88 
52 79 
80 35 31 51 
50 47 86 
17 19 
4 50 
26 60 
79 78 
58 2 
88 3 33 
75 98 
60 34 
19 57 
49 12 
34 38 
62 24 59 
33 36 
56 7 
57 62 
42 48 
32 30 
2 13 
7 95 
86 73 
98 32 
12 
20 
51 63 
95 87 
47 54 
78 
66 
63 
37 65 
36 
48 
11 
44 
73 
93 
14 
38 
31 
87 
94 
59 
30 
69 
53 
99 
71 
28 
54 
13 
97 
41 
3 23 
65 85 
77 
24 
85 89 
89 
35 
64 92 
45 
5 
27 6 
23 
29 
92 
25 
6 
# clone tree 31 objective: 3.01064
0 23 40 
40 97 49 15 91 61 
81 53 11 70 
61 41 81 
70 6 20 18 
18 45 94 66 84 
84 69 44 90 
90 55 10 
10 71 96 
96 99 68 21 
91 76 
76 8 
8 56 58 16 
21 42 43 
16 75 72 
43 80 39 
55 27 9 
72 37 82 
22 1 
68 22 
9 93 46 
74 83 
15 74 
82 77 14 52 
1 67 
39 4 
67 28 26 
46 17 
83 64 88 
52 79 
80 35 31 51 
50 47 86 
17 19 
4 50 
26 60 
79 78 
58 92 2 
88 3 33 
75 98 
60 34 
19 57 
49 12 
34 38 
62 24 59 
33 36 
56 7 
57 62 
42 48 
32 30 
2 13 
7 95 
86 73 
98 32 
12 
20 
51 63 
95 87 
47 54 
78 
66 
63 
37 65 
36 
48 5 
11 
44 
73 
93 
14 
38 
31 
87 
94 
59 
30 29 
69 
53 
99 
71 
28 25 
54 
13 
97 
41 
3 
65 85 
77 
24 
85 89 
89 
35 
64 
45 
5 
27 
23 
29 
92 
25 
6 
# clone tree 32 objective: 3.01064
0 40 
40 97 49 15 91 61 
81 53 11 70 
61 41 81 
70 20 18 
18 45 94 66 84 
84 69 44 90 
90 55 10 
10 71 96 
96 99 68 21 
91 76 
76 8 
8 56 58 16 
21 42 43 
16 75 72 
43 80 39 
55 9 
72 37 82 
22 1 
68 92 22 
9 93 46 
74 83 
15 74 
82 77 14 52 
1 67 
39 4 
67 28 26 
46 17 
83 64 88 
52 79 
80 35 31 51 
50 47 86 
17 19 
4 50 
26 23 60 
79 78 
58 2 
88 3 33 
75 98 
60 34 
19 57 
49 12 
34 38 
62 24 59 
33 36 
56 7 
57 62 
42 48 
32 30 
2 13 
7 95 
86 73 
98 32 
12 
20 27 
51 63 
95 87 
47 54 
78 
66 
63 
37 65 
36 
48 5 
11 
44 
73 
93 
14 
38 
31 
87 
94 
59 
30 
69 29 
53 
99 
71 25 
28 
54 
13 
97 
41 
3 
65 85 
77 
24 
85 89 
89 
35 
64 
45 
5 
27 
23 6 
29 
92 
25 
6 
# clone tree 33 objective: 3.01064
0 40 
40 97 49 15 91 61 
81 53 11 70 
61 41 81 
70 20 18 
18 45 94 66 84 
84 69 44 90 
90 55 10 
10 71 96 
96 99 68 21 
91 76 
76 8 
8 56 58 16 
21 42 43 
16 75 72 
43 80 39 
55 9 
72 37 82 
22 1 
68 22 
9 5 93 46 
74 83 
15 27 74 
82 77 14 52 
1 67 
39 4 
67 28 26 
46 17 
83 64 88 
52 79 
80 35 31 51 
50 47 86 
17 19 
4 50 
26 60 
79 78 
58 92 2 
88 3 33 
75 98 
60 34 
19 57 
49 12 
34 38 
62 24 59 
33 36 
56 7 
57 62 
42 48 
32 29 30 
2 13 
7 95 
86 73 
98 32 
12 
20 
51 63 
95 25 87 
47 54 
78 
66 
63 
37 65 
36 
48 
11 
44 
73 
93 
14 
38 
31 
87 
94 
59 
30 
69 
53 
99 
71 
28 
54 
13 
97 
41 
3 23 
65 85 
77 
24 
85 89 
89 
35 
64 
45 
5 
27 6 
23 
29 
92 
25 
6 
# clone tree 34 objective: 3.01064
0 40 
40 97 49 15 91 61 
81 53 11 70 
61 41 81 
70 20 18 
18 45 94 66 84 
84 69 44 90 
90 55 10 
10 71 96 
96 99 68 21 
91 76 
76 8 
8 56 58 16 
21 42 43 
16 75 72 
43 80 39 
55 25 9 
72 37 82 
22 1 
68 92 22 
9 93 46 
74 83 
15 6 74 
82 77 14 52 
1 67 
39 4 
67 28 26 
46 17 
83 64 88 
52 79 
80 35 31 51 
50 47 86 
17 19 
4 50 
26 23 60 
79 78 
58 2 
88 3 33 
75 98 
60 34 
19 57 
49 12 
34 38 
62 24 59 
33 36 
56 7 
57 62 
42 48 
32 30 
2 13 
7 95 
86 73 
98 32 
12 
20 27 
51 63 
95 87 
47 54 
78 
66 
63 
37 65 
36 
48 5 
11 
44 
73 
93 
14 
38 
31 
87 
94 
59 
30 
69 29 
53 
99 
71 
28 
54 
13 
97 
41 
3 
65 85 
77 
24 
85 89 
89 
35 
64 
45 
5 
27 
23 
29 
92 
25 
6 
# clone tree 35 objective: 3.01064
0 40 
40 97 49 15 91 61 
81 53 11 70 
61 41 81 
70 20 18 
18 45 94 66 84 
84 29 69 44 90 
90 55 10 
10 71 96 
96 99 68 21 
91 76 
76 8 
8 56 58 16 
21 42 43 
16 75 72 
43 80 39 
55 9 
72 37 82 
22 1 
68 22 
9 5 93 46 
74 83 
15 27 74 
82 77 14 52 
1 67 
39 4 
67 28 26 
46 17 
83 64 88 
52 79 
80 35 31 51 
50 47 86 
17 19 
4 50 
26 60 
79 78 
58 2 
88 3 33 
75 98 
60 34 
19 6 57 
49 12 
34 38 
62 24 59 
33 36 
56 7 
57 62 
42 48 
32 30 
2 13 
7 95 
86 73 
98 32 
12 
20 
51 63 
95 87 
47 54 
78 
66 
63 
37 65 
36 
48 
11 
44 
73 
93 
14 
38 
31 
87 
94 
59 25 
30 
69 
53 
99 
71 
28 
54 
13 
97 
41 
3 23 
65 85 
77 
24 
85 89 
89 
35 
64 
45 92 
5 
27 
23 
29 
92 
25 
6 
# clone tree 36 objective: 3.01064
0 40 
40 97 49 15 91 61 
81 53 11 70 
61 41 81 
70 20 18 
18 45 94 66 84 
84 69 44 90 
90 55 10 
10 71 96 
96 99 68 21 
91 5 76 
76 8 
8 56 58 16 
21 42 43 
16 6 75 72 
43 80 39 
55 9 
72 37 82 
22 1 
68 22 
9 93 46 
74 83 
15 74 
82 77 14 52 
1 67 
39 4 
67 28 26 
46 17 
83 64 88 
52 79 
80 35 31 51 
50 47 86 
17 19 
4 50 
26 60 
79 78 
58 2 
88 3 33 
75 98 
60 34 
19 57 
49 12 
34 38 
62 23 24 59 
33 36 
56 7 
57 62 
42 48 
32 30 
2 13 
7 95 
86 73 
98 32 
12 
20 25 
51 63 
95 87 
47 54 
78 
66 
63 
37 92 65 
36 
48 
11 
44 
73 
93 
14 27 
38 
31 
87 
94 
59 
30 
69 
53 
99 
71 
28 
54 29 
13 
97 
41 
3 
65 85 
77 
24 
85 89 
89 
35 
64 
45 
5 
27 
23 
29 
92 
25 
6 
# clone tree 37 objective: 3.01064
0 40 
40 97 49 15 91 61 
81 53 11 70 
61 41 81 
70 20 18 
18 45 94 66 84 
84 69 44 90 
90 55 10 
10 71 96 
96 99 68 21 
91 76 
76 8 
8 56 58 16 
21 6 42 43 
16 75 72 
43 80 39 
55 9 
72 37 82 
22 1 
68 22 
9 5 93 46 
74 83 
15 27 74 
82 77 14 52 
1 67 
39 4 
67 28 26 
46 17 
83 64 88 
52 79 
80 35 31 51 
50 47 86 
17 19 
4 50 
26 60 
79 78 
58 2 
88 3 33 
75 98 
60 92 34 
19 57 
49 12 
34 38 
62 24 59 
33 36 
56 7 
57 62 
42 48 
32 30 
2 13 
7 95 
86 29 73 
98 32 
12 
20 
51 63 
95 87 
47 54 
78 
66 
63 25 
37 65 
36 
48 
11 
44 
73 
93 
14 
38 
31 
87 
94 
59 
30 
69 
53 
99 
71 
28 
54 
13 
97 
41 
3 23 
65 85 
77 
24 
85 89 
89 
35 
64 
45 
5 
27 
23 
29 
92 
25 
6 
# clone tree 38 objective: 3.01064
0 23 40 
40 97 49 15 91 61 
81 53 11 70 
61 41 81 
70 20 18 
18 45 94 66 84 
84 69 44 90 
90 55 10 
10 71 96 
96 99 68 21 
91 76 
76 8 
8 56 58 16 
21 42 43 
16 75 72 
43 80 39 
55 27 9 
72 37 82 
22 1 
68 22 
9 93 46 
74 83 
15 74 
82 77 14 52 
1 67 
39 4 
67 28 26 
46 17 
83 64 88 
52 79 
80 35 31 51 
50 47 86 
17 19 
4 50 
26 60 
79 78 
58 2 
88 3 33 
75 98 
60 34 
19 57 
49 12 
34 38 
62 24 59 
33 36 
56 7 
57 62 
42 48 
32 30 
2 13 
7 95 
86 73 
98 32 
12 
20 25 
51 63 
95 87 
47 54 
78 
66 
63 
37 65 
36 
48 5 
11 
44 
73 
93 
14 
38 
31 92 
87 
94 
59 
30 29 
69 
53 
99 6 
71 
28 
54 
13 
97 
41 
3 
65 85 
77 
24 
85 89 
89 
35 
64 
45 
5 
27 
23 
29 
92 
25 
6 
# clone tree 39 objective: 3.01064
0 40 
40 97 49 15 91 61 
81 53 11 70 
61 41 81 
70 20 18 
18 45 94 66 84 
84 69 44 90 
90 55 10 
10 71 96 
96 99 68 21 
91 76 
76 8 
8 56 58 16 
21 42 43 
16 75 72 
43 80 39 
55 9 
72 37 82 
22 1 
68 92 22 
9 93 46 
74 83 
15 74 
82 77 14 52 
1 67 
39 4 
67 28 26 
46 17 
83 64 88 
52 79 
80 35 31 51 
50 47 86 
17 19 
4 50 
26 23 60 
79 78 
58 2 
88 3 33 
75 98 
60 34 
19 6 57 
49 12 
34 38 
62 24 59 
33 36 
56 7 
57 62 
42 48 
32 30 
2 13 
7 95 
86 73 
98 32 
12 
20 27 
51 63 
95 87 
47 29 54 
78 
66 
63 
37 65 
36 
48 5 
11 
44 
73 
93 
14 
38 
31 
87 
94 
59 
30 
69 
53 
99 
71 25 
28 
54 
13 
97 
41 
3 
65 85 
77 
24 
85 89 
89 
35 
64 
45 
5 
27 
23 
29 
92 
25 
6 
# clone tree 40 objective: 3.01064
0 40 
40 97 49 15 91 61 
81 53 11 70 
61 41 81 
70 20 18 
18 45 94 66 84 
84 69 44 90 
90 55 10 
10 71 96 
96 99 68 21 
91 76 
76 8 
8 56 58 16 
21 42 43 
16 75 72 
43 80 39 
55 9 
72 37 82 
22 1 
68 22 
9 5 93 46 
74 83 
15 27 74 
82 77 14 52 
1 67 
39 4 
67 28 26 
46 17 
83 64 88 
52 25 79 
80 35 31 51 
50 47 86 
17 19 
4 50 
26 60 
79 78 
58 6 2 
88 3 33 
75 98 
60 92 34 
19 57 
49 12 
34 38 
62 24 59 
33 36 
56 7 
57 62 
42 48 
32 30 
2 13 
7 95 
86 29 73 
98 32 
12 
20 
51 63 
95 87 
47 54 
78 
66 
63 
37 65 
36 
48 
11 
44 
73 
93 
14 
38 
31 
87 
94 
59 
30 
69 
53 
99 
71 
28 
54 
13 
97 
41 
3 23 
65 85 
77 
24 
85 89 
89 
35 
64 
45 
5 
27 
23 
29 
92 
25 
6 
# clone tree 41 objective: 3.01064
0 40 
40 97 49 15 91 61 
81 53 11 70 
61 41 81 
70 20 18 
18 45 94 66 84 
84 69 44 90 
90 55 10 
10 71 96 
96 99 68 21 
91 5 76 
76 8 
8 56 58 16 
21 42 43 
16 75 72 
43 80 39 
55 9 
72 37 82 
22 1 
68 22 
9 93 46 
74 83 
15 74 
82 77 14 52 
1 67 
39 4 
67 28 26 
46 17 
83 64 88 
52 79 
80 35 31 51 
50 47 86 
17 19 
4 50 
26 60 
79 78 
58 2 
88 3 33 
75 98 
60 34 
19 57 
49 29 12 
34 38 
62 23 24 59 
33 36 
56 7 
57 62 
42 48 
32 30 
2 13 
7 95 
86 73 
98 32 
12 6 
20 25 
51 63 
95 87 
47 54 
78 
66 
63 
37 65 
36 
48 
11 
44 
73 
93 
14 27 
38 
31 
87 
94 
59 
30 
69 
53 
99 
71 
28 
54 
13 
97 
41 
3 
65 85 
77 
24 
85 89 
89 
35 
64 92 
45 
5 
27 
23 
29 
92 
25 
6 
# clone tree 42 objective: 3.01064
0 40 
40 97 49 15 91 61 
81 53 11 70 
61 41 81 
70 20 18 
18 45 94 66 84 
84 69 44 90 
90 55 10 
10 71 96 
96 99 68 21 
91 76 
76 8 
8 56 58 16 
21 42 43 
16 75 72 
43 80 39 
55 9 
72 37 82 
22 6 1 
68 22 
9 5 93 46 
74 83 
15 27 74 
82 77 14 52 
1 67 
39 4 
67 28 26 
46 17 
83 64 88 
52 79 
80 35 31 51 
50 47 86 
17 19 
4 50 
26 60 
79 78 
58 92 2 
88 3 33 
75 98 
60 34 
19 57 
49 12 
34 38 
62 24 59 
33 36 
56 7 
57 62 
42 48 
32 29 30 
2 13 
7 95 
86 73 
98 32 
12 
20 
51 63 
95 87 
47 54 
78 
66 
63 
37 65 
36 
48 
11 
44 
73 
93 
14 
38 
31 
87 
94 
59 
30 
69 
53 
99 
71 
28 
54 
13 
97 
41 
3 23 
65 85 
77 
24 
85 89 
89 
35 25 
64 
45 
5 
27 
23 
29 
92 
25 
6 
# clone tree 43 objective: 3.01064
0 40 
40 97 49 15 91 61 
81 53 11 70 
61 41 81 
70 20 18 
18 45 94 66 84 
84 69 44 90 
90 55 10 
10 71 96 
96 99 68 21 
91 76 
76 8 
8 56 58 16 
21 42 43 
16 75 72 
43 80 39 
55 9 
72 37 82 
22 1 
68 22 
9 93 46 
74 83 
15 74 
82 77 14 52 
1 67 
39 4 
67 28 26 
46 17 
83 64 88 
52 79 
80 35 31 51 
50 47 86 
17 19 
4 50 
26 23 60 
79 78 
58 2 
88 3 33 
75 98 
60 34 
19 57 
49 12 
34 38 
62 24 59 
33 36 
56 7 
57 62 
42 6 48 
32 30 
2 13 
7 95 
86 73 
98 32 
12 
20 27 
51 63 
95 87 
47 54 
78 
66 
63 
37 65 
36 
48 5 
11 
44 
73 
93 
14 25 
38 
31 
87 
94 
59 
30 29 
69 
53 
99 
71 
28 
54 
13 
97 
41 
3 
65 85 
77 
24 
85 89 
89 
35 
64 
45 92 
5 
27 
23 
29 
92 
25 
6 
# clone tree 44 objective: 3.01064
0 40 
40 97 49 15 91 61 
81 53 11 70 
61 41 81 
70 20 18 
18 45 94 66 84 
84 29 69 44 90 
90 55 10 
10 71 96 
96 99 68 21 
91 76 
76 8 
8 56 58 16 
21 42 43 
16 75 72 
43 80 39 
55 9 
72 37 82 
22 1 
68 22 
9 5 93 46 
74 83 
15 27 74 
82 77 14 52 
1 67 
39 4 
67 28 26 
46 17 
83 64 88 
52 79 
80 35 31 51 
50 47 86 
17 19 
4 50 
26 60 
79 78 
58 2 
88 3 33 
75 98 
60 34 
19 57 
49 12 
34 38 
62 24 59 
33 36 
56 7 
57 62 
42 48 
32 30 
2 13 
7 95 
86 73 
98 32 
12 
20 
51 63 
95 87 
47 54 
78 
66 
63 
37 65 
36 
48 
11 
44 
73 
93 
14 
38 
31 
87 
94 
59 
30 
69 
53 
99 
71 
28 
54 
13 
97 
41 
3 23 
65 85 
77 25 
24 
85 89 
89 
35 
64 
45 6 92 
5 
27 
23 
29 
92 
25 
6 
# clone tree 45 objective: 3.01064
0 40 
40 97 49 15 91 61 
81 53 11 70 
61 41 81 
70 20 18 
18 45 94 66 84 
84 69 44 90 
90 55 10 
10 71 96 
96 6 99 68 21 
91 5 76 
76 8 
8 56 58 16 
21 42 43 
16 75 72 
43 80 39 
55 9 
72 37 82 
22 1 
68 22 
9 93 46 
74 83 
15 74 
82 77 14 52 
1 67 
39 4 
67 28 26 
46 17 
83 64 88 
52 79 
80 35 31 51 
50 47 86 
17 19 
4 50 
26 60 
79 78 
58 2 
88 3 33 
75 98 
60 34 
19 57 
49 12 
34 38 
62 23 24 59 
33 36 
56 7 
57 62 
42 48 
32 30 
2 13 
7 95 
86 73 
98 32 
12 
20 
51 63 
95 87 
47 54 
78 
66 
63 
37 65 
36 
48 
11 
44 
73 
93 
14 27 
38 
31 
87 
94 
59 
30 
69 
53 
99 29 
71 
28 25 
54 
13 
97 
41 
3 
65 85 
77 
24 
85 89 
89 
35 
64 92 
45 
5 
27 
23 
29 
92 
25 
6 
# clone tree 46 objective: 3.01064
0 40 
40 97 49 15 91 61 
81 53 11 70 
61 41 81 
70 20 18 
18 45 94 66 84 
84 69 44 90 
90 55 10 
10 71 96 
96 99 68 21 
91 76 
76 8 
8 56 58 16 
21 42 43 
16 75 72 
43 80 39 
55 9 
72 37 82 
22 1 
68 22 
9 5 93 46 
74 83 
15 27 74 
82 77 14 52 
1 67 
39 4 
67 28 26 
46 17 
83 64 88 
52 79 
80 35 31 51 
50 47 86 
17 19 
4 50 
26 60 
79 78 
58 92 2 
88 3 33 
75 98 
60 34 
19 57 
49 12 
34 38 
62 24 59 
33 36 
56 7 
57 62 
42 48 
32 29 30 
2 13 
7 95 
86 73 
98 32 
12 
20 
51 63 
95 87 
47 54 
78 
66 
63 25 
37 65 
36 
48 
11 
44 
73 
93 
14 
38 
31 
87 
94 
59 
30 
69 
53 
99 
71 
28 
54 
13 
97 
41 
3 23 
65 85 
77 
24 
85 89 
89 6 
35 
64 
45 
5 
27 
23 
29 
92 
25 
6 
# clone tree 47 objective: 3.01064
0 40 
40 97 49 15 91 61 
81 53 11 70 
61 41 81 
70 20 18 
18 45 94 66 84 
84 69 44 90 
90 55 10 
10 71 96 
96 99 68 21 
91 76 
76 8 
8 56 58 16 
21 42 43 
16 75 72 
43 80 39 
55 27 9 
72 37 82 
22 1 
68 22 
9 93 46 
74 83 
15 74 
82 77 14 52 
1 67 
39 4 
67 28 26 
46 17 
83 64 88 
52 79 
80 35 31 51 
50 47 86 
17 19 
4 50 
26 6 60 
79 78 
58 2 
88 3 33 
75 98 
60 34 
19 57 
49 12 
34 29 38 
62 24 59 
33 36 
56 7 
57 62 
42 48 
32 30 
2 13 
7 95 
86 73 
98 32 
12 
20 25 
51 63 
95 87 
47 54 
78 
66 
63 
37 65 
36 
48 5 
11 
44 
73 
93 
14 
38 
31 
87 
94 
59 
30 
69 
53 
99 
71 
28 
54 
13 
97 
41 
3 23 
65 85 
77 
24 92 
85 89 
89 
35 
64 
45 
5 
27 
23 
29 
92 
25 
6 
# clone tree 48 objective: 3.01064
0 40 
40 97 49 15 91 61 
81 53 11 70 
61 41 81 
70 20 18 
18 45 94 66 84 
84 69 44 90 
90 55 10 
10 71 96 
96 99 68 21 
91 76 
76 8 
8 56 58 16 
21 42 43 
16 75 72 
43 80 39 
55 27 9 
72 37 82 
22 1 
68 22 
9 93 46 
74 29 83 
15 74 
82 77 14 52 
1 67 
39 6 4 
67 28 26 
46 17 
83 64 88 
52 79 
80 35 31 51 
50 47 86 
17 19 
4 50 
26 60 
79 78 
58 2 
88 3 33 
75 98 
60 34 
19 57 
49 12 
34 38 
62 24 59 
33 36 
56 7 
57 62 
42 48 
32 30 
2 13 
7 95 
86 73 
98 32 
12 
20 
51 63 
95 25 87 
47 54 
78 
66 
63 
37 65 
36 
48 5 
11 
44 92 
73 
93 
14 
38 
31 
87 
94 
59 
30 
69 
53 
99 
71 
28 
54 
13 
97 
41 
3 23 
65 85 
77 
24 
85 89 
89 
35 
64 
45 
5 
27 
23 
29 
92 
25 
6 
# clone tree 49 objective: 3.01064
0 23 40 
40 25 97 49 15 91 61 
81 53 11 70 
61 29 41 81 
70 20 18 
18 45 94 66 84 
84 69 44 90 
90 55 10 
10 71 96 
96 99 68 21 
91 76 
76 8 
8 56 58 16 
21 42 43 
16 6 75 72 
43 80 39 
55 27 9 
72 37 82 
22 1 
68 22 
9 93 46 
74 83 
15 74 
82 77 14 52 
1 67 
39 4 
67 28 26 
46 17 
83 64 88 
52 79 
80 35 31 51 
50 47 86 
17 19 
4 50 
26 60 
79 78 
58 2 
88 3 33 
75 98 
60 34 
19 57 
49 12 
34 38 
62 24 59 
33 36 
56 7 
57 62 
42 48 
32 30 
2 13 
7 95 
86 73 
98 32 
12 
20 
51 63 
95 87 
47 54 
78 
66 
63 
37 65 
36 
48 5 
11 
44 
73 
93 
14 
38 
31 
87 92 
94 
59 
30 
69 
53 
99 
71 
28 
54 
13 
97 
41 
3 
65 85 
77 
24 
85 89 
89 
35 
64 
45 
5 
27 
23 
29 
92 
25 
6 
# clone tree 50 objective: 3.01064
0 23 40 
40 25 97 49 15 91 61 
81 53 11 70 
61 41 81 
70 20 18 
18 6 45 94 66 84 
84 69 44 90 
90 55 10 
10 71 96 
96 99 68 21 
91 76 
76 8 
8 56 58 16 
21 42 43 
16 75 72 
43 80 39 
55 27 9 
72 37 82 
22 1 
68 22 
9 93 46 
74 83 
15 74 
82 77 14 52 
1 67 
39 4 
67 28 26 
46 17 
83 64 88 
52 79 
80 35 31 51 
50 47 86 
17 19 
4 50 
26 60 
79 78 
58 2 
88 3 33 
75 98 
60 34 
19 57 
49 12 
34 38 
62 24 59 
33 36 
56 7 
57 62 
42 48 
32 30 
2 13 
7 95 
86 73 
98 32 
12 
20 
51 63 
95 87 
47 54 
78 
66 92 
63 
37 65 
36 
48 5 
11 
44 
73 
93 
14 
38 
31 
87 
94 
59 
30 
69 
53 
99 29 
71 
28 
54 
13 
97 
41 
3 
65 85 
77 
24 
85 89 
89 
35 
64 
45 
5 
27 
23 
29 
92 
25 
6 
# clone tree 51 objective: 3.01064
0 23 40 
40 97 49 15 91 61 
81 53 11 70 
61 29 41 81 
70 20 18 
18 45 94 66 84 
84 69 44 90 
90 55 10 
10 71 96 
96 99 68 21 
91 76 
76 8 
8 56 58 16 
21 42 43 
16 75 72 
43 80 39 
55 27 9 
72 37 82 
22 1 
68 22 
9 93 46 
74 83 
15 74 
82 77 14 52 
1 67 
39 4 
67 28 26 
46 17 
83 64 88 
52 79 
80 35 31 51 
50 47 86 
17 19 
4 50 
26 60 
79 78 
58 2 
88 3 33 
75 98 
60 34 
19 57 
49 12 
34 38 
62 24 59 
33 36 
56 7 
57 62 
42 48 
32 30 
2 13 
7 95 
86 73 
98 32 
12 
20 6 
51 63 
95 87 
47 54 
78 
66 
63 
37 65 
36 
48 5 
11 
44 
73 
93 
14 
38 
31 
87 92 
94 
59 
30 
69 
53 
99 
71 
28 
54 
13 
97 
41 
3 
65 85 
77 25 
24 
85 89 
89 
35 
64 
45 
5 
27 
23 
29 
92 
25 
6 
# clone tree 52 objective: 3.01064
0 40 
40 97 49 15 91 61 
81 53 11 70 
61 41 81 
70 20 18 
18 45 94 66 84 
84 69 44 90 
90 55 10 
10 71 96 
96 99 68 21 
91 76 
76 8 
8 56 58 16 
21 42 43 
16 75 72 
43 80 39 
55 9 
72 37 82 
22 1 
68 92 22 
9 93 46 
74 83 
15 74 
82 77 14 52 
1 67 
39 4 
67 28 26 
46 17 
83 64 88 
52 79 
80 35 31 51 
50 47 86 
17 19 
4 50 
26 23 60 
79 78 
58 2 
88 3 33 
75 98 
60 34 
19 57 
49 12 
34 38 
62 24 59 
33 36 
56 7 
57 62 
42 48 
32 30 
2 13 
7 95 
86 73 
98 32 
12 
20 27 
51 63 
95 87 
47 54 
78 
66 
63 
37 6 65 
36 
48 5 
11 
44 
73 
93 
14 
38 
31 
87 
94 
59 25 
30 
69 29 
53 
99 
71 
28 
54 
13 
97 
41 
3 
65 85 
77 
24 
85 89 
89 
35 
64 
45 
5 
27 
23 
29 
92 
25 
6 
# clone tree 53 objective: 3.01064
0 40 
40 25 97 49 15 91 61 
81 53 11 70 
61 41 81 
70 20 18 
18 45 94 66 84 
84 69 44 90 
90 55 10 
10 71 96 
96 99 68 21 
91 76 
76 8 
8 56 58 16 
21 42 43 
16 75 72 
43 80 39 
55 9 
72 37 82 
22 1 
68 22 
9 5 93 46 
74 83 
15 27 74 
82 77 14 52 
1 29 67 
39 4 
67 28 26 
46 17 
83 64 88 
52 79 
80 35 31 51 
50 47 86 
17 19 
4 50 
26 60 
79 78 
58 2 
88 3 33 
75 98 
60 34 
19 57 
49 12 
34 38 
62 24 59 
33 36 
56 7 
57 62 
42 48 
32 30 
2 13 
7 95 
86 73 
98 6 32 
12 
20 
51 63 
95 87 
47 54 
78 
66 
63 
37 65 
36 
48 
11 
44 
73 
93 
14 
38 
31 
87 
94 
59 
30 
69 
53 
99 
71 
28 
54 
13 
97 
41 
3 23 
65 85 
77 
24 
85 89 
89 
35 
64 
45 92 
5 
27 
23 
29 
92 
25 
6 
# clone tree 54 objective: 3.01064
0 23 40 
40 97 49 15 91 61 
81 53 11 70 
61 41 81 
70 20 18 
18 45 94 66 84 
84 69 44 90 
90 55 10 
10 71 96 
96 99 68 21 
91 76 
76 8 
8 56 58 16 
21 42 43 
16 75 72 
43 80 39 
55 27 9 
72 37 82 
22 1 
68 22 
9 93 46 
74 83 
15 74 
82 77 14 52 
1 67 
39 4 
67 28 26 
46 17 
83 64 88 
52 79 
80 35 31 51 
50 47 86 
17 19 
4 50 
26 60 
79 6 78 
58 2 
88 3 33 
75 98 
60 34 
19 57 
49 12 
34 38 
62 24 59 
33 36 
56 7 
57 62 
42 48 
32 30 
2 13 
7 95 
86 73 
98 32 
12 
20 
51 63 
95 87 
47 54 
78 
66 
63 
37 65 
36 
48 5 
11 
44 
73 
93 
14 
38 
31 
87 
94 
59 
30 29 
69 
53 
99 
71 
28 
54 
13 
97 
41 
3 
65 85 
77 
24 
85 89 
89 
35 
64 
45 92 
5 
27 25 
23 
29 
92 
25 
6 
# clone tree 55 objective: 3.01064
0 40 
40 97 49 15 91 61 
81 53 11 70 
61 41 81 
70 20 18 
18 45 94 66 84 
84 69 44 90 
90 55 10 
10 71 96 
96 99 68 21 
91 5 76 
76 8 
8 56 58 16 
21 42 43 
16 75 72 
43 80 39 
55 9 
72 37 82 
22 1 
68 22 
9 93 46 
74 83 
15 74 
82 77 14 52 
1 67 
39 4 
67 28 26 
46 17 
83 64 88 
52 79 
80 35 31 51 
50 47 86 
17 19 
4 50 
26 60 
79 78 
58 2 
88 3 33 
75 98 
60 34 
19 57 
49 29 12 
34 38 
62 23 24 59 
33 36 
56 7 
57 62 
42 48 
32 30 
2 13 
7 95 
86 73 
98 32 
12 
20 
51 63 
95 25 87 
47 54 
78 
66 
63 
37 65 
36 
48 
11 
44 
73 
93 
14 27 
38 
31 
87 
94 
59 
30 
69 
53 
99 
71 
28 
54 
13 
97 
41 
3 
65 85 
77 
24 
85 89 
89 
35 
64 6 92 
45 
5 
27 
23 
29 
92 
25 
6 
# clone tree 56 objective: 3.01064
0 40 
40 97 49 15 91 61 
81 53 11 70 
61 41 81 
70 20 18 
18 45 94 66 84 
84 69 44 90 
90 55 10 
10 71 96 
96 99 68 21 
91 76 
76 8 
8 56 58 16 
21 42 43 
16 75 72 
43 80 39 
55 9 
72 37 82 
22 1 
68 22 
9 93 46 
74 83 
15 74 
82 77 14 52 
1 67 
39 4 
67 28 26 
46 17 
83 64 88 
52 79 
80 35 31 51 
50 47 86 
17 19 
4 50 
26 23 60 
79 78 
58 2 
88 3 33 
75 98 
60 34 
19 57 
49 12 
34 38 
62 24 59 
33 36 
56 7 
57 62 
42 48 
32 30 
2 13 
7 95 
86 73 
98 32 
12 
20 27 
51 63 
95 25 87 
47 54 
78 29 
66 
63 6 
37 65 
36 
48 5 
11 
44 
73 
93 
14 
38 
31 
87 
94 
59 
30 
69 
53 
99 
71 
28 
54 
13 
97 
41 
3 
65 85 
77 
24 92 
85 89 
89 
35 
64 
45 
5 
27 
23 
29 
92 
25 
6 
# clone tree 57 objective: 3.01064
0 23 40 
40 97 49 15 91 61 
81 53 11 70 
61 41 81 
70 20 18 
18 45 94 66 84 
84 69 44 90 
90 55 10 
10 71 96 
96 99 68 21 
91 76 
76 8 
8 56 58 16 
21 42 43 
16 29 75 72 
43 80 39 
55 27 9 
72 37 82 
22 1 
68 22 
9 93 46 
74 83 
15 74 
82 77 14 52 
1 67 
39 4 
67 28 26 
46 17 
83 64 88 
52 79 
80 35 31 51 
50 47 86 
17 19 
4 50 
26 60 
79 78 
58 2 
88 3 33 
75 98 
60 34 
19 57 
49 12 
34 38 
62 24 59 
33 36 
56 7 
57 62 
42 48 
32 30 
2 13 
7 95 
86 73 
98 32 
12 
20 
51 63 
95 87 
47 54 
78 
66 92 
63 
37 65 
36 
48 5 
11 
44 
73 
93 
14 
38 
31 
87 
94 
59 25 
30 
69 
53 
99 
71 
28 
54 
13 
97 
41 
3 
65 85 
77 
24 
85 6 89 
89 
35 
64 
45 
5 
27 
23 
29 
92 
25 
6 
# clone tree 58 objective: 3.01064
0 40 
40 97 49 15 91 61 
81 53 11 70 
61 41 81 
70 20 18 
18 45 94 66 84 
84 29 69 44 90 
90 55 10 
10 71 96 
96 99 68 21 
91 76 
76 8 
8 56 58 16 
21 42 43 
16 75 72 
43 80 39 
55 9 
72 37 82 
22 1 
68 22 
9 5 93 46 
74 83 
15 27 74 
82 77 14 52 
1 67 
39 4 
67 28 26 
46 17 
83 64 88 
52 79 
80 35 31 51 
50 47 86 
17 19 
4 50 
26 60 
79 78 
58 2 
88 3 33 
75 98 
60 34 
19 57 
49 12 
34 38 
62 24 59 
33 36 
56 7 
57 62 
42 48 
32 30 
2 13 
7 95 
86 73 
98 32 
12 
20 
51 63 
95 87 
47 54 
78 
66 
63 
37 65 
36 
48 
11 
44 
73 
93 
14 
38 
31 
87 
94 
59 
30 
69 
53 6 
99 
71 
28 
54 
13 
97 
41 
3 23 
65 85 
77 25 
24 
85 89 
89 
35 
64 
45 92 
5 
27 
23 
29 
92 
25 
6 
# clone tree 59 objective: 3.01064
0 40 
40 97 49 15 91 61 
81 53 11 70 
61 41 81 
70 6 20 18 
18 45 94 66 84 
84 69 44 90 
90 55 10 
10 71 96 
96 99 68 21 
91 76 
76 8 
8 56 58 16 
21 42 43 
16 75 72 
43 80 39 
55 27 9 
72 37 82 
22 1 
68 22 
9 93 46 
74 83 
15 74 
82 77 14 52 
1 67 
39 4 
67 28 26 
46 17 
83 64 88 
52 79 
80 35 31 51 
50 47 86 
17 19 
4 50 
26 60 
79 78 
58 92 2 
88 3 33 
75 98 
60 34 
19 57 
49 12 
34 38 
62 24 59 
33 36 
56 7 
57 62 
42 48 
32 30 
2 13 
7 95 
86 73 
98 32 
12 
20 
51 29 63 
95 25 87 
47 54 
78 
66 
63 
37 65 
36 
48 5 
11 
44 
73 
93 
14 
38 
31 
87 
94 
59 
30 
69 
53 
99 
71 
28 
54 
13 
97 
41 
3 23 
65 85 
77 
24 
85 89 
89 
35 
64 
45 
5 
27 
23 
29 
92 
25 
6 
# clone tree 60 objective: 3.01064
0 23 40 
40 97 49 15 91 61 
81 53 11 70 
61 41 81 
70 20 18 
18 45 94 66 84 
84 69 44 90 
90 55 10 
10 71 96 
96 99 68 21 
91 6 76 
76 8 
8 56 58 16 
21 42 43 
16 75 72 
43 80 39 
55 27 9 
72 37 82 
22 1 
68 22 
9 93 46 
74 83 
15 74 
82 77 14 52 
1 67 
39 4 
67 28 26 
46 17 
83 64 88 
52 79 
80 35 31 51 
50 47 86 
17 19 
4 50 
26 60 
79 78 
58 2 
88 3 33 
75 98 
60 34 
19 57 
49 12 
34 38 
62 24 59 
33 36 
56 7 
57 62 
42 48 
32 30 
2 13 
7 95 
86 73 
98 32 
12 
20 
51 63 
95 87 
47 54 
78 
66 
63 
37 65 
36 
48 5 
11 
44 
73 
93 
14 
38 
31 
87 
94 
59 
30 29 
69 
53 
99 
71 
28 
54 
13 
97 
41 
3 
65 85 
77 
24 
85 89 
89 
35 
64 
45 92 
5 
27 25 
23 
29 
92 
25 
6 
# clone tree 61 objective: 3.01064
0 40 
40 97 49 15 91 61 
81 53 11 70 
61 41 81 
70 20 18 
18 45 94 66 84 
84 69 44 90 
90 55 10 
10 71 96 
96 99 68 21 
91 76 
76 8 
8 56 58 16 
21 42 43 
16 75 72 
43 80 39 
55 27 9 
72 37 82 
22 1 
68 22 
9 93 46 
74 83 
15 74 
82 77 14 52 
1 67 
39 4 
67 28 26 
46 17 
83 64 88 
52 79 
80 35 31 51 
50 47 86 
17 19 
4 50 
26 60 
79 78 
58 92 2 
88 3 33 
75 98 
60 34 
19 57 
49 12 
34 38 
62 24 59 
33 36 
56 7 
57 62 
42 48 
32 30 
2 13 
7 95 
86 73 
98 32 
12 
20 
51 63 
95 87 
47 54 
78 
66 
63 
37 65 
36 
48 5 
11 
44 
73 
93 6 
14 
38 
31 
87 
94 
59 
30 
69 
53 
99 
71 25 29 
28 
54 
13 
97 
41 
3 23 
65 85 
77 
24 
85 89 
89 
35 
64 
45 
5 
27 
23 
29 
92 
25 
6 
# clone tree 62 objective: 3.01064
0 40 
40 25 97 49 15 91 61 
81 53 11 70 
61 41 81 
70 20 18 
18 45 94 66 84 
84 69 44 90 
90 55 10 
10 71 96 
96 99 68 21 
91 76 
76 8 
8 56 58 16 
21 42 43 
16 75 72 
43 80 39 
55 9 
72 37 82 
22 1 
68 22 
9 93 46 
74 83 
15 74 
82 77 14 52 
1 67 
39 4 
67 28 26 
46 17 
83 64 88 
52 79 
80 35 31 51 
50 47 86 
17 19 
4 50 
26 23 60 
79 78 
58 2 
88 3 33 
75 98 
60 34 
19 57 
49 12 
34 38 
62 24 59 
33 36 
56 7 
57 62 
42 48 
32 30 
2 13 
7 95 
86 73 
98 32 
12 
20 27 
51 29 63 
95 87 
47 54 
78 
66 
63 
37 65 
36 
48 5 
11 
44 
73 
93 
14 
38 
31 
87 
94 
59 
30 
69 
53 
99 
71 
28 
54 
13 
97 
41 
3 
65 85 
77 
24 6 92 
85 89 
89 
35 
64 
45 
5 
27 
23 
29 
92 
25 
6 
# clone tree 63 objective: 3.01064
0 40 
40 25 97 49 15 91 61 
81 53 11 70 
61 41 81 
70 20 18 
18 45 94 66 84 
84 69 44 90 
90 55 10 
10 71 96 
96 99 68 21 
91 76 
76 8 
8 56 58 16 
21 42 43 
16 75 72 
43 80 39 
55 9 
72 37 82 
22 1 
68 22 
9 5 93 46 
74 83 
15 27 74 
82 77 14 52 
1 67 
39 4 
67 28 26 
46 17 
83 64 88 
52 79 
80 35 31 51 
50 47 86 
17 19 
4 50 
26 60 
79 78 
58 92 2 
88 3 33 
75 98 
60 34 
19 57 
49 12 
34 38 
62 24 59 
33 36 
56 7 
57 62 
42 48 
32 30 
2 13 
7 95 
86 6 73 
98 32 
12 
20 
51 63 
95 87 
47 54 
78 
66 
63 
37 65 
36 
48 
11 
44 
73 
93 
14 
38 
31 
87 
94 
59 
30 
69 
53 
99 29 
71 
28 
54 
13 
97 
41 
3 23 
65 85 
77 
24 
85 89 
89 
35 
64 
45 
5 
27 
23 
29 
92 
25 
6 
# clone tree 64 objective: 3.01064
0 40 
40 97 49 15 91 61 
81 53 11 70 
61 29 41 81 
70 20 18 
18 45 94 66 84 
84 69 44 90 
90 55 10 
10 71 96 
96 99 68 21 
91 5 76 
76 8 
8 56 58 16 
21 42 43 
16 75 72 
43 80 39 
55 9 
72 37 82 
22 1 
68 22 
9 93 46 
74 83 
15 74 
82 77 14 52 
1 67 
39 4 
67 28 26 
46 17 
83 64 88 
52 79 
80 35 31 51 
50 47 86 
17 19 
4 50 
26 23 60 
79 78 
58 2 
88 3 33 
75 98 
60 34 
19 57 
49 12 
34 6 38 
62 24 59 
33 36 
56 7 
57 62 
42 48 
32 30 
2 13 
7 95 
86 73 
98 32 
12 
20 
51 63 
95 87 
47 54 
78 
66 
63 
37 65 
36 
48 
11 
44 
73 
93 
14 
38 
31 
87 92 
94 
59 25 
30 
69 
53 
99 
71 
28 
54 
13 
97 27 
41 
3 
65 85 
77 
24 
85 89 
89 
35 
64 
45 
5 
27 
23 
29 
92 
25 
6 
# clone tree 65 objective: 3.01064
0 40 
40 97 49 15 91 61 
81 53 11 70 
61 41 81 
70 20 18 
18 45 94 66 84 
84 69 44 90 
90 55 10 
10 71 96 
96 99 68 21 
91 76 
76 8 
8 56 58 16 
21 42 43 
16 75 72 
43 80 39 
55 27 9 
72 37 82 
22 1 
68 22 
9 93 46 
74 83 
15 74 
82 77 14 52 
1 67 
39 4 
67 28 26 
46 17 
83 64 88 
52 79 
80 35 31 51 
50 47 86 
17 19 
4 50 
26 60 
79 78 
58 92 2 
88 3 33 
75 98 
60 34 
19 57 
49 12 
34 6 38 
62 24 59 
33 36 
56 7 
57 62 
42 48 
32 30 
2 13 
7 95 
86 73 
98 32 
12 
20 
51 63 
95 87 
47 54 
78 
66 
63 
37 65 
36 
48 5 
11 
44 
73 
93 
14 
38 
31 
87 
94 
59 
30 
69 
53 
99 
71 25 29 
28 
54 
13 
97 
41 
3 23 
65 85 
77 
24 
85 89 
89 
35 
64 
45 
5 
27 
23 
29 
92 
25 
6 
# clone tree 66 objective: 3.01064
0 23 40 
40 97 49 15 91 61 
81 53 11 70 
61 41 81 
70 20 18 
18 45 94 66 84 
84 69 44 90 
90 55 10 
10 71 96 
96 99 68 21 
91 76 
76 8 
8 56 58 16 
21 42 43 
16 75 72 
43 80 39 
55 27 9 
72 37 82 
22 1 
68 22 
9 93 46 
74 83 
15 74 
82 77 14 52 
1 67 
39 4 
67 28 26 
46 17 
83 64 88 
52 79 
80 35 31 51 
50 47 86 
17 19 
4 50 
26 60 
79 78 
58 25 2 
88 3 33 
75 98 
60 34 
19 57 
49 29 12 
34 38 
62 24 59 
33 36 
56 7 
57 62 
42 48 
32 30 
2 13 
7 95 
86 73 
98 32 
12 
20 
51 63 
95 87 
47 54 
78 
66 
63 
37 65 
36 
48 5 
11 
44 
73 
93 
14 
38 
31 
87 
94 
59 6 
30 
69 
53 
99 
71 
28 
54 
13 
97 
41 
3 
65 85 
77 
24 
85 89 
89 
35 
64 92 
45 
5 
27 
23 
29 
92 
25 
6 
# clone tree 67 objective: 3.01064
0 40 
40 97 49 15 91 61 
81 53 11 70 
61 41 81 
70 20 18 
18 45 94 66 84 
84 69 44 90 
90 55 10 
10 71 96 
96 99 68 21 
91 76 
76 8 
8 56 58 16 
21 42 43 
16 75 72 
43 80 39 
55 9 
72 37 82 
22 1 
68 22 
9 93 46 
74 83 
15 74 
82 77 14 52 
1 67 
39 4 
67 28 26 
46 6 17 
83 64 88 
52 79 
80 35 31 51 
50 47 86 
17 19 
4 50 
26 23 60 
79 78 
58 2 
88 3 33 
75 98 
60 34 
19 57 
49 12 
34 38 
62 24 59 
33 36 
56 7 
57 62 
42 48 
32 30 
2 13 
7 95 
86 29 73 
98 32 
12 
20 27 
51 63 
95 87 
47 54 
78 92 
66 
63 
37 65 
36 
48 5 
11 
44 
73 
93 
14 
38 
31 
87 
94 
59 
30 
69 
53 
99 
71 
28 
54 
13 
97 25 
41 
3 
65 85 
77 
24 
85 89 
89 
35 
64 
45 
5 
27 
23 
29 
92 
25 
6 
# clone tree 68 objective: 3.01064
0 40 
40 97 49 15 91 61 
81 53 11 70 
61 41 81 
70 20 18 
18 45 94 66 84 
84 69 44 90 
90 55 10 
10 71 96 
96 99 68 21 
91 76 
76 8 
8 56 58 16 
21 42 43 
16 75 72 
43 80 39 
55 9 
72 37 82 
22 1 
68 92 22 
9 93 46 
74 83 
15 74 
82 77 14 52 
1 67 
39 4 
67 28 26 
46 17 
83 64 88 
52 79 
80 35 31 51 
50 47 86 
17 19 
4 50 
26 23 60 
79 78 
58 2 
88 3 33 
75 98 
60 34 
19 57 
49 12 
34 38 
62 24 59 
33 36 
56 7 
57 62 
42 48 
32 30 
2 13 
7 95 
86 73 
98 32 
12 
20 27 
51 63 
95 87 
47 54 
78 
66 
63 
37 65 
36 
48 5 
11 
44 
73 
93 
14 
38 
31 
87 
94 6 
59 
30 
69 29 
53 
99 
71 25 
28 
54 
13 
97 
41 
3 
65 85 
77 
24 
85 89 
89 
35 
64 
45 
5 
27 
23 
29 
92 
25 
6 
# clone tree 69 objective: 3.01064
0 40 
40 97 49 15 91 61 
81 53 11 70 
61 41 81 
70 20 18 
18 45 94 66 84 
84 69 44 90 
90 55 10 
10 71 96 
96 99 68 21 
91 76 
76 8 
8 56 58 16 
21 42 43 
16 75 72 
43 80 39 
55 9 
72 37 82 
22 1 
68 92 22 
9 93 46 
74 83 
15 74 
82 77 14 52 
1 67 
39 4 
67 28 26 
46 17 
83 64 88 
52 79 
80 35 31 51 
50 47 86 
17 19 
4 50 
26 23 60 
79 78 
58 25 2 
88 3 33 
75 98 
60 34 
19 57 
49 12 
34 38 
62 24 59 
33 36 
56 6 7 
57 62 
42 48 
32 30 
2 13 
7 95 
86 73 
98 32 
12 
20 27 
51 63 
95 87 
47 54 
78 
66 
63 
37 65 
36 
48 5 
11 
44 
73 
93 
14 
38 
31 
87 
94 
59 
30 
69 29 
53 
99 
71 
28 
54 
13 
97 
41 
3 
65 85 
77 
24 
85 89 
89 
35 
64 
45 
5 
27 
23 
29 
92 
25 
6 
# clone tree 70 objective: 3.01064
0 23 40 
40 97 49 15 91 61 
81 53 11 70 
61 41 81 
70 20 18 
18 45 94 66 84 
84 69 44 90 
90 55 10 
10 71 96 
96 99 68 21 
91 76 
76 8 
8 56 58 16 
21 42 43 
16 75 72 
43 80 39 
55 27 9 
72 37 82 
22 1 
68 92 22 
9 93 46 
74 29 83 
15 74 
82 77 14 52 
1 67 
39 4 
67 28 26 
46 17 
83 64 88 
52 79 
80 35 31 51 
50 47 86 
17 19 
4 50 
26 60 
79 78 
58 2 
88 3 33 
75 98 
60 34 
19 57 
49 12 
34 38 
62 24 59 
33 36 
56 7 
57 62 
42 48 
32 30 
2 13 
7 95 
86 73 
98 32 
12 
20 
51 63 
95 87 
47 54 
78 
66 
63 
37 65 
36 
48 5 
11 
44 
73 
93 
14 
38 6 
31 
87 
94 
59 
30 
69 
53 
99 
71 25 
28 
54 
13 
97 
41 
3 
65 85 
77 
24 
85 89 
89 
35 
64 
45 
5 
27 
23 
29 
92 
25 
6 
# clone tree 71 objective: 3.01064
0 23 40 
40 97 49 15 91 61 
81 53 11 70 
61 41 81 
70 20 18 
18 45 94 66 84 
84 69 44 90 
90 55 10 
10 71 96 
96 99 68 21 
91 76 
76 8 
8 56 58 16 
21 42 43 
16 75 72 
43 80 39 
55 27 9 
72 37 82 
22 1 
68 22 
9 93 46 
74 83 
15 74 
82 77 14 52 
1 67 
39 4 
67 28 26 
46 17 
83 6 64 88 
52 25 79 
80 35 31 51 
50 47 86 
17 19 
4 50 
26 60 
79 78 
58 92 2 
88 3 33 
75 98 
60 34 
19 57 
49 12 
34 38 
62 24 59 
33 36 
56 7 
57 62 
42 48 
32 30 
2 13 
7 95 
86 73 
98 32 
12 
20 
51 63 
95 87 
47 54 
78 
66 
63 
37 65 
36 
48 5 
11 
44 
73 
93 
14 
38 
31 
87 
94 
59 
30 29 
69 
53 
99 
71 
28 
54 
13 
97 
41 
3 
65 85 
77 
24 
85 89 
89 
35 
64 
45 
5 
27 
23 
29 
92 
25 
6 
# clone tree 72 objective: 3.01064
0 40 
40 97 49 15 91 61 
81 53 11 70 
61 41 81 
70 20 18 
18 45 94 66 84 
84 69 44 90 
90 55 10 
10 71 96 
96 99 68 21 
91 76 
76 8 
8 56 58 16 
21 42 43 
16 75 72 
43 80 39 
55 25 9 
72 37 82 
22 1 
68 22 
9 5 93 46 
74 29 83 
15 27 74 
82 77 14 52 
1 67 
39 4 
67 28 26 
46 17 
83 64 88 
52 79 
80 35 31 51 
50 47 86 
17 19 
4 50 
26 60 
79 78 
58 2 
88 3 33 
75 98 
60 34 
19 57 
49 12 
34 38 
62 24 59 
33 36 
56 7 
57 62 
42 48 
32 30 
2 13 
7 95 
86 73 
98 32 
12 
20 
51 63 
95 87 
47 54 
78 
66 
63 
37 65 
36 
48 
11 
44 
73 6 
93 
14 
38 
31 
87 
94 
59 
30 
69 
53 
99 
71 
28 
54 
13 
97 
41 
3 23 
65 85 
77 
24 92 
85 89 
89 
35 
64 
45 
5 
27 
23 
29 
92 
25 
6 
# clone tree 73 objective: 3.01064
0 40 
40 25 97 49 15 91 61 
81 53 11 70 
61 41 81 
70 20 18 
18 45 94 66 84 
84 69 44 90 
90 55 10 
10 71 96 
96 99 68 21 
91 76 
76 8 
8 56 58 16 
21 42 43 
16 75 72 
43 80 39 
55 9 
72 37 82 
22 1 
68 22 
9 5 93 46 
74 83 
15 27 74 
82 77 14 52 
1 67 
39 4 
67 28 26 
46 17 
83 64 88 
52 79 
80 35 31 51 
50 47 86 
17 19 
4 50 
26 60 
79 78 
58 92 2 
88 3 33 
75 98 
60 34 
19 57 
49 12 
34 38 
62 24 59 
33 36 
56 7 
57 62 
42 48 
32 29 30 
2 13 
7 95 
86 6 73 
98 32 
12 
20 
51 63 
95 87 
47 54 
78 
66 
63 
37 65 
36 
48 
11 
44 
73 
93 
14 
38 
31 
87 
94 
59 
30 
69 
53 
99 
71 
28 
54 
13 
97 
41 
3 23 
65 85 
77 
24 
85 89 
89 
35 
64 
45 
5 
27 
23 
29 
92 
25 
6 
# clone tree 74 objective: 3.01064
0 40 
40 97 49 15 91 61 
81 53 11 70 
61 41 81 
70 20 18 
18 45 94 66 84 
84 69 44 90 
90 55 10 
10 71 96 
96 99 68 21 
91 5 76 
76 8 
8 56 58 16 
21 42 43 
16 75 72 
43 80 39 
55 9 
72 29 37 82 
22 6 1 
68 92 22 
9 93 46 
74 83 
15 25 27 74 
82 77 14 52 
1 67 
39 4 
67 28 26 
46 17 
83 64 88 
52 79 
80 35 31 51 
50 47 86 
17 19 
4 50 
26 60 
79 78 
58 2 
88 3 33 
75 98 
60 34 
19 57 
49 12 
34 38 
62 24 59 
33 36 
56 7 
57 62 
42 48 
32 30 
2 13 
7 95 
86 23 73 
98 32 
12 
20 
51 63 
95 87 
47 54 
78 
66 
63 
37 65 
36 
48 
11 
44 
73 
93 
14 
38 
31 
87 
94 
59 
30 
69 
53 
99 
71 
28 
54 
13 
97 
41 
3 
65 85 
77 
24 
85 89 
89 
35 
64 
45 
5 
27 
23 
29 
92 
25 
6 
# clone tree 75 objective: 3.01064
0 40 
40 97 49 15 91 61 
81 53 11 70 
61 41 81 
70 20 18 
18 45 94 66 84 
84 69 44 90 
90 55 10 
10 71 96 
96 99 68 21 
91 5 76 
76 8 
8 56 58 16 
21 42 43 
16 29 75 72 
43 80 39 
55 9 
72 37 82 
22 1 
68 22 
9 93 46 
74 83 
15 27 74 
82 77 14 52 
1 67 
39 4 
67 28 26 
46 17 
83 64 88 
52 79 
80 35 31 51 
50 47 86 
17 19 
4 50 
26 60 
79 78 
58 2 
88 3 33 
75 98 
60 34 
19 57 
49 12 
34 38 
62 24 59 
33 36 
56 7 
57 62 
42 48 
32 30 
2 13 
7 95 
86 6 23 73 
98 32 
12 
20 
51 63 
95 87 
47 54 
78 
66 
63 
37 65 
36 
48 
11 
44 
73 
93 
14 
38 
31 
87 92 
94 
59 
30 
69 
53 
99 
71 
28 
54 
13 
97 
41 
3 
65 85 
77 25 
24 
85 89 
89 
35 
64 
45 
5 
27 
23 
29 
92 
25 
6 
# clone tree 76 objective: 3.01064
0 23 40 
40 97 49 15 91 61 
81 53 11 70 
61 41 81 
70 20 18 
18 45 94 66 84 
84 69 44 90 
90 55 10 
10 71 96 
96 99 68 21 
91 76 
76 8 
8 56 58 16 
21 42 43 
16 75 72 
43 80 39 
55 92 27 9 
72 37 82 
22 1 
68 22 
9 93 46 
74 83 
15 74 
82 77 14 52 
1 67 
39 4 
67 28 26 
46 17 
83 64 88 
52 79 
80 35 31 51 
50 47 86 
17 19 
4 50 
26 60 
79 78 
58 2 
88 3 33 
75 98 
60 34 
19 57 
49 12 
34 38 
62 24 59 
33 36 
56 7 
57 62 
42 48 
32 30 
2 13 
7 95 
86 73 
98 32 
12 
20 
51 63 
95 87 
47 54 
78 
66 
63 25 
37 65 
36 
48 5 
11 
44 
73 
93 
14 6 
38 
31 
87 
94 
59 
30 
69 
53 
99 29 
71 
28 
54 
13 
97 
41 
3 
65 85 
77 
24 
85 89 
89 
35 
64 
45 
5 
27 
23 
29 
92 
25 
6 
# clone tree 77 objective: 3.01064
0 40 
40 97 49 15 91 61 
81 53 11 70 
61 41 81 
70 20 18 
18 45 94 66 84 
84 29 69 44 90 
90 55 10 
10 71 96 
96 99 68 21 
91 76 
76 8 
8 56 58 16 
21 42 43 
16 75 72 
43 80 39 
55 9 
72 37 82 
22 1 
68 22 
9 5 93 46 
74 83 
15 27 74 
82 77 14 52 
1 67 
39 4 
67 28 26 
46 17 
83 64 88 
52 79 
80 35 31 51 
50 47 86 
17 19 
4 50 
26 60 
79 78 
58 2 
88 3 33 
75 98 
60 34 
19 57 
49 12 
34 38 
62 24 59 
33 36 
56 7 
57 62 
42 48 
32 30 
2 13 
7 95 
86 73 
98 32 
12 
20 
51 6 63 
95 87 
47 54 
78 
66 
63 
37 65 
36 
48 
11 
44 
73 
93 
14 
38 
31 
87 
94 
59 25 
30 
69 
53 
99 
71 
28 
54 
13 
97 
41 
3 23 
65 85 
77 
24 
85 89 
89 
35 
64 
45 92 
5 
27 
23 
29 
92 
25 
6 
# clone tree 78 objective: 3.01064
0 40 
40 97 49 15 91 61 
81 53 11 70 
61 41 81 
70 20 18 
18 45 94 66 84 
84 69 44 90 
90 55 10 
10 71 96 
96 99 68 21 
91 76 
76 8 
8 56 58 16 
21 42 43 
16 75 72 
43 80 39 
55 27 9 
72 37 82 
22 1 
68 22 
9 93 46 
74 83 
15 74 
82 77 14 52 
1 67 
39 4 
67 28 26 
46 17 
83 64 88 
52 79 
80 35 31 51 
50 47 86 
17 19 
4 50 
26 60 
79 78 
58 2 
88 3 33 
75 98 
60 34 
19 57 
49 12 
34 29 38 
62 24 59 
33 36 
56 7 
57 62 
42 48 
32 30 
2 13 
7 95 
86 73 
98 32 
12 
20 25 
51 63 
95 87 
47 54 
78 
66 
63 
37 65 
36 
48 5 
11 
44 
73 
93 
14 
38 6 
31 
87 
94 
59 
30 
69 
53 
99 
71 
28 
54 
13 
97 
41 
3 23 
65 85 
77 
24 92 
85 89 
89 
35 
64 
45 
5 
27 
23 
29 
92 
25 
6 
# clone tree 79 objective: 3.01064
0 23 40 
40 97 49 15 91 61 
81 53 11 70 
61 41 81 
70 20 18 
18 45 94 66 84 
84 69 44 90 
90 55 10 
10 71 96 
96 99 68 21 
91 76 
76 8 
8 56 58 16 
21 42 43 
16 75 72 
43 80 39 
55 27 9 
72 37 82 
22 1 
68 22 
9 93 46 
74 83 
15 74 
82 77 14 52 
1 29 67 
39 4 
67 28 26 
46 17 
83 64 88 
52 79 
80 35 31 51 
50 47 86 
17 19 
4 50 
26 60 
79 78 
58 92 2 
88 3 33 
75 98 
60 34 
19 57 
49 12 
34 38 
62 24 59 
33 36 
56 7 
57 62 
42 48 
32 30 
2 13 
7 6 95 
86 73 
98 32 
12 
20 25 
51 63 
95 87 
47 54 
78 
66 
63 
37 65 
36 
48 5 
11 
44 
73 
93 
14 
38 
31 
87 
94 
59 
30 
69 
53 
99 
71 
28 
54 
13 
97 
41 
3 
65 85 
77 
24 
85 89 
89 
35 
64 
45 
5 
27 
23 
29 
92 
25 
6 
# clone tree 80 objective: 3.01064
0 40 
40 97 49 15 91 61 
81 53 11 70 
61 41 81 
70 20 18 
18 45 94 66 84 
84 69 44 90 
90 55 10 
10 71 96 
96 99 68 21 
91 6 76 
76 8 
8 56 58 16 
21 42 43 
16 75 72 
43 80 39 
55 9 
72 37 82 
22 1 
68 22 
9 93 46 
74 83 
15 74 
82 77 14 52 
1 67 
39 4 
67 28 26 
46 17 
83 64 88 
52 79 
80 35 31 51 
50 47 86 
17 19 
4 50 
26 23 60 
79 78 
58 2 
88 3 33 
75 98 
60 34 
19 57 
49 12 
34 38 
62 24 59 
33 36 
56 7 
57 62 
42 48 
32 30 
2 13 
7 95 
86 73 
98 32 
12 
20 27 
51 63 
95 87 
47 54 
78 
66 
63 
37 65 
36 
48 5 
11 
44 
73 
93 
14 
38 
31 
87 
94 
59 
30 29 
69 
53 
99 
71 
28 
54 25 
13 
97 
41 
3 
65 85 
77 
24 
85 89 
89 
35 
64 
45 92 
5 
27 
23 
29 
92 
25 
6 
# clone tree 81 objective: 3.01064
0 40 
40 97 49 15 91 61 
81 53 11 70 
61 41 81 
70 20 18 
18 45 94 66 84 
84 69 44 90 
90 55 10 
10 71 96 
96 99 68 21 
91 76 
76 8 
8 56 58 16 
21 42 43 
16 75 72 
43 80 39 
55 27 9 
72 37 82 
22 1 
68 22 
9 93 46 
74 83 
15 74 
82 77 14 52 
1 67 
39 4 
67 28 26 
46 17 
83 64 88 
52 25 79 
80 35 31 51 
50 47 86 
17 19 
4 50 
26 60 
79 78 
58 2 
88 3 33 
75 98 
60 34 
19 57 
49 12 
34 38 
62 24 59 
33 36 
56 7 
57 62 
42 48 
32 29 30 
2 13 
7 95 
86 73 
98 32 
12 
20 
51 63 
95 87 
47 54 
78 
66 
63 
37 6 65 
36 
48 5 
11 
44 
73 
93 
14 
38 
31 
87 
94 
59 
30 
69 
53 
99 
71 
28 
54 
13 
97 
41 
3 23 
65 85 
77 
24 
85 89 
89 
35 
64 
45 92 
5 
27 
23 
29 
92 
25 
6 
# clone tree 82 objective: 3.01064
0 23 40 
40 97 49 15 91 61 
81 53 11 70 
61 41 81 
70 20 18 
18 45 94 66 84 
84 69 44 90 
90 55 10 
10 71 96 
96 99 68 21 
91 76 
76 8 
8 56 58 16 
21 42 43 
16 75 72 
43 80 39 
55 27 9 
72 29 37 82 
22 1 
68 22 
9 93 46 
74 83 
15 74 
82 77 14 52 
1 67 
39 4 
67 28 26 
46 17 
83 64 88 
52 79 
80 35 31 51 
50 47 86 
17 19 
4 50 
26 60 
79 78 
58 2 
88 3 33 
75 98 
60 92 34 
19 57 
49 12 
34 38 
62 24 59 
33 36 
56 7 
57 62 
42 48 
32 30 
2 13 
7 95 
86 73 
98 32 
12 
20 
51 63 
95 87 
47 54 
78 
66 
63 
37 65 
36 
48 5 
11 
44 
73 
93 
14 
38 
31 
87 
94 
59 25 
30 
69 
53 
99 
71 
28 
54 
13 
97 
41 
3 
65 85 
77 
24 
85 89 
89 
35 
64 
45 
5 
27 
23 6 
29 
92 
25 
6 
# clone tree 83 objective: 3.01064
0 40 
40 97 49 15 91 61 
81 53 11 70 
61 41 81 
70 20 18 
18 45 94 66 84 
84 69 44 90 
90 55 10 
10 71 96 
96 99 68 21 
91 76 
76 8 
8 56 58 16 
21 42 43 
16 75 72 
43 80 39 
55 9 
72 37 82 
22 1 
68 22 
9 5 93 46 
74 83 
15 27 74 
82 77 14 52 
1 67 
39 4 
67 28 26 
46 17 
83 64 88 
52 79 
80 35 31 51 
50 47 86 
17 19 
4 50 
26 60 
79 6 78 
58 2 
88 3 33 
75 98 
60 92 34 
19 57 
49 12 
34 38 
62 24 59 
33 36 
56 7 
57 62 
42 48 
32 30 
2 13 
7 95 
86 29 73 
98 32 
12 
20 
51 63 
95 87 
47 54 
78 
66 
63 25 
37 65 
36 
48 
11 
44 
73 
93 
14 
38 
31 
87 
94 
59 
30 
69 
53 
99 
71 
28 
54 
13 
97 
41 
3 23 
65 85 
77 
24 
85 89 
89 
35 
64 
45 
5 
27 
23 
29 
92 
25 
6 
# clone tree 84 objective: 3.01064
0 40 
40 97 49 15 91 61 
81 53 11 70 
61 41 81 
70 20 18 
18 45 94 66 84 
84 69 44 90 
90 55 10 
10 71 96 
96 6 99 68 21 
91 76 
76 8 
8 56 58 16 
21 42 43 
16 75 72 
43 80 39 
55 9 
72 37 82 
22 1 
68 22 
9 5 93 46 
74 83 
15 27 74 
82 77 14 52 
1 67 
39 4 
67 28 26 
46 17 
83 64 88 
52 79 
80 35 31 51 
50 47 86 
17 19 
4 50 
26 60 
79 78 
58 2 
88 3 33 
75 98 
60 34 
19 57 
49 12 
34 38 
62 24 59 
33 36 
56 7 
57 62 
42 48 
32 30 
2 13 
7 95 
86 73 
98 32 
12 
20 
51 63 
95 87 
47 54 
78 
66 
63 
37 65 
36 
48 
11 
44 
73 
93 
14 
38 
31 
87 
94 
59 
30 
69 
53 
99 
71 29 
28 
54 
13 
97 
41 
3 23 
65 85 
77 
24 
85 89 
89 
35 25 
64 92 
45 
5 
27 
23 
29 
92 
25 
6 
# clone tree 85 objective: 3.01064
0 40 
40 97 49 15 91 61 
81 53 11 70 
61 29 41 81 
70 20 18 
18 45 94 66 84 
84 69 44 90 
90 55 10 
10 71 96 
96 99 68 21 
91 5 76 
76 8 
8 56 58 16 
21 42 43 
16 75 72 
43 80 39 
55 9 
72 37 82 
22 1 
68 22 
9 93 46 
74 83 
15 74 
82 77 14 52 
1 67 
39 6 4 
67 28 26 
46 17 
83 64 88 
52 79 
80 35 31 51 
50 47 86 
17 19 
4 50 
26 23 60 
79 78 
58 2 
88 3 33 
75 98 
60 34 
19 57 
49 12 
34 38 
62 24 59 
33 36 
56 7 
57 62 
42 48 
32 30 
2 13 
7 95 
86 73 
98 32 
12 
20 
51 63 
95 87 
47 54 
78 
66 
63 
37 65 
36 
48 
11 
44 
73 
93 
14 
38 
31 
87 
94 
59 
30 
69 
53 
99 
71 
28 
54 
13 
97 27 
41 
3 
65 85 
77 
24 92 
85 89 
89 
35 25 
64 
45 
5 
27 
23 
29 
92 
25 
6 
# clone tree 86 objective: 3.01064
0 40 
40 97 49 15 91 61 
81 53 11 70 
61 29 41 81 
70 20 18 
18 45 94 66 84 
84 69 44 90 
90 55 10 
10 71 96 
96 99 68 21 
91 5 76 
76 8 
8 56 58 16 
21 42 43 
16 75 72 
43 80 39 
55 9 
72 37 82 
22 1 
68 22 
9 93 46 
74 83 
15 74 
82 77 14 52 
1 67 
39 4 
67 28 26 
46 17 
83 64 88 
52 79 
80 35 31 51 
50 47 86 
17 19 
4 50 
26 23 60 
79 78 
58 2 
88 3 33 
75 98 
60 34 
19 57 
49 12 
34 38 
62 24 59 
33 36 
56 7 
57 62 
42 48 
32 30 
2 13 
7 95 
86 6 73 
98 32 
12 
20 25 
51 63 
95 87 
47 54 
78 
66 
63 
37 65 
36 
48 
11 
44 
73 
93 
14 
38 
31 
87 
94 
59 
30 
69 
53 
99 
71 
28 
54 
13 
97 27 
41 
3 
65 85 
77 
24 92 
85 89 
89 
35 
64 
45 
5 
27 
23 
29 
92 
25 
6 
# clone tree 87 objective: 3.01064
0 40 
40 97 49 15 91 61 
81 53 11 70 
61 41 81 
70 20 18 
18 45 94 66 84 
84 69 44 90 
90 55 10 
10 71 96 
96 99 68 21 
91 76 
76 8 
8 56 58 16 
21 42 43 
16 75 72 
43 80 39 
55 9 
72 37 82 
22 1 
68 22 
9 5 93 46 
74 83 
15 27 74 
82 77 14 52 
1 67 
39 4 
67 28 26 
46 17 
83 64 88 
52 79 
80 35 31 51 
50 6 47 86 
17 19 
4 50 
26 60 
79 78 
58 92 2 
88 3 33 
75 98 
60 34 
19 57 
49 12 
34 38 
62 24 59 
33 36 
56 7 
57 62 
42 48 
32 29 30 
2 13 
7 95 
86 73 
98 32 
12 
20 
51 63 
95 87 
47 54 
78 
66 
63 
37 65 
36 
48 
11 
44 
73 
93 
14 
38 
31 
87 
94 
59 
30 
69 
53 
99 
71 
28 
54 25 
13 
97 
41 
3 23 
65 85 
77 
24 
85 89 
89 
35 
64 
45 
5 
27 
23 
29 
92 
25 
6 
# clone tree 88 objective: 3.01064
0 40 
40 97 49 15 91 61 
81 53 11 70 
61 41 81 
70 20 18 
18 45 94 66 84 
84 69 44 90 
90 55 10 
10 71 96 
96 99 68 21 
91 5 76 
76 8 
8 56 58 16 
21 42 43 
16 75 72 
43 80 39 
55 9 
72 29 37 82 
22 1 
68 22 
9 93 46 
74 83 
15 27 74 
82 77 14 52 
1 67 
39 4 
67 28 26 
46 17 
83 64 88 
52 79 
80 35 31 51 
50 47 86 
17 19 
4 50 
26 60 
79 78 
58 92 2 
88 3 33 
75 98 
60 34 
19 57 
49 12 
34 38 
62 24 59 
33 36 
56 7 
57 62 
42 48 
32 30 
2 13 
7 95 
86 23 73 
98 32 
12 
20 25 
51 63 
95 87 
47 54 
78 
66 
63 
37 65 
36 
48 
11 
44 
73 
93 
14 
38 
31 6 
87 
94 
59 
30 
69 
53 
99 
71 
28 
54 
13 
97 
41 
3 
65 85 
77 
24 
85 89 
89 
35 
64 
45 
5 
27 
23 
29 
92 
25 
6 
# clone tree 89 objective: 3.01064
0 40 
40 97 49 15 91 61 
81 53 11 70 
61 41 81 
70 20 18 
18 45 94 66 84 
84 69 44 90 
90 55 10 
10 71 96 
96 99 68 21 
91 76 
76 8 
8 56 58 16 
21 42 43 
16 75 72 
43 80 39 
55 9 
72 37 82 
22 1 
68 22 
9 93 46 
74 83 
15 74 
82 77 14 52 
1 67 
39 4 
67 28 26 
46 17 
83 64 88 
52 25 79 
80 35 31 51 
50 47 86 
17 19 
4 50 
26 60 
79 78 
58 2 
88 3 33 
75 98 
60 34 
19 57 
49 12 
34 38 
62 24 59 
33 36 
56 7 
57 62 
42 6 29 23 48 
32 30 
2 13 
7 95 
86 73 
98 32 
12 
20 27 
51 63 
95 87 
47 54 
78 
66 92 
63 
37 65 
36 
48 5 
11 
44 
73 
93 
14 
38 
31 
87 
94 
59 
30 
69 
53 
99 
71 
28 
54 
13 
97 
41 
3 
65 85 
77 
24 
85 89 
89 
35 
64 
45 
5 
27 
23 
29 
92 
25 
6 
# clone tree 90 objective: 3.01064
0 40 
40 97 49 15 91 61 
81 53 11 70 
61 41 81 
70 20 18 
18 45 94 66 84 
84 69 44 90 
90 55 10 
10 71 96 
96 99 68 21 
91 5 76 
76 8 
8 56 58 16 
21 42 43 
16 75 72 
43 80 39 
55 9 
72 37 82 
22 1 
68 22 
9 93 46 
74 83 
15 27 74 
82 77 14 52 
1 67 
39 4 
67 28 26 
46 17 
83 64 88 
52 79 
80 35 31 51 
50 47 86 
17 19 
4 50 
26 60 
79 78 
58 2 
88 29 3 33 
75 98 
60 34 
19 57 
49 12 
34 38 
62 24 59 
33 36 
56 7 
57 62 
42 48 
32 30 
2 13 
7 95 
86 23 73 
98 32 
12 
20 
51 63 
95 87 
47 54 
78 
66 
63 
37 65 
36 
48 
11 
44 92 
73 
93 
14 
38 6 
31 
87 
94 
59 
30 
69 
53 
99 
71 
28 
54 
13 
97 
41 
3 
65 85 
77 
24 
85 89 
89 
35 25 
64 
45 
5 
27 
23 
29 
92 
25 
6 
# clone tree 91 objective: 3.01064
0 40 
40 97 49 15 91 61 
81 53 11 70 
61 41 81 
70 20 18 
18 45 94 66 84 
84 6 69 44 90 
90 55 10 
10 71 96 
96 99 68 21 
91 76 
76 8 
8 56 58 16 
21 42 43 
16 75 72 
43 80 39 
55 9 
72 37 82 
22 1 
68 22 
9 93 46 
74 83 
15 74 
82 77 14 52 
1 67 
39 4 
67 28 26 
46 17 
83 64 88 
52 79 
80 35 31 51 
50 47 86 
17 19 
4 50 
26 23 60 
79 78 
58 2 
88 3 33 
75 98 
60 34 
19 57 
49 12 
34 38 
62 24 59 
33 36 
56 7 
57 62 
42 48 
32 30 
2 13 
7 95 
86 73 
98 32 
12 
20 27 
51 63 
95 25 87 
47 54 
78 29 
66 
63 
37 65 
36 
48 5 
11 
44 
73 
93 
14 
38 
31 
87 
94 
59 
30 
69 
53 
99 
71 
28 
54 
13 
97 
41 
3 
65 85 
77 
24 92 
85 89 
89 
35 
64 
45 
5 
27 
23 
29 
92 
25 
6 
# clone tree 92 objective: 3.01064
0 23 40 
40 97 49 15 91 61 
81 53 11 70 
61 29 41 81 
70 20 18 
18 45 94 66 84 
84 69 44 90 
90 55 10 
10 71 96 
96 99 68 21 
91 76 
76 8 
8 56 58 16 
21 42 43 
16 75 72 
43 80 39 
55 27 9 
72 37 82 
22 1 
68 22 
9 93 46 
74 83 
15 74 
82 77 14 52 
1 67 
39 4 
67 28 26 
46 17 
83 64 88 
52 79 
80 35 31 51 
50 47 86 
17 19 
4 50 
26 60 
79 78 
58 2 
88 3 33 
75 98 
60 34 
19 57 
49 12 
34 38 
62 24 59 
33 36 
56 7 
57 62 
42 48 
32 30 
2 13 
7 95 
86 6 73 
98 32 
12 
20 
51 63 
95 87 
47 54 
78 
66 92 
63 
37 65 
36 
48 5 
11 
44 
73 
93 
14 
38 
31 
87 
94 
59 
30 
69 
53 
99 
71 
28 
54 
13 
97 25 
41 
3 
65 85 
77 
24 
85 89 
89 
35 
64 
45 
5 
27 
23 
29 
92 
25 
6 
# clone tree 93 objective: 3.01064
0 40 
40 97 49 15 91 61 
81 53 11 70 
61 41 81 
70 20 18 
18 45 94 66 84 
84 69 44 90 
90 55 10 
10 71 96 
96 99 68 21 
91 5 76 
76 8 
8 56 58 16 
21 42 43 
16 75 72 
43 80 39 
55 9 
72 29 37 82 
22 1 
68 22 
9 93 46 
74 83 
15 27 74 
82 77 14 52 
1 67 
39 4 
67 28 26 
46 17 
83 64 88 
52 25 79 
80 35 31 51 
50 47 86 
17 19 
4 50 
26 60 
79 6 78 
58 92 2 
88 3 33 
75 98 
60 34 
19 57 
49 12 
34 38 
62 24 59 
33 36 
56 7 
57 62 
42 48 
32 30 
2 13 
7 95 
86 23 73 
98 32 
12 
20 
51 63 
95 87 
47 54 
78 
66 
63 
37 65 
36 
48 
11 
44 
73 
93 
14 
38 
31 
87 
94 
59 
30 
69 
53 
99 
71 
28 
54 
13 
97 
41 
3 
65 85 
77 
24 
85 89 
89 
35 
64 
45 
5 
27 
23 
29 
92 
25 
6 
# clone tree 94 objective: 3.01064
0 40 
40 97 49 15 91 61 
81 53 11 70 
61 41 81 
70 20 18 
18 45 94 66 84 
84 69 44 90 
90 55 10 
10 71 96 
96 99 68 21 
91 76 
76 8 
8 56 58 16 
21 42 43 
16 75 72 
43 80 39 
55 9 
72 37 82 
22 1 
68 22 
9 93 46 
74 83 
15 74 
82 77 14 52 
1 67 
39 4 
67 28 26 
46 17 
83 64 88 
52 79 
80 35 31 51 
50 47 86 
17 19 
4 50 
26 23 60 
79 78 
58 2 
88 3 33 
75 98 
60 34 
19 57 
49 12 
34 38 
62 24 59 
33 36 
56 7 
57 62 
42 48 
32 30 
2 13 
7 95 
86 73 
98 32 
12 
20 27 
51 63 
95 87 
47 54 
78 
66 
63 
37 65 
36 
48 5 
11 
44 
73 
93 
14 25 
38 
31 
87 
94 
59 
30 
69 
53 
99 
71 
28 29 
54 
13 
97 
41 
3 
65 85 
77 
24 92 
85 89 
89 
35 
64 
45 
5 
27 
23 6 
29 
92 
25 
6 
# clone tree 95 objective: 3.01064
0 23 40 
40 97 49 15 91 61 
81 53 11 70 
61 41 81 
70 20 18 
18 45 94 66 84 
84 69 44 90 
90 55 10 
10 71 96 
96 99 68 21 
91 76 
76 8 
8 56 58 16 
21 42 43 
16 75 72 
43 80 39 
55 27 9 
72 37 82 
22 1 
68 22 
9 93 46 
74 83 
15 25 74 
82 77 14 52 
1 67 
39 4 
67 28 26 
46 17 
83 64 88 
52 79 
80 35 31 51 
50 47 86 
17 19 
4 50 
26 60 
79 78 
58 2 
88 3 33 
75 98 
60 92 34 
19 57 
49 12 
34 38 
62 24 59 
33 36 
56 7 
57 62 
42 48 
32 30 
2 13 
7 95 
86 73 
98 32 
12 
20 
51 63 
95 87 
47 54 
78 
66 
63 
37 65 
36 
48 5 
11 29 
44 
73 
93 
14 
38 
31 
87 6 
94 
59 
30 
69 
53 
99 
71 
28 
54 
13 
97 
41 
3 
65 85 
77 
24 
85 89 
89 
35 
64 
45 
5 
27 
23 
29 
92 
25 
6 
# clone tree 96 objective: 3.01064
0 23 40 
40 97 49 15 91 61 
81 53 11 70 
61 41 81 
70 20 18 
18 45 94 66 84 
84 69 44 90 
90 55 10 
10 71 96 
96 99 68 21 
91 76 
76 8 
8 56 58 16 
21 42 43 
16 75 72 
43 80 39 
55 27 9 
72 37 82 
22 1 
68 22 
9 93 46 
74 83 
15 74 
82 6 77 14 52 
1 67 
39 4 
67 28 26 
46 17 
83 64 88 
52 79 
80 35 31 51 
50 47 86 
17 19 
4 50 
26 60 
79 78 
58 2 
88 3 33 
75 98 
60 34 
19 57 
49 29 12 
34 38 
62 24 59 
33 36 
56 7 
57 62 
42 48 
32 30 
2 13 
7 95 
86 73 
98 32 
12 
20 25 
51 63 
95 87 
47 54 
78 
66 92 
63 
37 65 
36 
48 5 
11 
44 
73 
93 
14 
38 
31 
87 
94 
59 
30 
69 
53 
99 
71 
28 
54 
13 
97 
41 
3 
65 85 
77 
24 
85 89 
89 
35 
64 
45 
5 
27 
23 
29 
92 
25 
6 
# clone tree 97 objective: 3.01064
0 40 
40 97 49 15 91 61 
81 53 11 70 
61 41 81 
70 20 18 
18 45 94 66 84 
84 29 69 44 90 
90 55 10 
10 6 71 96 
96 99 68 21 
91 76 
76 8 
8 56 58 16 
21 42 43 
16 75 72 
43 80 39 
55 9 
72 37 82 
22 1 
68 22 
9 5 93 46 
74 83 
15 27 74 
82 77 14 52 
1 67 
39 4 
67 28 26 
46 17 
83 64 88 
52 79 
80 35 31 51 
50 47 86 
17 19 
4 50 
26 60 
79 78 
58 2 
88 3 33 
75 98 
60 34 
19 57 
49 12 
34 38 
62 24 59 
33 36 
56 7 
57 62 
42 48 
32 30 
2 13 
7 95 
86 73 
98 32 
12 
20 
51 63 
95 87 
47 54 
78 
66 
63 
37 65 
36 
48 
11 
44 
73 
93 
14 
38 
31 
87 
94 
59 
30 
69 
53 
99 
71 
28 
54 
13 
97 
41 
3 23 
65 85 
77 25 
24 
85 89 
89 
35 
64 
45 92 
5 
27 
23 
29 
92 
25 
6 
# clone tree 98 objective: 3.01064
0 23 40 
40 97 49 15 91 61 
81 53 11 70 
61 41 81 
70 20 18 
18 45 94 66 84 
84 69 44 90 
90 55 10 
10 71 96 
96 99 68 21 
91 76 
76 8 
8 56 58 16 
21 42 43 
16 75 72 
43 80 39 
55 27 9 
72 37 82 
22 1 
68 22 
9 93 46 
74 83 
15 6 74 
82 77 14 52 
1 67 
39 4 
67 28 26 
46 17 
83 64 88 
52 79 
80 35 31 51 
50 47 86 
17 19 
4 50 
26 60 
79 78 
58 2 
88 3 33 
75 98 
60 34 
19 57 
49 12 
34 38 
62 24 59 
33 36 
56 7 
57 62 
42 48 
32 30 
2 13 
7 95 
86 73 
98 32 
12 
20 
51 63 
95 87 
47 54 
78 
66 
63 
37 65 
36 
48 5 
11 
44 
73 
93 
14 
38 
31 
87 
94 
59 
30 29 
69 
53 
99 
71 
28 
54 
13 
97 
41 
3 
65 85 
77 
24 
85 89 
89 
35 
64 
45 92 
5 
27 25 
23 
29 
92 
25 
6 
# clone tree 99 objective: 3.01064
0 40 
40 97 49 15 91 61 
81 53 11 70 
61 41 81 
70 20 18 
18 45 94 66 84 
84 69 44 90 
90 55 10 
10 71 96 
96 99 68 21 
91 76 
76 8 
8 56 58 16 
21 42 43 
16 75 72 
43 80 39 
55 9 
72 37 82 
22 1 
68 92 22 
9 93 46 
74 83 
15 6 74 
82 77 14 52 
1 67 
39 4 
67 28 26 
46 17 
83 64 88 
52 25 79 
80 35 31 51 
50 47 86 
17 19 
4 50 
26 23 60 
79 78 
58 2 
88 3 33 
75 98 
60 34 
19 57 
49 12 
34 38 
62 24 59 
33 36 
56 7 
57 62 
42 48 
32 30 
2 13 
7 95 
86 73 
98 32 
12 
20 27 
51 63 
95 87 
47 54 
78 
66 
63 
37 65 
36 
48 5 
11 
44 
73 
93 
14 
38 
31 
87 
94 
59 
30 
69 29 
53 
99 
71 
28 
54 
13 
97 
41 
3 
65 85 
77 
24 
85 89 
89 
35 
64 
45 
5 
27 
23 
29 
92 
25 
6 
