0 89 66 55 
55 43 20 75 72 53 
53 13 45 33 78 62 
62 39 35 5 68 
68 37 59 
59 32 17 
17 96 9 
9 12 97 49 3 
78 82 
3 7 73 
82 6 40 
73 93 24 56 
40 67 8 
8 31 
56 1 71 
31 99 70 
71 23 
70 4 
4 54 
54 50 
72 21 
23 27 36 
37 69 87 
50 28 
28 26 57 
36 83 30 
75 95 
95 91 
30 2 46 
91 38 
32 47 61 48 
21 18 94 
87 11 58 
66 90 64 15 
57 76 
33 44 
38 79 
48 14 85 
46 81 
76 25 42 
94 84 63 65 
22 
49 10 
45 
89 86 51 
58 29 22 
44 19 
96 
42 
67 60 
10 34 
79 77 
97 88 
81 74 
15 
1 41 
5 16 
35 
7 
74 
69 
51 
61 
6 
19 
64 
20 
39 
83 
90 
16 
24 52 
85 
27 98 
98 
11 
2 
41 
77 
52 
99 
43 
34 
18 92 
29 
26 
60 
65 
93 
63 
92 
14 
84 
25 80 
47 
88 
86 
13 
80 
12 
