0 23 94 67 
92 12 15 
15 77 72 46 
67 92 
46 25 69 59 95 11 
11 52 83 75 
75 19 
19 14 63 10 66 
66 68 28 
28 21 5 
5 6 
6 3 87 
87 4 24 
24 2 20 
20 16 
16 50 34 98 55 
55 57 9 
78 41 58 39 
9 78 
86 44 7 
39 70 86 
7 13 38 
38 54 
54 80 99 32 
32 96 17 73 
73 51 71 
95 88 37 
82 33 60 
91 48 
60 26 
37 82 
71 91 
72 45 
48 84 
59 93 
45 18 
93 74 
13 56 
47 49 
26 90 
89 64 
90 36 
68 30 
2 1 
10 47 
84 89 
74 42 27 
64 97 
31 85 
4 22 35 
83 79 40 
1 61 
27 31 
53 62 
29 
52 29 
36 53 
49 
21 
63 
17 8 
97 
30 76 
85 65 
3 
69 
14 
18 
51 81 
35 
8 
81 
77 
76 
40 
61 
33 
79 
94 
56 
57 
98 43 
42 
58 
25 
34 
62 
96 
99 
80 
44 
23 
22 
12 
88 
41 
70 
65 
43 
50 
