# clone tree 0 objective: 3.74097
0 17 74 85 
85 1 49 76 47 
47 94 5 
5 84 98 65 59 
59 15 20 26 
26 66 53 
53 34 40 36 
36 29 91 48 
48 89 87 60 
20 35 
35 57 
62 12 50 
60 62 
50 28 
57 64 4 
28 67 
67 68 95 22 
4 51 61 
6 71 
81 90 6 
91 31 81 
24 41 
61 82 2 
22 42 24 
2 79 77 
45 18 19 
41 45 
19 39 37 
71 83 
83 52 
77 13 
13 21 
76 16 
74 73 
16 11 
21 63 25 
65 99 30 
52 32 
37 72 
82 58 
40 75 
73 70 
49 54 
66 46 86 
25 88 
72 7 
11 96 
58 93 
75 55 
88 38 
86 14 
70 
87 
18 97 
1 
32 9 43 
31 92 44 23 
54 
55 
7 10 
30 
38 3 
89 
97 
96 
15 33 
95 
10 69 27 
94 8 
3 
43 
29 80 
51 56 
12 
17 
98 
79 
84 
14 
64 
93 
68 
34 
90 
23 
46 78 
39 
42 
44 
63 
80 
33 
27 
99 
78 
69 
56 
8 
9 
92 
# clone tree 1 objective: 3.74097
0 17 74 85 
85 1 49 76 47 
47 94 5 
5 84 98 65 59 
59 15 20 26 
26 66 53 
53 34 40 36 
36 29 91 48 
48 89 87 60 
20 35 
35 57 
62 12 50 
60 62 
50 28 
57 64 4 
28 67 
67 68 95 22 
4 51 61 
6 71 
81 90 6 
91 31 81 
24 41 
61 82 2 
22 42 24 
2 79 77 
45 18 19 
41 45 
19 39 37 
71 83 
83 52 
77 13 
13 21 
76 16 
74 73 
16 11 
21 63 25 
65 99 30 
52 32 
37 72 
82 58 
40 75 
73 70 
49 54 
66 46 86 
25 88 
72 7 
11 96 
58 93 
75 55 
88 38 
86 14 
70 
87 
18 97 
1 
32 9 43 
31 44 23 
54 
55 
7 10 
30 
38 3 
89 
97 
96 
15 33 
95 
10 69 27 
94 8 
3 
43 
29 80 
51 56 
12 
17 
98 
79 
84 
14 
64 92 
93 
68 
34 
90 
23 
46 78 
39 
42 
44 
63 
80 
33 
27 
99 
78 
69 
56 
8 
9 
92 
# clone tree 2 objective: 3.74097
0 17 74 85 
85 1 49 76 47 
47 94 5 
5 84 65 59 
59 15 20 26 
26 66 53 
53 68 40 36 
36 29 91 48 
48 89 87 60 
20 35 
35 57 
62 12 50 
60 62 
50 28 
57 64 98 4 
28 67 
67 34 95 22 
4 51 61 
6 71 
81 90 6 
91 31 81 
24 41 
61 82 2 
22 42 24 
2 79 77 
45 18 19 
41 45 
19 39 37 
71 83 
83 80 52 
77 13 
13 21 
76 16 
74 99 73 
16 11 
21 63 25 
65 56 30 
52 32 
37 72 
82 58 
40 75 
73 70 
49 54 
66 46 86 
25 88 
72 7 
11 96 
58 93 
75 55 
88 38 
86 14 
70 
87 
18 97 
1 
32 43 
31 44 23 
54 
55 
7 10 
30 
38 3 
89 
97 9 8 
96 
15 
95 
10 33 
94 
3 78 
43 
29 
51 
12 
17 
98 
79 69 
84 
14 
64 
93 
68 
34 
90 
23 
46 27 
39 
42 
44 
63 
80 
33 
27 
99 
78 92 
69 
56 
8 
9 
92 
# clone tree 3 objective: 3.74097
0 17 74 85 
85 1 49 76 47 
47 9 94 5 
5 84 98 65 59 
59 15 20 26 
26 66 53 
53 34 40 36 
36 92 29 91 48 
48 69 89 87 60 
20 35 
35 57 
62 12 50 
60 62 
50 28 
57 64 4 
28 67 
67 68 95 22 
4 51 61 
6 71 
81 90 6 
91 31 81 
24 41 
61 82 2 
22 42 24 
2 79 77 
45 18 19 
41 45 
19 39 37 
71 83 
83 52 
77 13 
13 21 
76 16 
74 73 
16 11 
21 63 25 
65 99 30 
52 56 32 
37 72 
82 58 
40 75 
73 70 
49 54 
66 46 86 
25 88 
72 7 
11 96 
58 93 
75 55 
88 38 
86 8 14 
70 
87 
18 97 
1 
32 43 
31 44 23 
54 
55 
7 10 
30 
38 3 
89 
97 
96 
15 33 
95 
10 27 
94 
3 
43 
29 80 
51 
12 
17 
98 
79 
84 
14 
64 
93 
68 
34 
90 
23 
46 78 
39 
42 
44 
63 
80 
33 
27 
99 
78 
69 
56 
8 
9 
92 
# clone tree 4 objective: 3.74097
0 74 85 
85 1 49 76 47 
47 94 5 
5 84 65 59 
59 15 20 26 
26 66 53 
53 9 34 40 36 
36 29 91 48 
48 89 87 60 
20 35 
35 57 
62 50 
60 62 
50 28 
57 8 64 98 4 
28 67 
67 68 95 22 
4 51 61 
6 71 
81 90 6 
91 31 81 
24 41 
61 82 2 
22 42 24 
2 79 77 
45 18 19 
41 45 
19 39 37 
71 83 
83 52 
77 13 
13 21 
76 16 
74 73 
16 11 
21 63 25 
65 99 12 30 
52 32 
37 72 
82 58 
40 56 75 
73 70 
49 54 
66 46 86 
25 88 
72 7 
11 96 
58 93 
75 55 
88 38 
86 14 
70 17 
87 
18 97 
1 
32 43 
31 44 23 
54 
55 
7 10 
30 
38 3 
89 33 
97 
96 
15 
95 
10 78 
94 
3 27 
43 
29 80 
51 
12 
17 
98 
79 
84 
14 
64 
93 69 
68 
34 
90 
23 
46 
39 
42 
44 
63 
80 
33 
27 
99 
78 
69 
56 
8 
9 92 
92 
# clone tree 5 objective: 3.74097
0 17 74 85 
85 1 49 76 47 
47 94 5 
5 84 65 59 
59 15 20 26 
26 66 53 
53 68 40 36 
36 29 91 48 
48 89 87 60 
20 35 
35 57 
62 12 50 
60 62 
50 28 
57 64 98 4 
28 67 
67 34 95 22 
4 51 61 
6 71 
81 90 6 
91 31 81 
24 41 
61 82 2 
22 42 24 
2 79 77 
45 18 19 
41 45 
19 39 37 
71 83 
83 80 52 
77 13 
13 21 
76 16 
74 99 73 
16 11 
21 63 25 
65 56 30 
52 32 
37 72 
82 58 
40 75 
73 70 
49 54 
66 46 86 
25 88 
72 7 
11 96 
58 93 
75 55 
88 38 
86 14 
70 
87 
18 97 
1 
32 43 
31 44 23 
54 
55 
7 10 
30 
38 3 
89 
97 9 8 
96 
15 
95 
10 33 
94 
3 78 
43 
29 
51 
12 
17 
98 
79 69 
84 
14 
64 
93 
68 92 
34 
90 
23 
46 27 
39 
42 
44 
63 
80 
33 
27 
99 
78 
69 
56 
8 
9 
92 
# clone tree 6 objective: 3.74097
0 74 85 
85 1 49 76 47 
47 94 5 
5 84 65 59 
59 15 20 26 
26 66 53 
53 9 34 40 36 
36 29 91 48 
48 89 87 60 
20 35 
35 57 
62 50 
60 62 
50 28 
57 8 64 98 4 
28 67 
67 68 95 22 
4 51 61 
6 71 
81 90 6 
91 31 81 
24 41 
61 82 2 
22 42 24 
2 79 77 
45 18 19 
41 45 
19 39 37 
71 83 
83 52 
77 13 
13 21 
76 16 
74 73 
16 11 
21 63 25 
65 99 12 30 
52 32 
37 72 
82 58 
40 56 75 
73 70 
49 54 
66 46 86 
25 88 
72 7 
11 96 
58 93 
75 55 
88 38 
86 14 
70 17 
87 
18 97 
1 
32 43 
31 44 23 
54 
55 
7 10 
30 
38 3 
89 33 
97 
96 
15 
95 
10 92 78 
94 
3 27 
43 
29 80 
51 
12 
17 
98 
79 
84 
14 
64 
93 69 
68 
34 
90 
23 
46 
39 
42 
44 
63 
80 
33 
27 
99 
78 
69 
56 
8 
9 
92 
# clone tree 7 objective: 3.74097
0 17 74 85 
85 1 49 76 47 
47 9 94 5 
5 84 98 65 59 
59 15 20 26 
26 66 53 
53 34 40 36 
36 29 91 48 
48 69 89 87 60 
20 35 
35 57 
62 12 50 
60 62 
50 28 
57 64 4 
28 67 
67 68 95 22 
4 51 61 
6 71 
81 90 6 
91 31 81 
24 41 
61 82 2 
22 42 24 
2 79 77 
45 18 19 
41 45 
19 39 37 
71 83 
83 52 
77 13 
13 21 
76 16 
74 73 
16 92 11 
21 63 25 
65 99 30 
52 56 32 
37 72 
82 58 
40 75 
73 70 
49 54 
66 46 86 
25 88 
72 7 
11 96 
58 93 
75 55 
88 38 
86 8 14 
70 
87 
18 97 
1 
32 43 
31 44 23 
54 
55 
7 10 
30 
38 3 
89 
97 
96 
15 33 
95 
10 27 
94 
3 
43 
29 80 
51 
12 
17 
98 
79 
84 
14 
64 
93 
68 
34 
90 
23 
46 78 
39 
42 
44 
63 
80 
33 
27 
99 
78 
69 
56 
8 
9 
92 
# clone tree 8 objective: 3.74097
0 74 85 
85 1 49 76 47 
47 94 5 
5 84 65 59 
59 15 20 26 
26 66 53 
53 9 34 40 36 
36 29 91 48 
48 89 87 60 
20 35 
35 57 
62 50 
60 62 
50 28 
57 8 64 98 4 
28 67 
67 68 95 22 
4 51 61 
6 71 
81 90 6 
91 31 81 
24 41 
61 82 2 
22 42 24 
2 79 77 
45 18 19 
41 45 
19 39 37 
71 83 
83 52 
77 13 
13 21 
76 16 
74 73 
16 11 
21 63 25 
65 99 12 30 
52 32 
37 72 
82 58 
40 56 75 
73 70 
49 54 
66 46 86 
25 88 
72 7 
11 96 
58 93 
75 55 
88 38 
86 14 
70 17 
87 
18 97 
1 
32 43 
31 44 23 
54 
55 
7 10 
30 
38 3 
89 33 
97 
96 
15 
95 
10 78 
94 
3 27 
43 
29 80 
51 
12 
17 
98 
79 
84 
14 
64 
93 69 
68 
34 
90 
23 
46 
39 
42 
44 92 
63 
80 
33 
27 
99 
78 
69 
56 
8 
9 
92 
# clone tree 9 objective: 3.74097
0 17 74 85 
85 1 49 76 47 
47 94 5 
5 84 65 59 
59 15 20 26 
26 66 53 
53 68 40 36 
36 29 91 48 
48 89 87 60 
20 35 
35 57 
62 12 50 
60 62 
50 28 
57 64 98 4 
28 67 
67 34 95 22 
4 51 61 
6 71 
81 90 6 
91 31 81 
24 41 
61 82 2 
22 42 24 
2 79 77 
45 18 19 
41 45 
19 39 37 
71 83 
83 80 52 
77 13 
13 21 
76 16 
74 99 73 
16 11 
21 63 25 
65 56 30 
52 32 
37 72 
82 58 
40 75 
73 70 
49 54 
66 46 86 
25 88 
72 7 
11 96 
58 93 
75 55 
88 38 
86 14 
70 
87 
18 97 
1 
32 43 
31 44 23 
54 
55 
7 10 
30 
38 3 
89 
97 9 8 
96 
15 
95 
10 33 
94 
3 78 
43 
29 
51 
12 
17 
98 
79 69 
84 
14 
64 
93 
68 
34 
90 
23 
46 27 
39 
42 
44 
63 
80 
33 
27 
99 92 
78 
69 
56 
8 
9 
92 
# clone tree 10 objective: 3.74097
0 74 85 
85 1 49 76 47 
47 94 5 
5 84 65 59 
59 15 20 26 
26 66 53 
53 9 34 40 36 
36 29 91 48 
48 89 87 60 
20 35 
35 57 
62 50 
60 62 
50 28 
57 8 64 98 4 
28 67 
67 68 95 22 
4 51 61 
6 71 
81 90 6 
91 31 81 
24 41 
61 82 2 
22 42 24 
2 79 77 
45 18 19 
41 45 
19 39 37 
71 83 
83 52 
77 13 
13 21 
76 16 
74 73 
16 11 
21 63 25 
65 99 12 30 
52 32 
37 72 
82 58 
40 56 75 
73 70 
49 54 
66 46 86 
25 88 
72 7 
11 96 
58 93 
75 55 
88 38 
86 14 
70 17 
87 
18 97 
1 
32 43 
31 44 23 
54 
55 
7 10 
30 
38 3 
89 33 
97 
96 
15 
95 
10 78 
94 
3 27 
43 
29 80 
51 
12 
17 
98 
79 
84 
14 92 
64 
93 69 
68 
34 
90 
23 
46 
39 
42 
44 
63 
80 
33 
27 
99 
78 
69 
56 
8 
9 
92 
# clone tree 11 objective: 3.74097
0 17 74 85 
85 1 49 76 47 
47 94 5 
5 84 65 59 
59 15 20 26 
26 66 53 
53 68 40 36 
36 29 91 48 
48 89 87 60 
20 35 
35 57 
62 12 50 
60 62 
50 28 
57 64 98 4 
28 67 
67 34 95 22 
4 51 61 
6 71 
81 90 6 
91 31 81 
24 41 
61 82 2 
22 42 24 
2 79 77 
45 18 19 
41 45 
19 39 37 
71 83 
83 80 52 
77 13 
13 21 
76 16 
74 99 73 
16 11 
21 63 25 
65 56 30 
52 32 
37 72 
82 58 
40 75 
73 70 
49 54 
66 46 86 
25 88 
72 7 
11 96 
58 93 
75 55 
88 38 
86 14 
70 
87 
18 97 
1 
32 43 
31 44 23 
54 
55 
7 10 
30 
38 3 
89 
97 9 8 
96 
15 
95 
10 33 
94 
3 78 
43 
29 
51 
12 
17 
98 
79 69 
84 
14 
64 
93 
68 
34 
90 
23 
46 27 
39 
42 
44 
63 92 
80 
33 
27 
99 
78 
69 
56 
8 
9 
92 
# clone tree 12 objective: 3.74097
0 74 85 
85 1 49 76 47 
47 94 5 
5 84 65 59 
59 15 20 26 
26 66 53 
53 9 34 40 36 
36 29 91 48 
48 89 87 60 
20 35 
35 57 
62 50 
60 62 
50 28 
57 8 64 98 4 
28 67 
67 68 95 22 
4 51 61 
6 71 
81 90 6 
91 31 81 
24 41 
61 82 2 
22 42 24 
2 79 77 
45 18 19 
41 45 
19 39 37 
71 83 
83 52 
77 13 
13 21 
76 16 
74 73 
16 11 
21 63 25 
65 99 12 30 
52 32 
37 72 
82 58 
40 56 75 
73 70 
49 54 
66 46 86 
25 88 
72 7 
11 96 
58 93 
75 55 
88 38 
86 14 
70 17 
87 
18 97 
1 
32 43 
31 44 23 
54 
55 
7 10 
30 
38 3 
89 33 
97 
96 
15 
95 
10 78 
94 
3 27 
43 
29 80 
51 
12 
17 
98 
79 
84 
14 
64 
93 69 
68 
34 
90 
23 
46 
39 
42 
44 
63 
80 
33 
27 
99 
78 
69 
56 92 
8 
9 
92 
# clone tree 13 objective: 3.74097
0 74 85 
85 1 49 76 47 
47 94 5 
5 84 65 59 
59 15 20 26 
26 66 53 
53 34 40 36 
36 29 91 48 
48 33 89 87 60 
20 35 
35 57 
62 50 
60 62 
50 28 
57 64 98 4 
28 9 67 
67 68 95 22 
4 51 61 
6 71 
81 90 6 
91 31 81 
24 41 
61 82 2 
22 42 24 
2 79 77 
45 18 19 
41 45 
19 39 37 
71 83 
83 52 
77 13 
13 21 
76 16 
74 73 
16 11 
21 63 25 
65 12 30 
52 32 
37 72 
82 58 
40 75 
73 70 
49 54 
66 46 86 
25 88 
72 7 
11 96 
58 93 
75 55 
88 38 
86 14 
70 17 
87 
18 97 
1 
32 43 
31 44 23 
54 
55 
7 10 
30 8 
38 3 
89 
97 
96 
15 
95 99 
10 78 
94 
3 27 
43 80 
29 
51 
12 
17 
98 
79 
84 
14 
64 
93 
68 
34 
90 
23 
46 
39 
42 
44 
63 
80 
33 69 
27 
99 92 56 
78 
69 
56 
8 
9 
92 
# clone tree 14 objective: 3.74097
0 74 85 
85 1 49 76 47 
47 94 5 
5 84 65 59 
59 15 20 26 
26 66 53 
53 9 34 40 36 
36 29 91 48 
48 89 87 60 
20 35 
35 57 
62 50 
60 62 
50 28 
57 8 64 98 4 
28 67 
67 68 95 22 
4 51 61 
6 71 
81 90 6 
91 31 81 
24 41 
61 82 2 
22 42 24 
2 79 77 
45 18 19 
41 45 
19 39 37 
71 83 
83 52 
77 13 
13 21 
76 16 
74 73 
16 11 
21 63 25 
65 99 12 30 
52 32 
37 72 
82 58 
40 56 75 
73 70 
49 54 
66 46 86 
25 88 
72 7 
11 96 
58 93 
75 55 
88 38 
86 14 
70 17 
87 
18 97 
1 
32 43 
31 44 23 
54 92 
55 
7 10 
30 
38 3 
89 33 
97 
96 
15 
95 
10 78 
94 
3 27 
43 
29 80 
51 
12 
17 
98 
79 
84 
14 
64 
93 69 
68 
34 
90 
23 
46 
39 
42 
44 
63 
80 
33 
27 
99 
78 
69 
56 
8 
9 
92 
# clone tree 15 objective: 3.74097
0 17 74 85 
85 1 49 76 47 
47 9 94 5 
5 84 98 65 59 
59 15 20 26 
26 66 53 
53 34 40 36 
36 29 91 48 
48 69 89 87 60 
20 35 
35 57 
62 12 50 
60 62 
50 28 
57 64 4 
28 67 
67 68 95 22 
4 51 61 
6 71 
81 90 6 
91 31 81 
24 41 
61 82 2 
22 92 42 24 
2 79 77 
45 18 19 
41 45 
19 39 37 
71 83 
83 52 
77 13 
13 21 
76 16 
74 73 
16 11 
21 63 25 
65 99 30 
52 56 32 
37 72 
82 58 
40 75 
73 70 
49 54 
66 46 86 
25 88 
72 7 
11 96 
58 93 
75 55 
88 38 
86 8 14 
70 
87 
18 97 
1 
32 43 
31 44 23 
54 
55 
7 10 
30 
38 3 
89 
97 
96 
15 33 
95 
10 27 
94 
3 
43 
29 80 
51 
12 
17 
98 
79 
84 
14 
64 
93 
68 
34 
90 
23 
46 78 
39 
42 
44 
63 
80 
33 
27 
99 
78 
69 
56 
8 
9 
92 
# clone tree 16 objective: 3.74097
0 74 85 
85 1 49 76 47 
47 94 5 
5 84 65 59 
59 15 20 26 
26 66 53 
53 9 34 40 36 
36 29 91 48 
48 89 87 60 
20 35 
35 57 
62 50 
60 62 
50 28 
57 8 64 98 4 
28 67 
67 68 95 22 
4 51 61 
6 71 
81 90 6 
91 31 81 
24 41 
61 82 2 
22 42 24 
2 79 77 
45 18 19 
41 45 
19 39 37 
71 83 
83 52 
77 13 
13 21 
76 16 
74 73 
16 11 
21 63 25 
65 99 12 30 
52 32 
37 72 
82 58 
40 56 75 
73 70 
49 54 
66 46 86 
25 88 
72 7 
11 96 
58 93 
75 55 
88 38 
86 14 
70 17 
87 
18 97 
1 
32 43 
31 44 23 
54 
55 
7 10 
30 
38 3 
89 33 
97 
96 
15 
95 
10 78 
94 
3 27 
43 
29 80 
51 
12 
17 
98 
79 
84 
14 
64 
93 69 
68 
34 
90 
23 
46 
39 92 
42 
44 
63 
80 
33 
27 
99 
78 
69 
56 
8 
9 
92 
# clone tree 17 objective: 3.74097
0 17 74 85 
85 1 49 76 47 
47 94 5 
5 84 65 59 
59 15 20 26 
26 66 53 
53 68 40 36 
36 29 91 48 
48 89 87 60 
20 35 
35 57 
62 12 50 
60 62 
50 28 
57 64 98 4 
28 67 
67 34 95 22 
4 51 61 
6 71 
81 90 6 
91 31 81 
24 41 
61 82 2 
22 42 24 
2 79 77 
45 18 19 
41 45 
19 39 37 
71 83 
83 80 52 
77 13 
13 21 
76 16 
74 99 73 
16 11 
21 63 25 
65 56 30 
52 32 
37 72 
82 58 
40 75 
73 70 
49 54 
66 46 86 
25 88 
72 7 
11 96 
58 93 
75 55 
88 38 
86 14 
70 
87 
18 97 
1 
32 43 
31 44 23 
54 
55 
7 10 
30 
38 3 
89 
97 9 8 
96 
15 
95 92 
10 33 
94 
3 78 
43 
29 
51 
12 
17 
98 
79 69 
84 
14 
64 
93 
68 
34 
90 
23 
46 27 
39 
42 
44 
63 
80 
33 
27 
99 
78 
69 
56 
8 
9 
92 
# clone tree 18 objective: 3.74097
0 17 74 85 
85 1 49 76 47 
47 94 5 
5 84 98 65 59 
59 15 20 26 
26 66 53 
53 34 40 36 
36 29 91 48 
48 89 87 60 
20 35 
35 57 
62 12 50 
60 62 
50 28 
57 64 4 
28 67 
67 68 95 22 
4 51 61 
6 71 
81 90 6 
91 31 81 
24 41 
61 82 2 
22 42 24 
2 79 77 
45 18 19 
41 45 
19 39 37 
71 83 
83 52 
77 13 
13 21 
76 16 
74 73 
16 11 
21 63 25 
65 99 30 
52 32 
37 72 
82 58 
40 75 
73 70 
49 54 
66 46 86 
25 88 
72 7 
11 96 
58 93 
75 55 
88 38 
86 14 
70 
87 
18 97 
1 
32 92 9 43 
31 44 23 
54 
55 
7 10 
30 
38 3 
89 
97 
96 
15 33 
95 
10 69 27 
94 8 
3 
43 
29 80 
51 56 
12 
17 
98 
79 
84 
14 
64 
93 
68 
34 
90 
23 
46 78 
39 
42 
44 
63 
80 
33 
27 
99 
78 
69 
56 
8 
9 
92 
# clone tree 19 objective: 3.74097
0 17 74 85 
85 1 49 76 47 
47 94 5 
5 84 65 59 
59 15 20 26 
26 66 53 
53 68 40 36 
36 29 91 48 
48 89 87 60 
20 35 
35 57 
62 12 50 
60 62 
50 28 
57 64 98 4 
28 67 
67 34 95 22 
4 51 61 
6 71 
81 90 6 
91 31 81 
24 41 
61 82 2 
22 42 24 
2 79 77 
45 18 19 
41 45 
19 39 37 
71 83 
83 80 52 
77 13 
13 21 
76 16 
74 99 73 
16 11 
21 63 25 
65 56 30 
52 32 
37 72 
82 58 
40 75 
73 70 
49 54 
66 46 86 
25 88 
72 7 
11 96 
58 93 
75 55 
88 38 
86 14 
70 
87 
18 97 
1 
32 43 
31 44 23 
54 
55 
7 10 
30 
38 3 
89 
97 9 8 
96 
15 
95 
10 33 
94 
3 78 
43 
29 
51 
12 
17 
98 
79 69 
84 
14 
64 
93 
68 
34 
90 
23 
46 27 
39 
42 
44 
63 
80 92 
33 
27 
99 
78 
69 
56 
8 
9 
92 
# clone tree 20 objective: 3.74097
0 74 85 
85 1 49 76 47 
47 94 5 
5 84 65 59 
59 15 20 26 
26 66 53 
53 9 34 40 36 
36 29 91 48 
48 89 87 60 
20 35 
35 57 
62 50 
60 62 
50 28 
57 8 64 98 4 
28 67 
67 68 95 22 
4 51 61 
6 71 
81 90 6 
91 31 81 
24 41 
61 82 2 
22 42 24 
2 79 77 
45 18 19 
41 45 
19 39 37 
71 83 
83 52 
77 13 
13 21 
76 16 
74 73 
16 11 
21 63 25 
65 99 12 30 
52 32 
37 72 
82 58 
40 56 75 
73 70 
49 54 
66 46 86 
25 88 
72 7 
11 96 
58 92 93 
75 55 
88 38 
86 14 
70 17 
87 
18 97 
1 
32 43 
31 44 23 
54 
55 
7 10 
30 
38 3 
89 33 
97 
96 
15 
95 
10 78 
94 
3 27 
43 
29 80 
51 
12 
17 
98 
79 
84 
14 
64 
93 69 
68 
34 
90 
23 
46 
39 
42 
44 
63 
80 
33 
27 
99 
78 
69 
56 
8 
9 
92 
# clone tree 21 objective: 3.74097
0 17 74 85 
85 1 49 76 47 
47 9 94 5 
5 84 98 65 59 
59 15 20 26 
26 66 53 
53 34 40 36 
36 29 91 48 
48 69 89 87 60 
20 35 
35 57 
62 12 50 
60 62 
50 28 
57 64 4 
28 67 
67 68 95 22 
4 51 61 
6 71 
81 90 6 
91 31 81 
24 41 
61 82 2 
22 42 24 
2 79 77 
45 18 19 
41 45 
19 39 37 
71 83 
83 52 
77 13 
13 21 
76 16 
74 73 
16 11 
21 63 25 
65 99 30 
52 56 32 
37 72 
82 58 
40 75 
73 70 
49 54 
66 46 86 
25 88 
72 7 
11 96 
58 93 
75 55 
88 38 
86 92 8 14 
70 
87 
18 97 
1 
32 43 
31 44 23 
54 
55 
7 10 
30 
38 3 
89 
97 
96 
15 33 
95 
10 27 
94 
3 
43 
29 80 
51 
12 
17 
98 
79 
84 
14 
64 
93 
68 
34 
90 
23 
46 78 
39 
42 
44 
63 
80 
33 
27 
99 
78 
69 
56 
8 
9 
92 
# clone tree 22 objective: 3.74097
0 17 74 85 
85 1 49 76 47 
47 94 5 
5 84 98 65 59 
59 15 20 26 
26 66 53 
53 34 40 36 
36 29 91 48 
48 89 87 60 
20 35 
35 57 
62 12 50 
60 62 
50 28 
57 64 4 
28 67 
67 68 95 22 
4 51 61 
6 71 
81 90 6 
91 31 81 
24 41 
61 82 2 
22 42 24 
2 79 77 
45 18 19 
41 45 
19 39 37 
71 83 
83 52 
77 13 
13 21 
76 16 
74 73 
16 11 
21 63 25 
65 99 30 
52 32 
37 72 
82 58 
40 75 
73 70 
49 54 
66 46 86 
25 88 
72 7 
11 96 
58 93 
75 55 
88 38 
86 14 
70 
87 
18 97 
1 
32 9 43 
31 44 23 
54 
55 
7 10 
30 
38 3 
89 
97 
96 
15 33 
95 
10 69 27 
94 8 
3 
43 92 
29 80 
51 56 
12 
17 
98 
79 
84 
14 
64 
93 
68 
34 
90 
23 
46 78 
39 
42 
44 
63 
80 
33 
27 
99 
78 
69 
56 
8 
9 
92 
# clone tree 23 objective: 3.74097
0 17 74 85 
85 1 49 76 47 
47 94 5 
5 84 65 59 
59 15 20 26 
26 66 53 
53 68 40 36 
36 29 91 48 
48 89 87 60 
20 35 
35 57 
62 12 50 
60 62 
50 28 
57 64 98 4 
28 67 
67 34 95 22 
4 51 61 
6 71 
81 90 6 
91 31 81 
24 41 
61 82 2 
22 42 24 
2 79 77 
45 18 19 
41 45 
19 39 37 
71 83 
83 80 52 
77 13 
13 21 
76 16 
74 99 73 
16 11 
21 63 25 
65 56 30 
52 32 
37 72 
82 58 
40 75 
73 70 
49 54 
66 46 86 
25 88 
72 7 
11 96 
58 93 
75 55 
88 38 
86 14 
70 
87 
18 97 
1 
32 43 
31 44 23 
54 
55 
7 10 
30 
38 3 
89 
97 9 8 
96 
15 
95 
10 33 
94 
3 78 
43 
29 
51 
12 
17 
98 
79 69 
84 
14 
64 
93 
68 
34 
90 
23 92 
46 27 
39 
42 
44 
63 
80 
33 
27 
99 
78 
69 
56 
8 
9 
92 
# clone tree 24 objective: 3.74097
0 74 85 
85 1 49 76 47 
47 94 5 
5 84 65 59 
59 15 20 26 
26 66 53 
53 9 34 40 36 
36 29 91 48 
48 89 87 60 
20 35 
35 57 
62 50 
60 62 
50 28 
57 8 64 98 4 
28 67 
67 68 95 22 
4 51 61 
6 71 
81 90 6 
91 31 81 
24 41 
61 82 2 
22 42 24 
2 79 77 
45 18 19 
41 45 
19 39 37 
71 83 
83 52 
77 13 
13 21 
76 16 
74 73 
16 11 
21 63 25 
65 99 12 30 
52 32 
37 72 
82 58 
40 56 75 
73 70 
49 54 
66 46 86 
25 88 
72 7 
11 96 
58 93 
75 55 
88 38 
86 14 
70 17 
87 
18 97 
1 
32 43 
31 44 23 
54 
55 92 
7 10 
30 
38 3 
89 33 
97 
96 
15 
95 
10 78 
94 
3 27 
43 
29 80 
51 
12 
17 
98 
79 
84 
14 
64 
93 69 
68 
34 
90 
23 
46 
39 
42 
44 
63 
80 
33 
27 
99 
78 
69 
56 
8 
9 
92 
# clone tree 25 objective: 3.74097
0 17 74 85 
85 1 49 76 47 
47 9 94 5 
5 84 98 65 59 
59 15 20 26 
26 66 53 
53 34 40 36 
36 29 91 48 
48 69 89 87 60 
20 35 
35 57 
62 12 50 
60 62 
50 28 
57 64 4 
28 67 
67 68 95 22 
4 51 61 
6 71 
81 90 6 
91 31 81 
24 41 
61 82 2 
22 42 24 
2 79 77 
45 18 19 
41 45 
19 39 37 
71 83 
83 52 
77 13 
13 21 
76 16 
74 73 
16 11 
21 63 25 
65 99 30 
52 56 32 
37 72 
82 58 
40 75 
73 92 70 
49 54 
66 46 86 
25 88 
72 7 
11 96 
58 93 
75 55 
88 38 
86 8 14 
70 
87 
18 97 
1 
32 43 
31 44 23 
54 
55 
7 10 
30 
38 3 
89 
97 
96 
15 33 
95 
10 27 
94 
3 
43 
29 80 
51 
12 
17 
98 
79 
84 
14 
64 
93 
68 
34 
90 
23 
46 78 
39 
42 
44 
63 
80 
33 
27 
99 
78 
69 
56 
8 
9 
92 
# clone tree 26 objective: 3.74097
0 17 74 85 
85 1 49 76 47 
47 94 5 
5 84 98 65 59 
59 15 20 26 
26 66 53 
53 34 40 36 
36 29 91 48 
48 89 87 60 
20 35 
35 57 
62 12 50 
60 62 
50 28 
57 64 4 
28 8 67 
67 68 95 22 
4 51 61 
6 71 
81 90 6 
91 31 81 
24 41 
61 82 2 
22 42 24 
2 79 77 
45 18 19 
41 45 
19 39 37 
71 92 83 
83 52 
77 13 
13 21 
76 16 
74 73 
16 11 
21 63 25 
65 99 30 
52 32 
37 72 
82 58 
40 75 
73 70 
49 54 
66 46 86 
25 88 
72 7 
11 96 
58 93 
75 55 
88 38 
86 14 
70 
87 
18 97 
1 
32 43 
31 9 44 23 
54 
55 
7 10 
30 
38 3 
89 
97 
96 
15 33 
95 
10 69 27 
94 
3 
43 
29 80 
51 
12 
17 
98 
79 
84 
14 
64 
93 
68 
34 
90 
23 
46 78 
39 
42 
44 
63 
80 
33 
27 
99 56 
78 
69 
56 
8 
9 
92 
# clone tree 27 objective: 3.74097
0 74 85 
85 1 49 76 47 
47 94 5 
5 84 65 59 
59 15 20 26 
26 66 53 
53 56 34 40 36 
36 29 91 48 
48 33 89 87 60 
20 9 35 
35 57 
62 50 
60 62 
50 28 
57 64 98 4 
28 67 
67 92 8 68 95 22 
4 51 61 
6 71 
81 90 6 
91 31 81 
24 41 
61 82 2 
22 42 24 
2 79 77 
45 18 19 
41 45 
19 39 37 
71 83 
83 52 
77 13 
13 21 
76 16 
74 73 
16 11 
21 63 25 
65 12 30 
52 32 
37 72 
82 58 
40 75 
73 70 
49 54 
66 46 86 
25 88 
72 7 
11 96 
58 93 
75 55 
88 38 
86 14 
70 17 
87 
18 97 
1 
32 43 
31 44 23 
54 
55 
7 10 
30 
38 3 
89 
97 
96 
15 69 
95 99 
10 
94 
3 27 
43 80 
29 
51 
12 
17 
98 
79 
84 
14 
64 
93 
68 
34 
90 
23 
46 
39 
42 
44 
63 
80 
33 
27 78 
99 
78 
69 
56 
8 
9 
92 
# clone tree 28 objective: 3.74097
0 74 85 
85 1 49 76 47 
47 94 5 
5 84 65 59 
59 15 20 26 
26 66 53 
53 34 40 36 
36 29 91 48 
48 89 87 60 
20 35 
35 57 
62 50 
60 62 
50 28 
57 64 98 4 
28 67 
67 68 95 22 
4 51 61 
6 8 71 
81 90 6 
91 31 81 
24 41 
61 82 2 
22 42 24 
2 79 77 
45 18 19 
41 45 
19 39 37 
71 83 
83 52 
77 13 
13 21 
76 16 
74 73 
16 11 
21 63 25 
65 99 12 30 
52 32 
37 72 
82 58 
40 75 
73 70 
49 54 
66 46 86 
25 88 
72 7 
11 96 
58 93 
75 55 
88 38 
86 14 
70 17 
87 
18 97 
1 
32 43 
31 44 23 
54 92 
55 
7 10 
30 
38 3 
89 33 
97 
96 
15 
95 
10 78 
94 
3 27 
43 
29 56 80 
51 
12 
17 
98 
79 
84 
14 
64 
93 69 
68 
34 
90 
23 
46 
39 
42 
44 9 
63 
80 
33 
27 
99 
78 
69 
56 
8 
9 
92 
# clone tree 29 objective: 3.74097
0 74 85 
85 1 49 76 47 
47 94 5 
5 84 65 59 
59 15 20 26 
26 66 53 
53 34 40 36 
36 29 91 48 
48 33 89 87 60 
20 35 
35 57 
62 50 
60 62 
50 28 
57 64 98 4 
28 67 
67 68 95 22 
4 51 61 
6 71 
81 90 6 
91 31 81 
24 41 
61 82 2 
22 42 24 
2 79 77 
45 18 19 
41 45 
19 39 37 
71 83 
83 52 
77 13 
13 21 
76 16 
74 73 
16 11 
21 63 25 
65 12 30 
52 32 
37 72 
82 58 
40 75 
73 70 
49 54 
66 46 86 
25 88 
72 7 
11 96 
58 93 
75 55 
88 38 
86 14 
70 17 
87 
18 97 
1 
32 43 
31 44 23 
54 
55 
7 10 
30 
38 3 
89 
97 
96 
15 
95 99 
10 78 
94 
3 27 
43 80 
29 
51 
12 
17 
98 
79 
84 
14 8 
64 
93 
68 
34 
90 
23 
46 
39 
42 
44 
63 
80 9 
33 69 
27 
99 56 
78 
69 
56 
8 
9 92 
92 
# clone tree 30 objective: 3.74097
0 17 74 85 
85 1 49 76 47 
47 94 5 
5 84 98 65 59 
59 15 20 26 
26 66 53 
53 34 40 36 
36 29 91 48 
48 89 87 60 
20 35 
35 57 
62 12 50 
60 62 
50 28 
57 64 4 
28 67 
67 68 95 22 
4 51 61 
6 71 
81 90 6 
91 31 81 
24 41 
61 82 2 
22 42 24 
2 79 77 
45 18 19 
41 45 
19 39 37 
71 83 
83 52 
77 13 
13 21 
76 16 
74 73 
16 11 
21 63 25 
65 99 30 
52 32 
37 72 
82 58 
40 75 
73 70 
49 54 
66 46 86 
25 8 88 
72 7 
11 96 
58 93 
75 55 
88 38 
86 14 
70 
87 
18 97 
1 
32 92 43 
31 44 23 
54 
55 
7 10 
30 
38 3 
89 
97 
96 
15 33 
95 
10 69 27 
94 
3 
43 
29 80 
51 
12 9 
17 
98 
79 
84 
14 56 
64 
93 
68 
34 
90 
23 
46 78 
39 
42 
44 
63 
80 
33 
27 
99 
78 
69 
56 
8 
9 
92 
# clone tree 31 objective: 3.74097
0 17 74 85 
85 1 49 76 47 
47 94 5 
5 84 98 65 59 
59 15 20 26 
26 66 53 
53 34 40 36 
36 29 91 48 
48 69 89 87 60 
20 35 
35 9 57 
62 12 50 
60 62 
50 28 
57 64 4 
28 67 
67 68 95 22 
4 51 61 
6 71 
81 92 90 6 
91 31 81 
24 41 
61 82 2 
22 42 24 
2 79 77 
45 18 19 
41 45 
19 39 37 
71 83 
83 52 
77 13 
13 21 
76 16 
74 73 
16 11 
21 63 25 
65 99 30 
52 56 32 
37 72 
82 58 
40 75 
73 70 
49 54 
66 46 86 
25 88 
72 7 
11 96 
58 93 
75 55 
88 38 
86 8 14 
70 
87 
18 97 
1 
32 43 
31 44 23 
54 
55 
7 10 
30 
38 3 
89 
97 
96 
15 33 
95 
10 27 
94 
3 
43 
29 80 
51 
12 
17 
98 
79 
84 
14 
64 
93 
68 
34 
90 
23 
46 78 
39 
42 
44 
63 
80 
33 
27 
99 
78 
69 
56 
8 
9 
92 
# clone tree 32 objective: 3.74097
0 17 74 85 
85 1 49 76 47 
47 94 5 
5 84 98 65 59 
59 15 20 26 
26 66 53 
53 34 40 36 
36 29 91 48 
48 89 87 60 
20 35 
35 57 
62 12 50 
60 62 
50 28 
57 64 4 
28 67 
67 68 95 22 
4 51 61 
6 71 
81 90 6 
91 31 81 
24 41 
61 82 2 
22 42 24 
2 79 77 
45 18 19 
41 45 
19 9 39 37 
71 83 
83 52 
77 13 
13 21 
76 16 
74 73 
16 11 
21 63 25 
65 99 30 
52 32 
37 72 
82 58 
40 75 
73 8 70 
49 54 
66 46 86 
25 92 88 
72 7 
11 96 
58 93 
75 55 
88 38 
86 14 
70 
87 
18 97 
1 
32 43 
31 44 23 
54 
55 
7 10 
30 
38 3 
89 
97 
96 
15 33 
95 
10 69 27 
94 
3 
43 56 
29 80 
51 
12 
17 
98 
79 
84 
14 
64 
93 
68 
34 
90 
23 
46 78 
39 
42 
44 
63 
80 
33 
27 
99 
78 
69 
56 
8 
9 
92 
# clone tree 33 objective: 3.74097
0 74 85 
85 1 49 76 47 
47 94 5 
5 84 65 59 
59 15 20 26 
26 66 53 
53 9 34 40 36 
36 29 91 48 
48 89 87 60 
20 35 
35 57 
62 50 
60 62 
50 28 
57 8 64 98 4 
28 67 
67 68 95 22 
4 51 61 
6 71 
81 90 6 
91 31 81 
24 41 
61 82 2 
22 42 24 
2 79 77 
45 18 19 
41 45 
19 39 37 
71 83 
83 52 
77 13 
13 21 
76 16 
74 73 
16 11 
21 63 25 
65 99 12 30 
52 32 
37 72 
82 58 
40 56 75 
73 70 
49 92 54 
66 46 86 
25 88 
72 7 
11 96 
58 93 
75 55 
88 38 
86 14 
70 17 
87 
18 97 
1 
32 43 
31 44 23 
54 
55 
7 10 
30 
38 3 
89 33 
97 
96 
15 
95 
10 78 
94 
3 27 
43 
29 80 
51 
12 
17 
98 
79 
84 
14 
64 
93 69 
68 
34 
90 
23 
46 
39 
42 
44 
63 
80 
33 
27 
99 
78 
69 
56 
8 
9 
92 
# clone tree 34 objective: 3.74097
0 17 74 85 
85 1 49 76 47 
47 94 5 
5 84 98 65 59 
59 15 20 26 
26 66 53 
53 34 40 36 
36 29 91 48 
48 89 87 60 
20 35 
35 57 
62 12 50 
60 62 
50 28 
57 64 4 
28 8 67 
67 92 68 95 22 
4 51 61 
6 71 
81 90 6 
91 31 81 
24 41 
61 82 2 
22 42 24 
2 79 77 
45 18 19 
41 45 
19 39 37 
71 83 
83 52 
77 13 
13 21 
76 16 
74 73 
16 11 
21 63 25 
65 99 30 
52 32 
37 72 
82 58 
40 75 
73 70 
49 54 
66 46 86 
25 88 
72 7 
11 96 
58 93 
75 55 
88 38 
86 14 
70 
87 
18 97 
1 
32 43 
31 9 44 23 
54 
55 
7 10 
30 
38 3 
89 
97 
96 
15 33 
95 
10 69 27 
94 
3 
43 
29 80 
51 
12 
17 
98 
79 
84 
14 
64 
93 
68 
34 
90 
23 
46 78 
39 
42 
44 
63 
80 
33 
27 
99 56 
78 
69 
56 
8 
9 
92 
# clone tree 35 objective: 3.74097
0 74 85 
85 1 49 76 47 
47 94 5 
5 84 65 59 
59 15 20 26 
26 66 53 
53 34 40 36 
36 29 91 48 
48 89 87 60 
20 35 
35 57 
62 50 
60 62 
50 28 
57 64 98 4 
28 67 
67 68 95 22 
4 51 61 
6 8 71 
81 92 90 6 
91 31 81 
24 41 
61 82 2 
22 42 24 
2 79 77 
45 18 19 
41 45 
19 39 37 
71 83 
83 52 
77 13 
13 21 
76 16 
74 73 
16 11 
21 63 25 
65 99 12 30 
52 32 
37 72 
82 58 
40 75 
73 70 
49 54 
66 46 86 
25 88 
72 7 
11 96 
58 93 
75 55 
88 38 
86 14 
70 17 
87 
18 97 
1 
32 43 
31 44 23 
54 
55 
7 10 
30 
38 3 
89 33 
97 
96 
15 
95 
10 78 
94 
3 27 
43 
29 56 80 
51 
12 
17 
98 
79 
84 9 
14 
64 
93 69 
68 
34 
90 
23 
46 
39 
42 
44 
63 
80 
33 
27 
99 
78 
69 
56 
8 
9 
92 
# clone tree 36 objective: 3.74097
0 74 85 
85 1 49 76 47 
47 94 5 
5 84 65 59 
59 15 20 26 
26 66 53 
53 34 40 36 
36 29 91 48 
48 33 89 87 60 
20 35 
35 57 
62 50 
60 62 
50 28 
57 64 98 4 
28 67 
67 68 95 22 
4 51 61 
6 71 
81 90 6 
91 9 31 81 
24 41 
61 82 2 
22 42 24 
2 79 77 
45 18 19 
41 45 
19 39 37 
71 83 
83 52 
77 13 
13 21 
76 16 
74 73 
16 11 
21 63 25 
65 56 12 30 
52 32 
37 72 
82 58 
40 75 
73 70 
49 54 
66 46 86 
25 88 
72 7 
11 96 
58 93 
75 55 
88 38 
86 14 
70 17 
87 
18 97 
1 
32 43 
31 44 23 
54 
55 
7 10 
30 
38 3 
89 
97 
96 
15 
95 99 
10 
94 8 
3 27 
43 80 
29 
51 92 
12 
17 
98 
79 
84 
14 
64 
93 69 
68 
34 
90 
23 
46 
39 
42 
44 
63 
80 
33 
27 78 
99 
78 
69 
56 
8 
9 
92 
# clone tree 37 objective: 3.74097
0 74 85 
85 1 49 76 47 
47 94 5 
5 84 65 59 
59 15 20 26 
26 66 53 
53 34 40 36 
36 29 91 48 
48 89 87 60 
20 9 35 
35 57 
62 50 
60 62 
50 28 
57 64 98 4 
28 67 
67 68 95 22 
4 51 61 
6 71 
81 90 6 
91 31 81 
24 41 
61 82 2 
22 42 24 
2 79 77 
45 18 19 
41 45 
19 39 37 
71 8 83 
83 52 
77 13 
13 21 
76 16 
74 73 
16 11 
21 63 25 
65 99 12 30 
52 32 
37 72 
82 58 
40 75 
73 70 
49 54 
66 46 86 
25 88 
72 7 
11 96 
58 93 
75 55 
88 38 
86 14 
70 17 
87 
18 97 
1 
32 43 
31 44 23 
54 
55 
7 10 
30 
38 3 
89 33 
97 
96 
15 
95 
10 78 
94 
3 27 
43 
29 56 80 
51 
12 
17 
98 
79 
84 
14 
64 
93 69 
68 
34 
90 
23 
46 
39 
42 92 
44 
63 
80 
33 
27 
99 
78 
69 
56 
8 
9 
92 
# clone tree 38 objective: 3.74097
0 17 74 85 
85 1 49 76 47 
47 94 5 
5 84 98 65 59 
59 15 20 26 
26 9 66 53 
53 34 40 36 
36 29 91 48 
48 69 89 87 60 
20 35 
35 57 
62 12 50 
60 62 
50 28 
57 64 4 
28 67 
67 68 95 22 
4 51 61 
6 71 
81 90 6 
91 31 81 
24 41 
61 82 2 
22 42 24 
2 79 77 
45 18 19 
41 45 
19 39 37 
71 83 
83 52 
77 13 
13 21 
76 16 
74 73 
16 11 
21 63 25 
65 99 30 
52 56 32 
37 72 
82 58 
40 75 
73 70 
49 92 54 
66 46 86 
25 88 
72 7 
11 96 
58 93 
75 55 
88 38 
86 8 14 
70 
87 
18 97 
1 
32 43 
31 44 23 
54 
55 
7 10 
30 
38 3 
89 
97 
96 
15 33 
95 
10 27 
94 
3 
43 
29 80 
51 
12 
17 
98 
79 
84 
14 
64 
93 
68 
34 
90 
23 
46 78 
39 
42 
44 
63 
80 
33 
27 
99 
78 
69 
56 
8 
9 
92 
# clone tree 39 objective: 3.74097
0 74 85 
85 1 49 76 47 
47 94 5 
5 84 65 59 
59 15 20 26 
26 66 53 
53 34 40 36 
36 29 91 48 
48 33 89 87 60 
20 35 
35 57 
62 50 
60 62 
50 28 
57 64 98 4 
28 67 
67 68 95 22 
4 51 61 
6 71 
81 90 6 
91 31 81 
24 41 
61 82 2 
22 42 24 
2 79 77 
45 18 19 
41 45 
19 92 39 37 
71 83 
83 52 
77 13 
13 21 
76 16 
74 73 
16 11 
21 63 25 
65 12 30 
52 32 
37 72 
82 58 
40 75 
73 70 
49 54 
66 46 86 
25 88 
72 7 
11 96 
58 56 93 
75 55 
88 38 
86 14 
70 17 
87 
18 97 
1 
32 43 
31 44 23 
54 
55 
7 10 
30 
38 3 
89 
97 
96 
15 
95 99 
10 
94 8 
3 27 
43 80 
29 
51 
12 
17 
98 
79 9 
84 
14 
64 
93 69 
68 
34 
90 
23 
46 
39 
42 
44 
63 
80 
33 
27 78 
99 
78 
69 
56 
8 
9 
92 
# clone tree 40 objective: 3.74097
0 9 74 85 
85 1 49 76 47 
47 94 5 
5 84 65 59 
59 15 20 26 
26 66 53 
53 56 34 40 36 
36 29 91 48 
48 89 87 60 
20 35 
35 57 
62 50 
60 62 
50 28 
57 64 98 4 
28 67 
67 68 95 22 
4 51 61 
6 71 
81 90 6 
91 31 81 
24 41 
61 82 2 
22 42 24 
2 79 77 
45 18 19 
41 45 
19 39 37 
71 83 
83 52 
77 13 
13 21 
76 16 
74 73 
16 11 
21 63 25 
65 99 12 30 
52 32 
37 72 
82 58 
40 75 
73 70 
49 54 
66 46 86 
25 88 
72 7 
11 96 
58 93 
75 55 
88 38 
86 8 14 
70 17 
87 
18 97 
1 
32 43 
31 44 23 
54 
55 
7 10 
30 
38 3 
89 33 
97 
96 
15 
95 
10 78 
94 
3 27 
43 
29 80 
51 
12 
17 
98 
79 
84 
14 
64 
93 69 
68 92 
34 
90 
23 
46 
39 
42 
44 
63 
80 
33 
27 
99 
78 
69 
56 
8 
9 
92 
# clone tree 41 objective: 3.74097
0 17 74 85 
85 1 49 76 47 
47 94 5 
5 84 65 59 
59 15 20 26 
26 66 53 
53 68 40 36 
36 29 91 48 
48 89 87 60 
20 35 
35 57 
62 12 50 
60 62 
50 28 
57 64 98 4 
28 67 
67 34 95 22 
4 51 61 
6 71 
81 90 6 
91 31 81 
24 41 
61 82 2 
22 42 24 
2 79 77 
45 18 19 
41 45 
19 39 37 
71 83 
83 80 52 
77 13 
13 21 
76 16 
74 99 73 
16 11 
21 63 25 
65 30 
52 32 
37 72 
82 58 
40 75 
73 70 
49 54 
66 46 86 
25 8 88 
72 7 
11 96 
58 93 
75 55 
88 38 
86 14 
70 
87 
18 97 
1 
32 43 
31 44 23 
54 
55 
7 10 
30 
38 3 
89 
97 
96 
15 
95 
10 33 
94 
3 78 
43 
29 
51 
12 56 
17 
98 
79 69 
84 
14 
64 
93 92 
68 
34 
90 
23 
46 27 
39 
42 
44 
63 
80 
33 
27 
99 
78 
69 
56 
8 
9 
92 9 
# clone tree 42 objective: 3.74097
0 74 85 
85 1 49 76 47 
47 94 5 
5 84 65 59 
59 15 20 26 
26 66 53 
53 34 40 36 
36 29 91 48 
48 89 87 60 
20 35 
35 57 
62 50 
60 62 
50 28 
57 64 98 4 
28 67 
67 68 95 22 
4 51 61 
6 71 
81 90 6 
91 31 81 
24 41 
61 82 2 
22 42 24 
2 79 77 
45 18 19 
41 45 
19 39 37 
71 83 
83 52 
77 13 
13 21 
76 16 
74 73 
16 11 
21 63 25 
65 99 12 30 
52 32 
37 72 
82 9 58 
40 75 
73 70 
49 54 
66 46 86 
25 88 
72 7 
11 96 
58 93 
75 55 
88 38 
86 14 
70 17 
87 
18 97 
1 
32 43 
31 44 23 
54 
55 
7 10 
30 
38 3 
89 92 33 
97 
96 
15 
95 
10 78 
94 
3 27 
43 
29 56 80 
51 8 
12 
17 
98 
79 
84 
14 
64 
93 69 
68 
34 
90 
23 
46 
39 
42 
44 
63 
80 
33 
27 
99 
78 
69 
56 
8 
9 
92 
# clone tree 43 objective: 3.74097
0 17 74 85 
85 1 49 76 47 
47 94 5 
5 84 65 59 
59 15 20 26 
26 66 53 
53 68 40 36 
36 29 91 48 
48 89 87 60 
20 35 
35 57 
62 12 50 
60 62 
50 28 
57 92 64 98 4 
28 67 
67 34 95 22 
4 51 61 
6 71 
81 90 6 
91 31 81 
24 41 
61 82 2 
22 42 24 
2 79 77 
45 18 19 
41 45 
19 39 37 
71 83 
83 80 52 
77 13 
13 21 
76 16 
74 99 73 
16 11 
21 63 25 
65 56 30 
52 32 
37 72 
82 58 
40 75 
73 70 
49 54 
66 46 86 
25 88 
72 7 
11 96 
58 93 
75 55 
88 38 
86 14 
70 
87 
18 97 
1 
32 43 
31 44 23 
54 
55 
7 10 
30 
38 3 
89 
97 9 8 
96 
15 
95 
10 33 
94 
3 78 
43 
29 
51 
12 
17 
98 
79 69 
84 
14 
64 
93 
68 
34 
90 
23 
46 27 
39 
42 
44 
63 
80 
33 
27 
99 
78 
69 
56 
8 
9 
92 
# clone tree 44 objective: 3.74097
0 74 85 
85 1 49 76 47 
47 94 5 
5 84 65 59 
59 15 20 26 
26 66 53 
53 34 40 36 
36 29 91 48 
48 89 87 60 
20 35 
35 57 
62 50 
60 62 
50 28 
57 64 98 4 
28 67 
67 68 95 22 
4 51 61 
6 71 
81 90 6 
91 31 81 
24 41 
61 82 2 
22 42 24 
2 79 77 
45 18 19 
41 45 
19 39 37 
71 83 
83 52 
77 13 
13 21 
76 16 
74 73 
16 11 
21 63 25 
65 99 12 30 
52 32 
37 72 
82 9 58 
40 75 
73 70 
49 54 
66 46 86 
25 88 
72 7 
11 96 
58 93 
75 55 
88 38 
86 14 
70 17 
87 
18 97 
1 
32 92 43 
31 44 23 
54 
55 
7 10 
30 
38 3 
89 33 
97 
96 
15 
95 
10 78 
94 
3 27 
43 
29 56 80 
51 8 
12 
17 
98 
79 
84 
14 
64 
93 69 
68 
34 
90 
23 
46 
39 
42 
44 
63 
80 
33 
27 
99 
78 
69 
56 
8 
9 
92 
# clone tree 45 objective: 3.74097
0 17 74 85 
85 1 49 76 47 
47 94 5 
5 84 98 65 59 
59 33 15 20 26 
26 66 53 
53 34 40 36 
36 29 91 48 
48 89 87 60 
20 35 
35 57 
62 99 50 
60 62 
50 28 
57 64 4 
28 67 
67 68 95 22 
4 51 61 
6 71 
81 90 6 
91 31 81 
24 41 
61 82 2 
22 42 24 
2 79 77 
45 18 19 
41 45 
19 39 37 
71 83 
83 52 
77 13 
13 21 
76 16 
74 73 
16 11 
21 63 25 
65 12 30 
52 32 
37 72 
82 58 
40 75 
73 70 
49 54 
66 46 86 
25 8 88 
72 7 
11 96 
58 93 
75 55 
88 38 
86 14 
70 
87 
18 56 97 
1 
32 43 
31 23 
54 
55 
7 10 
30 
38 3 
89 
97 44 
96 92 
15 
95 
10 9 27 
94 
3 78 
43 80 
29 
51 
12 
17 
98 
79 69 
84 
14 
64 
93 
68 
34 
90 
23 
46 
39 
42 
44 
63 
80 
33 
27 
99 
78 
69 
56 
8 
9 
92 
# clone tree 46 objective: 3.74097
0 74 85 
85 1 49 76 47 
47 94 5 
5 84 65 59 
59 15 20 26 
26 66 53 
53 34 40 36 
36 29 91 48 
48 89 87 60 
20 35 
35 57 
62 50 
60 62 
50 28 
57 64 98 4 
28 67 
67 68 95 22 
4 51 61 
6 8 71 
81 90 6 
91 31 81 
24 41 
61 82 2 
22 42 24 
2 79 77 
45 18 19 
41 45 
19 39 37 
71 83 
83 52 
77 13 
13 21 
76 16 
74 73 
16 11 
21 63 25 
65 99 12 30 
52 32 
37 72 
82 58 
40 75 
73 70 
49 54 
66 46 86 
25 88 
72 7 
11 96 
58 93 
75 9 55 
88 38 
86 14 
70 92 17 
87 
18 97 
1 
32 43 
31 44 23 
54 
55 
7 10 
30 
38 3 
89 33 
97 
96 
15 
95 
10 78 
94 
3 27 
43 
29 56 80 
51 
12 
17 
98 
79 
84 
14 
64 
93 69 
68 
34 
90 
23 
46 
39 
42 
44 
63 
80 
33 
27 
99 
78 
69 
56 
8 
9 
92 
# clone tree 47 objective: 3.74097
0 17 74 85 
85 1 49 76 47 
47 94 5 
5 84 98 65 59 
59 15 20 26 
26 66 53 
53 34 40 36 
36 29 91 48 
48 89 87 60 
20 35 
35 92 57 
62 12 50 
60 62 
50 28 
57 64 4 
28 8 67 
67 68 95 22 
4 51 61 
6 71 
81 90 6 
91 31 81 
24 41 
61 82 2 
22 42 24 
2 79 77 
45 18 19 
41 45 
19 39 37 
71 83 
83 52 
77 13 
13 21 
76 16 
74 73 
16 11 
21 63 25 
65 99 30 
52 32 
37 72 
82 58 
40 75 
73 70 
49 54 
66 46 86 
25 88 
72 7 
11 96 
58 93 
75 55 
88 38 
86 14 
70 
87 
18 97 
1 
32 43 
31 9 44 23 
54 
55 
7 10 
30 
38 3 
89 
97 
96 
15 33 
95 
10 69 27 
94 
3 
43 
29 80 
51 
12 
17 
98 
79 
84 
14 
64 
93 
68 
34 
90 
23 
46 78 
39 
42 
44 
63 
80 
33 
27 
99 56 
78 
69 
56 
8 
9 
92 
# clone tree 48 objective: 3.74097
0 17 74 85 
85 1 49 76 47 
47 94 5 
5 84 98 65 59 
59 33 15 20 26 
26 66 53 
53 34 40 36 
36 29 91 48 
48 89 87 60 
20 35 
35 57 
62 50 
60 62 
50 28 
57 64 4 
28 67 
67 68 95 22 
4 51 61 
6 71 
81 90 6 
91 31 81 
24 41 
61 82 2 
22 42 24 
2 79 77 
45 18 19 
41 45 
19 39 37 
71 83 
83 52 
77 13 
13 21 
76 16 
74 73 
16 11 
21 63 25 
65 12 30 
52 56 32 
37 72 
82 58 
40 75 
73 9 70 
49 54 
66 46 86 
25 88 
72 7 
11 96 
58 93 
75 55 
88 38 
86 14 
70 
87 
18 97 
1 
32 43 
31 23 
54 
55 
7 10 
30 
38 3 
89 
97 44 
96 
15 
95 99 
10 27 
94 
3 
43 80 
29 
51 
12 
17 
98 
79 
84 
14 
64 
93 69 
68 
34 
90 
23 
46 
39 
42 
44 8 
63 
80 
33 
27 78 
99 
78 
69 92 
56 
8 
9 
92 
# clone tree 49 objective: 3.74097
0 74 85 
85 1 49 76 47 
47 94 5 
5 84 65 59 
59 15 20 26 
26 66 53 
53 56 34 40 36 
36 29 91 48 
48 89 87 60 
20 35 
35 57 
62 50 
60 62 
50 28 
57 64 98 4 
28 67 
67 68 95 22 
4 51 61 
6 71 
81 90 6 
91 31 81 
24 41 
61 82 2 
22 42 24 
2 79 77 
45 18 19 
41 45 
19 39 37 
71 83 
83 52 
77 13 
13 21 
76 16 
74 73 
16 11 
21 63 25 
65 99 12 30 
52 32 
37 72 
82 58 
40 75 
73 70 
49 54 
66 46 86 
25 88 
72 7 
11 96 
58 93 
75 55 
88 38 
86 8 14 
70 17 
87 
18 92 97 
1 
32 43 
31 44 23 
54 
55 
7 10 
30 
38 3 
89 33 
97 
96 
15 
95 
10 78 
94 
3 27 
43 
29 80 
51 
12 
17 
98 
79 
84 
14 
64 
93 9 69 
68 
34 
90 
23 
46 
39 
42 
44 
63 
80 
33 
27 
99 
78 
69 
56 
8 
9 
92 
# clone tree 50 objective: 3.74097
0 74 85 
85 1 49 76 47 
47 94 5 
5 84 65 59 
59 15 20 26 
26 66 53 
53 34 40 36 
36 29 91 48 
48 89 87 60 
20 35 
35 57 
62 50 
60 62 
50 28 
57 64 98 4 
28 67 
67 92 68 95 22 
4 51 61 
6 8 71 
81 90 6 
91 31 81 
24 41 
61 82 2 
22 42 24 
2 79 77 
45 18 19 
41 45 
19 39 37 
71 83 
83 52 
77 13 
13 21 
76 16 
74 73 
16 11 
21 63 25 
65 99 12 30 
52 32 
37 72 
82 58 
40 75 
73 70 
49 54 
66 46 86 
25 88 
72 7 
11 96 
58 93 
75 55 
88 38 
86 14 
70 17 
87 
18 97 
1 
32 43 
31 44 23 
54 
55 
7 10 
30 
38 3 
89 33 
97 
96 
15 
95 
10 78 
94 
3 27 
43 
29 56 80 
51 
12 
17 
98 
79 
84 
14 
64 
93 69 
68 
34 
90 
23 
46 
39 
42 
44 
63 
80 
33 
27 
99 
78 
69 
56 9 
8 
9 
92 
# clone tree 51 objective: 3.74097
0 74 85 
85 1 49 76 47 
47 94 5 
5 84 65 59 
59 15 20 26 
26 66 53 
53 34 40 36 
36 29 91 48 
48 89 87 60 
20 9 35 
35 57 
62 50 
60 62 
50 28 
57 64 98 4 
28 67 
67 68 95 22 
4 51 61 
6 71 
81 90 6 
91 31 81 
24 41 
61 82 2 
22 42 24 
2 79 77 
45 18 19 
41 45 
19 39 37 
71 83 
83 52 
77 13 
13 21 
76 92 16 
74 73 
16 11 
21 63 25 
65 99 12 30 
52 32 
37 72 
82 58 
40 75 
73 70 
49 54 
66 46 86 
25 88 
72 7 
11 96 
58 93 
75 55 
88 38 
86 14 
70 17 
87 
18 97 
1 
32 43 
31 44 23 
54 8 
55 
7 10 
30 
38 3 
89 33 
97 
96 
15 
95 56 
10 78 
94 
3 27 
43 
29 80 
51 
12 
17 
98 
79 
84 
14 
64 
93 69 
68 
34 
90 
23 
46 
39 
42 
44 
63 
80 
33 
27 
99 
78 
69 
56 
8 
9 
92 
# clone tree 52 objective: 3.74097
0 74 85 
85 1 49 76 47 
47 94 5 
5 84 65 59 
59 15 20 26 
26 66 53 
53 34 40 36 
36 29 91 48 
48 33 89 87 60 
20 35 
35 57 
62 50 
60 62 
50 28 
57 64 98 4 
28 67 
67 68 95 22 
4 51 61 
6 71 
81 90 6 
91 31 81 
24 41 
61 82 2 
22 42 24 
2 79 77 
45 18 19 
41 45 
19 39 37 
71 83 
83 52 
77 13 
13 9 21 
76 16 
74 73 
16 11 
21 63 25 
65 12 30 
52 32 
37 72 
82 58 
40 75 
73 70 
49 54 
66 46 86 
25 88 
72 7 
11 96 
58 93 
75 55 
88 38 
86 14 
70 17 
87 
18 97 
1 
32 43 
31 44 23 
54 
55 
7 10 
30 8 
38 3 
89 
97 
96 56 
15 
95 99 
10 
94 
3 27 
43 80 
29 
51 
12 
17 
98 
79 
84 
14 
64 
93 69 
68 
34 
90 
23 
46 
39 
42 
44 
63 
80 
33 
27 78 
99 
78 
69 
56 
8 
9 92 
92 
# clone tree 53 objective: 3.74097
0 17 74 85 
85 1 49 76 47 
47 94 5 
5 84 98 65 59 
59 15 20 26 
26 66 53 
53 34 40 36 
36 29 91 48 
48 69 89 87 60 
20 8 35 
35 57 
62 12 50 
60 62 
50 28 
57 64 4 
28 67 
67 68 95 22 
4 51 61 
6 71 
81 90 6 
91 31 81 
24 41 
61 82 2 
22 42 24 
2 79 77 
45 18 19 
41 9 45 
19 39 37 
71 83 
83 52 
77 13 
13 21 
76 16 
74 73 
16 11 
21 63 25 
65 99 30 
52 32 
37 72 
82 58 
40 75 
73 70 
49 54 
66 46 86 
25 88 
72 7 
11 96 
58 93 
75 55 
88 38 
86 14 
70 
87 
18 97 
1 
32 43 
31 44 23 
54 
55 
7 10 
30 
38 3 
89 
97 92 
96 
15 33 
95 
10 27 
94 
3 
43 
29 80 
51 
12 
17 
98 
79 
84 
14 
64 
93 
68 
34 
90 
23 
46 78 
39 
42 
44 
63 
80 
33 
27 
99 56 
78 
69 
56 
8 
9 
92 
# clone tree 54 objective: 3.74097
0 17 74 85 
85 1 49 76 47 
47 94 5 
5 84 98 65 59 
59 15 20 26 
26 66 53 
53 34 40 36 
36 29 91 48 
48 69 89 87 60 
20 35 
35 57 
62 12 50 
60 62 
50 92 28 
57 64 4 
28 67 
67 68 95 22 
4 51 61 
6 71 
81 90 6 
91 31 81 
24 41 
61 82 2 
22 42 24 
2 79 77 
45 18 19 
41 45 
19 39 37 
71 83 
83 52 
77 13 
13 21 
76 16 
74 73 
16 11 
21 9 63 25 
65 99 30 
52 32 
37 72 
82 58 
40 75 
73 8 70 
49 54 
66 46 86 
25 88 
72 7 
11 96 
58 56 93 
75 55 
88 38 
86 14 
70 
87 
18 97 
1 
32 43 
31 44 23 
54 
55 
7 10 
30 
38 3 
89 
97 
96 
15 33 
95 
10 27 
94 
3 
43 
29 80 
51 
12 
17 
98 
79 
84 
14 
64 
93 
68 
34 
90 
23 
46 78 
39 
42 
44 
63 
80 
33 
27 
99 
78 
69 
56 
8 
9 
92 
# clone tree 55 objective: 3.74097
0 74 85 
85 1 49 76 47 
47 94 5 
5 84 65 59 
59 15 20 26 
26 66 53 
53 34 40 36 
36 29 91 48 
48 89 87 60 
20 35 
35 57 
62 50 
60 62 
50 28 
57 64 98 4 
28 67 
67 68 95 22 
4 51 61 
6 8 71 
81 90 6 
91 31 81 
24 41 
61 82 2 
22 42 24 
2 79 77 
45 18 19 
41 45 
19 39 37 
71 83 
83 52 
77 13 
13 21 
76 16 
74 73 
16 11 
21 63 25 
65 99 12 30 
52 32 
37 72 
82 58 
40 75 
73 70 
49 54 
66 46 86 
25 88 
72 7 
11 96 
58 93 
75 55 
88 38 
86 14 
70 17 
87 
18 97 
1 
32 43 
31 44 23 
54 
55 
7 10 
30 
38 3 
89 33 
97 
96 
15 
95 
10 9 78 
94 
3 27 
43 
29 56 80 
51 
12 
17 
98 
79 
84 
14 
64 
93 69 
68 
34 
90 92 
23 
46 
39 
42 
44 
63 
80 
33 
27 
99 
78 
69 
56 
8 
9 
92 
# clone tree 56 objective: 3.74097
0 17 74 85 
85 1 49 76 47 
47 94 5 
5 84 98 65 59 
59 15 20 26 
26 66 53 
53 34 40 36 
36 29 91 48 
48 89 87 60 
20 35 
35 57 
62 12 50 
60 62 
50 28 
57 64 4 
28 67 
67 68 95 22 
4 51 61 
6 8 71 
81 90 6 
91 31 81 
24 41 
61 82 2 
22 42 24 
2 79 77 
45 18 19 
41 45 
19 92 39 37 
71 83 
83 52 
77 13 
13 21 
76 16 
74 73 
16 11 
21 63 25 
65 99 30 
52 32 
37 72 
82 58 
40 75 
73 70 
49 54 
66 46 86 
25 88 
72 7 
11 96 
58 93 
75 55 
88 38 
86 14 
70 
87 
18 97 
1 
32 43 
31 44 23 
54 
55 
7 10 
30 
38 3 
89 
97 
96 
15 33 
95 
10 69 27 
94 
3 
43 56 
29 80 
51 
12 
17 
98 
79 
84 
14 
64 
93 
68 
34 
90 
23 
46 9 78 
39 
42 
44 
63 
80 
33 
27 
99 
78 
69 
56 
8 
9 
92 
# clone tree 57 objective: 3.74097
0 74 85 
85 1 49 76 47 
47 94 5 
5 84 65 59 
59 15 20 26 
26 66 53 
53 34 40 36 
36 29 91 48 
48 33 89 87 60 
20 35 
35 92 57 
62 50 
60 62 
50 28 
57 64 98 4 
28 67 
67 68 95 22 
4 51 61 
6 71 
81 9 90 6 
91 31 81 
24 41 
61 82 2 
22 42 24 
2 79 77 
45 18 19 
41 45 
19 39 37 
71 83 
83 52 
77 13 
13 21 
76 16 
74 73 
16 11 
21 63 25 
65 12 30 
52 32 
37 72 
82 58 
40 75 
73 70 
49 54 
66 46 86 
25 88 
72 7 
11 96 
58 93 
75 55 
88 38 
86 14 
70 17 
87 
18 97 
1 
32 43 
31 44 23 
54 
55 
7 10 
30 
38 3 
89 
97 8 
96 
15 
95 99 
10 
94 
3 27 
43 80 
29 
51 
12 
17 
98 
79 
84 
14 
64 
93 69 
68 
34 
90 
23 
46 
39 
42 
44 
63 
80 
33 
27 78 
99 56 
78 
69 
56 
8 
9 
92 
# clone tree 58 objective: 3.74097
0 17 74 85 
85 1 49 76 47 
47 94 5 
5 84 98 65 59 
59 33 15 20 26 
26 66 53 
53 34 40 36 
36 29 91 48 
48 89 87 60 
20 35 
35 57 
62 99 50 
60 62 
50 28 
57 64 4 
28 67 
67 68 95 22 
4 51 61 
6 71 
81 90 6 
91 31 81 
24 41 
61 82 2 
22 42 24 
2 79 77 
45 18 19 
41 45 
19 39 37 
71 8 83 
83 52 
77 13 
13 21 
76 16 
74 73 
16 11 
21 63 25 
65 12 30 
52 32 
37 72 
82 58 
40 75 
73 70 
49 54 
66 46 86 
25 88 
72 7 
11 96 
58 93 
75 55 
88 38 
86 14 
70 
87 
18 97 
1 
32 43 
31 9 23 
54 
55 
7 10 
30 
38 3 
89 
97 44 
96 
15 
95 
10 27 
94 
3 78 
43 56 80 
29 
51 
12 
17 
98 
79 69 
84 
14 
64 
93 
68 
34 
90 
23 92 
46 
39 
42 
44 
63 
80 
33 
27 
99 
78 
69 
56 
8 
9 
92 
# clone tree 59 objective: 3.74097
0 74 85 
85 92 1 49 76 47 
47 94 5 
5 84 65 59 
59 15 20 26 
26 66 53 
53 34 40 36 
36 29 91 48 
48 89 87 60 
20 35 
35 57 
62 50 
60 62 
50 28 
57 8 64 98 4 
28 67 
67 68 95 22 
4 51 61 
6 71 
81 90 6 
91 31 81 
24 41 
61 82 2 
22 42 24 
2 79 77 
45 18 19 
41 45 
19 39 37 
71 83 
83 52 
77 13 
13 21 
76 16 
74 73 
16 9 11 
21 63 25 
65 99 12 30 
52 32 
37 72 
82 58 
40 56 75 
73 70 
49 54 
66 46 86 
25 88 
72 7 
11 96 
58 93 
75 55 
88 38 
86 14 
70 17 
87 
18 97 
1 
32 43 
31 44 23 
54 
55 
7 10 
30 
38 3 
89 33 
97 
96 
15 
95 
10 78 
94 
3 27 
43 
29 80 
51 
12 
17 
98 
79 
84 
14 
64 
93 69 
68 
34 
90 
23 
46 
39 
42 
44 
63 
80 
33 
27 
99 
78 
69 
56 
8 
9 
92 
# clone tree 60 objective: 3.74097
0 17 74 85 
85 1 49 76 47 
47 94 5 
5 84 98 65 59 
59 15 20 26 
26 92 66 53 
53 34 40 36 
36 29 91 48 
48 89 87 60 
20 35 
35 57 
62 12 50 
60 62 
50 28 
57 64 4 
28 67 
67 68 95 22 
4 51 61 
6 71 
81 90 6 
91 31 81 
24 41 
61 82 2 
22 42 24 
2 79 77 
45 18 19 
41 45 
19 39 37 
71 83 
83 52 
77 13 
13 21 
76 16 
74 73 
16 11 
21 63 25 
65 99 30 
52 32 
37 72 
82 58 
40 75 
73 70 
49 54 
66 46 86 
25 88 
72 7 
11 96 
58 93 
75 55 
88 38 
86 14 
70 
87 
18 97 
1 
32 43 
31 44 23 
54 
55 
7 10 
30 
38 3 
89 9 
97 
96 
15 33 
95 
10 69 27 
94 8 
3 
43 
29 80 
51 56 
12 
17 
98 
79 
84 
14 
64 
93 
68 
34 
90 
23 
46 78 
39 
42 
44 
63 
80 
33 
27 
99 
78 
69 
56 
8 
9 
92 
# clone tree 61 objective: 3.74097
0 74 85 
85 1 49 76 47 
47 94 5 
5 84 65 59 
59 15 20 26 
26 66 53 
53 34 40 36 
36 29 91 48 
48 89 87 60 
20 35 
35 57 
62 50 
60 62 
50 28 
57 64 98 4 
28 8 67 
67 68 95 22 
4 51 61 
6 71 
81 90 6 
91 31 81 
24 41 
61 82 2 
22 42 24 
2 79 77 
45 18 19 
41 45 
19 39 37 
71 83 
83 52 
77 13 
13 21 
76 16 
74 73 
16 11 
21 63 25 
65 99 12 30 
52 32 
37 72 
82 58 
40 75 
73 70 
49 9 54 
66 46 86 
25 88 
72 7 
11 96 
58 93 
75 55 
88 38 
86 14 
70 17 
87 
18 97 
1 
32 43 
31 44 23 
54 
55 
7 10 
30 
38 3 
89 33 
97 
96 
15 
95 
10 78 
94 
3 27 
43 
29 92 80 
51 
12 
17 
98 
79 
84 
14 
64 
93 69 
68 
34 
90 
23 
46 
39 
42 
44 
63 
80 
33 
27 
99 56 
78 
69 
56 
8 
9 
92 
# clone tree 62 objective: 3.74097
0 17 74 85 
85 1 49 76 47 
47 94 5 
5 84 98 65 59 
59 15 20 26 
26 66 53 
53 34 40 36 
36 29 91 48 
48 89 87 60 
20 35 
35 57 
62 12 50 
60 8 62 
50 28 
57 64 4 
28 67 
67 68 95 22 
4 51 61 
6 92 71 
81 90 6 
91 31 81 
24 41 
61 82 2 
22 9 42 24 
2 79 77 
45 18 19 
41 45 
19 39 37 
71 83 
83 52 
77 13 
13 21 
76 16 
74 73 
16 11 
21 63 25 
65 99 30 
52 32 
37 72 
82 58 
40 75 
73 70 
49 54 
66 46 86 
25 88 
72 7 
11 96 
58 93 
75 55 
88 38 
86 14 
70 
87 
18 97 
1 
32 43 
31 44 23 
54 
55 
7 10 
30 
38 3 
89 
97 
96 
15 33 
95 
10 69 27 
94 
3 
43 56 
29 80 
51 
12 
17 
98 
79 
84 
14 
64 
93 
68 
34 
90 
23 
46 78 
39 
42 
44 
63 
80 
33 
27 
99 
78 
69 
56 
8 
9 
92 
# clone tree 63 objective: 3.74097
0 74 85 
85 1 49 76 47 
47 94 5 
5 84 65 59 
59 15 20 26 
26 66 53 
53 34 40 36 
36 29 91 48 
48 89 87 60 
20 35 
35 57 
62 50 
60 62 
50 28 
57 64 98 4 
28 67 
67 68 95 22 
4 51 61 
6 8 71 
81 90 6 
91 31 81 
24 41 
61 82 2 
22 42 24 
2 79 77 
45 18 19 
41 45 
19 39 37 
71 83 
83 52 
77 13 
13 21 
76 16 
74 73 
16 11 
21 63 25 
65 99 12 30 
52 32 
37 72 
82 58 
40 75 
73 92 70 
49 54 
66 46 86 
25 88 
72 7 
11 96 
58 93 
75 55 
88 38 
86 14 
70 17 
87 
18 97 
1 
32 43 
31 44 23 
54 9 
55 
7 10 
30 
38 3 
89 33 
97 
96 
15 
95 
10 78 
94 
3 27 
43 
29 56 80 
51 
12 
17 
98 
79 
84 
14 
64 
93 69 
68 
34 
90 
23 
46 
39 
42 
44 
63 
80 
33 
27 
99 
78 
69 
56 
8 
9 
92 
# clone tree 64 objective: 3.74097
0 17 74 85 
85 1 49 76 47 
47 9 94 5 
5 84 98 65 59 
59 15 20 26 
26 66 53 
53 34 40 36 
36 29 91 48 
48 69 89 87 60 
20 35 
35 57 
62 12 50 
60 62 
50 28 
57 64 4 
28 67 
67 68 95 22 
4 51 61 
6 71 
81 90 6 
91 31 81 
24 41 
61 82 2 
22 42 24 
2 79 77 
45 18 19 
41 45 
19 39 37 
71 83 
83 52 
77 13 
13 21 
76 16 
74 73 
16 11 
21 63 25 
65 99 30 
52 56 32 
37 72 
82 58 
40 75 
73 70 
49 54 
66 46 86 
25 88 
72 7 
11 96 
58 93 
75 55 
88 38 
86 8 14 
70 
87 
18 97 
1 
32 43 
31 44 23 
54 
55 
7 10 
30 
38 3 
89 
97 
96 
15 33 
95 
10 27 
94 
3 
43 
29 80 
51 
12 
17 
98 
79 
84 
14 
64 
93 
68 
34 
90 
23 
46 78 
39 
42 
44 
63 
80 
33 
27 92 
99 
78 
69 
56 
8 
9 
92 
# clone tree 65 objective: 3.74097
0 17 74 85 
85 1 49 76 47 
47 94 5 
5 84 98 65 59 
59 33 15 20 26 
26 66 53 
53 34 40 36 
36 29 91 48 
48 89 87 60 
20 35 
35 57 
62 50 
60 62 
50 28 
57 64 4 
28 67 
67 68 95 22 
4 51 61 
6 71 
81 90 6 
91 31 81 
24 41 
61 82 2 
22 42 24 
2 79 77 
45 18 19 
41 45 
19 39 37 
71 83 
83 52 
77 13 
13 21 
76 16 
74 73 
16 11 
21 63 25 
65 12 30 
52 56 32 
37 72 
82 58 
40 75 
73 92 9 70 
49 54 
66 46 86 
25 88 
72 7 
11 96 
58 93 
75 55 
88 38 
86 14 
70 
87 
18 97 
1 
32 43 
31 23 
54 
55 
7 10 
30 
38 3 
89 
97 44 
96 
15 
95 99 
10 27 
94 
3 
43 80 
29 
51 
12 
17 
98 
79 
84 
14 
64 
93 69 
68 
34 
90 
23 
46 
39 
42 
44 8 
63 
80 
33 
27 78 
99 
78 
69 
56 
8 
9 
92 
# clone tree 66 objective: 3.74097
0 74 85 
85 1 49 76 47 
47 94 5 
5 84 65 59 
59 15 20 26 
26 66 53 
53 34 40 36 
36 29 91 48 
48 33 89 87 60 
20 35 
35 57 
62 50 
60 62 
50 28 
57 64 98 4 
28 67 
67 8 68 95 22 
4 51 61 
6 71 
81 90 6 
91 31 81 
24 41 
61 82 2 
22 42 24 
2 79 77 
45 18 19 
41 45 
19 9 39 37 
71 83 
83 52 
77 13 
13 21 
76 16 
74 56 73 
16 11 
21 63 25 
65 12 30 
52 32 
37 72 
82 58 
40 75 
73 70 
49 54 
66 46 86 
25 88 
72 7 
11 96 
58 93 
75 55 
88 38 
86 14 
70 17 
87 
18 97 
1 
32 43 
31 44 23 
54 
55 
7 10 
30 
38 3 
89 
97 
96 
15 
95 99 
10 
94 
3 27 
43 80 
29 
51 
12 
17 
98 
79 
84 
14 
64 
93 69 
68 
34 
90 
23 
46 
39 
42 
44 
63 
80 
33 92 
27 78 
99 
78 
69 
56 
8 
9 
92 
# clone tree 67 objective: 3.74097
0 74 85 
85 1 49 76 47 
47 94 5 
5 84 65 59 
59 15 20 26 
26 66 53 
53 34 40 36 
36 29 91 48 
48 33 89 87 60 
20 35 
35 57 
62 50 
60 62 
50 28 
57 64 98 4 
28 67 
67 8 68 95 22 
4 51 61 
6 71 
81 90 6 
91 31 81 
24 41 
61 82 2 
22 42 24 
2 9 79 77 
45 18 19 
41 45 
19 39 37 
71 83 
83 52 
77 13 
13 21 
76 16 
74 56 73 
16 11 
21 63 25 
65 12 30 
52 92 32 
37 72 
82 58 
40 75 
73 70 
49 54 
66 46 86 
25 88 
72 7 
11 96 
58 93 
75 55 
88 38 
86 14 
70 17 
87 
18 97 
1 
32 43 
31 44 23 
54 
55 
7 10 
30 
38 3 
89 
97 
96 
15 
95 99 
10 
94 
3 27 
43 80 
29 
51 
12 
17 
98 
79 
84 
14 
64 
93 69 
68 
34 
90 
23 
46 
39 
42 
44 
63 
80 
33 
27 78 
99 
78 
69 
56 
8 
9 
92 
# clone tree 68 objective: 3.74097
0 17 74 85 
85 1 49 76 47 
47 94 5 
5 84 98 65 59 
59 15 20 26 
26 66 53 
53 34 40 36 
36 29 91 48 
48 69 89 87 60 
20 9 35 
35 57 
62 12 50 
60 62 
50 28 
57 64 4 
28 67 
67 68 95 22 
4 51 61 
6 71 
81 90 6 
91 31 81 
24 41 
61 82 2 
22 42 24 
2 79 77 
45 18 19 
41 45 
19 39 37 
71 83 
83 52 
77 13 
13 21 
76 16 
74 73 
16 11 
21 63 25 
65 99 30 
52 56 32 
37 72 
82 58 
40 75 
73 70 
49 54 
66 46 86 
25 88 
72 7 
11 96 
58 93 
75 55 
88 38 
86 8 14 
70 
87 
18 97 
1 
32 43 
31 44 23 
54 
55 
7 10 
30 
38 3 
89 
97 
96 
15 33 
95 
10 27 
94 
3 
43 92 
29 80 
51 
12 
17 
98 
79 
84 
14 
64 
93 
68 
34 
90 
23 
46 78 
39 
42 
44 
63 
80 
33 
27 
99 
78 
69 
56 
8 
9 
92 
# clone tree 69 objective: 3.74097
0 74 85 
85 1 49 76 47 
47 94 5 
5 84 65 59 
59 15 20 26 
26 66 53 
53 34 40 36 
36 29 91 48 
48 89 87 60 
20 35 
35 57 
62 50 
60 92 62 
50 28 
57 64 98 4 
28 67 
67 68 95 22 
4 51 61 
6 8 71 
81 90 6 
91 31 81 
24 41 
61 82 2 
22 42 24 
2 79 77 
45 18 19 
41 45 
19 39 37 
71 83 
83 52 
77 13 
13 21 
76 16 
74 73 
16 11 
21 63 25 
65 99 12 30 
52 32 
37 72 
82 58 
40 75 
73 70 
49 54 
66 46 86 
25 88 
72 7 
11 96 
58 93 
75 9 55 
88 38 
86 14 
70 17 
87 
18 97 
1 
32 43 
31 44 23 
54 
55 
7 10 
30 
38 3 
89 33 
97 
96 
15 
95 
10 78 
94 
3 27 
43 
29 56 80 
51 
12 
17 
98 
79 
84 
14 
64 
93 69 
68 
34 
90 
23 
46 
39 
42 
44 
63 
80 
33 
27 
99 
78 
69 
56 
8 
9 
92 
# clone tree 70 objective: 3.74097
0 17 74 85 
85 1 49 76 47 
47 94 5 
5 84 98 65 59 
59 15 20 26 
26 66 53 
53 34 40 36 
36 29 91 48 
48 89 87 60 
20 35 
35 57 
62 12 50 
60 62 
50 28 
57 64 4 
28 67 
67 68 95 22 
4 51 61 
6 8 71 
81 90 6 
91 31 81 
24 41 
61 82 2 
22 42 24 
2 79 77 
45 18 19 
41 45 
19 39 37 
71 83 
83 52 
77 13 
13 21 
76 16 
74 73 
16 11 
21 63 25 
65 99 30 
52 32 
37 72 
82 58 
40 75 
73 70 
49 54 
66 46 86 
25 92 88 
72 7 
11 96 
58 93 
75 55 
88 38 
86 14 
70 
87 
18 97 
1 
32 43 
31 44 23 
54 
55 
7 10 
30 
38 3 
89 
97 
96 
15 33 
95 
10 69 27 
94 
3 
43 
29 80 
51 
12 56 
17 
98 
79 
84 9 
14 
64 
93 
68 
34 
90 
23 
46 78 
39 
42 
44 
63 
80 
33 
27 
99 
78 
69 
56 
8 
9 
92 
# clone tree 71 objective: 3.74097
0 74 85 
85 1 49 76 47 
47 94 5 
5 84 65 59 
59 15 20 26 
26 66 53 
53 56 34 40 36 
36 29 91 48 
48 89 87 60 
20 35 
35 57 
62 50 
60 62 
50 28 
57 64 98 4 
28 67 
67 68 95 22 
4 51 61 
6 71 
81 90 6 
91 31 81 
24 41 
61 82 2 
22 9 42 24 
2 79 77 
45 18 19 
41 45 
19 39 37 
71 83 
83 52 
77 13 
13 21 
76 16 
74 73 
16 8 11 
21 63 25 
65 99 12 30 
52 32 
37 72 
82 58 
40 75 
73 70 
49 54 
66 46 86 
25 88 
72 7 
11 96 
58 93 
75 55 
88 38 
86 14 
70 17 
87 
18 97 
1 
32 43 
31 44 23 
54 
55 
7 10 
30 
38 3 
89 33 
97 
96 
15 
95 
10 78 
94 
3 27 
43 
29 80 
51 
12 
17 
98 
79 92 
84 
14 
64 
93 69 
68 
34 
90 
23 
46 
39 
42 
44 
63 
80 
33 
27 
99 
78 
69 
56 
8 
9 
92 
# clone tree 72 objective: 3.74097
0 17 74 85 
85 1 49 76 47 
47 94 5 
5 84 98 65 59 
59 15 20 26 
26 66 53 
53 34 40 36 
36 29 91 48 
48 89 87 60 
20 35 
35 57 
62 12 50 
60 62 
50 28 
57 64 4 
28 67 
67 68 95 22 
4 51 61 
6 8 71 
81 90 6 
91 31 81 
24 41 
61 82 2 
22 42 24 
2 79 77 
45 18 19 
41 45 
19 39 37 
71 83 
83 52 
77 13 
13 21 
76 16 
74 73 
16 11 
21 63 25 
65 99 30 
52 32 
37 72 
82 58 
40 75 
73 70 
49 54 
66 46 86 
25 88 
72 7 
11 96 
58 93 
75 55 
88 38 
86 14 
70 
87 
18 97 
1 
32 43 
31 44 23 
54 
55 
7 10 
30 
38 3 
89 
97 
96 
15 33 
95 
10 69 27 
94 
3 
43 
29 80 
51 
12 56 
17 
98 
79 
84 9 
14 
64 
93 
68 
34 
90 
23 92 
46 78 
39 
42 
44 
63 
80 
33 
27 
99 
78 
69 
56 
8 
9 
92 
# clone tree 73 objective: 3.74097
0 17 74 85 
85 1 49 76 47 
47 94 5 
5 84 98 65 59 
59 15 20 26 
26 66 53 
53 34 40 36 
36 29 91 48 
48 89 87 60 
20 35 
35 57 
62 12 50 
60 62 
50 28 
57 64 4 
28 67 
67 68 95 22 
4 51 61 
6 71 
81 90 6 
91 31 81 
24 41 
61 82 2 
22 42 24 
2 79 77 
45 18 19 
41 8 45 
19 39 37 
71 83 
83 52 
77 13 
13 21 
76 16 
74 73 
16 9 11 
21 63 25 
65 99 30 
52 32 
37 72 
82 58 
40 75 
73 70 
49 54 
66 46 86 
25 88 
72 7 
11 96 
58 93 
75 55 
88 38 
86 14 
70 
87 
18 97 
1 
32 43 
31 44 23 
54 
55 
7 10 
30 
38 3 
89 
97 
96 
15 33 
95 
10 69 27 
94 
3 
43 
29 80 
51 
12 
17 
98 
79 
84 92 
14 56 
64 
93 
68 
34 
90 
23 
46 78 
39 
42 
44 
63 
80 
33 
27 
99 
78 
69 
56 
8 
9 
92 
# clone tree 74 objective: 3.74097
0 74 85 
85 1 49 76 47 
47 94 5 
5 84 65 59 
59 15 20 26 
26 66 53 
53 34 40 36 
36 29 91 48 
48 89 87 60 
20 35 
35 57 
62 50 
60 62 
50 28 
57 64 98 4 
28 67 
67 68 95 22 
4 51 61 
6 71 
81 90 6 
91 31 81 
24 41 
61 82 2 
22 42 24 
2 79 77 
45 18 19 
41 45 
19 39 37 
71 83 
83 52 
77 13 
13 21 
76 16 
74 73 
16 11 
21 63 25 
65 99 12 30 
52 32 
37 72 
82 58 
40 75 
73 70 
49 54 
66 46 86 
25 88 
72 7 
11 96 
58 93 
75 55 
88 38 
86 14 
70 17 
87 
18 97 
1 
32 9 43 
31 44 23 
54 
55 
7 10 
30 56 
38 3 
89 33 
97 
96 
15 
95 
10 78 
94 
3 27 
43 
29 80 
51 
12 
17 
98 
79 92 
84 
14 
64 
93 69 
68 
34 
90 8 
23 
46 
39 
42 
44 
63 
80 
33 
27 
99 
78 
69 
56 
8 
9 
92 
# clone tree 75 objective: 3.74097
0 74 85 
85 1 49 76 47 
47 94 5 
5 84 65 59 
59 15 20 26 
26 66 53 
53 34 40 36 
36 29 91 48 
48 89 87 60 
20 35 
35 57 
62 50 
60 62 
50 28 
57 64 98 4 
28 67 
67 68 95 22 
4 51 61 
6 71 
81 90 6 
91 31 81 
24 41 
61 82 2 
22 42 24 
2 79 77 
45 18 19 
41 45 
19 39 37 
71 83 
83 52 
77 13 
13 21 
76 16 
74 73 
16 11 
21 63 25 
65 99 12 30 
52 32 
37 72 
82 9 58 
40 75 
73 70 
49 54 
66 46 86 
25 88 
72 7 
11 96 
58 93 
75 55 
88 38 
86 14 
70 17 
87 
18 97 
1 
32 43 
31 44 23 
54 
55 
7 10 
30 
38 3 
89 33 
97 
96 
15 
95 
10 78 
94 
3 27 
43 
29 56 80 
51 8 
12 
17 
98 
79 
84 
14 
64 
93 69 
68 
34 
90 
23 
46 
39 
42 
44 
63 
80 
33 
27 
99 92 
78 
69 
56 
8 
9 
92 
# clone tree 76 objective: 3.74097
0 17 74 85 
85 9 1 49 76 47 
47 94 5 
5 84 98 65 59 
59 15 20 26 
26 66 53 
53 34 40 36 
36 29 91 48 
48 92 69 89 87 60 
20 35 
35 57 
62 12 50 
60 62 
50 28 
57 64 4 
28 67 
67 68 95 22 
4 51 61 
6 71 
81 90 6 
91 31 81 
24 41 
61 82 2 
22 42 24 
2 79 77 
45 18 19 
41 45 
19 39 37 
71 83 
83 52 
77 13 
13 21 
76 16 
74 73 
16 11 
21 63 25 
65 99 30 
52 56 32 
37 72 
82 58 
40 75 
73 70 
49 54 
66 46 86 
25 88 
72 7 
11 96 
58 93 
75 55 
88 38 
86 8 14 
70 
87 
18 97 
1 
32 43 
31 44 23 
54 
55 
7 10 
30 
38 3 
89 
97 
96 
15 33 
95 
10 27 
94 
3 
43 
29 80 
51 
12 
17 
98 
79 
84 
14 
64 
93 
68 
34 
90 
23 
46 78 
39 
42 
44 
63 
80 
33 
27 
99 
78 
69 
56 
8 
9 
92 
# clone tree 77 objective: 3.74097
0 17 74 85 
85 1 49 76 47 
47 94 5 
5 84 98 65 59 
59 15 20 26 
26 66 53 
53 34 40 36 
36 29 91 48 
48 89 87 60 
20 35 
35 57 
62 12 50 
60 62 
50 28 
57 64 4 
28 67 
67 68 95 22 
4 51 61 
6 71 
81 90 6 
91 31 81 
24 41 
61 82 2 
22 42 24 
2 79 77 
45 18 19 
41 8 45 
19 39 37 
71 83 
83 52 
77 13 
13 21 
76 16 
74 73 
16 9 11 
21 63 25 
65 99 30 
52 32 
37 72 
82 58 
40 75 
73 70 
49 54 
66 46 86 
25 88 
72 7 
11 96 
58 93 
75 55 
88 38 
86 14 
70 
87 
18 97 
1 
32 43 
31 44 23 
54 
55 
7 10 
30 
38 92 3 
89 
97 
96 
15 33 
95 
10 69 27 
94 
3 
43 
29 80 
51 
12 
17 
98 
79 
84 
14 56 
64 
93 
68 
34 
90 
23 
46 78 
39 
42 
44 
63 
80 
33 
27 
99 
78 
69 
56 
8 
9 
92 
# clone tree 78 objective: 3.74097
0 17 74 85 
85 1 49 76 47 
47 94 5 
5 84 98 65 59 
59 33 15 20 26 
26 66 53 
53 34 40 36 
36 29 91 48 
48 89 87 60 
20 35 
35 57 
62 99 50 
60 62 
50 28 
57 64 4 
28 67 
67 68 95 22 
4 51 61 
6 8 71 
81 90 6 
91 31 81 
24 41 
61 92 82 2 
22 42 24 
2 79 77 
45 18 19 
41 45 
19 39 37 
71 83 
83 52 
77 13 
13 21 
76 16 
74 73 
16 11 
21 63 25 
65 12 30 
52 32 
37 72 
82 58 
40 75 
73 70 
49 54 
66 46 86 
25 88 
72 7 
11 96 
58 93 
75 55 
88 38 
86 14 
70 
87 
18 97 
1 
32 43 
31 23 
54 
55 
7 10 
30 
38 3 
89 
97 44 
96 56 
15 
95 
10 27 
94 
3 78 
43 80 
29 
51 
12 
17 
98 
79 69 
84 
14 
64 
93 
68 
34 
90 
23 
46 
39 9 
42 
44 
63 
80 
33 
27 
99 
78 
69 
56 
8 
9 
92 
# clone tree 79 objective: 3.74097
0 17 74 85 
85 1 49 76 47 
47 94 5 
5 84 98 65 59 
59 15 20 26 
26 66 53 
53 34 40 36 
36 29 91 48 
48 69 89 87 60 
20 35 
35 57 
62 92 12 50 
60 62 
50 28 
57 64 4 
28 67 
67 68 95 22 
4 51 61 
6 71 
81 90 6 
91 9 31 81 
24 41 
61 82 2 
22 42 24 
2 79 77 
45 18 19 
41 45 
19 39 37 
71 83 
83 52 
77 13 
13 21 
76 16 
74 73 
16 11 
21 63 25 
65 99 30 
52 56 32 
37 72 
82 58 
40 75 
73 70 
49 54 
66 46 86 
25 88 
72 7 
11 96 
58 93 
75 55 
88 38 
86 8 14 
70 
87 
18 97 
1 
32 43 
31 44 23 
54 
55 
7 10 
30 
38 3 
89 
97 
96 
15 33 
95 
10 27 
94 
3 
43 
29 80 
51 
12 
17 
98 
79 
84 
14 
64 
93 
68 
34 
90 
23 
46 78 
39 
42 
44 
63 
80 
33 
27 
99 
78 
69 
56 
8 
9 
92 
# clone tree 80 objective: 3.74097
0 17 74 85 
85 1 49 76 47 
47 94 5 
5 84 65 59 
59 15 20 26 
26 66 53 
53 68 40 36 
36 29 91 48 
48 89 87 60 
20 35 
35 57 
62 12 50 
60 62 
50 28 
57 64 98 4 
28 67 
67 34 95 22 
4 51 61 
6 71 
81 90 6 
91 31 81 
24 41 
61 82 2 
22 42 24 
2 79 77 
45 18 19 
41 45 
19 39 37 
71 83 
83 80 52 
77 13 
13 21 
76 16 
74 99 73 
16 11 
21 63 25 
65 30 
52 32 
37 72 
82 58 
40 75 
73 92 70 
49 54 
66 46 86 
25 88 
72 7 
11 96 
58 93 
75 55 
88 38 
86 14 
70 
87 
18 97 
1 
32 43 
31 44 23 
54 
55 
7 10 
30 8 
38 3 
89 
97 
96 
15 
95 
10 33 
94 
3 78 
43 56 
29 
51 
12 
17 
98 
79 69 
84 
14 
64 
93 9 
68 
34 
90 
23 
46 27 
39 
42 
44 
63 
80 
33 
27 
99 
78 
69 
56 
8 
9 
92 
# clone tree 81 objective: 3.74097
0 17 74 85 
85 1 49 76 47 
47 94 5 
5 84 98 65 59 
59 15 20 26 
26 66 53 
53 34 40 36 
36 29 91 48 
48 69 89 87 60 
20 35 
35 57 
62 12 50 
60 62 
50 28 
57 64 4 
28 67 
67 68 95 22 
4 51 61 
6 71 
81 90 6 
91 9 31 81 
24 41 
61 82 2 
22 42 24 
2 79 77 
45 18 19 
41 45 
19 39 37 
71 83 
83 52 
77 13 
13 21 
76 16 
74 73 
16 11 
21 63 25 
65 99 30 
52 56 32 
37 72 
82 58 
40 75 
73 92 70 
49 54 
66 46 86 
25 88 
72 7 
11 96 
58 93 
75 55 
88 38 
86 8 14 
70 
87 
18 97 
1 
32 43 
31 44 23 
54 
55 
7 10 
30 
38 3 
89 
97 
96 
15 33 
95 
10 27 
94 
3 
43 
29 80 
51 
12 
17 
98 
79 
84 
14 
64 
93 
68 
34 
90 
23 
46 78 
39 
42 
44 
63 
80 
33 
27 
99 
78 
69 
56 
8 
9 
92 
# clone tree 82 objective: 3.74097
0 74 85 
85 1 49 76 47 
47 94 5 
5 84 65 59 
59 15 20 26 
26 66 53 
53 34 40 36 
36 29 91 48 
48 89 87 60 
20 35 
35 57 
62 50 
60 62 
50 28 
57 64 98 4 
28 67 
67 68 95 22 
4 51 61 
6 71 
81 90 6 
91 31 81 
24 41 
61 82 2 
22 42 24 
2 79 77 
45 18 19 
41 45 
19 39 37 
71 83 
83 52 
77 13 
13 21 
76 16 
74 73 
16 11 
21 63 25 
65 99 12 30 
52 32 
37 72 
82 58 
40 75 
73 70 
49 54 
66 46 86 
25 88 
72 7 
11 96 
58 92 93 
75 55 
88 38 
86 14 
70 17 
87 
18 97 
1 
32 43 
31 44 23 
54 
55 
7 10 
30 
38 3 
89 33 
97 8 
96 
15 
95 
10 78 
94 
3 27 
43 
29 80 
51 
12 56 
17 
98 
79 
84 
14 
64 
93 69 
68 
34 
90 
23 
46 
39 
42 9 
44 
63 
80 
33 
27 
99 
78 
69 
56 
8 
9 
92 
# clone tree 83 objective: 3.74097
0 74 85 
85 1 49 76 47 
47 94 5 
5 84 65 59 
59 15 20 26 
26 66 53 
53 34 40 36 
36 29 91 48 
48 33 89 87 60 
20 35 
35 57 
62 50 
60 62 
50 28 
57 64 98 4 
28 67 
67 68 95 22 
4 51 61 
6 71 
81 90 6 
91 31 81 
24 41 
61 82 2 
22 42 24 
2 79 77 
45 18 19 
41 45 
19 39 37 
71 83 
83 52 
77 13 
13 92 21 
76 16 
74 73 
16 11 
21 63 25 
65 12 30 
52 32 
37 72 
82 58 
40 75 
73 70 
49 54 
66 46 86 
25 88 
72 7 
11 96 
58 93 
75 55 
88 38 
86 14 
70 17 
87 
18 97 
1 
32 43 
31 44 23 
54 
55 
7 10 
30 8 
38 3 
89 
97 
96 56 
15 
95 99 
10 
94 
3 27 
43 80 
29 
51 
12 
17 
98 
79 
84 
14 
64 
93 69 
68 
34 
90 
23 
46 
39 
42 
44 
63 
80 
33 
27 78 
99 
78 
69 
56 
8 
9 
92 9 
# clone tree 84 objective: 3.74097
0 74 85 
85 1 49 76 47 
47 94 5 
5 84 65 59 
59 15 20 26 
26 66 53 
53 9 34 40 36 
36 29 91 48 
48 89 87 60 
20 35 
35 57 
62 50 
60 62 
50 28 
57 8 64 98 4 
28 67 
67 68 95 22 
4 51 61 
6 92 71 
81 90 6 
91 31 81 
24 41 
61 82 2 
22 42 24 
2 79 77 
45 18 19 
41 45 
19 39 37 
71 83 
83 52 
77 13 
13 21 
76 16 
74 73 
16 11 
21 63 25 
65 99 12 30 
52 32 
37 72 
82 58 
40 56 75 
73 70 
49 54 
66 46 86 
25 88 
72 7 
11 96 
58 93 
75 55 
88 38 
86 14 
70 17 
87 
18 97 
1 
32 43 
31 44 23 
54 
55 
7 10 
30 
38 3 
89 33 
97 
96 
15 
95 
10 78 
94 
3 27 
43 
29 80 
51 
12 
17 
98 
79 
84 
14 
64 
93 69 
68 
34 
90 
23 
46 
39 
42 
44 
63 
80 
33 
27 
99 
78 
69 
56 
8 
9 
92 
# clone tree 85 objective: 3.74097
0 17 74 85 
85 1 49 76 47 
47 94 5 
5 84 98 65 59 
59 15 20 26 
26 66 53 
53 34 40 36 
36 29 91 48 
48 89 87 60 
20 35 
35 57 
62 12 50 
60 62 
50 28 
57 64 4 
28 67 
67 68 95 22 
4 51 61 
6 8 71 
81 90 6 
91 31 81 
24 41 
61 82 2 
22 42 24 
2 79 77 
45 18 19 
41 45 
19 39 37 
71 83 
83 52 
77 92 13 
13 21 
76 16 
74 73 
16 11 
21 63 25 
65 99 30 
52 32 
37 72 
82 58 
40 75 
73 70 
49 54 
66 46 86 
25 88 
72 7 
11 96 
58 93 
75 55 
88 38 
86 14 
70 
87 
18 97 
1 
32 43 
31 44 23 
54 
55 
7 10 
30 
38 3 
89 
97 
96 
15 33 
95 
10 69 27 
94 
3 
43 
29 80 
51 
12 
17 
98 
79 
84 9 
14 56 
64 
93 
68 
34 
90 
23 
46 78 
39 
42 
44 
63 
80 
33 
27 
99 
78 
69 
56 
8 
9 
92 
# clone tree 86 objective: 3.74097
0 17 74 85 
85 1 49 76 47 
47 94 5 
5 84 98 65 59 
59 15 20 26 
26 66 53 
53 34 40 36 
36 29 91 48 
48 89 87 60 
20 35 
35 57 
62 12 50 
60 62 
50 28 
57 64 4 
28 67 
67 68 95 22 
4 51 61 
6 71 
81 90 6 
91 31 81 
24 41 
61 9 82 2 
22 42 24 
2 79 77 
45 18 19 
41 45 
19 39 37 
71 83 
83 52 
77 13 
13 21 
76 16 
74 73 
16 11 
21 63 25 
65 99 30 
52 32 
37 72 
82 58 
40 75 
73 70 
49 54 
66 92 46 86 
25 88 
72 7 
11 96 
58 93 
75 55 
88 38 
86 14 
70 
87 
18 97 
1 
32 43 
31 44 23 
54 
55 
7 10 
30 
38 3 
89 
97 
96 
15 33 
95 8 
10 69 27 
94 
3 
43 
29 80 
51 
12 
17 
98 
79 
84 
14 
64 
93 
68 56 
34 
90 
23 
46 78 
39 
42 
44 
63 
80 
33 
27 
99 
78 
69 
56 
8 
9 
92 
# clone tree 87 objective: 3.74097
0 17 74 85 
85 1 49 76 47 
47 94 5 
5 84 98 65 59 
59 15 20 26 
26 66 53 
53 34 40 36 
36 29 91 48 
48 89 87 60 
20 35 
35 57 
62 12 50 
60 62 
50 28 
57 64 4 
28 67 
67 68 95 22 
4 51 61 
6 71 
81 90 6 
91 31 81 
24 41 
61 82 2 
22 42 24 
2 79 77 
45 18 19 
41 45 
19 39 37 
71 83 
83 52 
77 13 
13 21 
76 16 
74 73 
16 11 
21 63 25 
65 99 30 
52 32 
37 72 
82 58 
40 75 
73 70 
49 54 
66 46 86 
25 88 
72 7 
11 96 
58 93 
75 55 
88 38 
86 8 14 
70 
87 
18 97 
1 
32 43 
31 44 23 
54 
55 
7 10 
30 
38 3 
89 
97 
96 
15 33 
95 
10 69 27 
94 
3 
43 
29 80 
51 9 
12 
17 
98 
79 
84 
14 56 
64 
93 92 
68 
34 
90 
23 
46 78 
39 
42 
44 
63 
80 
33 
27 
99 
78 
69 
56 
8 
9 
92 
# clone tree 88 objective: 3.74097
0 74 85 
85 1 49 76 47 
47 94 5 
5 84 65 59 
59 15 20 26 
26 66 53 
53 34 40 36 
36 29 91 48 
48 89 87 60 
20 35 
35 57 
62 50 
60 62 
50 28 
57 64 98 4 
28 67 
67 68 95 22 
4 51 61 
6 8 71 
81 90 6 
91 31 81 
24 41 
61 82 2 
22 42 24 
2 79 77 
45 18 19 
41 45 
19 39 37 
71 83 
83 52 
77 13 
13 21 
76 16 
74 73 
16 11 
21 63 25 
65 99 12 30 
52 32 
37 72 
82 58 
40 75 
73 70 
49 54 
66 46 86 
25 88 
72 7 
11 96 
58 9 93 
75 55 
88 38 
86 14 
70 17 
87 
18 97 
1 
32 43 
31 44 23 
54 92 
55 
7 10 
30 
38 3 
89 33 
97 
96 
15 
95 
10 78 
94 
3 27 
43 
29 56 80 
51 
12 
17 
98 
79 
84 
14 
64 
93 69 
68 
34 
90 
23 
46 
39 
42 
44 
63 
80 
33 
27 
99 
78 
69 
56 
8 
9 
92 
# clone tree 89 objective: 3.74097
0 17 74 85 
85 1 49 76 47 
47 94 5 
5 84 98 65 59 
59 15 20 26 
26 66 53 
53 34 40 36 
36 29 91 48 
48 89 87 60 
20 35 
35 57 
62 12 50 
60 62 
50 28 
57 64 4 
28 67 
67 68 95 22 
4 51 61 
6 71 
81 90 6 
91 31 81 
24 41 
61 82 2 
22 42 24 
2 79 77 
45 18 19 
41 45 
19 39 37 
71 83 
83 52 
77 13 
13 21 
76 16 
74 73 
16 11 
21 63 25 
65 99 30 
52 32 
37 72 
82 58 
40 75 
73 70 
49 54 
66 46 86 
25 88 
72 7 
11 96 
58 93 
75 55 
88 38 
86 8 14 
70 
87 
18 97 
1 
32 43 
31 44 23 
54 
55 
7 10 
30 
38 3 
89 92 
97 
96 
15 33 
95 
10 69 27 
94 
3 
43 
29 80 
51 9 
12 
17 
98 
79 
84 
14 56 
64 
93 
68 
34 
90 
23 
46 78 
39 
42 
44 
63 
80 
33 
27 
99 
78 
69 
56 
8 
9 
92 
# clone tree 90 objective: 3.74097
0 17 74 85 
85 1 49 76 47 
47 8 94 5 
5 84 98 65 59 
59 33 15 20 26 
26 66 53 
53 34 40 36 
36 29 91 48 
48 89 87 60 
20 35 
35 57 
62 99 50 
60 62 
50 28 
57 64 4 
28 67 
67 68 95 22 
4 51 61 
6 71 
81 90 6 
91 31 81 
24 41 
61 82 2 
22 42 24 
2 79 77 
45 18 19 
41 45 
19 39 37 
71 83 
83 52 
77 13 
13 21 
76 16 
74 73 
16 11 
21 63 25 
65 12 30 
52 32 
37 9 72 
82 58 
40 75 
73 70 
49 54 
66 46 86 
25 88 
72 7 
11 96 
58 56 93 
75 55 
88 38 
86 14 
70 
87 
18 97 
1 
32 43 
31 23 
54 
55 
7 10 
30 
38 3 
89 
97 44 
96 
15 
95 
10 27 
94 
3 78 
43 80 
29 
51 
12 
17 
98 
79 69 
84 
14 
64 
93 
68 
34 
90 
23 
46 
39 
42 
44 
63 
80 
33 
27 
99 
78 92 
69 
56 
8 
9 
92 
# clone tree 91 objective: 3.74097
0 17 74 85 
85 1 49 76 47 
47 94 5 
5 84 98 65 59 
59 15 20 26 
26 66 53 
53 92 34 40 36 
36 29 91 48 
48 89 87 60 
20 35 
35 57 
62 12 50 
60 62 
50 28 
57 64 4 
28 67 
67 68 95 22 
4 51 61 
6 71 
81 90 6 
91 31 81 
24 41 
61 82 2 
22 42 24 
2 79 77 
45 18 19 
41 45 
19 39 37 
71 83 
83 52 
77 13 
13 21 
76 16 
74 73 
16 11 
21 63 25 
65 99 30 
52 32 
37 72 
82 58 
40 75 
73 70 
49 54 
66 46 86 
25 8 88 
72 7 
11 96 
58 93 
75 55 
88 38 
86 14 
70 
87 
18 97 
1 
32 43 
31 44 23 
54 
55 
7 10 
30 
38 3 
89 
97 
96 
15 33 
95 
10 69 27 
94 
3 
43 
29 80 
51 
12 9 
17 
98 
79 
84 
14 56 
64 
93 
68 
34 
90 
23 
46 78 
39 
42 
44 
63 
80 
33 
27 
99 
78 
69 
56 
8 
9 
92 
# clone tree 92 objective: 3.74097
0 74 85 
85 1 49 76 47 
47 94 5 
5 84 65 59 
59 15 20 26 
26 66 53 
53 34 40 36 
36 29 91 48 
48 89 87 60 
20 35 
35 57 
62 50 
60 62 
50 28 
57 64 98 4 
28 67 
67 68 95 22 
4 51 61 
6 71 
81 90 6 
91 31 81 
24 41 
61 82 2 
22 42 24 
2 79 77 
45 18 19 
41 45 
19 39 37 
71 83 
83 52 
77 13 
13 21 
76 16 
74 73 
16 11 
21 63 25 
65 99 12 30 
52 32 
37 72 
82 58 
40 75 
73 70 
49 54 
66 46 86 
25 88 
72 7 
11 96 
58 93 
75 55 
88 38 
86 14 
70 17 
87 
18 97 
1 
32 43 
31 44 23 
54 
55 
7 10 
30 
38 3 
89 8 33 
97 
96 
15 
95 
10 78 
94 
3 27 
43 
29 56 80 
51 
12 
17 9 
98 
79 
84 
14 
64 
93 69 
68 
34 
90 
23 
46 
39 
42 
44 
63 92 
80 
33 
27 
99 
78 
69 
56 
8 
9 
92 
# clone tree 93 objective: 3.74097
0 17 74 85 
85 1 49 76 47 
47 94 5 
5 84 65 59 
59 15 20 26 
26 66 53 
53 68 40 36 
36 29 91 48 
48 89 87 60 
20 35 
35 57 
62 12 50 
60 62 
50 28 
57 64 98 4 
28 67 
67 34 95 22 
4 51 61 
6 71 
81 9 90 6 
91 31 81 
24 41 
61 82 2 
22 42 24 
2 79 77 
45 18 19 
41 45 
19 39 37 
71 8 83 
83 80 52 
77 13 
13 21 
76 16 
74 99 73 
16 11 
21 63 25 
65 30 
52 32 
37 72 
82 58 
40 75 
73 70 
49 54 
66 46 86 
25 88 
72 7 
11 96 
58 93 
75 55 
88 38 
86 14 
70 
87 
18 97 
1 
32 43 
31 44 23 
54 
55 
7 10 
30 
38 3 
89 
97 
96 56 
15 
95 
10 92 33 
94 
3 78 
43 
29 
51 
12 
17 
98 
79 69 
84 
14 
64 
93 
68 
34 
90 
23 
46 27 
39 
42 
44 
63 
80 
33 
27 
99 
78 
69 
56 
8 
9 
92 
# clone tree 94 objective: 3.74097
0 74 85 
85 1 49 76 47 
47 94 5 
5 84 65 59 
59 15 20 26 
26 66 53 
53 56 34 40 36 
36 29 91 48 
48 89 87 60 
20 35 
35 57 
62 50 
60 62 
50 28 
57 64 98 4 
28 67 
67 68 95 22 
4 51 61 
6 71 
81 92 90 6 
91 31 81 
24 41 
61 82 2 
22 9 42 24 
2 79 77 
45 18 19 
41 45 
19 39 37 
71 83 
83 52 
77 13 
13 21 
76 16 
74 73 
16 8 11 
21 63 25 
65 99 12 30 
52 32 
37 72 
82 58 
40 75 
73 70 
49 54 
66 46 86 
25 88 
72 7 
11 96 
58 93 
75 55 
88 38 
86 14 
70 17 
87 
18 97 
1 
32 43 
31 44 23 
54 
55 
7 10 
30 
38 3 
89 33 
97 
96 
15 
95 
10 78 
94 
3 27 
43 
29 80 
51 
12 
17 
98 
79 
84 
14 
64 
93 69 
68 
34 
90 
23 
46 
39 
42 
44 
63 
80 
33 
27 
99 
78 
69 
56 
8 
9 
92 
# clone tree 95 objective: 3.74097
0 74 85 
85 1 49 76 47 
47 94 5 
5 84 65 59 
59 15 20 26 
26 66 53 
53 34 40 36 
36 29 91 48 
48 33 89 87 60 
20 35 
35 57 
62 50 
60 62 
50 28 
57 64 98 4 
28 67 
67 68 95 22 
4 51 61 
6 71 
81 9 90 6 
91 31 81 
24 41 
61 92 82 2 
22 42 24 
2 79 77 
45 18 19 
41 45 
19 39 37 
71 83 
83 52 
77 13 
13 21 
76 16 
74 73 
16 11 
21 63 25 
65 12 30 
52 32 
37 72 
82 58 
40 75 
73 70 
49 54 
66 46 86 
25 88 
72 7 
11 96 
58 93 
75 55 
88 38 
86 14 
70 17 
87 
18 97 
1 
32 43 
31 44 23 
54 
55 
7 10 
30 
38 3 
89 
97 8 
96 
15 
95 99 
10 
94 
3 27 
43 80 
29 
51 
12 
17 
98 
79 
84 
14 
64 
93 69 
68 
34 
90 
23 
46 
39 
42 
44 
63 
80 
33 
27 78 
99 56 
78 
69 
56 
8 
9 
92 
# clone tree 96 objective: 3.74097
0 74 85 
85 1 49 76 47 
47 9 94 5 
5 84 65 59 
59 15 20 26 
26 66 53 
53 56 34 40 36 
36 29 91 48 
48 89 87 60 
20 35 
35 57 
62 50 
60 62 
50 28 
57 64 98 4 
28 67 
67 68 95 22 
4 51 61 
6 71 
81 90 6 
91 31 81 
24 41 
61 82 2 
22 42 24 
2 79 77 
45 18 19 
41 45 
19 39 37 
71 83 
83 52 
77 13 
13 21 
76 16 
74 73 
16 11 
21 63 25 
65 99 12 30 
52 32 
37 72 
82 58 
40 75 
73 70 
49 54 
66 46 86 
25 88 
72 7 
11 96 
58 93 
75 55 
88 38 
86 8 14 
70 17 
87 
18 97 
1 
32 43 
31 44 23 
54 
55 
7 10 
30 
38 3 
89 33 
97 
96 
15 
95 
10 78 
94 
3 27 
43 
29 80 
51 
12 
17 
98 
79 
84 
14 
64 
93 69 
68 
34 
90 
23 
46 92 
39 
42 
44 
63 
80 
33 
27 
99 
78 
69 
56 
8 
9 
92 
# clone tree 97 objective: 3.74097
0 74 85 
85 1 49 76 47 
47 94 5 
5 84 65 59 
59 15 20 26 
26 66 53 
53 56 34 40 36 
36 29 91 48 
48 33 89 87 60 
20 9 35 
35 57 
62 50 
60 62 
50 28 
57 64 98 4 
28 67 
67 8 68 95 22 
4 51 61 
6 71 
81 90 6 
91 31 81 
24 41 
61 82 2 
22 42 24 
2 79 77 
45 18 19 
41 45 
19 39 37 
71 83 
83 52 
77 13 
13 21 
76 16 
74 73 
16 11 
21 63 25 
65 12 30 
52 32 
37 72 
82 58 
40 75 
73 70 
49 54 
66 46 86 
25 88 
72 7 
11 96 
58 93 
75 92 55 
88 38 
86 14 
70 17 
87 
18 97 
1 
32 43 
31 44 23 
54 
55 
7 10 
30 
38 3 
89 
97 
96 
15 69 
95 99 
10 
94 
3 27 
43 80 
29 
51 
12 
17 
98 
79 
84 
14 
64 
93 
68 
34 
90 
23 
46 
39 
42 
44 
63 
80 
33 
27 78 
99 
78 
69 
56 
8 
9 
92 
# clone tree 98 objective: 3.74097
0 17 74 85 
85 1 49 76 47 
47 94 5 
5 84 98 65 59 
59 15 20 26 
26 66 53 
53 34 40 36 
36 29 91 48 
48 89 87 60 
20 35 
35 57 
62 12 50 
60 62 
50 28 
57 64 4 
28 67 
67 68 95 22 
4 51 61 
6 71 
81 90 6 
91 31 81 
24 41 
61 82 2 
22 42 24 
2 79 77 
45 18 19 
41 45 
19 39 37 
71 83 
83 52 
77 13 
13 92 21 
76 16 
74 73 
16 11 
21 63 25 
65 99 30 
52 32 
37 72 
82 58 
40 75 
73 70 
49 54 
66 46 86 
25 88 
72 7 
11 96 
58 93 
75 55 
88 38 
86 14 
70 
87 
18 97 
1 
32 43 
31 44 23 
54 
55 
7 10 
30 
38 3 
89 9 
97 
96 
15 33 
95 
10 69 27 
94 8 
3 
43 
29 80 
51 56 
12 
17 
98 
79 
84 
14 
64 
93 
68 
34 
90 
23 
46 78 
39 
42 
44 
63 
80 
33 
27 
99 
78 
69 
56 
8 
9 
92 
# clone tree 99 objective: 3.74097
0 74 85 
85 1 49 76 47 
47 94 5 
5 84 65 59 
59 15 20 26 
26 66 53 
53 56 34 40 36 
36 29 91 48 
48 33 89 87 60 
20 9 35 
35 57 
62 92 50 
60 62 
50 28 
57 64 98 4 
28 67 
67 8 68 95 22 
4 51 61 
6 71 
81 90 6 
91 31 81 
24 41 
61 82 2 
22 42 24 
2 79 77 
45 18 19 
41 45 
19 39 37 
71 83 
83 52 
77 13 
13 21 
76 16 
74 73 
16 11 
21 63 25 
65 12 30 
52 32 
37 72 
82 58 
40 75 
73 70 
49 54 
66 46 86 
25 88 
72 7 
11 96 
58 93 
75 55 
88 38 
86 14 
70 17 
87 
18 97 
1 
32 43 
31 44 23 
54 
55 
7 10 
30 
38 3 
89 
97 
96 
15 69 
95 99 
10 
94 
3 27 
43 80 
29 
51 
12 
17 
98 
79 
84 
14 
64 
93 
68 
34 
90 
23 
46 
39 
42 
44 
63 
80 
33 
27 78 
99 
78 
69 
56 
8 
9 
92 
