0 15 47 
47 46 11 91 75 
75 12 
12 69 16 
16 62 51 58 
58 81 93 
93 2 61 76 
76 71 9 
67 41 1 57 21 
9 66 5 67 
21 27 73 
73 44 92 
92 39 23 
23 7 
7 80 50 
50 87 33 
57 22 18 
33 83 
19 94 40 52 56 
18 49 30 
61 19 
30 79 64 
83 34 14 
64 90 20 
14 53 
20 4 
56 24 35 
4 31 
2 68 
1 84 42 
39 17 72 
53 38 6 
68 78 
31 55 
27 8 
44 36 32 
78 48 
55 98 10 
35 89 
8 13 37 
72 74 
24 25 
69 43 3 
34 86 85 
71 82 
6 96 
96 63 
42 
84 28 65 
87 59 77 
10 29 
89 26 
48 45 
41 
91 
25 
74 97 88 
38 70 
85 
81 
60 
90 60 
77 
63 
26 
3 
43 
51 
15 
65 95 
17 
62 
52 
98 99 
22 
32 
5 
82 
70 54 
66 
36 
40 
79 
11 
37 
88 
46 
94 
99 
29 
59 
45 
95 
80 
86 
97 
28 
13 
49 
54 
