# clone tree 0 objective: 4.46292
0 84 64 
64 73 24 18 
18 55 
55 58 80 88 
88 15 60 
60 19 75 
75 96 16 33 
33 3 9 
9 48 
48 49 36 37 32 
32 71 29 
29 53 39 
39 78 56 
56 72 81 21 
21 13 91 
37 6 23 30 
30 62 44 
91 57 54 
44 90 
90 74 
54 11 95 
36 26 
13 34 4 63 
74 28 66 
94 20 
81 59 14 
95 94 
43 42 79 
26 43 
79 7 
66 10 
20 69 
14 38 
7 86 46 
24 65 92 
16 2 
28 1 
10 50 98 87 
62 61 
85 
61 89 
63 51 
19 52 
2 68 
51 22 
69 99 76 
96 93 
22 27 
80 5 
46 
38 
78 85 
1 
72 
49 70 41 
71 77 
59 
52 97 
77 47 
89 83 
23 12 
92 
3 40 
87 8 
65 45 
93 
4 
68 
86 
76 31 
35 82 
84 
83 
40 
57 35 
5 
41 
53 
27 
97 
12 
6 
34 17 
11 
47 
98 
17 
73 
8 
99 
82 67 
31 
70 
45 
50 
15 
58 
42 25 
67 
25 
# clone tree 1 objective: 4.46292
0 84 64 
64 73 24 18 
18 55 
55 58 80 88 
88 15 60 
60 19 75 
75 96 16 33 
33 3 9 
9 48 
48 49 36 37 32 
32 71 29 
29 53 39 
39 78 56 
56 72 81 21 
21 13 91 
37 6 23 30 
30 62 44 
91 57 54 
44 90 
90 74 
54 11 95 
36 26 
13 34 4 63 
74 28 66 
94 20 
81 59 14 
95 94 
43 42 79 
26 43 
79 7 
66 10 
20 69 
14 38 
7 86 46 
24 65 92 
16 2 
28 1 
10 50 98 87 
62 61 
85 
61 89 
63 51 
19 52 
2 68 
51 22 
69 99 76 
96 93 
22 27 
80 5 
46 
38 
78 85 
1 
72 
49 70 41 
71 77 
59 
52 97 
77 47 
89 83 
23 12 
92 
3 40 
87 8 
65 45 
93 
4 
68 
86 
76 31 
35 82 
84 
83 
40 
57 35 
5 
41 
53 25 
27 
97 
12 
6 
34 17 
11 
47 
98 
17 
73 
8 
99 
82 67 
31 
70 
45 
50 
15 
58 
42 
67 
25 
# clone tree 2 objective: 4.46292
0 84 64 
64 73 24 18 
18 55 
55 80 88 
88 60 
60 19 75 
75 96 16 33 
33 3 9 
9 48 
48 49 36 37 32 
32 71 29 
29 53 39 
39 78 56 
56 72 81 21 
21 13 91 
37 6 23 30 
30 62 44 
91 57 54 
44 90 
90 70 74 
54 11 95 
36 26 
13 34 4 63 
74 28 66 
94 20 
81 59 14 
95 94 
43 79 
26 43 
79 7 
66 10 
20 50 69 
14 38 
7 86 46 
24 65 92 
16 42 2 
28 1 
10 98 87 
62 61 
85 
61 89 
63 51 
19 52 
2 68 
51 22 
69 99 76 
96 82 93 
22 27 
80 58 5 
46 
38 
78 85 
1 
72 
49 41 
71 77 
59 
52 97 
77 47 
89 83 
23 12 
92 
3 40 
87 67 8 
65 
93 
4 
68 
86 
76 15 31 
35 
84 
83 
40 
57 35 
5 
41 
53 
27 
97 
12 
6 45 
34 17 
11 
47 
98 
17 
73 
8 25 
99 
82 
31 
70 
45 
50 
15 
58 
42 
67 
25 
# clone tree 3 objective: 4.46292
0 84 64 
64 73 24 18 
18 55 
55 80 88 
88 60 
60 19 75 
75 96 16 33 
33 3 9 
9 48 
48 49 36 37 32 
32 71 29 
29 53 39 
39 78 56 
56 72 81 21 
21 13 91 
37 6 23 30 
30 62 44 
91 57 54 
44 90 
90 70 74 
54 11 95 
36 26 
13 34 4 63 
74 28 66 
94 20 
81 59 14 
95 94 
43 79 
26 43 
79 7 
66 10 
20 50 69 
14 38 
7 86 46 
24 65 92 
16 42 2 
28 1 
10 98 87 
62 61 
85 
61 89 
63 51 
19 52 
2 68 
51 22 
69 99 76 
96 82 93 
22 27 
80 58 5 
46 
38 
78 85 
1 
72 
49 41 
71 77 
59 
52 97 
77 47 
89 83 
23 12 
92 
3 40 
87 67 8 
65 
93 
4 
68 
86 
76 15 31 
35 
84 
83 
40 
57 35 
5 
41 
53 
27 
97 
12 
6 45 
34 17 
11 
47 
98 
17 
73 25 
8 
99 
82 
31 
70 
45 
50 
15 
58 
42 
67 
25 
# clone tree 4 objective: 4.46292
0 25 84 64 
64 73 24 18 
18 55 
55 80 88 
88 60 
60 19 75 
75 96 16 33 
33 3 9 
9 58 48 
48 42 49 36 37 32 
32 71 29 
29 39 
39 78 56 
56 72 81 21 
21 13 91 
37 23 30 
30 62 44 
91 57 54 
44 90 
90 74 
54 95 
36 26 
13 34 4 63 
74 28 66 
94 20 
81 59 14 
95 94 
43 79 
26 43 
79 7 
66 10 
20 69 
14 38 
7 86 46 
24 65 92 
16 2 
28 1 
10 98 87 
62 61 
85 
61 67 89 
63 51 
19 52 
2 68 
51 22 
69 99 76 
96 93 
22 27 
80 5 
46 
38 
78 85 
1 11 
72 
49 70 41 
71 77 
59 50 
52 97 
77 47 
89 83 
23 45 12 
92 
3 40 
87 8 
65 6 
93 
4 
68 53 
86 
76 31 
35 
84 
83 82 
40 
57 35 
5 
41 
53 
27 
97 
12 
6 
34 17 
11 
47 15 
98 
17 
73 
8 
99 
82 
31 
70 
45 
50 
15 
58 
42 
67 
25 
# clone tree 5 objective: 4.46292
0 84 64 
64 73 24 18 
18 55 
55 80 88 
88 60 
60 19 75 
75 96 16 33 
33 3 9 
9 48 
48 49 36 37 32 
32 71 29 
29 53 39 
39 78 56 
56 72 81 21 
21 13 91 
37 6 23 30 
30 62 44 
91 57 54 
44 90 
90 70 74 
54 11 95 
36 26 
13 34 4 63 
74 28 66 
94 20 
81 59 14 
95 94 
43 79 
26 43 
79 7 
66 10 
20 50 69 
14 38 
7 86 46 
24 65 92 
16 42 2 
28 1 
10 98 87 
62 61 
85 
61 89 
63 51 
19 52 
2 68 
51 22 
69 99 76 
96 82 93 
22 27 
80 58 5 
46 
38 
78 85 
1 
72 
49 41 
71 77 
59 
52 97 
77 47 
89 83 
23 12 
92 
3 40 
87 67 8 
65 
93 
4 
68 
86 
76 15 31 
35 
84 
83 
40 
57 35 
5 
41 
53 
27 
97 
12 
6 45 
34 17 
11 
47 
98 
17 
73 
8 
99 
82 
31 
70 
45 
50 
15 
58 
42 25 
67 
25 
# clone tree 6 objective: 4.46292
0 84 64 
64 73 24 18 
18 55 
55 25 80 88 
88 60 
60 19 75 
75 96 16 33 
33 3 9 
9 58 48 
48 42 49 36 37 32 
32 71 29 
29 39 
39 78 56 
56 72 81 21 
21 13 91 
37 23 30 
30 62 44 
91 57 54 
44 90 
90 74 
54 95 
36 26 
13 34 4 63 
74 28 66 
94 20 
81 59 14 
95 94 
43 79 
26 43 
79 7 
66 10 
20 69 
14 38 
7 86 46 
24 65 92 
16 2 
28 1 
10 98 87 
62 61 
85 
61 67 89 
63 51 
19 52 
2 68 
51 22 
69 99 76 
96 93 
22 27 
80 5 
46 
38 
78 85 
1 11 
72 
49 70 41 
71 77 
59 50 
52 97 
77 47 
89 83 
23 45 12 
92 
3 40 
87 8 
65 6 
93 
4 
68 53 
86 
76 31 
35 
84 
83 82 
40 
57 35 
5 
41 
53 
27 
97 
12 
6 
34 17 
11 
47 15 
98 
17 
73 
8 
99 
82 
31 
70 
45 
50 
15 
58 
42 
67 
25 
# clone tree 7 objective: 4.46292
0 84 64 
64 73 24 18 
18 55 
55 58 80 88 
88 15 60 
60 19 75 
75 96 16 33 
33 3 9 
9 48 
48 49 36 37 32 
32 71 29 
29 53 39 
39 78 56 
56 72 81 21 
21 13 91 
37 6 23 30 
30 62 44 
91 57 54 
44 90 
90 25 74 
54 11 95 
36 26 
13 34 4 63 
74 28 66 
94 20 
81 59 14 
95 94 
43 42 79 
26 43 
79 7 
66 10 
20 69 
14 38 
7 86 46 
24 65 92 
16 2 
28 1 
10 50 98 87 
62 61 
85 
61 89 
63 51 
19 52 
2 68 
51 22 
69 99 76 
96 93 
22 27 
80 5 
46 
38 
78 85 
1 
72 
49 70 41 
71 77 
59 
52 97 
77 47 
89 83 
23 12 
92 
3 40 
87 8 
65 45 
93 
4 
68 
86 
76 31 
35 82 
84 
83 67 
40 
57 35 
5 
41 
53 
27 
97 
12 
6 
34 17 
11 
47 
98 
17 
73 
8 
99 
82 
31 
70 
45 
50 
15 
58 
42 
67 
25 
# clone tree 8 objective: 4.46292
0 84 64 
64 73 24 18 
18 55 
55 58 80 88 
88 25 15 60 
60 19 75 
75 96 16 33 
33 3 9 
9 48 
48 49 36 37 32 
32 71 29 
29 53 39 
39 78 56 
56 72 81 21 
21 13 91 
37 6 23 30 
30 62 44 
91 57 54 
44 90 
90 74 
54 11 95 
36 26 
13 34 4 63 
74 28 66 
94 20 
81 59 14 
95 94 
43 42 79 
26 43 
79 7 
66 10 
20 69 
14 38 
7 86 46 
24 65 92 
16 2 
28 1 
10 50 98 87 
62 61 
85 
61 89 
63 51 
19 52 
2 68 
51 22 
69 99 76 
96 93 
22 27 
80 5 
46 67 
38 
78 85 
1 
72 
49 70 41 
71 77 
59 
52 97 
77 47 
89 83 
23 12 
92 
3 40 
87 8 
65 45 
93 
4 
68 
86 
76 31 
35 82 
84 
83 
40 
57 35 
5 
41 
53 
27 
97 
12 
6 
34 17 
11 
47 
98 
17 
73 
8 
99 
82 
31 
70 
45 
50 
15 
58 
42 
67 
25 
# clone tree 9 objective: 4.46292
0 84 64 
64 25 73 24 18 
18 55 
55 58 80 88 
88 15 60 
60 19 75 
75 96 16 33 
33 3 9 
9 48 
48 49 36 37 32 
32 71 29 
29 53 39 
39 78 56 
56 72 81 21 
21 13 91 
37 6 23 30 
30 62 44 
91 57 54 
44 90 
90 74 
54 11 95 
36 26 
13 34 4 63 
74 28 66 
94 20 
81 59 14 
95 94 
43 42 79 
26 43 
79 7 
66 10 
20 69 
14 38 
7 86 46 
24 65 92 
16 2 
28 1 
10 50 98 87 
62 61 
85 
61 89 
63 51 
19 52 
2 68 
51 22 
69 99 76 
96 93 
22 27 
80 5 
46 67 
38 
78 85 
1 
72 
49 70 41 
71 77 
59 
52 97 
77 47 
89 83 
23 12 
92 
3 40 
87 8 
65 45 
93 
4 
68 
86 
76 31 
35 82 
84 
83 
40 
57 35 
5 
41 
53 
27 
97 
12 
6 
34 17 
11 
47 
98 
17 
73 
8 
99 
82 
31 
70 
45 
50 
15 
58 
42 
67 
25 
