0 67 
92 15 
15 72 46 
67 70 92 
46 59 38 11 
11 52 75 
75 25 17 19 
19 83 45 66 
66 34 28 
28 35 5 
5 99 6 
6 64 87 
87 4 24 
24 1 55 
20 12 78 
16 20 
55 16 
78 22 98 9 
9 40 86 
86 21 39 
39 29 7 
7 31 32 
38 41 69 54 
54 2 82 
32 73 
73 76 95 
95 14 91 
82 37 
91 71 
60 90 
37 48 
71 77 60 
72 89 
48 36 10 
59 33 93 
45 68 
93 23 30 
13 53 
47 84 
26 13 
89 47 
90 26 
68 58 18 
2 74 
10 49 
84 51 97 
74 27 
64 3 
31 79 85 
4 
83 57 
1 62 61 
27 56 94 
53 81 
29 42 
52 63 
36 44 
49 
21 96 
63 
17 8 
97 
30 
85 
3 
69 
14 
18 
51 
35 
8 
81 80 
77 
76 43 
40 65 
61 
33 
79 
94 88 
56 
57 
98 
42 
58 
25 
34 
62 
96 
99 50 
80 
44 
23 
22 
12 
88 
41 
70 
65 
43 
50 
