# clone tree 0 objective: 6.10825
0 42 
42 56 41 43 92 75 
75 65 7 
58 48 78 
77 73 79 
59 58 
79 59 
7 77 
78 2 27 
27 31 11 
11 81 85 51 
51 74 16 
16 22 53 
53 34 84 
70 95 47 
69 14 
84 19 
19 98 70 
14 40 13 
47 6 69 
34 97 49 28 
13 60 38 68 
28 46 
46 9 44 
44 82 
80 20 
68 80 
82 12 91 
20 66 67 
91 99 52 
52 35 
67 54 72 
35 36 
36 76 5 
72 93 
93 89 
22 37 26 
5 71 18 
89 64 
26 17 
85 8 
31 3 
18 24 29 
38 10 
64 32 
73 
32 33 
8 21 
10 25 
21 15 
17 55 
29 23 45 
9 62 
25 90 
3 83 
55 63 88 
49 96 
15 
92 4 
62 94 
48 50 
65 39 
33 86 
81 
66 57 
50 
96 
83 
86 87 
45 
4 
43 
94 
74 
39 
37 
12 
88 
24 1 
90 
63 
57 
41 
40 
23 61 
95 
87 
56 
99 
54 
60 
2 
71 
61 
76 
6 
97 
1 
98 30 
30 
# clone tree 1 objective: 6.10825
0 42 
42 56 41 43 92 75 
75 65 7 
58 48 78 
77 73 79 
59 58 
79 59 
7 77 
78 2 27 
27 31 11 
11 81 85 51 
51 74 16 
16 22 53 
53 34 84 
70 95 47 
69 14 
84 19 
19 98 70 
14 40 13 
47 6 69 
34 97 49 28 
13 60 38 68 
28 46 
46 9 44 
44 82 
80 20 
68 80 
82 12 91 
20 66 67 
91 99 52 
52 35 
67 54 72 
35 36 
36 76 5 
72 93 
93 89 
22 37 26 
5 71 18 
89 64 
26 17 
85 8 
31 3 
18 24 29 
38 10 
64 32 
73 
32 33 
8 21 
10 25 
21 15 
17 55 
29 23 45 
9 62 
25 90 
3 83 
55 63 88 
49 96 
15 
92 4 
62 94 
48 50 
65 39 
33 86 
81 
66 57 
50 
96 
83 
86 87 
45 
4 
43 
94 
74 
39 
37 
12 
88 
24 1 
90 
63 
57 
41 
40 
23 61 
95 
87 
56 
99 30 
54 
60 
2 
71 
61 
76 
6 
97 
1 
98 
30 
# clone tree 2 objective: 6.10825
0 30 42 
42 56 41 43 92 75 
75 65 7 
58 48 78 
77 73 79 
59 58 
79 59 
7 77 
78 2 27 
27 31 11 
11 81 85 51 
51 74 16 
16 22 53 
53 34 84 
70 95 47 
69 14 
84 19 
19 70 
14 40 13 
47 69 
34 49 28 
13 60 38 68 
28 46 
46 9 44 
44 82 
80 20 
68 80 
82 12 91 
20 66 67 
91 99 52 
52 35 
67 54 72 
35 36 
36 76 5 
72 93 
93 89 
22 6 37 26 
5 71 18 
89 64 
26 17 
85 97 8 
31 3 
18 24 29 
38 10 
64 32 
73 
32 33 
8 21 
10 25 
21 15 
17 55 
29 23 45 
9 62 
25 1 90 
3 83 
55 63 88 
49 96 
15 
92 4 
62 94 
48 50 
65 39 
33 86 
81 
66 57 
50 
96 
83 
86 87 
45 
4 
43 
94 98 
74 
39 
37 
12 
88 
24 
90 
63 
57 
41 
40 
23 61 
95 
87 
56 
99 
54 
60 
2 
71 
61 
76 
6 
97 
1 
98 
30 
# clone tree 3 objective: 6.10825
0 42 
42 56 41 43 92 75 
75 65 7 
58 48 78 
77 73 79 
59 58 
79 59 
7 77 
78 2 27 
27 31 11 
11 81 85 51 
51 74 16 
16 22 53 
53 34 84 
70 95 47 
69 14 
84 19 
19 70 
14 40 13 
47 6 69 
34 49 28 
13 60 38 68 
28 46 
46 9 44 
44 82 
80 98 20 
68 80 
82 12 91 
20 66 67 
91 99 52 
52 35 
67 54 72 
35 36 
36 76 5 
72 93 
93 97 89 
22 37 26 
5 71 18 
89 64 
26 17 
85 8 
31 3 
18 24 29 
38 10 
64 32 
73 
32 33 
8 21 
10 25 
21 15 
17 55 
29 23 45 
9 62 
25 90 
3 83 
55 63 88 
49 96 
15 
92 4 
62 94 
48 50 
65 39 
33 86 
81 
66 57 
50 
96 
83 30 1 
86 87 
45 
4 
43 
94 
74 
39 
37 
12 
88 
24 
90 
63 
57 
41 
40 
23 61 
95 
87 
56 
99 
54 
60 
2 
71 
61 
76 
6 
97 
1 
98 
30 
# clone tree 4 objective: 6.10825
0 42 
42 56 41 43 92 75 
75 65 7 
58 30 48 78 
77 73 79 
59 58 
79 59 
7 77 
78 2 27 
27 31 11 
11 81 85 51 
51 74 16 
16 22 53 
53 34 84 
70 95 47 
69 14 
84 19 
19 70 
14 40 13 
47 69 
34 49 28 
13 60 38 68 
28 46 
46 9 44 
44 82 
80 20 
68 80 
82 12 91 
20 66 67 
91 99 52 
52 35 
67 54 72 
35 36 
36 76 5 
72 93 
93 89 
22 6 37 26 
5 71 18 
89 64 
26 17 
85 97 8 
31 3 
18 24 29 
38 10 
64 32 
73 
32 33 
8 21 
10 25 
21 15 
17 55 
29 23 45 
9 62 
25 1 90 
3 83 
55 63 88 
49 96 
15 
92 4 
62 94 
48 50 
65 39 
33 86 
81 
66 57 
50 
96 
83 
86 87 
45 
4 
43 
94 98 
74 
39 
37 
12 
88 
24 
90 
63 
57 
41 
40 
23 61 
95 
87 
56 
99 
54 
60 
2 
71 
61 
76 
6 
97 
1 
98 
30 
# clone tree 5 objective: 6.10825
0 42 
42 56 41 43 92 75 
75 65 7 
58 48 78 
77 73 79 
59 58 
79 59 
7 77 
78 2 27 
27 31 11 
11 81 85 51 
51 74 16 
16 22 53 
53 34 84 
70 95 47 
69 14 
84 19 
19 70 
14 40 13 
47 6 69 
34 49 28 
13 60 38 68 
28 46 
46 9 44 
44 82 
80 98 20 
68 80 
82 12 91 
20 66 67 
91 99 52 
52 35 
67 54 72 
35 36 
36 76 5 
72 93 
93 97 89 
22 37 26 
5 71 18 
89 64 
26 17 
85 8 
31 3 
18 24 29 
38 10 
64 32 
73 
32 33 
8 21 
10 25 
21 15 
17 55 
29 23 45 
9 62 
25 90 
3 83 
55 63 88 
49 96 
15 
92 4 
62 94 
48 50 
65 39 
33 86 
81 
66 57 
50 
96 
83 1 
86 87 
45 30 
4 
43 
94 
74 
39 
37 
12 
88 
24 
90 
63 
57 
41 
40 
23 61 
95 
87 
56 
99 
54 
60 
2 
71 
61 
76 
6 
97 
1 
98 
30 
# clone tree 6 objective: 6.10825
0 42 
42 56 41 43 92 75 
75 65 7 
58 48 78 
77 73 79 
59 30 58 
79 59 
7 77 
78 2 27 
27 31 11 
11 81 85 51 
51 74 16 
16 22 53 
53 34 84 
70 95 47 
69 14 
84 19 
19 70 
14 40 13 
47 69 
34 49 28 
13 60 38 68 
28 46 
46 9 44 
44 82 
80 20 
68 80 
82 12 91 
20 66 67 
91 99 52 
52 35 
67 54 72 
35 36 
36 76 5 
72 93 
93 89 
22 6 37 26 
5 71 18 
89 64 
26 17 
85 97 8 
31 3 
18 24 29 
38 10 
64 32 
73 
32 33 
8 21 
10 25 
21 15 
17 55 
29 23 45 
9 62 
25 1 90 
3 83 
55 63 88 
49 96 
15 
92 4 
62 94 
48 50 
65 39 
33 86 
81 
66 57 
50 
96 
83 
86 87 
45 
4 
43 
94 98 
74 
39 
37 
12 
88 
24 
90 
63 
57 
41 
40 
23 61 
95 
87 
56 
99 
54 
60 
2 
71 
61 
76 
6 
97 
1 
98 
30 
# clone tree 7 objective: 6.10825
0 42 
42 56 41 43 92 75 
75 65 7 
58 48 78 
77 73 79 
59 58 
79 59 
7 77 
78 2 27 
27 31 11 
11 81 85 51 
51 74 16 
16 22 53 
53 34 84 
70 95 47 
69 14 
84 19 
19 70 
14 40 13 
47 6 69 
34 49 28 
13 60 38 68 
28 46 
46 9 44 
44 82 
80 98 20 
68 80 
82 12 91 
20 66 67 
91 99 52 
52 35 
67 54 72 
35 36 
36 76 5 
72 93 
93 97 89 
22 37 26 
5 71 18 
89 64 
26 17 
85 8 
31 3 
18 24 29 
38 10 
64 32 
73 
32 33 
8 21 
10 25 
21 15 
17 55 
29 23 45 
9 62 
25 90 
3 83 
55 63 88 
49 96 
15 
92 4 
62 94 
48 50 
65 39 
33 86 
81 
66 57 
50 
96 
83 1 
86 87 
45 
4 
43 
94 
74 
39 
37 
12 
88 
24 
90 
63 
57 
41 
40 
23 61 
95 
87 
56 
99 
54 
60 
2 30 
71 
61 
76 
6 
97 
1 
98 
30 
# clone tree 8 objective: 6.10825
0 42 
42 56 41 43 92 75 
75 65 7 
58 48 78 
77 73 79 
59 58 
79 30 59 
7 77 
78 2 27 
27 31 11 
11 81 85 51 
51 74 16 
16 22 53 
53 34 84 
70 95 47 
69 14 
84 19 
19 70 
14 40 13 
47 69 
34 49 28 
13 60 38 68 
28 46 
46 9 44 
44 82 
80 20 
68 80 
82 12 91 
20 66 67 
91 99 52 
52 35 
67 54 72 
35 36 
36 76 5 
72 93 
93 89 
22 6 37 26 
5 71 18 
89 64 
26 17 
85 97 8 
31 3 
18 24 29 
38 10 
64 32 
73 
32 33 
8 21 
10 25 
21 15 
17 55 
29 23 45 
9 62 
25 1 90 
3 83 
55 63 88 
49 96 
15 
92 4 
62 94 
48 50 
65 39 
33 86 
81 
66 57 
50 
96 
83 
86 87 
45 
4 
43 
94 98 
74 
39 
37 
12 
88 
24 
90 
63 
57 
41 
40 
23 61 
95 
87 
56 
99 
54 
60 
2 
71 
61 
76 
6 
97 
1 
98 
30 
# clone tree 9 objective: 6.10825
0 42 
42 56 41 43 92 75 
75 65 7 
58 48 78 
77 73 79 
59 58 
79 59 
7 77 
78 2 27 
27 31 11 
11 81 85 51 
51 74 16 
16 22 53 
53 34 84 
70 95 47 
69 14 
84 19 
19 70 
14 40 13 
47 6 69 
34 49 28 
13 60 38 68 
28 46 
46 9 44 
44 82 
80 98 20 
68 80 
82 12 91 
20 66 67 
91 99 52 
52 35 
67 54 72 
35 36 
36 76 5 
72 93 
93 97 89 
22 37 26 
5 71 18 
89 64 
26 17 
85 8 
31 3 
18 24 29 
38 10 
64 32 
73 
32 33 
8 21 
10 25 
21 15 
17 55 
29 23 45 
9 62 
25 90 
3 83 
55 63 88 
49 96 
15 
92 4 
62 94 
48 50 
65 39 
33 86 
81 
66 57 
50 
96 
83 1 
86 87 
45 
4 
43 
94 
74 
39 
37 
12 
88 30 
24 
90 
63 
57 
41 
40 
23 61 
95 
87 
56 
99 
54 
60 
2 
71 
61 
76 
6 
97 
1 
98 
30 
# clone tree 10 objective: 6.10825
0 42 
42 56 41 43 92 75 
75 65 7 
58 48 78 
77 73 79 
59 58 
79 59 
7 77 
78 2 27 
27 31 11 
11 81 85 51 
51 74 16 
16 22 53 
53 30 34 84 
70 95 47 
69 14 
84 19 
19 70 
14 40 13 
47 69 
34 49 28 
13 60 38 68 
28 46 
46 9 44 
44 82 
80 20 
68 80 
82 12 91 
20 66 67 
91 99 52 
52 35 
67 54 72 
35 36 
36 76 5 
72 93 
93 89 
22 6 37 26 
5 71 18 
89 64 
26 17 
85 97 8 
31 3 
18 24 29 
38 10 
64 32 
73 
32 33 
8 21 
10 25 
21 15 
17 55 
29 23 45 
9 62 
25 1 90 
3 83 
55 63 88 
49 96 
15 
92 4 
62 94 
48 50 
65 39 
33 86 
81 
66 57 
50 
96 
83 
86 87 
45 
4 
43 
94 98 
74 
39 
37 
12 
88 
24 
90 
63 
57 
41 
40 
23 61 
95 
87 
56 
99 
54 
60 
2 
71 
61 
76 
6 
97 
1 
98 
30 
# clone tree 11 objective: 6.10825
0 42 
42 56 41 43 92 75 
75 65 7 
58 48 78 
77 73 79 
59 58 
79 59 
7 77 
78 2 27 
27 31 11 
11 81 85 51 
51 74 16 
16 22 53 
53 34 84 
70 95 47 
69 14 
84 19 
19 70 
14 40 13 
47 6 69 
34 49 28 
13 60 38 68 
28 46 
46 9 44 
44 82 
80 98 20 
68 80 
82 12 91 
20 66 67 
91 99 52 
52 35 
67 54 72 
35 36 
36 76 5 
72 93 
93 97 89 
22 37 26 
5 71 18 
89 64 
26 17 
85 8 
31 3 
18 24 29 
38 10 
64 32 
73 
32 33 
8 21 
10 25 
21 15 
17 55 
29 23 45 
9 62 
25 90 
3 83 
55 63 88 
49 96 
15 
92 4 
62 94 
48 50 
65 39 
33 86 
81 
66 57 
50 
96 
83 1 
86 87 
45 
4 
43 
94 
74 
39 
37 
12 
88 
24 
90 30 
63 
57 
41 
40 
23 61 
95 
87 
56 
99 
54 
60 
2 
71 
61 
76 
6 
97 
1 
98 
30 
# clone tree 12 objective: 6.10825
0 42 
42 56 41 43 92 75 
75 65 7 
58 48 78 
77 73 79 
59 58 
79 59 
7 77 
78 2 27 
27 31 11 
11 81 85 51 
51 74 16 
16 22 53 
53 34 84 
70 95 47 
69 14 
84 30 19 
19 70 
14 40 13 
47 69 
34 49 28 
13 60 38 68 
28 46 
46 9 44 
44 82 
80 20 
68 80 
82 12 91 
20 66 67 
91 99 52 
52 35 
67 54 72 
35 36 
36 76 5 
72 93 
93 89 
22 6 37 26 
5 71 18 
89 64 
26 17 
85 97 8 
31 3 
18 24 29 
38 10 
64 32 
73 
32 33 
8 21 
10 25 
21 15 
17 55 
29 23 45 
9 62 
25 1 90 
3 83 
55 63 88 
49 96 
15 
92 4 
62 94 
48 50 
65 39 
33 86 
81 
66 57 
50 
96 
83 
86 87 
45 
4 
43 
94 98 
74 
39 
37 
12 
88 
24 
90 
63 
57 
41 
40 
23 61 
95 
87 
56 
99 
54 
60 
2 
71 
61 
76 
6 
97 
1 
98 
30 
# clone tree 13 objective: 6.10825
0 42 
42 56 41 43 92 75 
75 65 7 
58 48 78 
77 73 79 
59 58 
79 59 
7 77 
78 2 27 
27 31 11 
11 81 85 51 
51 74 16 
16 22 53 
53 34 84 
70 95 47 
69 14 
84 19 
19 70 
14 40 13 
47 6 69 
34 49 28 
13 60 38 68 
28 46 
46 9 44 
44 82 
80 98 20 
68 80 
82 12 91 
20 66 67 
91 99 52 
52 35 
67 54 72 
35 36 
36 76 5 
72 93 
93 97 89 
22 37 26 
5 71 18 
89 64 
26 17 
85 8 
31 3 
18 24 29 
38 10 
64 32 
73 
32 33 
8 21 
10 25 
21 15 
17 55 
29 23 45 
9 62 
25 90 
3 83 
55 63 88 
49 96 
15 
92 4 
62 94 
48 50 
65 39 
33 86 
81 
66 57 
50 
96 
83 1 
86 87 
45 
4 
43 
94 
74 
39 
37 
12 
88 
24 
90 
63 
57 
41 
40 
23 61 
95 
87 
56 30 
99 
54 
60 
2 
71 
61 
76 
6 
97 
1 
98 
30 
# clone tree 14 objective: 6.10825
0 42 
42 56 41 43 92 75 
75 65 7 
58 48 78 
77 73 79 
59 58 
79 59 
7 77 
78 2 27 
27 31 11 
11 81 85 51 
51 74 16 
16 22 53 
53 34 84 
70 95 47 
69 14 
84 19 
19 70 
14 40 13 
47 30 69 
34 49 28 
13 60 38 68 
28 46 
46 9 44 
44 82 
80 20 
68 80 
82 12 91 
20 66 67 
91 99 52 
52 35 
67 54 72 
35 36 
36 76 5 
72 93 
93 89 
22 6 37 26 
5 71 18 
89 64 
26 17 
85 97 8 
31 3 
18 24 29 
38 10 
64 32 
73 
32 33 
8 21 
10 25 
21 15 
17 55 
29 23 45 
9 62 
25 1 90 
3 83 
55 63 88 
49 96 
15 
92 4 
62 94 
48 50 
65 39 
33 86 
81 
66 57 
50 
96 
83 
86 87 
45 
4 
43 
94 98 
74 
39 
37 
12 
88 
24 
90 
63 
57 
41 
40 
23 61 
95 
87 
56 
99 
54 
60 
2 
71 
61 
76 
6 
97 
1 
98 
30 
# clone tree 15 objective: 6.10825
0 42 
42 56 41 43 92 75 
75 65 7 
58 48 78 
77 73 79 
59 58 
79 59 
7 77 
78 2 27 
27 31 11 
11 81 85 51 
51 74 16 
16 22 53 
53 34 84 
70 95 47 
69 14 
84 19 
19 70 
14 40 13 
47 6 69 
34 49 28 
13 60 38 68 
28 46 
46 9 44 
44 82 
80 98 20 
68 80 
82 12 91 
20 66 67 
91 99 52 
52 35 
67 54 72 
35 36 
36 76 5 
72 93 
93 97 89 
22 37 26 
5 71 18 
89 64 
26 17 
85 8 
31 3 
18 24 29 
38 10 
64 32 
73 
32 33 
8 21 
10 25 
21 15 
17 55 
29 23 45 
9 62 
25 90 
3 83 
55 63 88 
49 96 
15 
92 4 
62 94 
48 50 
65 39 
33 86 
81 
66 57 
50 
96 
83 1 
86 87 
45 
4 
43 
94 
74 
39 
37 
12 
88 
24 
90 
63 
57 
41 
40 
23 61 
95 
87 
56 
99 
54 30 
60 
2 
71 
61 
76 
6 
97 
1 
98 
30 
# clone tree 16 objective: 6.10825
0 42 
42 30 56 41 43 92 75 
75 65 7 
58 48 78 
77 73 79 
59 58 
79 59 
7 77 
78 2 27 
27 31 11 
11 81 85 51 
51 74 16 
16 22 53 
53 34 84 
70 95 47 
69 14 
84 19 
19 70 
14 40 13 
47 69 
34 49 28 
13 60 38 68 
28 46 
46 9 44 
44 82 
80 20 
68 80 
82 12 91 
20 66 67 
91 99 52 
52 35 
67 54 72 
35 36 
36 76 5 
72 93 
93 89 
22 6 37 26 
5 71 18 
89 64 
26 17 
85 97 8 
31 3 
18 24 29 
38 10 
64 32 
73 
32 33 
8 21 
10 25 
21 15 
17 55 
29 23 45 
9 62 
25 1 90 
3 83 
55 63 88 
49 96 
15 
92 4 
62 94 
48 50 
65 39 
33 86 
81 
66 57 
50 
96 
83 
86 87 
45 
4 
43 
94 98 
74 
39 
37 
12 
88 
24 
90 
63 
57 
41 
40 
23 61 
95 
87 
56 
99 
54 
60 
2 
71 
61 
76 
6 
97 
1 
98 
30 
# clone tree 17 objective: 6.10825
0 42 
42 56 41 43 92 75 
75 65 7 
58 48 78 
77 73 79 
59 58 
79 59 
7 77 
78 2 27 
27 31 11 
11 81 85 51 
51 74 16 
16 22 53 
53 34 84 
70 95 47 
69 14 
84 19 
19 70 
14 40 13 
47 6 69 
34 49 28 
13 60 38 68 
28 46 
46 9 44 
44 82 
80 98 20 
68 80 
82 12 91 
20 66 67 
91 99 52 
52 35 
67 54 72 
35 36 
36 76 5 
72 93 
93 97 89 
22 37 26 
5 71 18 
89 64 
26 17 
85 8 
31 3 
18 24 29 
38 10 
64 32 
73 
32 33 
8 21 
10 25 
21 15 
17 55 
29 23 45 
9 62 
25 90 
3 83 
55 63 88 
49 96 
15 
92 4 
62 94 
48 50 
65 39 
33 86 
81 
66 57 
50 
96 
83 1 
86 87 
45 
4 
43 
94 
74 
39 
37 
12 
88 
24 
90 
63 
57 
41 
40 
23 61 
95 
87 
56 
99 
54 
60 
2 
71 
61 
76 
6 
97 
1 30 
98 
30 
# clone tree 18 objective: 6.10825
0 42 
42 56 41 43 92 75 
75 65 7 
58 48 78 
77 73 79 
59 58 
79 59 
7 77 
78 30 2 27 
27 31 11 
11 81 85 51 
51 74 16 
16 22 53 
53 34 84 
70 95 47 
69 14 
84 19 
19 70 
14 40 13 
47 69 
34 49 28 
13 60 38 68 
28 46 
46 9 44 
44 82 
80 20 
68 80 
82 12 91 
20 66 67 
91 99 52 
52 35 
67 54 72 
35 36 
36 76 5 
72 93 
93 89 
22 6 37 26 
5 71 18 
89 64 
26 17 
85 97 8 
31 3 
18 24 29 
38 10 
64 32 
73 
32 33 
8 21 
10 25 
21 15 
17 55 
29 23 45 
9 62 
25 1 90 
3 83 
55 63 88 
49 96 
15 
92 4 
62 94 
48 50 
65 39 
33 86 
81 
66 57 
50 
96 
83 
86 87 
45 
4 
43 
94 98 
74 
39 
37 
12 
88 
24 
90 
63 
57 
41 
40 
23 61 
95 
87 
56 
99 
54 
60 
2 
71 
61 
76 
6 
97 
1 
98 
30 
# clone tree 19 objective: 6.10825
0 42 
42 56 41 43 92 75 
75 65 7 
58 48 78 
77 73 79 
59 58 
79 59 
7 77 
78 2 27 
27 31 11 
11 81 85 51 
51 74 16 
16 22 53 
53 98 34 84 
70 95 47 
69 14 
84 19 
19 70 
14 40 13 
47 69 
34 49 28 
13 60 38 68 
28 46 
46 9 44 
44 82 
80 20 
68 80 
82 12 91 
20 66 67 
91 99 52 
52 35 
67 54 72 
35 36 
36 76 5 
72 93 
93 89 
22 6 37 26 
5 71 18 
89 64 
26 17 
85 97 8 
31 3 
18 24 29 
38 30 10 
64 32 
73 
32 33 
8 21 
10 25 
21 15 
17 55 
29 23 45 
9 62 
25 90 
3 83 
55 63 88 
49 96 
15 
92 4 
62 94 
48 50 
65 39 
33 86 
81 
66 57 
50 
96 
83 
86 87 
45 
4 
43 
94 
74 
39 
37 
12 
88 
24 1 
90 
63 
57 
41 
40 
23 61 
95 
87 
56 
99 
54 
60 
2 
71 
61 
76 
6 
97 
1 
98 
30 
# clone tree 20 objective: 6.10825
0 42 
42 56 41 43 92 75 
75 65 7 
58 48 78 
77 73 79 
59 58 
79 59 
7 77 
78 2 27 
27 31 11 
11 81 85 51 
51 74 16 
16 22 53 
53 98 34 84 
70 95 47 
69 14 
84 19 
19 70 
14 40 13 
47 69 
34 49 28 
13 60 38 68 
28 46 
46 9 44 
44 82 
80 20 
68 80 
82 12 91 
20 66 67 
91 99 52 
52 35 
67 54 72 
35 36 
36 76 5 
72 93 
93 89 
22 6 37 26 
5 71 18 
89 64 
26 17 
85 97 8 
31 3 
18 24 29 
38 10 
64 32 
73 
32 33 
8 21 
10 25 
21 15 
17 30 55 
29 23 45 
9 62 
25 90 
3 83 
55 63 88 
49 96 
15 
92 4 
62 94 
48 50 
65 39 
33 86 
81 
66 57 
50 
96 
83 
86 87 
45 
4 
43 
94 
74 
39 
37 
12 
88 
24 1 
90 
63 
57 
41 
40 
23 61 
95 
87 
56 
99 
54 
60 
2 
71 
61 
76 
6 
97 
1 
98 
30 
# clone tree 21 objective: 6.10825
0 42 
42 56 41 43 92 75 
75 65 7 
58 48 78 
77 73 79 
59 58 
79 59 
7 77 
78 2 27 
27 31 11 
11 81 85 51 
51 74 16 
16 22 53 
53 34 84 
70 95 47 
69 14 
84 19 
19 70 
14 40 13 
47 69 
34 49 28 
13 60 38 68 
28 46 
46 9 44 
44 82 
80 20 
68 30 80 
82 12 91 
20 66 67 
91 99 52 
52 35 
67 54 72 
35 36 
36 76 5 
72 93 
93 89 
22 6 37 26 
5 71 18 
89 64 
26 17 
85 97 8 
31 3 
18 24 29 
38 10 
64 32 
73 
32 33 
8 21 
10 25 
21 15 
17 55 
29 23 45 
9 62 
25 1 90 
3 83 
55 63 88 
49 96 
15 
92 4 
62 94 
48 50 
65 39 
33 86 
81 
66 57 
50 
96 
83 
86 87 
45 
4 
43 
94 98 
74 
39 
37 
12 
88 
24 
90 
63 
57 
41 
40 
23 61 
95 
87 
56 
99 
54 
60 
2 
71 
61 
76 
6 
97 
1 
98 
30 
# clone tree 22 objective: 6.10825
0 42 
42 56 41 43 92 75 
75 65 7 
58 48 78 
77 73 79 
59 58 
79 59 
7 77 
78 2 27 
27 31 11 
11 81 85 51 
51 74 16 
16 22 53 
53 34 84 
70 95 47 
69 14 
84 19 
19 70 
14 40 13 
47 6 69 
34 49 28 
13 98 60 38 68 
28 46 
46 9 44 
44 82 
80 20 
68 80 
82 12 91 
20 66 67 
91 30 99 52 
52 35 
67 54 72 
35 36 
36 76 5 
72 93 
93 89 
22 37 26 
5 71 18 
89 64 
26 17 
85 97 8 
31 3 
18 24 29 
38 10 
64 32 
73 
32 33 
8 21 
10 25 
21 15 
17 55 
29 23 45 
9 62 
25 90 
3 83 
55 63 88 
49 96 
15 
92 4 
62 94 
48 50 
65 39 
33 86 
81 
66 57 
50 
96 
83 1 
86 87 
45 
4 
43 
94 
74 
39 
37 
12 
88 
24 
90 
63 
57 
41 
40 
23 61 
95 
87 
56 
99 
54 
60 
2 
71 
61 
76 
6 
97 
1 
98 
30 
# clone tree 23 objective: 6.10825
0 42 
42 56 41 43 92 75 
75 65 7 
58 48 78 
77 73 79 
59 58 
79 59 
7 77 
78 2 27 
27 31 11 
11 81 85 51 
51 74 16 
16 22 53 
53 34 84 
70 95 47 
69 14 
84 19 
19 70 
14 40 13 
47 69 
34 49 28 
13 60 38 68 
28 46 
46 9 44 
44 82 
80 20 
68 80 
82 12 91 
20 66 67 
91 30 99 52 
52 35 
67 54 72 
35 36 
36 76 5 
72 93 
93 89 
22 6 37 26 
5 71 18 
89 64 
26 17 
85 97 8 
31 3 
18 24 29 
38 10 
64 32 
73 
32 33 
8 21 
10 25 
21 15 
17 55 
29 23 45 
9 62 
25 1 90 
3 83 
55 63 88 
49 96 
15 
92 4 
62 94 
48 50 
65 39 
33 86 
81 
66 57 
50 
96 
83 
86 87 
45 
4 
43 
94 98 
74 
39 
37 
12 
88 
24 
90 
63 
57 
41 
40 
23 61 
95 
87 
56 
99 
54 
60 
2 
71 
61 
76 
6 
97 
1 
98 
30 
# clone tree 24 objective: 6.10825
0 42 
42 56 41 43 92 75 
75 65 7 
58 48 78 
77 73 79 
59 58 
79 59 
7 77 
78 2 27 
27 31 11 
11 81 85 51 
51 74 16 
16 22 53 
53 98 34 84 
70 95 47 
69 14 
84 19 
19 70 
14 40 13 
47 69 
34 49 28 
13 60 38 68 
28 46 
46 9 44 
44 82 
80 20 
68 80 
82 12 91 
20 66 67 
91 99 52 
52 35 
67 30 54 72 
35 36 
36 76 5 
72 93 
93 89 
22 6 37 26 
5 71 18 
89 64 
26 17 
85 97 8 
31 3 
18 24 29 
38 10 
64 32 
73 
32 33 
8 21 
10 25 
21 15 
17 55 
29 23 45 
9 62 
25 90 
3 83 
55 63 88 
49 96 
15 
92 4 
62 94 
48 50 
65 39 
33 86 
81 
66 57 
50 
96 
83 
86 87 
45 
4 
43 
94 
74 
39 
37 
12 
88 
24 1 
90 
63 
57 
41 
40 
23 61 
95 
87 
56 
99 
54 
60 
2 
71 
61 
76 
6 
97 
1 
98 
30 
# clone tree 25 objective: 6.10825
0 42 
42 56 41 43 92 75 
75 65 7 
58 30 48 78 
77 73 79 
59 58 
79 59 
7 77 
78 2 27 
27 31 11 
11 81 85 51 
51 74 16 
16 22 53 
53 34 84 
70 95 47 
69 14 
84 98 19 
19 70 
14 40 13 
47 6 69 
34 49 28 
13 60 38 68 
28 46 
46 9 44 
44 82 
80 20 
68 80 
82 12 91 
20 66 67 
91 99 52 
52 35 
67 54 72 
35 36 
36 76 5 
72 93 
93 97 89 
22 37 26 
5 71 18 
89 64 
26 17 
85 8 
31 3 
18 24 29 
38 10 
64 32 
73 
32 33 
8 21 
10 25 
21 15 
17 55 
29 23 45 
9 62 
25 90 
3 83 
55 63 88 
49 96 
15 
92 4 
62 94 
48 50 
65 39 
33 86 
81 
66 57 
50 
96 
83 
86 87 
45 
4 
43 
94 
74 
39 
37 
12 
88 
24 1 
90 
63 
57 
41 
40 
23 61 
95 
87 
56 
99 
54 
60 
2 
71 
61 
76 
6 
97 
1 
98 
30 
# clone tree 26 objective: 6.10825
0 42 
42 56 41 43 92 75 
75 65 7 
58 48 78 
77 73 79 
59 58 
79 59 
7 77 
78 2 27 
27 31 11 
11 81 85 51 
51 74 16 
16 22 53 
53 98 34 84 
70 95 47 
69 14 
84 19 
19 70 
14 40 13 
47 69 
34 49 28 
13 60 38 68 
28 46 
46 9 44 
44 82 
80 30 20 
68 80 
82 12 91 
20 66 67 
91 99 52 
52 35 
67 54 72 
35 36 
36 76 5 
72 93 
93 89 
22 6 37 26 
5 71 18 
89 64 
26 17 
85 97 8 
31 3 
18 24 29 
38 10 
64 32 
73 
32 33 
8 21 
10 25 
21 15 
17 55 
29 23 45 
9 62 
25 90 
3 83 
55 63 88 
49 96 
15 
92 4 
62 94 
48 50 
65 39 
33 86 
81 
66 57 
50 
96 
83 
86 87 
45 
4 
43 
94 
74 
39 
37 
12 
88 
24 1 
90 
63 
57 
41 
40 
23 61 
95 
87 
56 
99 
54 
60 
2 
71 
61 
76 
6 
97 
1 
98 
30 
# clone tree 27 objective: 6.10825
0 42 
42 56 41 43 92 75 
75 65 7 
58 48 78 
77 73 79 
59 58 
79 59 
7 77 
78 2 27 
27 31 11 
11 81 85 51 
51 74 16 
16 22 53 
53 34 84 
70 95 47 
69 14 
84 19 
19 70 
14 40 13 
47 6 69 
34 49 28 
13 60 38 68 
28 46 
46 9 44 
44 82 
80 20 
68 80 
82 12 91 
20 66 67 
91 99 52 
52 35 
67 30 54 72 
35 36 
36 76 5 
72 93 
93 98 89 
22 37 26 
5 71 18 
89 64 
26 17 
85 8 
31 3 
18 24 29 
38 10 
64 32 
73 
32 33 
8 21 
10 25 
21 15 
17 55 
29 23 45 
9 62 
25 90 
3 83 
55 63 88 
49 96 
15 
92 4 
62 94 
48 50 
65 39 
33 86 
81 
66 57 
50 
96 
83 1 
86 87 
45 
4 
43 
94 97 
74 
39 
37 
12 
88 
24 
90 
63 
57 
41 
40 
23 61 
95 
87 
56 
99 
54 
60 
2 
71 
61 
76 
6 
97 
1 
98 
30 
# clone tree 28 objective: 6.10825
0 42 
42 56 41 43 92 75 
75 65 7 
58 48 78 
77 73 79 
59 58 
79 59 
7 77 
78 2 27 
27 31 11 
11 81 85 51 
51 74 16 
16 22 53 
53 98 34 84 
70 95 47 
69 14 
84 19 
19 70 
14 40 13 
47 6 69 
34 49 28 
13 60 38 68 
28 46 
46 9 44 
44 82 
80 20 
68 80 
82 12 91 
20 66 67 
91 30 99 52 
52 35 
67 54 72 
35 36 
36 76 5 
72 93 
93 97 89 
22 37 26 
5 71 18 
89 64 
26 17 
85 8 
31 3 
18 24 29 
38 10 
64 32 
73 
32 33 
8 21 
10 25 
21 15 
17 55 
29 23 45 
9 62 
25 90 
3 83 
55 63 88 
49 96 
15 
92 4 
62 94 
48 50 
65 39 
33 86 
81 
66 57 
50 
96 
83 1 
86 87 
45 
4 
43 
94 
74 
39 
37 
12 
88 
24 
90 
63 
57 
41 
40 
23 61 
95 
87 
56 
99 
54 
60 
2 
71 
61 
76 
6 
97 
1 
98 
30 
# clone tree 29 objective: 6.10825
0 42 
42 56 41 43 92 75 
75 65 7 
58 48 78 
77 73 79 
59 58 
79 59 
7 77 
78 2 27 
27 31 11 
11 81 85 51 
51 74 16 
16 22 53 
53 34 84 
70 95 47 
69 14 
84 19 
19 70 
14 40 13 
47 69 
34 49 28 
13 60 38 68 
28 46 
46 9 44 
44 82 
80 20 
68 80 
82 12 91 
20 66 67 
91 99 52 
52 35 
67 54 72 
35 36 
36 76 5 
72 93 
93 89 
22 6 37 26 
5 71 18 
89 64 
26 17 
85 8 
31 3 
18 24 29 
38 10 
64 32 
73 98 
32 33 
8 21 
10 25 
21 15 
17 55 
29 23 45 
9 62 
25 90 
3 83 
55 63 88 
49 96 
15 
92 4 
62 94 
48 50 
65 39 
33 86 
81 
66 57 
50 
96 
83 1 
86 87 
45 
4 
43 
94 97 
74 
39 
37 
12 
88 
24 
90 
63 
57 
41 
40 
23 61 
95 
87 
56 
99 
54 
60 
2 
71 
61 
76 
6 
97 30 
1 
98 
30 
# clone tree 30 objective: 6.10825
0 42 
42 56 41 43 92 75 
75 65 7 
58 48 78 
77 73 79 
59 58 
79 30 59 
7 77 
78 2 27 
27 31 11 
11 81 85 51 
51 74 16 
16 22 53 
53 34 84 
70 95 47 
69 14 
84 19 
19 70 
14 40 13 
47 6 69 
34 49 28 
13 60 38 68 
28 46 
46 9 44 
44 82 
80 20 
68 80 
82 12 91 
20 66 67 
91 99 52 
52 35 
67 54 72 
35 36 
36 76 5 
72 93 
93 98 89 
22 37 26 
5 71 18 
89 64 
26 17 
85 97 8 
31 3 
18 24 29 
38 10 
64 32 
73 
32 33 
8 21 
10 25 
21 15 
17 55 
29 23 45 
9 62 
25 90 
3 83 
55 63 88 
49 96 
15 
92 4 
62 94 
48 50 
65 39 
33 86 
81 
66 57 
50 
96 
83 1 
86 87 
45 
4 
43 
94 
74 
39 
37 
12 
88 
24 
90 
63 
57 
41 
40 
23 61 
95 
87 
56 
99 
54 
60 
2 
71 
61 
76 
6 
97 
1 
98 
30 
# clone tree 31 objective: 6.10825
0 42 
42 56 41 43 92 75 
75 65 7 
58 48 78 
77 73 79 
59 58 
79 59 
7 77 
78 2 27 
27 31 11 
11 81 85 51 
51 74 16 
16 22 53 
53 34 84 
70 95 47 
69 14 
84 19 
19 70 
14 40 13 
47 6 69 
34 49 28 
13 98 60 38 68 
28 46 
46 9 44 
44 82 
80 20 
68 80 
82 12 91 
20 66 67 
91 99 52 
52 35 
67 54 72 
35 36 
36 76 5 
72 93 
93 89 
22 37 26 
5 71 18 
89 64 
26 17 
85 8 
31 3 
18 24 29 
38 10 
64 32 
73 
32 33 
8 21 
10 25 
21 15 
17 55 
29 23 45 
9 62 
25 90 
3 83 
55 63 88 
49 96 
15 
92 4 
62 94 
48 50 
65 39 
33 86 
81 
66 57 
50 
96 
83 1 
86 87 
45 
4 
43 
94 97 
74 
39 30 
37 
12 
88 
24 
90 
63 
57 
41 
40 
23 61 
95 
87 
56 
99 
54 
60 
2 
71 
61 
76 
6 
97 
1 
98 
30 
# clone tree 32 objective: 6.10825
0 42 
42 56 41 43 92 75 
75 65 7 
58 48 78 
77 73 79 
59 58 
79 59 
7 77 
78 2 27 
27 31 11 
11 81 85 51 
51 74 16 
16 30 22 53 
53 34 84 
70 95 47 
69 14 
84 19 
19 70 
14 40 13 
47 6 69 
34 49 28 
13 60 38 68 
28 46 
46 9 44 
44 82 
80 98 20 
68 80 
82 12 91 
20 66 67 
91 99 52 
52 35 
67 54 72 
35 36 
36 76 5 
72 93 
93 97 89 
22 37 26 
5 71 18 
89 64 
26 17 
85 8 
31 3 
18 24 29 
38 10 
64 32 
73 
32 33 
8 21 
10 25 
21 15 
17 55 
29 23 45 
9 62 
25 90 
3 83 
55 63 88 
49 96 
15 
92 4 
62 94 
48 50 
65 39 
33 86 
81 
66 57 
50 
96 
83 
86 87 
45 
4 
43 
94 
74 
39 
37 
12 
88 
24 1 
90 
63 
57 
41 
40 
23 61 
95 
87 
56 
99 
54 
60 
2 
71 
61 
76 
6 
97 
1 
98 
30 
# clone tree 33 objective: 6.10825
0 42 
42 56 41 43 92 75 
75 65 7 
58 48 78 
77 73 79 
59 58 
79 59 
7 77 
78 2 27 
27 31 11 
11 81 85 51 
51 74 16 
16 22 53 
53 34 84 
70 95 47 
69 14 
84 19 
19 70 
14 40 13 
47 6 69 
34 49 28 
13 98 1 60 38 68 
28 46 
46 9 44 
44 82 
80 20 
68 80 
82 12 91 
20 66 67 
91 99 52 
52 35 
67 54 72 
35 36 
36 76 5 
72 93 
93 89 
22 37 26 
5 71 18 
89 64 
26 17 
85 8 
31 3 
18 24 29 
38 10 
64 32 
73 
32 33 
8 21 
10 25 
21 15 
17 55 
29 23 45 
9 62 
25 90 
3 83 
55 63 88 
49 96 
15 
92 4 
62 94 
48 50 
65 39 
33 86 
81 
66 57 
50 
96 
83 
86 87 
45 
4 
43 
94 97 
74 
39 
37 
12 
88 
24 
90 
63 
57 
41 30 
40 
23 61 
95 
87 
56 
99 
54 
60 
2 
71 
61 
76 
6 
97 
1 
98 
30 
# clone tree 34 objective: 6.10825
0 42 
42 56 41 43 92 75 
75 65 7 
58 48 78 
77 73 79 
59 58 
79 59 
7 77 
78 2 27 
27 31 11 
11 81 85 51 
51 74 16 
16 22 53 
53 34 84 
70 95 47 
69 14 
84 19 
19 70 
14 40 13 
47 6 69 
34 49 28 
13 60 38 68 
28 46 
46 9 44 
44 98 82 
80 20 
68 80 
82 12 91 
20 66 67 
91 99 52 
52 35 
67 54 72 
35 36 
36 76 5 
72 93 
93 97 89 
22 37 26 
5 71 18 
89 64 
26 17 
85 8 
31 3 
18 24 29 
38 10 
64 32 
73 
32 33 
8 21 
10 25 
21 15 
17 55 
29 23 45 
9 62 
25 90 
3 83 
55 63 88 
49 96 
15 
92 4 
62 94 
48 50 
65 39 
33 86 
81 
66 57 
50 
96 
83 
86 87 
45 
4 
43 30 
94 
74 
39 
37 
12 
88 
24 1 
90 
63 
57 
41 
40 
23 61 
95 
87 
56 
99 
54 
60 
2 
71 
61 
76 
6 
97 
1 
98 
30 
# clone tree 35 objective: 6.10825
0 42 
42 56 41 43 92 75 
75 65 7 
58 48 78 
77 73 79 
59 58 
79 59 
7 77 
78 2 27 
27 31 11 
11 81 85 51 
51 74 16 
16 22 53 
53 34 84 
70 95 47 
69 14 
84 19 
19 70 
14 40 13 
47 6 69 
34 49 28 
13 1 60 38 68 
28 46 
46 9 44 
44 82 
80 20 
68 80 
82 12 91 
20 66 67 
91 99 52 
52 35 
67 54 72 
35 36 
36 76 5 
72 93 
93 89 
22 37 26 
5 71 18 
89 64 
26 17 
85 8 
31 3 
18 98 24 29 
38 10 
64 32 
73 
32 33 
8 21 
10 30 25 
21 15 
17 55 
29 23 45 
9 62 
25 90 
3 83 
55 63 88 
49 96 
15 
92 4 
62 94 
48 50 
65 39 
33 86 
81 
66 57 
50 
96 
83 
86 87 
45 
4 
43 
94 97 
74 
39 
37 
12 
88 
24 
90 
63 
57 
41 
40 
23 61 
95 
87 
56 
99 
54 
60 
2 
71 
61 
76 
6 
97 
1 
98 
30 
# clone tree 36 objective: 6.10825
0 42 
42 56 41 43 92 75 
75 65 7 
58 48 78 
77 73 79 
59 58 
79 59 
7 77 
78 2 27 
27 31 11 
11 81 85 51 
51 74 16 
16 22 53 
53 34 84 
70 95 47 
69 14 
84 19 
19 98 70 
14 40 13 
47 69 
34 49 28 
13 60 38 68 
28 46 
46 9 44 
44 82 
80 20 
68 80 
82 12 91 
20 66 67 
91 99 52 
52 35 
67 54 72 
35 36 
36 76 5 
72 93 
93 89 
22 6 37 26 
5 71 18 
89 64 
26 17 
85 8 
31 3 
18 30 24 29 
38 10 
64 32 
73 
32 33 
8 21 
10 25 
21 15 
17 55 
29 23 45 
9 62 
25 90 
3 83 
55 63 88 
49 96 
15 
92 4 
62 94 
48 50 
65 39 
33 86 
81 
66 57 
50 
96 
83 1 
86 87 
45 
4 
43 
94 97 
74 
39 
37 
12 
88 
24 
90 
63 
57 
41 
40 
23 61 
95 
87 
56 
99 
54 
60 
2 
71 
61 
76 
6 
97 
1 
98 
30 
# clone tree 37 objective: 6.10825
0 42 
42 56 41 43 92 75 
75 65 7 
58 48 78 
77 30 73 79 
59 58 
79 59 
7 77 
78 2 27 
27 31 11 
11 81 85 51 
51 74 16 
16 22 53 
53 34 84 
70 95 47 
69 14 
84 19 
19 70 
14 40 13 
47 6 69 
34 49 28 
13 98 60 38 68 
28 46 
46 9 44 
44 82 
80 20 
68 80 
82 12 91 
20 66 67 
91 99 52 
52 35 
67 54 72 
35 36 
36 76 5 
72 93 
93 89 
22 37 26 
5 71 18 
89 64 
26 17 
85 97 8 
31 3 
18 24 29 
38 10 
64 32 
73 
32 33 
8 21 
10 25 
21 15 
17 55 
29 23 45 
9 62 
25 90 
3 83 
55 63 88 
49 96 
15 
92 4 
62 94 
48 50 
65 39 
33 86 
81 
66 57 
50 
96 
83 1 
86 87 
45 
4 
43 
94 
74 
39 
37 
12 
88 
24 
90 
63 
57 
41 
40 
23 61 
95 
87 
56 
99 
54 
60 
2 
71 
61 
76 
6 
97 
1 
98 
30 
# clone tree 38 objective: 6.10825
0 42 
42 56 41 43 92 75 
75 65 7 
58 48 78 
77 73 79 
59 58 
79 59 
7 77 
78 2 27 
27 31 11 
11 81 85 51 
51 74 16 
16 22 53 
53 34 84 
70 95 47 
69 14 
84 19 
19 70 
14 40 13 
47 6 69 
34 49 28 
13 60 38 68 
28 46 
46 9 44 
44 82 
80 20 
68 80 
82 12 91 
20 66 67 
91 99 52 
52 35 
67 54 72 
35 36 
36 76 5 
72 93 
93 97 89 
22 37 26 
5 71 18 
89 64 
26 30 17 
85 98 8 
31 3 
18 24 29 
38 10 
64 32 
73 
32 33 
8 21 
10 25 
21 15 
17 55 
29 23 45 
9 62 
25 90 
3 83 
55 63 88 
49 96 
15 
92 4 
62 94 
48 50 
65 39 
33 86 
81 
66 57 
50 
96 
83 1 
86 87 
45 
4 
43 
94 
74 
39 
37 
12 
88 
24 
90 
63 
57 
41 
40 
23 61 
95 
87 
56 
99 
54 
60 
2 
71 
61 
76 
6 
97 
1 
98 
30 
# clone tree 39 objective: 6.10825
0 42 
42 56 41 43 92 75 
75 65 7 
58 48 78 
77 73 79 
59 58 
79 59 
7 77 
78 2 27 
27 31 11 
11 81 85 51 
51 30 74 16 
16 22 53 
53 34 84 
70 95 47 
69 14 
84 19 
19 98 70 
14 40 13 
47 6 69 
34 49 28 
13 60 38 68 
28 46 
46 9 44 
44 82 
80 20 
68 80 
82 12 91 
20 66 67 
91 99 52 
52 35 
67 54 72 
35 36 
36 76 5 
72 93 
93 89 
22 37 26 
5 71 18 
89 64 
26 17 
85 97 8 
31 3 
18 24 29 
38 10 
64 32 
73 
32 33 
8 21 
10 25 
21 15 
17 55 
29 23 45 
9 62 
25 90 
3 83 
55 63 88 
49 96 
15 
92 4 
62 94 
48 50 
65 39 
33 86 
81 
66 57 
50 
96 
83 1 
86 87 
45 
4 
43 
94 
74 
39 
37 
12 
88 
24 
90 
63 
57 
41 
40 
23 61 
95 
87 
56 
99 
54 
60 
2 
71 
61 
76 
6 
97 
1 
98 
30 
# clone tree 40 objective: 6.10825
0 42 
42 56 41 43 92 75 
75 65 7 
58 48 78 
77 73 79 
59 58 
79 59 
7 77 
78 2 27 
27 31 11 
11 81 85 51 
51 74 16 
16 22 53 
53 34 84 
70 95 47 
69 14 
84 19 
19 70 
14 40 13 
47 6 69 
34 49 28 
13 60 38 68 
28 46 
46 9 44 
44 82 
80 30 20 
68 80 
82 12 91 
20 66 67 
91 99 52 
52 35 
67 54 72 
35 36 
36 76 5 
72 93 
93 97 89 
22 37 26 
5 71 18 
89 64 
26 17 
85 8 
31 3 
18 24 29 
38 10 
64 32 
73 
32 33 
8 21 
10 25 
21 15 
17 55 
29 23 45 
9 62 
25 90 
3 83 
55 63 88 
49 96 
15 
92 4 
62 94 
48 50 
65 39 
33 86 
81 
66 57 
50 
96 
83 1 
86 87 
45 
4 
43 
94 98 
74 
39 
37 
12 
88 
24 
90 
63 
57 
41 
40 
23 61 
95 
87 
56 
99 
54 
60 
2 
71 
61 
76 
6 
97 
1 
98 
30 
# clone tree 41 objective: 6.10825
0 42 
42 56 41 43 92 75 
75 30 65 7 
58 48 78 
77 73 79 
59 58 
79 59 
7 77 
78 2 27 
27 31 11 
11 81 85 51 
51 74 16 
16 22 53 
53 34 84 
70 95 47 
69 14 
84 19 
19 70 
14 40 13 
47 6 69 
34 98 49 28 
13 60 38 68 
28 46 
46 9 44 
44 82 
80 20 
68 80 
82 12 91 
20 66 67 
91 99 52 
52 35 
67 54 72 
35 36 
36 76 5 
72 93 
93 89 
22 37 26 
5 71 18 
89 64 
26 17 
85 8 
31 3 
18 24 29 
38 10 
64 32 
73 
32 33 
8 21 
10 25 
21 15 
17 55 
29 23 45 
9 62 
25 90 
3 83 
55 63 88 
49 96 
15 
92 4 
62 94 
48 50 
65 39 
33 86 
81 
66 57 
50 
96 
83 1 
86 87 
45 
4 
43 
94 97 
74 
39 
37 
12 
88 
24 
90 
63 
57 
41 
40 
23 61 
95 
87 
56 
99 
54 
60 
2 
71 
61 
76 
6 
97 
1 
98 
30 
# clone tree 42 objective: 6.10825
0 42 
42 56 41 43 92 75 
75 65 7 
58 48 78 
77 73 79 
59 58 
79 59 
7 77 
78 2 27 
27 31 11 
11 81 85 51 
51 74 16 
16 22 53 
53 34 84 
70 95 47 
69 14 
84 98 19 
19 70 
14 40 13 
47 6 69 
34 49 28 
13 60 38 68 
28 46 
46 9 44 
44 82 
80 20 
68 80 
82 12 91 
20 66 67 
91 99 52 
52 35 
67 54 72 
35 36 
36 76 5 
72 93 
93 89 
22 37 26 
5 71 18 
89 64 
26 30 17 
85 97 8 
31 3 
18 24 29 
38 10 
64 32 
73 
32 33 
8 21 
10 25 
21 15 
17 55 
29 23 45 
9 62 
25 90 
3 83 
55 63 88 
49 96 
15 
92 4 
62 94 
48 50 
65 39 
33 86 
81 
66 57 
50 
96 
83 1 
86 87 
45 
4 
43 
94 
74 
39 
37 
12 
88 
24 
90 
63 
57 
41 
40 
23 61 
95 
87 
56 
99 
54 
60 
2 
71 
61 
76 
6 
97 
1 
98 
30 
# clone tree 43 objective: 6.10825
0 42 
42 56 41 43 92 75 
75 65 7 
58 48 78 
77 73 79 
59 58 
79 59 
7 77 
78 2 27 
27 31 11 
11 81 85 51 
51 74 16 
16 22 53 
53 34 84 
70 95 47 
69 14 
84 19 
19 70 
14 40 13 
47 69 
34 49 28 
13 60 38 68 
28 46 
46 9 44 
44 82 
80 20 
68 80 
82 12 91 
20 66 67 
91 99 52 
52 35 
67 54 72 
35 36 
36 76 5 
72 93 
93 89 
22 6 37 26 
5 71 18 
89 64 
26 17 
85 97 8 
31 3 
18 98 24 29 
38 10 
64 32 
73 30 
32 33 
8 21 
10 25 
21 15 
17 55 
29 23 45 
9 62 
25 1 90 
3 83 
55 63 88 
49 96 
15 
92 4 
62 94 
48 50 
65 39 
33 86 
81 
66 57 
50 
96 
83 
86 87 
45 
4 
43 
94 
74 
39 
37 
12 
88 
24 
90 
63 
57 
41 
40 
23 61 
95 
87 
56 
99 
54 
60 
2 
71 
61 
76 
6 
97 
1 
98 
30 
# clone tree 44 objective: 6.10825
0 42 
42 56 41 43 92 75 
75 65 7 
58 48 78 
77 73 79 
59 58 
79 59 
7 77 
78 2 27 
27 31 11 
11 81 85 51 
51 74 16 
16 22 53 
53 34 84 
70 95 47 
69 14 
84 19 
19 70 
14 40 13 
47 6 69 
34 49 28 
13 98 1 60 38 68 
28 46 
46 9 44 
44 82 
80 20 
68 80 
82 12 91 
20 66 67 
91 99 52 
52 35 
67 54 72 
35 36 
36 76 5 
72 93 
93 89 
22 37 26 
5 71 18 
89 64 
26 17 
85 8 
31 3 
18 24 29 
38 10 
64 30 32 
73 
32 33 
8 21 
10 25 
21 15 
17 55 
29 23 45 
9 62 
25 90 
3 83 
55 63 88 
49 96 
15 
92 4 
62 94 
48 50 
65 39 
33 86 
81 
66 57 
50 
96 
83 
86 87 
45 
4 
43 
94 97 
74 
39 
37 
12 
88 
24 
90 
63 
57 
41 
40 
23 61 
95 
87 
56 
99 
54 
60 
2 
71 
61 
76 
6 
97 
1 
98 
30 
# clone tree 45 objective: 6.10825
0 42 
42 56 41 43 92 75 
75 65 7 
58 48 78 
77 73 79 
59 58 
79 59 
7 77 
78 2 27 
27 31 11 
11 81 85 51 
51 74 16 
16 22 53 
53 34 84 
70 95 47 
69 14 
84 19 
19 70 
14 40 13 
47 69 
34 49 28 
13 60 38 68 
28 46 
46 9 44 
44 82 
80 20 
68 80 
82 12 91 
20 66 67 
91 99 52 
52 35 
67 54 72 
35 36 
36 76 5 
72 93 
93 89 
22 6 37 26 
5 71 18 
89 64 
26 17 
85 97 8 
31 3 
18 24 29 
38 10 
64 32 
73 
32 33 
8 21 
10 25 
21 15 
17 55 
29 23 45 
9 62 
25 90 
3 83 
55 63 88 
49 96 
15 
92 4 
62 94 
48 50 
65 39 
33 86 
81 
66 30 57 
50 
96 
83 
86 87 
45 
4 
43 
94 98 
74 
39 
37 
12 
88 
24 1 
90 
63 
57 
41 
40 
23 61 
95 
87 
56 
99 
54 
60 
2 
71 
61 
76 
6 
97 
1 
98 
30 
# clone tree 46 objective: 6.10825
0 42 
42 56 41 43 92 75 
75 65 7 
58 48 78 
77 73 79 
59 58 
79 59 
7 77 
78 2 27 
27 31 11 
11 81 85 51 
51 74 16 
16 22 53 
53 34 84 
70 95 47 
69 14 
84 98 19 
19 70 
14 40 13 
47 6 69 
34 49 28 
13 60 38 68 
28 46 
46 9 44 
44 82 
80 20 
68 80 
82 12 91 
20 66 67 
91 99 52 
52 35 
67 54 72 
35 36 
36 76 5 
72 93 
93 97 89 
22 37 26 
5 71 18 
89 64 
26 17 
85 8 
31 3 
18 24 29 
38 10 
64 32 
73 
32 33 
8 21 
10 25 
21 30 15 
17 55 
29 23 45 
9 62 
25 90 
3 83 
55 63 88 
49 96 
15 
92 4 
62 94 
48 50 
65 39 
33 86 
81 
66 57 
50 
96 
83 1 
86 87 
45 
4 
43 
94 
74 
39 
37 
12 
88 
24 
90 
63 
57 
41 
40 
23 61 
95 
87 
56 
99 
54 
60 
2 
71 
61 
76 
6 
97 
1 
98 
30 
# clone tree 47 objective: 6.10825
0 42 
42 56 41 43 92 75 
75 65 7 
58 48 78 
77 73 79 
59 58 
79 59 
7 77 
78 2 27 
27 31 11 
11 81 85 51 
51 74 16 
16 22 53 
53 98 34 84 
70 95 47 
69 30 14 
84 19 
19 70 
14 40 13 
47 6 69 
34 97 49 28 
13 60 38 68 
28 46 
46 9 44 
44 82 
80 20 
68 80 
82 12 91 
20 66 67 
91 99 52 
52 35 
67 54 72 
35 36 
36 76 5 
72 93 
93 89 
22 37 26 
5 71 18 
89 64 
26 17 
85 8 
31 3 
18 24 29 
38 10 
64 32 
73 
32 33 
8 21 
10 25 
21 15 
17 55 
29 23 45 
9 62 
25 90 
3 83 
55 63 88 
49 96 
15 
92 4 
62 94 
48 50 
65 39 
33 86 
81 
66 57 
50 
96 
83 
86 87 
45 
4 
43 
94 
74 
39 
37 
12 
88 
24 1 
90 
63 
57 
41 
40 
23 61 
95 
87 
56 
99 
54 
60 
2 
71 
61 
76 
6 
97 
1 
98 
30 
# clone tree 48 objective: 6.10825
0 42 
42 56 41 43 92 75 
75 65 7 
58 48 78 
77 73 79 
59 58 
79 59 
7 77 
78 2 27 
27 31 11 
11 81 85 51 
51 74 16 
16 22 53 
53 34 84 
70 95 47 
69 14 
84 19 
19 70 
14 40 13 
47 69 
34 49 28 
13 60 38 68 
28 46 
46 9 44 
44 82 
80 20 
68 80 
82 12 91 
20 66 67 
91 99 52 
52 35 
67 54 72 
35 36 
36 76 5 
72 93 
93 89 
22 6 37 26 
5 71 18 
89 64 
26 17 
85 97 8 
31 3 
18 24 29 
38 10 
64 32 
73 
32 33 
8 21 
10 25 
21 15 
17 55 
29 23 45 
9 62 
25 1 90 
3 83 
55 63 88 
49 98 96 
15 
92 4 
62 94 
48 50 
65 39 
33 86 
81 
66 57 
50 
96 
83 
86 87 
45 
4 
43 
94 
74 
39 
37 
12 
88 
24 
90 
63 
57 
41 
40 
23 61 
95 
87 
56 
99 
54 
60 
2 30 
71 
61 
76 
6 
97 
1 
98 
30 
# clone tree 49 objective: 6.10825
0 42 
42 56 41 43 92 75 
75 65 7 
58 48 78 
77 73 79 
59 58 
79 59 
7 77 
78 2 27 
27 31 11 
11 81 85 51 
51 74 16 
16 22 53 
53 34 84 
70 95 47 
69 14 
84 19 
19 70 
14 40 13 
47 6 69 
34 49 28 
13 60 38 68 
28 46 
46 9 44 
44 82 
80 20 
68 80 
82 12 91 
20 66 67 
91 99 52 
52 35 
67 54 72 
35 36 
36 76 5 
72 93 
93 89 
22 37 26 
5 71 18 
89 64 
26 17 
85 8 
31 3 
18 24 29 
38 10 
64 32 
73 98 
32 33 
8 21 
10 25 
21 15 
17 55 
29 23 45 
9 62 
25 90 
3 83 
55 63 88 
49 96 
15 
92 4 
62 94 
48 50 
65 39 
33 86 
81 
66 57 
50 
96 
83 1 
86 87 
45 
4 
43 
94 97 
74 
39 
37 
12 
88 
24 
90 
63 
57 
41 
40 
23 61 
95 
87 
56 
99 
54 
60 
2 30 
71 
61 
76 
6 
97 
1 
98 
30 
