0 23 46 
28 35 85 
46 28 
59 56 74 84 10 
43 59 
85 80 43 
10 44 62 
62 25 
25 45 89 
89 94 34 
34 12 15 
57 90 39 47 91 
15 13 86 
86 57 
91 38 30 
65 17 
17 20 18 
30 99 65 
84 24 33 
18 21 41 
33 61 37 
38 53 27 
41 2 
27 69 6 
37 51 72 
2 19 3 
21 77 4 
72 36 
68 73 11 
44 42 68 
4 64 
36 54 
24 8 78 83 
74 1 
22 67 
54 14 
3 50 32 
6 22 
14 16 
23 97 95 
64 31 
80 87 
83 52 
12 81 
69 9 76 
32 7 
70 98 66 
1 70 
67 93 
95 96 
11 63 
40 79 60 
31 40 
77 92 
16 55 
93 88 
20 26 
76 71 58 
88 
87 
47 82 
78 48 
96 
52 
66 
73 
8 75 
92 
39 
7 
45 
19 
58 29 
55 
51 
26 
75 
82 49 
94 
48 
29 
53 
35 
13 
99 
56 
61 
42 
63 
81 5 
98 
50 
49 
60 
79 
9 
90 
71 
97 
5 
