# clone tree 0 objective: 3.01088
0 3 54 70 58 
58 69 37 
37 17 20 
20 13 53 
53 47 34 
34 9 8 45 80 
70 41 91 
80 38 67 
91 2 51 57 
67 98 87 
57 11 18 
87 84 
84 15 56 
18 81 88 43 
54 85 42 55 
56 29 75 
43 19 68 
68 89 96 
75 97 32 
55 60 79 
96 86 27 
32 31 30 
79 74 
30 61 40 82 
74 6 
82 59 
42 16 33 
27 36 62 
47 35 
28 52 
6 50 
59 28 
45 63 
60 24 92 
35 21 44 
50 73 
51 49 
33 25 
13 4 
69 95 78 
62 83 22 
73 26 1 
52 5 
92 72 
89 46 7 
2 
86 
44 94 
88 23 
5 93 
4 14 
15 76 
97 65 
3 10 12 
63 
49 77 
25 
29 64 
38 90 
14 
41 
40 
36 
98 
8 48 
1 99 
9 71 
78 39 66 
31 
23 
76 
7 
22 
24 
71 
46 
12 
26 
16 
94 
64 
10 
85 
83 
21 
77 
90 
65 
48 
95 
72 
19 
93 
61 
17 
66 
39 
99 
81 
11 
