# clone tree 0 objective: 4.07492
0 90 63 
63 95 68 58 35 
35 46 87 
10 47 62 66 85 21 
87 10 
21 20 89 64 9 
9 36 53 65 70 
70 24 19 
19 93 28 
65 88 
28 80 71 
25 48 
74 52 
71 67 
88 25 
48 78 30 4 
46 69 
69 32 
52 41 
67 79 74 
41 11 
32 77 91 
91 37 45 
11 33 55 
4 59 31 
55 84 
31 8 83 
83 23 51 
84 94 49 
90 12 60 
45 15 92 
51 44 
60 6 57 
49 96 81 
92 34 
34 29 
85 98 17 
53 97 39 
93 22 
80 73 5 
57 38 3 
29 26 
39 82 
44 1 56 
81 13 
12 14 61 
30 
66 7 
26 54 
58 40 
40 50 
54 99 
56 
62 
5 86 
17 75 
23 42 
77 18 
98 
7 
86 
2 
82 
50 2 
64 
99 
68 
78 
73 
3 72 
15 
72 
89 
13 
22 
33 
37 43 
1 
75 76 
18 
59 
94 
20 27 
8 
6 16 
42 
38 
97 
24 
36 
61 
96 
47 
43 
79 
76 
27 
14 
16 
95 
# clone tree 1 objective: 4.07492
0 90 63 
63 68 58 35 
35 46 87 
10 47 62 66 85 21 
87 10 
21 20 89 64 9 
9 36 53 65 70 
70 24 19 
19 93 28 
65 95 88 
28 80 71 
25 48 
74 52 
71 67 
88 25 
48 78 30 4 
46 69 
69 32 
52 16 41 
67 79 74 
41 11 
32 77 91 
91 37 45 
11 33 55 
4 59 31 
55 27 84 
31 8 83 
83 23 51 
84 94 49 
90 12 60 
45 15 92 
51 44 
60 6 57 
49 96 81 
92 34 
34 29 
85 98 17 
53 97 39 
93 22 
80 73 5 
57 38 3 
29 26 
39 82 
44 1 56 
81 13 
12 61 
30 
66 7 
26 54 
58 40 
40 50 
54 99 
56 
62 
5 86 
17 75 
23 42 
77 18 
98 
7 
86 
2 
82 
50 2 
64 
99 
68 
78 
73 
3 72 
15 
72 
89 
13 
22 
33 
37 43 
1 
75 76 
18 
59 
94 
20 
8 
6 
42 
38 
97 
24 
36 
61 14 
96 
47 
43 
79 
76 
27 
14 
16 
95 
# clone tree 2 objective: 4.07492
0 1 90 63 
63 68 58 35 
35 46 87 
10 62 66 85 21 
87 10 
21 14 89 64 9 
9 53 65 70 
70 24 19 
19 93 28 
65 88 
28 80 71 
25 48 
74 20 52 
71 67 
88 43 25 
48 78 30 4 
46 69 
69 32 
52 41 
67 16 74 
41 11 
32 77 91 
91 47 37 45 
11 33 55 
4 31 
55 84 
31 8 83 
83 23 51 
84 94 49 
90 12 60 
45 15 92 
51 44 
60 6 57 
49 81 
92 34 
34 29 
85 98 17 
53 97 39 
93 22 
80 73 5 
57 3 
29 26 
39 82 
44 56 
81 13 
12 61 
30 38 59 
66 7 
26 54 
58 40 
40 50 
54 99 
56 
62 
5 86 
17 75 
23 42 
77 18 
98 
7 
86 
2 
82 36 
50 2 
64 
99 
68 
78 96 
73 
3 72 
15 
72 79 
89 
13 
22 
33 
37 
1 
75 76 
18 
59 
94 
20 
8 
6 
42 
38 
97 
24 95 
36 
61 
96 
47 27 
43 
79 
76 
27 
14 
16 
95 
# clone tree 3 objective: 4.07492
0 90 63 
63 68 58 35 
35 46 87 
10 47 62 66 85 21 
87 95 10 
21 20 89 64 9 
9 36 53 65 70 
70 24 19 
19 93 28 
65 88 
28 80 71 
25 48 
74 52 
71 67 
88 25 
48 78 30 4 
46 69 
69 32 
52 41 
67 79 74 
41 11 
32 77 91 
91 37 45 
11 33 55 
4 59 31 
55 84 
31 8 83 
83 23 51 
84 94 49 
90 12 60 
45 15 92 
51 44 
60 6 57 
49 96 81 
92 34 
34 29 
85 98 17 
53 97 39 
93 22 
80 73 5 
57 38 3 
29 26 
39 82 
44 1 56 
81 13 
12 14 61 
30 
66 7 
26 54 
58 40 
40 50 
54 99 
56 
62 
5 86 
17 75 
23 42 
77 18 
98 
7 
86 
2 
82 
50 2 
64 
99 
68 
78 
73 
3 72 
15 
72 
89 
13 
22 
33 
37 43 
1 
75 76 
18 
59 
94 
20 27 
8 
6 16 
42 
38 
97 
24 
36 
61 
96 
47 
43 
79 
76 
27 
14 
16 
95 
# clone tree 4 objective: 4.07492
0 1 90 63 
63 68 58 35 
35 46 87 
10 62 66 85 21 
87 10 
21 14 89 64 9 
9 53 65 70 
70 24 19 
19 93 28 
65 88 
28 80 71 
25 48 
74 20 52 
71 67 
88 43 25 
48 78 30 4 
46 69 
69 32 
52 41 
67 16 74 
41 11 
32 77 91 
91 47 37 45 
11 33 55 
4 31 
55 84 
31 8 83 
83 23 51 
84 94 49 
90 12 60 
45 15 92 
51 44 
60 6 57 
49 81 
92 34 
34 29 
85 98 17 
53 97 39 
93 22 
80 73 5 
57 3 
29 26 
39 82 
44 56 
81 13 
12 61 
30 38 59 
66 7 
26 54 
58 40 
40 50 
54 99 
56 
62 
5 86 
17 75 
23 42 
77 18 
98 
7 
86 
2 
82 36 
50 2 
64 
99 
68 
78 96 
73 
3 72 
15 
72 79 
89 
13 
22 
33 
37 
1 
75 95 76 
18 
59 
94 
20 
8 
6 
42 
38 
97 
24 
36 
61 
96 
47 27 
43 
79 
76 
27 
14 
16 
95 
# clone tree 5 objective: 4.07492
0 95 90 63 
63 68 58 35 
35 46 87 
10 47 62 66 85 21 
87 10 
21 20 89 64 9 
9 36 53 65 70 
70 24 19 
19 93 28 
65 88 
28 80 71 
25 48 
74 52 
71 67 
88 25 
48 78 30 4 
46 69 
69 32 
52 41 
67 79 74 
41 11 
32 77 91 
91 37 45 
11 33 55 
4 59 31 
55 84 
31 8 83 
83 23 51 
84 94 49 
90 12 60 
45 15 92 
51 44 
60 6 57 
49 96 81 
92 34 
34 29 
85 98 17 
53 97 39 
93 22 
80 73 5 
57 38 3 
29 26 
39 82 
44 1 56 
81 13 
12 14 61 
30 
66 7 
26 54 
58 40 
40 50 
54 99 
56 
62 
5 86 
17 75 
23 42 
77 18 
98 
7 
86 
2 
82 
50 2 
64 
99 
68 
78 
73 
3 72 
15 
72 
89 
13 
22 
33 
37 43 
1 
75 76 
18 
59 
94 
20 27 
8 
6 16 
42 
38 
97 
24 
36 
61 
96 
47 
43 
79 
76 
27 
14 
16 
95 
# clone tree 6 objective: 4.07492
0 1 90 63 
63 68 58 35 
35 46 87 
10 62 66 85 21 
87 10 
21 14 89 64 9 
9 53 65 70 
70 24 19 
19 93 28 
65 88 
28 80 71 
25 48 
74 20 52 
71 67 
88 43 25 
48 78 30 4 
46 69 
69 32 
52 41 
67 16 74 
41 11 
32 77 91 
91 47 37 45 
11 33 55 
4 31 
55 84 
31 8 83 
83 23 51 
84 94 49 
90 12 60 
45 15 92 
51 44 
60 6 57 
49 81 
92 34 
34 29 
85 98 17 
53 97 39 
93 22 
80 73 5 
57 3 
29 26 
39 82 
44 56 
81 13 
12 61 
30 38 59 
66 7 
26 54 
58 40 
40 50 
54 99 
56 
62 
5 86 
17 75 
23 42 
77 18 
98 
7 
86 
2 
82 36 
50 2 
64 
99 
68 
78 96 
73 95 
3 72 
15 
72 79 
89 
13 
22 
33 
37 
1 
75 76 
18 
59 
94 
20 
8 
6 
42 
38 
97 
24 
36 
61 
96 
47 27 
43 
79 
76 
27 
14 
16 
95 
# clone tree 7 objective: 4.07492
0 1 90 63 
63 68 58 35 
35 46 87 
10 62 66 85 21 
87 10 
21 20 89 64 9 
9 53 65 70 
70 24 19 
19 93 28 
65 88 
28 80 71 
25 48 
74 27 52 
71 67 
88 43 25 
48 78 30 4 
46 96 69 
69 32 
52 79 41 
67 74 
41 11 
32 77 91 
91 47 37 45 
11 33 55 
4 31 
55 84 
31 8 83 
83 23 51 
84 94 49 
90 12 60 
45 15 92 
51 44 
60 6 57 
49 81 
92 34 
34 29 
85 76 98 17 
53 97 39 
93 22 
80 61 73 5 
57 38 3 
29 26 
39 82 
44 56 
81 13 
12 
30 
66 14 7 
26 54 
58 40 
40 50 
54 99 
56 
62 59 
5 86 
17 75 
23 42 
77 18 
98 
7 
86 
2 
82 36 
50 2 
64 
99 
68 
78 
73 
3 72 
15 
72 
89 
13 
22 
33 
37 
1 
75 16 
18 
59 
94 
20 
8 
6 
42 
38 
97 
24 
36 
61 
96 
47 
43 
79 
76 
27 
14 95 
16 
95 
# clone tree 8 objective: 4.07492
0 1 90 63 
63 68 58 35 
35 46 87 
10 62 66 85 21 
87 10 
21 14 89 64 9 
9 53 65 70 
70 24 19 
19 93 28 
65 88 
28 80 71 
25 48 
74 20 52 
71 67 
88 43 25 
48 78 30 4 
46 69 
69 32 
52 41 
67 16 74 
41 11 
32 77 91 
91 47 37 45 
11 33 55 
4 31 
55 84 
31 8 83 
83 23 51 
84 94 49 
90 12 60 
45 15 92 
51 44 
60 6 57 
49 81 
92 34 
34 29 
85 98 17 
53 97 39 
93 22 
80 73 5 
57 3 
29 26 
39 82 
44 56 
81 13 
12 61 
30 38 59 
66 7 
26 54 
58 40 
40 50 
54 99 
56 
62 
5 86 
17 75 
23 42 
77 18 
98 
7 
86 
2 
82 36 
50 2 
64 
99 
68 
78 96 
73 
3 72 
15 
72 79 
89 
13 
22 
33 
37 
1 
75 76 
18 
59 
94 
20 
8 
6 
42 
38 
97 
24 
36 
61 
96 
47 27 
43 
79 
76 95 
27 
14 
16 
95 
# clone tree 9 objective: 4.07492
0 1 90 63 
63 68 58 35 
35 46 87 
10 62 66 85 21 
87 10 
21 20 89 64 9 
9 53 65 70 
70 24 19 
19 93 28 
65 88 
28 80 71 
25 48 
74 27 52 
71 67 
88 43 25 
48 78 30 4 
46 96 69 
69 32 
52 79 41 
67 74 
41 11 
32 77 91 
91 47 37 45 
11 33 55 
4 31 
55 84 
31 8 83 
83 23 51 
84 94 49 
90 12 60 
45 15 92 
51 44 
60 6 57 
49 81 
92 34 
34 29 
85 76 98 17 
53 97 39 
93 22 
80 61 73 5 
57 38 3 
29 26 
39 82 
44 56 
81 13 
12 
30 
66 14 7 
26 54 
58 40 
40 50 
54 99 
56 
62 59 
5 86 
17 75 
23 42 
77 18 
98 
7 
86 
2 
82 36 
50 2 
64 
99 
68 
78 
73 
3 72 
15 
72 
89 
13 
22 
33 
37 
1 
75 16 
18 
59 
94 
20 
8 
6 
42 
38 
97 
24 
36 
61 
96 
47 
43 
79 
76 
27 
14 
16 95 
95 
# clone tree 10 objective: 4.07492
0 1 90 63 
63 68 58 35 
35 46 87 
10 62 66 85 21 
87 10 
21 14 89 64 9 
9 53 65 70 
70 24 19 
19 93 28 
65 88 
28 80 71 
25 48 
74 20 52 
71 67 
88 43 25 
48 78 30 4 
46 69 
69 32 
52 41 
67 16 74 
41 11 
32 77 91 
91 47 37 45 
11 33 55 
4 31 
55 84 
31 8 83 
83 23 51 
84 94 49 
90 12 60 
45 15 92 
51 44 
60 6 57 
49 81 
92 34 
34 29 
85 98 17 
53 97 39 
93 22 
80 73 5 
57 3 
29 26 
39 82 
44 56 
81 13 
12 61 
30 38 59 
66 7 
26 54 
58 40 
40 50 
54 99 
56 
62 
5 86 
17 75 
23 42 
77 18 
98 
7 
86 
2 
82 36 
50 2 
64 
99 
68 
78 96 
73 
3 72 
15 
72 79 
89 
13 
22 
33 
37 
1 95 
75 76 
18 
59 
94 
20 
8 
6 
42 
38 
97 
24 
36 
61 
96 
47 27 
43 
79 
76 
27 
14 
16 
95 
# clone tree 11 objective: 4.07492
0 1 90 63 
63 68 58 35 
35 46 87 
10 62 66 85 21 
87 10 
21 20 89 64 9 
9 53 65 70 
70 24 19 
19 93 28 
65 88 
28 80 71 
25 48 
74 27 52 
71 67 
88 43 25 
48 78 30 4 
46 96 69 
69 32 
52 79 41 
67 74 
41 11 
32 77 91 
91 47 37 45 
11 33 55 
4 31 
55 84 
31 8 83 
83 23 51 
84 94 49 
90 12 60 
45 15 92 
51 44 
60 6 57 
49 81 
92 34 
34 29 
85 76 98 17 
53 97 39 
93 22 
80 61 73 5 
57 38 3 
29 26 
39 82 
44 56 
81 13 
12 
30 
66 14 7 
26 54 
58 40 
40 50 
54 99 
56 
62 59 
5 86 
17 75 
23 42 
77 18 
98 
7 
86 
2 
82 36 
50 2 
64 
99 
68 
78 
73 
3 72 
15 
72 
89 
13 
22 
33 
37 
1 
75 16 
18 
59 
94 
20 
8 
6 
42 
38 
97 95 
24 
36 
61 
96 
47 
43 
79 
76 
27 
14 
16 
95 
# clone tree 12 objective: 4.07492
0 1 90 63 
63 68 58 35 
35 46 87 
10 62 66 85 21 
87 10 
21 14 89 64 9 
9 53 65 70 
70 24 19 
19 93 28 
65 88 
28 80 71 
25 48 
74 20 52 
71 67 
88 43 25 
48 78 30 4 
46 69 
69 32 
52 41 
67 16 74 
41 11 
32 77 91 
91 47 37 45 
11 33 55 
4 31 
55 84 
31 8 83 
83 23 51 
84 94 49 
90 12 60 
45 15 92 
51 44 
60 6 57 
49 81 
92 34 
34 29 
85 98 17 
53 97 39 
93 22 
80 73 5 
57 3 
29 26 
39 82 
44 56 
81 13 
12 61 
30 38 59 
66 7 
26 54 
58 40 
40 50 
54 99 
56 
62 
5 86 
17 75 
23 42 
77 18 
98 
7 
86 
2 
82 36 
50 2 
64 
99 
68 
78 95 96 
73 
3 72 
15 
72 79 
89 
13 
22 
33 
37 
1 
75 76 
18 
59 
94 
20 
8 
6 
42 
38 
97 
24 
36 
61 
96 
47 27 
43 
79 
76 
27 
14 
16 
95 
# clone tree 13 objective: 4.07492
0 1 90 63 
63 68 58 35 
35 46 87 
10 62 66 85 21 
87 10 
21 20 89 64 9 
9 53 65 70 
70 24 19 
19 93 28 
65 88 
28 80 71 
25 48 
74 27 52 
71 67 
88 43 25 
48 78 30 4 
46 96 69 
69 32 
52 79 41 
67 74 
41 11 
32 77 91 
91 47 37 45 
11 33 55 
4 31 
55 84 
31 8 83 
83 23 51 
84 94 49 
90 12 60 
45 15 92 
51 44 
60 6 57 
49 81 
92 34 
34 29 
85 76 98 17 
53 97 39 
93 22 
80 61 73 5 
57 38 3 
29 26 
39 82 
44 56 
81 13 
12 
30 
66 14 7 
26 54 
58 40 
40 50 
54 99 
56 
62 59 
5 86 
17 75 
23 42 
77 18 
98 
7 
86 
2 
82 36 
50 2 
64 
99 
68 
78 
73 
3 72 
15 
72 
89 
13 
22 
33 
37 
1 
75 16 
18 
59 
94 
20 
8 
6 
42 
38 
97 
24 95 
36 
61 
96 
47 
43 
79 
76 
27 
14 
16 
95 
# clone tree 14 objective: 4.07492
0 1 90 63 
63 68 58 35 
35 46 87 
10 62 66 85 21 
87 10 
21 14 89 64 9 
9 53 65 70 
70 24 19 
19 93 28 
65 88 
28 80 71 
25 48 
74 20 52 
71 67 
88 43 25 
48 78 30 4 
46 69 
69 32 
52 41 
67 16 74 
41 11 
32 77 91 
91 47 37 45 
11 33 55 
4 31 
55 84 
31 8 83 
83 23 51 
84 94 49 
90 12 60 
45 15 92 
51 44 
60 6 57 
49 81 
92 34 
34 29 
85 98 17 
53 97 39 
93 22 
80 73 5 
57 3 
29 26 
39 82 
44 56 
81 13 
12 61 
30 38 59 
66 7 
26 95 54 
58 40 
40 50 
54 99 
56 
62 
5 86 
17 75 
23 42 
77 18 
98 
7 
86 
2 
82 36 
50 2 
64 
99 
68 
78 96 
73 
3 72 
15 
72 79 
89 
13 
22 
33 
37 
1 
75 76 
18 
59 
94 
20 
8 
6 
42 
38 
97 
24 
36 
61 
96 
47 27 
43 
79 
76 
27 
14 
16 
95 
# clone tree 15 objective: 4.07492
0 1 90 63 
63 68 58 35 
35 46 87 
10 62 66 85 21 
87 10 
21 20 89 64 9 
9 53 65 70 
70 24 19 
19 93 28 
65 88 
28 80 71 
25 48 
74 27 52 
71 67 
88 43 25 
48 78 30 4 
46 96 69 
69 32 
52 79 41 
67 74 
41 11 
32 77 91 
91 47 37 45 
11 33 55 
4 31 
55 84 
31 8 83 
83 23 51 
84 94 49 
90 12 60 
45 15 92 
51 44 
60 6 57 
49 81 
92 34 
34 29 
85 76 98 17 
53 97 39 
93 22 
80 61 73 5 
57 38 3 
29 26 
39 82 
44 56 
81 13 
12 
30 
66 14 7 
26 54 
58 40 
40 50 
54 99 
56 
62 59 
5 86 
17 75 
23 42 
77 18 
98 
7 
86 
2 
82 36 
50 2 
64 
99 
68 
78 
73 
3 72 
15 
72 
89 
13 
22 
33 
37 
1 95 
75 16 
18 
59 
94 
20 
8 
6 
42 
38 
97 
24 
36 
61 
96 
47 
43 
79 
76 
27 
14 
16 
95 
# clone tree 16 objective: 4.07492
0 1 90 63 
63 68 58 35 
35 46 87 
10 62 66 85 21 
87 10 
21 14 89 64 9 
9 53 65 70 
70 24 19 
19 93 28 
65 88 
28 80 71 
25 48 
74 20 52 
71 67 
88 43 25 
48 78 30 4 
46 69 
69 32 
52 41 
67 16 74 
41 11 
32 77 91 
91 47 37 45 
11 33 55 
4 31 
55 84 
31 8 83 
83 23 51 
84 94 49 
90 12 60 
45 15 92 
51 44 
60 6 57 
49 81 
92 34 
34 29 
85 98 17 
53 97 39 
93 22 
80 73 5 
57 3 
29 26 
39 82 
44 56 
81 13 
12 61 
30 38 59 
66 7 
26 54 
58 40 
40 50 
54 99 
56 
62 
5 86 
17 75 
23 42 
77 95 18 
98 
7 
86 
2 
82 36 
50 2 
64 
99 
68 
78 96 
73 
3 72 
15 
72 79 
89 
13 
22 
33 
37 
1 
75 76 
18 
59 
94 
20 
8 
6 
42 
38 
97 
24 
36 
61 
96 
47 27 
43 
79 
76 
27 
14 
16 
95 
# clone tree 17 objective: 4.07492
0 90 63 
63 95 68 58 35 
35 46 87 
10 47 62 66 85 21 
87 10 
21 20 89 64 9 
9 36 53 65 70 
70 24 19 
19 93 28 
65 88 
28 80 71 
25 48 
74 52 
71 67 
88 25 
48 78 30 4 
46 69 
69 32 
52 16 41 
67 79 74 
41 11 
32 77 91 
91 37 45 
11 33 55 
4 59 31 
55 27 84 
31 8 83 
83 23 51 
84 94 49 
90 12 60 
45 15 92 
51 44 
60 6 57 
49 96 81 
92 34 
34 29 
85 98 17 
53 97 39 
93 22 
80 73 5 
57 38 3 
29 26 
39 82 
44 1 56 
81 13 
12 61 
30 
66 7 
26 54 
58 40 
40 50 
54 99 
56 
62 
5 86 
17 75 
23 42 
77 18 
98 
7 
86 
2 
82 
50 2 
64 
99 
68 
78 
73 
3 72 
15 
72 
89 
13 
22 
33 
37 43 
1 
75 76 
18 
59 
94 
20 
8 
6 
42 
38 
97 
24 
36 
61 14 
96 
47 
43 
79 
76 
27 
14 
16 
95 
# clone tree 18 objective: 4.07492
0 1 90 63 
63 68 58 35 
35 46 87 
10 62 66 85 21 
87 10 
21 14 89 64 9 
9 53 65 70 
70 24 19 
19 93 28 
65 88 
28 80 71 
25 48 
74 20 52 
71 67 
88 43 25 
48 78 30 4 
46 69 
69 32 
52 41 
67 16 74 
41 11 
32 77 91 
91 47 37 45 
11 33 55 
4 31 
55 84 
31 8 83 
83 23 51 
84 94 49 
90 12 60 
45 15 92 
51 44 
60 6 57 
49 81 
92 34 
34 29 
85 98 17 
53 97 39 
93 22 
80 73 5 
57 3 
29 26 
39 82 
44 56 
81 13 
12 61 
30 38 59 
66 7 
26 54 
58 40 
40 50 
54 99 
56 
62 
5 86 
17 75 
23 42 
77 18 
98 
7 
86 
2 
82 36 
50 2 
64 
99 
68 
78 96 
73 
3 72 
15 
72 79 
89 
13 
22 
33 
37 
1 
75 76 
18 
59 
94 
20 
8 
6 
42 
38 
97 
24 
36 
61 
96 
47 27 
43 95 
79 
76 
27 
14 
16 
95 
# clone tree 19 objective: 4.07492
0 1 90 63 
63 68 58 35 
35 46 87 
10 62 66 85 21 
87 10 
21 20 89 64 9 
9 53 65 70 
70 24 19 
19 93 28 
65 88 
28 80 71 
25 48 
74 27 52 
71 67 
88 43 25 
48 78 30 4 
46 96 69 
69 32 
52 79 41 
67 74 
41 11 
32 77 91 
91 47 37 45 
11 33 55 
4 31 
55 84 
31 8 83 
83 23 51 
84 94 49 
90 12 60 
45 15 92 
51 44 
60 6 57 
49 81 
92 34 
34 29 
85 76 98 17 
53 97 39 
93 22 
80 61 73 5 
57 38 3 
29 26 
39 82 
44 56 
81 13 
12 
30 
66 14 7 
26 54 
58 40 
40 50 
54 99 
56 
62 59 
5 86 
17 75 
23 42 
77 18 
98 
7 
86 
2 
82 36 
50 2 
64 
99 
68 
78 
73 
3 72 
15 
72 
89 
13 
22 
33 
37 
1 
75 95 16 
18 
59 
94 
20 
8 
6 
42 
38 
97 
24 
36 
61 
96 
47 
43 
79 
76 
27 
14 
16 
95 
# clone tree 20 objective: 4.07492
0 1 90 63 
63 68 58 35 
35 46 87 
10 62 66 85 21 
87 10 
21 14 89 64 9 
9 53 65 70 
70 24 19 
19 93 28 
65 88 
28 80 71 
25 48 
74 20 52 
71 67 
88 43 25 
48 78 30 4 
46 69 
69 32 
52 41 
67 16 74 
41 11 
32 77 91 
91 47 37 45 
11 33 55 
4 31 
55 84 
31 8 83 
83 23 51 
84 94 49 
90 12 60 
45 15 92 
51 44 
60 6 57 
49 81 
92 34 
34 29 
85 98 17 
53 97 39 
93 22 
80 73 5 
57 3 
29 26 
39 82 
44 56 
81 13 
12 61 
30 38 59 
66 7 
26 54 
58 40 
40 50 
54 99 
56 
62 
5 86 
17 75 
23 42 
77 18 
98 
7 
86 
2 
82 36 
50 2 
64 
99 95 
68 
78 96 
73 
3 72 
15 
72 79 
89 
13 
22 
33 
37 
1 
75 76 
18 
59 
94 
20 
8 
6 
42 
38 
97 
24 
36 
61 
96 
47 27 
43 
79 
76 
27 
14 
16 
95 
# clone tree 21 objective: 4.07492
0 90 63 
63 68 58 35 
35 46 87 
10 47 62 66 85 21 
87 95 10 
21 20 89 64 9 
9 36 53 65 70 
70 24 19 
19 93 28 
65 88 
28 80 71 
25 48 
74 52 
71 67 
88 25 
48 78 30 4 
46 69 
69 32 
52 16 41 
67 79 74 
41 11 
32 77 91 
91 37 45 
11 33 55 
4 59 31 
55 27 84 
31 8 83 
83 23 51 
84 94 49 
90 12 60 
45 15 92 
51 44 
60 6 57 
49 96 81 
92 34 
34 29 
85 98 17 
53 97 39 
93 22 
80 73 5 
57 38 3 
29 26 
39 82 
44 1 56 
81 13 
12 61 
30 
66 7 
26 54 
58 40 
40 50 
54 99 
56 
62 
5 86 
17 75 
23 42 
77 18 
98 
7 
86 
2 
82 
50 2 
64 
99 
68 
78 
73 
3 72 
15 
72 
89 
13 
22 
33 
37 43 
1 
75 76 
18 
59 
94 
20 
8 
6 
42 
38 
97 
24 
36 
61 14 
96 
47 
43 
79 
76 
27 
14 
16 
95 
# clone tree 22 objective: 4.07492
0 1 90 63 
63 68 58 35 
35 46 87 
10 62 66 85 21 
87 10 
21 14 89 64 9 
9 53 65 70 
70 24 19 
19 93 28 
65 88 
28 80 71 
25 48 
74 20 52 
71 67 
88 43 25 
48 78 30 4 
46 69 
69 32 
52 41 
67 16 74 
41 11 
32 77 91 
91 47 37 45 
11 33 55 
4 31 
55 84 
31 8 83 
83 23 51 
84 94 49 
90 12 60 
45 15 92 
51 44 
60 6 57 
49 81 
92 34 
34 29 
85 98 17 
53 97 39 
93 95 22 
80 73 5 
57 3 
29 26 
39 82 
44 56 
81 13 
12 61 
30 38 59 
66 7 
26 54 
58 40 
40 50 
54 99 
56 
62 
5 86 
17 75 
23 42 
77 18 
98 
7 
86 
2 
82 36 
50 2 
64 
99 
68 
78 96 
73 
3 72 
15 
72 79 
89 
13 
22 
33 
37 
1 
75 76 
18 
59 
94 
20 
8 
6 
42 
38 
97 
24 
36 
61 
96 
47 27 
43 
79 
76 
27 
14 
16 
95 
# clone tree 23 objective: 4.07492
0 1 90 63 
63 68 58 35 
35 46 87 
10 62 66 85 21 
87 10 
21 20 89 64 9 
9 53 65 70 
70 24 19 
19 93 28 
65 88 
28 80 71 
25 48 
74 27 52 
71 67 
88 43 25 
48 78 30 4 
46 96 69 
69 32 
52 79 41 
67 74 
41 11 
32 77 91 
91 47 37 45 
11 33 55 
4 31 
55 84 
31 8 83 
83 23 51 
84 94 49 
90 12 60 
45 15 92 
51 44 
60 6 57 
49 81 
92 34 
34 29 
85 76 98 17 
53 97 39 
93 22 
80 61 73 5 
57 38 3 
29 26 
39 82 
44 56 
81 13 
12 
30 
66 14 7 
26 54 
58 40 
40 50 
54 99 
56 
62 59 
5 86 
17 75 
23 42 
77 18 
98 
7 
86 
2 
82 36 
50 2 
64 
99 
68 
78 
73 
3 72 
15 
72 
89 
13 
22 
33 
37 
1 
75 95 
18 
59 
94 
20 
8 
6 
42 
38 
97 
24 
36 
61 
96 
47 
43 
79 
76 
27 
14 
16 
95 16 
# clone tree 24 objective: 4.07492
0 1 90 63 
63 68 58 35 
35 46 87 
10 62 66 85 21 
87 10 
21 14 89 64 9 
9 53 65 70 
70 24 19 
19 93 28 
65 88 
28 80 71 
25 48 
74 20 52 
71 67 
88 43 25 
48 78 30 4 
46 69 
69 32 
52 41 
67 16 74 
41 11 
32 77 91 
91 47 37 45 
11 33 55 
4 31 
55 84 
31 8 83 
83 23 51 
84 94 49 
90 12 60 
45 15 92 
51 44 
60 6 57 
49 81 
92 34 
34 29 
85 98 17 
53 97 39 
93 22 
80 73 5 
57 3 
29 26 
39 82 
44 56 
81 13 
12 61 
30 38 59 
66 95 7 
26 54 
58 40 
40 50 
54 99 
56 
62 
5 86 
17 75 
23 42 
77 18 
98 
7 
86 
2 
82 36 
50 2 
64 
99 
68 
78 96 
73 
3 72 
15 
72 79 
89 
13 
22 
33 
37 
1 
75 76 
18 
59 
94 
20 
8 
6 
42 
38 
97 
24 
36 
61 
96 
47 27 
43 
79 
76 
27 
14 
16 
95 
# clone tree 25 objective: 4.07492
0 90 63 
63 68 58 35 
35 46 87 
10 47 62 66 85 21 
87 10 
21 20 89 64 9 
9 36 53 65 70 
70 24 19 
19 93 28 
65 88 
28 80 71 
25 48 
74 16 52 
71 67 
88 25 
48 78 30 4 
46 69 
69 32 
52 41 
67 79 74 
41 11 
32 77 91 
91 37 45 
11 33 55 
4 59 31 
55 84 
31 8 83 
83 23 51 
84 94 49 
90 12 60 
45 14 15 92 
51 44 
60 6 57 
49 96 81 
92 34 
34 29 
85 98 17 
53 97 39 
93 22 
80 73 5 
57 38 3 
29 26 
39 82 
44 1 56 
81 13 
12 61 
30 
66 7 
26 54 
58 40 
40 50 
54 27 99 
56 
62 
5 86 
17 75 
23 42 
77 18 
98 
7 
86 
2 
82 
50 2 
64 
99 
68 
78 
73 
3 72 
15 
72 
89 
13 
22 
33 
37 43 
1 
75 76 
18 
59 
94 
20 
8 
6 
42 
38 
97 
24 
36 95 
61 
96 
47 
43 
79 
76 
27 
14 
16 
95 
# clone tree 26 objective: 4.07492
0 90 63 
63 68 58 35 
35 46 87 
10 47 62 66 85 21 
87 95 10 
21 20 89 64 9 
9 36 53 65 70 
70 24 19 
19 93 28 
65 88 
28 80 71 
25 48 
74 52 
71 67 
88 25 
48 16 78 30 4 
46 69 
69 32 
52 41 
67 79 74 
41 11 
32 77 91 
91 37 45 
11 33 55 
4 59 31 
55 27 84 
31 8 83 
83 23 51 
84 94 49 
90 12 60 
45 15 92 
51 44 
60 6 57 
49 96 81 
92 34 
34 29 
85 98 17 
53 97 39 
93 22 
80 73 5 
57 38 3 
29 26 
39 82 
44 1 56 
81 13 
12 61 
30 
66 7 
26 54 
58 40 
40 50 
54 99 
56 
62 
5 86 
17 75 
23 42 
77 18 
98 
7 
86 
2 
82 
50 2 
64 
99 
68 
78 
73 
3 72 
15 
72 
89 
13 
22 
33 
37 43 
1 
75 76 
18 
59 
94 
20 
8 
6 
42 
38 
97 
24 
36 
61 14 
96 
47 
43 
79 
76 
27 
14 
16 
95 
# clone tree 27 objective: 4.07492
0 90 63 
63 68 58 35 
35 46 87 
10 62 66 85 21 
87 36 10 
21 16 89 64 9 
9 53 65 70 
70 24 19 
19 93 28 
65 88 
28 95 80 71 
25 48 
74 20 52 
71 67 
88 6 25 
48 78 30 4 
46 96 69 
69 32 
52 41 
67 74 
41 11 
32 77 91 
91 37 45 
11 33 55 
4 59 31 
55 84 
31 8 83 
83 23 51 
84 94 49 
90 12 60 
45 15 92 
51 14 44 
60 57 
49 81 
92 34 
34 29 
85 76 98 17 
53 97 39 
93 22 
80 73 5 
57 3 
29 26 
39 82 
44 1 56 
81 13 
12 61 
30 38 
66 7 
26 54 
58 40 
40 50 
54 99 
56 
62 
5 86 
17 75 
23 42 
77 18 
98 
7 
86 
2 
82 
50 2 
64 
99 
68 
78 
73 
3 72 
15 
72 79 
89 
13 
22 47 
33 
37 43 
1 
75 
18 
59 
94 27 
20 
8 
6 
42 
38 
97 
24 
36 
61 
96 
47 
43 
79 
76 
27 
14 
16 
95 
# clone tree 28 objective: 4.07492
0 1 90 63 
63 68 58 35 
35 46 87 
10 62 66 85 21 
87 10 
21 89 64 9 
9 53 65 70 
70 24 19 
19 93 28 
65 88 
28 80 71 
25 48 
74 20 52 
71 67 
88 43 25 
48 78 30 4 
46 69 
69 32 
52 41 
67 74 
41 11 
32 77 91 
91 47 37 45 
11 33 55 
4 14 31 
55 84 
31 8 83 
83 23 51 
84 94 49 
90 12 60 
45 15 92 
51 44 
60 6 57 
49 81 
92 34 
34 29 
85 98 17 
53 97 39 
93 22 
80 73 5 
57 3 
29 26 
39 82 
44 95 56 
81 13 
12 61 
30 38 59 
66 76 7 
26 54 
58 40 
40 50 
54 99 
56 
62 
5 86 
17 75 
23 42 
77 18 
98 
7 
86 
2 
82 36 
50 2 
64 
99 
68 
78 96 
73 
3 72 
15 
72 79 
89 
13 
22 27 
33 
37 
1 
75 
18 16 
59 
94 
20 
8 
6 
42 
38 
97 
24 
36 
61 
96 
47 
43 
79 
76 
27 
14 
16 
95 
# clone tree 29 objective: 4.07492
0 1 90 63 
63 68 58 35 
35 46 87 
10 62 66 85 21 
87 10 
21 89 64 9 
9 53 65 70 
70 24 19 
19 93 28 
65 88 
28 80 71 
25 48 
74 20 52 
71 67 
88 43 25 
48 78 30 4 
46 69 
69 32 
52 41 
67 74 
41 11 
32 77 91 
91 47 37 45 
11 33 55 
4 14 31 
55 84 
31 8 83 
83 23 51 
84 94 49 
90 12 60 
45 15 92 
51 44 
60 6 57 
49 81 
92 34 
34 29 
85 98 17 
53 97 39 
93 22 
80 73 5 
57 3 
29 26 
39 82 
44 56 
81 13 
12 61 
30 38 59 
66 76 7 
26 54 
58 40 
40 50 
54 99 
56 
62 
5 86 
17 75 
23 42 
77 18 
98 16 
7 
86 
2 
82 36 
50 2 
64 
99 
68 
78 96 
73 
3 72 
15 
72 79 
89 
13 
22 27 
33 
37 
1 
75 
18 
59 
94 95 
20 
8 
6 
42 
38 
97 
24 
36 
61 
96 
47 
43 
79 
76 
27 
14 
16 
95 
# clone tree 30 objective: 4.07492
0 90 63 
63 68 58 35 
35 46 87 
10 62 66 85 21 
87 36 10 
21 89 64 9 
9 53 65 70 
70 24 19 
19 93 28 
65 88 
28 80 71 
25 48 
74 20 52 
71 67 
88 6 25 
48 78 30 4 
46 96 69 
69 32 
52 41 
67 74 
41 11 
32 77 91 
91 27 37 45 
11 33 55 
4 16 59 31 
55 84 
31 8 83 
83 23 51 
84 94 49 
90 12 60 
45 15 92 
51 44 
60 57 
49 81 
92 34 
34 29 
85 76 98 17 
53 97 39 
93 22 
80 73 5 
57 3 
29 26 
39 82 
44 1 56 
81 13 
12 61 
30 38 
66 14 7 
26 54 
58 40 
40 50 
54 99 
56 
62 
5 86 
17 75 
23 42 
77 95 18 
98 
7 
86 
2 
82 
50 2 
64 
99 
68 
78 
73 
3 72 
15 
72 79 
89 
13 
22 47 
33 
37 43 
1 
75 
18 
59 
94 
20 
8 
6 
42 
38 
97 
24 
36 
61 
96 
47 
43 
79 
76 
27 
14 
16 
95 
# clone tree 31 objective: 4.07492
0 90 63 
63 68 58 35 
35 46 87 
10 27 62 66 85 21 
87 36 10 
21 89 64 9 
9 53 65 70 
70 24 19 
19 93 28 
65 16 88 
28 80 71 
25 48 
74 20 52 
71 67 
88 6 25 
48 78 30 4 
46 14 96 69 
69 32 
52 41 
67 74 
41 11 
32 77 91 
91 37 45 
11 33 55 
4 59 31 
55 84 
31 8 83 
83 23 51 
84 94 49 
90 12 60 
45 15 92 
51 44 
60 57 
49 81 
92 34 
34 29 
85 76 98 17 
53 97 39 
93 22 
80 73 5 
57 3 
29 26 
39 82 
44 95 1 56 
81 13 
12 61 
30 38 
66 7 
26 54 
58 40 
40 50 
54 99 
56 
62 
5 86 
17 75 
23 42 
77 18 
98 
7 
86 
2 
82 
50 2 
64 
99 
68 
78 
73 
3 72 
15 
72 79 
89 
13 
22 47 
33 
37 43 
1 
75 
18 
59 
94 
20 
8 
6 
42 
38 
97 
24 
36 
61 
96 
47 
43 
79 
76 
27 
14 
16 
95 
# clone tree 32 objective: 4.07492
0 16 97 90 63 
63 68 58 35 
35 46 87 
10 27 62 66 85 21 
87 10 
21 20 59 89 64 9 
9 36 53 65 70 
70 19 
19 93 28 
65 88 
28 80 71 
25 48 
74 52 
71 67 
88 25 
48 78 30 4 
46 69 
69 32 
52 79 41 
67 47 74 
41 11 
32 77 91 
91 37 45 
11 33 55 
4 14 31 
55 84 
31 8 83 
83 23 51 
84 94 49 
90 12 60 
45 15 92 
51 44 
60 6 57 
49 76 81 
92 34 
34 29 
85 98 17 
53 39 
93 22 
80 73 5 
57 38 3 
29 26 
39 24 82 
44 1 56 
81 13 
12 61 
30 
66 7 
26 54 
58 40 
40 50 
54 99 
56 
62 
5 86 
17 75 
23 42 
77 18 
98 
7 
86 95 
2 
82 
50 2 
64 
99 
68 
78 96 
73 
3 72 
15 
72 
89 
13 
22 
33 
37 43 
1 
75 
18 
59 
94 
20 
8 
6 
42 
38 
97 
24 
36 
61 
96 
47 
43 
79 
76 
27 
14 
16 
95 
# clone tree 33 objective: 4.07492
0 90 63 
63 68 58 35 
35 46 87 
10 27 62 66 85 21 
87 36 10 
21 89 64 9 
9 53 65 70 
70 24 19 
19 93 28 
65 88 
28 80 71 
25 48 
74 20 52 
71 67 
88 6 25 
48 78 30 4 
46 96 69 
69 32 
52 41 
67 74 
41 11 
32 77 91 
91 37 45 
11 33 55 
4 59 31 
55 16 84 
31 8 83 
83 23 51 
84 94 49 
90 12 60 
45 15 92 
51 44 
60 57 
49 81 
92 34 
34 29 
85 76 98 17 
53 97 39 
93 22 
80 73 5 
57 3 
29 26 
39 82 
44 1 56 
81 13 
12 14 61 
30 38 
66 7 
26 54 
58 40 
40 50 
54 99 
56 
62 
5 86 
17 75 
23 42 
77 18 
98 
7 
86 
2 
82 
50 2 
64 
99 
68 
78 
73 
3 72 
15 
72 95 79 
89 
13 
22 47 
33 
37 43 
1 
75 
18 
59 
94 
20 
8 
6 
42 
38 
97 
24 
36 
61 
96 
47 
43 
79 
76 
27 
14 
16 
95 
# clone tree 34 objective: 4.07492
0 90 63 
63 68 58 35 
35 46 87 
10 62 66 85 21 
87 36 10 
21 89 64 9 
9 53 65 70 
70 24 19 
19 93 28 
65 88 
28 80 71 
25 48 
74 20 52 
71 67 
88 6 25 
48 78 30 4 
46 14 96 69 
69 32 
52 41 
67 74 
41 11 
32 77 91 
91 37 45 
11 33 55 
4 59 31 
55 84 
31 8 83 
83 23 51 
84 27 94 49 
90 12 60 
45 15 92 
51 44 
60 57 
49 81 
92 34 
34 29 
85 16 76 98 17 
53 97 39 
93 22 
80 73 5 
57 3 
29 26 
39 82 
44 1 56 
81 13 
12 61 
30 38 
66 7 
26 54 
58 40 
40 50 
54 99 
56 
62 
5 86 
17 75 
23 42 
77 18 
98 
7 
86 
2 
82 
50 2 
64 
99 
68 
78 
73 
3 72 
15 95 
72 79 
89 
13 
22 47 
33 
37 43 
1 
75 
18 
59 
94 
20 
8 
6 
42 
38 
97 
24 
36 
61 
96 
47 
43 
79 
76 
27 
14 
16 
95 
# clone tree 35 objective: 4.07492
0 90 63 
63 68 58 35 
35 46 87 
10 62 66 85 21 
87 36 10 
21 89 64 9 
9 53 65 70 
70 24 19 
19 93 28 
65 88 
28 80 71 
25 48 
74 20 52 
71 67 
88 6 25 
48 78 30 4 
46 14 96 69 
69 32 
52 41 
67 74 
41 11 
32 77 91 
91 37 45 
11 33 55 
4 16 59 31 
55 84 
31 8 83 
83 23 51 
84 27 94 49 
90 12 60 
45 15 92 
51 44 
60 57 
49 81 
92 34 
34 29 
85 76 98 17 
53 97 39 
93 22 
80 73 5 
57 3 
29 26 
39 82 
44 1 56 
81 13 
12 61 
30 38 
66 7 
26 54 
58 40 
40 50 
54 99 
56 
62 
5 86 
17 75 
23 42 
77 18 
98 
7 
86 
2 
82 
50 2 
64 
99 
68 
78 
73 
3 72 
15 
72 79 
89 
13 
22 47 
33 
37 43 
1 
75 
18 
59 95 
94 
20 
8 
6 
42 
38 
97 
24 
36 
61 
96 
47 
43 
79 
76 
27 
14 
16 
95 
# clone tree 36 objective: 4.07492
0 90 63 
63 68 58 35 
35 46 87 
10 27 62 66 85 21 
87 36 10 
21 89 64 9 
9 53 65 70 
70 24 19 
19 93 28 
65 88 
28 80 71 
25 48 
74 20 52 
71 67 
88 6 25 
48 78 30 4 
46 96 69 
69 32 
52 41 
67 74 
41 11 
32 77 91 
91 37 45 
11 33 55 
4 59 31 
55 84 
31 8 83 
83 23 51 
84 94 49 
90 12 60 
45 15 92 
51 44 
60 57 
49 81 
92 34 
34 29 
85 76 98 17 
53 97 39 
93 16 22 
80 73 5 
57 3 
29 26 
39 82 
44 1 56 
81 13 
12 14 61 
30 38 
66 7 
26 54 
58 40 
40 50 
54 99 
56 
62 
5 86 
17 75 
23 42 
77 18 
98 
7 
86 
2 
82 
50 2 
64 
99 
68 
78 
73 
3 72 
15 
72 79 
89 95 
13 
22 47 
33 
37 43 
1 
75 
18 
59 
94 
20 
8 
6 
42 
38 
97 
24 
36 
61 
96 
47 
43 
79 
76 
27 
14 
16 
95 
# clone tree 37 objective: 4.07492
0 1 90 63 
63 68 58 35 
35 46 87 
10 62 66 85 21 
87 10 
21 20 89 64 9 
9 53 65 70 
70 24 19 
19 93 28 
65 88 
28 80 71 
25 48 
74 52 
71 67 
88 43 25 
48 78 30 4 
46 96 69 
69 32 
52 79 41 
67 74 
41 11 
32 77 91 
91 27 47 37 45 
11 33 55 
4 31 
55 84 
31 8 83 
83 23 51 
84 94 49 
90 12 60 
45 15 92 
51 44 
60 6 57 
49 81 
92 34 
34 29 
85 76 98 17 
53 97 39 
93 22 
80 61 73 5 
57 38 3 
29 26 
39 82 
44 56 
81 13 
12 
30 
66 7 
26 54 
58 40 
40 50 
54 99 
56 
62 59 
5 16 86 
17 75 
23 14 42 
77 18 
98 
7 
86 
2 
82 36 
50 2 
64 
99 
68 
78 
73 
3 95 72 
15 
72 
89 
13 
22 
33 
37 
1 
75 
18 
59 
94 
20 
8 
6 
42 
38 
97 
24 
36 
61 
96 
47 
43 
79 
76 
27 
14 
16 
95 
# clone tree 38 objective: 4.07492
0 1 90 63 
63 68 58 35 
35 46 87 
10 62 66 85 21 
87 10 
21 89 64 9 
9 53 65 70 
70 24 19 
19 93 28 
65 88 
28 80 71 
25 48 
74 20 52 
71 67 
88 43 25 
48 78 30 4 
46 69 
69 32 
52 41 
67 74 
41 11 
32 77 91 
91 47 37 45 
11 33 55 
4 14 31 
55 84 
31 8 83 
83 23 51 
84 94 49 
90 12 60 
45 15 92 
51 44 
60 6 57 
49 81 
92 34 
34 29 
85 98 17 
53 97 39 
93 22 
80 73 5 
57 3 
29 26 
39 82 
44 56 
81 13 
12 61 
30 38 59 
66 76 7 
26 54 
58 40 
40 50 
54 99 
56 95 
62 
5 86 
17 75 
23 42 
77 18 
98 
7 
86 
2 
82 36 
50 2 
64 
99 
68 
78 96 
73 
3 72 
15 
72 79 
89 
13 
22 27 
33 
37 16 
1 
75 
18 
59 
94 
20 
8 
6 
42 
38 
97 
24 
36 
61 
96 
47 
43 
79 
76 
27 
14 
16 
95 
# clone tree 39 objective: 4.07492
0 1 90 63 
63 68 58 35 
35 46 87 
10 62 66 85 21 
87 10 
21 20 89 64 9 
9 53 65 70 
70 24 19 
19 93 28 
65 95 88 
28 80 71 
25 48 
74 14 52 
71 67 
88 43 25 
48 78 30 4 
46 96 69 
69 32 
52 79 41 
67 74 
41 11 
32 77 91 
91 47 37 45 
11 33 55 
4 31 
55 84 
31 8 83 
83 23 51 
84 94 49 
90 12 60 
45 15 92 
51 44 
60 6 57 
49 81 
92 34 
34 29 
85 76 98 17 
53 97 39 
93 22 
80 61 73 5 
57 38 3 
29 26 
39 82 
44 56 
81 13 
12 
30 
66 7 
26 54 
58 40 
40 50 
54 99 
56 
62 16 59 
5 86 
17 75 
23 42 
77 18 
98 
7 27 
86 
2 
82 36 
50 2 
64 
99 
68 
78 
73 
3 72 
15 
72 
89 
13 
22 
33 
37 
1 
75 
18 
59 
94 
20 
8 
6 
42 
38 
97 
24 
36 
61 
96 
47 
43 
79 
76 
27 
14 
16 
95 
# clone tree 40 objective: 4.07492
0 1 90 63 
63 68 58 35 
35 46 87 
10 62 66 85 21 
87 10 
21 20 89 64 9 
9 95 53 65 70 
70 24 19 
19 93 28 
65 88 
28 80 71 
25 48 
74 27 52 
71 67 
88 43 25 
48 78 30 4 
46 96 69 
69 32 
52 79 41 
67 74 
41 11 
32 77 91 
91 47 37 45 
11 33 55 
4 31 
55 84 
31 8 83 
83 23 51 
84 94 49 
90 12 60 
45 15 92 
51 44 
60 6 57 
49 81 
92 34 
34 29 
85 76 98 17 
53 97 39 
93 22 
80 61 73 5 
57 38 3 
29 26 
39 82 
44 56 
81 13 
12 
30 
66 14 7 
26 54 
58 40 
40 50 
54 99 
56 
62 59 
5 86 
17 75 
23 42 
77 18 
98 
7 
86 
2 
82 36 
50 2 
64 
99 
68 
78 
73 
3 72 
15 
72 
89 
13 
22 
33 
37 
1 
75 16 
18 
59 
94 
20 
8 
6 
42 
38 
97 
24 
36 
61 
96 
47 
43 
79 
76 
27 
14 
16 
95 
# clone tree 41 objective: 4.07492
0 90 63 
63 68 58 35 
35 46 87 
10 62 66 85 21 
87 36 10 
21 89 64 9 
9 53 65 70 
70 24 19 
19 93 28 
65 88 
28 80 71 
25 48 
74 20 52 
71 67 
88 6 25 
48 78 30 4 
46 96 69 
69 32 
52 41 
67 74 
41 11 
32 77 91 
91 37 45 
11 33 55 
4 59 31 
55 84 
31 8 83 
83 23 51 
84 94 49 
90 12 60 
45 15 92 
51 44 
60 57 
49 81 
92 34 
34 29 
85 76 98 17 
53 95 97 39 
93 22 
80 73 5 
57 3 
29 26 
39 82 
44 1 56 
81 13 
12 61 
30 38 
66 14 7 
26 16 54 
58 40 
40 50 
54 99 
56 
62 
5 86 
17 75 
23 42 
77 18 
98 
7 
86 
2 
82 
50 2 
64 
99 
68 
78 
73 
3 72 
15 
72 79 
89 
13 
22 47 
33 
37 43 
1 
75 
18 
59 
94 
20 
8 
6 
42 
38 
97 
24 
36 
61 
96 
47 27 
43 
79 
76 
27 
14 
16 
95 
# clone tree 42 objective: 4.07492
0 90 63 
63 68 58 35 
35 46 87 
10 62 66 85 21 
87 36 10 
21 89 64 9 
9 53 65 70 
70 24 19 
19 93 28 
65 88 
28 16 80 71 
25 48 
74 20 52 
71 67 
88 6 25 
48 78 30 4 
46 96 69 
69 32 
52 41 
67 74 
41 11 
32 77 91 
91 37 45 
11 33 55 
4 59 31 
55 84 
31 8 83 
83 23 51 
84 94 49 
90 12 60 
45 15 92 
51 44 
60 57 
49 81 
92 34 
34 29 
85 76 98 17 
53 97 39 
93 22 
80 73 5 
57 3 
29 26 
39 82 
44 1 56 
81 13 
12 61 
30 38 
66 7 
26 54 
58 40 
40 50 
54 99 
56 
62 
5 86 
17 75 
23 42 
77 18 
98 
7 
86 
2 
82 
50 2 
64 
99 
68 
78 
73 
3 72 
15 95 
72 79 
89 14 
13 
22 47 
33 
37 43 
1 
75 
18 
59 
94 
20 
8 
6 
42 
38 
97 
24 
36 
61 
96 
47 27 
43 
79 
76 
27 
14 
16 
95 
# clone tree 43 objective: 4.07492
0 1 90 63 
63 68 58 35 
35 46 87 
10 62 66 85 21 
87 10 
21 14 89 64 9 
9 53 65 70 
70 24 19 
19 93 28 
65 88 
28 80 71 
25 48 
74 20 52 
71 67 
88 43 25 
48 78 30 4 
46 69 
69 32 
52 41 
67 74 
41 11 
32 77 91 
91 47 37 45 
11 33 55 
4 31 
55 84 
31 16 8 83 
83 23 51 
84 94 49 
90 12 60 
45 15 92 
51 44 
60 6 57 
49 81 
92 34 
34 29 
85 98 17 
53 97 39 
93 22 
80 73 5 
57 3 
29 26 
39 82 
44 56 
81 13 
12 61 
30 38 59 
66 7 
26 54 
58 40 
40 50 
54 99 
56 
62 
5 86 
17 75 
23 42 
77 18 
98 
7 
86 
2 
82 36 
50 2 
64 
99 
68 
78 96 
73 
3 95 72 
15 
72 79 
89 
13 
22 
33 
37 
1 
75 76 
18 
59 
94 
20 
8 
6 
42 
38 
97 
24 
36 
61 
96 
47 27 
43 
79 
76 
27 
14 
16 
95 
# clone tree 44 objective: 4.07492
0 90 63 
63 68 58 35 
35 46 87 
10 27 62 66 85 21 
87 36 10 
21 89 64 9 
9 53 65 70 
70 24 19 
19 95 93 28 
65 88 
28 80 71 
25 48 
74 20 52 
71 67 
88 6 25 
48 78 30 4 
46 96 69 
69 32 
52 41 
67 74 
41 11 
32 77 91 
91 37 45 
11 33 55 
4 59 31 
55 16 84 
31 8 83 
83 23 51 
84 94 49 
90 12 60 
45 15 92 
51 44 
60 57 
49 81 
92 34 
34 29 
85 76 98 17 
53 97 39 
93 22 
80 73 5 
57 3 
29 26 
39 82 
44 1 56 
81 13 
12 14 61 
30 38 
66 7 
26 54 
58 40 
40 50 
54 99 
56 
62 
5 86 
17 75 
23 42 
77 18 
98 
7 
86 
2 
82 
50 2 
64 
99 
68 
78 
73 
3 72 
15 
72 79 
89 
13 
22 47 
33 
37 43 
1 
75 
18 
59 
94 
20 
8 
6 
42 
38 
97 
24 
36 
61 
96 
47 
43 
79 
76 
27 
14 
16 
95 
# clone tree 45 objective: 4.07492
0 90 63 
63 68 58 35 
35 46 87 
10 62 66 85 21 
87 36 10 
21 16 89 64 9 
9 53 65 70 
70 24 19 
19 93 28 
65 88 
28 80 71 
25 48 
74 20 52 
71 67 
88 6 25 
48 78 30 4 
46 96 69 
69 32 
52 41 
67 74 
41 11 
32 77 91 
91 37 45 
11 33 55 
4 59 31 
55 84 
31 8 83 
83 23 51 
84 94 49 
90 12 60 
45 15 92 
51 14 44 
60 57 
49 95 81 
92 34 
34 29 
85 76 98 17 
53 97 39 
93 22 
80 73 5 
57 3 
29 26 
39 82 
44 1 56 
81 13 
12 61 
30 38 
66 7 
26 54 
58 40 
40 50 
54 99 
56 
62 
5 86 
17 75 
23 42 
77 18 
98 
7 
86 
2 
82 
50 2 
64 
99 
68 
78 
73 
3 72 
15 
72 79 
89 
13 
22 47 
33 
37 43 
1 
75 
18 
59 
94 27 
20 
8 
6 
42 
38 
97 
24 
36 
61 
96 
47 
43 
79 
76 
27 
14 
16 
95 
# clone tree 46 objective: 4.07492
0 1 90 63 
63 68 58 35 
35 46 87 
10 62 66 85 21 
87 10 
21 89 64 9 
9 53 65 70 
70 24 19 
19 93 28 
65 88 
28 80 71 
25 48 
74 20 52 
71 67 
88 43 25 
48 78 30 4 
46 69 
69 32 
52 41 
67 74 
41 11 
32 77 91 
91 47 37 45 
11 33 55 
4 14 31 
55 84 
31 8 83 
83 23 51 
84 94 49 
90 12 60 
45 15 92 
51 44 
60 6 57 
49 81 
92 34 
34 29 
85 98 17 
53 97 39 
93 22 
80 73 5 
57 3 
29 26 
39 82 
44 56 
81 13 
12 61 
30 38 59 
66 76 7 
26 54 
58 40 
40 50 
54 99 
56 
62 
5 86 
17 75 
23 42 
77 18 
98 
7 
86 
2 
82 36 
50 2 
64 
99 
68 
78 96 
73 
3 72 
15 
72 79 
89 
13 
22 27 
33 
37 
1 
75 
18 
59 
94 
20 
8 
6 95 
42 
38 16 
97 
24 
36 
61 
96 
47 
43 
79 
76 
27 
14 
16 
95 
# clone tree 47 objective: 4.07492
0 1 90 63 
63 68 58 35 
35 46 87 
10 62 66 85 21 
87 10 
21 89 64 9 
9 53 65 70 
70 24 19 
19 93 28 
65 88 
28 80 71 
25 48 
74 20 52 
71 67 
88 43 25 
48 78 30 4 
46 69 
69 32 
52 41 
67 74 
41 11 
32 77 91 
91 47 37 45 
11 33 55 
4 14 31 
55 84 
31 8 83 
83 23 51 
84 94 49 
90 12 60 
45 15 92 
51 44 
60 6 57 
49 81 
92 34 
34 29 
85 98 17 
53 97 39 
93 22 
80 73 5 
57 3 
29 26 
39 95 82 
44 56 
81 13 
12 61 
30 38 59 
66 76 7 
26 54 
58 40 
40 50 
54 99 
56 
62 
5 86 
17 75 
23 42 
77 18 
98 
7 
86 
2 
82 36 
50 2 
64 
99 
68 
78 96 
73 
3 72 
15 
72 79 
89 
13 
22 27 
33 
37 
1 
75 16 
18 
59 
94 
20 
8 
6 
42 
38 
97 
24 
36 
61 
96 
47 
43 
79 
76 
27 
14 
16 
95 
# clone tree 48 objective: 4.07492
0 90 63 
63 68 58 35 
35 46 87 
10 62 66 85 21 
87 36 10 
21 89 64 9 
9 95 53 65 70 
70 24 19 
19 93 28 
65 88 
28 80 71 
25 48 
74 20 52 
71 67 
88 6 25 
48 78 30 4 
46 14 96 69 
69 32 
52 41 
67 74 
41 11 
32 77 91 
91 37 45 
11 33 55 
4 16 59 31 
55 84 
31 8 83 
83 23 51 
84 27 94 49 
90 12 60 
45 15 92 
51 44 
60 57 
49 81 
92 34 
34 29 
85 76 98 17 
53 97 39 
93 22 
80 73 5 
57 3 
29 26 
39 82 
44 1 56 
81 13 
12 61 
30 38 
66 7 
26 54 
58 40 
40 50 
54 99 
56 
62 
5 86 
17 75 
23 42 
77 18 
98 
7 
86 
2 
82 
50 2 
64 
99 
68 
78 
73 
3 72 
15 
72 79 
89 
13 
22 47 
33 
37 43 
1 
75 
18 
59 
94 
20 
8 
6 
42 
38 
97 
24 
36 
61 
96 
47 
43 
79 
76 
27 
14 
16 
95 
# clone tree 49 objective: 4.07492
0 1 90 63 
63 68 58 35 
35 46 87 
10 62 66 85 21 
87 10 
21 20 89 64 9 
9 53 65 70 
70 24 19 
19 93 28 
65 88 
28 80 71 
25 48 
74 52 
71 67 
88 43 25 
48 78 30 4 
46 14 96 69 
69 32 
52 79 41 
67 74 
41 11 
32 77 91 
91 47 37 45 
11 33 55 
4 31 
55 84 
31 8 83 
83 23 51 
84 94 49 
90 12 60 
45 15 92 
51 44 
60 6 57 
49 76 81 
92 34 
34 29 
85 98 17 
53 97 39 
93 22 
80 61 73 5 
57 38 3 
29 26 
39 82 
44 56 
81 13 
12 16 
30 
66 7 
26 54 
58 40 
40 50 
54 99 
56 
62 59 
5 86 
17 75 
23 42 
77 18 
98 
7 
86 
2 
82 36 
50 2 
64 
99 
68 
78 
73 
3 72 
15 
72 
89 
13 
22 
33 
37 
1 
75 95 
18 
59 
94 
20 
8 
6 
42 
38 
97 
24 
36 
61 
96 
47 27 
43 
79 
76 
27 
14 
16 
95 
