# clone tree 0 objective: 5.49004
0 15 
15 18 36 
36 39 90 
90 93 
93 27 
27 71 96 5 79 35 
35 63 45 
45 28 65 
65 70 50 43 
43 7 46 
46 6 
6 68 13 
13 69 66 12 84 47 
47 33 
33 59 
59 40 61 
61 31 62 
62 37 14 
74 77 56 
14 67 
67 74 
56 3 
24 10 
3 24 
20 64 
10 20 
18 25 
76 92 54 
64 89 
89 49 
25 88 76 
17 44 
49 57 
84 52 83 
83 26 
54 72 
72 2 
79 91 
57 17 
91 55 97 41 
44 8 
51 81 99 
2 38 
26 51 
12 42 22 
63 30 
41 1 19 
31 21 
39 11 78 
21 48 
38 82 
8 87 60 
30 32 
68 86 23 
22 34 
48 58 
32 
7 
50 95 
99 80 
92 
60 9 
82 53 
19 
78 
52 94 
77 85 
42 
53 
80 16 
94 4 
28 98 
88 
4 75 
95 
23 
66 
1 73 
73 
11 
86 
16 
81 
97 
5 
87 
40 
55 
98 
85 
96 29 
34 
58 
71 
37 
75 
69 
9 
70 
29 
