0 10 28 
28 99 95 51 90 
90 19 32 
4 15 70 
32 38 4 
70 13 65 18 
18 74 87 
87 23 
51 27 12 62 
23 93 
62 52 81 
93 46 69 
69 3 64 
81 42 
42 84 
84 16 54 
64 26 88 
54 97 73 
73 2 
88 8 22 
2 33 
79 53 
33 76 
76 30 47 63 
53 40 
22 29 
63 55 56 
29 79 
40 21 83 
56 98 49 
34 85 45 
83 34 
49 50 96 
60 7 
96 89 60 
77 66 
46 5 
45 39 75 
26 31 
7 41 
15 9 61 20 58 
41 91 17 
75 36 
31 68 
50 48 72 
38 78 71 
66 44 
68 35 
35 80 
5 24 
85 25 77 
19 
44 67 57 
24 11 
65 37 
12 6 
10 
37 
52 
71 14 82 
36 
3 
17 94 
89 1 86 
72 
27 
80 43 
6 92 
47 
16 
78 
39 
82 
14 
86 
8 
74 
94 
58 
57 
21 
59 
20 
91 
97 59 
98 
95 
13 
67 
99 
55 
43 
92 
25 
30 
61 
48 
1 
11 
9 
