0 15 47 
47 86 91 35 75 
75 12 
12 16 
16 62 38 58 
58 45 52 81 93 
93 72 30 76 
76 49 71 9 
67 37 41 1 57 21 
9 5 32 67 
21 27 73 
73 44 92 
92 39 23 
23 51 7 
7 46 22 50 
50 80 87 33 
57 19 
33 83 
19 61 
18 64 
61 94 20 
30 18 
83 34 14 
64 40 56 
14 53 
20 3 4 
56 65 2 
4 59 70 31 
2 48 24 
1 89 69 
39 90 68 
53 42 6 
68 78 
31 55 
27 8 
44 79 
78 43 
55 98 10 
35 26 
8 17 
72 36 74 
24 66 25 
69 
34 84 
71 82 
6 96 
96 63 
42 
84 85 
87 77 
10 29 
89 60 
48 
41 
91 
25 
74 97 88 
38 
85 
81 
60 
90 95 
77 
63 
26 11 
3 
43 
51 
15 
65 28 
17 
62 
52 
98 99 
22 
32 
5 
82 
70 
66 
36 
40 
79 
11 
37 
88 
46 
94 
99 54 
29 
59 
45 
95 
80 
86 
97 
28 
13 
49 
54 13 
