0 6 20 58 
58 69 37 
37 3 13 53 
20 56 80 
53 36 47 34 
34 71 7 70 
70 41 91 
80 14 67 
91 8 52 57 
67 98 87 
57 78 18 
87 64 84 
84 54 
18 42 68 
54 15 55 
56 40 45 75 
43 46 32 
68 43 
75 23 74 
55 96 
96 79 
32 12 30 
79 60 27 
30 2 59 
74 48 82 
82 28 
42 77 16 33 
27 97 62 
47 35 
28 49 92 
6 50 
59 51 
45 63 
60 88 
35 94 89 
50 73 
51 44 
33 76 9 
13 4 
69 95 38 
62 22 
73 26 1 
52 5 
92 72 29 
89 66 83 
2 86 
86 
44 
88 24 
5 25 
4 21 
15 81 39 
97 65 
3 10 
63 
49 
25 93 
29 31 
38 
14 90 
41 19 
40 
36 85 
98 
8 
1 61 
9 
78 
31 
23 
76 
7 
22 
24 
71 
46 
12 
26 
16 
94 
64 
10 17 
85 
83 
21 99 
77 
90 
65 
48 
95 11 
72 
19 
93 
61 
17 
66 
39 
99 
81 
11 
