# clone tree 0 objective: 5.08226
0 85 10 
10 56 7 
7 39 52 36 
36 67 
67 33 
33 32 79 76 
76 90 29 
3 22 
29 14 
14 3 
22 4 68 
68 64 21 
21 53 69 25 
25 99 63 
66 16 80 82 
63 87 66 
73 43 65 
82 73 
65 17 77 
77 40 
40 19 70 42 
42 58 59 48 
48 20 83 9 
9 30 1 
26 62 50 
1 95 78 
78 26 
50 5 
5 84 47 
70 91 57 
11 24 
85 11 
69 38 96 49 
47 41 
56 15 34 
43 51 28 
49 60 74 
57 86 
80 72 
24 89 
41 31 
62 8 
79 46 
31 23 92 
4 75 
89 61 6 
28 93 
75 45 2 
34 54 
86 55 
84 37 
19 35 
59 
72 
91 71 
15 
30 
96 
46 94 
90 
52 44 
32 81 
64 12 
16 
81 
87 
8 
53 27 
83 
20 
2 
37 
74 88 
55 
99 97 
58 
45 
54 
71 
6 
94 
92 
61 
13 
51 
95 
17 18 
88 13 
44 
23 
12 
38 
35 
60 
93 
39 
18 
27 98 
97 
98 
# clone tree 1 objective: 5.08226
0 85 10 
10 18 56 7 
7 52 36 
36 67 
67 33 
33 32 79 76 
76 27 90 29 
3 22 
29 14 
14 60 3 
22 4 68 
68 64 21 
21 53 69 25 
25 99 63 
66 16 80 82 
63 87 66 
73 43 65 
82 73 
65 17 77 
77 40 
40 19 70 42 
42 58 59 48 
48 20 83 9 
9 30 1 
26 62 50 
1 95 78 
78 26 
50 5 
5 93 84 47 
70 91 57 
11 24 
85 11 
69 96 49 
47 41 
56 15 34 
43 51 28 
49 74 
57 86 
80 72 
24 89 
41 31 
62 8 
79 46 
31 23 92 
4 75 
89 61 6 
28 
75 45 2 
34 54 
86 55 
84 37 
19 35 
59 
72 
91 71 
15 
30 
96 
46 94 
90 
52 44 
32 81 
64 12 
16 
81 
87 
8 
53 
83 
20 
2 
37 
74 88 
55 
99 
58 
45 
54 
71 
6 
94 
92 
61 
13 
51 
95 
17 
88 13 
44 97 
23 98 
12 38 
38 
35 
60 
93 
39 
18 
27 
97 39 
98 
# clone tree 2 objective: 5.08226
0 85 10 
10 56 7 
7 39 52 36 
36 67 
67 98 33 
33 32 79 76 
76 90 29 
3 22 
29 14 
14 3 
22 4 68 
68 64 21 
21 53 69 25 
25 99 63 
66 16 80 82 
63 87 66 
73 43 65 
82 73 
65 17 77 
77 40 
40 19 70 42 
42 58 59 48 
48 20 83 9 
9 30 1 
26 62 50 
1 95 78 
78 26 
50 5 
5 84 47 
70 91 57 
11 24 
85 11 
69 38 96 49 
47 41 
56 15 34 
43 51 28 
49 60 74 
57 86 
80 72 
24 89 
41 31 
62 8 
79 46 
31 23 92 
4 75 
89 61 6 
28 93 
75 45 2 
34 54 
86 55 
84 37 
19 35 
59 97 
72 
91 71 
15 
30 
96 
46 94 
90 
52 44 
32 81 
64 12 
16 
81 
87 
8 
53 27 
83 
20 
2 
37 
74 88 
55 
99 
58 
45 
54 
71 
6 
94 
92 
61 
13 
51 
95 
17 18 
88 13 
44 
23 
12 
38 
35 
60 
93 
39 
18 
27 
97 
98 
# clone tree 3 objective: 5.08226
0 85 10 
10 56 7 
7 39 52 36 
36 67 
67 33 
33 32 79 76 
76 90 29 
3 22 
29 14 
14 3 
22 4 68 
68 64 21 
21 53 69 25 
25 99 63 
66 16 80 82 
63 87 66 
73 98 43 65 
82 73 
65 17 77 
77 40 
40 19 70 42 
42 58 59 48 
48 20 83 9 
9 30 1 
26 62 50 
1 95 78 
78 26 
50 5 
5 84 47 
70 91 57 
11 24 
85 11 
69 38 96 49 
47 41 
56 15 34 
43 51 28 
49 60 74 
57 86 
80 72 
24 89 
41 31 
62 8 
79 46 
31 23 92 
4 75 
89 61 6 
28 93 
75 45 2 
34 54 
86 55 
84 37 
19 35 
59 
72 
91 71 
15 
30 
96 
46 94 
90 
52 44 
32 81 
64 12 
16 
81 
87 
8 
53 27 
83 
20 
2 
37 
74 88 
55 
99 
58 
45 
54 
71 
6 
94 
92 
61 
13 97 
51 
95 
17 18 
88 13 
44 
23 
12 
38 
35 
60 
93 
39 
18 
27 
97 
98 
# clone tree 4 objective: 5.08226
0 85 10 
10 56 7 
7 39 52 36 
36 67 
67 33 
33 32 79 76 
76 90 29 
3 22 
29 98 14 
14 3 
22 4 68 
68 64 21 
21 53 69 25 
25 99 63 
66 16 80 82 
63 87 66 
73 43 65 
82 73 
65 17 77 
77 40 
40 19 70 42 
42 58 59 48 
48 20 83 9 
9 30 1 
26 62 50 
1 95 78 
78 26 
50 5 
5 84 47 
70 91 57 
11 24 
85 11 
69 38 96 49 
47 41 
56 15 34 
43 51 28 
49 60 74 
57 86 
80 72 
24 89 
41 31 
62 8 
79 46 
31 23 92 
4 75 
89 61 6 
28 93 
75 45 2 
34 54 
86 55 
84 37 
19 35 
59 
72 
91 71 
15 
30 
96 
46 94 
90 
52 44 
32 81 
64 12 
16 
81 
87 
8 
53 27 
83 
20 
2 
37 
74 88 
55 
99 
58 
45 
54 
71 
6 
94 
92 
61 
13 97 
51 
95 
17 18 
88 13 
44 
23 
12 
38 
35 
60 
93 
39 
18 
27 
97 
98 
# clone tree 5 objective: 5.08226
0 85 10 
10 98 56 7 
7 39 52 36 
36 67 
67 33 
33 32 79 76 
76 90 29 
3 22 
29 14 
14 3 
22 4 68 
68 64 21 
21 53 69 25 
25 99 63 
66 16 80 82 
63 87 66 
73 43 65 
82 73 
65 17 77 
77 40 
40 19 70 42 
42 58 59 48 
48 20 83 9 
9 30 1 
26 62 50 
1 95 78 
78 26 
50 5 
5 84 47 
70 91 57 
11 24 
85 11 
69 38 96 49 
47 41 
56 15 34 
43 51 28 
49 60 74 
57 86 
80 72 
24 89 
41 31 
62 8 
79 46 
31 23 92 
4 75 
89 61 6 
28 93 
75 45 2 
34 54 
86 55 
84 37 
19 35 
59 97 
72 
91 71 
15 
30 
96 
46 94 
90 
52 44 
32 81 
64 12 
16 
81 
87 
8 
53 27 
83 
20 
2 
37 
74 88 
55 
99 
58 
45 
54 
71 
6 
94 
92 
61 
13 
51 
95 
17 18 
88 13 
44 
23 
12 
38 
35 
60 
93 
39 
18 
27 
97 
98 
# clone tree 6 objective: 5.08226
0 85 10 
10 56 7 
7 39 52 36 
36 67 
67 33 
33 32 79 76 
76 90 29 
3 22 
29 14 
14 3 
22 4 68 
68 64 21 
21 53 69 25 
25 98 99 63 
66 16 80 82 
63 87 66 
73 43 65 
82 73 
65 17 77 
77 40 
40 19 70 42 
42 58 59 48 
48 20 83 9 
9 30 1 
26 62 50 
1 95 78 
78 26 
50 5 
5 84 47 
70 91 57 
11 24 
85 11 
69 38 96 49 
47 41 
56 15 34 
43 51 28 
49 60 74 
57 86 
80 72 
24 89 
41 31 
62 8 
79 46 
31 23 92 
4 75 
89 61 6 
28 93 
75 45 2 
34 54 
86 55 
84 37 
19 35 
59 
72 
91 71 
15 
30 
96 
46 94 
90 
52 44 
32 81 
64 12 
16 
81 
87 
8 
53 27 
83 
20 
2 
37 
74 88 
55 
99 
58 
45 
54 
71 
6 
94 
92 
61 
13 97 
51 
95 
17 18 
88 13 
44 
23 
12 
38 
35 
60 
93 
39 
18 
27 
97 
98 
# clone tree 7 objective: 5.08226
0 85 10 
10 56 7 
7 98 52 36 
36 67 
67 33 
33 32 79 76 
76 90 29 
3 22 
29 14 
14 3 
22 4 68 
68 64 21 
21 53 69 25 
25 99 63 
66 16 80 82 
63 87 66 
73 43 65 
82 73 
65 17 77 
77 40 
40 19 70 42 
42 58 59 48 
48 20 83 9 
9 30 1 
26 62 50 
1 95 78 
78 26 
50 5 
5 84 47 
70 91 57 
11 24 
85 11 
69 38 96 49 
47 41 
56 15 34 
43 51 28 
49 60 74 
57 86 
80 72 
24 89 
41 31 
62 8 
79 46 
31 23 92 
4 75 
89 61 6 
28 93 
75 45 2 
34 54 
86 55 
84 37 
19 35 
59 97 
72 
91 71 
15 
30 
96 
46 94 
90 
52 44 
32 81 
64 12 
16 
81 
87 
8 
53 27 
83 
20 
2 
37 
74 88 
55 
99 
58 
45 
54 
71 
6 
94 
92 
61 
13 
51 
95 
17 18 
88 13 
44 
23 
12 
38 
35 
60 
93 
39 
18 
27 
97 
98 39 
# clone tree 8 objective: 5.08226
0 85 10 
10 56 7 
7 39 52 36 
36 67 
67 33 
33 32 79 76 
76 90 29 
3 22 
29 14 
14 3 
22 4 68 
68 64 21 
21 53 69 25 
25 99 63 
66 16 80 82 
63 87 66 
73 43 65 
82 73 
65 17 77 
77 98 40 
40 19 70 42 
42 58 59 48 
48 20 83 9 
9 30 1 
26 62 50 
1 95 78 
78 26 
50 5 
5 84 47 
70 91 57 
11 24 
85 11 
69 38 96 49 
47 41 
56 15 34 
43 51 28 
49 60 74 
57 86 
80 72 
24 89 
41 31 
62 8 
79 46 
31 23 92 
4 75 
89 61 6 
28 93 
75 45 2 
34 54 
86 55 
84 37 
19 35 
59 
72 
91 71 
15 
30 
96 
46 94 
90 
52 44 
32 81 
64 12 
16 
81 
87 
8 
53 27 
83 
20 
2 
37 
74 88 
55 
99 
58 
45 
54 
71 
6 
94 
92 
61 
13 97 
51 
95 
17 18 
88 13 
44 
23 
12 
38 
35 
60 
93 
39 
18 
27 
97 
98 
# clone tree 9 objective: 5.08226
0 85 10 
10 56 7 
7 39 52 36 
36 67 
67 33 
33 32 79 76 
76 90 29 
3 22 
29 14 
14 98 3 
22 4 68 
68 64 21 
21 53 69 25 
25 99 63 
66 16 80 82 
63 87 66 
73 43 65 
82 73 
65 17 77 
77 40 
40 19 70 42 
42 58 59 48 
48 20 83 9 
9 30 1 
26 62 50 
1 95 78 
78 26 
50 5 
5 84 47 
70 91 57 
11 24 
85 11 
69 38 96 49 
47 41 
56 15 34 
43 51 28 
49 60 74 
57 86 
80 72 
24 89 
41 31 
62 8 
79 46 
31 23 92 
4 75 
89 61 6 
28 93 
75 45 2 
34 54 
86 55 
84 37 
19 35 
59 97 
72 
91 71 
15 
30 
96 
46 94 
90 
52 44 
32 81 
64 12 
16 
81 
87 
8 
53 27 
83 
20 
2 
37 
74 88 
55 
99 
58 
45 
54 
71 
6 
94 
92 
61 
13 
51 
95 
17 18 
88 13 
44 
23 
12 
38 
35 
60 
93 
39 
18 
27 
97 
98 
