# clone tree 0 objective: 5.32046
0 15 
15 71 18 36 
36 39 90 
90 99 93 
93 27 
27 11 57 35 
35 92 45 
45 28 53 65 
65 77 6 
43 46 
46 68 13 
6 75 43 
13 78 38 84 47 
47 5 97 33 
33 55 59 
59 7 61 
61 21 62 
62 34 19 14 
74 67 
14 74 
67 85 3 
56 24 
24 10 
3 56 
20 64 
10 20 
18 76 
76 25 
64 89 
89 49 
25 17 
17 23 54 
49 91 
84 50 83 
83 26 
54 86 44 
72 51 
79 2 
57 79 
91 88 72 
44 12 
51 41 
2 63 
26 1 8 
12 52 22 
63 30 
41 60 
31 37 48 
39 81 
21 31 
38 42 
8 94 82 
30 32 
68 16 73 
22 
48 96 
32 58 
7 40 
50 
99 80 
92 
60 95 
82 69 
19 70 
78 66 
52 4 
77 
42 
53 
80 
94 87 
28 98 
88 
4 
95 
23 
66 
1 
73 
11 
86 
16 
81 
97 9 
5 
87 
40 
55 
98 
85 
96 
34 
58 
71 
37 
75 
69 
9 29 
70 
29 
# clone tree 1 objective: 5.32046
0 15 
15 71 18 36 
36 39 90 
90 99 93 
93 27 
27 11 57 35 
35 92 45 
45 28 53 65 
65 77 6 
43 46 
46 68 13 
6 75 43 
13 78 38 84 47 
47 5 97 33 
33 55 59 
59 7 61 
61 21 62 
62 34 19 14 
74 67 
14 74 
67 85 3 
56 24 
24 10 
3 56 
20 64 
10 20 
18 76 
76 25 
64 89 
89 49 
25 17 
17 23 54 
49 91 
84 50 83 
83 26 
54 86 44 
72 51 
79 2 
57 79 
91 88 72 
44 12 
51 41 
2 63 
26 1 8 
12 52 22 
63 30 
41 60 
31 37 48 
39 81 
21 31 
38 42 
8 94 82 
30 32 
68 16 73 
22 
48 96 
32 58 
7 40 
50 
99 80 
92 
60 95 
82 69 
19 70 
78 66 
52 4 
77 
42 
53 
80 
94 87 
28 98 
88 
4 
95 
23 
66 
1 29 
73 
11 
86 
16 
81 
97 9 
5 
87 
40 
55 
98 
85 
96 
34 
58 
71 
37 
75 
69 
9 
70 
29 
# clone tree 2 objective: 5.32046
0 29 15 
15 71 18 36 
36 39 90 
90 9 99 93 
93 27 
27 11 57 35 
35 92 45 
45 28 53 65 
65 77 6 
43 46 
46 68 13 
6 43 
13 78 38 84 47 
47 5 97 33 
33 55 59 
59 7 61 
61 21 62 
62 34 19 14 
74 67 
14 74 
67 85 3 
56 24 
24 10 
3 56 
20 64 
10 20 
18 76 
76 25 
64 75 89 
89 49 
25 17 
17 23 54 
49 91 
84 50 83 
83 26 
54 86 44 
72 51 
79 2 
57 79 
91 88 72 
44 12 
51 41 
2 63 
26 1 8 
12 52 22 
63 30 
41 70 60 
31 37 48 
39 81 
21 31 
38 69 42 
8 94 82 
30 32 
68 16 73 
22 
48 96 
32 58 
7 40 
50 
99 80 
92 
60 95 
82 
19 
78 66 
52 4 
77 
42 
53 
80 
94 87 
28 98 
88 
4 
95 
23 
66 
1 
73 
11 
86 
16 
81 
97 
5 
87 
40 
55 
98 
85 
96 
34 
58 
71 
37 
75 
69 
9 
70 
29 
# clone tree 3 objective: 5.32046
0 15 
15 71 18 36 
36 39 90 
90 99 93 
93 27 
27 11 57 35 
35 92 45 
45 28 53 65 
65 77 6 
43 46 
46 68 13 
6 75 43 
13 78 38 84 47 
47 5 97 33 
33 55 59 
59 7 61 
61 21 62 
62 34 19 14 
74 67 
14 74 
67 85 3 
56 24 
24 10 
3 70 56 
20 64 
10 20 
18 76 
76 25 
64 89 
89 49 
25 17 
17 23 54 
49 91 
84 50 83 
83 26 
54 86 44 
72 51 
79 2 
57 79 
91 88 72 
44 12 
51 41 
2 63 
26 1 8 
12 52 22 
63 30 
41 60 
31 37 48 
39 81 
21 31 
38 42 
8 94 82 
30 32 
68 16 73 
22 9 
48 96 
32 58 
7 40 
50 
99 80 
92 
60 95 
82 69 
19 
78 66 
52 4 
77 
42 
53 
80 
94 87 
28 98 
88 
4 
95 
23 
66 
1 
73 
11 
86 
16 
81 
97 
5 
87 
40 
55 
98 
85 
96 
34 
58 
71 
37 29 
75 
69 
9 
70 
29 
# clone tree 4 objective: 5.32046
0 15 
15 71 18 36 
36 39 90 
90 99 93 
93 27 
27 11 57 35 
35 92 45 
45 28 53 65 
65 77 6 
43 46 
46 68 13 
6 75 43 
13 78 38 84 47 
47 5 97 33 
33 55 59 
59 7 61 
61 21 62 
62 34 19 14 
74 67 
14 74 
67 85 3 
56 24 
24 10 
3 70 56 
20 64 
10 20 
18 76 
76 25 
64 89 
89 49 
25 17 
17 23 54 
49 91 
84 50 83 
83 26 
54 86 44 
72 51 
79 2 
57 29 79 
91 88 72 
44 12 
51 41 
2 63 
26 1 8 
12 52 22 
63 30 
41 60 
31 37 48 
39 81 
21 31 
38 42 
8 94 82 
30 32 
68 16 73 
22 9 
48 96 
32 58 
7 40 
50 
99 80 
92 
60 95 
82 69 
19 
78 66 
52 4 
77 
42 
53 
80 
94 87 
28 98 
88 
4 
95 
23 
66 
1 
73 
11 
86 
16 
81 
97 
5 
87 
40 
55 
98 
85 
96 
34 
58 
71 
37 
75 
69 
9 
70 
29 
# clone tree 5 objective: 5.32046
0 15 
15 71 18 36 
36 39 90 
90 9 99 93 
93 29 27 
27 11 57 35 
35 92 45 
45 28 53 65 
65 77 6 
43 46 
46 68 13 
6 43 
13 78 38 84 47 
47 5 97 33 
33 55 59 
59 7 61 
61 21 62 
62 34 19 14 
74 67 
14 74 
67 85 3 
56 24 
24 10 
3 56 
20 64 
10 20 
18 76 
76 25 
64 75 89 
89 49 
25 17 
17 23 54 
49 91 
84 50 83 
83 26 
54 86 44 
72 51 
79 2 
57 79 
91 88 72 
44 12 
51 41 
2 63 
26 1 8 
12 52 22 
63 30 
41 70 60 
31 37 48 
39 81 
21 31 
38 69 42 
8 94 82 
30 32 
68 16 73 
22 
48 96 
32 58 
7 40 
50 
99 80 
92 
60 95 
82 
19 
78 66 
52 4 
77 
42 
53 
80 
94 87 
28 98 
88 
4 
95 
23 
66 
1 
73 
11 
86 
16 
81 
97 
5 
87 
40 
55 
98 
85 
96 
34 
58 
71 
37 
75 
69 
9 
70 
29 
# clone tree 6 objective: 5.32046
0 15 
15 71 18 36 
36 39 90 
90 99 93 
93 27 
27 11 57 35 
35 92 45 
45 28 53 65 
65 77 6 
43 46 
46 68 13 
6 75 43 
13 78 38 84 47 
47 5 97 33 
33 55 59 
59 7 61 
61 21 62 
62 34 19 14 
74 67 
14 74 
67 85 3 
56 24 
24 10 
3 70 56 
20 64 
10 20 
18 76 
76 25 
64 89 
89 49 
25 17 
17 23 54 
49 91 
84 50 83 
83 26 
54 86 44 
72 51 
79 2 
57 79 
91 88 72 
44 12 
51 41 
2 63 
26 1 8 
12 52 22 
63 30 
41 60 
31 37 48 
39 81 
21 31 
38 42 
8 94 82 
30 32 
68 16 73 
22 9 
48 96 
32 58 
7 40 
50 
99 80 
92 
60 95 
82 69 
19 
78 66 
52 4 
77 
42 
53 
80 
94 87 
28 98 
88 
4 
95 
23 
66 
1 
73 
11 
86 
16 
81 
97 
5 
87 
40 
55 
98 
85 
96 
34 29 
58 
71 
37 
75 
69 
9 
70 
29 
# clone tree 7 objective: 5.32046
0 15 
15 29 71 18 36 
36 39 90 
90 9 99 93 
93 27 
27 11 57 35 
35 92 45 
45 28 53 65 
65 77 6 
43 46 
46 68 13 
6 43 
13 78 38 84 47 
47 5 97 33 
33 55 59 
59 7 61 
61 21 62 
62 34 19 14 
74 67 
14 74 
67 85 3 
56 24 
24 10 
3 56 
20 64 
10 20 
18 76 
76 25 
64 75 89 
89 49 
25 17 
17 23 54 
49 91 
84 50 83 
83 26 
54 86 44 
72 51 
79 2 
57 79 
91 88 72 
44 12 
51 41 
2 63 
26 1 8 
12 52 22 
63 30 
41 70 60 
31 37 48 
39 81 
21 31 
38 69 42 
8 94 82 
30 32 
68 16 73 
22 
48 96 
32 58 
7 40 
50 
99 80 
92 
60 95 
82 
19 
78 66 
52 4 
77 
42 
53 
80 
94 87 
28 98 
88 
4 
95 
23 
66 
1 
73 
11 
86 
16 
81 
97 
5 
87 
40 
55 
98 
85 
96 
34 
58 
71 
37 
75 
69 
9 
70 
29 
# clone tree 8 objective: 5.32046
0 15 
15 71 18 36 
36 39 90 
90 99 93 
93 27 
27 11 57 35 
35 92 45 
45 28 53 65 
65 77 6 
43 46 
46 68 13 
6 75 43 
13 78 38 84 47 
47 5 97 33 
33 55 59 
59 7 61 
61 21 62 
62 34 19 14 
74 67 
14 74 
67 85 3 
56 24 
24 10 
3 70 56 
20 64 
10 20 
18 76 
76 25 
64 89 
89 49 
25 17 
17 23 54 
49 91 
84 50 83 
83 26 
54 86 44 
72 51 
79 2 
57 79 
91 88 72 
44 12 
51 41 
2 63 
26 1 8 
12 52 22 
63 30 
41 60 
31 37 48 
39 81 
21 31 
38 42 
8 94 82 
30 32 
68 16 73 
22 9 
48 96 
32 58 
7 40 
50 
99 80 
92 
60 95 
82 69 
19 
78 66 
52 4 
77 
42 
53 
80 
94 87 
28 98 
88 29 
4 
95 
23 
66 
1 
73 
11 
86 
16 
81 
97 
5 
87 
40 
55 
98 
85 
96 
34 
58 
71 
37 
75 
69 
9 
70 
29 
# clone tree 9 objective: 5.32046
0 15 
15 71 18 36 
36 39 90 
90 99 93 
93 27 
27 11 57 35 
35 92 45 
45 28 53 65 
65 77 6 
43 46 
46 68 13 
6 75 43 
13 78 38 84 47 
47 5 97 33 
33 55 59 
59 7 61 
61 21 62 
62 34 19 14 
74 67 
14 74 
67 85 3 
56 24 
24 10 
3 56 
20 64 
10 20 
18 76 
76 25 
64 89 
89 49 
25 17 
17 23 54 
49 91 
84 50 83 
83 26 
54 86 44 
72 51 
79 2 
57 79 
91 88 72 
44 12 
51 41 
2 63 
26 1 8 
12 52 22 
63 30 
41 60 
31 37 48 
39 81 
21 31 
38 42 
8 94 82 
30 32 
68 16 73 
22 
48 96 
32 58 
7 40 
50 
99 80 
92 
60 95 
82 69 
19 70 
78 66 
52 4 
77 
42 
53 
80 
94 87 
28 98 
88 
4 
95 
23 
66 
1 
73 
11 
86 
16 
81 
97 9 
5 
87 
40 
55 29 
98 
85 
96 
34 
58 
71 
37 
75 
69 
9 
70 
29 
