0 42 30 7 
7 58 85 2 18 86 
86 25 53 68 16 
16 60 24 8 
8 97 92 44 
44 71 54 90 
90 93 87 64 
64 9 94 
94 10 37 
37 50 67 38 
31 26 47 
38 32 
76 20 31 
32 76 
47 40 83 27 
89 3 
9 35 29 
27 89 
33 21 55 
29 82 91 
3 33 
91 43 65 
55 81 62 
65 75 
67 15 34 51 
75 78 
62 11 
78 23 13 
11 88 5 
24 12 61 
13 56 1 
5 63 77 
51 39 80 
18 19 
61 59 
68 14 
2 95 
19 46 
59 49 73 
14 4 
77 74 
30 52 
80 45 
83 66 
1 96 
53 84 
82 
96 6 
45 70 
85 98 
34 36 
46 
87 48 
74 
36 
35 
52 
95 
58 57 69 
4 17 
73 
84 
10 
60 
56 22 
50 
70 
66 
49 41 
15 
54 
48 
81 79 
63 
17 
26 
98 
6 
92 
93 99 
22 
43 
12 
20 
40 
21 28 
23 
42 
69 
71 72 
39 
79 
88 
41 
57 
28 
72 
25 
97 
99 
