0 6 20 58 
58 39 69 37 
37 3 13 53 
20 8 56 67 
53 47 34 
34 71 89 70 
70 98 91 
80 36 87 
91 48 29 18 
67 80 
57 42 68 
87 64 84 
84 54 
18 57 
54 11 49 55 
56 45 75 
43 46 32 
68 43 
75 23 74 
55 96 
96 61 63 79 
32 30 
79 19 92 59 
30 2 27 
74 65 82 
82 78 28 
42 15 33 
27 38 62 
47 35 
28 41 52 
6 50 
59 7 51 
45 60 
60 88 
35 21 44 
50 73 
51 12 97 
33 81 25 
13 4 
69 16 
62 83 22 
73 26 1 
52 5 
92 40 
89 9 
2 86 
86 
44 66 94 
88 24 
5 17 
4 14 
15 76 
97 
3 10 
63 
49 99 77 
25 93 
29 31 
38 90 
14 72 
41 
40 
36 85 
98 
8 
1 
9 
78 
31 
23 
76 
7 
22 
24 
71 
46 
12 
26 
16 
94 95 
64 
10 
85 
83 
21 
77 
90 
65 
48 
95 
72 
19 
93 
61 
17 
66 
39 
99 
81 
11 
