# clone tree 0 objective: 3.19148
0 18 51 31 
31 49 9 
9 91 84 78 
78 1 4 
4 87 11 50 
50 79 12 
12 47 48 56 
56 25 67 52 
86 76 59 10 
52 54 86 
67 53 29 13 
10 88 81 
13 57 
57 55 
81 64 8 41 
59 71 21 
55 72 
21 38 62 83 
41 23 85 
72 92 17 
48 14 3 
76 93 30 
85 33 
17 19 
3 63 80 
16 27 90 
33 75 
11 58 28 
1 2 16 
79 39 60 
83 61 
65 68 74 
19 65 
30 26 
28 44 
61 24 89 
32 82 46 
75 32 
90 94 34 
26 95 
60 22 96 
74 37 
71 36 
80 77 
25 43 
45 
62 45 
77 35 73 
84 40 
87 98 5 
34 
93 
63 69 20 
51 
27 66 7 
95 15 
92 
37 
88 
46 
44 99 
89 97 
73 
29 
5 
53 
43 
8 
68 
99 6 
23 
64 
38 
18 
58 
39 
14 
7 
96 
24 
97 
22 
91 
54 
36 
40 
94 
2 42 
98 
20 
6 
66 
82 
69 
35 
15 
49 
42 70 
47 
70 
# clone tree 1 objective: 3.19148
0 18 51 31 
31 49 9 
9 91 84 78 
78 1 4 
4 87 11 50 
50 79 12 
12 47 48 56 
56 25 67 52 
86 76 59 10 
52 54 86 
67 53 29 13 
10 88 81 
13 57 
57 55 
81 64 8 41 
59 71 21 
55 72 
21 38 62 83 
41 23 85 
72 92 17 
48 14 3 
76 93 30 
85 33 
17 19 
3 63 80 
16 27 90 
33 75 
11 58 28 
1 2 16 
79 39 60 
83 61 
65 68 74 
19 65 
30 26 
28 44 
61 24 89 
32 82 46 
75 32 
90 94 34 
26 95 
60 22 96 
74 37 
71 36 
80 77 
25 43 
45 
62 45 
77 35 73 
84 40 
87 98 5 
34 
93 
63 69 20 
51 
27 66 7 
95 15 
92 
37 
88 
46 
44 99 
89 97 
73 
29 
5 
53 
43 
8 
68 
99 6 
23 
64 
38 
18 
58 
39 
14 
7 
96 
24 
97 
22 
91 
54 
36 
40 
94 
2 70 
98 
20 
6 
66 
82 
69 
35 
15 
49 
42 
47 
70 42 
# clone tree 2 objective: 3.19148
0 18 51 31 
31 69 9 
9 91 84 78 
78 1 4 
4 42 87 11 50 
50 79 12 
12 48 56 
56 25 67 52 
86 76 59 10 
52 54 86 
67 53 29 13 
10 82 88 81 
13 57 
57 55 
81 64 8 41 
59 71 21 
55 72 
21 38 62 83 
41 23 85 
72 92 17 
48 14 3 
76 93 30 
85 33 
17 19 
3 63 80 
16 27 90 
33 75 
11 58 28 
1 16 
79 39 60 
83 61 
65 68 74 
19 65 
30 26 
28 35 44 
61 24 89 
32 70 46 
75 32 
90 94 34 
26 95 
60 49 20 22 96 
74 37 
71 36 
80 77 
25 43 
45 
62 45 
77 73 
84 40 
87 98 5 
34 
93 
63 
51 
27 66 7 
95 
92 
37 2 
88 
46 47 
44 99 
89 97 
73 
29 
5 
53 
43 
8 
68 
99 6 
23 
64 
38 
18 
58 
39 
14 
7 
96 
24 
97 
22 15 
91 
54 
36 
40 
94 
2 
98 
20 
6 
66 
82 
69 
35 
15 
49 
42 
47 
70 
# clone tree 3 objective: 3.19148
0 18 51 31 
31 69 9 
9 91 84 78 
78 1 4 
4 42 87 11 50 
50 79 12 
12 48 56 
56 25 67 52 
86 76 59 10 
52 54 86 
67 53 29 13 
10 82 88 81 
13 57 
57 55 
81 64 8 41 
59 71 21 
55 72 
21 38 62 83 
41 23 85 
72 92 17 
48 14 3 
76 93 30 
85 33 
17 19 
3 63 80 
16 27 90 
33 75 
11 58 28 
1 16 
79 39 60 
83 61 
65 68 74 
19 65 
30 26 
28 35 44 
61 24 89 
32 46 
75 32 
90 94 34 
26 95 
60 49 20 22 96 
74 37 
71 36 
80 77 
25 43 
45 
62 70 45 
77 73 
84 40 
87 98 5 
34 
93 
63 
51 
27 66 7 
95 
92 
37 2 
88 
46 47 
44 99 
89 97 
73 
29 
5 
53 
43 
8 
68 
99 6 
23 
64 
38 
18 
58 
39 
14 
7 
96 
24 
97 
22 15 
91 
54 
36 
40 
94 
2 
98 
20 
6 
66 
82 
69 
35 
15 
49 
42 
47 
70 
# clone tree 4 objective: 3.19148
0 18 51 31 
31 69 9 
9 91 84 78 
78 70 1 4 
4 42 87 11 50 
50 79 12 
12 48 56 
56 25 67 52 
86 76 59 10 
52 54 86 
67 53 29 13 
10 82 88 81 
13 57 
57 55 
81 64 8 41 
59 71 21 
55 72 
21 38 62 83 
41 23 85 
72 92 17 
48 14 3 
76 93 30 
85 33 
17 19 
3 63 80 
16 27 90 
33 75 
11 58 28 
1 16 
79 39 60 
83 61 
65 68 74 
19 65 
30 26 
28 35 44 
61 24 89 
32 46 
75 32 
90 94 34 
26 95 
60 49 20 22 96 
74 37 
71 36 
80 77 
25 43 
45 
62 45 
77 73 
84 40 
87 98 5 
34 
93 
63 
51 
27 66 7 
95 
92 
37 2 
88 
46 
44 99 
89 97 
73 
29 
5 
53 
43 
8 
68 
99 6 
23 
64 
38 
18 
58 
39 
14 
7 
96 
24 
97 
22 15 
91 
54 
36 
40 
94 
2 
98 
20 
6 
66 
82 
69 
35 
15 
49 
42 47 
47 
70 
# clone tree 5 objective: 3.19148
0 70 18 51 31 
31 69 9 
9 91 84 78 
78 1 4 
4 42 87 11 50 
50 79 12 
12 48 56 
56 25 67 52 
86 76 59 10 
52 54 86 
67 53 29 13 
10 82 88 81 
13 57 
57 55 
81 64 8 41 
59 71 21 
55 72 
21 38 62 83 
41 23 85 
72 92 17 
48 14 3 
76 93 30 
85 33 
17 19 
3 63 80 
16 27 90 
33 75 
11 58 28 
1 16 
79 39 60 
83 61 
65 68 74 
19 65 
30 26 
28 35 44 
61 24 89 
32 46 
75 32 
90 94 34 
26 95 
60 49 20 22 96 
74 37 
71 36 
80 77 
25 43 
45 
62 45 
77 73 
84 40 
87 98 5 
34 
93 
63 
51 
27 66 7 
95 
92 
37 2 
88 
46 47 
44 99 
89 97 
73 
29 
5 
53 
43 
8 
68 
99 6 
23 
64 
38 
18 
58 
39 
14 
7 
96 
24 
97 
22 15 
91 
54 
36 
40 
94 
2 
98 
20 
6 
66 
82 
69 
35 
15 
49 
42 
47 
70 
# clone tree 6 objective: 3.19148
0 70 18 51 31 
31 69 9 
9 91 84 78 
78 1 4 
4 42 87 11 50 
50 79 12 
12 48 56 
56 25 67 52 
86 76 59 10 
52 54 86 
67 53 29 13 
10 82 88 81 
13 57 
57 55 
81 64 8 41 
59 71 21 
55 72 
21 38 62 83 
41 23 85 
72 92 17 
48 14 3 
76 93 30 
85 33 
17 19 
3 63 80 
16 27 90 
33 75 
11 58 28 
1 16 
79 39 60 
83 61 
65 68 74 
19 65 
30 26 
28 35 44 
61 24 89 
32 46 
75 32 
90 94 34 
26 95 
60 49 20 22 96 
74 37 
71 36 
80 77 
25 43 
45 
62 45 
77 73 
84 40 
87 98 5 
34 
93 
63 
51 
27 66 7 
95 
92 
37 2 
88 
46 
44 99 
89 97 
73 
29 
5 
53 
43 
8 
68 
99 6 
23 
64 
38 
18 
58 
39 
14 
7 
96 
24 
97 
22 15 
91 
54 
36 
40 
94 
2 
98 
20 
6 47 
66 
82 
69 
35 
15 
49 
42 
47 
70 
# clone tree 7 objective: 3.19148
0 18 51 31 
31 69 9 
9 91 84 78 
78 1 4 
4 42 87 11 50 
50 79 12 
12 48 56 
56 25 67 52 
86 76 59 10 
52 54 86 
67 53 29 13 
10 82 88 81 
13 57 
57 55 
81 64 8 41 
59 71 21 
55 72 
21 38 62 83 
41 23 85 
72 92 17 
48 14 3 
76 93 30 
85 33 
17 19 
3 63 80 
16 27 90 
33 75 
11 58 28 
1 16 
79 39 60 
83 61 
65 68 74 
19 65 
30 26 
28 35 44 
61 24 89 
32 46 
75 32 
90 94 34 
26 95 
60 49 20 22 96 
74 37 
71 36 
80 77 
25 43 
45 
62 45 
77 73 
84 40 
87 98 5 
34 
93 
63 
51 
27 66 7 
95 
92 
37 2 
88 47 
46 
44 99 
89 97 
73 
29 
5 
53 
43 
8 
68 
99 6 
23 
64 
38 
18 
58 
39 
14 
7 70 
96 
24 
97 
22 15 
91 
54 
36 
40 
94 
2 
98 
20 
6 
66 
82 
69 
35 
15 
49 
42 
47 
70 
# clone tree 8 objective: 3.19148
0 18 51 31 
31 70 69 9 
9 91 84 78 
78 1 4 
4 42 87 11 50 
50 79 12 
12 48 56 
56 25 67 52 
86 76 59 10 
52 54 86 
67 53 29 13 
10 82 88 81 
13 57 
57 55 
81 64 8 41 
59 71 21 
55 72 
21 38 62 83 
41 23 85 
72 92 17 
48 14 3 
76 93 30 
85 33 
17 19 
3 63 80 
16 27 90 
33 75 
11 58 28 
1 16 
79 39 60 
83 61 
65 68 74 
19 65 
30 26 
28 35 44 
61 24 89 
32 46 
75 32 
90 94 34 
26 95 
60 49 20 22 96 
74 37 
71 36 
80 77 
25 43 
45 
62 45 
77 73 
84 40 
87 98 5 
34 
93 
63 
51 
27 66 7 
95 
92 
37 2 
88 
46 
44 99 
89 97 
73 
29 
5 
53 
43 
8 
68 
99 6 
23 
64 
38 
18 
58 
39 
14 
7 
96 
24 
97 
22 15 
91 
54 
36 
40 
94 
2 
98 
20 
6 
66 
82 
69 
35 
15 
49 
42 47 
47 
70 
# clone tree 9 objective: 3.19148
0 18 51 31 
31 69 9 
9 91 84 78 
78 1 4 
4 42 87 11 50 
50 79 12 
12 48 56 
56 25 67 52 
86 76 59 10 
52 54 86 
67 53 29 13 
10 82 88 81 
13 57 
57 55 
81 64 8 41 
59 71 21 
55 72 
21 38 62 83 
41 23 85 
72 92 17 
48 14 3 
76 93 30 
85 33 
17 19 
3 63 80 
16 27 90 
33 75 
11 58 28 
1 16 
79 39 60 
83 61 
65 68 74 
19 65 
30 26 
28 35 44 
61 24 89 
32 46 
75 32 
90 94 34 
26 95 
60 49 20 22 96 
74 37 
71 36 
80 77 
25 43 
45 
62 45 
77 73 
84 40 
87 98 5 
34 
93 
63 
51 
27 66 7 
95 
92 
37 2 
88 47 
46 
44 99 
89 97 
73 
29 
5 
53 
43 
8 
68 
99 6 
23 
64 
38 
18 
58 
39 
14 
7 
96 
24 70 
97 
22 15 
91 
54 
36 
40 
94 
2 
98 
20 
6 
66 
82 
69 
35 
15 
49 
42 
47 
70 
