0 82 23 28 
28 63 59 
46 35 51 39 85 
59 48 46 
43 91 10 
85 43 
10 56 44 62 
62 25 
25 77 89 
89 9 34 
34 50 1 15 
57 86 
15 13 57 
86 38 65 
91 12 80 84 
65 73 30 
17 45 18 
30 17 
84 60 24 33 
18 21 41 
33 78 37 
38 27 
41 2 
27 47 67 74 
37 71 99 68 
2 75 36 
21 72 
72 4 
68 22 
44 53 3 
4 54 
36 83 
24 52 32 
74 69 
22 6 
54 14 
3 11 
6 94 64 
14 70 
23 97 95 
64 87 
80 90 8 
83 19 
12 93 
69 20 
32 42 40 
70 31 
1 16 
67 88 
95 96 
11 
40 7 
31 79 98 
77 55 92 
16 81 
93 76 
20 26 
76 58 
88 
87 
47 66 
78 61 
96 
52 
66 
73 5 
8 
92 
39 
7 
45 
19 
58 29 
55 
51 
26 
75 
82 49 
94 
48 
29 
53 
35 
13 
99 
56 
61 
42 
63 
81 
98 
50 
49 
60 
79 
9 
90 
71 
97 
5 
