# clone tree 0 objective: 4.50245
0 81 
81 18 72 
72 42 30 
60 71 
30 60 
13 39 77 23 87 46 
71 98 31 47 
47 66 89 13 
46 25 
25 74 
92 32 
74 92 
32 36 62 
62 41 38 88 
88 54 16 68 
87 86 57 
23 34 9 
68 6 15 64 
57 73 12 95 83 
9 8 
38 20 26 
83 70 67 
8 90 76 
67 1 
76 50 
26 3 
50 28 
64 59 17 43 
3 85 84 
1 37 
15 78 82 
14 10 
37 65 
28 7 
82 14 
41 79 
65 93 55 
43 49 
61 22 
10 80 
22 94 
79 61 
7 97 
84 27 
80 29 
16 5 
55 99 52 
49 44 
34 11 
77 
70 35 
86 4 
27 24 
5 21 
21 51 63 
97 45 
29 48 
52 
35 96 
99 33 
94 91 
44 40 
18 
96 
11 2 
24 75 
20 
45 53 
63 
36 19 
33 
39 
95 58 
6 
89 
4 56 
91 
90 
19 
48 69 
69 
54 
31 
66 
85 
98 
75 
12 
78 
53 
58 
56 
73 
17 
51 
42 
2 
59 
93 
40 
# clone tree 1 objective: 4.50245
0 81 
81 18 72 
72 42 30 
60 71 
30 60 
13 39 77 23 87 46 
71 98 31 47 
47 66 89 13 
46 25 
25 74 
92 32 
74 92 
32 36 62 
62 41 38 88 
88 54 16 68 
87 86 57 
23 34 9 
68 6 15 64 
57 73 12 95 83 
9 8 
38 20 26 
83 70 67 
8 90 76 
67 1 
76 50 
26 3 
50 28 
64 59 17 43 
3 85 84 
1 37 
15 78 82 
14 10 
37 65 
28 7 
82 14 
41 79 
65 40 93 55 
43 49 
61 22 
10 80 
22 94 
79 61 
7 97 
84 27 
80 29 
16 5 
55 99 52 
49 44 
34 11 
77 
70 35 
86 4 
27 24 
5 21 
21 51 63 
97 45 
29 48 
52 
35 96 
99 33 
94 91 
44 
18 
96 
11 2 
24 75 
20 
45 53 
63 
36 19 
33 
39 
95 58 
6 
89 
4 56 
91 
90 
19 
48 69 
69 
54 
31 
66 
85 
98 
75 
12 
78 
53 
58 
56 
73 
17 
51 
42 
2 
59 
93 
40 
# clone tree 2 objective: 4.50245
0 81 
81 18 72 
72 42 30 
60 71 
30 60 
13 39 77 23 87 46 
71 98 31 47 
47 66 89 13 
46 25 
25 74 
92 32 
74 92 
32 36 62 
62 41 38 88 
88 54 16 68 
87 40 86 57 
23 34 9 
68 6 15 64 
57 73 12 95 83 
9 8 
38 20 26 
83 70 67 
8 90 76 
67 1 
76 50 
26 3 
50 28 
64 59 17 43 
3 85 84 
1 37 
15 78 82 
14 10 
37 65 
28 7 
82 14 
41 79 
65 93 55 
43 49 
61 22 
10 80 
22 94 
79 61 
7 97 
84 27 
80 29 
16 5 
55 99 52 
49 44 
34 11 
77 
70 35 
86 4 
27 24 
5 21 
21 51 63 
97 45 
29 48 
52 
35 96 
99 33 
94 91 
44 
18 
96 
11 2 
24 75 
20 
45 53 
63 
36 19 
33 
39 
95 58 
6 
89 
4 56 
91 
90 
19 
48 69 
69 
54 
31 
66 
85 
98 
75 
12 
78 
53 
58 
56 
73 
17 
51 
42 
2 
59 
93 
40 
# clone tree 3 objective: 4.50245
0 81 
81 18 72 
72 42 30 
60 93 71 
30 60 
13 39 77 23 87 46 
71 98 31 47 
47 89 13 
46 25 
25 53 74 
92 32 
74 92 
32 36 62 
62 73 41 38 88 
88 54 16 68 
87 86 57 
23 34 9 
68 6 15 64 
57 95 83 
9 8 
38 20 26 
83 70 67 
8 51 90 76 
67 1 
76 50 
26 3 
50 28 
64 17 43 
3 85 84 
1 37 
15 78 82 
14 10 
37 65 
28 7 
82 14 
41 79 
65 55 
43 49 
61 22 
10 80 
22 94 
79 61 
7 97 
84 27 
80 29 
16 5 
55 99 52 
49 44 
34 11 
77 
70 35 
86 4 
27 24 
5 21 
21 63 
97 45 
29 48 
52 66 
35 96 
99 33 
94 91 
44 
18 12 
96 
11 58 
24 75 
20 
45 
63 
36 19 
33 
39 
95 2 
6 
89 
4 56 
91 
90 
19 
48 59 69 
69 
54 
31 
66 
85 
98 
75 
12 
78 40 
53 
58 
56 
73 
17 
51 
42 
2 
59 
93 
40 
# clone tree 4 objective: 4.50245
0 81 
81 18 72 
72 42 30 
60 71 
30 60 
13 39 77 23 87 46 
71 98 31 47 
47 89 13 
46 25 
25 53 74 
92 32 
74 40 92 
32 36 62 
62 73 41 38 88 
88 54 16 68 
87 86 57 
23 34 9 
68 6 15 64 
57 95 83 
9 59 8 
38 20 26 
83 70 67 
8 51 90 76 
67 1 
76 50 
26 3 
50 28 
64 43 
3 85 84 
1 37 
15 78 82 
14 10 
37 65 
28 7 
82 14 
41 79 
65 55 
43 49 
61 22 
10 80 
22 94 
79 61 
7 97 
84 27 
80 29 
16 5 
55 99 52 
49 44 
34 11 
77 
70 35 
86 4 
27 24 
5 21 
21 93 17 63 
97 45 
29 48 
52 66 
35 96 
99 33 
94 91 
44 
18 12 
96 
11 58 
24 75 
20 
45 
63 
36 19 
33 
39 
95 2 
6 
89 
4 
91 
90 
19 
48 69 
69 56 
54 
31 
66 
85 
98 
75 
12 
78 
53 
58 
56 
73 
17 
51 
42 
2 
59 
93 
40 
# clone tree 5 objective: 4.50245
0 81 
81 18 72 
72 42 30 
60 93 71 
30 60 
13 39 77 23 87 46 
71 98 31 47 
47 89 13 
46 25 
25 53 74 
92 32 
74 92 
32 36 62 
62 73 41 38 88 
88 54 16 68 
87 86 57 
23 34 9 
68 6 15 64 
57 95 83 
9 8 
38 20 26 
83 70 67 
8 51 90 76 
67 1 
76 50 
26 3 
50 28 
64 17 43 
3 85 84 
1 37 
15 78 82 
14 10 
37 65 
28 7 
82 14 
41 79 
65 55 
43 49 
61 22 
10 80 
22 94 
79 61 
7 97 
84 27 
80 29 
16 5 
55 99 52 
49 44 
34 40 11 
77 
70 35 
86 4 
27 24 
5 21 
21 63 
97 45 
29 48 
52 66 
35 96 
99 33 
94 91 
44 
18 12 
96 
11 58 
24 75 
20 
45 
63 
36 19 
33 
39 
95 2 
6 
89 
4 56 
91 
90 
19 
48 59 69 
69 
54 
31 
66 
85 
98 
75 
12 
78 
53 
58 
56 
73 
17 
51 
42 
2 
59 
93 
40 
# clone tree 6 objective: 4.50245
0 81 
81 18 72 
72 42 30 
60 71 
30 60 
13 39 77 23 87 46 
71 98 31 47 
47 89 13 
46 25 
25 53 74 
92 32 
74 92 
32 36 62 
62 73 41 38 88 
88 54 16 68 
87 86 57 
23 34 9 
68 6 15 64 
57 95 83 
9 8 
38 20 26 
83 70 67 
8 51 90 76 
67 1 
76 50 
26 3 
50 28 
64 17 43 
3 85 84 
1 37 
15 78 82 
14 10 
37 65 
28 7 
82 14 
41 79 
65 55 
43 49 
61 22 
10 80 
22 94 
79 61 
7 97 
84 27 
80 29 
16 5 
55 99 52 
49 44 
34 11 
77 
70 35 
86 4 
27 24 
5 21 
21 63 
97 45 
29 48 
52 66 
35 96 
99 33 
94 91 
44 93 
18 12 
96 
11 58 
24 75 
20 
45 
63 
36 19 
33 40 
39 
95 2 
6 
89 
4 56 
91 
90 
19 
48 59 69 
69 
54 
31 
66 
85 
98 
75 
12 
78 
53 
58 
56 
73 
17 
51 
42 
2 
59 
93 
40 
# clone tree 7 objective: 4.50245
0 81 
81 18 72 
72 42 30 
60 93 71 
30 60 
13 39 77 23 87 46 
71 98 31 47 
47 89 13 
46 25 
25 53 74 
92 32 
74 92 
32 36 62 
62 73 41 38 88 
88 54 16 68 
87 86 57 
23 34 9 
68 6 15 64 
57 95 83 
9 8 
38 20 26 
83 70 67 
8 51 90 76 
67 1 
76 50 
26 3 
50 28 
64 17 43 
3 85 84 
1 37 
15 78 82 
14 10 
37 65 
28 7 
82 14 
41 79 
65 55 
43 49 
61 22 
10 80 
22 94 
79 61 
7 97 
84 27 
80 29 
16 5 
55 99 52 
49 44 
34 11 
77 
70 35 
86 4 
27 24 
5 21 
21 63 
97 45 
29 48 
52 66 
35 96 
99 33 
94 91 
44 
18 12 
96 
11 58 
24 75 
20 
45 
63 
36 19 
33 
39 
95 2 
6 
89 
4 56 
91 
90 
19 
48 59 69 
69 
54 
31 
66 
85 
98 
75 40 
12 
78 
53 
58 
56 
73 
17 
51 
42 
2 
59 
93 
40 
# clone tree 8 objective: 4.50245
0 81 
81 18 72 
72 42 30 
60 93 71 
30 60 
13 39 77 23 87 46 
71 98 31 47 
47 89 13 
46 25 
25 53 74 
92 32 
74 92 
32 36 62 
62 73 41 38 88 
88 54 16 68 
87 86 57 
23 34 9 
68 6 15 64 
57 95 83 
9 8 
38 20 26 
83 70 67 
8 51 90 76 
67 1 
76 50 
26 3 
50 28 
64 17 43 
3 85 84 
1 37 
15 78 82 
14 10 
37 65 
28 7 
82 14 
41 79 
65 55 
43 49 
61 22 
10 80 
22 94 
79 61 
7 97 
84 27 
80 29 
16 5 
55 99 52 
49 44 
34 11 
77 
70 35 
86 4 
27 24 
5 21 
21 63 
97 45 
29 48 
52 66 
35 96 
99 33 
94 91 
44 
18 12 
96 
11 58 
24 75 
20 
45 
63 
36 19 
33 40 
39 
95 2 
6 
89 
4 56 
91 
90 
19 
48 59 69 
69 
54 
31 
66 
85 
98 
75 
12 
78 
53 
58 
56 
73 
17 
51 
42 
2 
59 
93 
40 
# clone tree 9 objective: 4.50245
0 81 
81 18 72 
72 42 30 
60 93 71 
30 60 
13 39 77 23 87 46 
71 98 31 47 
47 89 13 
46 25 
25 53 74 
92 32 
74 92 
32 36 62 
62 73 41 38 88 
88 54 16 68 
87 86 57 
23 34 9 
68 6 15 64 
57 95 83 
9 8 
38 20 26 
83 70 67 
8 51 90 76 
67 1 
76 50 
26 3 
50 28 
64 17 43 
3 85 84 
1 37 
15 78 82 
14 10 
37 65 
28 7 
82 14 
41 79 
65 55 
43 49 
61 22 
10 80 
22 94 
79 61 
7 97 
84 27 
80 29 
16 5 
55 99 52 
49 44 
34 11 
77 
70 35 
86 4 
27 24 
5 21 
21 63 
97 45 
29 48 
52 66 
35 96 
99 33 
94 91 
44 
18 12 
96 
11 58 
24 75 
20 
45 
63 
36 19 
33 
39 
95 2 
6 
89 
4 56 
91 
90 
19 
48 59 69 
69 
54 40 
31 
66 
85 
98 
75 
12 
78 
53 
58 
56 
73 
17 
51 
42 
2 
59 
93 
40 
# clone tree 10 objective: 4.50245
0 81 
81 18 72 
72 42 30 
60 93 71 
30 60 
13 39 77 23 87 46 
71 98 31 47 
47 89 13 
46 25 
25 53 74 
92 32 
74 92 
32 36 62 
62 73 41 38 88 
88 54 16 68 
87 86 57 
23 34 9 
68 6 15 64 
57 95 83 
9 8 
38 20 26 
83 70 67 
8 51 90 76 
67 1 
76 50 
26 3 
50 28 
64 17 43 
3 85 84 
1 37 
15 78 82 
14 10 
37 65 
28 7 
82 14 
41 79 
65 55 
43 49 
61 22 
10 80 
22 94 
79 61 
7 97 
84 27 
80 29 
16 5 
55 99 52 
49 44 
34 11 
77 
70 35 
86 4 
27 24 
5 21 
21 63 
97 45 
29 48 
52 66 
35 96 
99 33 
94 91 
44 
18 12 
96 
11 58 
24 75 
20 
45 
63 
36 19 
33 
39 
95 2 
6 
89 
4 56 
91 40 
90 
19 
48 59 69 
69 
54 
31 
66 
85 
98 
75 
12 
78 
53 
58 
56 
73 
17 
51 
42 
2 
59 
93 
40 
# clone tree 11 objective: 4.50245
0 81 
81 18 72 
72 42 30 
60 93 71 
30 60 
13 39 77 23 87 46 
71 98 31 47 
47 89 13 
46 25 
25 53 74 
92 32 
74 92 
32 36 62 
62 73 41 38 88 
88 54 16 68 
87 86 57 
23 34 9 
68 6 15 64 
57 95 83 
9 8 
38 20 26 
83 70 67 
8 51 90 76 
67 1 
76 50 
26 3 
50 28 
64 17 43 
3 85 84 
1 37 
15 78 82 
14 10 
37 65 
28 7 
82 14 
41 79 
65 55 
43 49 
61 22 
10 80 
22 94 
79 61 
7 97 
84 27 
80 29 
16 5 
55 99 52 
49 44 
34 11 
77 
70 35 
86 4 
27 24 
5 21 
21 63 
97 45 
29 48 
52 66 
35 96 
99 33 
94 91 
44 40 
18 12 
96 
11 58 
24 75 
20 
45 
63 
36 19 
33 
39 
95 2 
6 
89 
4 56 
91 
90 
19 
48 59 69 
69 
54 
31 
66 
85 
98 
75 
12 
78 
53 
58 
56 
73 
17 
51 
42 
2 
59 
93 
40 
# clone tree 12 objective: 4.50245
0 81 
81 18 72 
72 42 30 
60 93 71 
30 60 
13 39 77 23 87 46 
71 98 31 47 
47 89 13 
46 25 
25 53 74 
92 32 
74 92 
32 36 62 
62 73 41 38 88 
88 54 16 68 
87 86 57 
23 34 9 
68 6 15 64 
57 95 83 
9 8 
38 20 26 
83 70 67 
8 51 90 76 
67 1 
76 50 
26 3 
50 28 
64 17 43 
3 85 84 
1 37 
15 78 82 
14 10 
37 65 
28 7 
82 14 
41 79 
65 55 
43 49 
61 22 
10 80 
22 94 
79 61 
7 97 
84 27 
80 29 
16 5 
55 99 52 
49 44 
34 11 
77 
70 35 
86 4 
27 24 
5 21 
21 40 63 
97 45 
29 48 
52 66 
35 96 
99 33 
94 91 
44 
18 12 
96 
11 58 
24 75 
20 
45 
63 
36 19 
33 
39 
95 2 
6 
89 
4 56 
91 
90 
19 
48 59 69 
69 
54 
31 
66 
85 
98 
75 
12 
78 
53 
58 
56 
73 
17 
51 
42 
2 
59 
93 
40 
# clone tree 13 objective: 4.50245
0 81 
81 18 72 
72 42 30 
60 93 71 
30 60 
13 39 77 23 87 46 
71 98 31 47 
47 89 13 
46 25 
25 53 74 
92 32 
74 92 
32 36 62 
62 73 41 38 88 
88 54 16 68 
87 86 57 
23 34 9 
68 6 15 64 
57 95 83 
9 8 
38 20 26 
83 70 67 
8 51 90 76 
67 1 
76 50 
26 3 
50 28 
64 40 17 43 
3 85 84 
1 37 
15 78 82 
14 10 
37 65 
28 7 
82 14 
41 79 
65 55 
43 49 
61 22 
10 80 
22 94 
79 61 
7 97 
84 27 
80 29 
16 5 
55 99 52 
49 44 
34 11 
77 
70 35 
86 4 
27 24 
5 21 
21 63 
97 45 
29 48 
52 66 
35 96 
99 33 
94 91 
44 
18 12 
96 
11 58 
24 75 
20 
45 
63 
36 19 
33 
39 
95 2 
6 
89 
4 56 
91 
90 
19 
48 59 69 
69 
54 
31 
66 
85 
98 
75 
12 
78 
53 
58 
56 
73 
17 
51 
42 
2 
59 
93 
40 
# clone tree 14 objective: 4.50245
0 81 
81 18 72 
72 42 30 
60 93 71 
30 60 
13 39 77 23 87 46 
71 98 31 47 
47 89 13 
46 25 
25 53 74 
92 32 
74 92 
32 36 62 
62 73 41 38 88 
88 54 16 68 
87 86 57 
23 34 9 
68 6 15 64 
57 95 83 
9 8 
38 20 26 
83 70 67 
8 51 90 76 
67 1 
76 50 
26 3 
50 28 
64 17 43 
3 85 84 
1 37 
15 78 82 
14 10 
37 65 
28 7 
82 14 
41 79 
65 55 
43 49 
61 22 
10 80 
22 94 
79 61 
7 97 
84 27 
80 29 
16 5 
55 99 52 
49 44 
34 11 
77 40 
70 35 
86 4 
27 24 
5 21 
21 63 
97 45 
29 48 
52 66 
35 96 
99 33 
94 91 
44 
18 12 
96 
11 58 
24 75 
20 
45 
63 
36 19 
33 
39 
95 2 
6 
89 
4 56 
91 
90 
19 
48 59 69 
69 
54 
31 
66 
85 
98 
75 
12 
78 
53 
58 
56 
73 
17 
51 
42 
2 
59 
93 
40 
# clone tree 15 objective: 4.50245
0 81 
81 18 72 
72 42 30 
60 93 71 
30 60 
13 39 77 23 87 46 
71 98 31 47 
47 89 13 
46 25 
25 53 74 
92 32 
74 92 
32 36 62 
62 73 41 38 88 
88 54 16 68 
87 86 57 
23 34 9 
68 6 15 64 
57 95 83 
9 8 
38 20 26 
83 70 67 
8 51 90 76 
67 1 
76 50 
26 3 
50 28 
64 17 43 
3 85 84 
1 37 
15 78 82 
14 10 
37 65 
28 7 
82 14 
41 79 
65 40 55 
43 49 
61 22 
10 80 
22 94 
79 61 
7 97 
84 27 
80 29 
16 5 
55 99 52 
49 44 
34 11 
77 
70 35 
86 4 
27 24 
5 21 
21 63 
97 45 
29 48 
52 66 
35 96 
99 33 
94 91 
44 
18 12 
96 
11 58 
24 75 
20 
45 
63 
36 19 
33 
39 
95 2 
6 
89 
4 56 
91 
90 
19 
48 59 69 
69 
54 
31 
66 
85 
98 
75 
12 
78 
53 
58 
56 
73 
17 
51 
42 
2 
59 
93 
40 
# clone tree 16 objective: 4.50245
0 81 
81 18 72 
72 42 30 
60 93 71 
30 60 
13 39 77 23 87 46 
71 98 31 47 
47 89 13 
46 25 
25 53 74 
92 32 
74 92 
32 36 62 
62 73 41 38 88 
88 54 16 68 
87 86 57 
23 34 9 
68 6 15 64 
57 95 83 
9 8 
38 20 26 
83 70 67 
8 51 90 76 
67 1 
76 50 
26 3 
50 28 
64 17 43 
3 85 84 
1 37 
15 78 82 
14 10 
37 65 
28 7 
82 14 
41 79 
65 55 
43 49 
61 22 
10 40 80 
22 94 
79 61 
7 97 
84 27 
80 29 
16 5 
55 99 52 
49 44 
34 11 
77 
70 35 
86 4 
27 24 
5 21 
21 63 
97 45 
29 48 
52 66 
35 96 
99 33 
94 91 
44 
18 12 
96 
11 58 
24 75 
20 
45 
63 
36 19 
33 
39 
95 2 
6 
89 
4 56 
91 
90 
19 
48 59 69 
69 
54 
31 
66 
85 
98 
75 
12 
78 
53 
58 
56 
73 
17 
51 
42 
2 
59 
93 
40 
# clone tree 17 objective: 4.50245
0 81 
81 18 72 
72 42 30 
60 93 71 
30 60 
13 39 77 23 87 46 
71 98 31 47 
47 89 13 
46 25 
25 53 74 
92 32 
74 92 
32 36 62 
62 73 41 38 88 
88 54 16 68 
87 86 57 
23 34 9 
68 6 15 64 
57 95 83 
9 8 
38 20 26 
83 70 67 
8 51 90 76 
67 1 
76 40 50 
26 3 
50 28 
64 17 43 
3 85 84 
1 37 
15 78 82 
14 10 
37 65 
28 7 
82 14 
41 79 
65 55 
43 49 
61 22 
10 80 
22 94 
79 61 
7 97 
84 27 
80 29 
16 5 
55 99 52 
49 44 
34 11 
77 
70 35 
86 4 
27 24 
5 21 
21 63 
97 45 
29 48 
52 66 
35 96 
99 33 
94 91 
44 
18 12 
96 
11 58 
24 75 
20 
45 
63 
36 19 
33 
39 
95 2 
6 
89 
4 56 
91 
90 
19 
48 59 69 
69 
54 
31 
66 
85 
98 
75 
12 
78 
53 
58 
56 
73 
17 
51 
42 
2 
59 
93 
40 
# clone tree 18 objective: 4.50245
0 81 
81 18 72 
72 42 30 
60 71 
30 60 
13 39 77 23 87 46 
71 98 31 47 
47 89 13 
46 25 
25 53 74 
92 66 32 
74 40 92 
32 36 62 
62 41 38 88 
88 17 54 16 68 
87 86 57 
23 34 9 
68 6 15 64 
57 73 12 95 83 
9 8 
38 20 26 
83 70 67 
8 51 90 76 
67 1 
76 50 
26 3 
50 28 
64 43 
3 85 84 
1 37 
15 78 82 
14 10 
37 65 
28 7 
82 14 
41 79 
65 93 55 
43 49 
61 22 
10 80 
22 94 
79 61 
7 97 
84 27 
80 29 
16 5 
55 99 52 
49 44 
34 11 
77 
70 35 
86 4 
27 24 
5 21 
21 63 
97 45 
29 48 
52 
35 96 
99 33 
94 91 
44 
18 
96 
11 2 
24 75 
20 
45 
63 
36 19 
33 59 
39 
95 58 
6 
89 
4 56 
91 
90 
19 
48 69 
69 
54 
31 
66 
85 
98 
75 
12 
78 
53 
58 
56 
73 
17 
51 
42 
2 
59 
93 
40 
# clone tree 19 objective: 4.50245
0 81 
81 18 72 
72 42 30 
60 93 71 
30 60 
13 39 77 23 87 46 
71 98 31 47 
47 89 13 
46 25 
25 53 74 
92 32 
74 92 
32 36 62 
62 73 41 38 88 
88 40 54 16 68 
87 86 57 
23 34 9 
68 6 15 64 
57 95 83 
9 8 
38 20 26 
83 70 67 
8 51 90 76 
67 1 
76 50 
26 3 
50 28 
64 17 43 
3 85 84 
1 37 
15 78 82 
14 10 
37 65 
28 7 
82 14 
41 79 
65 55 
43 49 
61 22 
10 80 
22 94 
79 61 
7 97 
84 27 
80 29 
16 5 
55 99 52 
49 44 
34 11 
77 
70 35 
86 4 
27 24 
5 21 
21 63 
97 45 
29 48 
52 66 
35 96 
99 33 
94 91 
44 
18 12 
96 
11 58 
24 75 
20 
45 
63 
36 19 
33 
39 
95 2 
6 
89 
4 56 
91 
90 
19 
48 59 69 
69 
54 
31 
66 
85 
98 
75 
12 
78 
53 
58 
56 
73 
17 
51 
42 
2 
59 
93 
40 
# clone tree 20 objective: 4.50245
0 81 
81 18 72 
72 42 30 
60 71 
30 60 
13 39 77 23 87 46 
71 98 31 47 
47 89 13 
46 25 
25 53 74 
92 66 32 
74 92 
32 36 62 
62 41 38 88 
88 17 54 16 68 
87 86 57 
23 34 9 
68 6 15 64 
57 73 12 95 83 
9 40 8 
38 20 26 
83 70 67 
8 51 90 76 
67 1 
76 50 
26 3 
50 28 
64 43 
3 85 84 
1 37 
15 78 82 
14 10 
37 65 
28 7 
82 14 
41 79 
65 93 55 
43 49 
61 22 
10 80 
22 94 
79 61 
7 97 
84 27 
80 29 
16 5 
55 99 52 
49 44 
34 11 
77 
70 35 
86 4 
27 24 
5 21 
21 63 
97 45 
29 48 
52 
35 96 
99 33 
94 91 
44 
18 
96 
11 2 
24 75 
20 
45 
63 
36 19 
33 59 
39 
95 58 
6 
89 
4 56 
91 
90 
19 
48 69 
69 
54 
31 
66 
85 
98 
75 
12 
78 
53 
58 
56 
73 
17 
51 
42 
2 
59 
93 
40 
# clone tree 21 objective: 4.50245
0 81 
81 18 72 
72 42 30 
60 93 71 
30 60 
13 39 77 23 87 46 
71 98 31 47 
47 89 13 
46 25 
25 53 74 
92 32 
74 92 
32 36 62 
62 73 41 38 88 
88 54 16 68 
87 86 57 
23 34 9 
68 6 15 64 
57 95 83 
9 40 8 
38 20 26 
83 70 67 
8 51 90 76 
67 1 
76 50 
26 3 
50 28 
64 17 43 
3 85 84 
1 37 
15 78 82 
14 10 
37 65 
28 7 
82 14 
41 79 
65 55 
43 49 
61 22 
10 80 
22 94 
79 61 
7 97 
84 27 
80 29 
16 5 
55 99 52 
49 44 
34 11 
77 
70 35 
86 4 
27 24 
5 21 
21 63 
97 45 
29 48 
52 66 
35 96 
99 33 
94 91 
44 
18 12 
96 
11 58 
24 75 
20 
45 
63 
36 19 
33 
39 
95 2 
6 
89 
4 56 
91 
90 
19 
48 59 69 
69 
54 
31 
66 
85 
98 
75 
12 
78 
53 
58 
56 
73 
17 
51 
42 
2 
59 
93 
40 
# clone tree 22 objective: 4.50245
0 81 
81 18 72 
72 42 30 
60 93 71 
30 60 
13 39 77 23 87 46 
71 98 31 47 
47 89 13 
46 25 
25 53 74 
92 32 
74 40 92 
32 36 62 
62 73 41 38 88 
88 54 16 68 
87 86 57 
23 34 9 
68 6 15 64 
57 95 83 
9 8 
38 20 26 
83 70 67 
8 51 90 76 
67 1 
76 50 
26 3 
50 28 
64 17 43 
3 85 84 
1 37 
15 78 82 
14 10 
37 65 
28 7 
82 14 
41 79 
65 55 
43 49 
61 22 
10 80 
22 94 
79 61 
7 97 
84 27 
80 29 
16 5 
55 99 52 
49 44 
34 11 
77 
70 35 
86 4 
27 24 
5 21 
21 63 
97 45 
29 48 
52 66 
35 96 
99 33 
94 91 
44 
18 12 
96 
11 58 
24 75 
20 
45 
63 
36 19 
33 
39 
95 2 
6 
89 
4 56 
91 
90 
19 
48 59 69 
69 
54 
31 
66 
85 
98 
75 
12 
78 
53 
58 
56 
73 
17 
51 
42 
2 
59 
93 
40 
# clone tree 23 objective: 4.50245
0 81 
81 18 72 
72 42 30 
60 71 
30 60 
13 39 77 23 87 46 
71 93 98 31 47 
47 89 13 
46 25 
25 53 74 
92 59 32 
74 92 
32 36 62 
62 73 41 38 88 
88 54 16 68 
87 86 57 
23 34 9 
68 6 15 64 
57 95 83 
9 8 
38 20 26 
83 70 67 
8 51 90 76 
67 1 
76 50 
26 3 
50 28 
64 43 
3 85 84 
1 37 
15 78 82 
14 10 
37 65 
28 7 
82 14 
41 79 
65 55 
43 49 
61 22 
10 80 
22 94 
79 61 
7 97 
84 27 
80 29 
16 5 
55 99 52 
49 44 
34 11 
77 
70 35 
86 4 
27 24 
5 21 
21 17 63 
97 45 
29 48 
52 66 
35 96 
99 33 
94 91 
44 
18 12 
96 
11 58 
24 75 
20 
45 
63 
36 19 
33 
39 
95 2 
6 
89 
4 
91 
90 
19 
48 69 
69 56 
54 
31 
66 
85 
98 
75 
12 
78 40 
53 
58 
56 
73 
17 
51 
42 
2 
59 
93 
40 
# clone tree 24 objective: 4.50245
0 81 
81 18 72 
72 42 30 
60 71 
30 60 
13 39 77 23 87 46 
71 93 98 31 47 
47 89 13 
46 25 
25 53 74 
92 59 32 
74 92 
32 36 62 
62 73 41 38 88 
88 54 16 68 
87 86 57 
23 34 9 
68 6 15 64 
57 95 83 
9 8 
38 20 26 
83 70 67 
8 51 90 76 
67 1 
76 50 
26 3 
50 28 
64 43 
3 85 84 
1 37 
15 78 82 
14 10 
37 65 
28 7 
82 14 
41 79 
65 55 
43 49 
61 22 
10 80 
22 94 
79 61 
7 97 
84 27 
80 29 
16 5 
55 99 52 
49 44 
34 40 11 
77 
70 35 
86 4 
27 24 
5 21 
21 17 63 
97 45 
29 48 
52 66 
35 96 
99 33 
94 91 
44 
18 12 
96 
11 58 
24 75 
20 
45 
63 
36 19 
33 
39 
95 2 
6 
89 
4 
91 
90 
19 
48 69 
69 56 
54 
31 
66 
85 
98 
75 
12 
78 
53 
58 
56 
73 
17 
51 
42 
2 
59 
93 
40 
# clone tree 25 objective: 4.50245
0 81 
81 18 72 
72 42 30 
60 71 
30 60 
13 39 77 23 87 46 
71 93 98 31 47 
47 89 13 
46 25 
25 53 74 
92 59 32 
74 92 
32 36 62 
62 73 41 38 88 
88 54 16 68 
87 86 57 
23 34 9 
68 6 15 64 
57 95 83 
9 8 
38 20 26 
83 70 67 
8 51 90 76 
67 1 
76 50 
26 3 
50 28 
64 43 
3 85 84 
1 37 
15 78 82 
14 10 
37 65 
28 7 
82 14 
41 79 
65 55 
43 49 
61 22 
10 80 
22 94 
79 61 
7 97 
84 27 
80 29 
16 5 
55 99 52 
49 44 
34 11 
77 
70 35 
86 4 
27 24 
5 21 
21 17 63 
97 45 
29 48 
52 66 
35 96 
99 33 
94 91 
44 
18 12 
96 
11 58 
24 75 
20 
45 
63 
36 19 
33 
39 
95 2 
6 
89 
4 
91 
90 
19 
48 69 
69 56 
54 
31 
66 
85 
98 
75 
12 
78 
53 
58 
56 
73 
17 40 
51 
42 
2 
59 
93 
40 
# clone tree 26 objective: 4.50245
0 81 
81 18 72 
72 42 30 
60 71 
30 60 
13 39 77 23 87 46 
71 93 98 31 47 
47 89 13 
46 25 
25 53 74 
92 59 32 
74 92 
32 36 62 
62 73 41 38 88 
88 54 16 68 
87 86 57 
23 34 9 
68 6 15 64 
57 95 83 
9 8 
38 20 26 
83 70 67 
8 51 90 76 
67 1 
76 50 
26 3 
50 28 
64 40 43 
3 85 84 
1 37 
15 78 82 
14 10 
37 65 
28 7 
82 14 
41 79 
65 55 
43 49 
61 22 
10 80 
22 94 
79 61 
7 97 
84 27 
80 29 
16 5 
55 99 52 
49 44 
34 11 
77 
70 35 
86 4 
27 24 
5 21 
21 17 63 
97 45 
29 48 
52 66 
35 96 
99 33 
94 91 
44 
18 12 
96 
11 58 
24 75 
20 
45 
63 
36 19 
33 
39 
95 2 
6 
89 
4 
91 
90 
19 
48 69 
69 56 
54 
31 
66 
85 
98 
75 
12 
78 
53 
58 
56 
73 
17 
51 
42 
2 
59 
93 
40 
# clone tree 27 objective: 4.50245
0 81 
81 18 72 
72 42 30 
60 71 
30 60 
13 39 77 23 87 46 
71 93 98 31 47 
47 89 13 
46 25 
25 53 74 
92 59 32 
74 92 
32 36 62 
62 73 41 38 88 
88 54 16 68 
87 86 57 
23 34 9 
68 6 15 64 
57 95 83 
9 8 
38 20 26 
83 70 67 
8 51 90 76 
67 1 
76 50 
26 3 
50 28 
64 43 
3 85 84 
1 37 
15 78 82 
14 10 
37 65 
28 7 
82 14 
41 79 
65 55 
43 49 
61 22 
10 80 
22 94 
79 61 
7 97 
84 27 
80 29 
16 5 
55 99 52 
49 44 
34 11 
77 
70 35 
86 4 
27 24 
5 21 
21 17 63 
97 40 45 
29 48 
52 66 
35 96 
99 33 
94 91 
44 
18 12 
96 
11 58 
24 75 
20 
45 
63 
36 19 
33 
39 
95 2 
6 
89 
4 
91 
90 
19 
48 69 
69 56 
54 
31 
66 
85 
98 
75 
12 
78 
53 
58 
56 
73 
17 
51 
42 
2 
59 
93 
40 
# clone tree 28 objective: 4.50245
0 81 
81 18 72 
72 42 30 
60 71 
30 60 
13 39 77 23 87 46 
71 93 98 31 47 
47 89 13 
46 25 
25 53 74 
92 59 32 
74 92 
32 36 62 
62 73 41 38 88 
88 54 16 68 
87 86 57 
23 34 9 
68 6 15 64 
57 95 83 
9 8 
38 20 26 
83 70 67 
8 51 90 76 
67 1 
76 50 
26 3 
50 28 
64 43 
3 85 84 
1 37 
15 78 82 
14 10 
37 65 
28 7 
82 14 
41 79 
65 55 
43 49 
61 22 
10 80 
22 94 
79 61 
7 97 
84 27 
80 29 
16 5 
55 99 52 
49 44 
34 11 
77 
70 35 
86 4 
27 24 
5 21 
21 17 63 
97 45 
29 48 
52 66 
35 96 
99 33 
94 91 
44 
18 12 
96 
11 58 
24 75 
20 
45 
63 
36 19 
33 
39 
95 2 
6 
89 
4 
91 
90 
19 
48 69 
69 56 
54 
31 
66 
85 
98 
75 40 
12 
78 
53 
58 
56 
73 
17 
51 
42 
2 
59 
93 
40 
# clone tree 29 objective: 4.50245
0 81 
81 18 72 
72 42 30 
60 71 
30 60 
13 39 77 23 87 46 
71 93 98 31 47 
47 89 13 
46 25 
25 53 74 
92 59 32 
74 92 
32 36 62 
62 73 41 38 88 
88 54 16 68 
87 86 57 
23 34 9 
68 6 15 64 
57 95 83 
9 8 
38 20 26 
83 70 67 
8 51 90 76 
67 1 
76 50 
26 3 
50 28 
64 43 
3 85 84 
1 37 
15 78 82 
14 10 
37 65 
28 7 
82 14 
41 79 
65 55 
43 49 
61 22 
10 80 
22 94 
79 61 
7 97 
84 27 
80 29 
16 5 
55 99 52 
49 44 
34 11 
77 
70 35 
86 4 
27 24 
5 21 
21 17 63 
97 45 
29 48 
52 66 
35 96 
99 33 
94 91 
44 
18 12 
96 
11 58 
24 75 
20 
45 
63 
36 19 
33 40 
39 
95 2 
6 
89 
4 
91 
90 
19 
48 69 
69 56 
54 
31 
66 
85 
98 
75 
12 
78 
53 
58 
56 
73 
17 
51 
42 
2 
59 
93 
40 
# clone tree 30 objective: 4.50245
0 81 
81 18 72 
72 42 30 
60 71 
30 60 
13 39 77 23 87 46 
71 93 98 31 47 
47 89 13 
46 25 
25 53 74 
92 59 32 
74 92 
32 36 62 
62 73 41 38 88 
88 54 16 68 
87 86 57 
23 34 9 
68 6 15 64 
57 95 83 
9 8 
38 20 26 
83 70 67 
8 51 90 76 
67 1 
76 50 
26 3 
50 28 
64 43 
3 85 84 
1 37 
15 78 82 
14 10 
37 65 
28 7 
82 14 
41 79 
65 55 
43 49 
61 22 
10 80 
22 94 
79 61 
7 97 
84 27 
80 29 
16 5 
55 99 52 
49 44 
34 11 
77 
70 35 
86 4 
27 24 
5 21 
21 17 63 
97 45 
29 48 
52 66 
35 96 
99 33 
94 91 
44 
18 12 
96 
11 58 
24 75 
20 
45 
63 
36 19 
33 
39 
95 2 
6 
89 
4 
91 40 
90 
19 
48 69 
69 56 
54 
31 
66 
85 
98 
75 
12 
78 
53 
58 
56 
73 
17 
51 
42 
2 
59 
93 
40 
# clone tree 31 objective: 4.50245
0 81 
81 18 72 
72 42 30 
60 71 
30 60 
13 39 77 23 87 46 
71 93 98 31 47 
47 89 13 
46 25 
25 53 74 
92 59 32 
74 92 
32 36 62 
62 73 41 38 88 
88 54 16 68 
87 86 57 
23 34 9 
68 6 15 64 
57 95 83 
9 8 
38 20 26 
83 70 67 
8 51 90 76 
67 1 
76 50 
26 3 
50 28 
64 43 
3 85 84 
1 37 
15 78 82 
14 10 
37 65 
28 7 
82 14 
41 79 
65 55 
43 49 
61 22 
10 80 
22 94 
79 61 
7 97 
84 27 
80 29 
16 5 
55 99 52 
49 44 
34 11 
77 
70 35 
86 4 
27 24 
5 21 
21 17 63 
97 45 
29 48 
52 66 
35 96 
99 33 
94 91 
44 
18 12 
96 
11 58 
24 75 
20 
45 
63 
36 19 
33 
39 
95 2 
6 
89 
4 
91 
90 
19 
48 69 
69 56 
54 40 
31 
66 
85 
98 
75 
12 
78 
53 
58 
56 
73 
17 
51 
42 
2 
59 
93 
40 
# clone tree 32 objective: 4.50245
0 81 
81 18 72 
72 42 30 
60 71 
30 60 
13 39 77 23 87 46 
71 93 98 31 47 
47 89 13 
46 25 
25 53 74 
92 59 32 
74 92 
32 36 62 
62 73 41 38 88 
88 54 16 68 
87 86 57 
23 34 9 
68 6 15 64 
57 95 83 
9 8 
38 20 26 
83 70 67 
8 51 90 76 
67 1 
76 50 
26 3 
50 28 
64 43 
3 85 84 
1 37 
15 78 82 
14 10 
37 65 
28 7 
82 14 
41 79 
65 55 
43 49 
61 22 
10 80 
22 94 
79 61 
7 97 
84 27 
80 29 
16 5 
55 99 52 
49 44 
34 11 
77 
70 35 
86 4 
27 24 
5 21 
21 17 63 
97 45 
29 48 
52 66 
35 96 
99 33 
94 91 
44 
18 12 
96 40 
11 58 
24 75 
20 
45 
63 
36 19 
33 
39 
95 2 
6 
89 
4 
91 
90 
19 
48 69 
69 56 
54 
31 
66 
85 
98 
75 
12 
78 
53 
58 
56 
73 
17 
51 
42 
2 
59 
93 
40 
# clone tree 33 objective: 4.50245
0 81 
81 18 72 
72 42 30 
60 71 
30 60 
13 39 77 23 87 46 
71 93 98 31 47 
47 89 13 
46 25 
25 53 74 
92 59 32 
74 92 
32 36 62 
62 73 41 38 88 
88 54 16 68 
87 86 57 
23 34 9 
68 6 15 64 
57 95 83 
9 8 
38 20 26 
83 70 67 
8 51 90 76 
67 1 
76 50 
26 3 
50 28 
64 43 
3 85 84 
1 37 
15 78 82 
14 10 
37 65 
28 7 
82 14 
41 79 
65 55 
43 49 
61 22 
10 80 
22 94 
79 61 
7 97 
84 27 
80 29 
16 5 
55 99 52 
49 44 
34 11 
77 
70 35 
86 4 
27 24 
5 21 
21 17 63 
97 45 
29 48 
52 66 
35 96 
99 33 
94 91 
44 40 
18 12 
96 
11 58 
24 75 
20 
45 
63 
36 19 
33 
39 
95 2 
6 
89 
4 
91 
90 
19 
48 69 
69 56 
54 
31 
66 
85 
98 
75 
12 
78 
53 
58 
56 
73 
17 
51 
42 
2 
59 
93 
40 
# clone tree 34 objective: 4.50245
0 81 
81 18 72 
72 42 30 
60 71 
30 60 
13 39 77 23 87 46 
71 98 31 47 
47 66 89 13 
46 25 
25 74 
92 32 
74 92 
32 36 62 
62 41 38 88 
88 54 16 68 
87 86 57 
23 34 9 
68 6 15 64 
57 73 12 95 83 
9 8 
38 20 26 
83 70 67 
8 90 76 
67 1 
76 50 
26 3 
50 28 
64 59 17 43 
3 85 84 
1 37 
15 78 82 
14 10 
37 65 
28 7 
82 14 
41 79 
65 93 55 
43 49 
61 22 
10 80 
22 94 
79 61 
7 97 
84 27 
80 29 
16 5 
55 99 52 
49 44 
34 11 
77 
70 35 
86 4 
27 24 
5 21 
21 40 51 63 
97 45 
29 48 
52 
35 96 
99 33 
94 91 
44 
18 
96 
11 2 
24 75 
20 
45 53 
63 
36 19 
33 
39 
95 58 
6 
89 
4 56 
91 
90 
19 
48 69 
69 
54 
31 
66 
85 
98 
75 
12 
78 
53 
58 
56 
73 
17 
51 
42 
2 
59 
93 
40 
# clone tree 35 objective: 4.50245
0 81 
81 18 72 
72 42 30 
60 71 
30 60 
13 39 77 23 87 46 
71 98 31 47 
47 66 89 13 
46 25 
25 74 
92 32 
74 92 
32 36 62 
62 41 38 88 
88 54 16 68 
87 86 57 
23 34 9 
68 6 15 64 
57 73 12 95 83 
9 8 
38 20 26 
83 70 67 
8 90 76 
67 1 
76 50 
26 3 
50 28 
64 59 17 43 
3 85 84 
1 37 
15 78 82 
14 10 
37 65 
28 7 
82 14 
41 79 
65 93 55 
43 49 
61 22 
10 80 
22 94 
79 61 
7 97 
84 27 
80 29 
16 5 
55 99 52 
49 44 
34 11 
77 
70 35 
86 4 
27 24 
5 21 
21 51 63 
97 45 
29 48 
52 
35 96 
99 33 
94 91 
44 
18 
96 40 
11 2 
24 75 
20 
45 53 
63 
36 19 
33 
39 
95 58 
6 
89 
4 56 
91 
90 
19 
48 69 
69 
54 
31 
66 
85 
98 
75 
12 
78 
53 
58 
56 
73 
17 
51 
42 
2 
59 
93 
40 
# clone tree 36 objective: 4.50245
0 81 
81 18 72 
72 42 30 
60 71 
30 60 
13 39 77 23 87 46 
71 98 31 47 
47 66 89 13 
46 25 
25 74 
92 32 
74 92 
32 36 62 
62 41 38 88 
88 54 16 68 
87 86 57 
23 34 9 
68 6 15 64 
57 73 12 95 83 
9 8 
38 20 26 
83 70 67 
8 90 76 
67 1 
76 50 
26 3 
50 28 
64 59 17 43 
3 85 84 
1 37 
15 78 82 
14 10 
37 65 
28 7 
82 14 
41 79 
65 93 55 
43 49 
61 22 
10 80 
22 94 
79 61 
7 97 
84 27 
80 29 
16 5 
55 99 52 
49 44 
34 11 
77 
70 35 
86 4 
27 24 
5 21 
21 51 63 
97 45 
29 48 
52 
35 96 
99 33 
94 91 
44 
18 
96 
11 2 
24 75 
20 
45 53 
63 
36 19 
33 
39 
95 58 
6 
89 
4 56 
91 
90 
19 
48 69 
69 
54 40 
31 
66 
85 
98 
75 
12 
78 
53 
58 
56 
73 
17 
51 
42 
2 
59 
93 
40 
# clone tree 37 objective: 4.50245
0 81 
81 18 72 
72 42 30 
60 71 
30 60 
13 39 77 23 87 46 
71 98 31 47 
47 66 89 13 
46 25 
25 74 
92 32 
74 92 
32 36 62 
62 41 38 88 
88 54 16 68 
87 86 57 
23 34 9 
68 6 15 64 
57 73 12 95 83 
9 8 
38 20 26 
83 70 67 
8 90 76 
67 1 
76 50 
26 3 
50 28 
64 59 17 43 
3 85 84 
1 37 
15 78 82 
14 10 
37 65 
28 7 
82 14 
41 79 
65 93 55 
43 49 
61 22 
10 80 
22 94 
79 61 
7 97 
84 27 
80 29 
16 5 
55 99 52 
49 44 
34 11 
77 
70 35 
86 4 
27 24 
5 21 
21 51 63 
97 45 
29 48 
52 
35 96 
99 33 
94 91 
44 
18 
96 
11 2 
24 75 
20 
45 53 
63 
36 19 
33 40 
39 
95 58 
6 
89 
4 56 
91 
90 
19 
48 69 
69 
54 
31 
66 
85 
98 
75 
12 
78 
53 
58 
56 
73 
17 
51 
42 
2 
59 
93 
40 
# clone tree 38 objective: 4.50245
0 81 
81 18 72 
72 42 30 
60 71 
30 60 
13 39 77 23 87 46 
71 98 31 47 
47 66 89 13 
46 25 
25 74 
92 32 
74 92 
32 36 62 
62 41 38 88 
88 54 16 68 
87 86 57 
23 34 9 
68 6 15 64 
57 73 12 95 83 
9 8 
38 20 26 
83 70 67 
8 90 76 
67 1 
76 50 
26 3 
50 28 
64 59 17 43 
3 85 84 
1 37 
15 78 82 
14 10 
37 65 
28 7 
82 14 
41 79 
65 93 55 
43 49 
61 22 
10 80 
22 94 
79 61 
7 97 
84 27 
80 29 
16 5 
55 99 52 
49 44 
34 11 
77 
70 35 
86 4 
27 24 
5 21 
21 51 63 
97 45 
29 48 
52 
35 96 
99 33 
94 91 
44 
18 
96 
11 2 
24 75 
20 
45 53 
63 
36 19 
33 
39 
95 58 
6 
89 
4 56 
91 40 
90 
19 
48 69 
69 
54 
31 
66 
85 
98 
75 
12 
78 
53 
58 
56 
73 
17 
51 
42 
2 
59 
93 
40 
# clone tree 39 objective: 4.50245
0 81 
81 18 72 
72 42 30 
60 71 
30 60 
13 39 77 23 87 46 
71 98 31 47 
47 66 89 13 
46 25 
25 74 
92 32 
74 92 
32 36 62 
62 41 38 88 
88 54 16 68 
87 86 57 
23 34 9 
68 6 15 64 
57 73 12 95 83 
9 8 
38 20 26 
83 70 67 
8 90 76 
67 1 
76 50 
26 3 
50 28 
64 59 17 43 
3 85 84 
1 37 
15 78 82 
14 10 
37 65 
28 7 
82 14 
41 79 
65 93 55 
43 49 
61 22 
10 80 
22 94 
79 61 
7 97 
84 27 
80 29 
16 5 
55 99 52 
49 44 
34 11 
77 
70 35 
86 4 
27 24 
5 21 
21 51 63 
97 40 45 
29 48 
52 
35 96 
99 33 
94 91 
44 
18 
96 
11 2 
24 75 
20 
45 53 
63 
36 19 
33 
39 
95 58 
6 
89 
4 56 
91 
90 
19 
48 69 
69 
54 
31 
66 
85 
98 
75 
12 
78 
53 
58 
56 
73 
17 
51 
42 
2 
59 
93 
40 
# clone tree 40 objective: 4.50245
0 81 
81 18 72 
72 42 30 
60 71 
30 60 
13 39 77 23 87 46 
71 98 31 47 
47 66 89 13 
46 25 
25 74 
92 32 
74 92 
32 36 62 
62 41 38 88 
88 54 16 68 
87 86 57 
23 34 9 
68 6 15 64 
57 73 12 95 83 
9 8 
38 20 26 
83 70 67 
8 90 76 
67 1 
76 50 
26 3 
50 28 
64 59 17 43 
3 85 84 
1 37 
15 78 82 
14 10 
37 65 
28 7 
82 14 
41 79 
65 93 55 
43 49 
61 22 
10 80 
22 94 
79 61 
7 97 
84 27 
80 29 
16 5 
55 99 52 
49 44 
34 11 
77 
70 35 
86 4 
27 24 
5 21 
21 51 63 
97 45 
29 48 
52 
35 96 
99 33 
94 91 
44 
18 
96 
11 2 
24 75 
20 
45 53 
63 
36 19 
33 
39 
95 58 
6 
89 
4 56 
91 
90 
19 
48 69 
69 
54 
31 
66 
85 
98 
75 40 
12 
78 
53 
58 
56 
73 
17 
51 
42 
2 
59 
93 
40 
# clone tree 41 objective: 4.50245
0 81 
81 18 72 
72 42 30 
60 71 
30 60 
13 39 77 23 87 46 
71 98 31 47 
47 66 89 13 
46 25 
25 74 
92 32 
74 92 
32 36 62 
62 41 38 88 
88 54 16 68 
87 86 57 
23 34 9 
68 6 15 64 
57 73 12 95 83 
9 8 
38 20 26 
83 70 67 
8 90 76 
67 1 
76 50 
26 3 
50 28 
64 59 17 43 
3 85 84 
1 37 
15 78 82 
14 10 
37 65 
28 7 
82 14 
41 79 
65 93 55 
43 49 
61 22 
10 80 
22 94 
79 61 
7 97 
84 27 
80 29 
16 5 
55 99 52 
49 44 
34 11 
77 
70 35 
86 4 
27 24 
5 21 
21 51 63 
97 45 
29 48 
52 
35 96 
99 33 
94 91 
44 
18 
96 
11 2 
24 75 
20 
45 53 
63 
36 19 
33 
39 
95 58 
6 
89 
4 56 
91 
90 
19 
48 69 
69 
54 
31 
66 
85 
98 
75 
12 
78 
53 
58 
56 
73 
17 40 
51 
42 
2 
59 
93 
40 
# clone tree 42 objective: 4.50245
0 81 
81 18 72 
72 42 30 
60 71 
30 60 
13 39 77 23 87 46 
71 98 31 47 
47 66 89 13 
46 25 
25 74 
92 32 
74 92 
32 36 62 
62 41 38 88 
88 54 16 68 
87 86 57 
23 34 9 
68 6 15 64 
57 73 12 95 83 
9 8 
38 20 26 
83 70 67 
8 90 76 
67 1 
76 50 
26 3 
50 28 
64 40 59 17 43 
3 85 84 
1 37 
15 78 82 
14 10 
37 65 
28 7 
82 14 
41 79 
65 93 55 
43 49 
61 22 
10 80 
22 94 
79 61 
7 97 
84 27 
80 29 
16 5 
55 99 52 
49 44 
34 11 
77 
70 35 
86 4 
27 24 
5 21 
21 51 63 
97 45 
29 48 
52 
35 96 
99 33 
94 91 
44 
18 
96 
11 2 
24 75 
20 
45 53 
63 
36 19 
33 
39 
95 58 
6 
89 
4 56 
91 
90 
19 
48 69 
69 
54 
31 
66 
85 
98 
75 
12 
78 
53 
58 
56 
73 
17 
51 
42 
2 
59 
93 
40 
# clone tree 43 objective: 4.50245
0 81 
81 18 72 
72 42 30 
60 71 
30 60 
13 39 77 23 87 46 
71 98 31 47 
47 66 89 13 
46 25 
25 74 
92 32 
74 92 
32 36 62 
62 41 38 88 
88 54 16 68 
87 86 57 
23 34 9 
68 6 15 64 
57 73 12 95 83 
9 8 
38 20 26 
83 70 67 
8 90 76 
67 1 
76 50 
26 3 
50 28 
64 59 17 43 
3 85 84 
1 37 
15 78 82 
14 10 
37 65 
28 7 
82 14 
41 79 
65 93 55 
43 49 
61 22 
10 80 
22 94 
79 61 
7 97 
84 27 
80 29 
16 5 
55 99 52 
49 44 
34 40 11 
77 
70 35 
86 4 
27 24 
5 21 
21 51 63 
97 45 
29 48 
52 
35 96 
99 33 
94 91 
44 
18 
96 
11 2 
24 75 
20 
45 53 
63 
36 19 
33 
39 
95 58 
6 
89 
4 56 
91 
90 
19 
48 69 
69 
54 
31 
66 
85 
98 
75 
12 
78 
53 
58 
56 
73 
17 
51 
42 
2 
59 
93 
40 
# clone tree 44 objective: 4.50245
0 81 
81 18 72 
72 42 30 
60 71 
30 60 
13 39 77 23 87 46 
71 98 31 47 
47 66 89 13 
46 25 
25 74 
92 32 
74 92 
32 36 62 
62 41 38 88 
88 54 16 68 
87 86 57 
23 34 9 
68 6 15 64 
57 73 12 95 83 
9 8 
38 20 26 
83 70 67 
8 90 76 
67 1 
76 50 
26 3 
50 28 
64 59 17 43 
3 85 84 
1 37 
15 78 82 
14 10 
37 65 
28 7 
82 14 
41 79 
65 93 55 
43 49 
61 22 
10 80 
22 94 
79 61 
7 97 
84 27 
80 29 
16 5 
55 99 52 
49 44 
34 11 
77 
70 35 
86 4 
27 24 
5 21 
21 51 63 
97 45 
29 48 
52 
35 96 
99 33 
94 91 
44 
18 
96 
11 2 
24 75 
20 
45 53 
63 
36 19 
33 
39 
95 58 
6 
89 
4 56 
91 
90 
19 
48 69 
69 
54 
31 
66 
85 
98 
75 
12 
78 40 
53 
58 
56 
73 
17 
51 
42 
2 
59 
93 
40 
# clone tree 45 objective: 4.50245
0 81 
81 18 72 
72 42 30 
60 71 
30 60 
13 39 77 23 87 46 
71 98 31 47 
47 66 89 13 
46 25 
25 53 74 
92 32 
74 40 92 
32 36 62 
62 73 41 38 88 
88 54 16 68 
87 86 57 
23 34 9 
68 59 6 15 64 
57 12 95 83 
9 8 
38 20 26 
83 70 67 
8 90 76 
67 1 
76 50 
26 3 
50 28 
64 17 43 
3 85 84 
1 37 
15 78 82 
14 10 
37 65 
28 7 
82 14 
41 79 
65 55 
43 49 
61 22 
10 80 
22 94 
79 61 
7 97 
84 27 
80 29 
16 5 
55 99 52 
49 44 
34 11 
77 
70 35 
86 4 
27 24 
5 21 
21 51 63 
97 45 
29 48 
52 
35 96 
99 33 
94 91 
44 
18 
96 
11 2 
24 75 
20 
45 
63 
36 19 
33 
39 93 
95 58 
6 
89 
4 
91 
90 
19 
48 69 
69 56 
54 
31 
66 
85 
98 
75 
12 
78 
53 
58 
56 
73 
17 
51 
42 
2 
59 
93 
40 
# clone tree 46 objective: 4.50245
0 81 
81 18 72 
72 42 30 
60 71 
30 60 
13 39 77 23 87 46 
71 98 31 47 
47 66 89 13 
46 25 
25 53 74 
92 32 
74 92 
32 36 62 
62 73 41 38 88 
88 40 54 16 68 
87 86 57 
23 34 9 
68 59 6 15 64 
57 12 95 83 
9 8 
38 20 26 
83 70 67 
8 90 76 
67 1 
76 50 
26 3 
50 28 
64 17 43 
3 85 84 
1 37 
15 78 82 
14 10 
37 65 
28 7 
82 14 
41 79 
65 55 
43 49 
61 22 
10 80 
22 94 
79 61 
7 97 
84 27 
80 29 
16 5 
55 99 52 
49 44 
34 11 
77 
70 35 
86 4 
27 24 
5 21 
21 51 63 
97 45 
29 48 
52 
35 96 
99 33 
94 91 
44 
18 
96 
11 2 
24 75 
20 
45 
63 
36 19 
33 
39 93 
95 58 
6 
89 
4 
91 
90 
19 
48 69 
69 56 
54 
31 
66 
85 
98 
75 
12 
78 
53 
58 
56 
73 
17 
51 
42 
2 
59 
93 
40 
# clone tree 47 objective: 4.50245
0 81 
81 18 72 
72 42 30 
60 71 
30 60 
13 39 77 23 87 46 
71 98 31 47 
47 66 89 13 
46 25 
25 74 
92 32 
74 92 
32 36 62 
62 41 38 88 
88 54 16 68 
87 86 57 
23 34 9 
68 6 15 64 
57 73 12 95 83 
9 8 
38 20 26 
83 70 67 
8 90 76 
67 1 
76 50 
26 3 
50 28 
64 59 17 43 
3 85 84 
1 37 
15 78 82 
14 10 
37 65 
28 7 
82 14 
41 79 
65 93 55 
43 49 
61 22 
10 80 
22 94 
79 61 
7 97 
84 27 
80 29 
16 5 
55 99 52 
49 44 
34 11 
77 40 
70 35 
86 4 
27 24 
5 21 
21 51 63 
97 45 
29 48 
52 
35 96 
99 33 
94 91 
44 
18 
96 
11 2 
24 75 
20 
45 53 
63 
36 19 
33 
39 
95 58 
6 
89 
4 56 
91 
90 
19 
48 69 
69 
54 
31 
66 
85 
98 
75 
12 
78 
53 
58 
56 
73 
17 
51 
42 
2 
59 
93 
40 
# clone tree 48 objective: 4.50245
0 81 
81 18 72 
72 42 30 
60 71 
30 60 
13 39 77 23 87 46 
71 98 31 47 
47 66 89 13 
46 25 
25 53 74 
92 32 
74 92 
32 36 62 
62 73 41 38 88 
88 54 16 68 
87 86 57 
23 34 9 
68 59 6 15 64 
57 12 95 83 
9 40 8 
38 20 26 
83 70 67 
8 90 76 
67 1 
76 50 
26 3 
50 28 
64 17 43 
3 85 84 
1 37 
15 78 82 
14 10 
37 65 
28 7 
82 14 
41 79 
65 55 
43 49 
61 22 
10 80 
22 94 
79 61 
7 97 
84 27 
80 29 
16 5 
55 99 52 
49 44 
34 11 
77 
70 35 
86 4 
27 24 
5 21 
21 51 63 
97 45 
29 48 
52 
35 96 
99 33 
94 91 
44 
18 
96 
11 2 
24 75 
20 
45 
63 
36 19 
33 
39 93 
95 58 
6 
89 
4 
91 
90 
19 
48 69 
69 56 
54 
31 
66 
85 
98 
75 
12 
78 
53 
58 
56 
73 
17 
51 
42 
2 
59 
93 
40 
# clone tree 49 objective: 4.50245
0 81 
81 18 72 
72 42 30 
60 71 
30 60 
13 39 77 23 87 46 
71 98 31 47 
47 66 89 13 
46 25 
25 53 74 
92 32 
74 92 
32 36 62 
62 73 41 38 88 
88 54 16 68 
87 86 57 
23 34 9 
68 59 6 15 64 
57 12 95 83 
9 8 
38 20 26 
83 70 67 
8 90 76 
67 1 
76 40 50 
26 3 
50 28 
64 17 43 
3 85 84 
1 37 
15 78 82 
14 10 
37 65 
28 7 
82 14 
41 79 
65 55 
43 49 
61 22 
10 80 
22 94 
79 61 
7 97 
84 27 
80 29 
16 5 
55 99 52 
49 44 
34 11 
77 
70 35 
86 4 
27 24 
5 21 
21 51 63 
97 45 
29 48 
52 
35 96 
99 33 
94 91 
44 
18 
96 
11 2 
24 75 
20 
45 
63 
36 19 
33 
39 93 
95 58 
6 
89 
4 
91 
90 
19 
48 69 
69 56 
54 
31 
66 
85 
98 
75 
12 
78 
53 
58 
56 
73 
17 
51 
42 
2 
59 
93 
40 
# clone tree 50 objective: 4.50245
0 81 
81 18 72 
72 42 30 
60 71 
30 60 
13 39 77 23 87 46 
71 98 31 47 
47 66 89 13 
46 25 
25 74 
92 32 
74 92 
32 36 62 
62 41 38 88 
88 54 16 68 
87 86 57 
23 34 9 
68 6 15 64 
57 73 12 95 83 
9 8 
38 20 26 
83 70 67 
8 90 76 
67 1 
76 40 50 
26 3 
50 28 
64 59 17 43 
3 85 84 
1 37 
15 78 82 
14 10 
37 65 
28 7 
82 14 
41 79 
65 93 55 
43 49 
61 22 
10 80 
22 94 
79 61 
7 97 
84 27 
80 29 
16 5 
55 99 52 
49 44 
34 11 
77 
70 35 
86 4 
27 24 
5 21 
21 51 63 
97 45 
29 48 
52 
35 96 
99 33 
94 91 
44 
18 
96 
11 2 
24 75 
20 
45 53 
63 
36 19 
33 
39 
95 58 
6 
89 
4 56 
91 
90 
19 
48 69 
69 
54 
31 
66 
85 
98 
75 
12 
78 
53 
58 
56 
73 
17 
51 
42 
2 
59 
93 
40 
# clone tree 51 objective: 4.50245
0 81 
81 18 72 
72 42 30 
60 71 
30 60 
13 39 77 23 87 46 
71 98 31 47 
47 66 89 13 
46 25 
25 74 
92 32 
74 92 
32 36 62 
62 41 38 88 
88 54 16 68 
87 86 57 
23 34 9 
68 6 15 64 
57 73 12 95 83 
9 8 
38 20 26 
83 70 67 
8 90 76 
67 1 
76 50 
26 3 
50 28 
64 59 17 43 
3 85 84 
1 37 
15 78 82 
14 10 
37 65 
28 7 
82 14 
41 79 
65 93 55 
43 49 
61 22 
10 40 80 
22 94 
79 61 
7 97 
84 27 
80 29 
16 5 
55 99 52 
49 44 
34 11 
77 
70 35 
86 4 
27 24 
5 21 
21 51 63 
97 45 
29 48 
52 
35 96 
99 33 
94 91 
44 
18 
96 
11 2 
24 75 
20 
45 53 
63 
36 19 
33 
39 
95 58 
6 
89 
4 56 
91 
90 
19 
48 69 
69 
54 
31 
66 
85 
98 
75 
12 
78 
53 
58 
56 
73 
17 
51 
42 
2 
59 
93 
40 
# clone tree 52 objective: 4.50245
0 81 
81 18 72 
72 42 30 
60 71 
30 60 
13 39 77 23 87 46 
71 98 31 47 
47 66 89 13 
46 25 
25 53 74 
92 32 
74 92 
32 36 62 
62 73 41 38 88 
88 54 16 68 
87 86 57 
23 34 9 
68 59 6 15 64 
57 12 95 83 
9 8 
38 20 26 
83 70 67 
8 90 76 
67 1 
76 50 
26 3 
50 28 
64 17 43 
3 85 84 
1 37 
15 78 82 
14 10 
37 65 
28 7 
82 14 
41 79 
65 40 55 
43 49 
61 22 
10 80 
22 94 
79 61 
7 97 
84 27 
80 29 
16 5 
55 99 52 
49 44 
34 11 
77 
70 35 
86 4 
27 24 
5 21 
21 51 63 
97 45 
29 48 
52 
35 96 
99 33 
94 91 
44 
18 
96 
11 2 
24 75 
20 
45 
63 
36 19 
33 
39 93 
95 58 
6 
89 
4 
91 
90 
19 
48 69 
69 56 
54 
31 
66 
85 
98 
75 
12 
78 
53 
58 
56 
73 
17 
51 
42 
2 
59 
93 
40 
# clone tree 53 objective: 4.50245
0 81 
81 18 72 
72 42 30 
60 71 
30 60 
13 39 77 23 87 46 
71 98 31 47 
47 66 89 13 
46 25 
25 53 74 
92 32 
74 92 
32 36 62 
62 73 41 38 88 
88 54 16 68 
87 86 57 
23 34 9 
68 59 6 15 64 
57 12 95 83 
9 8 
38 20 26 
83 70 67 
8 90 76 
67 1 
76 50 
26 3 
50 28 
64 17 43 
3 85 84 
1 37 
15 78 82 
14 10 
37 65 
28 7 
82 14 
41 79 
65 55 
43 49 
61 22 
10 40 80 
22 94 
79 61 
7 97 
84 27 
80 29 
16 5 
55 99 52 
49 44 
34 11 
77 
70 35 
86 4 
27 24 
5 21 
21 51 63 
97 45 
29 48 
52 
35 96 
99 33 
94 91 
44 
18 
96 
11 2 
24 75 
20 
45 
63 
36 19 
33 
39 93 
95 58 
6 
89 
4 
91 
90 
19 
48 69 
69 56 
54 
31 
66 
85 
98 
75 
12 
78 
53 
58 
56 
73 
17 
51 
42 
2 
59 
93 
40 
# clone tree 54 objective: 4.50245
0 81 
81 18 72 
72 42 30 
60 71 
30 60 
13 39 77 23 87 46 
71 98 31 47 
47 66 89 13 
46 25 
25 53 74 
92 32 
74 92 
32 36 62 
62 73 41 38 88 
88 54 16 68 
87 40 86 57 
23 34 9 
68 59 6 15 64 
57 12 95 83 
9 8 
38 20 26 
83 70 67 
8 90 76 
67 1 
76 50 
26 3 
50 28 
64 17 43 
3 85 84 
1 37 
15 78 82 
14 10 
37 65 
28 7 
82 14 
41 79 
65 55 
43 49 
61 22 
10 80 
22 94 
79 61 
7 97 
84 27 
80 29 
16 5 
55 99 52 
49 44 
34 11 
77 
70 35 
86 4 
27 24 
5 21 
21 51 63 
97 45 
29 48 
52 
35 96 
99 33 
94 91 
44 
18 
96 
11 2 
24 75 
20 
45 
63 
36 19 
33 
39 93 
95 58 
6 
89 
4 
91 
90 
19 
48 69 
69 56 
54 
31 
66 
85 
98 
75 
12 
78 
53 
58 
56 
73 
17 
51 
42 
2 
59 
93 
40 
# clone tree 55 objective: 4.50245
0 81 
81 18 72 
72 42 30 
60 71 
30 60 
13 39 77 23 87 46 
71 98 31 47 
47 66 89 13 
46 25 
25 53 74 
92 32 
74 92 
32 36 62 
62 73 41 38 88 
88 54 16 68 
87 86 57 
23 34 9 
68 59 6 15 64 
57 12 95 83 
9 8 
38 20 26 
83 70 67 
8 90 76 
67 1 
76 50 
26 3 
50 28 
64 17 43 
3 85 84 
1 37 
15 78 82 
14 10 
37 65 
28 7 
82 14 
41 79 
65 55 
43 49 
61 22 
10 80 
22 94 
79 61 
7 97 
84 27 
80 29 
16 5 
55 99 52 
49 44 
34 11 
77 40 
70 35 
86 4 
27 24 
5 21 
21 51 63 
97 45 
29 48 
52 
35 96 
99 33 
94 91 
44 
18 
96 
11 2 
24 75 
20 
45 
63 
36 19 
33 
39 93 
95 58 
6 
89 
4 
91 
90 
19 
48 69 
69 56 
54 
31 
66 
85 
98 
75 
12 
78 
53 
58 
56 
73 
17 
51 
42 
2 
59 
93 
40 
# clone tree 56 objective: 4.50245
0 81 
81 18 72 
72 42 30 
60 71 
30 60 
13 39 77 23 87 46 
71 98 31 47 
47 66 89 13 
46 25 
25 53 74 
92 32 
74 92 
32 36 62 
62 73 41 38 88 
88 54 16 68 
87 86 57 
23 34 9 
68 59 6 15 64 
57 12 95 83 
9 8 
38 20 26 
83 70 67 
8 90 76 
67 1 
76 50 
26 3 
50 28 
64 17 43 
3 85 84 
1 37 
15 78 82 
14 10 
37 65 
28 7 
82 14 
41 79 
65 55 
43 49 
61 22 
10 80 
22 94 
79 61 
7 97 
84 27 
80 29 
16 5 
55 99 52 
49 44 
34 11 
77 
70 35 
86 4 
27 24 
5 21 
21 51 63 
97 45 
29 48 
52 
35 96 
99 33 
94 91 
44 40 
18 
96 
11 2 
24 75 
20 
45 
63 
36 19 
33 
39 93 
95 58 
6 
89 
4 
91 
90 
19 
48 69 
69 56 
54 
31 
66 
85 
98 
75 
12 
78 
53 
58 
56 
73 
17 
51 
42 
2 
59 
93 
40 
# clone tree 57 objective: 4.50245
0 81 
81 18 72 
72 42 30 
60 71 
30 60 
13 39 77 23 87 46 
71 98 31 47 
47 66 89 13 
46 25 
25 53 74 
92 32 
74 92 
32 36 62 
62 73 41 38 88 
88 54 16 68 
87 86 57 
23 34 9 
68 59 6 15 64 
57 12 95 83 
9 8 
38 20 26 
83 70 67 
8 90 76 
67 1 
76 50 
26 3 
50 28 
64 17 43 
3 85 84 
1 37 
15 78 82 
14 10 
37 65 
28 7 
82 14 
41 79 
65 55 
43 49 
61 22 
10 80 
22 94 
79 61 
7 97 
84 27 
80 29 
16 5 
55 99 52 
49 44 
34 11 
77 
70 35 
86 4 
27 24 
5 21 
21 40 51 63 
97 45 
29 48 
52 
35 96 
99 33 
94 91 
44 
18 
96 
11 2 
24 75 
20 
45 
63 
36 19 
33 
39 93 
95 58 
6 
89 
4 
91 
90 
19 
48 69 
69 56 
54 
31 
66 
85 
98 
75 
12 
78 
53 
58 
56 
73 
17 
51 
42 
2 
59 
93 
40 
# clone tree 58 objective: 4.50245
0 81 
81 18 72 
72 42 30 
60 71 
30 60 
13 39 77 23 87 46 
71 98 31 47 
47 66 89 13 
46 25 
25 53 74 
92 32 
74 92 
32 36 62 
62 73 41 38 88 
88 54 16 68 
87 86 57 
23 34 9 
68 59 6 15 64 
57 12 95 83 
9 8 
38 20 26 
83 70 67 
8 90 76 
67 1 
76 50 
26 3 
50 28 
64 17 43 
3 85 84 
1 37 
15 78 82 
14 10 
37 65 
28 7 
82 14 
41 79 
65 55 
43 49 
61 22 
10 80 
22 94 
79 61 
7 97 
84 27 
80 29 
16 5 
55 99 52 
49 44 
34 11 
77 
70 35 
86 4 
27 24 
5 21 
21 51 63 
97 45 
29 48 
52 
35 96 
99 33 
94 91 
44 
18 
96 
11 2 
24 75 
20 
45 
63 
36 19 
33 
39 93 
95 58 
6 
89 
4 
91 
90 
19 
48 69 
69 56 
54 40 
31 
66 
85 
98 
75 
12 
78 
53 
58 
56 
73 
17 
51 
42 
2 
59 
93 
40 
# clone tree 59 objective: 4.50245
0 81 
81 18 72 
72 42 30 
60 71 
30 60 
13 39 77 23 87 46 
71 93 98 31 47 
47 89 13 
46 25 
25 53 74 
92 59 32 
74 92 
32 36 62 
62 73 41 38 88 
88 54 16 68 
87 40 86 57 
23 34 9 
68 6 15 64 
57 95 83 
9 8 
38 20 26 
83 70 67 
8 51 90 76 
67 1 
76 50 
26 3 
50 28 
64 43 
3 85 84 
1 37 
15 78 82 
14 10 
37 65 
28 7 
82 14 
41 79 
65 55 
43 49 
61 22 
10 80 
22 94 
79 61 
7 97 
84 27 
80 29 
16 5 
55 99 52 
49 44 
34 11 
77 
70 35 
86 4 
27 24 
5 21 
21 17 63 
97 45 
29 48 
52 66 
35 96 
99 33 
94 91 
44 
18 12 
96 
11 58 
24 75 
20 
45 
63 
36 19 
33 
39 
95 2 
6 
89 
4 
91 
90 
19 
48 69 
69 56 
54 
31 
66 
85 
98 
75 
12 
78 
53 
58 
56 
73 
17 
51 
42 
2 
59 
93 
40 
# clone tree 60 objective: 4.50245
0 81 
81 18 72 
72 42 30 
60 71 
30 60 
13 39 77 23 87 46 
71 93 98 31 47 
47 89 13 
46 25 
25 53 74 
92 59 32 
74 92 
32 36 62 
62 73 41 38 88 
88 54 16 68 
87 86 57 
23 34 9 
68 6 15 64 
57 95 83 
9 8 
38 20 26 
83 70 67 
8 51 90 76 
67 1 
76 50 
26 3 
50 28 
64 43 
3 85 84 
1 37 
15 78 82 
14 10 
37 65 
28 7 
82 14 
41 79 
65 40 55 
43 49 
61 22 
10 80 
22 94 
79 61 
7 97 
84 27 
80 29 
16 5 
55 99 52 
49 44 
34 11 
77 
70 35 
86 4 
27 24 
5 21 
21 17 63 
97 45 
29 48 
52 66 
35 96 
99 33 
94 91 
44 
18 12 
96 
11 58 
24 75 
20 
45 
63 
36 19 
33 
39 
95 2 
6 
89 
4 
91 
90 
19 
48 69 
69 56 
54 
31 
66 
85 
98 
75 
12 
78 
53 
58 
56 
73 
17 
51 
42 
2 
59 
93 
40 
# clone tree 61 objective: 4.50245
0 81 
81 18 72 
72 42 30 
60 71 
30 60 
13 39 77 23 87 46 
71 93 98 31 47 
47 89 13 
46 25 
25 53 74 
92 59 32 
74 92 
32 36 62 
62 73 41 38 88 
88 54 16 68 
87 86 57 
23 34 9 
68 6 15 64 
57 95 83 
9 8 
38 20 26 
83 70 67 
8 51 90 76 
67 1 
76 50 
26 3 
50 28 
64 43 
3 85 84 
1 37 
15 78 82 
14 10 
37 65 
28 7 
82 14 
41 79 
65 55 
43 49 
61 22 
10 80 
22 94 
79 61 
7 97 
84 27 
80 29 
16 5 
55 99 52 
49 44 
34 11 
77 40 
70 35 
86 4 
27 24 
5 21 
21 17 63 
97 45 
29 48 
52 66 
35 96 
99 33 
94 91 
44 
18 12 
96 
11 58 
24 75 
20 
45 
63 
36 19 
33 
39 
95 2 
6 
89 
4 
91 
90 
19 
48 69 
69 56 
54 
31 
66 
85 
98 
75 
12 
78 
53 
58 
56 
73 
17 
51 
42 
2 
59 
93 
40 
# clone tree 62 objective: 4.50245
0 81 
81 18 72 
72 42 30 
60 71 
30 60 
13 39 77 23 87 46 
71 98 31 47 
47 66 89 13 
46 25 
25 74 
92 32 
74 92 
32 36 62 
62 41 38 88 
88 40 54 16 68 
87 86 57 
23 34 9 
68 6 15 64 
57 73 12 95 83 
9 8 
38 20 26 
83 70 67 
8 90 76 
67 1 
76 50 
26 3 
50 28 
64 59 17 43 
3 85 84 
1 37 
15 78 82 
14 10 
37 65 
28 7 
82 14 
41 79 
65 93 55 
43 49 
61 22 
10 80 
22 94 
79 61 
7 97 
84 27 
80 29 
16 5 
55 99 52 
49 44 
34 11 
77 
70 35 
86 4 
27 24 
5 21 
21 51 63 
97 45 
29 48 
52 
35 96 
99 33 
94 91 
44 
18 
96 
11 2 
24 75 
20 
45 53 
63 
36 19 
33 
39 
95 58 
6 
89 
4 56 
91 
90 
19 
48 69 
69 
54 
31 
66 
85 
98 
75 
12 
78 
53 
58 
56 
73 
17 
51 
42 
2 
59 
93 
40 
# clone tree 63 objective: 4.50245
0 81 
81 18 72 
72 42 30 
60 71 
30 60 
13 39 77 23 87 46 
71 98 31 47 
47 66 89 13 
46 25 
25 53 74 
92 32 
74 92 
32 36 62 
62 73 41 38 88 
88 54 16 68 
87 86 57 
23 34 9 
68 59 6 15 64 
57 12 95 83 
9 8 
38 20 26 
83 70 67 
8 90 76 
67 1 
76 50 
26 3 
50 28 
64 17 43 
3 85 84 
1 37 
15 78 82 
14 10 
37 65 
28 7 
82 14 
41 79 
65 55 
43 49 
61 22 
10 80 
22 94 
79 61 
7 97 
84 27 
80 29 
16 5 
55 99 52 
49 44 
34 11 
77 
70 35 
86 4 
27 24 
5 21 
21 51 63 
97 45 
29 48 
52 
35 96 
99 33 
94 91 
44 
18 
96 
11 2 
24 75 
20 
45 
63 
36 19 
33 40 
39 93 
95 58 
6 
89 
4 
91 
90 
19 
48 69 
69 56 
54 
31 
66 
85 
98 
75 
12 
78 
53 
58 
56 
73 
17 
51 
42 
2 
59 
93 
40 
# clone tree 64 objective: 4.50245
0 81 
81 18 72 
72 42 30 
60 71 
30 60 
13 39 77 23 87 46 
71 98 31 47 
47 66 89 13 
46 25 
25 53 74 
92 32 
74 92 
32 36 62 
62 73 41 38 88 
88 54 16 68 
87 86 57 
23 34 9 
68 59 6 15 64 
57 12 95 83 
9 8 
38 20 26 
83 70 67 
8 90 76 
67 1 
76 50 
26 3 
50 28 
64 17 43 
3 85 84 
1 37 
15 78 82 
14 10 
37 65 
28 7 
82 14 
41 79 
65 55 
43 49 
61 22 
10 80 
22 94 
79 61 
7 97 
84 27 
80 29 
16 5 
55 99 52 
49 44 
34 11 
77 
70 35 
86 4 
27 24 
5 21 
21 51 63 
97 45 
29 48 
52 
35 96 
99 33 
94 91 
44 
18 
96 
11 2 
24 75 
20 
45 
63 
36 19 
33 
39 93 
95 58 
6 
89 
4 
91 40 
90 
19 
48 69 
69 56 
54 
31 
66 
85 
98 
75 
12 
78 
53 
58 
56 
73 
17 
51 
42 
2 
59 
93 
40 
# clone tree 65 objective: 4.50245
0 81 
81 18 72 
72 42 30 
60 71 
30 60 
13 39 77 23 87 46 
71 93 98 31 47 
47 89 13 
46 25 
25 53 74 
92 59 32 
74 92 
32 36 62 
62 73 41 38 88 
88 54 16 68 
87 86 57 
23 34 9 
68 6 15 64 
57 95 83 
9 8 
38 20 26 
83 70 67 
8 51 90 76 
67 1 
76 50 
26 3 
50 28 
64 43 
3 85 84 
1 37 
15 78 82 
14 10 
37 65 
28 7 
82 14 
41 79 
65 55 
43 49 
61 22 
10 40 80 
22 94 
79 61 
7 97 
84 27 
80 29 
16 5 
55 99 52 
49 44 
34 11 
77 
70 35 
86 4 
27 24 
5 21 
21 17 63 
97 45 
29 48 
52 66 
35 96 
99 33 
94 91 
44 
18 12 
96 
11 58 
24 75 
20 
45 
63 
36 19 
33 
39 
95 2 
6 
89 
4 
91 
90 
19 
48 69 
69 56 
54 
31 
66 
85 
98 
75 
12 
78 
53 
58 
56 
73 
17 
51 
42 
2 
59 
93 
40 
# clone tree 66 objective: 4.50245
0 81 
81 18 72 
72 42 30 
60 71 
30 60 
13 39 77 23 87 46 
71 98 31 47 
47 66 89 13 
46 25 
25 53 74 
92 32 
74 92 
32 36 62 
62 73 41 38 88 
88 54 16 68 
87 86 57 
23 34 9 
68 59 6 15 64 
57 12 95 83 
9 8 
38 20 26 
83 70 67 
8 90 76 
67 1 
76 50 
26 3 
50 28 
64 17 43 
3 85 84 
1 37 
15 78 82 
14 10 
37 65 
28 7 
82 14 
41 79 
65 55 
43 49 
61 22 
10 80 
22 94 
79 61 
7 97 
84 27 
80 29 
16 5 
55 99 52 
49 44 
34 11 
77 
70 35 
86 4 
27 24 
5 21 
21 51 63 
97 45 
29 48 
52 
35 96 
99 33 
94 91 
44 
18 
96 40 
11 2 
24 75 
20 
45 
63 
36 19 
33 
39 93 
95 58 
6 
89 
4 
91 
90 
19 
48 69 
69 56 
54 
31 
66 
85 
98 
75 
12 
78 
53 
58 
56 
73 
17 
51 
42 
2 
59 
93 
40 
# clone tree 67 objective: 4.50245
0 81 
81 18 72 
72 42 30 
60 71 
30 60 
13 39 77 23 87 46 
71 98 31 47 
47 66 89 13 
46 25 
25 53 74 
92 32 
74 92 
32 36 62 
62 73 41 38 88 
88 54 16 68 
87 86 57 
23 34 9 
68 59 6 15 64 
57 12 95 83 
9 8 
38 20 26 
83 70 67 
8 90 76 
67 1 
76 50 
26 3 
50 28 
64 17 43 
3 85 84 
1 37 
15 78 82 
14 10 
37 65 
28 7 
82 14 
41 79 
65 55 
43 49 
61 22 
10 80 
22 94 
79 61 
7 97 
84 27 
80 29 
16 5 
55 99 52 
49 44 
34 11 
77 
70 35 
86 4 
27 24 
5 21 
21 51 63 
97 40 45 
29 48 
52 
35 96 
99 33 
94 91 
44 
18 
96 
11 2 
24 75 
20 
45 
63 
36 19 
33 
39 93 
95 58 
6 
89 
4 
91 
90 
19 
48 69 
69 56 
54 
31 
66 
85 
98 
75 
12 
78 
53 
58 
56 
73 
17 
51 
42 
2 
59 
93 
40 
# clone tree 68 objective: 4.50245
0 81 
81 18 72 
72 42 30 
60 71 
30 60 
13 39 77 23 87 46 
71 93 98 31 47 
47 89 13 
46 25 
25 53 74 
92 59 32 
74 92 
32 36 62 
62 73 41 38 88 
88 54 16 68 
87 86 57 
23 34 9 
68 6 15 64 
57 95 83 
9 8 
38 20 26 
83 70 67 
8 51 90 76 
67 1 
76 40 50 
26 3 
50 28 
64 43 
3 85 84 
1 37 
15 78 82 
14 10 
37 65 
28 7 
82 14 
41 79 
65 55 
43 49 
61 22 
10 80 
22 94 
79 61 
7 97 
84 27 
80 29 
16 5 
55 99 52 
49 44 
34 11 
77 
70 35 
86 4 
27 24 
5 21 
21 17 63 
97 45 
29 48 
52 66 
35 96 
99 33 
94 91 
44 
18 12 
96 
11 58 
24 75 
20 
45 
63 
36 19 
33 
39 
95 2 
6 
89 
4 
91 
90 
19 
48 69 
69 56 
54 
31 
66 
85 
98 
75 
12 
78 
53 
58 
56 
73 
17 
51 
42 
2 
59 
93 
40 
# clone tree 69 objective: 4.50245
0 81 
81 18 72 
72 42 30 
60 71 
30 60 
13 39 77 23 87 46 
71 98 31 47 
47 66 89 13 
46 25 
25 53 74 
92 32 
74 92 
32 36 62 
62 73 41 38 88 
88 54 16 68 
87 86 57 
23 34 9 
68 59 6 15 64 
57 12 95 83 
9 8 
38 20 26 
83 70 67 
8 90 76 
67 1 
76 50 
26 3 
50 28 
64 17 43 
3 85 84 
1 37 
15 78 82 
14 10 
37 65 
28 7 
82 14 
41 79 
65 55 
43 49 
61 22 
10 80 
22 94 
79 61 
7 97 
84 27 
80 29 
16 5 
55 99 52 
49 44 
34 11 
77 
70 35 
86 4 
27 24 
5 21 
21 51 63 
97 45 
29 48 
52 
35 96 
99 33 
94 91 
44 
18 
96 
11 2 
24 75 
20 
45 
63 
36 19 
33 
39 93 
95 58 
6 
89 
4 
91 
90 
19 
48 69 
69 56 
54 
31 
66 
85 
98 
75 40 
12 
78 
53 
58 
56 
73 
17 
51 
42 
2 
59 
93 
40 
# clone tree 70 objective: 4.50245
0 81 
81 18 72 
72 42 30 
60 71 
30 60 
13 39 77 23 87 46 
71 93 98 31 47 
47 89 13 
46 25 
25 53 74 
92 59 32 
74 92 
32 36 62 
62 73 41 38 88 
88 40 54 16 68 
87 86 57 
23 34 9 
68 6 15 64 
57 95 83 
9 8 
38 20 26 
83 70 67 
8 51 90 76 
67 1 
76 50 
26 3 
50 28 
64 43 
3 85 84 
1 37 
15 78 82 
14 10 
37 65 
28 7 
82 14 
41 79 
65 55 
43 49 
61 22 
10 80 
22 94 
79 61 
7 97 
84 27 
80 29 
16 5 
55 99 52 
49 44 
34 11 
77 
70 35 
86 4 
27 24 
5 21 
21 17 63 
97 45 
29 48 
52 66 
35 96 
99 33 
94 91 
44 
18 12 
96 
11 58 
24 75 
20 
45 
63 
36 19 
33 
39 
95 2 
6 
89 
4 
91 
90 
19 
48 69 
69 56 
54 
31 
66 
85 
98 
75 
12 
78 
53 
58 
56 
73 
17 
51 
42 
2 
59 
93 
40 
# clone tree 71 objective: 4.50245
0 81 
81 18 72 
72 42 30 
60 71 
30 60 
13 39 77 23 87 46 
71 98 31 47 
47 66 89 13 
46 25 
25 53 74 
92 32 
74 92 
32 36 62 
62 73 41 38 88 
88 54 16 68 
87 86 57 
23 34 9 
68 59 6 15 64 
57 12 95 83 
9 8 
38 20 26 
83 70 67 
8 90 76 
67 1 
76 50 
26 3 
50 28 
64 17 43 
3 85 84 
1 37 
15 78 82 
14 10 
37 65 
28 7 
82 14 
41 79 
65 55 
43 49 
61 22 
10 80 
22 94 
79 61 
7 97 
84 27 
80 29 
16 5 
55 99 52 
49 44 
34 11 
77 
70 35 
86 4 
27 24 
5 21 
21 51 63 
97 45 
29 48 
52 
35 96 
99 33 
94 91 
44 
18 
96 
11 2 
24 75 
20 
45 
63 
36 19 
33 
39 93 
95 58 
6 
89 
4 
91 
90 
19 
48 69 
69 56 
54 
31 
66 
85 
98 
75 
12 
78 
53 
58 
56 
73 
17 40 
51 
42 
2 
59 
93 
40 
# clone tree 72 objective: 4.50245
0 81 
81 18 72 
72 42 30 
60 71 
30 60 
13 39 77 23 87 46 
71 98 31 47 
47 66 89 13 
46 25 
25 53 74 
92 32 
74 92 
32 36 62 
62 73 41 38 88 
88 54 16 68 
87 86 57 
23 34 9 
68 59 6 15 64 
57 12 95 83 
9 8 
38 20 26 
83 70 67 
8 90 76 
67 1 
76 50 
26 3 
50 28 
64 17 43 
3 85 84 
1 37 
15 78 82 
14 10 
37 65 
28 7 
82 14 
41 79 
65 55 
43 49 
61 22 
10 80 
22 94 
79 61 
7 97 
84 27 
80 29 
16 5 
55 99 52 
49 44 
34 40 11 
77 
70 35 
86 4 
27 24 
5 21 
21 51 63 
97 45 
29 48 
52 
35 96 
99 33 
94 91 
44 
18 
96 
11 2 
24 75 
20 
45 
63 
36 19 
33 
39 93 
95 58 
6 
89 
4 
91 
90 
19 
48 69 
69 56 
54 
31 
66 
85 
98 
75 
12 
78 
53 
58 
56 
73 
17 
51 
42 
2 
59 
93 
40 
# clone tree 73 objective: 4.50245
0 81 
81 18 72 
72 42 30 
60 71 
30 60 
13 39 77 23 87 46 
71 98 31 47 
47 66 89 13 
46 25 
25 53 74 
92 32 
74 92 
32 36 62 
62 73 41 38 88 
88 54 16 68 
87 86 57 
23 34 9 
68 59 6 15 64 
57 12 95 83 
9 8 
38 20 26 
83 70 67 
8 90 76 
67 1 
76 50 
26 3 
50 28 
64 40 17 43 
3 85 84 
1 37 
15 78 82 
14 10 
37 65 
28 7 
82 14 
41 79 
65 55 
43 49 
61 22 
10 80 
22 94 
79 61 
7 97 
84 27 
80 29 
16 5 
55 99 52 
49 44 
34 11 
77 
70 35 
86 4 
27 24 
5 21 
21 51 63 
97 45 
29 48 
52 
35 96 
99 33 
94 91 
44 
18 
96 
11 2 
24 75 
20 
45 
63 
36 19 
33 
39 93 
95 58 
6 
89 
4 
91 
90 
19 
48 69 
69 56 
54 
31 
66 
85 
98 
75 
12 
78 
53 
58 
56 
73 
17 
51 
42 
2 
59 
93 
40 
# clone tree 74 objective: 4.50245
0 81 
81 18 72 
72 42 30 
60 71 
30 60 
13 39 77 23 87 46 
71 93 98 31 47 
47 89 13 
46 25 
25 53 74 
92 59 32 
74 92 
32 36 62 
62 73 41 38 88 
88 54 16 68 
87 86 57 
23 34 9 
68 6 15 64 
57 95 83 
9 40 8 
38 20 26 
83 70 67 
8 51 90 76 
67 1 
76 50 
26 3 
50 28 
64 43 
3 85 84 
1 37 
15 78 82 
14 10 
37 65 
28 7 
82 14 
41 79 
65 55 
43 49 
61 22 
10 80 
22 94 
79 61 
7 97 
84 27 
80 29 
16 5 
55 99 52 
49 44 
34 11 
77 
70 35 
86 4 
27 24 
5 21 
21 17 63 
97 45 
29 48 
52 66 
35 96 
99 33 
94 91 
44 
18 12 
96 
11 58 
24 75 
20 
45 
63 
36 19 
33 
39 
95 2 
6 
89 
4 
91 
90 
19 
48 69 
69 56 
54 
31 
66 
85 
98 
75 
12 
78 
53 
58 
56 
73 
17 
51 
42 
2 
59 
93 
40 
# clone tree 75 objective: 4.50245
0 81 
81 18 72 
72 42 30 
60 71 
30 60 
13 39 77 23 87 46 
71 93 98 31 47 
47 89 13 
46 25 
25 53 74 
92 59 32 
74 40 92 
32 36 62 
62 73 41 38 88 
88 54 16 68 
87 86 57 
23 34 9 
68 6 15 64 
57 95 83 
9 8 
38 20 26 
83 70 67 
8 51 90 76 
67 1 
76 50 
26 3 
50 28 
64 43 
3 85 84 
1 37 
15 78 82 
14 10 
37 65 
28 7 
82 14 
41 79 
65 55 
43 49 
61 22 
10 80 
22 94 
79 61 
7 97 
84 27 
80 29 
16 5 
55 99 52 
49 44 
34 11 
77 
70 35 
86 4 
27 24 
5 21 
21 17 63 
97 45 
29 48 
52 66 
35 96 
99 33 
94 91 
44 
18 12 
96 
11 58 
24 75 
20 
45 
63 
36 19 
33 
39 
95 2 
6 
89 
4 
91 
90 
19 
48 69 
69 56 
54 
31 
66 
85 
98 
75 
12 
78 
53 
58 
56 
73 
17 
51 
42 
2 
59 
93 
40 
# clone tree 76 objective: 4.50245
0 81 
81 18 72 
72 42 30 
60 71 
30 60 
13 39 77 23 87 46 
71 98 31 47 
47 66 89 13 
46 25 
25 53 74 
92 32 
74 92 
32 36 62 
62 73 41 38 88 
88 54 16 68 
87 86 57 
23 34 9 
68 59 6 15 64 
57 12 95 83 
9 8 
38 20 26 
83 70 67 
8 90 76 
67 1 
76 50 
26 3 
50 28 
64 17 43 
3 85 84 
1 37 
15 78 82 
14 10 
37 65 
28 7 
82 14 
41 79 
65 55 
43 49 
61 22 
10 80 
22 94 
79 61 
7 97 
84 27 
80 29 
16 5 
55 99 52 
49 44 
34 11 
77 
70 35 
86 4 
27 24 
5 21 
21 51 63 
97 45 
29 48 
52 
35 96 
99 33 
94 91 
44 
18 
96 
11 2 
24 75 
20 
45 
63 
36 19 
33 
39 93 
95 58 
6 
89 
4 
91 
90 
19 
48 69 
69 56 
54 
31 
66 
85 
98 
75 
12 
78 40 
53 
58 
56 
73 
17 
51 
42 
2 
59 
93 
40 
# clone tree 77 objective: 4.50245
0 81 
81 18 72 
72 42 30 
60 71 
30 60 
13 39 77 23 87 46 
71 98 31 47 
47 89 13 
46 25 
25 53 74 
92 66 32 
74 92 
32 36 62 
62 41 38 88 
88 17 54 16 68 
87 86 57 
23 34 9 
68 6 15 64 
57 73 12 95 83 
9 8 
38 20 26 
83 70 67 
8 51 90 76 
67 1 
76 50 
26 3 
50 28 
64 43 
3 85 84 
1 37 
15 78 82 
14 10 
37 65 
28 7 
82 14 
41 79 
65 93 55 
43 49 
61 22 
10 40 80 
22 94 
79 61 
7 97 
84 27 
80 29 
16 5 
55 99 52 
49 44 
34 11 
77 
70 35 
86 4 
27 24 
5 21 
21 63 
97 45 
29 48 
52 
35 96 
99 33 
94 91 
44 
18 
96 
11 2 
24 75 
20 
45 
63 
36 19 
33 59 
39 
95 58 
6 
89 
4 56 
91 
90 
19 
48 69 
69 
54 
31 
66 
85 
98 
75 
12 
78 
53 
58 
56 
73 
17 
51 
42 
2 
59 
93 
40 
# clone tree 78 objective: 4.50245
0 81 
81 18 72 
72 42 30 
60 71 
30 60 
13 39 77 23 87 46 
71 98 31 47 
47 66 89 13 
46 25 
25 53 74 
92 32 
74 92 
32 36 62 
62 73 41 38 88 
88 54 16 68 
87 86 57 
23 59 34 9 
68 6 15 64 
57 12 95 83 
9 8 
38 20 26 
83 70 67 
8 90 76 
67 1 
76 50 
26 3 
50 28 
64 17 43 
3 85 84 
1 37 
15 78 82 
14 10 
37 65 
28 7 
82 14 
41 79 
65 55 
43 49 
61 22 
10 80 
22 94 
79 61 
7 97 
84 27 
80 29 
16 5 
55 99 52 
49 44 
34 11 
77 
70 35 
86 4 
27 24 
5 21 
21 51 63 
97 45 
29 48 
52 
35 93 96 
99 33 
94 91 
44 
18 
96 
11 2 
24 75 
20 
45 
63 
36 19 
33 
39 
95 58 
6 
89 
4 
91 
90 
19 
48 69 
69 56 
54 
31 
66 
85 
98 
75 
12 
78 40 
53 
58 
56 
73 
17 
51 
42 
2 
59 
93 
40 
# clone tree 79 objective: 4.50245
0 81 
81 18 72 
72 42 30 
60 71 
30 60 
13 39 77 23 87 46 
71 98 31 47 
47 66 89 13 
46 25 
25 74 
92 32 
74 40 92 
32 36 62 
62 41 38 88 
88 54 16 68 
87 86 57 
23 93 34 9 
68 6 15 64 
57 73 12 95 83 
9 8 
38 20 26 
83 70 67 
8 90 76 
67 1 
76 50 
26 3 
50 28 
64 59 17 43 
3 85 84 
1 37 
15 78 82 
14 10 
37 65 
28 7 
82 14 
41 79 
65 55 
43 49 
61 22 
10 80 
22 94 
79 61 
7 97 
84 27 
80 29 
16 5 
55 99 52 
49 44 
34 11 
77 
70 35 
86 4 
27 24 
5 21 
21 51 63 
97 45 
29 48 
52 
35 96 
99 33 
94 91 
44 
18 
96 
11 2 
24 75 
20 
45 53 
63 
36 19 
33 
39 
95 58 
6 
89 
4 56 
91 
90 
19 
48 69 
69 
54 
31 
66 
85 
98 
75 
12 
78 
53 
58 
56 
73 
17 
51 
42 
2 
59 
93 
40 
# clone tree 80 objective: 4.50245
0 81 
81 18 72 
72 42 30 
60 71 
30 60 
13 39 77 23 87 46 
71 98 31 47 
47 66 89 13 
46 25 
25 74 
92 32 
74 92 
32 36 62 
62 41 38 88 
88 54 16 68 
87 86 57 
23 93 34 9 
68 6 15 64 
57 73 12 95 83 
9 40 8 
38 20 26 
83 70 67 
8 90 76 
67 1 
76 50 
26 3 
50 28 
64 59 17 43 
3 85 84 
1 37 
15 78 82 
14 10 
37 65 
28 7 
82 14 
41 79 
65 55 
43 49 
61 22 
10 80 
22 94 
79 61 
7 97 
84 27 
80 29 
16 5 
55 99 52 
49 44 
34 11 
77 
70 35 
86 4 
27 24 
5 21 
21 51 63 
97 45 
29 48 
52 
35 96 
99 33 
94 91 
44 
18 
96 
11 2 
24 75 
20 
45 53 
63 
36 19 
33 
39 
95 58 
6 
89 
4 56 
91 
90 
19 
48 69 
69 
54 
31 
66 
85 
98 
75 
12 
78 
53 
58 
56 
73 
17 
51 
42 
2 
59 
93 
40 
# clone tree 81 objective: 4.50245
0 81 
81 18 72 
72 42 30 
60 71 
30 60 
13 39 77 23 87 46 
71 98 31 47 
47 66 89 13 
46 25 
25 53 74 
92 32 
74 92 
32 36 62 
62 73 41 38 88 
88 54 16 68 
87 86 57 
23 59 34 9 
68 6 15 64 
57 12 95 83 
9 8 
38 20 26 
83 70 67 
8 90 76 
67 1 
76 50 
26 3 
50 28 
64 17 43 
3 85 84 
1 37 
15 78 82 
14 10 
37 65 
28 7 
82 14 
41 79 
65 55 
43 49 
61 22 
10 80 
22 94 
79 61 
7 97 
84 27 
80 29 
16 5 
55 99 52 
49 44 
34 40 11 
77 
70 35 
86 4 
27 24 
5 21 
21 51 63 
97 45 
29 48 
52 
35 93 96 
99 33 
94 91 
44 
18 
96 
11 2 
24 75 
20 
45 
63 
36 19 
33 
39 
95 58 
6 
89 
4 
91 
90 
19 
48 69 
69 56 
54 
31 
66 
85 
98 
75 
12 
78 
53 
58 
56 
73 
17 
51 
42 
2 
59 
93 
40 
# clone tree 82 objective: 4.50245
0 81 
81 18 72 
72 42 30 
60 71 
30 60 
13 39 77 23 87 46 
71 98 31 47 
47 66 89 13 
46 25 
25 53 74 
92 32 
74 92 
32 36 62 
62 73 41 38 88 
88 54 16 68 
87 86 57 
23 59 34 9 
68 6 15 64 
57 12 95 83 
9 8 
38 20 26 
83 70 67 
8 90 76 
67 1 
76 50 
26 3 
50 28 
64 17 43 
3 85 84 
1 37 
15 78 82 
14 10 
37 65 
28 7 
82 14 
41 79 
65 55 
43 49 
61 22 
10 80 
22 94 
79 61 
7 97 
84 27 
80 29 
16 5 
55 99 52 
49 44 
34 11 
77 
70 35 
86 4 
27 24 
5 21 
21 51 63 
97 45 
29 48 
52 
35 93 96 
99 33 
94 91 
44 
18 
96 
11 2 
24 75 
20 
45 
63 
36 19 
33 
39 
95 58 
6 
89 
4 
91 
90 
19 
48 69 
69 56 
54 
31 
66 
85 
98 
75 
12 
78 
53 
58 
56 
73 
17 40 
51 
42 
2 
59 
93 
40 
# clone tree 83 objective: 4.50245
0 81 
81 18 72 
72 42 30 
60 71 
30 60 
13 39 77 23 87 46 
71 98 31 47 
47 66 89 13 
46 25 
25 53 74 
92 32 
74 92 
32 36 62 
62 73 41 38 88 
88 54 16 68 
87 86 57 
23 59 34 9 
68 6 15 64 
57 12 95 83 
9 8 
38 20 26 
83 70 67 
8 90 76 
67 1 
76 50 
26 3 
50 28 
64 40 17 43 
3 85 84 
1 37 
15 78 82 
14 10 
37 65 
28 7 
82 14 
41 79 
65 55 
43 49 
61 22 
10 80 
22 94 
79 61 
7 97 
84 27 
80 29 
16 5 
55 99 52 
49 44 
34 11 
77 
70 35 
86 4 
27 24 
5 21 
21 51 63 
97 45 
29 48 
52 
35 93 96 
99 33 
94 91 
44 
18 
96 
11 2 
24 75 
20 
45 
63 
36 19 
33 
39 
95 58 
6 
89 
4 
91 
90 
19 
48 69 
69 56 
54 
31 
66 
85 
98 
75 
12 
78 
53 
58 
56 
73 
17 
51 
42 
2 
59 
93 
40 
# clone tree 84 objective: 4.50245
0 81 
81 18 72 
72 42 30 
60 71 
30 60 
13 39 77 23 87 46 
71 98 31 47 
47 66 89 13 
46 25 
25 53 74 
92 32 
74 92 
32 36 62 
62 73 41 38 88 
88 54 16 68 
87 86 57 
23 59 34 9 
68 6 15 64 
57 12 95 83 
9 8 
38 20 26 
83 70 67 
8 90 76 
67 1 
76 50 
26 3 
50 28 
64 17 43 
3 85 84 
1 37 
15 78 82 
14 10 
37 65 
28 7 
82 14 
41 79 
65 55 
43 49 
61 22 
10 80 
22 94 
79 61 
7 97 
84 27 
80 29 
16 5 
55 99 52 
49 44 
34 11 
77 
70 35 
86 4 
27 24 
5 21 
21 51 63 
97 45 
29 48 
52 
35 93 96 
99 33 
94 91 
44 
18 
96 
11 2 
24 75 
20 
45 
63 
36 19 
33 
39 
95 58 
6 
89 
4 
91 
90 
19 
48 69 
69 56 
54 
31 
66 
85 
98 
75 40 
12 
78 
53 
58 
56 
73 
17 
51 
42 
2 
59 
93 
40 
# clone tree 85 objective: 4.50245
0 81 
81 18 72 
72 42 30 
60 71 
30 60 
13 39 77 23 87 46 
71 98 31 47 
47 66 89 13 
46 25 
25 74 
92 32 
74 92 
32 36 62 
62 41 38 88 
88 40 54 16 68 
87 86 57 
23 93 34 9 
68 6 15 64 
57 73 12 95 83 
9 8 
38 20 26 
83 70 67 
8 90 76 
67 1 
76 50 
26 3 
50 28 
64 59 17 43 
3 85 84 
1 37 
15 78 82 
14 10 
37 65 
28 7 
82 14 
41 79 
65 55 
43 49 
61 22 
10 80 
22 94 
79 61 
7 97 
84 27 
80 29 
16 5 
55 99 52 
49 44 
34 11 
77 
70 35 
86 4 
27 24 
5 21 
21 51 63 
97 45 
29 48 
52 
35 96 
99 33 
94 91 
44 
18 
96 
11 2 
24 75 
20 
45 53 
63 
36 19 
33 
39 
95 58 
6 
89 
4 56 
91 
90 
19 
48 69 
69 
54 
31 
66 
85 
98 
75 
12 
78 
53 
58 
56 
73 
17 
51 
42 
2 
59 
93 
40 
# clone tree 86 objective: 4.50245
0 81 
81 18 72 
72 42 30 
60 71 
30 60 
13 39 77 23 87 46 
71 98 31 47 
47 66 89 13 
46 25 
25 53 74 
92 32 
74 92 
32 36 62 
62 73 41 38 88 
88 54 16 68 
87 86 57 
23 59 34 9 
68 6 15 64 
57 12 95 83 
9 8 
38 20 26 
83 70 67 
8 90 76 
67 1 
76 50 
26 3 
50 28 
64 17 43 
3 85 84 
1 37 
15 78 82 
14 10 
37 65 
28 7 
82 14 
41 79 
65 55 
43 49 
61 22 
10 80 
22 94 
79 61 
7 97 
84 27 
80 29 
16 5 
55 99 52 
49 44 
34 11 
77 
70 35 
86 4 
27 24 
5 21 
21 51 63 
97 45 
29 48 
52 
35 93 96 
99 33 
94 91 
44 
18 
96 
11 2 
24 75 
20 
45 
63 
36 19 
33 
39 
95 58 
6 
89 
4 
91 40 
90 
19 
48 69 
69 56 
54 
31 
66 
85 
98 
75 
12 
78 
53 
58 
56 
73 
17 
51 
42 
2 
59 
93 
40 
# clone tree 87 objective: 4.50245
0 81 
81 18 72 
72 42 30 
60 71 
30 60 
13 39 77 23 87 46 
71 98 31 47 
47 66 89 13 
46 25 
25 53 74 
92 32 
74 92 
32 36 62 
62 73 41 38 88 
88 54 16 68 
87 86 57 
23 59 34 9 
68 6 15 64 
57 12 95 83 
9 8 
38 20 26 
83 70 67 
8 90 76 
67 1 
76 50 
26 3 
50 28 
64 17 43 
3 85 84 
1 37 
15 78 82 
14 10 
37 65 
28 7 
82 14 
41 79 
65 55 
43 49 
61 22 
10 80 
22 94 
79 61 
7 97 
84 27 
80 29 
16 5 
55 99 52 
49 44 
34 11 
77 
70 35 
86 4 
27 24 
5 21 
21 51 63 
97 40 45 
29 48 
52 
35 93 96 
99 33 
94 91 
44 
18 
96 
11 2 
24 75 
20 
45 
63 
36 19 
33 
39 
95 58 
6 
89 
4 
91 
90 
19 
48 69 
69 56 
54 
31 
66 
85 
98 
75 
12 
78 
53 
58 
56 
73 
17 
51 
42 
2 
59 
93 
40 
# clone tree 88 objective: 4.50245
0 81 
81 18 72 
72 42 30 
60 71 
30 60 
13 39 77 23 87 46 
71 98 31 47 
47 66 89 13 
46 25 
25 53 74 
92 32 
74 92 
32 36 62 
62 73 41 38 88 
88 54 16 68 
87 86 57 
23 59 34 9 
68 6 15 64 
57 12 95 83 
9 8 
38 20 26 
83 70 67 
8 90 76 
67 1 
76 50 
26 3 
50 28 
64 17 43 
3 85 84 
1 37 
15 78 82 
14 10 
37 65 
28 7 
82 14 
41 79 
65 55 
43 49 
61 22 
10 80 
22 94 
79 61 
7 97 
84 27 
80 29 
16 5 
55 99 52 
49 44 
34 11 
77 
70 35 
86 4 
27 24 
5 21 
21 51 63 
97 45 
29 48 
52 
35 93 96 
99 33 
94 91 
44 
18 
96 40 
11 2 
24 75 
20 
45 
63 
36 19 
33 
39 
95 58 
6 
89 
4 
91 
90 
19 
48 69 
69 56 
54 
31 
66 
85 
98 
75 
12 
78 
53 
58 
56 
73 
17 
51 
42 
2 
59 
93 
40 
# clone tree 89 objective: 4.50245
0 81 
81 18 72 
72 42 30 
60 71 
30 60 
13 39 77 23 87 46 
71 98 31 47 
47 89 13 
46 25 
25 53 74 
92 66 32 
74 92 
32 36 62 
62 41 38 88 
88 17 54 16 68 
87 86 57 
23 34 9 
68 6 15 64 
57 73 12 95 83 
9 8 
38 20 26 
83 70 67 
8 51 90 76 
67 1 
76 50 
26 3 
50 28 
64 43 
3 85 84 
1 37 
15 78 82 
14 10 
37 65 
28 7 
82 14 
41 79 
65 40 93 55 
43 49 
61 22 
10 80 
22 94 
79 61 
7 97 
84 27 
80 29 
16 5 
55 99 52 
49 44 
34 11 
77 
70 35 
86 4 
27 24 
5 21 
21 63 
97 45 
29 48 
52 
35 96 
99 33 
94 91 
44 
18 
96 
11 2 
24 75 
20 
45 
63 
36 19 
33 59 
39 
95 58 
6 
89 
4 56 
91 
90 
19 
48 69 
69 
54 
31 
66 
85 
98 
75 
12 
78 
53 
58 
56 
73 
17 
51 
42 
2 
59 
93 
40 
# clone tree 90 objective: 4.50245
0 81 
81 18 72 
72 42 30 
60 71 
30 60 
13 39 77 23 87 46 
71 98 31 47 
47 66 89 13 
46 25 
25 74 
92 32 
74 92 
32 36 62 
62 41 38 88 
88 54 16 68 
87 86 57 
23 93 34 9 
68 6 15 64 
57 73 12 95 83 
9 8 
38 20 26 
83 70 67 
8 90 76 
67 1 
76 50 
26 3 
50 28 
64 59 17 43 
3 85 84 
1 37 
15 78 82 
14 10 
37 65 
28 7 
82 14 
41 79 
65 55 
43 49 
61 22 
10 40 80 
22 94 
79 61 
7 97 
84 27 
80 29 
16 5 
55 99 52 
49 44 
34 11 
77 
70 35 
86 4 
27 24 
5 21 
21 51 63 
97 45 
29 48 
52 
35 96 
99 33 
94 91 
44 
18 
96 
11 2 
24 75 
20 
45 53 
63 
36 19 
33 
39 
95 58 
6 
89 
4 56 
91 
90 
19 
48 69 
69 
54 
31 
66 
85 
98 
75 
12 
78 
53 
58 
56 
73 
17 
51 
42 
2 
59 
93 
40 
# clone tree 91 objective: 4.50245
0 81 
81 18 72 
72 42 30 
60 71 
30 60 
13 39 77 23 87 46 
71 98 31 47 
47 66 89 13 
46 25 
25 53 74 
92 32 
74 92 
32 36 62 
62 73 41 38 88 
88 54 16 68 
87 86 57 
23 59 34 9 
68 6 15 64 
57 12 95 83 
9 8 
38 20 26 
83 70 67 
8 90 76 
67 1 
76 50 
26 3 
50 28 
64 17 43 
3 85 84 
1 37 
15 78 82 
14 10 
37 65 
28 7 
82 14 
41 79 
65 55 
43 49 
61 22 
10 80 
22 94 
79 61 
7 97 
84 27 
80 29 
16 5 
55 99 52 
49 44 
34 11 
77 
70 35 
86 4 
27 24 
5 21 
21 51 63 
97 45 
29 48 
52 
35 93 96 
99 33 
94 91 
44 
18 
96 
11 2 
24 75 
20 
45 
63 
36 19 
33 40 
39 
95 58 
6 
89 
4 
91 
90 
19 
48 69 
69 56 
54 
31 
66 
85 
98 
75 
12 
78 
53 
58 
56 
73 
17 
51 
42 
2 
59 
93 
40 
# clone tree 92 objective: 4.50245
0 81 
81 18 72 
72 42 30 
60 71 
30 60 
13 39 77 23 87 46 
71 98 31 47 
47 66 89 13 
46 25 
25 53 74 
92 32 
74 92 
32 36 62 
62 73 41 38 88 
88 54 16 68 
87 86 57 
23 59 34 9 
68 6 15 64 
57 12 95 83 
9 8 
38 20 26 
83 70 67 
8 90 76 
67 1 
76 50 
26 3 
50 28 
64 17 43 
3 85 84 
1 37 
15 78 82 
14 10 
37 65 
28 7 
82 14 
41 79 
65 55 
43 49 
61 22 
10 80 
22 94 
79 61 
7 97 
84 27 
80 29 
16 5 
55 99 52 
49 44 
34 11 
77 
70 35 
86 4 
27 24 
5 21 
21 51 63 
97 45 
29 48 
52 
35 93 96 
99 33 
94 91 
44 
18 
96 
11 2 
24 75 
20 
45 
63 
36 19 
33 
39 
95 58 
6 
89 
4 
91 
90 
19 
48 69 
69 56 
54 40 
31 
66 
85 
98 
75 
12 
78 
53 
58 
56 
73 
17 
51 
42 
2 
59 
93 
40 
# clone tree 93 objective: 4.50245
0 81 
81 18 72 
72 42 30 
60 71 
30 60 
13 39 77 23 87 46 
71 98 31 47 
47 66 89 13 
46 25 
25 74 
92 32 
74 92 
32 36 62 
62 41 38 88 
88 54 16 68 
87 86 57 
23 93 34 9 
68 6 15 64 
57 73 12 95 83 
9 8 
38 20 26 
83 70 67 
8 90 76 
67 1 
76 40 50 
26 3 
50 28 
64 59 17 43 
3 85 84 
1 37 
15 78 82 
14 10 
37 65 
28 7 
82 14 
41 79 
65 55 
43 49 
61 22 
10 80 
22 94 
79 61 
7 97 
84 27 
80 29 
16 5 
55 99 52 
49 44 
34 11 
77 
70 35 
86 4 
27 24 
5 21 
21 51 63 
97 45 
29 48 
52 
35 96 
99 33 
94 91 
44 
18 
96 
11 2 
24 75 
20 
45 53 
63 
36 19 
33 
39 
95 58 
6 
89 
4 56 
91 
90 
19 
48 69 
69 
54 
31 
66 
85 
98 
75 
12 
78 
53 
58 
56 
73 
17 
51 
42 
2 
59 
93 
40 
# clone tree 94 objective: 4.50245
0 81 
81 18 72 
72 42 30 
60 71 
30 60 
13 39 77 23 87 46 
71 98 31 47 
47 66 89 13 
46 25 
25 53 74 
92 32 
74 92 
32 36 62 
62 73 41 38 88 
88 54 16 68 
87 86 57 
23 59 34 9 
68 6 15 64 
57 12 95 83 
9 8 
38 20 26 
83 70 67 
8 90 76 
67 1 
76 50 
26 3 
50 28 
64 17 43 
3 85 84 
1 37 
15 78 82 
14 10 
37 65 
28 7 
82 14 
41 79 
65 55 
43 49 
61 22 
10 80 
22 94 
79 61 
7 97 
84 27 
80 29 
16 5 
55 99 52 
49 44 
34 11 
77 
70 35 
86 4 
27 24 
5 21 
21 40 51 63 
97 45 
29 48 
52 
35 93 96 
99 33 
94 91 
44 
18 
96 
11 2 
24 75 
20 
45 
63 
36 19 
33 
39 
95 58 
6 
89 
4 
91 
90 
19 
48 69 
69 56 
54 
31 
66 
85 
98 
75 
12 
78 
53 
58 
56 
73 
17 
51 
42 
2 
59 
93 
40 
# clone tree 95 objective: 4.50245
0 81 
81 18 72 
72 42 30 
60 71 
30 60 
13 39 77 23 87 46 
71 98 31 47 
47 66 89 13 
46 25 
25 74 
92 32 
74 92 
32 36 62 
62 41 38 88 
88 54 16 68 
87 86 57 
23 93 34 9 
68 6 15 64 
57 73 12 95 83 
9 8 
38 20 26 
83 70 67 
8 90 76 
67 1 
76 50 
26 3 
50 28 
64 59 17 43 
3 85 84 
1 37 
15 78 82 
14 10 
37 65 
28 7 
82 14 
41 79 
65 55 
43 49 
61 22 
10 80 
22 94 
79 61 
7 97 
84 27 
80 29 
16 5 
55 99 52 
49 44 
34 11 
77 40 
70 35 
86 4 
27 24 
5 21 
21 51 63 
97 45 
29 48 
52 
35 96 
99 33 
94 91 
44 
18 
96 
11 2 
24 75 
20 
45 53 
63 
36 19 
33 
39 
95 58 
6 
89 
4 56 
91 
90 
19 
48 69 
69 
54 
31 
66 
85 
98 
75 
12 
78 
53 
58 
56 
73 
17 
51 
42 
2 
59 
93 
40 
# clone tree 96 objective: 4.50245
0 81 
81 18 72 
72 42 30 
60 71 
30 60 
13 39 77 23 87 46 
71 98 31 47 
47 66 89 13 
46 25 
25 53 74 
92 32 
74 92 
32 36 62 
62 73 41 38 88 
88 54 16 68 
87 86 57 
23 59 34 9 
68 6 15 64 
57 12 95 83 
9 8 
38 20 26 
83 70 67 
8 90 76 
67 1 
76 50 
26 3 
50 28 
64 17 43 
3 85 84 
1 37 
15 78 82 
14 10 
37 65 
28 7 
82 14 
41 79 
65 55 
43 49 
61 22 
10 80 
22 94 
79 61 
7 97 
84 27 
80 29 
16 5 
55 99 52 
49 44 
34 11 
77 
70 35 
86 4 
27 24 
5 21 
21 51 63 
97 45 
29 48 
52 
35 93 96 
99 33 
94 91 
44 40 
18 
96 
11 2 
24 75 
20 
45 
63 
36 19 
33 
39 
95 58 
6 
89 
4 
91 
90 
19 
48 69 
69 56 
54 
31 
66 
85 
98 
75 
12 
78 
53 
58 
56 
73 
17 
51 
42 
2 
59 
93 
40 
# clone tree 97 objective: 4.50245
0 81 
81 18 72 
72 42 30 
60 71 
30 60 
13 39 77 23 87 46 
71 98 31 47 
47 66 89 13 
46 25 
25 74 
92 32 
74 92 
32 36 62 
62 41 38 88 
88 54 16 68 
87 86 57 
23 93 34 9 
68 6 15 64 
57 73 12 95 83 
9 8 
38 20 26 
83 70 67 
8 90 76 
67 1 
76 50 
26 3 
50 28 
64 59 17 43 
3 85 84 
1 37 
15 78 82 
14 10 
37 65 
28 7 
82 14 
41 79 
65 40 55 
43 49 
61 22 
10 80 
22 94 
79 61 
7 97 
84 27 
80 29 
16 5 
55 99 52 
49 44 
34 11 
77 
70 35 
86 4 
27 24 
5 21 
21 51 63 
97 45 
29 48 
52 
35 96 
99 33 
94 91 
44 
18 
96 
11 2 
24 75 
20 
45 53 
63 
36 19 
33 
39 
95 58 
6 
89 
4 56 
91 
90 
19 
48 69 
69 
54 
31 
66 
85 
98 
75 
12 
78 
53 
58 
56 
73 
17 
51 
42 
2 
59 
93 
40 
# clone tree 98 objective: 4.50245
0 81 
81 18 72 
72 42 30 
60 71 
30 60 
13 39 77 23 87 46 
71 98 31 47 
47 66 89 13 
46 25 
25 74 
92 32 
74 92 
32 36 62 
62 41 38 88 
88 54 16 68 
87 40 86 57 
23 93 34 9 
68 6 15 64 
57 73 12 95 83 
9 8 
38 20 26 
83 70 67 
8 90 76 
67 1 
76 50 
26 3 
50 28 
64 59 17 43 
3 85 84 
1 37 
15 78 82 
14 10 
37 65 
28 7 
82 14 
41 79 
65 55 
43 49 
61 22 
10 80 
22 94 
79 61 
7 97 
84 27 
80 29 
16 5 
55 99 52 
49 44 
34 11 
77 
70 35 
86 4 
27 24 
5 21 
21 51 63 
97 45 
29 48 
52 
35 96 
99 33 
94 91 
44 
18 
96 
11 2 
24 75 
20 
45 53 
63 
36 19 
33 
39 
95 58 
6 
89 
4 56 
91 
90 
19 
48 69 
69 
54 
31 
66 
85 
98 
75 
12 
78 
53 
58 
56 
73 
17 
51 
42 
2 
59 
93 
40 
# clone tree 99 objective: 4.50245
0 81 
81 18 72 
72 42 30 
60 71 
30 60 
13 39 77 23 87 46 
71 98 31 47 
47 66 89 13 
46 25 
25 53 74 
92 32 
74 92 
32 36 62 
62 73 41 38 88 
88 54 16 68 
87 40 86 57 
23 59 34 9 
68 6 15 64 
57 12 95 83 
9 8 
38 20 26 
83 70 67 
8 90 76 
67 1 
76 50 
26 3 
50 28 
64 17 43 
3 85 84 
1 37 
15 78 82 
14 10 
37 65 
28 7 
82 14 
41 79 
65 55 
43 49 
61 22 
10 80 
22 94 
79 61 
7 97 
84 27 
80 29 
16 5 
55 99 52 
49 44 
34 11 
77 
70 35 
86 4 
27 24 
5 21 
21 51 63 
97 45 
29 48 
52 
35 93 96 
99 33 
94 91 
44 
18 
96 
11 2 
24 75 
20 
45 
63 
36 19 
33 
39 
95 58 
6 
89 
4 
91 
90 
19 
48 69 
69 56 
54 
31 
66 
85 
98 
75 
12 
78 
53 
58 
56 
73 
17 
51 
42 
2 
59 
93 
40 
