# clone tree 0 objective: 5.39458
0 52 28 
28 1 35 70 90 
90 19 4 
4 8 32 
32 15 26 23 
70 67 24 18 
18 10 87 
87 50 62 
51 75 69 
23 93 
62 81 
93 51 
69 3 64 
81 57 42 
42 82 5 73 
84 99 95 38 88 
64 84 
54 20 71 79 
73 54 
88 30 2 
2 33 
79 97 94 53 
33 76 
76 40 
53 29 
22 86 34 
63 27 56 
29 22 
40 63 
56 61 98 49 
34 39 83 
83 45 
49 96 
60 46 
96 77 
77 13 7 
46 66 
45 60 
26 31 
7 41 
15 47 36 
41 68 
75 6 
31 89 17 
50 58 
38 21 78 
66 44 
68 59 
35 12 
5 16 
85 72 
19 91 
44 85 
24 65 
65 37 
12 25 74 
10 
37 
52 
71 43 
36 
3 
17 
89 14 
72 80 
27 55 
80 
6 
47 
16 
78 92 
39 48 
82 
14 
86 
8 
74 
94 
58 
57 
21 
59 11 
20 
91 
97 
98 
95 
13 
67 9 
99 
55 
43 
92 
25 
30 
61 
48 
1 
11 
9 
