# clone tree 0 objective: 2.77752
0 66 55 
55 17 53 
53 44 73 62 
62 5 36 68 
68 88 37 59 
59 91 9 
17 78 
9 35 49 3 
78 82 
3 93 26 2 15 40 
82 43 39 6 97 70 
73 24 45 56 
40 20 31 
8 47 83 96 72 
56 1 71 
31 8 
71 14 65 23 
70 89 4 
4 11 54 
54 75 
72 50 
23 30 
37 69 87 
50 28 
28 22 21 
36 95 
75 32 
95 34 46 
30 57 
91 63 33 
32 61 48 
21 38 
87 58 
66 94 
57 76 
33 12 51 
38 79 
48 42 
46 98 81 
76 67 
94 84 
22 
49 10 
45 29 
89 90 
58 64 
44 19 
96 
42 
67 80 60 
10 
79 25 77 
97 7 
81 74 
15 
1 41 
5 16 
35 18 
7 99 
74 
69 
51 
61 13 
6 85 
19 
64 52 
20 
39 
83 86 
90 
16 
24 
85 
27 
98 27 
11 
2 
41 
77 
52 
99 
43 
34 
18 92 
29 
26 
60 
65 
93 
63 
92 
14 
84 
25 
47 
88 
86 
13 
80 
12 
# clone tree 1 objective: 2.77752
0 66 55 
55 17 53 
53 44 73 62 
62 5 36 68 
68 88 37 59 
59 91 9 
17 78 
9 35 49 3 
78 82 
3 93 26 2 15 40 
82 43 39 6 97 70 
73 24 45 56 
40 20 31 
8 47 83 96 72 
56 1 71 
31 8 
71 14 65 23 
70 89 4 
4 12 11 54 
54 75 
72 50 
23 30 
37 69 87 
50 28 
28 22 21 
36 95 
75 32 
95 34 46 
30 57 
91 63 33 
32 61 48 
21 38 
87 58 
66 94 
57 76 
33 51 
38 79 
48 42 
46 98 81 
76 67 
94 84 
22 
49 10 
45 29 
89 90 
58 64 
44 19 
96 
42 
67 80 60 
10 
79 25 77 
97 7 
81 74 
15 
1 41 
5 16 
35 18 
7 99 
74 
69 
51 
61 13 
6 85 
19 
64 52 
20 
39 
83 86 
90 
16 
24 
85 
27 
98 27 
11 
2 
41 
77 
52 
99 
43 
34 
18 92 
29 
26 
60 
65 
93 
63 
92 
14 
84 
25 
47 
88 
86 
13 
80 
12 
# clone tree 2 objective: 2.77752
0 14 66 55 
55 17 53 
53 44 73 62 
62 5 36 68 
68 37 59 
59 91 9 
17 26 78 
9 35 49 3 
78 82 
3 93 2 15 40 
82 86 39 6 97 70 
73 24 45 56 
40 20 31 
8 96 72 
56 80 1 71 
31 8 
71 23 
70 89 4 
4 11 54 
54 65 75 
72 50 
23 83 30 
37 69 87 
50 28 
28 22 21 
36 95 
75 32 
95 34 46 
30 43 57 
91 63 33 
32 61 48 
21 38 
87 58 
66 94 
57 76 
33 51 
38 79 
48 42 
46 98 81 
76 67 
94 
22 92 
49 10 
45 13 29 
89 90 
58 64 
44 19 
96 
42 84 
67 60 
10 
79 25 77 
97 7 
81 74 
15 
1 88 41 
5 16 
35 18 
7 99 
74 
69 
51 47 
61 
6 85 
19 
64 
20 
39 
83 
90 
16 
24 52 
85 
27 
98 27 
11 
2 
41 
77 
52 12 
99 
43 
34 
18 
29 
26 
60 
65 
93 
63 
92 
14 
84 
25 
47 
88 
86 
13 
80 
12 
# clone tree 3 objective: 2.77752
0 66 55 
55 17 53 
53 44 73 62 
62 5 36 68 
68 37 59 
59 91 9 
17 78 
9 63 35 49 3 
78 65 82 
3 88 93 26 2 15 40 
82 43 39 6 97 70 
73 24 45 56 
40 20 31 
8 96 72 
56 1 71 
31 8 
71 80 23 
70 89 4 
4 11 54 
54 75 
72 47 14 50 
23 92 83 30 
37 69 87 
50 28 
28 22 21 
36 95 
75 32 
95 34 46 
30 57 
91 33 
32 61 48 
21 38 
87 58 
66 94 
57 76 
33 84 51 
38 79 
48 42 
46 98 81 
76 67 
94 
22 
49 10 
45 29 
89 90 
58 64 
44 19 
96 
42 
67 86 60 
10 
79 12 25 77 
97 7 
81 74 
15 
1 41 
5 16 
35 18 
7 99 
74 
69 
51 
61 
6 85 
19 
64 52 
20 
39 
83 
90 
16 
24 
85 
27 
98 27 
11 13 
2 
41 
77 
52 
99 
43 
34 
18 
29 
26 
60 
65 
93 
63 
92 
14 
84 
25 
47 
88 
86 
13 
80 
12 
# clone tree 4 objective: 2.77752
0 14 66 55 
55 17 53 
53 44 73 62 
62 5 36 68 
68 37 59 
59 91 9 
17 26 78 
9 35 49 3 
78 82 
3 93 2 15 40 
82 86 39 6 97 70 
73 24 45 56 
40 20 31 
8 96 72 
56 80 1 71 
31 8 
71 23 
70 89 4 
4 11 54 
54 65 75 
72 50 
23 83 30 
37 69 87 
50 28 
28 22 21 
36 95 
75 32 
95 34 46 
30 43 57 
91 63 33 
32 61 48 
21 38 
87 58 
66 94 
57 76 
33 51 
38 79 
48 42 
46 98 81 
76 67 
94 
22 92 
49 10 
45 13 29 
89 90 
58 64 
44 19 
96 
42 84 
67 60 
10 
79 25 77 
97 7 
81 74 
15 
1 88 41 
5 16 
35 18 
7 99 
74 
69 
51 47 
61 
6 85 
19 
64 
20 
39 
83 
90 
16 
24 52 
85 
27 
98 27 
11 
2 
41 
77 
52 
99 
43 
34 
18 
29 
26 
60 
65 
93 
63 
92 
14 
84 
25 
47 
88 
86 
13 
80 12 
12 
# clone tree 5 objective: 2.77752
0 66 55 
55 17 53 
53 44 73 62 
62 5 36 68 
68 37 59 
59 91 9 
17 12 63 26 78 
9 35 49 3 
78 82 
3 88 93 2 15 40 
82 43 39 6 97 70 
73 24 45 56 
40 20 31 
8 86 96 72 
56 1 71 
31 8 
71 23 
70 89 4 
4 11 54 
54 75 
72 50 
23 83 30 
37 69 87 
50 28 
28 22 21 
36 95 
75 32 
95 14 34 46 
30 57 
91 33 
32 61 48 
21 47 38 
87 13 58 
66 94 
57 76 
33 51 
38 79 
48 42 
46 98 81 
76 67 
94 
22 
49 10 
45 29 
89 90 
58 64 
44 19 
96 
42 84 
67 60 
10 65 
79 25 77 
97 7 
81 74 
15 
1 41 
5 16 
35 18 
7 99 
74 80 
69 
51 
61 
6 85 
19 92 
64 
20 
39 
83 
90 
16 
24 52 
85 
27 
98 27 
11 
2 
41 
77 
52 
99 
43 
34 
18 
29 
26 
60 
65 
93 
63 
92 
14 
84 
25 
47 
88 
86 
13 
80 
12 
# clone tree 6 objective: 2.77752
0 14 66 55 
55 17 53 
53 44 73 62 
62 5 36 68 
68 37 59 
59 91 9 
17 26 78 
9 35 49 3 
78 82 
3 93 2 15 40 
82 86 39 6 97 70 
73 24 45 56 
40 20 31 
8 96 72 
56 80 1 71 
31 8 
71 23 
70 89 4 
4 11 54 
54 65 75 
72 50 
23 83 30 
37 69 87 
50 28 
28 22 21 
36 95 
75 32 
95 34 46 
30 43 57 
91 63 33 
32 61 48 
21 38 
87 58 
66 94 
57 76 
33 51 
38 79 
48 42 
46 98 81 
76 67 
94 
22 92 
49 10 
45 13 29 
89 90 
58 64 
44 19 
96 
42 84 
67 60 
10 
79 25 77 
97 7 
81 74 
15 
1 88 41 
5 16 
35 18 
7 99 
74 12 
69 
51 47 
61 
6 85 
19 
64 
20 
39 
83 
90 
16 
24 52 
85 
27 
98 27 
11 
2 
41 
77 
52 
99 
43 
34 
18 
29 
26 
60 
65 
93 
63 
92 
14 
84 
25 
47 
88 
86 
13 
80 
12 
# clone tree 7 objective: 2.77752
0 66 55 
55 17 53 
53 44 73 62 
62 5 36 68 
68 37 59 
59 91 9 
17 78 
9 63 35 49 3 
78 65 82 
3 88 93 26 2 15 40 
82 43 39 6 97 70 
73 24 45 56 
40 20 31 
8 96 72 
56 1 71 
31 8 
71 80 23 
70 89 4 
4 11 54 
54 12 75 
72 47 14 50 
23 92 83 30 
37 69 87 
50 28 
28 22 21 
36 95 
75 32 
95 34 46 
30 57 
91 33 
32 61 48 
21 38 
87 58 
66 94 
57 76 
33 84 51 
38 79 
48 42 
46 98 81 
76 67 
94 
22 
49 10 
45 29 
89 90 
58 64 
44 19 
96 
42 
67 86 60 
10 
79 25 77 
97 7 
81 74 
15 
1 41 
5 16 
35 18 
7 99 
74 
69 
51 
61 
6 85 
19 
64 52 
20 
39 
83 
90 
16 
24 
85 
27 
98 27 
11 13 
2 
41 
77 
52 
99 
43 
34 
18 
29 
26 
60 
65 
93 
63 
92 
14 
84 
25 
47 
88 
86 
13 
80 
12 
# clone tree 8 objective: 2.77752
0 14 66 55 
55 17 53 
53 44 73 62 
62 5 36 68 
68 37 59 
59 91 9 
17 26 78 
9 35 49 3 
78 82 
3 93 2 15 40 
82 86 39 6 97 70 
73 24 45 56 
40 20 31 
8 96 72 
56 80 1 71 
31 8 
71 23 
70 89 4 
4 11 54 
54 65 75 
72 50 
23 83 30 
37 69 87 
50 28 
28 22 21 
36 95 
75 32 
95 34 46 
30 43 57 
91 63 33 
32 61 48 
21 38 
87 58 
66 94 
57 76 
33 51 
38 79 
48 42 
46 98 81 
76 67 
94 
22 92 
49 10 
45 13 29 
89 90 
58 64 
44 19 
96 
42 84 
67 60 
10 
79 25 77 
97 7 
81 74 
15 
1 88 41 
5 16 
35 18 
7 99 
74 
69 
51 47 
61 
6 85 
19 
64 
20 
39 
83 
90 
16 
24 52 
85 
27 
98 27 
11 
2 
41 
77 12 
52 
99 
43 
34 
18 
29 
26 
60 
65 
93 
63 
92 
14 
84 
25 
47 
88 
86 
13 
80 
12 
# clone tree 9 objective: 2.77752
0 66 55 
55 17 53 
53 44 73 62 
62 5 36 68 
68 37 59 
59 91 9 
17 78 
9 63 35 49 3 
78 65 82 
3 88 93 26 2 15 40 
82 43 39 6 97 70 
73 24 45 56 
40 20 31 
8 96 72 
56 1 71 
31 8 
71 80 23 
70 89 4 
4 11 54 
54 75 
72 47 14 50 
23 92 83 30 
37 69 87 
50 28 
28 22 21 
36 95 
75 32 
95 34 46 
30 57 
91 33 
32 61 48 
21 38 
87 58 
66 94 
57 76 
33 84 51 
38 79 
48 42 
46 98 81 
76 67 
94 
22 
49 10 
45 29 
89 90 
58 64 
44 19 
96 
42 
67 86 60 
10 12 
79 25 77 
97 7 
81 74 
15 
1 41 
5 16 
35 18 
7 99 
74 
69 
51 
61 
6 85 
19 
64 52 
20 
39 
83 
90 
16 
24 
85 
27 
98 27 
11 13 
2 
41 
77 
52 
99 
43 
34 
18 
29 
26 
60 
65 
93 
63 
92 
14 
84 
25 
47 
88 
86 
13 
80 
12 
# clone tree 10 objective: 2.77752
0 14 66 55 
55 17 53 
53 44 73 62 
62 5 36 68 
68 37 59 
59 91 9 
17 26 78 
9 35 49 3 
78 82 
3 93 2 15 40 
82 86 39 6 97 70 
73 24 45 56 
40 20 31 
8 96 72 
56 80 1 71 
31 8 
71 23 
70 89 4 
4 11 54 
54 65 75 
72 50 
23 83 30 
37 69 87 
50 28 
28 22 21 
36 95 
75 32 
95 34 46 
30 43 57 
91 63 33 
32 61 48 
21 38 
87 58 
66 94 
57 76 
33 51 
38 79 
48 42 
46 98 81 
76 67 
94 
22 92 
49 10 
45 13 29 
89 90 
58 64 
44 19 
96 
42 84 
67 12 60 
10 
79 25 77 
97 7 
81 74 
15 
1 88 41 
5 16 
35 18 
7 99 
74 
69 
51 47 
61 
6 85 
19 
64 
20 
39 
83 
90 
16 
24 52 
85 
27 
98 27 
11 
2 
41 
77 
52 
99 
43 
34 
18 
29 
26 
60 
65 
93 
63 
92 
14 
84 
25 
47 
88 
86 
13 
80 
12 
# clone tree 11 objective: 2.77752
0 14 66 55 
55 17 53 
53 44 73 62 
62 5 36 68 
68 37 59 
59 91 9 
17 78 
9 35 49 3 
78 82 
3 93 26 2 15 40 
82 43 39 6 97 70 
73 24 45 56 
40 20 31 
8 83 96 72 
56 1 71 
31 8 
71 23 
70 89 4 
4 11 54 
54 75 
72 84 50 
23 30 
37 69 87 
50 28 
28 22 21 
36 95 
75 32 
95 34 46 
30 13 57 
91 63 33 
32 61 48 
21 38 
87 12 58 
66 86 94 
57 65 76 
33 51 
38 79 
48 42 
46 98 81 
76 67 
94 
22 
49 10 
45 29 
89 90 
58 64 
44 19 
96 
42 
67 60 
10 
79 25 77 
97 7 
81 47 74 
15 
1 41 
5 16 
35 88 18 
7 99 
74 
69 
51 
61 
6 85 
19 92 
64 
20 
39 
83 
90 
16 
24 52 
85 
27 
98 27 
11 
2 
41 
77 
52 
99 
43 
34 80 
18 
29 
26 
60 
65 
93 
63 
92 
14 
84 
25 
47 
88 
86 
13 
80 
12 
# clone tree 12 objective: 2.77752
0 14 66 55 
55 17 53 
53 44 73 62 
62 5 36 68 
68 37 59 
59 91 9 
17 78 
9 35 49 3 
78 82 
3 93 26 2 15 40 
82 43 39 6 97 70 
73 24 45 56 
40 20 31 
8 83 96 72 
56 1 71 
31 8 
71 23 
70 89 4 
4 11 54 
54 75 
72 84 50 
23 30 
37 69 87 
50 28 
28 22 21 
36 95 
75 32 
95 34 46 
30 13 57 
91 63 33 
32 61 48 
21 38 
87 58 
66 86 94 
57 65 76 
33 51 
38 79 
48 42 
46 98 81 
76 67 
94 
22 
49 10 
45 29 
89 90 
58 64 
44 19 
96 
42 
67 60 
10 
79 25 77 
97 7 
81 47 74 
15 
1 41 
5 16 
35 88 18 
7 99 
74 
69 
51 
61 
6 85 
19 92 
64 
20 12 
39 
83 
90 
16 
24 52 
85 
27 
98 27 
11 
2 
41 
77 
52 
99 
43 
34 80 
18 
29 
26 
60 
65 
93 
63 
92 
14 
84 
25 
47 
88 
86 
13 
80 
12 
# clone tree 13 objective: 2.77752
0 14 66 55 
55 17 53 
53 44 73 62 
62 5 36 68 
68 37 59 
59 91 9 
17 26 78 
9 35 49 3 
78 82 
3 93 2 15 40 
82 86 39 6 97 70 
73 24 45 56 
40 20 31 
8 96 72 
56 80 1 71 
31 8 
71 23 
70 89 4 
4 11 54 
54 65 75 
72 50 
23 83 30 
37 69 87 
50 28 
28 22 21 
36 95 
75 32 
95 34 46 
30 43 57 
91 63 33 
32 61 48 
21 38 
87 58 
66 94 
57 76 
33 51 
38 79 
48 42 
46 98 81 
76 67 
94 
22 92 
49 10 
45 13 29 
89 90 
58 64 
44 19 
96 
42 84 
67 60 
10 
79 25 77 
97 7 
81 74 
15 
1 88 41 
5 16 
35 18 
7 99 
74 
69 
51 47 
61 
6 85 
19 
64 
20 
39 
83 
90 
16 
24 52 
85 
27 
98 27 
11 
2 
41 
77 
52 
99 12 
43 
34 
18 
29 
26 
60 
65 
93 
63 
92 
14 
84 
25 
47 
88 
86 
13 
80 
12 
# clone tree 14 objective: 2.77752
0 66 55 
55 17 53 
53 44 73 62 
62 5 36 68 
68 37 59 
59 91 9 
17 78 
9 88 63 35 49 3 
78 65 82 
3 93 26 2 15 40 
82 43 39 6 97 70 
73 24 45 56 
40 20 31 
8 96 72 
56 86 1 71 
31 8 
71 23 
70 89 4 
4 11 54 
54 75 
72 14 50 
23 92 83 30 
37 69 87 
50 28 
28 22 21 
36 95 
75 32 
95 34 46 
30 57 
91 33 
32 61 48 
21 38 
87 58 
66 94 
57 76 
33 84 51 
38 79 
48 47 42 
46 98 81 
76 67 
94 
22 12 
49 10 
45 29 
89 90 
58 64 
44 19 
96 
42 
67 60 
10 
79 25 77 
97 7 
81 74 
15 
1 41 
5 16 
35 18 
7 99 
74 
69 
51 
61 
6 85 
19 
64 52 
20 
39 
83 
90 
16 
24 13 
85 
27 
98 27 
11 
2 
41 
77 
52 
99 
43 
34 80 
18 
29 
26 
60 
65 
93 
63 
92 
14 
84 
25 
47 
88 
86 
13 
80 
12 
# clone tree 15 objective: 2.77752
0 14 66 55 
55 17 53 
53 12 44 73 62 
62 5 36 68 
68 37 59 
59 91 9 
17 26 78 
9 35 49 3 
78 82 
3 93 2 15 40 
82 39 6 97 70 
73 24 45 56 
40 20 31 
8 96 72 
56 1 71 
31 8 
71 23 
70 89 4 
4 11 54 
54 65 75 
72 50 
23 83 30 
37 69 87 
50 28 
28 22 21 
36 95 
75 32 
95 34 46 
30 43 57 
91 88 63 33 
32 61 48 
21 38 
87 58 
66 94 
57 76 
33 51 
38 80 79 
48 47 42 
46 98 81 
76 67 
94 
22 92 
49 10 
45 29 
89 90 
58 64 
44 19 
96 
42 84 
67 60 
10 
79 25 77 
97 7 
81 74 
15 
1 41 
5 16 
35 18 
7 99 
74 
69 13 86 
51 
61 
6 85 
19 
64 
20 
39 
83 
90 
16 
24 52 
85 
27 
98 27 
11 
2 
41 
77 
52 
99 
43 
34 
18 
29 
26 
60 
65 
93 
63 
92 
14 
84 
25 
47 
88 
86 
13 
80 
12 
# clone tree 16 objective: 2.77752
0 14 66 55 
55 17 53 
53 44 73 62 
62 5 36 68 
68 37 59 
59 91 9 
17 78 
9 35 49 3 
78 82 
3 93 26 2 15 40 
82 43 39 6 97 70 
73 24 45 56 
40 20 31 
8 83 96 72 
56 1 71 
31 8 
71 23 
70 89 4 
4 11 54 
54 75 
72 84 50 
23 30 
37 69 87 
50 28 
28 22 21 
36 95 
75 32 
95 34 46 
30 13 57 
91 63 33 
32 61 48 
21 38 
87 58 
66 86 94 
57 65 76 
33 51 
38 79 
48 42 
46 98 81 
76 67 
94 
22 
49 10 
45 29 
89 90 
58 64 
44 19 
96 
42 
67 60 
10 
79 25 77 
97 7 
81 47 74 
15 
1 12 41 
5 16 
35 88 18 
7 99 
74 
69 
51 
61 
6 85 
19 92 
64 
20 
39 
83 
90 
16 
24 52 
85 
27 
98 27 
11 
2 
41 
77 
52 
99 
43 
34 80 
18 
29 
26 
60 
65 
93 
63 
92 
14 
84 
25 
47 
88 
86 
13 
80 
12 
# clone tree 17 objective: 2.77752
0 14 66 55 
55 17 53 
53 44 73 62 
62 5 36 68 
68 37 59 
59 91 9 
17 12 26 78 
9 35 49 3 
78 82 
3 93 2 15 40 
82 39 6 97 70 
73 24 45 56 
40 20 31 
8 96 72 
56 1 71 
31 8 
71 23 
70 89 4 
4 11 54 
54 65 75 
72 50 
23 83 30 
37 69 87 
50 28 
28 22 21 
36 95 
75 32 
95 34 46 
30 43 57 
91 88 63 33 
32 61 48 
21 38 
87 58 
66 94 
57 76 
33 51 
38 80 79 
48 47 42 
46 98 81 
76 67 
94 
22 92 
49 10 
45 29 
89 90 
58 64 
44 19 
96 
42 84 
67 60 
10 
79 25 77 
97 7 
81 74 
15 
1 41 
5 16 
35 18 
7 99 
74 
69 13 86 
51 
61 
6 85 
19 
64 
20 
39 
83 
90 
16 
24 52 
85 
27 
98 27 
11 
2 
41 
77 
52 
99 
43 
34 
18 
29 
26 
60 
65 
93 
63 
92 
14 
84 
25 
47 
88 
86 
13 
80 
12 
# clone tree 18 objective: 2.77752
0 66 55 
55 17 53 
53 44 73 62 
62 5 36 68 
68 37 59 
59 91 9 
17 78 
9 88 63 35 49 3 
78 65 82 
3 93 26 2 15 40 
82 43 39 6 97 70 
73 24 45 56 
40 20 31 
8 96 72 
56 86 1 71 
31 8 
71 23 
70 89 4 
4 11 54 
54 75 
72 14 50 
23 92 83 30 
37 69 87 
50 28 
28 22 21 
36 95 
75 32 
95 34 46 
30 57 
91 33 
32 61 48 
21 38 
87 12 58 
66 94 
57 76 
33 84 51 
38 79 
48 47 42 
46 98 81 
76 67 
94 
22 
49 10 
45 29 
89 90 
58 64 
44 19 
96 
42 
67 60 
10 
79 25 77 
97 7 
81 74 
15 
1 41 
5 16 
35 18 
7 99 
74 
69 
51 
61 
6 85 
19 
64 52 
20 
39 
83 
90 
16 
24 13 
85 
27 
98 27 
11 
2 
41 
77 
52 
99 
43 
34 80 
18 
29 
26 
60 
65 
93 
63 
92 
14 
84 
25 
47 
88 
86 
13 
80 
12 
# clone tree 19 objective: 2.77752
0 14 66 55 
55 17 53 
53 44 73 62 
62 5 36 68 
68 37 59 
59 91 9 
17 26 78 
9 35 49 3 
78 82 
3 93 2 15 40 
82 86 39 6 97 70 
73 24 45 56 
40 20 31 
8 96 72 
56 80 1 71 
31 8 
71 23 
70 89 4 
4 11 54 
54 65 75 
72 50 
23 83 30 
37 69 87 
50 28 
28 22 21 
36 95 
75 32 
95 34 46 
30 43 57 
91 63 33 
32 61 48 
21 38 
87 58 
66 94 
57 76 
33 51 
38 79 
48 42 
46 98 81 
76 67 
94 
22 92 
49 10 
45 13 29 
89 90 
58 64 
44 19 
96 
42 84 
67 60 
10 
79 25 77 
97 7 
81 74 
15 
1 88 41 
5 16 
35 18 
7 99 
74 
69 
51 47 
61 
6 85 
19 
64 
20 
39 
83 
90 
16 12 
24 52 
85 
27 
98 27 
11 
2 
41 
77 
52 
99 
43 
34 
18 
29 
26 
60 
65 
93 
63 
92 
14 
84 
25 
47 
88 
86 
13 
80 
12 
# clone tree 20 objective: 2.77752
0 66 55 
55 17 53 
53 44 73 62 
62 5 36 68 
68 88 37 59 
59 91 9 
17 78 
9 63 35 49 3 
78 82 
3 93 26 2 15 40 
82 39 6 97 70 
73 24 45 56 
40 20 31 
8 96 72 
56 1 71 
31 8 
71 84 14 23 
70 89 4 
4 11 54 
54 75 
72 50 
23 92 83 30 
37 69 87 
50 28 
28 22 21 
36 95 
75 32 
95 34 46 
30 43 57 
91 33 
32 61 48 
21 38 
87 58 
66 94 
57 76 
33 51 
38 79 
48 42 
46 98 81 
76 67 
94 
22 65 
49 10 
45 29 
89 90 
58 64 
44 19 
96 
42 
67 60 
10 
79 12 25 77 
97 7 
81 74 
15 
1 41 
5 16 
35 18 
7 99 
74 80 
69 13 
51 47 
61 
6 85 
19 
64 
20 
39 
83 86 
90 
16 
24 52 
85 
27 
98 27 
11 
2 
41 
77 
52 
99 
43 
34 
18 
29 
26 
60 
65 
93 
63 
92 
14 
84 
25 
47 
88 
86 
13 
80 
12 
# clone tree 21 objective: 2.77752
0 14 66 55 
55 17 53 
53 44 73 62 
62 5 36 68 
68 37 59 
59 91 9 
17 26 78 
9 35 49 3 
78 82 
3 93 2 15 40 
82 39 6 97 70 
73 12 24 45 56 
40 20 31 
8 96 72 
56 1 71 
31 8 
71 23 
70 89 4 
4 11 54 
54 65 75 
72 50 
23 83 30 
37 69 87 
50 28 
28 22 21 
36 95 
75 32 
95 34 46 
30 43 57 
91 88 63 33 
32 61 48 
21 38 
87 58 
66 94 
57 76 
33 51 
38 80 79 
48 47 42 
46 98 81 
76 67 
94 
22 92 
49 10 
45 29 
89 90 
58 64 
44 19 
96 
42 84 
67 60 
10 
79 25 77 
97 7 
81 74 
15 
1 41 
5 16 
35 18 
7 99 
74 
69 13 86 
51 
61 
6 85 
19 
64 
20 
39 
83 
90 
16 
24 52 
85 
27 
98 27 
11 
2 
41 
77 
52 
99 
43 
34 
18 
29 
26 
60 
65 
93 
63 
92 
14 
84 
25 
47 
88 
86 
13 
80 
12 
# clone tree 22 objective: 2.77752
0 14 66 55 
55 17 53 
53 44 73 62 
62 5 36 68 
68 37 59 
59 91 9 
17 26 78 
9 35 49 3 
78 82 
3 93 2 15 40 
82 39 6 97 70 
73 24 45 56 
40 20 31 
8 96 72 
56 1 71 
31 8 
71 23 
70 89 4 
4 11 54 
54 65 75 
72 50 
23 88 83 30 
37 69 87 
50 28 
28 22 21 
36 86 95 
75 32 
95 34 46 
30 43 57 
91 63 33 
32 61 48 
21 38 
87 58 
66 94 
57 76 
33 51 
38 80 79 
48 42 
46 98 81 
76 67 
94 12 
22 92 
49 10 
45 29 
89 90 
58 64 
44 19 
96 
42 84 
67 60 
10 
79 25 77 
97 7 
81 74 
15 
1 41 
5 16 
35 18 
7 99 
74 
69 
51 47 
61 13 
6 85 
19 
64 
20 
39 
83 
90 
16 
24 52 
85 
27 
98 27 
11 
2 
41 
77 
52 
99 
43 
34 
18 
29 
26 
60 
65 
93 
63 
92 
14 
84 
25 
47 
88 
86 
13 
80 
12 
# clone tree 23 objective: 2.77752
0 14 66 55 
55 17 53 
53 44 73 62 
62 5 36 68 
68 37 59 
59 91 9 
17 26 78 
9 35 49 3 
78 82 
3 93 2 15 40 
82 86 39 6 97 70 
73 24 45 56 
40 20 31 
8 96 72 
56 80 1 71 
31 8 
71 23 
70 89 4 
4 11 54 
54 65 75 
72 50 
23 83 30 
37 69 87 
50 28 
28 22 21 
36 95 
75 32 
95 34 46 
30 43 57 
91 63 33 
32 61 48 
21 38 
87 58 
66 94 
57 76 
33 51 
38 79 
48 42 
46 98 81 
76 67 
94 
22 92 
49 10 
45 13 29 
89 90 
58 64 
44 19 
96 
42 84 
67 60 
10 
79 25 77 
97 7 
81 74 
15 
1 88 41 
5 16 
35 18 
7 99 
74 
69 
51 47 
61 
6 85 
19 
64 
20 
39 
83 
90 
16 
24 52 
85 
27 
98 27 
11 
2 
41 
77 
52 
99 
43 
34 
18 
29 
26 
60 
65 
93 
63 
92 
14 
84 
25 12 
47 
88 
86 
13 
80 
12 
# clone tree 24 objective: 2.77752
0 14 66 55 
55 17 53 
53 44 73 62 
62 5 36 68 
68 37 59 
59 91 9 
17 78 
9 35 49 3 
78 82 
3 93 26 2 15 40 
82 43 39 6 97 70 
73 24 45 56 
40 20 31 
8 83 96 72 
56 1 71 
31 8 
71 23 
70 89 4 
4 11 54 
54 75 
72 84 50 
23 30 
37 69 87 
50 28 
28 22 21 
36 95 
75 32 
95 34 46 
30 13 57 
91 63 33 
32 61 48 
21 38 
87 58 
66 86 94 
57 65 76 
33 51 
38 79 
48 42 
46 12 98 81 
76 67 
94 
22 
49 10 
45 29 
89 90 
58 64 
44 19 
96 
42 
67 60 
10 
79 25 77 
97 7 
81 47 74 
15 
1 41 
5 16 
35 88 18 
7 99 
74 
69 
51 
61 
6 85 
19 92 
64 
20 
39 
83 
90 
16 
24 52 
85 
27 
98 27 
11 
2 
41 
77 
52 
99 
43 
34 80 
18 
29 
26 
60 
65 
93 
63 
92 
14 
84 
25 
47 
88 
86 
13 
80 
12 
# clone tree 25 objective: 2.77752
0 14 66 55 
55 17 53 
53 44 73 62 
62 5 36 68 
68 37 59 
59 91 9 
17 12 63 26 78 
9 35 49 3 
78 82 
3 93 2 15 40 
82 43 39 6 97 70 
73 24 45 56 
40 20 31 
8 83 96 72 
56 1 71 
31 8 
71 23 
70 89 4 
4 11 54 
54 75 
72 50 
23 30 
37 69 87 
50 28 
28 22 21 
36 95 
75 32 
95 34 46 
30 57 
91 33 
32 61 48 
21 47 38 
87 58 
66 86 94 
57 65 76 
33 51 
38 80 79 
48 42 
46 98 81 
76 67 
94 
22 
49 10 
45 29 
89 90 
58 64 
44 19 
96 
42 84 
67 60 
10 
79 25 77 
97 7 
81 74 
15 
1 41 
5 16 
35 18 
7 99 
74 
69 13 
51 
61 
6 85 
19 92 
64 
20 
39 
83 
90 
16 
24 52 
85 
27 
98 27 
11 
2 
41 
77 
52 
99 
43 
34 88 
18 
29 
26 
60 
65 
93 
63 
92 
14 
84 
25 
47 
88 
86 
13 
80 
12 
# clone tree 26 objective: 2.77752
0 66 55 
55 17 53 
53 44 73 62 
62 5 36 68 
68 37 59 
59 91 9 
17 88 78 
9 35 49 3 
78 82 
3 93 26 2 15 40 
82 43 39 6 97 70 
73 24 45 56 
40 20 31 
8 83 96 72 
56 1 71 
31 8 
71 14 65 23 
70 89 4 
4 11 54 
54 75 
72 47 50 
23 30 
37 69 87 
50 28 
28 22 21 
36 86 95 
75 32 
95 34 46 
30 57 
91 63 33 
32 61 48 
21 38 
87 58 
66 94 
57 76 
33 51 
38 80 79 
48 42 
46 98 81 
76 67 
94 84 
22 
49 10 
45 29 
89 90 
58 64 
44 19 
96 
42 
67 60 
10 
79 25 77 
97 7 
81 74 
15 
1 41 
5 16 
35 18 
7 99 
74 
69 
51 
61 13 
6 85 
19 
64 52 
20 
39 12 
83 
90 
16 
24 
85 
27 
98 27 
11 
2 
41 
77 
52 
99 
43 
34 
18 92 
29 
26 
60 
65 
93 
63 
92 
14 
84 
25 
47 
88 
86 
13 
80 
12 
# clone tree 27 objective: 2.77752
0 66 55 
55 17 53 
53 44 73 62 
62 5 36 68 
68 37 59 
59 91 9 
17 78 
9 63 35 49 3 
78 65 82 
3 88 93 26 2 15 40 
82 43 39 6 97 70 
73 24 45 56 
40 20 31 
8 96 72 
56 1 71 
31 8 
71 23 
70 89 4 
4 11 54 
54 75 
72 47 14 50 
23 92 83 30 
37 69 87 
50 28 
28 22 21 
36 95 
75 32 
95 34 46 
30 57 
91 33 
32 61 48 
21 38 
87 58 
66 94 
57 76 
33 84 51 
38 79 
48 42 
46 98 81 
76 67 
94 80 
22 
49 10 
45 29 
89 90 
58 64 
44 19 
96 
42 
67 86 60 
10 
79 25 77 
97 7 
81 74 
15 
1 41 
5 16 
35 18 
7 99 
74 
69 
51 
61 
6 85 
19 
64 52 
20 
39 
83 
90 
16 
24 
85 
27 
98 27 
11 13 
2 
41 
77 
52 
99 
43 
34 
18 
29 
26 
60 12 
65 
93 
63 
92 
14 
84 
25 
47 
88 
86 
13 
80 
12 
# clone tree 28 objective: 2.77752
0 14 66 55 
55 17 53 
53 44 73 62 
62 5 36 68 
68 37 59 
59 91 9 
17 78 
9 35 49 3 
78 82 
3 93 26 2 15 40 
82 43 39 6 97 70 
73 24 45 56 
40 20 31 
8 83 96 72 
56 1 71 
31 8 
71 23 
70 89 4 
4 11 54 
54 75 
72 84 50 
23 30 
37 69 87 
50 28 
28 22 21 
36 95 
75 32 
95 34 46 
30 13 57 
91 63 33 
32 12 61 48 
21 38 
87 58 
66 86 94 
57 65 76 
33 51 
38 79 
48 42 
46 98 81 
76 67 
94 
22 
49 10 
45 29 
89 90 
58 64 
44 19 
96 
42 
67 60 
10 
79 25 77 
97 7 
81 47 74 
15 
1 41 
5 16 
35 88 18 
7 99 
74 
69 
51 
61 
6 85 
19 92 
64 
20 
39 
83 
90 
16 
24 52 
85 
27 
98 27 
11 
2 
41 
77 
52 
99 
43 
34 
18 
29 
26 
60 80 
65 
93 
63 
92 
14 
84 
25 
47 
88 
86 
13 
80 
12 
# clone tree 29 objective: 2.77752
0 66 55 
55 17 53 
53 44 73 62 
62 5 36 68 
68 37 59 
59 91 9 
17 63 26 78 
9 35 49 3 
78 82 
3 88 93 2 15 40 
82 43 39 6 97 70 
73 24 45 56 
40 20 31 
8 86 96 72 
56 80 1 71 
31 8 
71 23 
70 89 4 
4 11 54 
54 75 
72 47 50 
23 83 30 
37 69 87 
50 28 
28 22 21 
36 95 
75 32 
95 14 34 46 
30 57 
91 33 
32 61 48 
21 38 
87 58 
66 94 
57 76 
33 51 
38 79 
48 42 
46 98 81 
76 67 
94 
22 
49 10 
45 29 
89 90 
58 64 
44 19 
96 
42 84 
67 60 
10 65 
79 25 77 
97 7 
81 74 
15 
1 41 
5 16 
35 12 18 
7 99 
74 
69 
51 
61 13 
6 85 
19 92 
64 
20 
39 
83 
90 
16 
24 52 
85 
27 
98 27 
11 
2 
41 
77 
52 
99 
43 
34 
18 
29 
26 
60 
65 
93 
63 
92 
14 
84 
25 
47 
88 
86 
13 
80 
12 
# clone tree 30 objective: 2.77752
0 66 55 
55 17 53 
53 44 73 62 
62 5 36 68 
68 37 59 
59 91 9 
17 78 
9 88 63 35 49 3 
78 65 82 
3 93 26 2 15 40 
82 43 39 6 97 70 
73 24 45 56 
40 20 31 
8 96 72 
56 86 1 71 
31 8 
71 23 
70 89 4 
4 11 54 
54 75 
72 14 50 
23 92 83 30 
37 69 87 
50 28 
28 22 21 
36 95 
75 32 
95 34 46 
30 57 
91 33 
32 61 48 
21 38 
87 58 
66 94 
57 76 
33 84 51 
38 79 
48 47 42 
46 98 81 
76 67 
94 
22 
49 10 
45 12 29 
89 90 
58 64 
44 19 
96 
42 
67 60 
10 
79 25 77 
97 7 
81 74 
15 
1 41 
5 16 
35 18 
7 99 
74 
69 
51 
61 
6 85 
19 
64 52 
20 
39 
83 
90 
16 
24 13 
85 
27 
98 27 
11 
2 
41 
77 
52 
99 
43 
34 80 
18 
29 
26 
60 
65 
93 
63 
92 
14 
84 
25 
47 
88 
86 
13 
80 
12 
# clone tree 31 objective: 2.77752
0 66 55 
55 17 53 
53 44 73 62 
62 5 36 68 
68 37 59 
59 91 9 
17 63 26 78 
9 35 49 3 
78 82 
3 88 93 2 15 40 
82 43 39 6 97 70 
73 24 45 56 
40 20 31 
8 96 72 
56 1 71 
31 8 
71 23 
70 89 4 
4 11 54 
54 80 75 
72 47 50 
23 83 30 
37 69 87 
50 28 
28 22 21 
36 86 95 
75 32 
95 14 34 46 
30 57 
91 33 
32 61 48 
21 38 
87 58 
66 94 
57 13 76 
33 51 
38 79 
48 42 
46 98 81 
76 67 
94 
22 
49 10 
45 29 
89 90 
58 64 
44 19 
96 
42 84 
67 60 
10 65 
79 25 77 
97 7 
81 74 
15 
1 41 
5 16 
35 18 
7 99 
74 
69 
51 
61 
6 85 
19 92 
64 
20 
39 
83 
90 
16 
24 52 
85 
27 
98 27 
11 
2 
41 
77 
52 
99 
43 
34 12 
18 
29 
26 
60 
65 
93 
63 
92 
14 
84 
25 
47 
88 
86 
13 
80 
12 
# clone tree 32 objective: 2.77752
0 12 66 55 
55 17 53 
53 44 73 62 
62 5 36 68 
68 37 59 
59 91 9 
17 26 78 
9 63 35 49 3 
78 82 
3 93 2 15 40 
82 86 43 39 6 97 70 
73 24 45 56 
40 20 31 
8 83 96 72 
56 1 71 
31 8 
71 23 
70 89 4 
4 11 54 
54 25 75 
72 50 
23 30 
37 69 87 
50 28 
28 22 21 
36 95 
75 32 
95 34 46 
30 57 
91 33 
32 61 48 
21 38 
87 58 
66 92 94 
57 76 
33 84 51 
38 79 
48 47 42 
46 98 81 
76 67 
94 13 14 
22 
49 10 
45 29 
89 90 
58 64 
44 19 
96 
42 
67 60 
10 
79 80 77 
97 7 
81 74 
15 65 
1 41 
5 16 
35 18 
7 99 
74 
69 
51 
61 
6 85 
19 
64 52 
20 
39 
83 
90 
16 
24 
85 
27 
98 27 
11 
2 
41 
77 
52 
99 
43 
34 88 
18 
29 
26 
60 
65 
93 
63 
92 
14 
84 
25 
47 
88 
86 
13 
80 
12 
# clone tree 33 objective: 2.77752
0 66 55 
55 17 53 
53 44 73 62 
62 5 36 68 
68 37 59 
59 91 9 
17 63 26 78 
9 35 49 3 
78 82 
3 88 93 2 15 40 
82 43 39 6 97 70 
73 24 45 56 
40 20 31 
8 86 96 72 
56 1 71 
31 8 
71 23 
70 89 4 
4 11 54 
54 75 
72 13 50 
23 83 30 
37 69 87 
50 28 
28 22 21 
36 95 
75 32 
95 12 14 34 46 
30 57 
91 33 
32 61 48 
21 47 38 
87 58 
66 80 94 
57 76 
33 51 
38 79 
48 42 
46 98 81 
76 67 
94 
22 
49 10 
45 29 
89 90 
58 64 
44 19 
96 
42 84 
67 60 
10 65 
79 25 77 
97 7 
81 74 
15 
1 41 
5 16 
35 18 
7 99 
74 
69 
51 
61 
6 85 
19 92 
64 
20 
39 
83 
90 
16 
24 52 
85 
27 
98 27 
11 
2 
41 
77 
52 
99 
43 
34 
18 
29 
26 
60 
65 
93 
63 
92 
14 
84 
25 
47 
88 
86 
13 
80 
12 
# clone tree 34 objective: 2.77752
0 66 55 
55 17 53 
53 44 73 62 
62 5 36 68 
68 37 59 
59 91 9 
17 78 
9 63 35 49 3 
78 65 82 
3 88 93 26 2 15 40 
82 43 39 6 97 70 
73 24 45 56 
40 20 31 
8 96 72 
56 1 71 
31 8 
71 23 
70 89 4 
4 11 54 
54 75 
72 47 14 50 
23 92 83 30 
37 69 87 
50 12 28 
28 22 21 
36 95 
75 32 
95 34 46 
30 57 
91 33 
32 61 48 
21 38 
87 58 
66 94 
57 76 
33 84 51 
38 79 
48 42 
46 98 81 
76 67 
94 
22 
49 10 
45 29 
89 90 
58 64 
44 19 
96 
42 
67 86 60 
10 
79 25 77 
97 7 
81 74 
15 
1 41 
5 16 
35 18 
7 99 
74 
69 
51 
61 
6 85 
19 
64 52 
20 
39 
83 
90 
16 
24 
85 
27 
98 27 
11 13 
2 
41 
77 
52 
99 
43 
34 
18 
29 
26 
60 80 
65 
93 
63 
92 
14 
84 
25 
47 
88 
86 
13 
80 
12 
# clone tree 35 objective: 2.77752
0 66 55 
55 17 53 
53 44 73 62 
62 5 36 68 
68 37 59 
59 91 9 
17 78 
9 63 35 49 3 
78 65 82 
3 88 93 26 2 15 40 
82 43 39 6 97 70 
73 13 24 45 56 
40 20 31 
8 96 72 
56 1 71 
31 8 
71 23 
70 89 4 
4 11 54 
54 75 
72 47 14 50 
23 92 83 30 
37 69 87 
50 28 
28 22 21 
36 95 
75 32 
95 34 46 
30 57 
91 33 
32 61 48 
21 38 
87 58 
66 94 
57 76 
33 84 51 
38 79 
48 12 42 
46 98 81 
76 67 
94 
22 
49 10 
45 29 
89 90 
58 64 
44 19 
96 
42 
67 86 60 
10 
79 25 77 
97 7 
81 74 
15 
1 41 
5 16 
35 18 
7 99 
74 
69 
51 
61 
6 85 
19 
64 52 
20 
39 
83 
90 
16 
24 
85 
27 
98 27 
11 
2 
41 80 
77 
52 
99 
43 
34 
18 
29 
26 
60 
65 
93 
63 
92 
14 
84 
25 
47 
88 
86 
13 
80 
12 
# clone tree 36 objective: 2.77752
0 66 55 
55 17 53 
53 44 73 62 
62 5 36 68 
68 37 59 
59 91 9 
17 78 
9 35 49 3 
78 82 
3 93 26 2 15 40 
82 43 39 6 97 70 
73 24 45 56 
40 20 31 
8 86 83 96 72 
56 1 71 
31 8 
71 14 65 23 
70 89 4 
4 11 54 
54 75 
72 47 50 
23 30 
37 69 87 
50 28 
28 22 21 
36 95 
75 32 
95 34 46 
30 57 
91 63 33 
32 61 48 
21 38 
87 58 
66 94 
57 13 76 
33 51 
38 80 79 
48 12 42 
46 98 81 
76 67 
94 84 
22 
49 10 
45 29 
89 90 
58 64 
44 19 
96 
42 
67 60 
10 
79 25 77 
97 7 
81 74 
15 
1 41 
5 16 
35 88 18 
7 99 
74 
69 
51 
61 
6 85 
19 
64 52 
20 
39 
83 
90 
16 
24 
85 
27 
98 27 
11 
2 
41 
77 
52 
99 
43 
34 
18 92 
29 
26 
60 
65 
93 
63 
92 
14 
84 
25 
47 
88 
86 
13 
80 
12 
# clone tree 37 objective: 2.77752
0 14 66 55 
55 17 53 
53 44 73 62 
62 5 36 68 
68 37 59 
59 91 9 
17 26 78 
9 35 49 3 
78 82 
3 93 2 15 40 
82 39 6 97 70 
73 24 45 56 
40 20 31 
8 96 72 
56 1 71 
31 8 
71 23 
70 89 4 
4 11 54 
54 65 75 
72 50 
23 88 83 30 
37 69 87 
50 28 
28 22 21 
36 86 95 
75 32 
95 34 46 
30 43 57 
91 63 33 
32 61 48 
21 38 
87 58 
66 94 
57 76 
33 51 
38 79 
48 12 42 
46 98 81 
76 67 
94 
22 92 
49 10 
45 29 
89 90 
58 64 
44 19 
96 
42 84 
67 60 
10 
79 25 77 
97 7 
81 74 
15 
1 41 
5 16 
35 18 
7 99 
74 
69 
51 47 
61 13 
6 85 
19 
64 
20 
39 
83 
90 
16 
24 52 
85 
27 
98 27 
11 
2 
41 
77 
52 
99 
43 
34 
18 
29 
26 
60 
65 
93 
63 
92 
14 
84 
25 80 
47 
88 
86 
13 
80 
12 
# clone tree 38 objective: 2.77752
0 66 55 
55 17 53 
53 44 73 62 
62 5 36 68 
68 37 59 
59 91 9 
17 88 78 
9 35 49 3 
78 82 
3 93 26 2 15 40 
82 43 39 6 97 70 
73 24 45 56 
40 20 31 
8 83 96 72 
56 1 71 
31 8 
71 14 65 23 
70 89 4 
4 11 54 
54 75 
72 47 50 
23 30 
37 69 87 
50 28 
28 22 21 
36 95 
75 32 
95 34 46 
30 57 
91 63 33 
32 61 48 
21 38 
87 58 
66 94 
57 76 
33 51 
38 79 
48 42 
46 98 81 
76 67 
94 84 
22 
49 10 
45 29 
89 90 
58 64 
44 13 19 
96 12 
42 
67 60 
10 
79 25 77 
97 7 
81 74 
15 
1 41 
5 16 
35 18 
7 99 
74 
69 
51 
61 
6 85 
19 
64 52 
20 
39 
83 
90 
16 
24 
85 
27 86 
98 27 
11 
2 
41 80 
77 
52 
99 
43 
34 
18 92 
29 
26 
60 
65 
93 
63 
92 
14 
84 
25 
47 
88 
86 
13 
80 
12 
# clone tree 39 objective: 2.77752
0 66 55 
55 17 53 
53 44 73 62 
62 5 36 68 
68 88 37 59 
59 91 9 
17 78 
9 35 49 3 
78 82 
3 93 26 2 15 40 
82 43 39 6 97 70 
73 13 24 45 56 
40 20 31 
8 47 83 96 72 
56 1 71 
31 8 
71 14 65 23 
70 89 4 
4 11 54 
54 75 
72 50 
23 30 
37 69 87 
50 28 
28 22 21 
36 95 
75 32 
95 34 46 
30 57 
91 63 33 
32 61 48 
21 38 
87 58 
66 94 
57 76 
33 51 
38 79 
48 42 
46 98 81 
76 67 
94 84 
22 80 
49 10 
45 29 
89 90 
58 64 
44 19 
96 
42 
67 60 
10 
79 25 77 
97 7 
81 74 
15 
1 41 
5 16 
35 18 
7 99 
74 
69 
51 
61 
6 85 
19 
64 52 
20 
39 
83 86 
90 
16 
24 
85 
27 
98 27 
11 
2 
41 
77 
52 
99 
43 
34 
18 92 
29 
26 
60 12 
65 
93 
63 
92 
14 
84 
25 
47 
88 
86 
13 
80 
12 
# clone tree 40 objective: 2.77752
0 66 55 
55 17 53 
53 44 73 62 
62 5 36 68 
68 37 59 
59 91 9 
17 78 
9 88 63 35 49 3 
78 65 82 
3 93 26 2 15 40 
82 43 39 6 97 70 
73 24 45 56 
40 12 20 31 
8 96 72 
56 86 1 71 
31 8 
71 23 
70 89 4 
4 11 54 
54 75 
72 14 50 
23 92 83 30 
37 69 87 
50 28 
28 22 21 
36 95 
75 32 
95 34 46 
30 57 
91 33 
32 61 48 
21 38 
87 58 
66 94 
57 76 
33 84 51 
38 79 
48 47 42 
46 98 81 
76 67 
94 
22 
49 10 
45 29 
89 90 
58 64 
44 19 
96 
42 
67 60 
10 
79 25 77 
97 7 
81 74 
15 
1 41 
5 16 
35 18 
7 99 
74 
69 
51 
61 
6 85 
19 
64 52 
20 
39 
83 
90 
16 
24 13 
85 
27 
98 27 
11 
2 
41 
77 
52 
99 
43 
34 80 
18 
29 
26 
60 
65 
93 
63 
92 
14 
84 
25 
47 
88 
86 
13 
80 
12 
# clone tree 41 objective: 2.77752
0 14 66 55 
55 17 53 
53 44 73 62 
62 5 36 68 
68 37 59 
59 91 9 
17 78 
9 35 49 3 
78 82 
3 93 26 2 15 40 
82 43 39 6 97 70 
73 24 45 56 
40 20 31 
8 83 96 72 
56 1 71 
31 8 
71 23 
70 89 4 
4 11 54 
54 80 75 
72 84 50 
23 30 
37 69 87 
50 28 
28 22 21 
36 95 
75 32 
95 34 46 
30 13 57 
91 63 33 
32 61 48 
21 38 
87 58 
66 86 94 
57 65 76 
33 51 
38 79 
48 42 
46 98 81 
76 67 
94 
22 
49 10 
45 29 
89 90 
58 64 
44 19 
96 
42 
67 60 
10 
79 25 77 
97 7 
81 47 74 
15 
1 41 
5 16 
35 88 18 
7 99 
74 
69 
51 
61 
6 85 
19 12 92 
64 
20 
39 
83 
90 
16 
24 52 
85 
27 
98 27 
11 
2 
41 
77 
52 
99 
43 
34 
18 
29 
26 
60 
65 
93 
63 
92 
14 
84 
25 
47 
88 
86 
13 
80 
12 
# clone tree 42 objective: 2.77752
0 66 55 
55 17 53 
53 44 73 62 
62 5 36 68 
68 37 59 
59 91 9 
17 78 
9 35 49 3 
78 82 
3 88 93 26 2 15 40 
82 39 6 97 70 
73 24 45 56 
40 20 31 
8 86 83 96 72 
56 80 1 71 
31 8 
71 14 23 
70 89 4 
4 11 54 
54 25 75 
72 84 50 
23 30 
37 69 87 
50 28 
28 22 21 
36 95 
75 32 
95 34 46 
30 43 57 
91 63 33 
32 61 48 
21 38 
87 58 
66 94 
57 76 
33 51 
38 79 
48 42 
46 98 81 
76 67 
94 65 
22 
49 10 
45 29 
89 90 
58 64 
44 19 
96 
42 
67 60 
10 
79 77 
97 7 
81 74 
15 
1 41 
5 16 
35 18 
7 99 
74 
69 13 
51 47 
61 
6 12 85 
19 92 
64 52 
20 
39 
83 
90 
16 
24 
85 
27 
98 27 
11 
2 
41 
77 
52 
99 
43 
34 
18 
29 
26 
60 
65 
93 
63 
92 
14 
84 
25 
47 
88 
86 
13 
80 
12 
# clone tree 43 objective: 2.77752
0 14 66 55 
55 17 53 
53 44 73 62 
62 5 36 68 
68 37 59 
59 91 9 
17 63 26 78 
9 35 49 3 
78 82 
3 93 2 15 40 
82 43 39 6 97 70 
73 24 45 56 
40 20 31 
8 83 96 72 
56 1 71 
31 8 
71 23 
70 89 4 
4 11 54 
54 75 
72 50 
23 30 
37 69 87 
50 28 
28 22 21 
36 95 
75 32 
95 34 46 
30 57 
91 33 
32 61 48 
21 47 38 
87 58 
66 86 94 
57 65 76 
33 51 
38 79 
48 42 
46 98 81 
76 12 67 
94 
22 
49 10 
45 29 
89 90 
58 64 
44 19 
96 
42 84 
67 60 
10 
79 25 77 
97 7 
81 74 
15 
1 41 
5 16 
35 18 
7 99 
74 
69 
51 
61 13 
6 85 
19 92 
64 
20 
39 
83 
90 
16 
24 52 
85 
27 
98 27 
11 
2 
41 
77 
52 
99 
43 
34 88 
18 
29 
26 
60 
65 
93 
63 
92 
14 
84 
25 80 
47 
88 
86 
13 
80 
12 
# clone tree 44 objective: 2.77752
0 14 66 55 
55 17 53 
53 44 73 62 
62 5 36 68 
68 12 37 59 
59 91 9 
17 78 
9 35 49 3 
78 80 82 
3 93 26 2 15 40 
82 43 39 6 97 70 
73 24 45 56 
40 20 31 
8 83 96 72 
56 1 71 
31 8 
71 23 
70 89 4 
4 11 54 
54 75 
72 84 50 
23 30 
37 69 87 
50 28 
28 22 21 
36 95 
75 32 
95 34 46 
30 13 57 
91 63 33 
32 61 48 
21 38 
87 58 
66 86 94 
57 65 76 
33 51 
38 79 
48 42 
46 98 81 
76 67 
94 
22 
49 10 
45 29 
89 90 
58 64 
44 19 
96 
42 
67 60 
10 
79 25 77 
97 7 
81 47 74 
15 
1 41 
5 16 
35 88 18 
7 99 
74 
69 
51 
61 
6 85 
19 92 
64 
20 
39 
83 
90 
16 
24 52 
85 
27 
98 27 
11 
2 
41 
77 
52 
99 
43 
34 
18 
29 
26 
60 
65 
93 
63 
92 
14 
84 
25 
47 
88 
86 
13 
80 
12 
# clone tree 45 objective: 2.77752
0 66 55 
55 17 53 
53 44 73 62 
62 5 36 68 
68 37 59 
59 91 9 
17 78 
9 63 35 49 3 
78 65 82 
3 12 88 93 26 2 15 40 
82 43 39 6 97 70 
73 24 45 56 
40 20 31 
8 96 72 
56 1 71 
31 8 
71 23 
70 89 4 
4 11 54 
54 13 75 
72 47 14 50 
23 92 83 30 
37 69 87 
50 28 
28 22 21 
36 95 
75 32 
95 34 46 
30 57 
91 33 
32 61 48 
21 38 
87 58 
66 94 
57 76 
33 84 51 
38 79 
48 42 
46 98 81 
76 67 
94 
22 
49 10 
45 29 
89 90 
58 64 
44 19 
96 
42 
67 86 60 
10 
79 25 77 
97 7 
81 74 
15 
1 41 
5 16 
35 18 
7 99 
74 
69 
51 
61 
6 85 
19 
64 52 
20 
39 
83 
90 
16 
24 
85 
27 
98 27 
11 80 
2 
41 
77 
52 
99 
43 
34 
18 
29 
26 
60 
65 
93 
63 
92 
14 
84 
25 
47 
88 
86 
13 
80 
12 
# clone tree 46 objective: 2.77752
0 14 66 55 
55 17 53 
53 44 73 62 
62 5 36 68 
68 37 59 
59 91 9 
17 78 
9 35 49 3 
78 82 
3 93 26 2 15 40 
82 43 39 6 97 70 
73 24 45 56 
40 20 31 
8 83 96 72 
56 1 71 
31 8 
71 23 
70 89 4 
4 11 54 
54 75 
72 84 50 
23 30 
37 69 87 
50 28 
28 22 21 
36 95 
75 32 
95 12 34 46 
30 13 57 
91 63 33 
32 61 48 
21 38 
87 58 
66 86 94 
57 65 76 
33 51 
38 79 
48 42 
46 98 81 
76 67 
94 
22 
49 10 
45 29 
89 90 
58 64 
44 19 
96 
42 
67 60 
10 80 
79 25 77 
97 7 
81 47 74 
15 
1 41 
5 16 
35 88 18 
7 99 
74 
69 
51 
61 
6 85 
19 92 
64 
20 
39 
83 
90 
16 
24 52 
85 
27 
98 27 
11 
2 
41 
77 
52 
99 
43 
34 
18 
29 
26 
60 
65 
93 
63 
92 
14 
84 
25 
47 
88 
86 
13 
80 
12 
# clone tree 47 objective: 2.77752
0 66 55 
55 17 53 
53 44 73 62 
62 5 36 68 
68 37 59 
59 91 9 
17 78 
9 63 35 49 3 
78 65 82 
3 88 93 26 2 15 40 
82 43 39 6 97 70 
73 24 45 56 
40 20 31 
8 12 96 72 
56 1 71 
31 8 
71 23 
70 89 4 
4 11 54 
54 75 
72 47 14 50 
23 92 83 30 
37 69 87 
50 28 
28 22 21 
36 95 
75 32 
95 34 46 
30 57 
91 33 
32 61 48 
21 38 
87 58 
66 94 
57 76 
33 84 51 
38 79 
48 42 
46 98 81 
76 67 
94 
22 
49 10 
45 29 
89 90 
58 64 
44 19 
96 
42 
67 86 60 
10 
79 25 77 
97 7 
81 74 
15 
1 41 
5 16 
35 18 
7 99 
74 80 
69 
51 
61 
6 85 
19 
64 52 
20 
39 
83 
90 
16 
24 
85 
27 
98 27 
11 13 
2 
41 
77 
52 
99 
43 
34 
18 
29 
26 
60 
65 
93 
63 
92 
14 
84 
25 
47 
88 
86 
13 
80 
12 
# clone tree 48 objective: 2.77752
0 66 55 
55 17 53 
53 44 73 62 
62 5 36 68 
68 37 59 
59 91 9 
17 78 
9 63 35 49 3 
78 65 82 
3 88 93 26 2 15 40 
82 43 39 6 97 70 
73 24 45 56 
40 20 31 
8 96 72 
56 1 71 
31 8 
71 80 23 
70 89 4 
4 11 54 
54 75 
72 47 14 50 
23 92 83 30 
37 69 87 
50 28 
28 22 21 
36 95 
75 32 
95 34 46 
30 57 
91 33 
32 61 48 
21 38 
87 58 
66 94 
57 76 
33 84 51 
38 79 
48 42 
46 98 81 
76 67 
94 
22 
49 10 
45 29 
89 90 
58 64 
44 19 
96 
42 
67 86 60 
10 
79 25 77 
97 7 
81 74 
15 
1 41 
5 16 
35 18 
7 99 
74 
69 
51 
61 
6 85 
19 
64 52 
20 
39 
83 
90 
16 
24 
85 
27 
98 27 
11 12 13 
2 
41 
77 
52 
99 
43 
34 
18 
29 
26 
60 
65 
93 
63 
92 
14 
84 
25 
47 
88 
86 
13 
80 
12 
# clone tree 49 objective: 2.77752
0 66 55 
55 17 53 
53 44 73 62 
62 5 36 68 
68 37 59 
59 91 9 
17 78 
9 63 35 49 3 
78 65 82 
3 88 93 26 2 15 40 
82 43 39 6 97 70 
73 24 45 56 
40 20 31 
8 96 72 
56 1 71 
31 8 
71 23 
70 89 4 
4 11 54 
54 75 
72 47 14 50 
23 92 83 30 
37 69 87 
50 28 
28 22 21 
36 95 
75 32 
95 34 46 
30 57 
91 33 
32 61 48 
21 38 
87 58 
66 94 
57 76 
33 84 51 
38 79 
48 42 
46 98 81 
76 67 
94 
22 
49 10 
45 29 
89 90 
58 64 
44 19 
96 
42 
67 86 60 
10 
79 25 77 
97 7 
81 74 
15 
1 41 
5 16 
35 18 
7 99 
74 
69 
51 
61 
6 85 
19 
64 52 
20 
39 
83 
90 
16 
24 
85 
27 
98 27 
11 13 
2 
41 
77 12 
52 
99 
43 
34 
18 
29 
26 
60 80 
65 
93 
63 
92 
14 
84 
25 
47 
88 
86 
13 
80 
12 
# clone tree 50 objective: 2.77752
0 14 66 55 
55 17 53 
53 44 73 62 
62 5 36 68 
68 37 59 
59 91 9 
17 78 
9 35 49 3 
78 82 
3 12 93 26 2 15 40 
82 43 39 6 97 70 
73 24 45 56 
40 20 31 
8 83 96 72 
56 1 71 
31 8 
71 23 
70 89 4 
4 11 54 
54 75 
72 84 50 
23 30 
37 69 87 
50 28 
28 22 21 
36 95 
75 32 
95 34 46 
30 13 57 
91 63 33 
32 61 48 
21 38 
87 58 
66 86 94 
57 65 76 
33 51 
38 79 
48 42 
46 98 81 
76 67 
94 
22 
49 10 
45 29 
89 80 90 
58 64 
44 19 
96 
42 
67 60 
10 
79 25 77 
97 7 
81 47 74 
15 
1 41 
5 16 
35 88 18 
7 99 
74 
69 
51 
61 
6 85 
19 92 
64 
20 
39 
83 
90 
16 
24 52 
85 
27 
98 27 
11 
2 
41 
77 
52 
99 
43 
34 
18 
29 
26 
60 
65 
93 
63 
92 
14 
84 
25 
47 
88 
86 
13 
80 
12 
# clone tree 51 objective: 2.77752
0 66 55 
55 17 53 
53 44 73 62 
62 5 36 68 
68 37 59 
59 91 9 
17 78 
9 35 49 3 
78 82 
3 93 26 2 15 40 
82 43 39 6 97 70 
73 24 45 56 
40 20 31 
8 83 96 72 
56 1 71 
31 8 
71 13 14 65 23 
70 89 4 
4 11 54 
54 25 75 
72 50 
23 30 
37 69 87 
50 28 
28 22 21 
36 86 95 
75 32 
95 34 46 
30 57 
91 63 33 
32 61 48 
21 38 
87 58 
66 94 
57 76 
33 51 
38 79 
48 47 42 
46 98 81 
76 67 
94 84 
22 
49 10 
45 29 
89 90 
58 64 
44 19 
96 
42 
67 60 
10 
79 77 
97 7 
81 74 
15 
1 41 
5 16 
35 18 
7 99 
74 
69 
51 
61 
6 85 
19 
64 52 
20 
39 
83 
90 
16 
24 
85 
27 
98 27 
11 
2 
41 
77 
52 
99 
43 
34 88 
18 92 
29 
26 
60 
65 80 
93 
63 12 
92 
14 
84 
25 
47 
88 
86 
13 
80 
12 
# clone tree 52 objective: 2.77752
0 66 55 
55 17 53 
53 44 73 62 
62 5 36 68 
68 37 59 
59 91 9 
17 88 78 
9 35 49 3 
78 82 
3 93 26 2 15 40 
82 43 39 6 97 70 
73 24 45 56 
40 20 31 
8 83 96 72 
56 1 71 
31 8 
71 14 65 23 
70 89 4 
4 11 54 
54 75 
72 47 50 
23 30 
37 69 87 
50 28 
28 22 21 
36 86 95 
75 32 
95 12 34 46 
30 57 
91 63 33 
32 61 48 
21 38 
87 58 
66 94 
57 76 
33 51 
38 79 
48 42 
46 98 81 
76 67 
94 84 
22 
49 10 
45 29 
89 90 
58 64 
44 19 
96 
42 
67 60 
10 
79 25 77 
97 7 
81 74 
15 
1 41 
5 16 
35 18 
7 99 
74 
69 
51 
61 80 13 
6 85 
19 
64 52 
20 
39 
83 
90 
16 
24 
85 
27 
98 27 
11 
2 
41 
77 
52 
99 
43 
34 
18 92 
29 
26 
60 
65 
93 
63 
92 
14 
84 
25 
47 
88 
86 
13 
80 
12 
# clone tree 53 objective: 2.77752
0 66 55 
55 17 53 
53 44 73 62 
62 5 36 68 
68 37 59 
59 91 9 
17 26 78 
9 63 35 49 3 
78 82 
3 93 2 15 40 
82 43 39 6 97 70 
73 24 45 56 
40 20 31 
8 83 96 72 
56 1 71 
31 8 
71 23 
70 89 4 
4 11 54 
54 25 75 
72 50 
23 30 
37 69 87 
50 28 
28 22 21 
36 95 
75 32 
95 34 46 
30 57 
91 33 
32 61 48 
21 38 
87 58 
66 92 94 
57 76 
33 84 51 
38 88 79 
48 47 42 
46 98 81 
76 67 
94 14 
22 
49 10 
45 29 
89 90 
58 64 
44 19 
96 
42 
67 60 
10 80 
79 77 
97 7 
81 74 
15 65 
1 41 
5 16 
35 18 
7 99 
74 
69 13 
51 
61 
6 85 
19 86 
64 52 
20 
39 
83 
90 
16 
24 
85 
27 
98 27 
11 
2 
41 
77 
52 
99 
43 
34 
18 12 
29 
26 
60 
65 
93 
63 
92 
14 
84 
25 
47 
88 
86 
13 
80 
12 
# clone tree 54 objective: 2.77752
0 14 66 55 
55 17 53 
53 44 73 62 
62 5 36 68 
68 37 59 
59 12 91 9 
17 26 78 
9 35 49 3 
78 82 
3 93 2 15 40 
82 39 6 97 70 
73 24 45 56 
40 20 31 
8 96 72 
56 1 71 
31 8 
71 23 
70 89 4 
4 11 54 
54 65 75 
72 50 
23 88 83 30 
37 69 87 
50 28 
28 22 21 
36 86 95 
75 32 
95 34 46 
30 43 57 
91 63 33 
32 61 48 
21 38 
87 58 
66 94 
57 76 
33 51 
38 80 79 
48 42 
46 98 81 
76 67 
94 
22 92 
49 10 
45 29 
89 90 
58 64 
44 19 
96 
42 84 
67 60 
10 
79 25 77 
97 7 
81 74 
15 
1 41 
5 16 
35 18 
7 99 
74 
69 13 
51 47 
61 
6 85 
19 
64 
20 
39 
83 
90 
16 
24 52 
85 
27 
98 27 
11 
2 
41 
77 
52 
99 
43 
34 
18 
29 
26 
60 
65 
93 
63 
92 
14 
84 
25 
47 
88 
86 
13 
80 
12 
# clone tree 55 objective: 2.77752
0 66 55 
55 17 53 
53 44 73 62 
62 5 36 68 
68 37 59 
59 91 9 
17 88 78 
9 35 49 3 
78 82 
3 93 26 2 15 40 
82 43 39 6 97 70 
73 24 45 56 
40 20 31 
8 83 96 72 
56 1 71 
31 8 
71 14 65 23 
70 89 4 
4 11 54 
54 75 
72 47 50 
23 30 
37 69 87 
50 28 
28 22 21 
36 95 
75 32 
95 34 46 
30 57 
91 63 33 
32 61 48 
21 38 
87 58 
66 12 94 
57 76 
33 51 
38 79 
48 42 
46 98 81 
76 67 
94 84 
22 80 
49 10 
45 29 
89 90 
58 64 
44 13 19 
96 
42 
67 60 
10 
79 25 77 
97 7 
81 74 
15 
1 41 
5 16 
35 18 
7 99 
74 
69 
51 
61 
6 85 
19 
64 52 
20 
39 
83 
90 
16 
24 
85 
27 86 
98 27 
11 
2 
41 
77 
52 
99 
43 
34 
18 92 
29 
26 
60 
65 
93 
63 
92 
14 
84 
25 
47 
88 
86 
13 
80 
12 
# clone tree 56 objective: 2.77752
0 66 55 
55 17 53 
53 44 73 62 
62 5 36 68 
68 37 59 
59 91 9 
17 78 
9 88 63 35 49 3 
78 65 82 
3 93 26 2 15 40 
82 43 39 6 97 70 
73 24 45 56 
40 20 31 
8 96 72 
56 86 1 71 
31 8 
71 23 
70 89 4 
4 11 54 
54 75 
72 14 50 
23 92 83 30 
37 69 87 
50 28 
28 22 21 
36 95 
75 32 
95 34 46 
30 57 
91 33 
32 61 48 
21 38 
87 58 
66 94 
57 76 
33 84 51 
38 79 
48 47 42 
46 98 81 
76 67 
94 
22 
49 10 
45 29 
89 90 
58 64 
44 19 
96 
42 
67 60 
10 
79 25 77 
97 7 
81 74 
15 
1 41 
5 16 
35 18 
7 99 
74 
69 
51 
61 
6 85 
19 
64 52 
20 
39 
83 
90 
16 
24 13 
85 
27 
98 27 
11 
2 
41 12 
77 
52 
99 
43 
34 80 
18 
29 
26 
60 
65 
93 
63 
92 
14 
84 
25 
47 
88 
86 
13 
80 
12 
# clone tree 57 objective: 2.77752
0 14 66 55 
55 17 53 
53 44 73 62 
62 5 36 68 
68 12 37 59 
59 91 9 
17 63 26 78 
9 35 49 3 
78 82 
3 93 2 15 40 
82 43 39 6 97 70 
73 24 45 56 
40 20 31 
8 83 96 72 
56 80 1 71 
31 8 
71 23 
70 89 4 
4 11 54 
54 75 
72 50 
23 30 
37 69 87 
50 28 
28 22 21 
36 95 
75 32 
95 34 46 
30 57 
91 33 
32 61 48 
21 47 38 
87 58 
66 86 94 
57 65 76 
33 51 
38 79 
48 42 
46 98 81 
76 67 
94 
22 
49 10 
45 29 
89 90 
58 64 
44 19 
96 
42 84 
67 60 
10 
79 25 77 
97 7 
81 74 
15 
1 41 
5 16 
35 18 
7 99 
74 
69 13 
51 
61 
6 85 
19 92 
64 
20 
39 
83 
90 
16 
24 52 
85 
27 
98 27 
11 
2 
41 
77 
52 
99 
43 
34 88 
18 
29 
26 
60 
65 
93 
63 
92 
14 
84 
25 
47 
88 
86 
13 
80 
12 
# clone tree 58 objective: 2.77752
0 66 55 
55 17 53 
53 44 73 62 
62 5 36 68 
68 37 59 
59 91 9 
17 78 
9 88 63 35 49 3 
78 65 82 
3 93 26 2 15 40 
82 43 39 6 97 70 
73 24 45 56 
40 20 31 
8 96 72 
56 1 71 
31 8 
71 23 
70 89 4 
4 11 54 
54 75 
72 14 50 
23 92 83 30 
37 69 87 
50 28 
28 22 21 
36 95 
75 32 
95 34 46 
30 57 
91 33 
32 61 48 
21 38 
87 58 
66 94 
57 13 76 
33 84 51 
38 79 
48 47 42 
46 98 81 
76 67 
94 
22 86 
49 10 
45 29 
89 90 
58 64 
44 19 
96 
42 
67 60 
10 
79 25 77 
97 7 
81 74 
15 
1 41 
5 16 
35 18 
7 99 
74 80 
69 
51 
61 
6 85 
19 
64 52 
20 
39 
83 
90 
16 
24 
85 
27 
98 27 
11 
2 
41 
77 
52 
99 
43 
34 12 
18 
29 
26 
60 
65 
93 
63 
92 
14 
84 
25 
47 
88 
86 
13 
80 
12 
# clone tree 59 objective: 2.77752
0 66 55 
55 17 53 
53 44 73 62 
62 5 36 68 
68 88 37 59 
59 91 9 
17 78 
9 63 35 49 3 
78 82 
3 93 26 2 15 40 
82 39 6 97 70 
73 24 45 56 
40 20 31 
8 96 72 
56 1 71 
31 8 
71 84 14 23 
70 89 4 
4 11 54 
54 75 
72 50 
23 92 83 30 
37 69 87 
50 28 
28 22 21 
36 95 
75 32 
95 34 46 
30 43 57 
91 33 
32 61 48 
21 38 
87 58 
66 94 
57 76 
33 51 
38 79 
48 42 
46 98 81 
76 67 
94 
22 65 
49 10 
45 29 
89 90 
58 64 
44 19 
96 
42 
67 60 
10 
79 25 77 
97 7 
81 74 
15 
1 41 
5 16 
35 18 
7 99 
74 80 
69 13 
51 47 
61 
6 85 
19 
64 
20 
39 
83 86 
90 
16 12 
24 52 
85 
27 
98 27 
11 
2 
41 
77 
52 
99 
43 
34 
18 
29 
26 
60 
65 
93 
63 
92 
14 
84 
25 
47 
88 
86 
13 
80 
12 
# clone tree 60 objective: 2.77752
0 14 66 55 
55 17 53 
53 44 73 62 
62 5 36 68 
68 37 59 
59 91 9 
17 78 
9 35 49 3 
78 82 
3 93 26 2 15 40 
82 43 39 6 97 70 
73 24 45 56 
40 20 31 
8 83 96 72 
56 1 71 
31 8 
71 23 
70 89 4 
4 11 54 
54 80 75 
72 84 50 
23 30 
37 12 69 87 
50 28 
28 22 21 
36 95 
75 32 
95 34 46 
30 13 57 
91 63 33 
32 61 48 
21 38 
87 58 
66 86 94 
57 65 76 
33 51 
38 79 
48 42 
46 98 81 
76 67 
94 
22 
49 10 
45 29 
89 90 
58 64 
44 19 
96 
42 
67 60 
10 
79 25 77 
97 7 
81 47 74 
15 
1 41 
5 16 
35 88 18 
7 99 
74 
69 
51 
61 
6 85 
19 92 
64 
20 
39 
83 
90 
16 
24 52 
85 
27 
98 27 
11 
2 
41 
77 
52 
99 
43 
34 
18 
29 
26 
60 
65 
93 
63 
92 
14 
84 
25 
47 
88 
86 
13 
80 
12 
# clone tree 61 objective: 2.77752
0 66 55 
55 17 53 
53 44 73 62 
62 5 36 68 
68 37 59 
59 91 9 
17 78 
9 63 35 49 3 
78 65 82 
3 88 93 26 2 15 40 
82 43 39 6 97 70 
73 24 45 56 
40 20 31 
8 96 72 
56 1 71 
31 8 
71 23 
70 89 4 
4 11 54 
54 75 
72 47 14 50 
23 92 83 30 
37 69 87 
50 28 
28 22 21 
36 95 
75 32 
95 34 46 
30 57 
91 33 
32 61 48 
21 38 
87 58 
66 94 
57 76 
33 84 51 
38 79 
48 42 
46 98 81 
76 67 
94 
22 80 
49 10 
45 29 
89 90 
58 64 
44 19 
96 
42 
67 86 60 
10 
79 25 77 
97 7 
81 74 
15 12 
1 41 
5 16 
35 18 
7 99 
74 
69 
51 
61 
6 85 
19 
64 52 
20 
39 
83 
90 
16 
24 
85 
27 
98 27 
11 13 
2 
41 
77 
52 
99 
43 
34 
18 
29 
26 
60 
65 
93 
63 
92 
14 
84 
25 
47 
88 
86 
13 
80 
12 
# clone tree 62 objective: 2.77752
0 14 66 55 
55 17 53 
53 44 73 62 
62 5 36 68 
68 37 59 
59 91 9 
17 26 78 
9 35 49 3 
78 82 
3 93 2 15 40 
82 39 6 97 70 
73 24 45 56 
40 20 31 
8 96 72 
56 1 71 
31 8 
71 23 
70 89 4 
4 11 54 
54 65 75 
72 50 
23 83 30 
37 69 87 
50 28 
28 22 21 
36 95 
75 32 
95 34 46 
30 43 57 
91 88 63 33 
32 61 48 
21 38 
87 58 
66 80 94 
57 76 
33 51 
38 79 
48 47 42 
46 98 81 
76 67 
94 
22 92 
49 10 
45 29 
89 90 
58 64 
44 19 
96 
42 84 
67 60 
10 
79 25 77 
97 7 
81 74 
15 
1 41 
5 16 
35 18 
7 99 
74 
69 13 86 
51 
61 
6 85 
19 
64 
20 
39 
83 
90 
16 
24 52 
85 
27 
98 27 
11 
2 
41 
77 
52 
99 
43 
34 
18 
29 
26 
60 
65 
93 
63 12 
92 
14 
84 
25 
47 
88 
86 
13 
80 
12 
# clone tree 63 objective: 2.77752
0 14 66 55 
55 17 53 
53 44 73 62 
62 5 36 68 
68 37 59 
59 91 9 
17 26 78 
9 35 49 3 
78 82 
3 93 2 15 40 
82 39 6 97 70 
73 24 45 56 
40 20 31 
8 96 72 
56 1 71 
31 8 
71 23 
70 89 4 
4 11 54 
54 65 75 
72 50 
23 88 83 30 
37 69 87 
50 28 
28 22 21 
36 86 95 
75 32 
95 34 46 
30 43 57 
91 63 33 
32 61 48 
21 38 
87 58 
66 94 
57 76 
33 51 
38 80 79 
48 42 
46 98 81 
76 67 
94 
22 92 
49 10 
45 29 
89 90 
58 64 
44 19 
96 
42 84 
67 60 
10 
79 25 77 
97 7 
81 74 
15 
1 41 
5 16 
35 18 
7 99 
74 
69 
51 47 
61 13 
6 85 
19 
64 
20 
39 
83 
90 
16 
24 52 
85 
27 
98 27 
11 
2 
41 
77 
52 
99 
43 
34 
18 
29 
26 
60 
65 
93 
63 
92 
14 
84 
25 
47 
88 
86 12 
13 
80 
12 
# clone tree 64 objective: 2.77752
0 66 55 
55 12 17 53 
53 44 73 62 
62 5 36 68 
68 88 37 59 
59 91 9 
17 78 
9 35 49 3 
78 82 
3 93 26 2 15 40 
82 43 39 6 97 70 
73 13 24 45 56 
40 20 31 
8 47 83 96 72 
56 1 71 
31 8 
71 14 65 23 
70 89 4 
4 11 54 
54 75 
72 50 
23 30 
37 69 87 
50 28 
28 22 21 
36 95 
75 32 
95 34 46 
30 57 
91 63 33 
32 61 48 
21 38 
87 58 
66 94 
57 76 
33 51 
38 79 
48 42 
46 98 81 
76 67 
94 84 
22 80 
49 10 
45 29 
89 90 
58 64 
44 19 
96 
42 
67 60 
10 
79 25 77 
97 7 
81 74 
15 
1 41 
5 16 
35 18 
7 99 
74 
69 
51 
61 
6 85 
19 
64 52 
20 
39 
83 86 
90 
16 
24 
85 
27 
98 27 
11 
2 
41 
77 
52 
99 
43 
34 
18 92 
29 
26 
60 
65 
93 
63 
92 
14 
84 
25 
47 
88 
86 
13 
80 
12 
# clone tree 65 objective: 2.77752
0 14 66 55 
55 17 53 
53 44 73 62 
62 5 36 68 
68 37 59 
59 91 9 
17 63 26 78 
9 35 49 3 
78 82 
3 93 2 15 40 
82 43 39 6 97 70 
73 24 45 56 
40 20 31 
8 83 96 72 
56 1 71 
31 8 
71 23 
70 89 4 
4 11 54 
54 75 
72 50 
23 30 
37 69 87 
50 28 
28 22 21 
36 95 
75 32 
95 34 46 
30 57 
91 33 
32 61 48 
21 47 38 
87 58 
66 86 94 
57 65 76 
33 51 
38 79 
48 42 
46 98 81 
76 67 
94 
22 
49 10 
45 29 
89 90 
58 64 
44 19 
96 
42 84 
67 60 
10 
79 25 77 
97 7 
81 74 
15 
1 41 
5 16 
35 18 
7 99 
74 
69 
51 
61 
6 85 
19 92 
64 
20 
39 
83 
90 
16 
24 52 
85 
27 
98 27 
11 13 
2 
41 80 
77 
52 
99 
43 
34 88 
18 
29 
26 
60 
65 
93 
63 
92 
14 
84 
25 
47 
88 
86 12 
13 
80 
12 
# clone tree 66 objective: 2.77752
0 14 66 55 
55 17 53 
53 44 73 62 
62 5 36 68 
68 37 59 
59 91 9 
17 26 78 
9 35 49 3 
78 82 
3 93 2 15 40 
82 39 6 97 70 
73 24 45 56 
40 20 31 
8 96 72 
56 1 71 
31 8 
71 23 
70 89 4 
4 11 54 
54 65 75 
72 50 
23 83 30 
37 69 87 
50 28 
28 12 22 21 
36 95 
75 32 
95 34 46 
30 43 57 
91 88 63 33 
32 61 48 
21 38 
87 58 
66 94 
57 76 
33 51 
38 80 79 
48 47 42 
46 98 81 
76 67 
94 
22 92 
49 10 
45 29 
89 90 
58 64 
44 19 
96 
42 84 
67 60 
10 
79 25 77 
97 7 
81 74 
15 
1 41 
5 16 
35 18 
7 99 
74 
69 13 86 
51 
61 
6 85 
19 
64 
20 
39 
83 
90 
16 
24 52 
85 
27 
98 27 
11 
2 
41 
77 
52 
99 
43 
34 
18 
29 
26 
60 
65 
93 
63 
92 
14 
84 
25 
47 
88 
86 
13 
80 
12 
# clone tree 67 objective: 2.77752
0 66 55 
55 17 53 
53 44 73 62 
62 14 5 36 68 
68 37 59 
59 91 9 
17 63 78 
9 35 49 3 
78 82 
3 93 26 2 15 40 
82 43 39 6 97 70 
73 13 24 45 56 
40 20 31 
8 86 83 96 72 
56 1 71 
31 8 
71 65 23 
70 89 4 
4 12 11 54 
54 25 75 
72 50 
23 92 30 
37 69 87 
50 28 
28 22 21 
36 95 
75 32 
95 34 46 
30 57 
91 33 
32 61 48 
21 38 
87 58 
66 80 94 
57 76 
33 51 
38 88 79 
48 42 
46 98 81 
76 67 
94 
22 
49 10 
45 29 
89 90 
58 64 
44 19 
96 
42 84 
67 60 
10 
79 77 
97 7 
81 74 
15 
1 41 
5 16 
35 18 
7 99 
74 
69 
51 47 
61 
6 85 
19 
64 52 
20 
39 
83 
90 
16 
24 
85 
27 
98 27 
11 
2 
41 
77 
52 
99 
43 
34 
18 
29 
26 
60 
65 
93 
63 
92 
14 
84 
25 
47 
88 
86 
13 
80 
12 
# clone tree 68 objective: 2.77752
0 66 55 
55 17 53 
53 44 73 62 
62 5 36 68 
68 37 59 
59 91 9 
17 78 
9 63 35 49 3 
78 65 82 
3 88 93 26 2 15 40 
82 43 39 6 97 70 
73 24 45 56 
40 20 31 
8 96 72 
56 1 71 
31 8 
71 23 
70 89 4 
4 11 54 
54 75 
72 47 14 50 
23 92 83 30 
37 69 87 
50 28 
28 22 21 
36 95 
75 32 
95 12 34 46 
30 57 
91 33 
32 61 48 
21 38 
87 58 
66 94 
57 76 
33 84 51 
38 79 
48 42 
46 98 81 
76 67 
94 80 
22 
49 10 
45 29 
89 90 
58 64 
44 19 
96 
42 
67 86 60 
10 
79 25 77 
97 7 
81 74 
15 
1 41 
5 16 
35 18 
7 99 
74 
69 
51 
61 
6 85 
19 
64 52 
20 
39 
83 
90 
16 
24 
85 
27 
98 27 
11 13 
2 
41 
77 
52 
99 
43 
34 
18 
29 
26 
60 
65 
93 
63 
92 
14 
84 
25 
47 
88 
86 
13 
80 
12 
# clone tree 69 objective: 2.77752
0 66 55 
55 17 53 
53 44 73 62 
62 5 36 68 
68 37 59 
59 91 9 
17 63 26 78 
9 35 49 3 
78 82 
3 88 93 2 15 40 
82 43 39 6 97 70 
73 24 45 56 
40 20 31 
8 86 96 72 
56 1 71 
31 8 
71 23 
70 89 4 
4 11 54 
54 75 
72 47 50 
23 83 30 
37 69 87 
50 28 
28 22 21 
36 95 
75 32 
95 14 34 46 
30 57 
91 33 
32 61 48 
21 38 
87 58 
66 94 
57 76 
33 51 
38 79 
48 42 
46 98 81 
76 67 
94 
22 
49 10 
45 29 
89 90 
58 64 
44 19 
96 
42 84 
67 60 
10 65 
79 25 77 
97 7 
81 74 
15 
1 41 
5 16 
35 18 
7 99 
74 
69 
51 
61 13 
6 85 
19 92 
64 
20 
39 
83 
90 
16 
24 52 
85 
27 
98 27 
11 
2 80 
41 
77 
52 
99 
43 
34 
18 12 
29 
26 
60 
65 
93 
63 
92 
14 
84 
25 
47 
88 
86 
13 
80 
12 
# clone tree 70 objective: 2.77752
0 66 55 
55 17 53 
53 44 73 62 
62 86 5 36 68 
68 37 59 
59 91 9 
17 78 
9 35 49 3 
78 82 
3 88 93 26 2 15 40 
82 39 6 97 70 
73 24 45 56 
40 20 31 
8 83 96 72 
56 1 71 
31 8 
71 14 23 
70 89 4 
4 11 54 
54 80 25 75 
72 84 50 
23 30 
37 69 87 
50 28 
28 22 21 
36 95 
75 32 
95 34 46 
30 43 57 
91 63 33 
32 61 48 
21 38 
87 58 
66 94 
57 76 
33 13 51 
38 79 
48 42 
46 98 81 
76 67 
94 65 
22 
49 10 
45 29 
89 90 
58 64 
44 19 
96 
42 
67 60 
10 
79 77 
97 7 
81 74 
15 
1 41 
5 16 
35 18 
7 99 
74 
69 
51 47 
61 
6 85 
19 92 
64 52 
20 
39 
83 
90 
16 
24 
85 
27 
98 27 
11 
2 
41 12 
77 
52 
99 
43 
34 
18 
29 
26 
60 
65 
93 
63 
92 
14 
84 
25 
47 
88 
86 
13 
80 
12 
# clone tree 71 objective: 2.77752
0 66 55 
55 17 53 
53 44 73 62 
62 14 5 36 68 
68 37 59 
59 91 9 
17 63 78 
9 35 49 3 
78 82 
3 93 26 2 15 40 
82 43 39 6 97 70 
73 13 24 45 56 
40 20 31 
8 86 83 96 72 
56 1 71 
31 8 
71 65 23 
70 89 4 
4 11 54 
54 25 75 
72 50 
23 92 30 
37 69 87 
50 28 
28 22 21 
36 95 
75 32 
95 34 46 
30 57 
91 33 
32 61 48 
21 38 
87 58 
66 80 94 
57 76 
33 51 
38 88 79 
48 42 
46 98 81 
76 67 
94 
22 
49 10 
45 29 
89 90 
58 64 
44 19 
96 
42 84 
67 60 
10 12 
79 77 
97 7 
81 74 
15 
1 41 
5 16 
35 18 
7 99 
74 
69 
51 47 
61 
6 85 
19 
64 52 
20 
39 
83 
90 
16 
24 
85 
27 
98 27 
11 
2 
41 
77 
52 
99 
43 
34 
18 
29 
26 
60 
65 
93 
63 
92 
14 
84 
25 
47 
88 
86 
13 
80 
12 
# clone tree 72 objective: 2.77752
0 66 55 
55 17 53 
53 44 73 62 
62 5 36 68 
68 88 37 59 
59 91 9 
17 78 
9 35 49 3 
78 82 
3 93 26 2 15 40 
82 43 39 6 97 70 
73 24 45 56 
40 20 31 
8 47 83 96 72 
56 1 71 
31 8 
71 14 65 23 
70 89 4 
4 11 54 
54 12 75 
72 50 
23 30 
37 69 87 
50 28 
28 22 21 
36 95 
75 32 
95 34 46 
30 57 
91 63 33 
32 61 48 
21 38 
87 58 
66 94 
57 76 
33 51 
38 79 
48 42 
46 98 81 
76 67 
94 84 
22 
49 10 
45 29 
89 90 
58 64 
44 19 
96 
42 
67 80 60 
10 
79 25 77 
97 7 
81 74 
15 
1 41 
5 16 
35 18 
7 99 
74 
69 
51 
61 13 
6 85 
19 
64 52 
20 
39 
83 86 
90 
16 
24 
85 
27 
98 27 
11 
2 
41 
77 
52 
99 
43 
34 
18 92 
29 
26 
60 
65 
93 
63 
92 
14 
84 
25 
47 
88 
86 
13 
80 
12 
# clone tree 73 objective: 2.77752
0 14 66 55 
55 17 53 
53 44 73 62 
62 5 36 68 
68 37 59 
59 91 9 
17 78 
9 35 49 3 
78 82 
3 93 26 2 15 40 
82 43 39 6 97 70 
73 24 45 56 
40 20 31 
8 83 96 72 
56 1 71 
31 8 
71 23 
70 89 4 
4 11 54 
54 75 
72 84 50 
23 30 
37 69 87 
50 28 
28 22 21 
36 95 
75 32 
95 34 46 
30 13 57 
91 63 33 
32 61 48 
21 38 
87 58 
66 86 94 
57 65 76 
33 51 
38 79 
48 42 
46 98 81 
76 67 
94 
22 
49 10 
45 29 
89 90 
58 64 
44 19 
96 
42 
67 60 
10 80 
79 25 77 
97 7 
81 47 74 
15 
1 41 
5 16 
35 88 18 
7 99 
74 
69 
51 
61 
6 85 
19 92 
64 
20 
39 
83 
90 
16 
24 52 
85 
27 
98 27 
11 
2 
41 
77 
52 
99 
43 
34 
18 
29 
26 
60 
65 
93 
63 12 
92 
14 
84 
25 
47 
88 
86 
13 
80 
12 
# clone tree 74 objective: 2.77752
0 14 66 55 
55 17 53 
53 44 73 62 
62 5 36 68 
68 37 59 
59 91 9 
17 26 78 
9 35 49 3 
78 82 
3 93 2 15 40 
82 39 6 97 70 
73 24 45 56 
40 20 31 
8 96 72 
56 1 71 
31 8 
71 80 23 
70 89 4 
4 11 54 
54 65 75 
72 50 
23 83 30 
37 69 87 
50 28 
28 22 21 
36 95 
75 32 
95 34 46 
30 13 43 57 
91 88 63 33 
32 61 48 
21 38 
87 58 
66 94 
57 76 
33 51 
38 79 
48 47 42 
46 98 81 
76 67 
94 
22 92 
49 10 
45 29 
89 86 90 
58 64 
44 19 
96 
42 84 
67 60 
10 
79 25 77 
97 7 
81 74 
15 
1 41 
5 16 
35 18 
7 99 
74 
69 
51 
61 
6 85 
19 
64 
20 
39 
83 
90 
16 
24 52 
85 
27 
98 27 
11 
2 
41 
77 
52 
99 
43 
34 
18 
29 
26 
60 12 
65 
93 
63 
92 
14 
84 
25 
47 
88 
86 
13 
80 
12 
# clone tree 75 objective: 2.77752
0 14 66 55 
55 17 53 
53 44 73 62 
62 5 36 68 
68 37 59 
59 91 9 
17 63 26 78 
9 35 49 3 
78 82 
3 93 2 15 40 
82 43 39 6 97 70 
73 24 45 56 
40 20 31 
8 83 96 72 
56 1 71 
31 8 
71 23 
70 89 4 
4 11 54 
54 75 
72 50 
23 30 
37 69 87 
50 28 
28 22 21 
36 95 
75 32 
95 34 46 
30 57 
91 33 
32 61 48 
21 47 38 
87 58 
66 86 94 
57 65 76 
33 51 
38 80 79 
48 42 
46 98 81 
76 67 
94 
22 
49 10 
45 29 
89 90 
58 64 
44 19 
96 
42 84 
67 60 
10 
79 25 77 
97 7 
81 74 
15 
1 41 
5 12 16 
35 18 
7 99 
74 
69 13 
51 
61 
6 85 
19 92 
64 
20 
39 
83 
90 
16 
24 52 
85 
27 
98 27 
11 
2 
41 
77 
52 
99 
43 
34 88 
18 
29 
26 
60 
65 
93 
63 
92 
14 
84 
25 
47 
88 
86 
13 
80 
12 
# clone tree 76 objective: 2.77752
0 66 55 
55 17 53 
53 44 73 62 
62 5 36 68 
68 37 59 
59 91 9 
17 78 
9 63 35 49 3 
78 65 82 
3 88 93 26 2 15 40 
82 43 39 6 97 70 
73 24 45 56 
40 20 31 
8 96 72 
56 1 71 
31 8 
71 23 
70 89 4 
4 11 54 
54 13 75 
72 47 14 50 
23 92 83 30 
37 69 87 
50 28 
28 22 21 
36 95 
75 32 
95 34 46 
30 57 
91 33 
32 61 48 
21 38 
87 58 
66 94 
57 76 
33 84 51 
38 79 
48 42 
46 98 81 
76 67 
94 
22 
49 10 
45 29 
89 90 
58 64 
44 19 
96 
42 
67 86 60 
10 
79 25 77 
97 7 
81 74 
15 
1 41 
5 16 
35 18 
7 99 
74 
69 
51 
61 
6 85 
19 
64 52 
20 
39 
83 
90 
16 
24 12 
85 
27 
98 27 
11 80 
2 
41 
77 
52 
99 
43 
34 
18 
29 
26 
60 
65 
93 
63 
92 
14 
84 
25 
47 
88 
86 
13 
80 
12 
# clone tree 77 objective: 2.77752
0 66 55 
55 17 53 
53 44 73 62 
62 5 36 68 
68 37 59 
59 91 9 
17 78 
9 63 35 49 3 
78 65 82 
3 88 93 26 2 15 40 
82 43 39 6 97 70 
73 24 45 56 
40 20 31 
8 96 72 
56 1 71 
31 8 
71 80 23 
70 89 4 
4 11 54 
54 75 
72 47 14 50 
23 92 83 30 
37 69 87 
50 28 
28 22 21 
36 95 
75 32 
95 34 46 
30 57 
91 33 
32 61 48 
21 38 
87 58 
66 94 
57 76 
33 84 51 
38 79 
48 42 
46 98 81 
76 67 
94 
22 
49 10 
45 29 
89 90 
58 64 
44 19 
96 
42 
67 86 60 
10 
79 25 77 
97 7 
81 74 
15 
1 41 
5 16 
35 12 18 
7 99 
74 
69 
51 
61 
6 85 
19 
64 52 
20 
39 
83 
90 
16 
24 
85 
27 
98 27 
11 13 
2 
41 
77 
52 
99 
43 
34 
18 
29 
26 
60 
65 
93 
63 
92 
14 
84 
25 
47 
88 
86 
13 
80 
12 
# clone tree 78 objective: 2.77752
0 66 55 
55 17 53 
53 44 73 62 
62 5 36 68 
68 37 59 
59 91 9 
17 78 
9 63 35 49 3 
78 65 82 
3 88 93 26 2 15 40 
82 43 39 6 97 70 
73 24 45 56 
40 20 31 
8 96 72 
56 1 71 
31 8 
71 23 
70 89 4 
4 11 54 
54 75 
72 47 14 50 
23 92 83 30 
37 69 87 
50 28 
28 22 21 
36 95 
75 32 
95 34 46 
30 57 
91 33 
32 61 48 
21 38 
87 58 
66 94 
57 76 
33 12 84 51 
38 79 
48 42 
46 98 81 
76 67 
94 
22 
49 10 
45 29 
89 90 
58 64 
44 19 
96 
42 
67 86 60 
10 
79 25 77 
97 7 
81 74 
15 
1 41 
5 16 
35 18 
7 99 
74 80 
69 
51 
61 
6 85 
19 
64 52 
20 
39 
83 
90 
16 
24 
85 
27 
98 27 
11 13 
2 
41 
77 
52 
99 
43 
34 
18 
29 
26 
60 
65 
93 
63 
92 
14 
84 
25 
47 
88 
86 
13 
80 
12 
# clone tree 79 objective: 2.77752
0 66 55 
55 17 53 
53 44 73 62 
62 5 36 68 
68 37 59 
59 91 9 
17 78 
9 63 35 49 3 
78 65 82 
3 88 93 26 2 15 40 
82 43 39 6 97 70 
73 13 24 45 56 
40 20 31 
8 96 72 
56 1 71 
31 8 
71 23 
70 89 4 
4 11 54 
54 75 
72 47 14 50 
23 92 83 30 
37 69 87 
50 28 
28 22 21 
36 95 
75 32 
95 12 34 46 
30 57 
91 33 
32 61 48 
21 38 
87 58 
66 94 
57 76 
33 84 51 
38 79 
48 42 
46 98 81 
76 67 
94 
22 
49 10 
45 29 
89 90 
58 64 
44 19 
96 
42 
67 86 60 
10 
79 25 77 
97 7 
81 74 
15 
1 41 
5 16 
35 18 
7 99 
74 
69 
51 
61 
6 85 
19 
64 52 
20 
39 
83 
90 
16 
24 
85 
27 
98 27 
11 
2 
41 80 
77 
52 
99 
43 
34 
18 
29 
26 
60 
65 
93 
63 
92 
14 
84 
25 
47 
88 
86 
13 
80 
12 
# clone tree 80 objective: 2.77752
0 14 66 55 
55 17 53 
53 44 73 62 
62 5 36 68 
68 37 59 
59 91 9 
17 26 78 
9 35 49 3 
78 82 
3 93 2 15 40 
82 39 6 97 70 
73 24 45 56 
40 20 31 
8 96 72 
56 1 71 
31 8 
71 23 
70 89 4 
4 11 54 
54 65 75 
72 50 
23 88 83 30 
37 69 87 
50 28 
28 22 21 
36 86 95 
75 32 
95 34 46 
30 43 57 
91 63 33 
32 61 48 
21 38 
87 58 
66 94 
57 76 
33 51 
38 80 79 
48 42 
46 98 81 
76 67 
94 
22 92 
49 10 
45 29 
89 90 
58 64 
44 19 
96 
42 84 
67 60 
10 
79 25 77 
97 7 
81 74 
15 
1 41 
5 16 
35 18 
7 99 
74 
69 13 
51 47 
61 
6 85 
19 
64 
20 
39 
83 
90 
16 
24 52 
85 
27 
98 27 
11 
2 
41 
77 
52 
99 
43 
34 
18 
29 
26 
60 
65 
93 
63 
92 
14 
84 12 
25 
47 
88 
86 
13 
80 
12 
# clone tree 81 objective: 2.77752
0 14 66 55 
55 17 53 
53 44 73 62 
62 5 36 68 
68 37 59 
59 91 9 
17 63 26 78 
9 35 49 3 
78 82 
3 93 2 15 40 
82 43 39 6 97 70 
73 24 45 56 
40 20 31 
8 83 96 72 
56 1 71 
31 8 
71 23 
70 89 4 
4 11 54 
54 75 
72 47 50 
23 30 
37 69 87 
50 28 
28 22 21 
36 95 
75 32 
95 34 46 
30 57 
91 33 
32 61 48 
21 38 
87 58 
66 86 94 
57 65 76 
33 13 51 
38 79 
48 42 
46 98 81 
76 67 
94 
22 
49 10 
45 29 
89 90 
58 64 
44 19 
96 
42 84 
67 60 
10 
79 25 77 
97 7 
81 74 
15 12 
1 41 
5 16 
35 18 
7 99 
74 
69 
51 
61 
6 85 
19 92 
64 
20 
39 
83 
90 
16 
24 52 
85 
27 
98 27 
11 
2 
41 80 88 
77 
52 
99 
43 
34 
18 
29 
26 
60 
65 
93 
63 
92 
14 
84 
25 
47 
88 
86 
13 
80 
12 
# clone tree 82 objective: 2.77752
0 66 55 
55 17 53 
53 44 73 62 
62 5 36 68 
68 37 59 
59 91 9 
17 78 
9 35 49 3 
78 82 
3 93 26 2 15 40 
82 43 39 6 97 70 
73 24 45 56 
40 20 31 
8 83 96 72 
56 1 71 
31 8 
71 13 14 65 23 
70 89 4 
4 11 54 
54 25 75 
72 50 
23 30 
37 69 87 
50 28 
28 22 21 
36 86 95 
75 32 
95 34 46 
30 57 
91 63 33 
32 61 48 
21 38 
87 58 
66 94 
57 76 
33 51 
38 79 
48 47 42 
46 98 81 
76 67 
94 84 
22 
49 10 
45 29 
89 90 
58 64 
44 19 
96 
42 
67 60 
10 
79 77 
97 7 
81 74 
15 
1 41 
5 16 
35 18 
7 99 
74 
69 
51 
61 
6 85 
19 
64 52 
20 12 
39 
83 
90 
16 
24 
85 
27 
98 27 
11 
2 
41 
77 
52 
99 
43 
34 88 
18 92 
29 
26 
60 
65 80 
93 
63 
92 
14 
84 
25 
47 
88 
86 
13 
80 
12 
# clone tree 83 objective: 2.77752
0 66 55 
55 17 53 
53 44 73 62 
62 5 36 68 
68 37 59 
59 91 9 
17 63 26 78 
9 35 49 3 
78 82 
3 88 93 2 15 40 
82 43 39 6 97 70 
73 24 45 56 
40 20 31 
8 96 72 
56 1 71 
31 8 
71 84 23 
70 89 4 
4 11 54 
54 13 75 
72 47 50 
23 92 83 30 
37 69 87 
50 28 
28 22 21 
36 95 
75 32 
95 34 46 
30 57 
91 33 
32 61 48 
21 38 
87 58 
66 94 
57 76 
33 51 
38 79 
48 42 
46 98 81 
76 67 
94 14 
22 80 
49 10 
45 29 
89 90 
58 64 
44 19 
96 
42 
67 60 
10 65 
79 25 77 
97 7 
81 74 
15 
1 41 
5 16 
35 12 18 
7 99 
74 
69 
51 
61 
6 85 
19 
64 
20 
39 
83 86 
90 
16 
24 52 
85 
27 
98 27 
11 
2 
41 
77 
52 
99 
43 
34 
18 
29 
26 
60 
65 
93 
63 
92 
14 
84 
25 
47 
88 
86 
13 
80 
12 
# clone tree 84 objective: 2.77752
0 66 55 
55 17 53 
53 44 73 62 
62 5 36 68 
68 37 59 
59 91 9 
17 63 26 78 
9 35 49 3 
78 82 
3 88 93 2 15 40 
82 43 39 6 97 70 
73 24 45 56 
40 20 31 
8 86 96 72 
56 1 71 
31 8 
71 23 
70 12 89 4 
4 11 54 
54 75 
72 13 50 
23 83 30 
37 69 87 
50 28 
28 22 21 
36 95 
75 32 
95 14 34 46 
30 57 
91 33 
32 61 48 
21 47 38 
87 58 
66 94 
57 76 
33 51 
38 79 
48 42 
46 98 81 
76 67 
94 
22 
49 10 
45 29 
89 90 
58 64 
44 19 
96 
42 84 
67 80 60 
10 65 
79 25 77 
97 7 
81 74 
15 
1 41 
5 16 
35 18 
7 99 
74 
69 
51 
61 
6 85 
19 92 
64 
20 
39 
83 
90 
16 
24 52 
85 
27 
98 27 
11 
2 
41 
77 
52 
99 
43 
34 
18 
29 
26 
60 
65 
93 
63 
92 
14 
84 
25 
47 
88 
86 
13 
80 
12 
# clone tree 85 objective: 2.77752
0 66 55 
55 17 53 
53 44 73 62 
62 5 36 68 
68 37 59 
59 91 9 
17 78 
9 63 35 49 3 
78 65 82 
3 88 93 26 2 15 40 
82 43 39 6 97 70 
73 24 45 56 
40 20 31 
8 96 72 
56 1 71 
31 8 
71 23 
70 89 4 
4 11 54 
54 80 75 
72 47 14 50 
23 92 83 30 
37 69 87 
50 28 
28 22 21 
36 95 
75 32 
95 34 46 
30 57 
91 33 
32 61 48 
21 38 
87 58 
66 94 
57 76 
33 84 51 
38 12 79 
48 42 
46 98 81 
76 67 
94 
22 
49 10 
45 29 
89 90 
58 64 
44 19 
96 
42 
67 86 60 
10 
79 25 77 
97 7 
81 74 
15 
1 41 
5 16 
35 18 
7 99 
74 
69 
51 
61 
6 85 
19 
64 52 
20 
39 
83 
90 
16 
24 
85 
27 
98 27 
11 13 
2 
41 
77 
52 
99 
43 
34 
18 
29 
26 
60 
65 
93 
63 
92 
14 
84 
25 
47 
88 
86 
13 
80 
12 
# clone tree 86 objective: 2.77752
0 66 55 
55 17 53 
53 44 73 62 
62 5 36 68 
68 37 59 
59 91 9 
17 63 26 78 
9 35 49 3 
78 80 82 
3 88 93 2 15 40 
82 43 39 6 97 70 
73 24 45 56 
40 20 31 
8 86 96 72 
56 1 71 
31 8 
71 23 
70 89 4 
4 11 54 
54 75 
72 50 
23 83 30 
37 69 87 
50 28 
28 22 21 
36 95 
75 32 
95 14 34 46 
30 57 
91 33 
32 61 48 
21 47 38 
87 58 
66 94 
57 76 
33 13 51 
38 79 
48 42 
46 98 81 
76 67 
94 
22 
49 10 
45 29 
89 90 
58 64 
44 19 
96 
42 84 
67 60 
10 65 
79 25 77 
97 7 
81 74 
15 
1 41 
5 16 
35 18 
7 99 
74 
69 
51 
61 
6 85 
19 12 92 
64 
20 
39 
83 
90 
16 
24 52 
85 
27 
98 27 
11 
2 
41 
77 
52 
99 
43 
34 
18 
29 
26 
60 
65 
93 
63 
92 
14 
84 
25 
47 
88 
86 
13 
80 
12 
# clone tree 87 objective: 2.77752
0 66 55 
55 17 53 
53 44 73 62 
62 14 5 36 68 
68 37 59 
59 91 9 
17 63 78 
9 35 49 3 
78 82 
3 93 26 2 15 40 
82 43 39 6 97 70 
73 24 45 56 
40 20 31 
8 86 83 96 72 
56 1 71 
31 8 
71 65 23 
70 89 4 
4 11 54 
54 25 75 
72 50 
23 92 30 
37 69 87 
50 28 
28 22 21 
36 95 
75 32 
95 34 46 
30 57 
91 33 
32 61 48 
21 38 
87 58 
66 94 
57 76 
33 51 
38 79 
48 42 
46 98 81 
76 67 
94 
22 
49 10 
45 29 
89 12 90 
58 64 
44 19 
96 
42 84 
67 60 
10 
79 77 
97 7 
81 74 
15 
1 41 
5 16 
35 18 
7 99 
74 
69 
51 47 
61 
6 85 
19 
64 52 
20 
39 
83 
90 
16 
24 
85 
27 
98 27 
11 13 
2 
41 
77 
52 
99 
43 
34 80 88 
18 
29 
26 
60 
65 
93 
63 
92 
14 
84 
25 
47 
88 
86 
13 
80 
12 
# clone tree 88 objective: 2.77752
0 66 55 
55 17 53 
53 44 73 62 
62 5 36 68 
68 37 59 
59 91 9 
17 63 26 78 
9 35 49 3 
78 82 
3 88 93 2 15 40 
82 43 39 6 97 70 
73 24 45 56 
40 12 20 31 
8 86 96 72 
56 80 1 71 
31 8 
71 23 
70 89 4 
4 11 54 
54 75 
72 47 50 
23 83 30 
37 69 87 
50 28 
28 22 21 
36 95 
75 32 
95 14 34 46 
30 57 
91 33 
32 61 48 
21 38 
87 58 
66 94 
57 76 
33 51 
38 79 
48 42 
46 98 81 
76 67 
94 
22 
49 10 
45 29 
89 90 
58 64 
44 19 
96 
42 84 
67 60 
10 65 
79 25 77 
97 7 
81 74 
15 
1 41 
5 16 
35 18 
7 99 
74 
69 
51 
61 13 
6 85 
19 92 
64 
20 
39 
83 
90 
16 
24 52 
85 
27 
98 27 
11 
2 
41 
77 
52 
99 
43 
34 
18 
29 
26 
60 
65 
93 
63 
92 
14 
84 
25 
47 
88 
86 
13 
80 
12 
# clone tree 89 objective: 2.77752
0 14 66 55 
55 17 53 
53 44 73 62 
62 86 5 36 68 
68 37 59 
59 91 9 
17 26 78 
9 35 49 3 
78 82 
3 93 2 15 40 
82 39 6 97 70 
73 24 45 56 
40 20 31 
8 96 72 
56 80 1 71 
31 8 
71 23 
70 89 4 
4 11 54 
54 65 75 
72 50 
23 83 30 
37 69 87 
50 28 
28 22 21 
36 95 
75 32 
95 34 46 
30 43 57 
91 88 63 33 
32 61 48 
21 38 
87 12 58 
66 94 
57 13 76 
33 51 
38 79 
48 47 42 
46 98 81 
76 67 
94 
22 92 
49 10 
45 29 
89 90 
58 64 
44 19 
96 
42 84 
67 60 
10 
79 25 77 
97 7 
81 74 
15 
1 41 
5 16 
35 18 
7 99 
74 
69 
51 
61 
6 85 
19 
64 
20 
39 
83 
90 
16 
24 52 
85 
27 
98 27 
11 
2 
41 
77 
52 
99 
43 
34 
18 
29 
26 
60 
65 
93 
63 
92 
14 
84 
25 
47 
88 
86 
13 
80 
12 
# clone tree 90 objective: 2.77752
0 66 55 
55 17 53 
53 44 73 62 
62 5 36 68 
68 37 59 
59 91 9 
17 88 78 
9 35 49 3 
78 82 
3 93 26 2 15 40 
82 43 39 6 97 70 
73 24 45 56 
40 20 31 
8 83 96 72 
56 1 71 
31 8 
71 14 65 23 
70 89 4 
4 11 54 
54 75 
72 47 50 
23 30 
37 69 87 
50 28 
28 22 21 
36 95 
75 32 
95 34 46 
30 57 
91 63 33 
32 61 48 
21 38 
87 58 
66 94 
57 76 
33 51 
38 79 
48 42 
46 98 81 
76 67 
94 84 
22 
49 10 
45 29 
89 90 
58 64 
44 13 19 
96 
42 
67 60 
10 
79 25 77 
97 7 
81 74 
15 
1 41 
5 16 
35 18 
7 99 
74 
69 
51 
61 
6 85 
19 12 
64 52 
20 
39 
83 
90 
16 
24 
85 
27 86 
98 27 
11 
2 
41 80 
77 
52 
99 
43 
34 
18 92 
29 
26 
60 
65 
93 
63 
92 
14 
84 
25 
47 
88 
86 
13 
80 
12 
# clone tree 91 objective: 2.77752
0 14 66 55 
55 17 53 
53 44 73 62 
62 5 36 68 
68 37 59 
59 91 9 
17 26 78 
9 35 49 3 
78 82 
3 93 2 15 40 
82 39 6 97 70 
73 24 45 56 
40 20 31 
8 96 72 
56 1 71 
31 8 
71 23 
70 86 89 4 
4 11 54 
54 65 75 
72 50 
23 83 30 
37 69 87 
50 28 
28 22 21 
36 95 
75 32 
95 34 46 
30 43 57 
91 88 63 33 
32 61 48 
21 38 
87 58 
66 80 94 
57 76 
33 51 
38 79 
48 47 42 
46 98 81 
76 67 
94 
22 92 
49 10 
45 29 
89 90 
58 64 
44 19 
96 
42 84 
67 60 
10 
79 25 77 
97 7 
81 74 
15 
1 41 
5 16 
35 18 
7 99 
74 
69 
51 
61 
6 85 
19 
64 
20 
39 
83 
90 
16 
24 52 
85 
27 
98 27 
11 
2 13 
41 
77 
52 
99 
43 
34 
18 
29 
26 
60 
65 12 
93 
63 
92 
14 
84 
25 
47 
88 
86 
13 
80 
12 
# clone tree 92 objective: 2.77752
0 66 55 
55 17 53 
53 44 73 62 
62 5 36 68 
68 37 59 
59 91 9 
17 88 78 
9 35 49 3 
78 82 
3 93 26 2 15 40 
82 43 39 6 97 70 
73 24 45 56 
40 20 31 
8 83 96 72 
56 1 71 
31 8 
71 14 65 23 
70 89 4 
4 11 54 
54 75 
72 47 50 
23 30 
37 69 87 
50 28 
28 22 21 
36 95 
75 32 
95 34 46 
30 57 
91 63 33 
32 61 48 
21 38 
87 58 
66 94 
57 76 
33 51 
38 79 
48 42 
46 98 81 
76 67 
94 84 
22 80 
49 10 
45 29 
89 90 
58 64 
44 13 19 
96 
42 
67 12 60 
10 
79 25 77 
97 7 
81 74 
15 
1 41 
5 16 
35 18 
7 99 
74 
69 
51 
61 
6 85 
19 
64 52 
20 
39 
83 
90 
16 
24 
85 
27 86 
98 27 
11 
2 
41 
77 
52 
99 
43 
34 
18 92 
29 
26 
60 
65 
93 
63 
92 
14 
84 
25 
47 
88 
86 
13 
80 
12 
# clone tree 93 objective: 2.77752
0 14 66 55 
55 17 53 
53 44 73 62 
62 5 36 68 
68 37 59 
59 91 9 
17 26 78 
9 35 49 3 
78 82 
3 93 2 15 40 
82 39 6 97 70 
73 24 45 56 
40 20 31 
8 96 72 
56 1 71 
31 8 
71 23 
70 86 89 4 
4 11 54 
54 65 75 
72 12 50 
23 83 30 
37 69 87 
50 28 
28 22 21 
36 95 
75 32 
95 34 46 
30 43 57 
91 88 63 33 
32 61 48 
21 38 
87 58 
66 94 
57 76 
33 51 
38 79 
48 47 42 
46 98 81 
76 67 
94 
22 80 92 
49 10 
45 29 
89 90 
58 64 
44 19 
96 
42 84 
67 60 
10 
79 25 77 
97 7 
81 74 
15 
1 41 
5 16 
35 18 
7 99 
74 
69 
51 
61 
6 85 
19 
64 
20 
39 
83 
90 
16 
24 52 
85 
27 
98 27 
11 
2 13 
41 
77 
52 
99 
43 
34 
18 
29 
26 
60 
65 
93 
63 
92 
14 
84 
25 
47 
88 
86 
13 
80 
12 
# clone tree 94 objective: 2.77752
0 14 66 55 
55 17 53 
53 44 73 62 
62 5 36 68 
68 37 59 
59 91 9 
17 26 78 
9 35 49 3 
78 82 
3 93 2 15 40 
82 39 6 97 70 
73 24 45 56 
40 20 31 
8 96 72 
56 86 1 71 
31 8 
71 23 
70 89 4 
4 11 54 
54 65 75 
72 50 
23 83 30 
37 13 69 87 
50 28 
28 22 21 
36 95 
75 32 
95 34 46 
30 43 57 
91 63 33 
32 61 48 
21 38 
87 58 
66 94 
57 76 
33 51 
38 79 
48 42 
46 98 81 
76 67 
94 
22 92 
49 10 
45 29 
89 90 
58 64 
44 19 
96 
42 84 
67 60 
10 
79 25 77 
97 7 
81 74 
15 
1 88 41 
5 16 
35 18 
7 99 
74 
69 
51 47 
61 
6 85 
19 
64 
20 
39 
83 
90 
16 
24 52 
85 
27 
98 27 
11 
2 12 
41 
77 
52 
99 
43 
34 
18 
29 
26 
60 
65 80 
93 
63 
92 
14 
84 
25 
47 
88 
86 
13 
80 
12 
# clone tree 95 objective: 2.77752
0 66 55 
55 17 53 
53 44 73 62 
62 5 36 68 
68 37 59 
59 91 9 
17 63 26 78 
9 35 49 3 
78 82 
3 88 93 2 15 40 
82 43 39 6 97 70 
73 24 45 56 
40 20 31 
8 86 96 72 
56 1 71 
31 8 
71 23 
70 89 4 
4 11 54 
54 75 
72 50 
23 83 30 
37 69 87 
50 28 
28 22 21 
36 95 
75 32 
95 14 34 46 
30 57 
91 33 
32 61 48 
21 47 38 
87 13 58 
66 94 
57 80 76 
33 51 
38 79 
48 42 
46 98 81 
76 67 
94 
22 
49 10 
45 29 
89 90 
58 64 
44 19 
96 
42 84 
67 60 
10 65 
79 25 77 
97 7 
81 74 
15 
1 41 
5 16 
35 18 
7 99 
74 
69 
51 
61 
6 85 
19 92 
64 
20 
39 
83 
90 
16 
24 12 52 
85 
27 
98 27 
11 
2 
41 
77 
52 
99 
43 
34 
18 
29 
26 
60 
65 
93 
63 
92 
14 
84 
25 
47 
88 
86 
13 
80 
12 
# clone tree 96 objective: 2.77752
0 14 66 55 
55 17 53 
53 44 73 62 
62 5 36 68 
68 37 59 
59 91 9 
17 26 78 
9 35 49 3 
78 82 
3 93 2 15 40 
82 39 6 97 70 
73 24 45 56 
40 20 31 
8 96 72 
56 86 1 71 
31 8 
71 23 
70 89 4 
4 11 54 
54 65 75 
72 50 
23 83 30 
37 13 69 87 
50 28 
28 22 21 
36 95 
75 32 
95 34 46 
30 43 57 
91 63 33 
32 61 48 
21 38 
87 58 
66 94 
57 76 
33 51 
38 79 
48 42 
46 98 81 
76 67 
94 
22 92 
49 10 
45 29 
89 12 90 
58 64 
44 19 
96 
42 84 
67 60 
10 
79 25 77 
97 7 
81 74 
15 
1 88 41 
5 16 
35 18 
7 99 
74 
69 
51 47 
61 
6 85 
19 
64 
20 
39 
83 
90 
16 
24 52 
85 
27 
98 27 
11 
2 
41 
77 
52 
99 
43 
34 
18 
29 
26 
60 
65 80 
93 
63 
92 
14 
84 
25 
47 
88 
86 
13 
80 
12 
# clone tree 97 objective: 2.77752
0 14 66 55 
55 17 53 
53 44 73 62 
62 5 36 68 
68 37 59 
59 91 9 
17 63 26 78 
9 35 49 3 
78 82 
3 93 2 15 40 
82 43 39 6 97 70 
73 24 45 56 
40 20 31 
8 83 96 72 
56 1 71 
31 8 
71 23 
70 89 4 
4 11 54 
54 75 
72 50 
23 30 
37 69 87 
50 28 
28 22 21 
36 95 
75 32 
95 34 46 
30 57 
91 33 
32 61 48 
21 47 38 
87 58 
66 86 94 
57 65 76 
33 51 
38 79 
48 42 
46 98 81 
76 67 
94 
22 
49 10 
45 29 
89 90 
58 64 
44 19 
96 
42 84 
67 60 
10 
79 25 77 
97 7 
81 74 
15 
1 41 
5 16 
35 18 
7 99 
74 
69 
51 
61 13 
6 85 
19 92 
64 
20 
39 
83 
90 
16 
24 52 
85 
27 
98 27 
11 
2 
41 
77 
52 
99 
43 
34 12 88 
18 
29 
26 
60 
65 
93 
63 
92 
14 
84 
25 80 
47 
88 
86 
13 
80 
12 
# clone tree 98 objective: 2.77752
0 66 55 
55 17 53 
53 44 73 62 
62 5 36 68 
68 37 59 
59 14 91 9 
17 78 
9 35 49 3 
78 65 82 
3 88 93 26 2 15 40 
82 39 6 97 70 
73 24 45 56 
40 20 31 
8 83 96 72 
56 1 71 
31 8 
71 23 
70 89 4 
4 11 54 
54 25 75 
72 47 50 
23 30 
37 86 69 87 
50 28 
28 22 21 
36 95 
75 32 
95 34 46 
30 43 57 
91 33 
32 61 48 
21 38 
87 58 
66 92 94 
57 76 
33 84 51 
38 79 
48 52 42 
46 98 81 
76 63 67 
94 13 
22 
49 10 
45 29 
89 90 
58 64 
44 19 
96 
42 
67 60 
10 80 
79 77 
97 7 
81 74 
15 
1 41 
5 16 
35 18 
7 99 
74 
69 
51 12 
61 
6 85 
19 
64 
20 
39 
83 
90 
16 
24 
85 
27 
98 27 
11 
2 
41 
77 
52 
99 
43 
34 
18 
29 
26 
60 
65 
93 
63 
92 
14 
84 
25 
47 
88 
86 
13 
80 
12 
# clone tree 99 objective: 2.77752
0 66 55 
55 17 53 
53 44 73 62 
62 5 36 68 
68 37 59 
59 91 9 
17 78 
9 35 49 3 
78 82 
3 88 93 26 2 15 40 
82 39 6 97 70 
73 24 45 56 
40 20 31 
8 86 83 96 72 
56 1 71 
31 8 
71 14 23 
70 89 4 
4 11 54 
54 25 75 
72 84 50 
23 30 
37 69 87 
50 28 
28 22 21 
36 95 
75 32 
95 34 46 
30 43 57 
91 63 33 
32 61 48 
21 38 
87 58 
66 94 
57 76 
33 12 51 
38 79 
48 42 
46 98 81 
76 67 
94 65 
22 
49 10 
45 29 
89 90 
58 64 
44 19 
96 
42 
67 60 
10 80 
79 77 
97 7 
81 74 
15 
1 41 
5 16 
35 18 
7 99 
74 
69 13 
51 47 
61 
6 85 
19 92 
64 52 
20 
39 
83 
90 
16 
24 
85 
27 
98 27 
11 
2 
41 
77 
52 
99 
43 
34 
18 
29 
26 
60 
65 
93 
63 
92 
14 
84 
25 
47 
88 
86 
13 
80 
12 
