0 42 
42 56 41 43 92 75 
75 65 7 
58 48 78 
77 79 
59 58 
79 59 
7 77 
78 17 27 
27 24 11 
11 81 85 51 
51 74 16 
16 22 53 
53 34 84 
70 47 
69 14 
84 19 
19 70 
14 40 13 
47 69 
34 97 49 28 
13 60 38 68 
28 46 
46 9 44 
44 98 82 
80 20 
68 80 
82 91 
20 66 67 
91 99 52 
52 35 
67 15 72 
35 36 
36 63 5 
72 93 
93 89 
22 6 37 26 
5 18 
89 31 
26 8 
85 64 
31 95 55 
18 1 57 32 
38 10 
64 3 
73 54 33 
32 73 
8 21 
10 25 
21 71 29 
17 2 
29 23 45 
9 62 
25 90 
3 83 
55 88 
49 96 
15 
92 4 
62 94 
48 12 
65 39 
33 86 
81 
66 50 
50 
96 76 
83 
86 87 
45 
4 
43 
94 
74 
39 
37 
12 
88 
24 
90 
63 
57 
41 
40 
23 61 
95 
87 
56 
99 
54 
60 
2 
71 
61 
76 
6 
97 
1 
98 30 
30 
