0 84 64 
64 70 73 24 18 
18 55 
55 50 80 88 
88 60 
60 45 19 75 
75 96 16 33 
33 3 9 
9 48 
48 49 36 37 32 
32 71 29 
29 39 
39 78 56 
56 72 81 21 
21 13 91 
37 6 23 30 
30 15 62 44 
91 57 54 
44 90 
90 74 
54 11 95 
36 26 
13 34 4 63 
74 28 66 
94 20 
81 59 14 
95 94 
43 79 
26 43 
79 7 
66 10 
20 69 
14 38 
7 86 46 
24 65 92 
16 2 
28 1 
10 98 87 
62 61 
85 31 
61 67 89 
63 51 
19 52 
2 68 
51 22 
69 99 76 
96 82 93 
22 27 
80 25 5 
46 
38 
78 85 
1 
72 
49 41 
71 77 
59 
52 97 
77 47 
89 83 
23 12 
92 
3 40 
87 8 
65 
93 
4 
68 53 
86 
76 
35 
84 
83 
40 58 
57 35 
5 
41 
53 
27 
97 
12 42 
6 
34 17 
11 
47 
98 
17 
73 
8 
99 
82 
31 
70 
45 
50 
15 
58 
42 
67 
25 
