# clone tree 0 objective: 3.06378
0 36 40 
40 97 14 12 15 91 61 
81 34 70 
61 41 81 
70 20 18 
18 94 37 84 
84 69 44 90 
90 55 10 
10 71 96 
96 98 68 21 
91 76 
76 8 
8 58 26 16 
21 23 42 43 
16 75 72 
43 22 
55 9 
72 45 82 
22 56 39 
68 53 67 
9 5 93 63 46 
74 83 
15 74 
82 3 1 
1 28 52 
39 4 
67 80 
46 17 
83 64 88 
52 79 
80 25 77 49 
50 47 86 
17 19 
4 50 
26 60 
79 78 
58 27 31 2 
88 33 
75 32 
60 85 13 
19 57 
49 38 66 
34 
62 92 59 
33 51 
56 7 
57 62 
42 48 
32 11 
2 
7 95 
86 73 
98 24 30 
12 
20 35 
51 29 
95 87 
47 54 
78 
66 
63 
37 65 
36 
48 
11 
44 
73 
93 
14 
38 
31 
87 
94 
59 
30 
69 99 
53 
99 
71 
28 
54 
13 
97 
41 
3 
65 
77 
24 
85 6 89 
89 
35 
64 
45 
5 
27 
23 
29 
92 
25 
6 
# clone tree 1 objective: 3.06378
0 36 40 
40 97 14 12 15 91 61 
81 34 70 
61 41 81 
70 20 18 
18 94 37 84 
84 69 44 90 
90 23 55 10 
10 71 96 
96 98 68 21 
91 76 
76 8 
8 58 26 16 
21 42 43 
16 75 72 
43 22 
55 25 9 
72 45 82 
22 56 39 
68 53 67 
9 5 93 63 46 
74 83 
15 74 
82 3 1 
1 28 52 
39 4 
67 80 
46 17 
83 64 88 
52 79 
80 77 49 
50 47 86 
17 19 
4 50 
26 60 
79 78 
58 31 2 
88 33 
75 32 
60 85 13 
19 57 
49 38 66 
34 
62 92 59 
33 51 
56 7 
57 62 
42 48 
32 6 11 
2 
7 95 
86 73 
98 24 30 
12 
20 35 
51 
95 87 
47 54 
78 
66 
63 
37 65 
36 
48 
11 
44 
73 
93 
14 
38 
31 
87 
94 
59 
30 29 
69 99 
53 
99 
71 
28 27 
54 
13 
97 
41 
3 
65 
77 
24 
85 89 
89 
35 
64 
45 
5 
27 
23 
29 
92 
25 
6 
# clone tree 2 objective: 3.06378
0 36 40 
40 97 14 12 15 91 61 
81 34 70 
61 41 81 
70 20 18 
18 94 37 84 
84 69 44 90 
90 23 55 10 
10 71 96 
96 98 68 21 
91 76 
76 8 
8 58 26 16 
21 42 43 
16 75 72 
43 22 
55 9 
72 45 82 
22 56 39 
68 53 67 
9 5 93 63 46 
74 83 
15 74 
82 3 1 
1 28 52 
39 4 
67 80 
46 17 
83 64 88 
52 79 
80 77 49 
50 47 86 
17 19 
4 50 
26 60 
79 78 
58 31 2 
88 33 
75 32 
60 85 13 
19 57 
49 38 66 
34 
62 92 59 
33 51 
56 7 
57 62 
42 48 
32 6 11 
2 
7 95 
86 73 
98 24 30 
12 
20 35 
51 
95 87 
47 54 
78 
66 
63 
37 65 
36 
48 
11 
44 
73 
93 
14 
38 
31 
87 
94 
59 25 
30 29 
69 99 
53 
99 
71 
28 27 
54 
13 
97 
41 
3 
65 
77 
24 
85 89 
89 
35 
64 
45 
5 
27 
23 
29 
92 
25 
6 
# clone tree 3 objective: 3.06378
0 6 36 40 
40 97 14 12 15 91 61 
81 34 70 
61 41 81 
70 20 18 
18 94 37 84 
84 69 44 90 
90 55 10 
10 71 96 
96 98 68 21 
91 76 
76 8 
8 58 26 16 
21 23 42 43 
16 75 72 
43 22 
55 9 
72 45 82 
22 56 39 
68 53 67 
9 5 93 63 46 
74 83 
15 74 
82 3 1 
1 28 52 
39 4 
67 80 
46 17 
83 64 88 
52 79 
80 77 49 
50 47 86 
17 19 
4 50 
26 60 
79 78 
58 27 31 2 
88 33 
75 32 
60 85 13 
19 57 
49 38 66 
34 
62 59 
33 51 
56 7 
57 62 
42 48 
32 11 
2 
7 95 
86 73 
98 24 30 
12 
20 35 
51 29 
95 87 
47 54 
78 
66 92 
63 
37 65 
36 
48 
11 
44 
73 
93 
14 25 
38 
31 
87 
94 
59 
30 
69 99 
53 
99 
71 
28 
54 
13 
97 
41 
3 
65 
77 
24 
85 89 
89 
35 
64 
45 
5 
27 
23 
29 
92 
25 
6 
# clone tree 4 objective: 3.06378
0 36 40 
40 97 14 12 15 91 61 
81 34 70 
61 41 81 
70 6 20 18 
18 94 37 84 
84 69 44 90 
90 55 10 
10 71 96 
96 98 68 21 
91 76 
76 8 
8 58 26 16 
21 23 42 43 
16 75 72 
43 22 
55 9 
72 45 82 
22 56 39 
68 53 67 
9 5 93 63 46 
74 83 
15 74 
82 3 1 
1 28 52 
39 4 
67 80 
46 17 
83 64 88 
52 79 
80 77 49 
50 47 86 
17 19 
4 50 
26 60 
79 78 
58 27 31 2 
88 33 
75 32 
60 85 13 
19 57 
49 38 66 
34 
62 59 
33 51 
56 7 
57 62 
42 48 
32 11 
2 
7 95 
86 73 
98 24 30 
12 
20 35 
51 29 
95 87 
47 54 
78 
66 92 
63 
37 65 
36 
48 
11 
44 
73 
93 
14 25 
38 
31 
87 
94 
59 
30 
69 99 
53 
99 
71 
28 
54 
13 
97 
41 
3 
65 
77 
24 
85 89 
89 
35 
64 
45 
5 
27 
23 
29 
92 
25 
6 
# clone tree 5 objective: 3.06378
0 36 40 
40 97 14 12 15 91 61 
81 6 34 70 
61 41 81 
70 20 18 
18 94 37 84 
84 69 44 90 
90 55 10 
10 71 96 
96 98 68 21 
91 76 
76 8 
8 58 26 16 
21 23 42 43 
16 75 72 
43 22 
55 9 
72 45 82 
22 56 39 
68 53 67 
9 5 93 63 46 
74 83 
15 74 
82 3 1 
1 28 52 
39 4 
67 80 
46 17 
83 64 88 
52 79 
80 77 49 
50 47 86 
17 19 
4 50 
26 60 
79 78 
58 27 31 2 
88 33 
75 32 
60 85 13 
19 57 
49 38 66 
34 
62 59 
33 51 
56 7 
57 62 
42 48 
32 11 
2 
7 95 
86 73 
98 24 30 
12 
20 35 
51 29 
95 87 
47 54 
78 
66 92 
63 
37 65 
36 
48 
11 
44 
73 
93 
14 25 
38 
31 
87 
94 
59 
30 
69 99 
53 
99 
71 
28 
54 
13 
97 
41 
3 
65 
77 
24 
85 89 
89 
35 
64 
45 
5 
27 
23 
29 
92 
25 
6 
# clone tree 6 objective: 3.06378
0 36 40 
40 97 14 12 15 91 61 
81 34 70 
61 41 81 
70 20 18 
18 94 37 84 
84 69 44 90 
90 55 10 
10 71 96 
96 98 68 21 
91 76 
76 8 
8 58 26 16 
21 23 42 43 
16 75 72 
43 22 
55 9 
72 45 82 
22 56 39 
68 53 67 
9 5 93 63 46 
74 83 
15 74 
82 3 1 
1 28 52 
39 4 
67 80 
46 17 
83 64 88 
52 79 
80 25 77 49 
50 47 86 
17 19 
4 50 
26 60 
79 78 
58 27 31 2 
88 33 
75 32 
60 85 13 
19 57 
49 38 66 
34 
62 92 59 
33 51 
56 7 
57 62 
42 48 
32 11 
2 
7 95 
86 73 
98 24 30 
12 
20 35 
51 29 
95 87 
47 54 
78 
66 
63 
37 65 
36 
48 
11 
44 
73 
93 
14 
38 
31 
87 
94 
59 
30 
69 99 
53 
99 
71 
28 
54 
13 
97 
41 
3 
65 
77 
24 6 
85 89 
89 
35 
64 
45 
5 
27 
23 
29 
92 
25 
6 
# clone tree 7 objective: 3.06378
0 36 40 
40 97 14 12 15 91 61 
81 34 70 
61 41 81 
70 20 18 
18 94 37 84 
84 69 44 90 
90 55 10 
10 71 96 
96 98 68 21 
91 76 
76 8 
8 58 26 16 
21 23 42 43 
16 75 72 
43 22 
55 9 
72 45 82 
22 56 39 
68 53 67 
9 5 93 63 46 
74 83 
15 74 
82 3 1 
1 28 52 
39 4 
67 80 
46 17 
83 64 88 
52 79 
80 25 77 49 
50 47 86 
17 19 
4 50 
26 60 
79 78 
58 27 31 2 
88 33 
75 32 
60 85 13 
19 57 
49 38 66 
34 
62 92 59 
33 51 
56 7 
57 62 
42 48 
32 11 
2 
7 95 
86 73 
98 24 30 
12 
20 35 
51 29 
95 87 
47 54 
78 
66 
63 
37 65 
36 
48 
11 
44 
73 
93 
14 
38 
31 
87 
94 
59 
30 
69 99 
53 
99 
71 6 
28 
54 
13 
97 
41 
3 
65 
77 
24 
85 89 
89 
35 
64 
45 
5 
27 
23 
29 
92 
25 
6 
# clone tree 8 objective: 3.06378
0 36 40 
40 97 14 12 15 91 61 
81 34 70 
61 41 81 
70 20 18 
18 94 37 84 
84 69 44 90 
90 55 10 
10 71 96 
96 98 68 21 
91 76 
76 8 
8 58 26 16 
21 23 42 43 
16 75 72 
43 22 
55 9 
72 45 82 
22 56 39 
68 53 67 
9 5 93 63 46 
74 83 
15 74 
82 3 1 
1 28 52 
39 4 
67 80 
46 17 
83 64 88 
52 79 
80 25 77 49 
50 47 86 
17 19 
4 50 
26 60 
79 78 
58 27 31 2 
88 33 
75 32 
60 85 13 
19 57 
49 38 66 
34 
62 92 59 
33 51 
56 7 
57 62 
42 48 
32 11 
2 
7 95 
86 73 
98 24 30 
12 
20 35 
51 29 
95 87 
47 54 
78 
66 
63 
37 65 
36 
48 
11 
44 
73 
93 
14 
38 
31 
87 
94 
59 
30 
69 99 
53 
99 6 
71 
28 
54 
13 
97 
41 
3 
65 
77 
24 
85 89 
89 
35 
64 
45 
5 
27 
23 
29 
92 
25 
6 
# clone tree 9 objective: 3.06378
0 36 40 
40 97 14 12 15 91 61 
81 34 70 
61 41 81 
70 20 18 
18 94 37 84 
84 69 44 90 
90 55 10 
10 71 96 
96 98 68 21 
91 76 
76 8 
8 58 26 16 
21 23 42 43 
16 75 72 
43 22 
55 9 
72 45 82 
22 56 39 
68 53 67 
9 5 93 63 46 
74 83 
15 74 
82 3 1 
1 28 52 
39 4 
67 80 
46 17 
83 64 88 
52 79 
80 25 77 49 
50 47 86 
17 19 
4 50 
26 60 
79 78 
58 27 31 2 
88 33 
75 32 
60 85 13 
19 57 
49 38 66 
34 
62 92 59 
33 51 
56 7 
57 62 
42 48 
32 11 
2 
7 95 
86 73 
98 24 30 
12 
20 35 
51 29 
95 87 
47 54 
78 
66 
63 
37 65 
36 
48 
11 
44 
73 
93 
14 6 
38 
31 
87 
94 
59 
30 
69 99 
53 
99 
71 
28 
54 
13 
97 
41 
3 
65 
77 
24 
85 89 
89 
35 
64 
45 
5 
27 
23 
29 
92 
25 
6 
# clone tree 10 objective: 3.06378
0 36 40 
40 97 14 12 15 91 61 
81 34 70 
61 41 81 
70 20 18 
18 94 37 84 
84 69 44 90 
90 55 10 
10 71 96 
96 98 68 21 
91 76 
76 8 
8 58 26 16 
21 23 42 43 
16 75 72 
43 22 
55 9 
72 45 82 
22 56 39 
68 53 67 
9 5 93 63 46 
74 83 
15 74 
82 3 1 
1 28 52 
39 4 
67 80 
46 17 
83 64 88 
52 79 
80 25 77 49 
50 47 86 
17 19 
4 50 
26 60 
79 78 
58 27 31 2 
88 33 
75 32 
60 85 13 
19 57 
49 38 66 
34 
62 92 59 
33 51 
56 7 
57 62 
42 48 
32 11 
2 
7 95 
86 73 
98 24 30 
12 
20 35 
51 29 
95 87 
47 54 
78 
66 
63 
37 65 
36 
48 
11 
44 
73 
93 6 
14 
38 
31 
87 
94 
59 
30 
69 99 
53 
99 
71 
28 
54 
13 
97 
41 
3 
65 
77 
24 
85 89 
89 
35 
64 
45 
5 
27 
23 
29 
92 
25 
6 
# clone tree 11 objective: 3.06378
0 36 40 
40 97 14 12 15 91 61 
81 34 70 
61 41 81 
70 20 18 
18 94 37 84 
84 69 44 90 
90 55 10 
10 71 96 
96 98 68 21 
91 76 
76 8 
8 58 26 16 
21 23 42 43 
16 75 72 
43 22 
55 9 
72 45 82 
22 56 39 
68 53 67 
9 5 93 63 46 
74 83 
15 74 
82 3 1 
1 28 52 
39 4 
67 80 
46 17 
83 64 88 
52 79 
80 25 77 49 
50 47 86 
17 19 
4 50 
26 60 
79 78 
58 27 31 2 
88 33 
75 32 
60 85 13 
19 57 
49 38 66 
34 
62 92 59 
33 51 
56 7 
57 62 
42 48 
32 11 
2 
7 95 
86 73 
98 24 30 
12 
20 35 
51 29 
95 87 
47 54 
78 
66 
63 
37 65 
36 
48 
11 
44 
73 
93 
14 
38 
31 
87 
94 
59 
30 
69 99 
53 
99 
71 
28 
54 
13 
97 
41 
3 
65 
77 
24 
85 89 
89 
35 
64 6 
45 
5 
27 
23 
29 
92 
25 
6 
# clone tree 12 objective: 3.06378
0 36 40 
40 97 14 12 15 91 61 
81 34 70 
61 41 81 
70 20 18 
18 94 37 84 
84 69 44 90 
90 55 10 
10 71 96 
96 98 68 21 
91 76 
76 8 
8 58 26 16 
21 23 42 43 
16 75 72 
43 22 
55 9 
72 45 82 
22 56 39 
68 53 67 
9 5 93 63 46 
74 83 
15 74 
82 3 1 
1 28 52 
39 4 
67 80 
46 17 
83 64 88 
52 79 
80 25 77 49 
50 47 86 
17 19 
4 50 
26 60 
79 78 
58 27 31 2 
88 33 
75 32 
60 85 13 
19 57 
49 38 66 
34 
62 92 59 
33 51 
56 7 
57 62 
42 48 
32 11 
2 
7 95 
86 73 
98 24 30 
12 
20 35 
51 29 
95 87 
47 54 
78 
66 
63 
37 65 
36 
48 
11 
44 
73 
93 
14 
38 
31 
87 
94 
59 
30 
69 99 
53 
99 
71 
28 
54 
13 
97 
41 
3 
65 
77 
24 
85 89 
89 
35 6 
64 
45 
5 
27 
23 
29 
92 
25 
6 
# clone tree 13 objective: 3.06378
0 36 40 
40 97 14 12 15 91 61 
81 34 70 
61 41 81 
70 20 18 
18 94 37 84 
84 69 44 90 
90 23 55 10 
10 71 96 
96 98 68 21 
91 76 
76 8 
8 58 26 16 
21 42 43 
16 75 72 
43 22 
55 25 9 
72 45 82 
22 56 39 
68 53 67 
9 5 93 63 46 
74 83 
15 74 
82 3 1 
1 28 52 
39 4 
67 80 
46 17 
83 64 88 
52 79 
80 77 49 
50 47 86 
17 19 
4 50 
26 60 
79 78 
58 31 2 
88 33 
75 32 
60 85 13 
19 57 
49 38 66 
34 
62 6 92 59 
33 51 
56 7 
57 62 
42 48 
32 11 
2 
7 95 
86 73 
98 24 30 
12 
20 35 
51 
95 87 
47 54 
78 
66 
63 
37 65 
36 
48 
11 
44 
73 
93 
14 
38 
31 
87 
94 
59 
30 29 
69 99 
53 
99 
71 
28 27 
54 
13 
97 
41 
3 
65 
77 
24 
85 89 
89 
35 
64 
45 
5 
27 
23 
29 
92 
25 
6 
# clone tree 14 objective: 3.06378
0 36 40 
40 97 14 12 15 91 61 
81 34 70 
61 41 81 
70 20 18 
18 94 37 84 
84 69 44 90 
90 23 55 10 
10 71 96 
96 98 68 21 
91 76 
76 8 
8 58 26 16 
21 42 43 
16 75 72 
43 22 
55 25 9 
72 45 82 
22 56 39 
68 53 67 
9 5 93 63 46 
74 83 
15 74 
82 3 1 
1 28 52 
39 4 
67 80 
46 17 
83 64 88 
52 79 
80 77 49 
50 47 86 
17 19 
4 50 
26 60 
79 78 
58 31 2 
88 33 
75 32 
60 85 13 
19 57 
49 38 66 
34 
62 92 59 
33 51 
56 7 
57 6 62 
42 48 
32 11 
2 
7 95 
86 73 
98 24 30 
12 
20 35 
51 
95 87 
47 54 
78 
66 
63 
37 65 
36 
48 
11 
44 
73 
93 
14 
38 
31 
87 
94 
59 
30 29 
69 99 
53 
99 
71 
28 27 
54 
13 
97 
41 
3 
65 
77 
24 
85 89 
89 
35 
64 
45 
5 
27 
23 
29 
92 
25 
6 
# clone tree 15 objective: 3.06378
0 36 40 
40 97 14 12 15 91 61 
81 34 70 
61 6 41 81 
70 20 18 
18 94 37 84 
84 69 44 90 
90 55 10 
10 71 96 
96 98 68 21 
91 76 
76 8 
8 58 26 16 
21 23 42 43 
16 75 72 
43 22 
55 9 
72 45 82 
22 56 39 
68 53 67 
9 5 93 63 46 
74 83 
15 74 
82 3 1 
1 28 52 
39 4 
67 80 
46 17 
83 64 88 
52 79 
80 77 49 
50 47 86 
17 19 
4 50 
26 60 
79 78 
58 27 31 2 
88 33 
75 32 
60 85 13 
19 57 
49 38 66 
34 
62 59 
33 51 
56 7 
57 62 
42 48 
32 11 
2 
7 95 
86 73 
98 24 30 
12 
20 35 
51 29 
95 87 
47 54 
78 
66 92 
63 
37 65 
36 
48 
11 
44 
73 
93 
14 25 
38 
31 
87 
94 
59 
30 
69 99 
53 
99 
71 
28 
54 
13 
97 
41 
3 
65 
77 
24 
85 89 
89 
35 
64 
45 
5 
27 
23 
29 
92 
25 
6 
# clone tree 16 objective: 3.06378
0 36 40 
40 97 14 12 15 91 61 
81 34 70 
61 41 81 
70 20 18 
18 94 37 84 
84 69 44 90 
90 55 10 
10 71 96 
96 98 68 21 
91 76 
76 8 
8 58 26 16 
21 23 42 43 
16 75 72 
43 22 
55 9 
72 45 82 
22 56 39 
68 53 67 
9 5 93 63 46 
74 83 
15 74 
82 3 1 
1 28 52 
39 4 
67 80 
46 17 
83 64 88 
52 79 
80 25 77 49 
50 47 86 
17 19 
4 50 
26 60 
79 78 
58 27 31 2 
88 33 
75 32 
60 85 13 
19 57 
49 38 66 
34 
62 92 59 
33 51 
56 7 
57 62 
42 48 
32 11 
2 
7 95 
86 73 
98 24 30 
12 
20 35 
51 29 
95 87 
47 54 
78 6 
66 
63 
37 65 
36 
48 
11 
44 
73 
93 
14 
38 
31 
87 
94 
59 
30 
69 99 
53 
99 
71 
28 
54 
13 
97 
41 
3 
65 
77 
24 
85 89 
89 
35 
64 
45 
5 
27 
23 
29 
92 
25 
6 
# clone tree 17 objective: 3.06378
0 36 40 
40 97 14 12 15 91 61 
81 34 70 
61 41 81 
70 20 18 
18 94 37 84 
84 69 44 90 
90 55 10 
10 71 96 
96 98 68 21 
91 6 76 
76 8 
8 58 26 16 
21 23 42 43 
16 75 72 
43 22 
55 9 
72 45 82 
22 56 39 
68 53 67 
9 5 93 63 46 
74 83 
15 74 
82 3 1 
1 28 52 
39 4 
67 80 
46 17 
83 64 88 
52 79 
80 77 49 
50 47 86 
17 19 
4 50 
26 60 
79 78 
58 27 31 2 
88 33 
75 32 
60 85 13 
19 57 
49 38 66 
34 
62 59 
33 51 
56 7 
57 62 
42 48 
32 11 
2 
7 95 
86 73 
98 24 30 
12 
20 35 
51 29 
95 87 
47 54 
78 
66 92 
63 
37 65 
36 
48 
11 
44 
73 
93 
14 25 
38 
31 
87 
94 
59 
30 
69 99 
53 
99 
71 
28 
54 
13 
97 
41 
3 
65 
77 
24 
85 89 
89 
35 
64 
45 
5 
27 
23 
29 
92 
25 
6 
# clone tree 18 objective: 3.06378
0 36 40 
40 97 14 12 15 91 61 
81 34 70 
61 41 81 
70 20 18 
18 94 37 84 
84 69 44 90 
90 55 10 
10 71 96 
96 98 68 21 
91 76 
76 8 
8 58 26 16 
21 23 42 43 
16 75 72 
43 22 
55 9 
72 45 82 
22 56 39 
68 53 67 
9 5 93 63 46 
74 83 
15 74 
82 3 1 
1 28 52 
39 4 
67 80 
46 17 
83 64 88 
52 79 
80 25 77 49 
50 47 86 
17 19 
4 50 
26 60 
79 78 
58 27 31 2 
88 33 
75 32 
60 85 13 
19 57 
49 38 66 
34 
62 92 59 
33 51 
56 7 
57 62 
42 48 
32 11 
2 
7 95 
86 73 
98 24 30 
12 
20 35 
51 29 
95 87 
47 6 54 
78 
66 
63 
37 65 
36 
48 
11 
44 
73 
93 
14 
38 
31 
87 
94 
59 
30 
69 99 
53 
99 
71 
28 
54 
13 
97 
41 
3 
65 
77 
24 
85 89 
89 
35 
64 
45 
5 
27 
23 
29 
92 
25 
6 
# clone tree 19 objective: 3.06378
0 36 40 
40 97 14 12 15 91 61 
81 34 70 
61 41 81 
70 20 18 
18 94 37 84 
84 69 44 90 
90 23 55 10 
10 71 96 
96 98 68 21 
91 76 
76 8 
8 58 26 16 
21 42 43 
16 75 72 
43 22 
55 25 9 
72 45 82 
22 56 39 
68 53 67 
9 5 93 63 46 
74 83 
15 74 
82 3 1 
1 28 52 
39 4 
67 80 
46 17 
83 64 88 
52 79 
80 77 49 
50 47 86 
17 19 
4 50 
26 60 
79 78 
58 31 2 
88 33 
75 32 
60 85 13 
19 57 
49 38 66 
34 
62 92 59 
33 51 
56 7 
57 62 
42 48 
32 11 
2 
7 95 
86 73 
98 24 30 
12 
20 6 35 
51 
95 87 
47 54 
78 
66 
63 
37 65 
36 
48 
11 
44 
73 
93 
14 
38 
31 
87 
94 
59 
30 29 
69 99 
53 
99 
71 
28 27 
54 
13 
97 
41 
3 
65 
77 
24 
85 89 
89 
35 
64 
45 
5 
27 
23 
29 
92 
25 
6 
# clone tree 20 objective: 3.06378
0 36 40 
40 97 14 12 15 91 61 
81 34 70 
61 41 81 
70 20 18 
18 94 37 84 
84 69 44 90 
90 55 10 
10 71 96 
96 98 68 21 
91 76 
76 8 
8 58 26 16 
21 23 42 43 
16 75 72 
43 22 
55 9 
72 45 82 
22 56 39 
68 53 67 
9 5 93 63 46 
74 83 
15 74 
82 3 1 
1 28 52 
39 4 
67 80 
46 17 
83 64 88 
52 79 
80 25 77 49 
50 47 86 
17 19 
4 50 
26 60 
79 78 
58 27 31 2 
88 33 
75 32 
60 85 13 
19 57 
49 38 66 
34 
62 92 59 
33 51 
56 7 
57 62 
42 48 
32 11 
2 
7 95 
86 73 
98 24 30 
12 
20 35 
51 29 
95 87 
47 54 
78 
66 
63 
37 65 
36 
48 
11 
44 
73 
93 
14 
38 
31 
87 
94 
59 
30 
69 99 
53 
99 
71 
28 
54 
13 6 
97 
41 
3 
65 
77 
24 
85 89 
89 
35 
64 
45 
5 
27 
23 
29 
92 
25 
6 
# clone tree 21 objective: 3.06378
0 36 40 
40 97 14 12 15 91 61 
81 34 70 
61 41 81 
70 20 18 
18 94 37 84 
84 69 44 90 
90 55 10 
10 71 96 
96 98 68 21 
91 76 
76 8 
8 58 26 16 
21 23 42 43 
16 75 72 
43 22 
55 9 
72 45 82 
22 56 39 
68 53 67 
9 5 93 63 46 
74 83 
15 74 
82 3 1 
1 28 52 
39 4 
67 80 
46 17 
83 64 88 
52 79 
80 25 77 49 
50 47 86 
17 19 
4 50 
26 60 
79 78 
58 27 31 2 
88 33 
75 32 
60 85 13 
19 57 
49 38 66 
34 
62 92 59 
33 51 
56 7 
57 62 
42 48 
32 11 
2 
7 95 
86 73 
98 24 30 
12 
20 35 
51 29 
95 87 
47 54 
78 
66 
63 
37 65 
36 
48 
11 
44 
73 
93 
14 
38 
31 
87 
94 
59 
30 
69 99 
53 
99 
71 
28 
54 6 
13 
97 
41 
3 
65 
77 
24 
85 89 
89 
35 
64 
45 
5 
27 
23 
29 
92 
25 
6 
# clone tree 22 objective: 3.06378
0 36 40 
40 97 14 12 15 91 61 
81 34 70 
61 41 81 
70 20 18 
18 94 37 84 
84 69 44 90 
90 55 10 
10 71 96 
96 98 68 21 
91 76 
76 8 
8 58 26 16 
21 23 42 43 
16 75 72 
43 22 
55 9 
72 45 82 
22 56 39 
68 53 67 
9 5 93 63 46 
74 83 
15 74 
82 3 1 
1 28 52 
39 4 
67 80 
46 17 
83 64 88 
52 79 
80 25 77 49 
50 47 86 
17 19 
4 50 
26 60 
79 78 
58 27 31 2 
88 33 
75 32 
60 85 13 
19 57 
49 38 66 
34 
62 92 59 
33 51 
56 7 
57 62 
42 48 
32 11 
2 
7 95 
86 73 
98 24 30 
12 
20 35 
51 29 
95 87 
47 54 
78 
66 
63 
37 65 
36 
48 
11 
44 
73 
93 
14 
38 
31 
87 6 
94 
59 
30 
69 99 
53 
99 
71 
28 
54 
13 
97 
41 
3 
65 
77 
24 
85 89 
89 
35 
64 
45 
5 
27 
23 
29 
92 
25 
6 
# clone tree 23 objective: 3.06378
0 36 40 
40 97 14 12 15 91 61 
81 34 70 
61 41 81 
70 20 18 
18 94 37 84 
84 69 44 90 
90 55 10 
10 71 96 
96 98 68 21 
91 76 
76 8 
8 58 26 16 
21 23 42 43 
16 75 72 
43 22 
55 9 
72 45 82 
22 56 39 
68 53 67 
9 5 93 63 46 
74 83 
15 74 
82 3 1 
1 28 52 
39 4 
67 80 
46 17 
83 64 88 
52 79 
80 25 77 49 
50 47 86 
17 19 
4 50 
26 60 
79 78 
58 27 31 2 
88 33 
75 32 
60 85 13 
19 57 
49 38 66 
34 
62 92 59 
33 51 
56 7 
57 62 
42 48 
32 6 11 
2 
7 95 
86 73 
98 24 30 
12 
20 35 
51 29 
95 87 
47 54 
78 
66 
63 
37 65 
36 
48 
11 
44 
73 
93 
14 
38 
31 
87 
94 
59 
30 
69 99 
53 
99 
71 
28 
54 
13 
97 
41 
3 
65 
77 
24 
85 89 
89 
35 
64 
45 
5 
27 
23 
29 
92 
25 
6 
# clone tree 24 objective: 3.06378
0 36 40 
40 97 14 12 15 91 61 
81 34 70 
61 41 81 
70 20 18 
18 94 37 84 
84 69 44 90 
90 23 55 10 
10 71 96 
96 98 68 21 
91 76 
76 6 8 
8 58 26 16 
21 42 43 
16 75 72 
43 22 
55 25 9 
72 45 82 
22 56 39 
68 53 67 
9 5 93 63 46 
74 83 
15 74 
82 3 1 
1 28 52 
39 4 
67 80 
46 17 
83 64 88 
52 79 
80 77 49 
50 47 86 
17 19 
4 50 
26 60 
79 78 
58 31 2 
88 33 
75 32 
60 85 13 
19 57 
49 38 66 
34 
62 92 59 
33 51 
56 7 
57 62 
42 48 
32 11 
2 
7 95 
86 73 
98 24 30 
12 
20 35 
51 
95 87 
47 54 
78 
66 
63 
37 65 
36 
48 
11 
44 
73 
93 
14 
38 
31 
87 
94 
59 
30 29 
69 99 
53 
99 
71 
28 27 
54 
13 
97 
41 
3 
65 
77 
24 
85 89 
89 
35 
64 
45 
5 
27 
23 
29 
92 
25 
6 
# clone tree 25 objective: 3.06378
0 36 40 
40 97 14 12 15 91 61 
81 34 70 
61 41 81 
70 20 18 
18 6 94 37 84 
84 69 44 90 
90 55 10 
10 71 96 
96 98 68 21 
91 76 
76 8 
8 58 26 16 
21 23 42 43 
16 75 72 
43 22 
55 9 
72 45 82 
22 56 39 
68 53 67 
9 5 93 63 46 
74 83 
15 74 
82 3 1 
1 28 52 
39 4 
67 80 
46 17 
83 64 88 
52 79 
80 77 49 
50 47 86 
17 19 
4 50 
26 60 
79 78 
58 27 31 2 
88 33 
75 32 
60 85 13 
19 57 
49 38 66 
34 
62 59 
33 51 
56 7 
57 62 
42 48 
32 11 
2 
7 95 
86 73 
98 24 30 
12 
20 35 
51 29 
95 87 
47 54 
78 
66 92 
63 
37 65 
36 
48 
11 
44 
73 
93 
14 25 
38 
31 
87 
94 
59 
30 
69 99 
53 
99 
71 
28 
54 
13 
97 
41 
3 
65 
77 
24 
85 89 
89 
35 
64 
45 
5 
27 
23 
29 
92 
25 
6 
# clone tree 26 objective: 3.06378
0 36 40 
40 97 14 12 15 91 61 
81 34 70 
61 41 81 
70 20 18 
18 94 37 84 
84 69 44 90 
90 55 10 
10 71 96 
96 98 68 21 
91 76 
76 8 
8 58 26 16 
21 23 42 43 
16 75 72 
43 22 
55 9 
72 45 82 
22 56 39 
68 53 67 
9 5 93 63 46 
74 83 
15 74 
82 3 1 
1 28 52 
39 4 
67 80 
46 17 
83 64 88 
52 79 
80 25 77 49 
50 47 86 
17 19 
4 50 
26 60 
79 78 
58 27 31 2 
88 33 
75 32 
60 85 13 
19 57 
49 38 66 
34 
62 92 59 
33 51 
56 7 
57 62 
42 6 48 
32 11 
2 
7 95 
86 73 
98 24 30 
12 
20 35 
51 29 
95 87 
47 54 
78 
66 
63 
37 65 
36 
48 
11 
44 
73 
93 
14 
38 
31 
87 
94 
59 
30 
69 99 
53 
99 
71 
28 
54 
13 
97 
41 
3 
65 
77 
24 
85 89 
89 
35 
64 
45 
5 
27 
23 
29 
92 
25 
6 
# clone tree 27 objective: 3.06378
0 36 40 
40 97 14 12 15 91 61 
81 34 70 
61 41 81 
70 20 18 
18 94 37 84 
84 69 44 90 
90 55 10 
10 71 96 
96 98 68 21 
91 76 
76 8 
8 58 26 16 
21 23 42 43 
16 75 72 
43 22 
55 9 
72 45 82 
22 56 39 
68 53 67 
9 5 93 63 46 
74 83 
15 74 
82 3 1 
1 28 52 
39 4 
67 80 
46 17 
83 64 88 
52 79 
80 25 77 49 
50 47 86 
17 19 
4 50 
26 60 
79 78 
58 27 31 2 
88 33 
75 32 
60 85 13 
19 57 
49 38 66 
34 
62 92 59 
33 51 
56 7 
57 62 
42 48 
32 11 
2 
7 95 
86 73 
98 24 30 
12 
20 35 
51 29 
95 87 
47 54 
78 
66 
63 
37 65 
36 
48 
11 
44 
73 
93 
14 
38 
31 6 
87 
94 
59 
30 
69 99 
53 
99 
71 
28 
54 
13 
97 
41 
3 
65 
77 
24 
85 89 
89 
35 
64 
45 
5 
27 
23 
29 
92 
25 
6 
# clone tree 28 objective: 3.06378
0 36 40 
40 97 14 12 15 91 61 
81 34 70 
61 41 81 
70 20 18 
18 94 37 84 
84 69 44 90 
90 55 10 
10 71 96 
96 98 68 21 
91 76 
76 8 
8 58 26 16 
21 23 42 43 
16 75 72 
43 22 
55 9 
72 45 82 
22 56 39 
68 53 67 
9 5 93 63 46 
74 83 
15 74 
82 3 1 
1 28 52 
39 4 
67 80 
46 17 
83 64 88 
52 79 
80 25 77 49 
50 47 86 
17 19 
4 50 
26 60 
79 78 
58 27 31 2 
88 33 
75 32 
60 85 13 
19 57 
49 38 66 
34 
62 92 59 
33 51 
56 7 
57 62 
42 48 
32 11 
2 
7 95 
86 73 
98 24 30 
12 
20 35 
51 29 
95 87 
47 54 
78 
66 
63 
37 65 
36 
48 
11 
44 
73 
93 
14 
38 
31 
87 
94 
59 
30 
69 99 
53 
99 
71 
28 
54 
13 
97 
41 
3 
65 
77 
24 
85 89 
89 
35 
64 
45 
5 6 
27 
23 
29 
92 
25 
6 
# clone tree 29 objective: 3.06378
0 36 40 
40 97 14 12 15 91 61 
81 34 70 
61 41 81 
70 20 18 
18 94 37 84 
84 69 44 90 
90 55 10 
10 71 96 
96 98 68 21 
91 76 
76 8 
8 58 26 16 
21 23 42 43 
16 75 72 
43 22 
55 9 
72 45 82 
22 56 39 
68 53 67 
9 5 93 63 46 
74 83 
15 74 
82 3 1 
1 28 52 
39 4 
67 80 
46 17 
83 64 88 
52 79 
80 25 77 49 
50 47 86 
17 19 
4 50 
26 60 
79 78 
58 27 31 2 
88 33 
75 32 
60 85 13 
19 57 
49 38 66 
34 
62 92 59 
33 51 
56 7 
57 62 
42 48 
32 11 
2 
7 95 
86 73 
98 24 30 
12 
20 35 
51 29 
95 87 
47 54 
78 
66 
63 
37 65 
36 
48 
11 
44 
73 
93 
14 
38 
31 
87 
94 
59 
30 
69 99 
53 
99 
71 
28 
54 
13 
97 
41 
3 
65 
77 
24 
85 89 
89 
35 
64 
45 
5 
27 
23 6 
29 
92 
25 
6 
# clone tree 30 objective: 3.06378
0 36 40 
40 97 14 12 15 91 61 
81 34 70 
61 41 81 
70 20 18 
18 94 37 84 
84 69 44 90 
90 55 10 
10 71 96 
96 98 68 21 
91 76 
76 8 
8 58 26 16 
21 23 42 43 
16 75 72 
43 22 
55 9 
72 45 82 
22 56 39 
68 53 67 
9 5 93 63 46 
74 83 
15 74 
82 3 1 
1 28 52 
39 4 
67 80 
46 17 
83 64 88 
52 79 
80 25 77 49 
50 47 86 
17 19 
4 50 
26 60 
79 78 
58 27 31 2 
88 33 
75 32 
60 85 13 
19 57 
49 38 66 
34 
62 92 59 
33 51 
56 7 
57 62 
42 48 
32 11 
2 
7 95 
86 73 
98 24 30 
12 
20 35 
51 29 
95 87 
47 54 
78 
66 
63 
37 6 65 
36 
48 
11 
44 
73 
93 
14 
38 
31 
87 
94 
59 
30 
69 99 
53 
99 
71 
28 
54 
13 
97 
41 
3 
65 
77 
24 
85 89 
89 
35 
64 
45 
5 
27 
23 
29 
92 
25 
6 
# clone tree 31 objective: 3.06378
0 36 40 
40 97 14 12 15 91 61 
81 34 70 
61 41 81 
70 20 18 
18 94 37 84 
84 69 44 90 
90 23 55 10 
10 71 96 
96 98 68 21 
91 76 
76 8 
8 58 26 16 
21 42 43 
16 75 72 
43 22 
55 25 9 
72 45 82 
22 56 39 
68 53 67 
9 5 93 63 46 
74 83 
15 74 
82 3 1 
1 28 52 
39 4 
67 80 
46 17 
83 64 88 
52 79 
80 77 49 
50 47 86 
17 19 
4 50 
26 60 
79 78 
58 31 2 
88 33 
75 32 
60 85 13 
19 57 
49 38 66 
34 
62 92 59 
33 51 
56 6 7 
57 62 
42 48 
32 11 
2 
7 95 
86 73 
98 24 30 
12 
20 35 
51 
95 87 
47 54 
78 
66 
63 
37 65 
36 
48 
11 
44 
73 
93 
14 
38 
31 
87 
94 
59 
30 29 
69 99 
53 
99 
71 
28 27 
54 
13 
97 
41 
3 
65 
77 
24 
85 89 
89 
35 
64 
45 
5 
27 
23 
29 
92 
25 
6 
# clone tree 32 objective: 3.06378
0 36 40 
40 97 14 12 15 91 61 
81 34 70 
61 41 81 
70 20 18 
18 94 37 84 
84 69 44 90 
90 23 55 10 
10 71 96 
96 98 68 21 
91 76 
76 8 
8 58 26 16 
21 42 43 
16 75 72 
43 22 
55 25 9 
72 45 82 
22 56 39 
68 53 67 
9 5 93 63 46 
74 83 
15 74 
82 3 1 
1 28 52 
39 4 
67 80 
46 17 
83 64 88 
52 79 
80 77 49 
50 47 86 
17 19 
4 50 
26 60 
79 78 
58 31 2 
88 33 
75 32 
60 85 13 
19 57 
49 38 66 
34 
62 92 59 
33 51 
56 7 
57 62 
42 48 
32 11 
2 
7 95 
86 73 
98 6 24 30 
12 
20 35 
51 
95 87 
47 54 
78 
66 
63 
37 65 
36 
48 
11 
44 
73 
93 
14 
38 
31 
87 
94 
59 
30 29 
69 99 
53 
99 
71 
28 27 
54 
13 
97 
41 
3 
65 
77 
24 
85 89 
89 
35 
64 
45 
5 
27 
23 
29 
92 
25 
6 
# clone tree 33 objective: 3.06378
0 36 40 
40 97 14 12 15 91 61 
81 34 70 
61 41 81 
70 20 18 
18 94 37 84 
84 6 69 44 90 
90 55 10 
10 71 96 
96 98 68 21 
91 76 
76 8 
8 58 26 16 
21 23 42 43 
16 75 72 
43 22 
55 9 
72 45 82 
22 56 39 
68 53 67 
9 5 93 63 46 
74 83 
15 74 
82 3 1 
1 28 52 
39 4 
67 80 
46 17 
83 64 88 
52 79 
80 77 49 
50 47 86 
17 19 
4 50 
26 60 
79 78 
58 27 31 2 
88 33 
75 32 
60 85 13 
19 57 
49 38 66 
34 
62 59 
33 51 
56 7 
57 62 
42 48 
32 11 
2 
7 95 
86 73 
98 24 30 
12 
20 35 
51 29 
95 87 
47 54 
78 
66 92 
63 
37 65 
36 
48 
11 
44 
73 
93 
14 25 
38 
31 
87 
94 
59 
30 
69 99 
53 
99 
71 
28 
54 
13 
97 
41 
3 
65 
77 
24 
85 89 
89 
35 
64 
45 
5 
27 
23 
29 
92 
25 
6 
# clone tree 34 objective: 3.06378
0 36 40 
40 97 14 12 15 91 61 
81 34 70 
61 41 81 
70 20 18 
18 94 37 84 
84 69 44 90 
90 55 10 
10 71 96 
96 98 68 21 
91 76 
76 8 
8 58 26 16 
21 23 42 43 
16 75 72 
43 22 
55 9 
72 45 82 
22 56 39 
68 53 67 
9 5 93 63 46 
74 83 
15 74 
82 3 1 
1 28 52 
39 4 
67 80 
46 17 
83 64 88 
52 79 
80 25 77 49 
50 47 86 
17 19 
4 50 
26 60 
79 78 
58 27 31 2 
88 33 
75 32 
60 85 13 
19 57 
49 38 66 
34 
62 92 59 
33 51 
56 7 
57 62 
42 48 
32 11 
2 
7 95 
86 73 
98 24 30 
12 
20 35 
51 29 
95 87 
47 54 
78 
66 
63 
37 65 
36 
48 
11 
44 
73 
93 
14 
38 
31 
87 
94 
59 
30 
69 99 
53 
99 
71 
28 
54 
13 
97 
41 
3 
65 
77 
24 
85 89 
89 
35 
64 
45 
5 
27 
23 
29 6 
92 
25 
6 
# clone tree 35 objective: 3.06378
0 36 40 
40 97 14 12 15 91 61 
81 34 70 
61 41 81 
70 20 18 
18 94 37 84 
84 69 44 90 
90 55 10 
10 71 96 
96 98 68 21 
91 76 
76 8 
8 58 26 16 
21 23 42 43 
16 75 72 
43 22 
55 9 
72 45 82 
22 56 39 
68 53 67 
9 5 93 63 46 
74 83 
15 74 
82 3 1 
1 28 52 
39 4 
67 80 
46 17 
83 64 88 
52 79 
80 25 77 49 
50 47 86 
17 19 
4 50 
26 60 
79 78 
58 27 31 2 
88 33 
75 6 32 
60 85 13 
19 57 
49 38 66 
34 
62 92 59 
33 51 
56 7 
57 62 
42 48 
32 11 
2 
7 95 
86 73 
98 24 30 
12 
20 35 
51 29 
95 87 
47 54 
78 
66 
63 
37 65 
36 
48 
11 
44 
73 
93 
14 
38 
31 
87 
94 
59 
30 
69 99 
53 
99 
71 
28 
54 
13 
97 
41 
3 
65 
77 
24 
85 89 
89 
35 
64 
45 
5 
27 
23 
29 
92 
25 
6 
# clone tree 36 objective: 3.06378
0 36 40 
40 97 14 12 15 91 61 
81 34 70 
61 41 81 
70 20 18 
18 94 37 84 
84 69 44 90 
90 55 10 
10 71 96 
96 98 68 21 
91 76 
76 8 
8 58 26 16 
21 23 42 43 
16 75 72 
43 22 
55 9 
72 45 82 
22 56 39 
68 53 67 
9 5 93 63 46 
74 83 
15 74 
82 3 1 
1 28 52 
39 4 
67 80 
46 17 
83 64 88 
52 79 
80 25 77 49 
50 47 86 
17 19 
4 50 
26 60 
79 78 
58 27 31 2 
88 33 
75 32 
60 85 13 
19 57 
49 38 66 
34 
62 92 59 
33 51 
56 7 
57 62 
42 48 
32 11 
2 
7 95 
86 73 
98 24 30 
12 
20 35 
51 29 
95 87 
47 54 
78 
66 
63 6 
37 65 
36 
48 
11 
44 
73 
93 
14 
38 
31 
87 
94 
59 
30 
69 99 
53 
99 
71 
28 
54 
13 
97 
41 
3 
65 
77 
24 
85 89 
89 
35 
64 
45 
5 
27 
23 
29 
92 
25 
6 
# clone tree 37 objective: 3.06378
0 36 40 
40 97 14 12 15 91 61 
81 34 70 
61 41 81 
70 20 18 
18 94 37 84 
84 69 44 90 
90 55 10 
10 71 96 
96 98 68 21 
91 76 
76 8 
8 58 26 16 
21 23 42 43 
16 6 75 72 
43 22 
55 9 
72 45 82 
22 56 39 
68 53 67 
9 5 93 63 46 
74 83 
15 74 
82 3 1 
1 28 52 
39 4 
67 80 
46 17 
83 64 88 
52 79 
80 77 49 
50 47 86 
17 19 
4 50 
26 60 
79 78 
58 27 31 2 
88 33 
75 32 
60 85 13 
19 57 
49 38 66 
34 
62 59 
33 51 
56 7 
57 62 
42 48 
32 11 
2 
7 95 
86 73 
98 24 30 
12 
20 35 
51 29 
95 87 
47 54 
78 
66 92 
63 
37 65 
36 
48 
11 
44 
73 
93 
14 25 
38 
31 
87 
94 
59 
30 
69 99 
53 
99 
71 
28 
54 
13 
97 
41 
3 
65 
77 
24 
85 89 
89 
35 
64 
45 
5 
27 
23 
29 
92 
25 
6 
# clone tree 38 objective: 3.06378
0 36 40 
40 97 14 12 15 91 61 
81 34 70 
61 41 81 
70 20 18 
18 94 37 84 
84 69 44 90 
90 55 10 
10 71 96 
96 98 68 21 
91 76 
76 8 
8 58 26 16 
21 23 42 43 
16 75 72 
43 22 
55 9 
72 45 82 
22 56 39 
68 53 67 
9 5 93 63 46 
74 83 
15 74 
82 3 1 
1 28 52 
39 4 
67 80 
46 17 
83 64 88 
52 79 
80 25 77 49 
50 47 86 
17 19 
4 50 
26 60 
79 78 
58 27 31 2 
88 33 
75 32 
60 85 13 
19 57 
49 38 66 
34 
62 92 59 
33 51 
56 7 
57 62 
42 48 
32 11 
2 
7 95 
86 73 
98 24 30 
12 
20 35 
51 29 
95 87 
47 54 
78 
66 
63 
37 65 
36 
48 
11 
44 
73 
93 
14 
38 
31 
87 
94 
59 
30 
69 99 
53 
99 
71 
28 
54 
13 
97 
41 6 
3 
65 
77 
24 
85 89 
89 
35 
64 
45 
5 
27 
23 
29 
92 
25 
6 
# clone tree 39 objective: 3.06378
0 36 40 
40 97 14 12 15 91 61 
81 34 70 
61 41 81 
70 20 18 
18 94 37 84 
84 69 44 90 
90 55 10 
10 71 96 
96 98 68 21 
91 76 
76 8 
8 58 26 16 
21 23 42 43 
16 75 72 
43 22 
55 9 
72 45 82 
22 56 39 
68 53 67 
9 5 93 63 46 
74 83 
15 74 
82 3 1 
1 28 52 
39 4 
67 80 
46 17 
83 64 88 
52 79 
80 25 77 49 
50 47 86 
17 19 
4 50 
26 60 
79 78 
58 27 31 2 
88 33 
75 32 
60 85 13 
19 57 
49 38 66 
34 
62 92 59 
33 51 
56 7 
57 62 
42 48 
32 11 
2 
7 95 
86 73 
98 24 30 
12 
20 35 
51 29 
95 87 
47 54 
78 
66 
63 
37 65 
36 
48 
11 
44 
73 
93 
14 
38 
31 
87 
94 
59 
30 
69 99 
53 
99 
71 
28 
54 
13 
97 
41 
3 
65 6 
77 
24 
85 89 
89 
35 
64 
45 
5 
27 
23 
29 
92 
25 
6 
# clone tree 40 objective: 3.06378
0 36 40 
40 97 14 12 15 91 61 
81 34 70 
61 41 81 
70 20 18 
18 94 37 84 
84 69 44 90 
90 55 10 
10 71 96 
96 98 68 21 
91 76 
76 8 
8 58 26 16 
21 23 42 43 
16 75 72 
43 22 
55 9 
72 45 82 
22 56 39 
68 53 67 
9 5 93 63 46 
74 83 
15 74 
82 3 1 
1 28 52 
39 4 
67 80 
46 17 
83 64 88 
52 79 
80 25 77 49 
50 47 86 
17 19 
4 50 
26 60 
79 78 
58 27 31 2 
88 6 33 
75 32 
60 85 13 
19 57 
49 38 66 
34 
62 92 59 
33 51 
56 7 
57 62 
42 48 
32 11 
2 
7 95 
86 73 
98 24 30 
12 
20 35 
51 29 
95 87 
47 54 
78 
66 
63 
37 65 
36 
48 
11 
44 
73 
93 
14 
38 
31 
87 
94 
59 
30 
69 99 
53 
99 
71 
28 
54 
13 
97 
41 
3 
65 
77 
24 
85 89 
89 
35 
64 
45 
5 
27 
23 
29 
92 
25 
6 
# clone tree 41 objective: 3.06378
0 36 40 
40 97 14 12 15 91 61 
81 34 70 
61 41 81 
70 20 18 
18 94 37 84 
84 69 44 90 
90 55 10 
10 71 96 
96 98 68 21 
91 76 
76 8 
8 58 26 16 
21 23 42 43 
16 75 72 
43 22 
55 9 
72 45 82 
22 56 39 
68 53 67 
9 5 93 63 46 
74 83 
15 74 
82 3 1 
1 28 52 
39 4 
67 80 
46 17 
83 64 88 
52 79 
80 25 77 49 
50 47 86 
17 19 
4 50 
26 60 
79 78 
58 27 31 2 
88 33 
75 32 
60 85 13 
19 57 
49 38 66 
34 
62 92 59 
33 51 
56 7 
57 62 
42 48 
32 11 
2 
7 95 
86 73 
98 24 30 
12 
20 35 
51 29 
95 87 
47 54 
78 
66 
63 
37 65 
36 
48 
11 
44 
73 
93 
14 
38 
31 
87 
94 
59 
30 
69 99 
53 
99 
71 
28 
54 
13 
97 
41 
3 
65 
77 6 
24 
85 89 
89 
35 
64 
45 
5 
27 
23 
29 
92 
25 
6 
# clone tree 42 objective: 3.06378
0 36 40 
40 97 14 12 15 91 61 
81 34 70 
61 41 81 
70 20 18 
18 94 37 84 
84 69 44 90 
90 55 10 
10 71 96 
96 98 68 21 
91 76 
76 8 
8 58 26 16 
21 23 42 43 
16 75 72 
43 22 
55 9 
72 45 82 
22 56 39 
68 53 67 
9 5 93 63 46 
74 83 
15 74 
82 3 1 
1 28 52 
39 4 
67 80 
46 17 
83 64 88 
52 79 
80 25 77 49 
50 47 86 
17 19 
4 50 
26 60 
79 78 
58 27 31 2 
88 33 
75 32 
60 85 13 
19 57 
49 38 66 
34 
62 92 59 
33 51 
56 7 
57 62 
42 48 
32 11 
2 
7 95 
86 6 73 
98 24 30 
12 
20 35 
51 29 
95 87 
47 54 
78 
66 
63 
37 65 
36 
48 
11 
44 
73 
93 
14 
38 
31 
87 
94 
59 
30 
69 99 
53 
99 
71 
28 
54 
13 
97 
41 
3 
65 
77 
24 
85 89 
89 
35 
64 
45 
5 
27 
23 
29 
92 
25 
6 
# clone tree 43 objective: 3.06378
0 36 40 
40 97 14 12 15 91 61 
81 34 70 
61 41 81 
70 20 18 
18 94 37 84 
84 69 44 90 
90 23 55 10 
10 71 96 
96 98 68 21 
91 76 
76 8 
8 58 26 16 
21 42 43 
16 75 72 
43 22 
55 25 9 
72 45 82 
22 56 39 
68 53 67 
9 5 93 63 46 
74 83 
15 74 
82 3 1 
1 28 52 
39 4 
67 80 
46 17 
83 64 88 
52 79 
80 6 77 49 
50 47 86 
17 19 
4 50 
26 60 
79 78 
58 31 2 
88 33 
75 32 
60 85 13 
19 57 
49 38 66 
34 
62 92 59 
33 51 
56 7 
57 62 
42 48 
32 11 
2 
7 95 
86 73 
98 24 30 
12 
20 35 
51 
95 87 
47 54 
78 
66 
63 
37 65 
36 
48 
11 
44 
73 
93 
14 
38 
31 
87 
94 
59 
30 29 
69 99 
53 
99 
71 
28 27 
54 
13 
97 
41 
3 
65 
77 
24 
85 89 
89 
35 
64 
45 
5 
27 
23 
29 
92 
25 
6 
# clone tree 44 objective: 3.06378
0 36 40 
40 97 14 12 15 91 61 
81 34 70 
61 41 81 
70 20 18 
18 94 37 84 
84 69 44 90 
90 55 10 
10 71 96 
96 98 68 21 
91 76 
76 8 
8 58 26 16 
21 23 42 43 
16 75 72 
43 22 
55 9 
72 45 82 
22 56 39 
68 53 67 
9 5 93 63 46 
74 83 
15 74 
82 3 1 
1 28 52 
39 4 
67 80 
46 17 
83 64 88 
52 79 
80 25 77 49 
50 47 86 
17 19 
4 50 
26 60 
79 78 
58 27 31 2 
88 33 
75 32 
60 85 13 
19 57 
49 38 66 
34 
62 92 59 
33 51 
56 7 
57 62 
42 48 
32 11 
2 
7 95 
86 73 
98 24 30 
12 
20 35 
51 29 
95 87 
47 54 
78 
66 
63 
37 65 
36 
48 
11 
44 
73 
93 
14 
38 
31 
87 
94 
59 
30 
69 99 
53 
99 
71 
28 
54 
13 
97 
41 
3 
65 
77 
24 
85 89 
89 6 
35 
64 
45 
5 
27 
23 
29 
92 
25 
6 
# clone tree 45 objective: 3.06378
0 36 40 
40 97 14 12 15 91 61 
81 34 70 
61 41 81 
70 20 18 
18 94 37 84 
84 69 44 90 
90 55 10 
10 71 96 
96 98 68 21 
91 76 
76 8 
8 6 58 26 16 
21 23 42 43 
16 75 72 
43 22 
55 9 
72 45 82 
22 56 39 
68 53 67 
9 5 93 63 46 
74 83 
15 74 
82 3 1 
1 28 52 
39 4 
67 80 
46 17 
83 64 88 
52 79 
80 77 49 
50 47 86 
17 19 
4 50 
26 60 
79 78 
58 27 31 2 
88 33 
75 32 
60 85 13 
19 57 
49 38 66 
34 
62 59 
33 51 
56 7 
57 62 
42 48 
32 11 
2 
7 95 
86 73 
98 24 30 
12 
20 35 
51 29 
95 87 
47 54 
78 
66 92 
63 
37 65 
36 
48 
11 
44 
73 
93 
14 25 
38 
31 
87 
94 
59 
30 
69 99 
53 
99 
71 
28 
54 
13 
97 
41 
3 
65 
77 
24 
85 89 
89 
35 
64 
45 
5 
27 
23 
29 
92 
25 
6 
# clone tree 46 objective: 3.06378
0 36 40 
40 97 14 12 15 91 61 
81 34 70 
61 41 81 
70 20 18 
18 94 37 84 
84 69 44 90 
90 55 10 
10 71 96 
96 98 68 21 
91 76 
76 8 
8 58 26 16 
21 23 42 43 
16 75 72 
43 22 
55 9 
72 45 82 
22 56 39 
68 53 67 
9 5 93 63 46 
74 83 
15 74 
82 3 1 
1 28 52 
39 4 
67 80 
46 17 
83 6 64 88 
52 79 
80 25 77 49 
50 47 86 
17 19 
4 50 
26 60 
79 78 
58 27 31 2 
88 33 
75 32 
60 85 13 
19 57 
49 38 66 
34 
62 92 59 
33 51 
56 7 
57 62 
42 48 
32 11 
2 
7 95 
86 73 
98 24 30 
12 
20 35 
51 29 
95 87 
47 54 
78 
66 
63 
37 65 
36 
48 
11 
44 
73 
93 
14 
38 
31 
87 
94 
59 
30 
69 99 
53 
99 
71 
28 
54 
13 
97 
41 
3 
65 
77 
24 
85 89 
89 
35 
64 
45 
5 
27 
23 
29 
92 
25 
6 
# clone tree 47 objective: 3.06378
0 36 40 
40 97 14 12 15 91 61 
81 34 70 
61 41 81 
70 20 18 
18 94 37 84 
84 69 44 90 
90 23 55 10 
10 71 96 
96 98 68 21 
91 76 
76 8 
8 58 26 16 
21 42 43 
16 75 72 
43 22 
55 25 9 
72 45 82 
22 56 39 
68 53 67 
9 5 93 63 46 
74 83 
15 74 
82 3 1 
1 28 52 
39 4 
67 80 
46 17 
83 64 88 
52 79 
80 77 49 
50 47 86 
17 19 
4 50 
26 60 
79 78 
58 31 2 
88 33 
75 32 
60 85 13 
19 57 
49 38 66 
34 
62 92 59 
33 51 
56 7 
57 62 
42 48 
32 11 
2 
7 95 
86 73 
98 24 30 
12 
20 35 
51 
95 87 
47 54 
78 6 
66 
63 
37 65 
36 
48 
11 
44 
73 
93 
14 
38 
31 
87 
94 
59 
30 29 
69 99 
53 
99 
71 
28 27 
54 
13 
97 
41 
3 
65 
77 
24 
85 89 
89 
35 
64 
45 
5 
27 
23 
29 
92 
25 
6 
# clone tree 48 objective: 3.06378
0 36 40 
40 97 14 12 15 91 61 
81 34 70 
61 41 81 
70 20 18 
18 94 37 84 
84 69 44 90 
90 55 10 
10 71 96 
96 98 68 21 
91 76 
76 8 
8 58 26 16 
21 23 42 43 
16 75 72 
43 22 
55 9 
72 45 82 
22 56 39 
68 53 67 
9 5 93 63 46 
74 83 
15 74 
82 3 1 
1 28 52 
39 4 
67 80 
46 17 
83 64 88 
52 79 
80 25 77 49 
50 47 86 
17 19 
4 50 
26 60 
79 78 
58 27 31 2 
88 33 
75 32 
60 85 13 
19 57 
49 38 66 
34 
62 92 59 
33 51 
56 7 
57 62 
42 48 
32 11 
2 
7 95 
86 73 
98 24 30 
12 
20 35 
51 29 
95 87 
47 54 
78 
66 
63 
37 65 
36 
48 
11 
44 
73 
93 
14 
38 
31 
87 
94 
59 
30 
69 6 99 
53 
99 
71 
28 
54 
13 
97 
41 
3 
65 
77 
24 
85 89 
89 
35 
64 
45 
5 
27 
23 
29 
92 
25 
6 
# clone tree 49 objective: 3.06378
0 36 40 
40 97 14 12 15 91 61 
81 34 70 
61 41 81 
70 20 18 
18 94 37 84 
84 69 44 90 
90 23 55 10 
10 71 96 
96 98 68 21 
91 76 
76 8 
8 58 26 16 
21 42 43 
16 75 72 
43 22 
55 25 9 
72 45 82 
22 56 39 
68 53 67 
9 5 93 63 46 
74 83 
15 74 
82 3 1 
1 28 52 
39 4 
67 80 
46 17 
83 64 88 
52 79 
80 77 49 
50 47 86 
17 19 
4 50 
26 60 
79 78 
58 31 2 
88 33 
75 32 
60 85 13 
19 57 
49 38 66 
34 
62 92 59 
33 51 
56 7 
57 62 
42 48 
32 11 
2 
7 95 
86 73 
98 24 30 
12 6 
20 35 
51 
95 87 
47 54 
78 
66 
63 
37 65 
36 
48 
11 
44 
73 
93 
14 
38 
31 
87 
94 
59 
30 29 
69 99 
53 
99 
71 
28 27 
54 
13 
97 
41 
3 
65 
77 
24 
85 89 
89 
35 
64 
45 
5 
27 
23 
29 
92 
25 
6 
