# clone tree 0 objective: 4.99115
0 90 
90 88 25 
25 37 97 38 
38 82 39 
39 70 34 
34 10 75 
95 80 49 1 
75 22 95 
1 87 33 
33 56 76 68 
68 65 99 35 59 
72 16 24 50 
59 51 72 
82 45 13 58 40 
50 8 
8 83 44 
40 18 32 
44 78 84 
84 21 41 71 
32 30 48 
71 47 
96 77 19 
47 92 5 
48 96 
5 79 
53 61 27 
19 53 
10 60 81 
79 74 55 
81 31 
27 64 
18 43 
43 17 
31 42 14 
64 57 
55 91 7 
17 54 4 
70 
57 36 11 
14 12 
4 73 28 
78 69 23 
76 29 3 
7 86 
12 26 
24 66 
23 93 
28 20 
11 89 
91 2 52 
26 46 
83 
89 67 
74 98 
66 
51 
30 
87 
46 62 
93 
49 
58 
20 
97 94 
67 
35 
60 
3 
41 
61 
88 
29 
85 
86 85 
13 
80 
77 9 
62 
54 63 
22 
42 
99 
52 
37 
56 
69 
36 
45 
73 
9 
98 
92 
21 
16 
2 6 
65 
63 
94 
6 15 
15 
# clone tree 1 objective: 4.99115
0 90 
90 88 25 
25 37 97 38 
38 82 39 
39 70 34 
34 10 75 
95 80 49 1 
75 22 95 
1 87 33 
33 56 76 68 
68 65 99 35 59 
72 16 24 50 
59 51 72 
82 45 13 58 40 
50 8 
8 83 44 
40 18 32 
44 78 84 
84 21 41 71 
32 30 48 
71 47 
96 77 19 
47 92 5 
48 96 
5 79 
53 61 27 
19 53 
10 60 81 
79 74 55 
81 31 
27 64 
18 43 
43 17 
31 42 14 
64 57 
55 91 7 
17 54 4 
70 
57 36 11 
14 12 
4 73 28 
78 69 23 
76 29 3 
7 86 
12 26 
24 66 
23 93 
28 20 
11 89 
91 2 52 
26 46 
83 
89 67 
74 98 
66 
51 
30 
87 
46 62 
93 
49 
58 
20 
97 94 
67 
35 
60 
3 
41 
61 
88 
29 
85 
86 85 
13 
80 
77 9 
62 
54 15 63 
22 
42 
99 
52 
37 
56 
69 
36 
45 
73 
9 
98 
92 
21 
16 
2 6 
65 
63 
94 
6 
15 
# clone tree 2 objective: 4.99115
0 15 90 
90 88 25 
25 37 97 38 
38 82 39 
39 70 34 
34 10 75 
95 80 49 1 
75 22 95 
1 87 33 
33 56 76 68 
68 65 99 35 59 
72 16 24 50 
59 51 72 
82 45 13 58 40 
50 8 
8 83 44 
40 18 32 
44 78 84 
84 21 41 71 
32 30 48 
71 47 
96 77 19 
47 92 5 
48 96 
5 79 
53 61 27 
19 53 
10 60 81 
79 74 55 
81 31 
27 64 
18 43 
43 17 
31 42 14 
64 57 
55 6 91 7 
17 54 4 
70 
57 36 11 
14 12 
4 73 28 
78 69 23 
76 29 3 
7 86 
12 26 
24 66 
23 93 
28 20 
11 89 
91 2 52 
26 46 
83 
89 67 
74 98 
66 
51 
30 
87 
46 62 
93 
49 
58 
20 
97 
67 
35 
60 
3 
41 
61 
88 
29 
85 
86 85 
13 
80 
77 9 
62 
54 63 
22 
42 
99 
52 
37 
56 
69 
36 94 
45 
73 
9 
98 
92 
21 
16 
2 
65 
63 
94 
6 
15 
# clone tree 3 objective: 4.99115
0 90 
90 88 25 
25 16 37 97 38 
38 82 39 
39 70 34 
34 10 75 
95 6 80 49 1 
75 22 95 
1 87 33 
33 76 68 
68 15 65 99 35 59 
72 24 50 
59 51 72 
82 45 13 58 40 
50 8 
8 83 44 
40 18 32 
44 78 84 
84 21 41 71 
32 30 48 
71 94 47 
96 77 19 
47 92 5 
48 56 96 
5 79 
53 61 27 
19 53 
10 60 81 
79 74 55 
81 31 
27 64 
18 43 
43 17 
31 42 14 
64 57 
55 91 7 
17 54 4 
70 
57 36 11 
14 12 
4 73 28 
78 69 23 
76 29 3 
7 86 
12 26 
24 66 
23 93 
28 20 
11 89 
91 2 52 
26 46 
83 
89 67 
74 98 
66 
51 
30 
87 
46 62 
93 
49 
58 
20 
97 
67 
35 
60 
3 
41 
61 
88 
29 
85 
86 85 
13 
80 
77 9 
62 
54 63 
22 
42 
99 
52 
37 
56 
69 
36 
45 
73 
9 
98 
92 
21 
16 
2 
65 
63 
94 
6 
15 
# clone tree 4 objective: 4.99115
0 90 
90 88 25 
25 16 37 97 38 
38 82 39 
39 70 34 
34 10 75 
95 6 80 49 1 
75 22 95 
1 87 33 
33 76 68 
68 65 99 35 59 
72 24 50 
59 51 72 
82 45 13 58 40 
50 8 
8 83 44 
40 18 32 
44 78 84 
84 21 41 71 
32 30 48 
71 94 47 
96 77 19 
47 92 5 
48 56 96 
5 79 
53 61 27 
19 53 
10 60 81 
79 74 55 
81 31 
27 64 
18 15 43 
43 17 
31 42 14 
64 57 
55 91 7 
17 54 4 
70 
57 36 11 
14 12 
4 73 28 
78 69 23 
76 29 3 
7 86 
12 26 
24 66 
23 93 
28 20 
11 89 
91 2 52 
26 46 
83 
89 67 
74 98 
66 
51 
30 
87 
46 62 
93 
49 
58 
20 
97 
67 
35 
60 
3 
41 
61 
88 
29 
85 
86 85 
13 
80 
77 9 
62 
54 63 
22 
42 
99 
52 
37 
56 
69 
36 
45 
73 
9 
98 
92 
21 
16 
2 
65 
63 
94 
6 
15 
# clone tree 5 objective: 4.99115
0 90 
90 88 25 
25 37 97 38 
38 82 39 
39 70 34 
34 10 75 
95 80 49 1 
75 22 95 
1 15 87 33 
33 56 76 68 
68 65 99 35 59 
72 16 24 50 
59 51 72 
82 45 13 58 40 
50 8 
8 83 44 
40 18 32 
44 78 84 
84 21 41 71 
32 30 48 
71 47 
96 77 19 
47 92 5 
48 96 
5 79 
53 61 27 
19 53 
10 60 81 
79 74 55 
81 31 
27 64 
18 43 
43 17 
31 42 14 
64 57 
55 6 91 7 
17 54 4 
70 
57 36 11 
14 12 
4 73 28 
78 69 23 
76 29 3 
7 86 
12 26 
24 66 
23 93 
28 20 
11 89 
91 2 52 
26 46 
83 
89 67 
74 98 
66 
51 
30 
87 
46 62 
93 
49 
58 
20 
97 
67 
35 
60 
3 
41 
61 
88 
29 
85 
86 85 
13 
80 
77 9 
62 
54 63 
22 
42 
99 
52 
37 
56 
69 
36 94 
45 
73 
9 
98 
92 
21 
16 
2 
65 
63 
94 
6 
15 
# clone tree 6 objective: 4.99115
0 90 
90 88 25 
25 16 37 97 38 
38 82 39 
39 70 34 
34 10 75 
95 6 80 49 1 
75 22 95 
1 87 33 
33 76 68 
68 65 99 35 59 
72 24 50 
59 51 72 
82 45 13 58 40 
50 8 
8 83 44 
40 18 32 
44 78 84 
84 21 41 71 
32 30 48 
71 94 47 
96 77 19 
47 92 5 
48 15 56 96 
5 79 
53 61 27 
19 53 
10 60 81 
79 74 55 
81 31 
27 64 
18 43 
43 17 
31 42 14 
64 57 
55 91 7 
17 54 4 
70 
57 36 11 
14 12 
4 73 28 
78 69 23 
76 29 3 
7 86 
12 26 
24 66 
23 93 
28 20 
11 89 
91 2 52 
26 46 
83 
89 67 
74 98 
66 
51 
30 
87 
46 62 
93 
49 
58 
20 
97 
67 
35 
60 
3 
41 
61 
88 
29 
85 
86 85 
13 
80 
77 9 
62 
54 63 
22 
42 
99 
52 
37 
56 
69 
36 
45 
73 
9 
98 
92 
21 
16 
2 
65 
63 
94 
6 
15 
# clone tree 7 objective: 4.99115
0 90 
90 88 25 
25 37 97 38 
38 82 39 
39 70 34 
34 15 10 75 
95 80 49 1 
75 22 95 
1 87 33 
33 56 76 68 
68 65 99 35 59 
72 16 24 50 
59 51 72 
82 45 13 58 40 
50 8 
8 83 44 
40 18 32 
44 78 84 
84 21 41 71 
32 30 48 
71 47 
96 77 19 
47 92 5 
48 96 
5 79 
53 61 27 
19 53 
10 60 81 
79 74 55 
81 31 
27 64 
18 43 
43 17 
31 42 14 
64 57 
55 6 91 7 
17 54 4 
70 
57 36 11 
14 12 
4 73 28 
78 69 23 
76 29 3 
7 86 
12 26 
24 66 
23 93 
28 20 
11 89 
91 2 52 
26 46 
83 
89 67 
74 98 
66 
51 
30 
87 
46 62 
93 
49 
58 
20 
97 
67 
35 
60 
3 
41 
61 
88 
29 
85 
86 85 
13 
80 
77 9 
62 
54 63 
22 
42 
99 
52 
37 
56 
69 
36 94 
45 
73 
9 
98 
92 
21 
16 
2 
65 
63 
94 
6 
15 
# clone tree 8 objective: 4.99115
0 90 
90 88 25 
25 16 37 97 38 
38 82 39 
39 70 34 
34 10 75 
95 6 80 49 1 
75 22 95 
1 87 33 
33 76 68 
68 65 99 35 59 
72 24 50 
59 51 72 
82 45 13 58 40 
50 8 
8 83 44 
40 18 32 
44 78 84 
84 21 41 71 
32 30 48 
71 94 47 
96 77 19 
47 92 5 
48 56 96 
5 79 
53 61 27 
19 53 
10 60 81 
79 74 55 
81 31 
27 64 
18 43 
43 17 
31 42 14 
64 57 
55 91 7 
17 54 4 
70 
57 36 11 
14 12 
4 73 28 
78 69 23 
76 29 3 
7 86 
12 15 26 
24 66 
23 93 
28 20 
11 89 
91 2 52 
26 46 
83 
89 67 
74 98 
66 
51 
30 
87 
46 62 
93 
49 
58 
20 
97 
67 
35 
60 
3 
41 
61 
88 
29 
85 
86 85 
13 
80 
77 9 
62 
54 63 
22 
42 
99 
52 
37 
56 
69 
36 
45 
73 
9 
98 
92 
21 
16 
2 
65 
63 
94 
6 
15 
# clone tree 9 objective: 4.99115
0 90 
90 88 25 
25 37 97 38 
38 82 39 
39 70 34 
34 10 75 
95 80 49 1 
75 22 95 
1 87 33 
33 56 76 68 
68 65 99 35 59 
72 16 24 50 
59 51 72 
82 45 13 58 40 
50 8 
8 83 44 
40 18 32 
44 78 84 
84 21 41 71 
32 30 48 
71 47 
96 77 19 
47 92 5 
48 96 
5 79 
53 61 27 
19 53 
10 60 81 
79 74 55 
81 31 
27 64 
18 43 
43 17 
31 42 14 
64 57 
55 91 7 
17 54 4 
70 
57 36 11 
14 12 
4 73 28 
78 69 23 
76 29 3 
7 86 
12 26 
24 66 
23 93 
28 20 
11 89 
91 2 52 
26 46 
83 
89 67 
74 98 
66 
51 
30 
87 
46 62 
93 
49 
58 
20 
97 94 
67 
35 
60 
3 
41 
61 
88 
29 
85 
86 85 
13 
80 
77 9 
62 
54 63 
22 
42 
99 
52 
37 
56 
69 
36 
45 
73 15 
9 
98 
92 
21 
16 
2 6 
65 
63 
94 
6 
15 
# clone tree 10 objective: 4.99115
0 90 
90 88 25 
25 16 37 97 38 
38 82 39 
39 70 34 
34 10 75 
95 6 80 49 1 
75 22 95 
1 87 33 
33 76 68 
68 65 99 35 59 
72 24 50 
59 51 72 
82 45 13 58 40 
50 8 
8 83 44 
40 18 32 
44 78 84 
84 21 41 71 
32 30 48 
71 94 47 
96 77 19 
47 92 5 
48 56 96 
5 79 
53 61 27 
19 53 
10 15 60 81 
79 74 55 
81 31 
27 64 
18 43 
43 17 
31 42 14 
64 57 
55 91 7 
17 54 4 
70 
57 36 11 
14 12 
4 73 28 
78 69 23 
76 29 3 
7 86 
12 26 
24 66 
23 93 
28 20 
11 89 
91 2 52 
26 46 
83 
89 67 
74 98 
66 
51 
30 
87 
46 62 
93 
49 
58 
20 
97 
67 
35 
60 
3 
41 
61 
88 
29 
85 
86 85 
13 
80 
77 9 
62 
54 63 
22 
42 
99 
52 
37 
56 
69 
36 
45 
73 
9 
98 
92 
21 
16 
2 
65 
63 
94 
6 
15 
# clone tree 11 objective: 4.99115
0 90 
90 88 25 
25 37 97 38 
38 82 39 
39 70 34 
34 10 75 
95 80 49 1 
75 22 95 
1 87 33 
33 56 76 68 
68 65 99 35 59 
72 16 24 50 
59 51 72 
82 45 13 58 40 
50 8 
8 83 44 
40 18 32 
44 78 84 
84 21 41 71 
32 30 48 
71 47 
96 77 19 
47 92 5 
48 96 
5 79 
53 61 27 
19 53 
10 60 81 
79 74 55 
81 31 
27 64 
18 43 
43 17 
31 42 14 
64 57 
55 91 7 
17 54 4 
70 
57 36 11 
14 12 
4 73 28 
78 69 23 
76 29 3 
7 86 
12 26 
24 66 
23 93 
28 20 
11 89 
91 2 52 
26 46 
83 
89 67 
74 98 
66 
51 
30 
87 
46 62 
93 
49 
58 
20 
97 94 
67 
35 
60 
3 
41 
61 
88 
29 
85 
86 85 
13 
80 
77 9 
62 
54 63 
22 
42 
99 
52 
37 
56 
69 
36 
45 
73 
9 
98 
92 
21 
16 
2 6 
65 
63 
94 15 
6 
15 
# clone tree 12 objective: 4.99115
0 90 
90 88 25 
25 16 37 97 38 
38 82 39 
39 70 34 
34 10 75 
95 6 80 49 1 
75 22 95 
1 87 33 
33 76 68 
68 65 99 35 59 
72 24 50 
59 51 72 
82 45 13 58 40 
50 8 
8 83 44 
40 18 32 
44 78 84 
84 21 41 71 
32 30 48 
71 94 47 
96 77 19 
47 92 5 
48 56 96 
5 79 
53 15 61 27 
19 53 
10 60 81 
79 74 55 
81 31 
27 64 
18 43 
43 17 
31 42 14 
64 57 
55 91 7 
17 54 4 
70 
57 36 11 
14 12 
4 73 28 
78 69 23 
76 29 3 
7 86 
12 26 
24 66 
23 93 
28 20 
11 89 
91 2 52 
26 46 
83 
89 67 
74 98 
66 
51 
30 
87 
46 62 
93 
49 
58 
20 
97 
67 
35 
60 
3 
41 
61 
88 
29 
85 
86 85 
13 
80 
77 9 
62 
54 63 
22 
42 
99 
52 
37 
56 
69 
36 
45 
73 
9 
98 
92 
21 
16 
2 
65 
63 
94 
6 
15 
# clone tree 13 objective: 4.99115
0 90 
90 88 25 
25 37 97 38 
38 82 39 
39 70 34 
34 10 75 
95 80 49 1 
75 22 95 
1 87 33 
33 56 76 68 
68 65 99 35 59 
72 16 24 50 
59 51 72 
82 45 13 58 40 
50 8 
8 83 44 
40 18 32 
44 78 84 
84 21 41 71 
32 30 48 
71 47 
96 77 19 
47 92 5 
48 96 
5 79 
53 61 27 
19 53 
10 60 81 
79 74 55 
81 31 
27 64 
18 43 
43 17 
31 42 14 
64 57 
55 91 7 
17 54 4 
70 
57 36 11 
14 12 
4 73 28 
78 69 23 
76 29 3 
7 86 
12 26 
24 66 
23 93 
28 20 
11 89 
91 2 52 
26 46 
83 
89 67 
74 98 
66 
51 
30 
87 
46 62 
93 
49 
58 
20 
97 94 
67 
35 
60 
3 
41 
61 
88 
29 
85 
86 85 
13 
80 
77 9 
62 
54 63 
22 
42 
99 
52 
37 
56 
69 
36 
45 15 
73 
9 
98 
92 
21 
16 
2 6 
65 
63 
94 
6 
15 
# clone tree 14 objective: 4.99115
0 90 
90 88 25 
25 16 37 97 38 
38 82 39 
39 70 34 
34 10 75 
95 6 80 49 1 
75 22 95 
1 87 33 
33 76 68 
68 65 99 35 59 
72 24 50 
59 51 72 
82 45 13 58 40 
50 8 
8 83 44 
40 18 32 
44 78 84 
84 21 41 71 
32 30 48 
71 94 47 
96 15 77 19 
47 92 5 
48 56 96 
5 79 
53 61 27 
19 53 
10 60 81 
79 74 55 
81 31 
27 64 
18 43 
43 17 
31 42 14 
64 57 
55 91 7 
17 54 4 
70 
57 36 11 
14 12 
4 73 28 
78 69 23 
76 29 3 
7 86 
12 26 
24 66 
23 93 
28 20 
11 89 
91 2 52 
26 46 
83 
89 67 
74 98 
66 
51 
30 
87 
46 62 
93 
49 
58 
20 
97 
67 
35 
60 
3 
41 
61 
88 
29 
85 
86 85 
13 
80 
77 9 
62 
54 63 
22 
42 
99 
52 
37 
56 
69 
36 
45 
73 
9 
98 
92 
21 
16 
2 
65 
63 
94 
6 
15 
# clone tree 15 objective: 4.99115
0 90 
90 88 25 
25 37 97 38 
38 82 39 
39 70 34 
34 10 75 
95 80 49 1 
75 22 95 
1 87 33 
33 56 76 68 
68 65 99 35 59 
72 16 24 50 
59 51 72 
82 45 13 58 40 
50 8 
8 83 44 
40 18 32 
44 78 84 
84 21 41 71 
32 30 48 
71 47 
96 77 19 
47 92 5 
48 96 
5 79 
53 61 27 
19 53 
10 60 81 
79 74 55 
81 31 
27 64 
18 43 
43 17 
31 42 14 
64 57 
55 91 7 
17 54 4 
70 
57 36 11 
14 12 
4 73 28 
78 69 23 
76 29 3 
7 86 
12 26 
24 66 
23 93 
28 20 
11 15 89 
91 2 52 
26 46 
83 
89 67 
74 98 
66 
51 
30 
87 
46 62 
93 
49 
58 
20 
97 94 
67 
35 
60 
3 
41 
61 
88 
29 
85 
86 85 
13 
80 
77 9 
62 
54 63 
22 
42 
99 
52 
37 
56 
69 
36 
45 
73 
9 
98 
92 
21 
16 
2 6 
65 
63 
94 
6 
15 
# clone tree 16 objective: 4.99115
0 90 
90 88 25 
25 16 37 97 38 
38 82 39 
39 70 34 
34 10 75 
95 15 6 80 49 1 
75 22 95 
1 87 33 
33 76 68 
68 65 99 35 59 
72 24 50 
59 51 72 
82 45 13 58 40 
50 8 
8 83 44 
40 18 32 
44 78 84 
84 21 41 71 
32 30 48 
71 94 47 
96 77 19 
47 92 5 
48 56 96 
5 79 
53 61 27 
19 53 
10 60 81 
79 74 55 
81 31 
27 64 
18 43 
43 17 
31 42 14 
64 57 
55 91 7 
17 54 4 
70 
57 36 11 
14 12 
4 73 28 
78 69 23 
76 29 3 
7 86 
12 26 
24 66 
23 93 
28 20 
11 89 
91 2 52 
26 46 
83 
89 67 
74 98 
66 
51 
30 
87 
46 62 
93 
49 
58 
20 
97 
67 
35 
60 
3 
41 
61 
88 
29 
85 
86 85 
13 
80 
77 9 
62 
54 63 
22 
42 
99 
52 
37 
56 
69 
36 
45 
73 
9 
98 
92 
21 
16 
2 
65 
63 
94 
6 
15 
# clone tree 17 objective: 4.99115
0 90 
90 88 25 
25 37 97 38 
38 82 39 
39 70 34 
34 10 75 
95 80 49 1 
75 22 95 
1 87 33 
33 56 76 68 
68 65 99 35 59 
72 16 24 50 
59 51 72 
82 45 13 58 40 
50 8 
8 83 44 
40 18 32 
44 78 84 
84 21 41 71 
32 30 48 
71 47 
96 77 19 
47 92 5 
48 96 
5 79 
53 61 27 
19 53 
10 60 81 
79 74 55 
81 31 
27 64 
18 43 
43 17 
31 42 14 
64 57 
55 91 7 
17 54 4 
70 
57 15 36 11 
14 12 
4 73 28 
78 69 23 
76 29 3 
7 86 
12 26 
24 66 
23 93 
28 20 
11 89 
91 2 52 
26 46 
83 
89 67 
74 98 
66 
51 
30 
87 
46 62 
93 
49 
58 
20 
97 94 
67 
35 
60 
3 
41 
61 
88 
29 
85 
86 85 
13 
80 
77 9 
62 
54 63 
22 
42 
99 
52 
37 
56 
69 
36 
45 
73 
9 
98 
92 
21 
16 
2 6 
65 
63 
94 
6 
15 
# clone tree 18 objective: 4.99115
0 90 
90 88 25 
25 16 37 97 38 
38 82 39 
39 70 34 
34 10 75 
95 15 80 49 1 
75 22 95 
1 87 33 
33 76 68 
68 65 99 35 59 
72 24 50 
59 51 72 
82 45 13 58 40 
50 8 
8 83 44 
40 18 32 
44 78 84 
84 21 41 71 
32 30 48 
71 94 47 
96 77 19 
47 92 5 
48 56 96 
5 79 
53 61 27 
19 53 
10 60 81 
79 74 55 
81 31 
27 64 
18 43 
43 17 
31 42 14 
64 57 
55 91 7 
17 54 4 
70 
57 36 11 
14 12 
4 73 28 
78 69 23 
76 29 3 
7 86 
12 26 
24 66 
23 93 
28 20 
11 89 
91 2 52 
26 46 
83 
89 67 
74 98 
66 
51 
30 
87 
46 62 
93 
49 
58 
20 
97 
67 
35 
60 
3 
41 
61 
88 
29 
85 
86 85 
13 
80 
77 9 
62 
54 63 
22 
42 
99 
52 
37 
56 
69 
36 
45 
73 
9 
98 
92 
21 
16 
2 
65 
63 
94 
6 
15 6 
# clone tree 19 objective: 4.99115
0 90 
90 88 25 
25 37 97 38 
38 82 39 
39 70 34 
34 10 75 
95 80 49 1 
75 22 95 
1 87 33 
33 56 76 68 
68 65 99 35 59 
72 16 24 50 
59 51 72 
82 45 13 58 40 
50 8 
8 83 44 
40 18 32 
44 78 84 
84 21 41 71 
32 30 48 
71 47 
96 77 19 
47 92 5 
48 96 
5 79 
53 61 27 
19 53 
10 60 81 
79 74 55 
81 31 
27 64 
18 43 
43 17 
31 42 14 
64 57 
55 91 7 
17 54 4 
70 
57 36 11 
14 12 
4 73 28 
78 69 23 
76 29 3 
7 86 
12 26 
24 66 
23 93 
28 20 
11 89 
91 2 52 
26 46 
83 
89 67 
74 98 
66 
51 
30 
87 
46 62 
93 
49 
58 
20 
97 94 
67 
35 
60 
3 
41 
61 
88 
29 
85 
86 85 
13 
80 
77 9 
62 
54 63 
22 
42 
99 
52 
37 
56 
69 
36 
45 
73 
9 
98 
92 
21 15 
16 
2 6 
65 
63 
94 
6 
15 
# clone tree 20 objective: 4.99115
0 90 
90 56 88 25 
25 37 97 38 
38 82 39 
39 70 34 
34 10 75 
95 80 49 1 
75 22 95 
1 87 33 
33 76 68 
68 65 99 35 59 
72 15 16 21 24 50 
59 51 72 
82 45 13 58 40 
50 8 
8 83 44 
40 18 32 
44 78 84 
84 41 71 
32 30 48 
71 47 
96 77 19 
47 5 
48 96 
5 79 
53 61 27 
19 53 
10 60 81 
79 74 55 
81 31 
27 64 
18 43 
43 17 
31 42 14 
64 57 
55 91 7 
17 94 54 4 
70 
57 36 11 
14 12 
4 73 28 
78 69 23 
76 29 3 
7 86 
12 26 
24 66 
23 93 
28 20 
11 89 
91 2 52 
26 46 
83 
89 67 
74 98 
66 
51 
30 
87 
46 62 
93 
49 
58 
20 
97 
67 
35 
60 
3 
41 
61 
88 
29 
85 
86 85 
13 
80 
77 9 
62 
54 63 
22 
42 6 
99 92 
52 
37 
56 
69 
36 
45 
73 
9 
98 
92 
21 
16 
2 
65 
63 
94 
6 
15 
# clone tree 21 objective: 4.99115
0 90 
90 88 25 
25 37 97 38 
38 82 39 
39 70 34 
34 10 75 
95 80 49 1 
75 22 95 
1 87 33 
33 56 76 68 
68 65 99 35 59 
72 16 24 50 
59 51 72 
82 45 13 58 40 
50 8 
8 83 44 
40 18 32 
44 78 84 
84 21 41 71 
32 30 48 
71 47 
96 77 19 
47 92 5 
48 96 
5 79 
53 61 27 
19 53 
10 60 81 
79 74 55 
81 31 
27 64 
18 43 
43 17 
31 42 14 
64 57 
55 91 7 
17 54 4 
70 
57 36 11 
14 12 
4 73 28 
78 69 23 
76 29 3 
7 86 
12 26 
24 66 
23 93 
28 15 20 
11 89 
91 2 52 
26 46 
83 
89 67 
74 98 
66 
51 
30 
87 
46 62 
93 
49 
58 
20 
97 94 
67 
35 
60 
3 
41 
61 
88 
29 
85 
86 85 
13 
80 
77 9 
62 
54 63 
22 
42 
99 
52 
37 
56 
69 
36 
45 
73 
9 
98 
92 
21 
16 
2 6 
65 
63 
94 
6 
15 
# clone tree 22 objective: 4.99115
0 90 
90 88 25 
25 16 37 97 38 
38 82 39 
39 70 34 
34 10 75 
95 6 80 49 1 
75 22 95 
1 87 33 
33 76 68 
68 65 99 35 59 
72 24 50 
59 15 51 72 
82 45 13 58 40 
50 8 
8 83 44 
40 18 32 
44 78 84 
84 21 41 71 
32 30 48 
71 94 47 
96 77 19 
47 92 5 
48 56 96 
5 79 
53 61 27 
19 53 
10 60 81 
79 74 55 
81 31 
27 64 
18 43 
43 17 
31 42 14 
64 57 
55 91 7 
17 54 4 
70 
57 36 11 
14 12 
4 73 28 
78 69 23 
76 29 3 
7 86 
12 26 
24 66 
23 93 
28 20 
11 89 
91 2 52 
26 46 
83 
89 67 
74 98 
66 
51 
30 
87 
46 62 
93 
49 
58 
20 
97 
67 
35 
60 
3 
41 
61 
88 
29 
85 
86 85 
13 
80 
77 9 
62 
54 63 
22 
42 
99 
52 
37 
56 
69 
36 
45 
73 
9 
98 
92 
21 
16 
2 
65 
63 
94 
6 
15 
# clone tree 23 objective: 4.99115
0 90 
90 88 25 
25 37 97 38 
38 82 39 
39 70 34 
34 10 75 
95 80 49 1 
75 22 95 
1 87 33 
33 56 76 68 
68 65 99 35 59 
72 16 24 50 
59 51 72 
82 45 13 58 40 
50 8 
8 83 44 
40 18 32 
44 78 84 
84 21 41 71 
32 30 48 
71 47 
96 77 19 
47 92 5 
48 96 
5 79 
53 61 27 
19 53 
10 60 81 
79 74 55 
81 31 
27 64 
18 43 
43 17 
31 42 14 
64 57 
55 91 7 
17 54 4 
70 
57 36 11 
14 12 
4 73 28 
78 69 23 
76 29 3 
7 86 
12 26 
24 66 
23 93 
28 20 
11 89 
91 2 52 
26 46 
83 
89 67 
74 98 
66 
51 
30 
87 
46 62 
93 
49 
58 
20 
97 94 
67 
35 
60 
3 
41 
61 
88 
29 
85 
86 85 
13 
80 
77 9 
62 
54 63 
22 
42 
99 
52 
37 
56 
69 
36 
45 
73 
9 
98 
92 15 
21 
16 
2 6 
65 
63 
94 
6 
15 
# clone tree 24 objective: 4.99115
0 90 
90 88 25 
25 16 37 97 38 
38 82 39 
39 70 34 
34 10 75 
95 6 80 49 1 
75 22 95 
1 87 33 
33 76 68 
68 65 99 35 59 
72 24 50 
59 51 72 
82 45 13 58 40 
50 8 
8 83 44 
40 18 32 
44 78 84 
84 21 41 71 
32 30 48 
71 94 47 
96 77 19 
47 92 5 
48 56 96 
5 79 
53 61 27 
19 53 
10 60 81 
79 74 55 
81 31 
27 64 
18 43 
43 17 
31 42 14 
64 15 57 
55 91 7 
17 54 4 
70 
57 36 11 
14 12 
4 73 28 
78 69 23 
76 29 3 
7 86 
12 26 
24 66 
23 93 
28 20 
11 89 
91 2 52 
26 46 
83 
89 67 
74 98 
66 
51 
30 
87 
46 62 
93 
49 
58 
20 
97 
67 
35 
60 
3 
41 
61 
88 
29 
85 
86 85 
13 
80 
77 9 
62 
54 63 
22 
42 
99 
52 
37 
56 
69 
36 
45 
73 
9 
98 
92 
21 
16 
2 
65 
63 
94 
6 
15 
# clone tree 25 objective: 4.99115
0 90 
90 56 88 25 
25 37 97 38 
38 82 39 
39 70 34 
34 10 75 
95 80 49 1 
75 22 95 
1 87 33 
33 76 68 
68 65 99 35 59 
72 16 21 24 50 
59 51 72 
82 45 13 58 40 
50 8 
8 83 44 
40 18 32 
44 78 84 
84 41 71 
32 30 48 
71 47 
96 77 19 
47 5 
48 96 
5 79 
53 61 27 
19 53 
10 60 81 
79 74 55 
81 31 
27 64 
18 43 
43 17 
31 42 14 
64 57 
55 91 7 
17 94 54 4 
70 
57 36 11 
14 12 
4 73 28 
78 69 23 
76 29 3 
7 86 
12 26 
24 66 
23 93 
28 20 
11 89 
91 2 52 
26 46 
83 
89 67 
74 98 
66 
51 
30 15 
87 
46 62 
93 
49 
58 
20 
97 
67 
35 
60 
3 
41 
61 
88 
29 
85 
86 85 
13 
80 
77 9 
62 
54 63 
22 
42 
99 92 
52 
37 
56 
69 
36 
45 
73 
9 
98 
92 
21 
16 
2 
65 6 
63 
94 
6 
15 
# clone tree 26 objective: 4.99115
0 90 
90 88 25 
25 16 37 97 38 
38 82 39 
39 70 34 
34 10 75 
95 80 49 1 
75 22 95 
1 87 33 
33 76 68 
68 65 99 35 59 
72 24 50 
59 6 51 72 
82 45 13 58 40 
50 8 
8 83 44 
40 18 32 
44 78 84 
84 21 41 71 
32 30 48 
71 47 
96 77 19 
47 92 5 
48 56 96 
5 79 
53 61 27 
19 53 
10 60 81 
79 74 55 
81 31 
27 64 
18 43 
43 17 
31 42 14 
64 57 
55 91 7 
17 94 54 4 
70 
57 36 11 
14 12 
4 73 28 
78 69 23 
76 29 3 
7 86 
12 26 
24 66 
23 93 
28 20 
11 89 
91 2 52 
26 46 
83 
89 67 
74 98 
66 
51 
30 
87 
46 62 
93 
49 
58 
20 
97 
67 
35 
60 
3 
41 
61 
88 
29 
85 
86 85 
13 
80 
77 9 
62 
54 63 
22 
42 
99 
52 
37 
56 
69 
36 
45 
73 
9 
98 15 
92 
21 
16 
2 
65 
63 
94 
6 
15 
# clone tree 27 objective: 4.99115
0 90 
90 56 88 25 
25 37 97 38 
38 82 39 
39 70 34 
34 10 75 
95 80 49 1 
75 22 95 
1 87 33 
33 76 68 
68 99 35 59 
72 16 24 50 
59 51 72 
82 45 13 58 40 
50 8 
8 83 44 
40 18 32 
44 78 84 
84 21 41 71 
32 30 48 
71 47 
96 77 19 
47 5 
48 96 
5 79 
53 61 27 
19 53 
10 60 81 
79 74 55 
81 31 
27 64 
18 43 
43 17 
31 42 14 
64 57 
55 91 7 
17 54 4 
70 
57 36 11 
14 12 
4 15 73 28 
78 69 23 
76 29 3 
7 86 
12 26 
24 66 
23 93 
28 6 20 
11 89 
91 2 52 
26 46 
83 
89 67 
74 98 
66 
51 
30 
87 
46 62 
93 
49 
58 
20 
97 
67 
35 
60 65 
3 
41 
61 
88 
29 
85 
86 85 
13 
80 
77 9 
62 
54 94 63 
22 
42 
99 92 
52 
37 
56 
69 
36 
45 
73 
9 
98 
92 
21 
16 
2 
65 
63 
94 
6 
15 
# clone tree 28 objective: 4.99115
0 90 
90 56 88 25 
25 37 97 38 
38 82 39 
39 70 34 
34 10 75 
95 80 49 1 
75 22 95 
1 87 33 
33 76 68 
68 99 35 59 
72 16 24 50 
59 51 72 
82 45 13 58 40 
50 8 
8 83 44 
40 18 32 
44 78 84 
84 21 41 71 
32 30 48 
71 15 47 
96 77 19 
47 5 
48 96 
5 79 
53 61 27 
19 53 
10 60 81 
79 74 55 
81 31 
27 64 
18 43 
43 17 
31 42 14 
64 57 
55 91 7 
17 54 4 
70 
57 36 11 
14 12 
4 73 28 
78 69 23 
76 29 3 
7 86 
12 26 
24 66 
23 93 
28 20 
11 89 
91 2 52 
26 46 
83 
89 67 
74 98 
66 
51 
30 
87 
46 62 
93 94 
49 
58 
20 
97 
67 
35 
60 65 
3 
41 
61 
88 
29 
85 
86 85 
13 
80 
77 9 
62 
54 63 
22 
42 
99 92 
52 
37 
56 
69 
36 6 
45 
73 
9 
98 
92 
21 
16 
2 
65 
63 
94 
6 
15 
# clone tree 29 objective: 4.99115
0 90 
90 56 88 25 
25 37 97 38 
38 82 39 
39 70 34 
34 10 75 
95 6 80 49 1 
75 22 95 
1 87 33 
33 76 68 
68 99 35 59 
72 16 24 50 
59 51 72 
82 45 13 58 40 
50 8 
8 83 44 
40 18 32 
44 78 84 
84 21 41 71 
32 30 48 
71 47 
96 77 19 
47 5 
48 96 
5 79 
53 61 27 
19 53 
10 60 81 
79 74 55 
81 31 
27 64 
18 43 
43 17 
31 42 14 
64 57 
55 91 7 
17 54 4 
70 
57 36 11 
14 12 
4 73 28 
78 69 23 
76 29 3 
7 86 
12 26 
24 66 
23 93 
28 20 
11 89 
91 2 52 
26 46 
83 
89 67 
74 98 
66 15 
51 
30 
87 
46 62 
93 94 
49 
58 
20 
97 
67 
35 
60 65 
3 
41 
61 
88 
29 
85 
86 85 
13 
80 
77 9 
62 
54 63 
22 
42 
99 92 
52 
37 
56 
69 
36 
45 
73 
9 
98 
92 
21 
16 
2 
65 
63 
94 
6 
15 
# clone tree 30 objective: 4.99115
0 90 
90 56 88 25 
25 37 97 38 
38 6 82 39 
39 70 34 
34 10 75 
95 80 49 1 
75 22 95 
1 87 33 
33 76 68 
68 99 35 59 
72 16 24 50 
59 51 72 
82 45 13 58 40 
50 8 
8 83 44 
40 18 32 
44 78 84 
84 21 41 71 
32 30 48 
71 47 
96 77 19 
47 5 
48 96 
5 79 
53 61 27 
19 53 
10 60 81 
79 74 55 
81 31 
27 64 
18 43 
43 17 
31 42 14 
64 57 
55 91 7 
17 54 4 
70 
57 36 11 
14 12 
4 73 28 
78 69 23 
76 29 3 
7 86 
12 26 
24 66 
23 93 
28 15 20 
11 89 
91 2 52 
26 46 
83 
89 67 
74 98 
66 
51 
30 
87 
46 62 
93 94 
49 
58 
20 
97 
67 
35 
60 65 
3 
41 
61 
88 
29 
85 
86 85 
13 
80 
77 9 
62 
54 63 
22 
42 
99 92 
52 
37 
56 
69 
36 
45 
73 
9 
98 
92 
21 
16 
2 
65 
63 
94 
6 
15 
# clone tree 31 objective: 4.99115
0 90 
90 88 25 
25 37 97 38 
38 82 39 
39 70 34 
34 10 75 
95 80 49 1 
75 22 95 
1 87 33 
33 56 76 68 
68 65 99 35 59 
72 16 24 50 
59 51 72 
82 45 13 58 40 
50 8 
8 83 44 
40 18 32 
44 78 84 
84 21 41 71 
32 30 48 
71 47 
96 77 19 
47 92 5 
48 96 
5 79 
53 61 27 
19 53 
10 60 81 
79 74 55 
81 31 
27 64 
18 43 
43 17 
31 94 42 14 
64 57 
55 91 7 
17 54 4 
70 
57 36 11 
14 12 
4 73 28 
78 69 23 
76 29 3 
7 86 
12 26 
24 66 
23 93 
28 20 
11 89 
91 2 52 
26 46 
83 
89 67 
74 98 
66 
51 
30 
87 
46 62 
93 
49 
58 
20 6 
97 
67 
35 15 
60 
3 
41 
61 
88 
29 
85 
86 85 
13 
80 
77 9 
62 
54 63 
22 
42 
99 
52 
37 
56 
69 
36 
45 
73 
9 
98 
92 
21 
16 
2 
65 
63 
94 
6 
15 
# clone tree 32 objective: 4.99115
0 90 
90 56 88 25 
25 37 97 38 
38 82 39 
39 70 34 
34 10 75 
95 80 49 1 
75 22 95 
1 87 33 
33 15 76 68 
68 65 99 35 59 
72 16 21 24 50 
59 51 72 
82 45 13 58 40 
50 8 
8 83 44 
40 18 32 
44 78 84 
84 41 71 
32 30 48 
71 47 
96 77 19 
47 5 
48 96 
5 79 
53 61 27 
19 53 
10 60 81 
79 74 55 
81 31 
27 64 
18 43 
43 17 
31 42 14 
64 94 57 
55 91 7 
17 54 4 
70 
57 36 11 
14 12 
4 73 28 
78 69 23 
76 29 3 
7 86 
12 26 
24 66 
23 93 
28 20 
11 89 
91 2 52 
26 46 
83 
89 67 
74 98 
66 
51 
30 
87 
46 62 
93 6 
49 
58 
20 
97 
67 
35 
60 
3 
41 
61 
88 
29 
85 
86 85 
13 
80 
77 9 
62 
54 63 
22 
42 
99 92 
52 
37 
56 
69 
36 
45 
73 
9 
98 
92 
21 
16 
2 
65 
63 
94 
6 
15 
# clone tree 33 objective: 4.99115
0 90 
90 56 88 25 
25 37 97 38 
38 82 39 
39 70 34 
34 10 75 
95 80 49 1 
75 22 95 
1 87 33 
33 76 68 
68 65 99 35 59 
72 16 21 24 50 
59 51 72 
82 45 13 58 40 
50 8 
8 83 44 
40 18 32 
44 78 84 
84 41 71 
32 30 48 
71 47 
96 6 77 19 
47 5 
48 96 
5 79 
53 15 61 27 
19 53 
10 60 81 
79 74 55 
81 31 
27 64 
18 43 
43 17 
31 42 14 
64 94 57 
55 91 7 
17 54 4 
70 
57 36 11 
14 12 
4 73 28 
78 69 23 
76 29 3 
7 86 
12 26 
24 66 
23 93 
28 20 
11 89 
91 2 52 
26 46 
83 
89 67 
74 98 
66 
51 
30 
87 
46 62 
93 
49 
58 
20 
97 
67 
35 
60 
3 
41 
61 
88 
29 
85 
86 85 
13 
80 
77 9 
62 
54 63 
22 
42 
99 92 
52 
37 
56 
69 
36 
45 
73 
9 
98 
92 
21 
16 
2 
65 
63 
94 
6 
15 
# clone tree 34 objective: 4.99115
0 90 
90 88 25 
25 37 97 38 
38 82 39 
39 70 34 
34 10 75 
95 80 49 1 
75 22 95 
1 87 33 
33 56 76 68 
68 65 99 35 59 
72 16 24 50 
59 51 72 
82 45 13 58 40 
50 8 
8 83 44 
40 18 32 
44 78 84 
84 21 41 71 
32 30 48 
71 47 
96 77 19 
47 92 5 
48 96 
5 79 
53 61 27 
19 53 
10 60 81 
79 74 55 
81 31 
27 64 
18 43 
43 17 
31 94 42 14 
64 57 
55 91 7 
17 54 4 
70 
57 36 11 
14 12 
4 73 28 
78 69 23 
76 29 3 
7 86 
12 26 
24 66 
23 93 
28 20 
11 89 
91 2 52 
26 46 
83 
89 67 
74 98 
66 
51 
30 
87 
46 62 
93 
49 
58 
20 
97 
67 
35 
60 
3 
41 
61 
88 
29 
85 6 
86 85 
13 
80 
77 9 
62 
54 63 
22 15 
42 
99 
52 
37 
56 
69 
36 
45 
73 
9 
98 
92 
21 
16 
2 
65 
63 
94 
6 
15 
# clone tree 35 objective: 4.99115
0 90 
90 56 88 25 
25 37 97 38 
38 82 39 
39 70 34 
34 10 75 
95 80 49 1 
75 22 95 
1 87 33 
33 76 68 
68 65 99 35 59 
72 16 21 24 50 
59 51 72 
82 45 13 58 40 
50 8 
8 83 44 
40 18 32 
44 78 84 
84 41 71 
32 30 48 
71 47 
96 77 19 
47 5 
48 96 
5 79 
53 61 27 
19 53 
10 60 81 
79 74 55 
81 31 
27 64 
18 43 
43 17 
31 42 14 
64 57 
55 91 7 
17 54 4 
70 
57 36 11 
14 12 
4 73 28 
78 69 23 
76 29 3 
7 86 
12 26 
24 66 
23 93 
28 20 
11 89 
91 2 52 
26 46 
83 
89 67 
74 98 
66 
51 
30 
87 
46 62 
93 
49 
58 
20 
97 
67 
35 
60 
3 
41 
61 
88 
29 
85 
86 85 
13 
80 
77 9 
62 
54 15 63 
22 
42 
99 92 
52 6 
37 94 
56 
69 
36 
45 
73 
9 
98 
92 
21 
16 
2 
65 
63 
94 
6 
15 
# clone tree 36 objective: 4.99115
0 90 
90 56 88 25 
25 37 97 38 
38 82 39 
39 70 34 
34 10 75 
95 80 49 1 
75 22 95 
1 87 33 
33 76 68 
68 65 99 35 59 
72 16 21 24 50 
59 51 72 
82 45 13 58 40 
50 8 
8 83 44 
40 15 18 32 
44 78 84 
84 41 71 
32 30 48 
71 47 
96 77 19 
47 5 
48 96 
5 79 
53 61 27 
19 53 
10 60 81 
79 74 55 
81 31 
27 64 
18 43 
43 17 
31 42 14 
64 57 
55 91 7 
17 54 4 
70 
57 36 11 
14 12 
4 73 28 
78 69 23 
76 29 3 
7 86 
12 26 
24 66 
23 93 
28 20 
11 89 
91 2 52 
26 46 
83 
89 67 
74 98 
66 
51 
30 
87 
46 62 
93 
49 
58 
20 
97 
67 
35 
60 
3 
41 
61 
88 
29 
85 
86 85 
13 
80 
77 9 
62 
54 63 
22 
42 
99 92 
52 
37 
56 
69 6 
36 
45 
73 
9 94 
98 
92 
21 
16 
2 
65 
63 
94 
6 
15 
# clone tree 37 objective: 4.99115
0 90 
90 6 56 88 25 
25 37 97 38 
38 82 39 
39 70 34 
34 10 75 
95 80 49 1 
75 22 95 
1 87 33 
33 76 68 
68 99 35 59 
72 16 24 50 
59 51 72 
82 45 13 58 40 
50 8 
8 83 44 
40 18 32 
44 78 84 
84 21 41 71 
32 30 48 
71 47 
96 77 19 
47 5 
48 96 
5 79 
53 61 27 
19 53 
10 60 81 
79 74 55 
81 31 
27 64 
18 43 
43 17 
31 42 14 
64 57 
55 91 7 
17 54 4 
70 
57 36 11 
14 12 
4 73 28 
78 69 23 
76 29 3 
7 86 
12 26 
24 66 
23 93 
28 20 
11 15 89 
91 2 52 
26 46 
83 
89 67 
74 98 
66 
51 
30 
87 
46 62 
93 94 
49 
58 
20 
97 
67 
35 
60 65 
3 
41 
61 
88 
29 
85 
86 85 
13 
80 
77 9 
62 
54 63 
22 
42 
99 92 
52 
37 
56 
69 
36 
45 
73 
9 
98 
92 
21 
16 
2 
65 
63 
94 
6 
15 
# clone tree 38 objective: 4.99115
0 90 
90 56 88 25 
25 37 97 38 
38 82 39 
39 94 70 34 
34 10 75 
95 80 49 1 
75 22 95 
1 87 33 
33 76 68 
68 65 99 35 59 
72 16 21 24 50 
59 51 72 
82 45 13 58 40 
50 8 
8 83 44 
40 18 32 
44 78 84 
84 41 71 
32 30 48 
71 47 
96 77 19 
47 5 
48 96 
5 79 
53 61 27 
19 53 
10 60 81 
79 74 55 
81 31 
27 64 
18 43 
43 17 
31 42 14 
64 57 
55 91 7 
17 54 4 
70 
57 36 11 
14 12 
4 73 28 
78 69 23 
76 29 3 
7 86 
12 26 
24 66 
23 93 
28 20 
11 89 
91 2 52 
26 46 
83 
89 67 
74 98 
66 
51 
30 
87 
46 62 
93 
49 
58 
20 
97 
67 
35 
60 
3 
41 
61 
88 
29 
85 
86 85 
13 
80 
77 9 
62 
54 63 
22 
42 15 
99 92 
52 
37 
56 
69 
36 
45 
73 
9 
98 
92 
21 
16 
2 6 
65 
63 
94 
6 
15 
# clone tree 39 objective: 4.99115
0 90 
90 88 25 
25 37 97 38 
38 82 39 
39 70 34 
34 10 75 
95 80 49 1 
75 22 95 
1 87 33 
33 56 76 68 
68 65 99 35 59 
72 16 24 50 
59 51 72 
82 45 13 58 40 
50 8 
8 83 44 
40 18 32 
44 78 84 
84 21 41 71 
32 30 48 
71 47 
96 77 19 
47 92 5 
48 96 
5 79 
53 61 27 
19 53 
10 60 81 
79 74 55 
81 31 
27 64 
18 43 
43 17 
31 94 42 14 
64 57 
55 91 7 
17 15 54 4 
70 
57 36 11 
14 12 
4 73 28 
78 69 23 
76 29 3 
7 86 
12 26 
24 66 
23 93 
28 20 
11 89 
91 2 52 
26 46 
83 
89 67 
74 98 
66 
51 
30 
87 
46 62 
93 
49 
58 
20 
97 
67 
35 
60 
3 
41 
61 
88 
29 
85 
86 85 
13 
80 
77 9 
62 
54 63 
22 
42 
99 
52 
37 
56 
69 
36 
45 
73 
9 
98 
92 
21 
16 
2 
65 
63 
94 6 
6 
15 
# clone tree 40 objective: 4.99115
0 90 
90 88 25 
25 16 37 97 38 
38 82 39 
39 70 34 
34 10 75 
95 80 49 1 
75 22 95 
1 87 33 
33 76 68 
68 65 99 35 59 
72 24 50 
59 6 51 72 
82 45 13 58 40 
50 8 
8 83 44 
40 18 32 
44 78 84 
84 21 41 71 
32 30 48 
71 47 
96 77 19 
47 92 5 
48 56 96 
5 79 
53 61 27 
19 53 
10 60 81 
79 15 74 55 
81 31 
27 64 
18 43 
43 17 
31 42 14 
64 57 
55 91 7 
17 94 54 4 
70 
57 36 11 
14 12 
4 73 28 
78 69 23 
76 29 3 
7 86 
12 26 
24 66 
23 93 
28 20 
11 89 
91 2 52 
26 46 
83 
89 67 
74 98 
66 
51 
30 
87 
46 62 
93 
49 
58 
20 
97 
67 
35 
60 
3 
41 
61 
88 
29 
85 
86 85 
13 
80 
77 9 
62 
54 63 
22 
42 
99 
52 
37 
56 
69 
36 
45 
73 
9 
98 
92 
21 
16 
2 
65 
63 
94 
6 
15 
# clone tree 41 objective: 4.99115
0 15 90 
90 56 88 25 
25 37 97 38 
38 82 39 
39 70 34 
34 10 75 
95 80 49 1 
75 22 95 
1 87 33 
33 76 68 
68 65 99 35 59 
72 16 21 24 50 
59 51 72 
82 45 13 58 40 
50 8 
8 83 44 
40 18 32 
44 78 84 
84 41 71 
32 30 48 
71 47 
96 77 19 
47 5 
48 96 
5 79 
53 61 27 
19 53 
10 60 81 
79 74 55 
81 31 
27 64 
18 43 
43 17 
31 42 14 
64 94 57 
55 91 7 
17 54 4 
70 
57 36 11 
14 12 
4 73 28 
78 69 23 
76 29 3 
7 86 
12 26 
24 66 
23 93 
28 6 20 
11 89 
91 2 52 
26 46 
83 
89 67 
74 98 
66 
51 
30 
87 
46 62 
93 
49 
58 
20 
97 
67 
35 
60 
3 
41 
61 
88 
29 
85 
86 85 
13 
80 
77 9 
62 
54 63 
22 
42 
99 92 
52 
37 
56 
69 
36 
45 
73 
9 
98 
92 
21 
16 
2 
65 
63 
94 
6 
15 
# clone tree 42 objective: 4.99115
0 90 
90 56 88 25 
25 15 37 97 38 
38 82 39 
39 70 34 
34 10 75 
95 80 49 1 
75 22 95 
1 87 33 
33 76 68 
68 65 99 35 59 
72 16 21 24 50 
59 51 72 
82 45 13 58 40 
50 8 
8 83 44 
40 18 32 
44 78 84 
84 41 71 
32 30 48 
71 47 
96 77 19 
47 5 
48 96 
5 79 
53 61 27 
19 53 
10 60 81 
79 74 55 
81 31 
27 64 
18 43 
43 17 
31 42 14 
64 57 
55 91 7 
17 94 54 4 
70 
57 36 11 
14 12 
4 73 28 
78 69 23 
76 29 3 
7 86 
12 26 
24 66 
23 93 
28 20 
11 89 
91 2 52 
26 46 
83 
89 67 
74 98 
66 
51 
30 
87 
46 62 
93 
49 
58 
20 
97 
67 
35 
60 
3 
41 
61 
88 
29 
85 
86 85 
13 
80 
77 9 
62 
54 63 
22 
42 
99 92 
52 
37 
56 
69 
36 
45 
73 
9 
98 
92 
21 
16 
2 
65 6 
63 
94 
6 
15 
# clone tree 43 objective: 4.99115
0 90 
90 88 25 
25 37 97 38 
38 82 39 
39 70 34 
34 10 75 
95 80 49 1 
75 22 95 
1 87 33 
33 56 76 68 
68 65 99 35 59 
72 16 24 50 
59 51 72 
82 45 13 58 40 
50 8 
8 83 44 
40 18 32 
44 78 84 
84 21 41 71 
32 30 48 
71 47 
96 77 19 
47 92 5 
48 96 
5 79 
53 61 27 
19 53 
10 60 81 
79 74 55 
81 31 
27 64 
18 15 43 
43 17 
31 42 14 
64 57 
55 91 7 
17 54 4 
70 
57 36 11 
14 12 
4 73 28 
78 69 23 
76 29 3 
7 86 
12 26 
24 66 
23 93 
28 20 
11 89 
91 2 52 
26 46 
83 
89 67 
74 98 
66 
51 
30 
87 
46 62 
93 
49 
58 
20 
97 
67 
35 
60 
3 
41 
61 
88 
29 
85 
86 85 
13 
80 
77 9 
62 
54 63 
22 
42 
99 
52 
37 94 
56 
69 
36 
45 
73 
9 
98 
92 
21 
16 
2 
65 
63 
94 
6 
15 6 
# clone tree 44 objective: 4.99115
0 90 
90 88 25 
25 16 37 97 38 
38 82 39 
39 70 34 
34 10 75 
95 80 49 1 
75 22 95 
1 87 33 
33 76 68 
68 65 99 35 59 
72 24 50 
59 51 72 
82 45 13 58 40 
50 8 
8 83 44 
40 18 32 
44 78 84 
84 21 41 71 
32 30 48 
71 47 
96 77 19 
47 92 5 
48 56 96 
5 79 
53 61 27 
19 53 
10 60 81 
79 74 55 
81 15 31 
27 64 
18 43 
43 17 
31 94 42 14 
64 57 
55 91 7 
17 54 4 
70 
57 36 11 
14 12 
4 73 28 
78 69 23 
76 29 3 
7 86 
12 26 
24 66 
23 93 
28 20 
11 89 
91 2 52 
26 46 
83 
89 67 
74 98 
66 
51 
30 
87 
46 62 
93 
49 
58 
20 
97 
67 
35 
60 
3 
41 
61 
88 
29 
85 
86 85 
13 
80 
77 9 
62 
54 63 
22 
42 
99 
52 
37 
56 6 
69 
36 
45 
73 
9 
98 
92 
21 
16 
2 
65 
63 
94 
6 
15 
# clone tree 45 objective: 4.99115
0 90 
90 88 25 
25 37 97 38 
38 82 39 
39 70 34 
34 10 75 
95 80 49 1 
75 22 95 
1 87 33 
33 56 76 68 
68 65 99 35 59 
72 16 24 50 
59 51 72 
82 45 13 58 40 
50 8 
8 83 44 
40 18 32 
44 78 84 
84 21 41 71 
32 30 48 
71 47 
96 77 19 
47 92 5 
48 15 96 
5 79 
53 61 27 
19 53 
10 60 81 
79 74 55 
81 31 
27 64 
18 43 
43 17 
31 94 42 14 
64 57 
55 91 7 
17 54 4 
70 
57 36 11 
14 12 
4 73 28 
78 69 23 
76 29 3 
7 86 
12 26 
24 66 
23 93 
28 20 
11 89 
91 2 52 
26 46 
83 
89 67 
74 98 
66 
51 
30 
87 
46 62 
93 
49 
58 
20 
97 
67 
35 
60 
3 
41 
61 
88 
29 
85 6 
86 85 
13 
80 
77 9 
62 
54 63 
22 
42 
99 
52 
37 
56 
69 
36 
45 
73 
9 
98 
92 
21 
16 
2 
65 
63 
94 
6 
15 
# clone tree 46 objective: 4.99115
0 90 
90 56 88 25 
25 37 97 38 
38 82 39 
39 70 34 
34 10 75 
95 80 49 1 
75 22 95 
1 87 33 
33 76 68 
68 99 35 59 
72 16 24 50 
59 51 72 
82 45 13 58 40 
50 8 
8 83 44 
40 18 32 
44 78 84 
84 21 41 71 
32 30 48 
71 47 
96 77 19 
47 5 
48 96 
5 79 
53 61 27 
19 53 
10 6 60 81 
79 74 55 
81 31 
27 64 
18 43 
43 17 
31 42 14 
64 57 
55 91 7 
17 54 4 
70 
57 36 11 
14 12 
4 73 28 
78 69 23 
76 29 3 
7 86 
12 26 
24 66 
23 93 
28 20 
11 89 
91 2 52 
26 46 
83 
89 67 
74 98 
66 
51 
30 
87 
46 62 
93 
49 
58 
20 
97 
67 
35 
60 65 
3 
41 
61 
88 15 
29 94 
85 
86 85 
13 
80 
77 9 
62 
54 63 
22 
42 
99 92 
52 
37 
56 
69 
36 
45 
73 
9 
98 
92 
21 
16 
2 
65 
63 
94 
6 
15 
# clone tree 47 objective: 4.99115
0 90 
90 56 88 25 
25 37 97 38 
38 82 39 
39 70 34 
34 10 75 
95 80 49 1 
75 22 95 
1 87 33 
33 76 68 
68 65 99 35 59 
72 16 21 24 50 
59 51 72 
82 45 13 58 40 
50 8 
8 15 83 44 
40 18 32 
44 78 84 
84 41 71 
32 30 48 
71 47 
96 77 19 
47 5 
48 96 
5 79 
53 61 27 
19 53 
10 60 81 
79 74 55 
81 31 
27 64 
18 43 
43 17 
31 42 14 
64 57 
55 91 7 
17 54 4 
70 
57 36 11 
14 12 
4 73 28 
78 69 23 
76 29 3 
7 86 
12 6 26 
24 66 
23 93 
28 20 
11 89 
91 2 52 
26 46 
83 
89 67 
74 98 
66 
51 
30 
87 
46 62 
93 
49 
58 
20 
97 
67 
35 
60 
3 
41 
61 
88 
29 
85 
86 85 
13 
80 
77 9 
62 
54 94 63 
22 
42 
99 92 
52 
37 
56 
69 
36 
45 
73 
9 
98 
92 
21 
16 
2 
65 
63 
94 
6 
15 
# clone tree 48 objective: 4.99115
0 15 90 
90 56 88 25 
25 37 97 38 
38 82 39 
39 70 34 
34 10 75 
95 80 49 1 
75 22 95 
1 87 33 
33 76 68 
68 99 35 59 
72 16 24 50 
59 51 72 
82 45 13 58 40 
50 8 
8 83 44 
40 18 32 
44 78 84 
84 21 41 71 
32 30 48 
71 47 
96 77 19 
47 5 
48 96 
5 79 
53 61 27 
19 53 
10 60 81 
79 74 55 
81 31 
27 64 
18 43 
43 17 
31 42 14 
64 57 
55 91 7 
17 54 4 
70 
57 36 11 
14 12 
4 73 28 
78 69 23 
76 29 3 
7 86 
12 26 
24 66 
23 93 
28 20 
11 89 
91 2 52 
26 46 
83 
89 67 
74 98 
66 
51 
30 
87 
46 62 
93 94 
49 
58 
20 
97 
67 
35 
60 65 
3 
41 
61 
88 
29 
85 
86 85 
13 
80 
77 9 
62 
54 63 
22 
42 
99 92 
52 
37 
56 
69 
36 6 
45 
73 
9 
98 
92 
21 
16 
2 
65 
63 
94 
6 
15 
# clone tree 49 objective: 4.99115
0 90 
90 88 25 
25 37 97 38 
38 82 39 
39 70 34 
34 10 75 
95 80 49 1 
75 22 95 
1 87 33 
33 56 76 68 
68 65 99 35 59 
72 16 24 50 
59 51 72 
82 45 13 58 40 
50 8 
8 83 44 
40 18 32 
44 78 84 
84 21 41 71 
32 30 48 
71 47 
96 77 19 
47 92 5 
48 96 
5 79 
53 61 27 
19 53 
10 60 81 
79 94 74 55 
81 31 
27 64 
18 43 
43 17 
31 42 14 
64 57 
55 91 7 
17 54 4 
70 
57 36 11 
14 12 
4 73 28 
78 69 23 
76 29 3 
7 86 
12 26 
24 6 66 
23 93 
28 20 
11 89 
91 2 52 
26 46 
83 
89 67 
74 98 
66 
51 
30 
87 
46 62 
93 
49 
58 
20 
97 
67 
35 
60 
3 
41 
61 
88 
29 
85 
86 85 
13 
80 
77 9 
62 
54 63 
22 
42 
99 
52 
37 
56 
69 
36 
45 
73 
9 
98 
92 
21 
16 
2 
65 
63 
94 15 
6 
15 
