# clone tree 0 objective: 3.74669
0 30 7 
7 69 93 58 85 2 18 86 
86 53 68 16 
16 60 24 8 
8 92 44 
44 54 90 
90 87 64 
64 9 94 
94 10 37 
37 50 67 38 
31 26 47 
38 32 
76 42 31 
32 76 
47 40 83 27 
89 39 3 
9 43 35 29 
27 28 89 
33 21 55 
29 82 91 
3 33 
91 65 
55 81 62 
65 75 
67 15 34 51 
75 78 
62 71 11 
78 23 13 
11 88 5 
24 12 61 
13 56 1 
5 63 77 
51 79 80 
18 19 
61 59 
68 25 14 
2 95 
19 46 
59 49 73 
14 4 
77 74 
30 52 
80 45 
83 66 
1 96 
53 84 
82 
96 6 
45 20 70 
85 98 
34 36 
46 
87 48 
74 
36 
35 72 
52 
95 
58 
4 17 
73 
84 
10 
60 
56 22 
50 
70 
66 
49 
15 97 
54 
48 
81 
63 
17 
26 
98 
6 
92 
93 
22 41 
43 
12 
20 
40 
21 57 
23 
42 
69 
71 
39 
79 99 
88 
41 
57 
28 
72 
25 
97 
99 
# clone tree 1 objective: 3.74669
0 97 30 7 
7 69 93 58 85 2 18 86 
86 53 68 16 
16 60 24 8 
8 92 44 
44 54 90 
90 87 64 
64 9 94 
94 10 37 
37 50 67 38 
31 26 47 
38 32 
76 42 31 
32 76 
47 40 83 27 
89 39 3 
9 43 35 29 
27 28 89 
33 21 55 
29 82 91 
3 33 
91 65 
55 81 62 
65 75 
67 15 34 51 
75 78 
62 71 11 
78 23 13 
11 88 5 
24 12 61 
13 56 1 
5 63 77 
51 79 80 
18 19 
61 59 
68 14 
2 95 
19 46 
59 49 73 
14 4 
77 74 
30 52 
80 45 
83 66 
1 96 
53 84 
82 
96 6 
45 20 70 
85 98 
34 36 
46 
87 48 
74 
36 
35 72 
52 
95 
58 
4 17 
73 
84 
10 
60 
56 22 
50 
70 
66 
49 
15 
54 
48 
81 
63 
17 
26 
98 
6 
92 
93 
22 41 
43 99 
12 
20 
40 
21 57 
23 
42 
69 
71 
39 
79 
88 
41 
57 
28 
72 
25 
97 
99 25 
# clone tree 2 objective: 3.74669
0 30 7 
7 69 93 58 85 2 18 86 
86 53 68 16 
16 60 24 8 
8 92 44 
44 54 90 
90 87 64 
64 9 94 
94 10 37 
37 50 67 38 
31 26 47 
38 32 
76 42 31 
32 76 
47 40 83 27 
89 39 3 
9 43 35 29 
27 28 89 
33 21 55 
29 82 91 
3 33 
91 65 
55 81 62 
65 75 
67 15 34 51 
75 78 
62 71 11 
78 23 13 
11 88 5 
24 12 61 
13 56 1 
5 63 77 
51 79 80 
18 19 
61 59 
68 25 14 
2 95 
19 46 
59 49 73 
14 4 
77 74 
30 52 
80 45 
83 66 
1 96 
53 84 
82 
96 6 
45 20 70 
85 98 
34 36 
46 
87 48 
74 
36 
35 72 
52 
95 
58 
4 17 
73 
84 
10 
60 
56 22 
50 
70 
66 
49 
15 97 
54 
48 
81 
63 
17 
26 
98 
6 
92 
93 
22 41 
43 99 
12 
20 
40 
21 57 
23 
42 
69 
71 
39 
79 
88 
41 
57 
28 
72 
25 
97 
99 
# clone tree 3 objective: 3.74669
0 97 30 7 
7 69 93 58 85 2 18 86 
86 53 68 16 
16 60 24 8 
8 92 44 
44 54 90 
90 87 64 
64 9 94 
94 10 37 
37 50 67 38 
31 26 47 
38 32 
76 42 31 
32 76 
47 40 83 27 
89 39 3 
9 43 35 29 
27 28 89 
33 21 55 
29 82 91 
3 33 
91 65 
55 81 62 
65 75 
67 15 34 51 
75 78 
62 71 11 
78 23 13 
11 88 5 
24 12 61 
13 56 1 
5 63 77 
51 79 80 
18 19 
61 59 
68 14 
2 95 
19 46 
59 49 73 
14 4 
77 74 
30 52 
80 45 
83 66 
1 96 
53 84 
82 
96 6 
45 20 70 
85 98 
34 36 
46 
87 48 
74 
36 
35 72 
52 
95 
58 
4 17 
73 
84 
10 
60 
56 22 
50 
70 
66 
49 
15 
54 
48 
81 
63 
17 
26 
98 
6 
92 
93 
22 41 
43 99 25 
12 
20 
40 
21 57 
23 
42 
69 
71 
39 
79 
88 
41 
57 
28 
72 
25 
97 
99 
# clone tree 4 objective: 3.74669
0 97 30 7 
7 69 93 58 85 2 18 86 
86 53 68 16 
16 60 24 8 
8 92 44 
44 54 90 
90 87 64 
64 9 94 
94 10 37 
37 50 67 38 
31 26 47 
38 32 
76 42 31 
32 76 
47 40 83 27 
89 39 3 
9 43 35 29 
27 28 89 
33 21 55 
29 82 91 
3 33 
91 65 
55 81 62 
65 75 
67 15 34 51 
75 78 
62 71 11 
78 23 13 
11 88 5 
24 12 61 
13 56 1 
5 63 77 
51 79 80 
18 19 
61 59 
68 14 
2 95 
19 46 
59 49 73 
14 4 
77 74 
30 52 
80 45 
83 66 
1 96 
53 84 
82 
96 6 
45 20 70 
85 98 
34 36 
46 
87 48 
74 
36 
35 72 
52 
95 
58 
4 17 
73 
84 
10 
60 
56 22 
50 
70 
66 
49 
15 
54 
48 
81 
63 
17 
26 
98 
6 
92 
93 
22 41 
43 25 
12 
20 
40 
21 57 
23 
42 99 
69 
71 
39 
79 
88 
41 
57 
28 
72 
25 
97 
99 
# clone tree 5 objective: 3.74669
0 99 25 30 7 
7 69 93 58 85 2 18 86 
86 53 68 16 
16 60 24 8 
8 92 44 
44 54 90 
90 87 64 
64 9 94 
94 10 37 
37 97 50 67 38 
31 26 47 
38 32 
76 42 31 
32 76 
47 40 83 27 
89 39 3 
9 43 35 29 
27 28 89 
33 21 55 
29 82 91 
3 33 
91 65 
55 81 62 
65 75 
67 15 34 51 
75 78 
62 71 11 
78 23 13 
11 88 5 
24 12 61 
13 56 1 
5 63 77 
51 79 80 
18 19 
61 59 
68 14 
2 72 95 
19 46 
59 49 73 
14 4 
77 74 
30 52 
80 45 
83 66 
1 96 
53 84 
82 
96 6 
45 20 70 
85 98 
34 36 
46 
87 48 
74 
36 
35 
52 
95 
58 
4 17 
73 
84 
10 
60 
56 22 
50 
70 
66 
49 
15 
54 
48 
81 
63 
17 
26 
98 
6 
92 
93 
22 41 
43 
12 
20 
40 
21 57 
23 
42 
69 
71 
39 
79 
88 
41 
57 
28 
72 
25 
97 
99 
# clone tree 6 objective: 3.74669
0 97 30 7 
7 69 93 58 85 2 18 86 
86 53 68 16 
16 60 24 8 
8 92 44 
44 54 90 
90 87 64 
64 9 94 
94 10 37 
37 50 67 38 
31 26 47 
38 32 
76 42 31 
32 76 
47 40 83 27 
89 39 3 
9 43 35 29 
27 28 89 
33 21 55 
29 82 91 
3 33 
91 65 
55 81 62 
65 75 
67 15 34 51 
75 78 
62 71 11 
78 23 13 
11 88 5 
24 12 61 
13 56 1 
5 63 77 
51 79 80 
18 19 
61 59 
68 14 
2 95 
19 46 
59 49 73 
14 4 
77 74 
30 52 
80 45 
83 66 
1 96 
53 84 
82 
96 6 
45 20 70 
85 98 
34 36 
46 
87 48 
74 
36 
35 72 
52 
95 
58 
4 17 
73 
84 
10 
60 
56 22 
50 
70 
66 
49 
15 
54 
48 
81 
63 
17 
26 
98 
6 
92 
93 
22 41 
43 25 
12 
20 
40 
21 57 
23 
42 
69 99 
71 
39 
79 
88 
41 
57 
28 
72 
25 
97 
99 
# clone tree 7 objective: 3.74669
0 25 30 7 
7 69 93 58 85 2 18 86 
86 99 53 68 16 
16 60 24 8 
8 92 44 
44 54 90 
90 87 64 
64 9 94 
94 10 37 
37 97 50 67 38 
31 26 47 
38 32 
76 42 31 
32 76 
47 40 83 27 
89 39 3 
9 43 35 29 
27 28 89 
33 21 55 
29 82 91 
3 33 
91 65 
55 81 62 
65 75 
67 15 34 51 
75 78 
62 71 11 
78 23 13 
11 88 5 
24 12 61 
13 56 1 
5 63 77 
51 79 80 
18 19 
61 59 
68 14 
2 72 95 
19 46 
59 49 73 
14 4 
77 74 
30 52 
80 45 
83 66 
1 96 
53 84 
82 
96 6 
45 20 70 
85 98 
34 36 
46 
87 48 
74 
36 
35 
52 
95 
58 
4 17 
73 
84 
10 
60 
56 22 
50 
70 
66 
49 
15 
54 
48 
81 
63 
17 
26 
98 
6 
92 
93 
22 41 
43 
12 
20 
40 
21 57 
23 
42 
69 
71 
39 
79 
88 
41 
57 
28 
72 
25 
97 
99 
# clone tree 8 objective: 3.74669
0 97 30 7 
7 69 93 58 85 2 18 86 
86 53 68 16 
16 60 24 8 
8 92 44 
44 54 90 
90 87 64 
64 9 94 
94 10 37 
37 50 67 38 
31 26 47 
38 32 
76 42 31 
32 76 
47 40 83 27 
89 39 3 
9 43 35 29 
27 28 89 
33 21 55 
29 82 91 
3 33 
91 65 
55 81 62 
65 75 
67 15 34 51 
75 78 
62 71 11 
78 23 13 
11 88 5 
24 12 61 
13 56 1 
5 63 77 
51 79 80 
18 19 
61 59 
68 14 
2 95 
19 46 
59 49 73 
14 4 
77 74 
30 52 
80 45 
83 66 
1 96 
53 84 
82 
96 6 
45 20 70 
85 98 
34 36 
46 
87 48 
74 
36 
35 72 
52 
95 
58 
4 17 
73 
84 
10 
60 
56 22 
50 
70 
66 
49 
15 
54 
48 
81 
63 
17 
26 
98 
6 
92 
93 
22 41 
43 25 
12 
20 
40 
21 57 
23 
42 
69 
71 
39 
79 99 
88 
41 
57 
28 
72 
25 
97 
99 
# clone tree 9 objective: 3.74669
0 25 30 7 
7 69 93 58 85 2 18 86 
86 53 68 16 
16 60 24 8 
8 92 44 
44 54 90 
90 99 87 64 
64 9 94 
94 10 37 
37 97 50 67 38 
31 26 47 
38 32 
76 42 31 
32 76 
47 40 83 27 
89 39 3 
9 43 35 29 
27 28 89 
33 21 55 
29 82 91 
3 33 
91 65 
55 81 62 
65 75 
67 15 34 51 
75 78 
62 71 11 
78 23 13 
11 88 5 
24 12 61 
13 56 1 
5 63 77 
51 79 80 
18 19 
61 59 
68 14 
2 72 95 
19 46 
59 49 73 
14 4 
77 74 
30 52 
80 45 
83 66 
1 96 
53 84 
82 
96 6 
45 20 70 
85 98 
34 36 
46 
87 48 
74 
36 
35 
52 
95 
58 
4 17 
73 
84 
10 
60 
56 22 
50 
70 
66 
49 
15 
54 
48 
81 
63 
17 
26 
98 
6 
92 
93 
22 41 
43 
12 
20 
40 
21 57 
23 
42 
69 
71 
39 
79 
88 
41 
57 
28 
72 
25 
97 
99 
