0 18 51 71 31 
31 9 
9 15 66 40 84 78 
78 1 4 
4 69 48 50 
50 76 12 
12 29 72 56 
56 25 11 21 52 
86 10 67 
52 54 86 
67 91 87 13 
10 88 60 81 
13 57 
57 39 59 
81 32 16 
59 6 20 41 
55 98 3 
21 23 55 
41 85 
72 2 17 
48 38 83 
76 79 
85 94 33 
17 19 
3 75 
16 90 
33 28 
11 46 27 
1 64 30 
79 61 
83 26 
65 14 93 
19 65 
30 74 
28 44 45 
61 96 89 
32 53 
75 63 77 
90 34 
26 80 
60 82 37 
74 62 
71 68 
80 43 
25 95 
45 
62 22 
77 73 
84 
87 5 
34 
93 92 
63 
51 
27 7 
95 
92 
37 
88 36 
46 8 
44 99 
89 97 
73 
29 
5 
53 
43 24 
8 
68 
99 
23 
64 35 
38 
18 58 
58 
39 
14 
7 
96 
24 
97 
22 47 
91 49 
54 
36 
40 
94 
2 
98 
20 70 
6 
66 42 
82 
69 
35 
15 
49 
42 
47 
70 
