0 42 
42 43 92 29 75 
75 81 62 58 
58 59 
77 79 
59 77 
79 7 
7 60 88 78 
78 17 27 
27 74 25 11 
11 3 38 16 
51 22 53 
16 98 51 
53 97 96 44 70 
70 69 
69 84 
84 19 
19 13 
14 34 
47 14 
34 12 46 
13 47 
28 6 80 
46 24 28 
44 82 
80 68 
68 30 33 20 
82 91 
20 66 67 
91 76 99 52 
52 35 
67 54 72 
35 4 5 
36 23 93 
72 36 
93 89 
22 37 26 
5 18 
89 31 
26 8 
85 64 
31 95 55 
18 85 
38 10 
64 2 73 
73 87 90 
32 9 
8 21 
10 50 
21 32 
17 40 86 
29 45 
9 83 
25 15 
3 65 
55 41 
49 
15 
92 56 63 
62 
48 49 
65 39 
33 71 
81 
66 57 
50 48 
96 94 
83 1 
86 
45 
4 
43 
94 
74 
39 
37 
12 
88 
24 
90 
63 
57 
41 
40 
23 61 
95 
87 
56 
99 
54 
60 
2 
71 
61 
76 
6 
97 
1 
98 
30 
