# clone tree 0 objective: 4.36813
0 84 64 
64 24 88 
18 60 
55 6 77 75 
88 18 
60 55 
75 53 57 85 33 
33 3 9 
9 48 
48 56 32 
32 71 29 
29 2 39 
39 72 14 95 21 
56 49 36 37 
21 50 13 91 
37 19 30 
30 62 90 
91 92 54 
44 81 
90 44 
54 93 74 
36 58 43 
13 17 47 63 
74 15 76 26 
94 20 
81 16 
95 94 
43 98 79 
26 28 
79 7 
66 10 
20 96 
14 38 
7 86 46 
24 4 23 
16 66 
28 80 
10 78 
62 61 
85 69 
61 89 
63 51 
19 52 
2 68 
51 22 
69 1 
96 99 87 
22 27 
80 5 
46 42 59 
38 
78 8 
1 97 
72 65 
49 70 41 
71 12 
59 
52 73 
77 34 
89 83 
23 
92 35 
3 40 
87 
65 45 
93 
4 
68 
86 
76 31 
35 
84 
83 82 
40 
57 
5 11 
41 
53 
27 
97 
12 
6 
34 67 
11 
47 
98 
17 
73 25 
8 
99 
82 
31 
70 
45 
50 
15 
58 
42 
67 
25 
# clone tree 1 objective: 4.36813
0 84 64 
64 24 88 
18 60 
55 6 77 75 
88 18 
60 55 
75 53 57 85 33 
33 3 9 
9 48 
48 56 32 
32 71 29 
29 2 39 
39 72 14 95 21 
56 49 36 37 
21 50 13 91 
37 19 30 
30 62 90 
91 92 54 
44 81 
90 44 
54 93 74 
36 58 43 
13 17 47 63 
74 15 76 26 
94 20 
81 16 
95 94 
43 98 79 
26 28 
79 7 
66 10 
20 96 
14 38 
7 86 46 
24 4 23 
16 66 
28 80 
10 78 
62 61 
85 69 
61 89 
63 51 
19 52 
2 68 
51 22 
69 1 
96 99 87 
22 27 
80 5 
46 42 59 
38 
78 8 
1 97 
72 65 
49 70 41 
71 12 
59 
52 73 
77 34 
89 83 
23 
92 35 
3 40 
87 
65 45 
93 
4 
68 
86 
76 31 
35 
84 
83 82 
40 
57 
5 11 
41 
53 
27 
97 
12 
6 
34 67 
11 
47 
98 
17 
73 
8 
99 
82 
31 
70 
45 
50 
15 
58 
42 25 
67 
25 
# clone tree 2 objective: 4.36813
0 58 84 64 
64 70 24 88 
18 60 
55 77 75 
88 18 
60 55 
75 53 57 85 33 
33 3 9 
9 48 
48 56 32 
32 71 29 
29 2 39 
39 72 14 95 21 
56 49 36 37 
21 13 91 
37 6 19 30 
30 62 90 
91 92 54 
44 81 
90 44 
54 93 74 
36 43 
13 17 47 63 
74 76 26 
94 20 
81 16 
95 94 
43 98 79 
26 50 28 
79 7 
66 10 
20 96 
14 67 38 
7 86 46 
24 4 23 
16 66 
28 80 
10 78 
62 61 
85 69 
61 89 
63 51 
19 52 
2 68 
51 22 
69 1 
96 99 87 
22 27 
80 5 
46 59 
38 
78 8 
1 97 
72 65 
49 41 
71 12 
59 
52 73 
77 34 
89 83 
23 42 
92 35 
3 40 
87 
65 
93 
4 
68 
86 
76 31 
35 
84 
83 82 
40 
57 
5 15 11 
41 
53 
27 
97 25 
12 
6 45 
34 
11 
47 
98 
17 
73 
8 
99 
82 
31 
70 
45 
50 
15 
58 
42 
67 
25 
# clone tree 3 objective: 4.36813
0 58 84 64 
64 70 24 88 
18 60 
55 77 75 
88 18 
60 55 
75 53 57 85 33 
33 3 9 
9 48 
48 56 32 
32 71 29 
29 2 39 
39 72 14 95 21 
56 49 36 37 
21 13 91 
37 6 19 30 
30 62 90 
91 92 54 
44 81 
90 44 
54 93 74 
36 43 
13 17 47 63 
74 76 26 
94 20 
81 16 
95 94 
43 98 79 
26 50 28 
79 7 
66 10 
20 96 
14 67 38 
7 86 46 
24 4 23 
16 66 
28 80 
10 78 
62 61 
85 69 
61 89 
63 51 
19 52 
2 68 
51 22 
69 1 
96 99 87 
22 27 
80 25 5 
46 59 
38 
78 8 
1 97 
72 65 
49 41 
71 12 
59 
52 73 
77 34 
89 83 
23 42 
92 35 
3 40 
87 
65 
93 
4 
68 
86 
76 31 
35 
84 
83 82 
40 
57 
5 15 11 
41 
53 
27 
97 
12 
6 45 
34 
11 
47 
98 
17 
73 
8 
99 
82 
31 
70 
45 
50 
15 
58 
42 
67 
25 
# clone tree 4 objective: 4.36813
0 58 84 64 
64 70 24 88 
18 60 
55 77 75 
88 18 
60 55 
75 53 57 85 33 
33 3 9 
9 48 
48 56 32 
32 71 29 
29 2 39 
39 72 14 95 21 
56 49 36 37 
21 13 91 
37 6 19 30 
30 62 90 
91 92 54 
44 81 
90 44 
54 93 74 
36 43 
13 17 47 63 
74 76 26 
94 20 
81 16 
95 94 
43 98 79 
26 50 28 
79 7 
66 10 
20 96 
14 67 38 
7 86 46 
24 4 23 
16 66 
28 80 
10 78 
62 61 
85 69 
61 89 
63 51 
19 52 
2 68 
51 22 
69 1 
96 99 87 
22 27 
80 5 
46 59 
38 
78 8 
1 97 
72 65 
49 41 
71 12 
59 
52 73 
77 34 
89 83 
23 42 
92 35 
3 40 
87 
65 
93 
4 
68 
86 
76 31 
35 
84 
83 82 
40 
57 
5 15 11 
41 
53 
27 
97 
12 
6 45 
34 
11 25 
47 
98 
17 
73 
8 
99 
82 
31 
70 
45 
50 
15 
58 
42 
67 
25 
# clone tree 5 objective: 4.36813
0 84 64 
64 70 24 88 
18 25 60 
55 77 75 
88 18 
60 55 
75 53 57 85 33 
33 42 15 3 9 
9 48 
48 56 32 
32 71 29 
29 2 39 
39 72 14 95 21 
56 49 36 37 
21 13 91 
37 6 19 30 
30 62 90 
91 50 92 54 
44 81 
90 44 
54 93 74 
36 43 
13 17 47 63 
74 76 26 
94 20 
81 16 
95 94 
43 98 79 
26 58 28 
79 7 
66 10 
20 96 
14 38 
7 86 46 
24 4 23 
16 66 
28 80 
10 67 78 
62 61 
85 69 
61 89 
63 51 
19 52 
2 68 
51 22 
69 1 
96 99 87 
22 27 
80 5 
46 59 
38 
78 8 
1 97 
72 65 
49 41 
71 12 
59 
52 73 
77 34 
89 83 
23 
92 35 
3 40 
87 
65 
93 
4 
68 
86 
76 31 
35 
84 
83 82 
40 
57 
5 11 
41 
53 
27 
97 
12 
6 45 
34 
11 
47 
98 
17 
73 
8 
99 
82 
31 
70 
45 
50 
15 
58 
42 
67 
25 
# clone tree 6 objective: 4.36813
0 84 64 
64 70 24 88 
18 60 
55 42 77 75 
88 18 
60 55 
75 53 57 85 33 
33 3 9 
9 48 
48 56 32 
32 71 29 
29 2 39 
39 72 14 95 21 
56 49 36 37 
21 25 13 91 
37 6 19 30 
30 62 90 
91 92 54 
44 81 
90 44 
54 93 74 
36 43 
13 17 47 63 
74 76 26 
94 20 
81 16 
95 94 
43 98 79 
26 50 28 
79 7 
66 10 
20 96 
14 38 
7 86 46 
24 4 23 
16 66 
28 80 
10 78 
62 61 
85 69 
61 89 
63 51 
19 52 
2 68 
51 22 
69 1 
96 99 87 
22 27 
80 5 
46 59 
38 
78 8 
1 67 97 
72 65 
49 41 
71 12 
59 
52 73 
77 34 
89 83 
23 
92 35 
3 40 
87 
65 
93 
4 
68 
86 
76 31 
35 
84 
83 82 
40 
57 
5 15 11 
41 
53 
27 
97 
12 
6 45 
34 
11 
47 
98 
17 
73 
8 
99 
82 
31 
70 
45 
50 58 
15 
58 
42 
67 
25 
# clone tree 7 objective: 4.36813
0 84 64 
64 70 24 88 
18 60 
55 42 77 75 
88 18 
60 55 
75 53 57 85 33 
33 3 9 
9 48 
48 56 32 
32 71 29 
29 2 39 
39 72 14 95 21 
56 25 49 36 37 
21 13 91 
37 6 19 30 
30 62 90 
91 92 54 
44 81 
90 44 
54 93 74 
36 43 
13 17 47 63 
74 76 26 
94 20 
81 16 
95 94 
43 98 79 
26 50 28 
79 7 
66 10 
20 96 
14 38 
7 86 46 
24 4 23 
16 66 
28 80 
10 78 
62 61 
85 69 
61 89 
63 51 
19 52 
2 68 
51 22 
69 1 
96 99 87 
22 27 
80 5 
46 59 
38 
78 8 
1 67 97 
72 65 
49 41 
71 12 
59 
52 73 
77 34 
89 83 
23 
92 35 
3 40 
87 
65 
93 
4 
68 
86 
76 31 
35 
84 
83 82 
40 
57 
5 15 11 
41 
53 
27 
97 
12 
6 45 
34 
11 
47 
98 
17 
73 
8 
99 
82 
31 
70 
45 
50 58 
15 
58 
42 
67 
25 
# clone tree 8 objective: 4.36813
0 84 64 
64 70 24 88 
18 60 
55 77 75 
88 18 
60 55 
75 53 57 85 33 
33 25 15 3 9 
9 48 
48 56 32 
32 71 29 
29 2 39 
39 72 14 95 21 
56 49 36 37 
21 13 91 
37 6 19 30 
30 62 90 
91 50 92 54 
44 81 
90 44 
54 93 74 
36 43 
13 17 47 63 
74 76 26 
94 20 
81 16 
95 94 
43 42 98 79 
26 28 
79 7 
66 10 
20 96 
14 38 
7 86 46 
24 4 23 
16 66 
28 80 
10 78 
62 61 
85 69 
61 89 
63 51 
19 52 
2 68 
51 22 
69 1 
96 99 87 
22 27 
80 58 5 
46 59 
38 67 
78 8 
1 97 
72 65 
49 41 
71 12 
59 
52 73 
77 34 
89 83 
23 
92 35 
3 40 
87 
65 
93 
4 
68 
86 
76 31 
35 
84 
83 82 
40 
57 
5 11 
41 
53 
27 
97 
12 
6 45 
34 
11 
47 
98 
17 
73 
8 
99 
82 
31 
70 
45 
50 
15 
58 
42 
67 
25 
# clone tree 9 objective: 4.36813
0 84 64 
64 25 70 24 88 
18 60 
55 77 75 
88 18 
60 55 
75 53 57 85 33 
33 42 15 3 9 
9 48 
48 56 32 
32 71 29 
29 2 39 
39 72 14 95 21 
56 49 36 37 
21 13 91 
37 6 19 30 
30 62 90 
91 50 92 54 
44 81 
90 44 
54 93 74 
36 43 
13 17 47 63 
74 76 26 
94 20 
81 16 
95 94 
43 98 79 
26 58 28 
79 7 
66 10 
20 96 
14 38 
7 86 46 
24 4 23 
16 66 
28 80 
10 67 78 
62 61 
85 69 
61 89 
63 51 
19 52 
2 68 
51 22 
69 1 
96 99 87 
22 27 
80 5 
46 59 
38 
78 8 
1 97 
72 65 
49 41 
71 12 
59 
52 73 
77 34 
89 83 
23 
92 35 
3 40 
87 
65 
93 
4 
68 
86 
76 31 
35 
84 
83 82 
40 
57 
5 11 
41 
53 
27 
97 
12 
6 45 
34 
11 
47 
98 
17 
73 
8 
99 
82 
31 
70 
45 
50 
15 
58 
42 
67 
25 
# clone tree 10 objective: 4.36813
0 84 64 
64 24 88 
18 60 
55 6 77 75 
88 18 
60 55 
75 53 57 85 33 
33 3 9 
9 50 48 
48 56 32 
32 25 71 29 
29 2 39 
39 72 14 95 21 
56 49 36 37 
21 13 91 
37 19 30 
30 62 90 
91 92 54 
44 81 
90 44 
54 93 74 
36 58 43 
13 17 47 63 
74 76 26 
94 20 
81 70 16 
95 94 
43 98 79 
26 28 
79 67 7 
66 10 
20 96 
14 38 
7 86 46 
24 4 23 
16 66 
28 80 
10 78 
62 61 
85 69 
61 89 
63 51 
19 52 
2 68 
51 22 
69 1 
96 99 87 
22 27 
80 5 
46 59 
38 
78 8 
1 97 
72 65 
49 41 
71 12 
59 
52 73 
77 34 
89 83 
23 
92 35 
3 40 
87 
65 
93 
4 
68 
86 
76 31 
35 
84 
83 82 
40 
57 
5 15 11 
41 
53 
27 
97 
12 
6 45 
34 
11 
47 
98 
17 
73 
8 42 
99 
82 
31 
70 
45 
50 
15 
58 
42 
67 
25 
# clone tree 11 objective: 4.36813
0 84 64 
64 70 24 88 
18 60 
55 77 75 
88 18 
60 55 
75 53 57 85 33 
33 42 15 3 9 
9 48 
48 56 32 
32 25 71 29 
29 2 39 
39 72 14 95 21 
56 49 36 37 
21 13 91 
37 6 19 30 
30 62 90 
91 50 92 54 
44 81 
90 44 
54 93 74 
36 43 
13 17 47 63 
74 76 26 
94 20 
81 16 
95 94 
43 98 79 
26 58 28 
79 7 
66 10 
20 96 
14 38 
7 86 46 
24 4 23 
16 66 
28 80 
10 67 78 
62 61 
85 69 
61 89 
63 51 
19 52 
2 68 
51 22 
69 1 
96 99 87 
22 27 
80 5 
46 59 
38 
78 8 
1 97 
72 65 
49 41 
71 12 
59 
52 73 
77 34 
89 83 
23 
92 35 
3 40 
87 
65 
93 
4 
68 
86 
76 31 
35 
84 
83 82 
40 
57 
5 11 
41 
53 
27 
97 
12 
6 45 
34 
11 
47 
98 
17 
73 
8 
99 
82 
31 
70 
45 
50 
15 
58 
42 
67 
25 
# clone tree 12 objective: 4.36813
0 84 64 
64 24 88 
18 60 
55 6 77 75 
88 18 
60 55 
75 53 57 85 33 
33 3 9 
9 50 48 
48 25 56 32 
32 71 29 
29 2 39 
39 72 14 95 21 
56 49 36 37 
21 13 91 
37 19 30 
30 62 90 
91 92 54 
44 81 
90 44 
54 93 74 
36 58 43 
13 17 47 63 
74 76 26 
94 20 
81 70 16 
95 94 
43 98 79 
26 28 
79 67 7 
66 10 
20 96 
14 38 
7 86 46 
24 4 23 
16 66 
28 80 
10 78 
62 61 
85 69 
61 89 
63 51 
19 52 
2 68 
51 22 
69 1 
96 99 87 
22 27 
80 5 
46 59 
38 
78 8 
1 97 
72 65 
49 41 
71 12 
59 
52 73 
77 34 
89 83 
23 
92 35 
3 40 
87 
65 
93 
4 
68 
86 
76 31 
35 
84 
83 82 
40 
57 
5 15 11 
41 
53 
27 
97 
12 
6 45 
34 
11 
47 
98 
17 
73 
8 42 
99 
82 
31 
70 
45 
50 
15 
58 
42 
67 
25 
# clone tree 13 objective: 4.36813
0 84 64 
64 70 24 88 
18 60 
55 77 75 
88 18 
60 55 
75 53 57 85 33 
33 42 15 3 9 
9 48 
48 56 32 
32 71 29 
29 2 39 
39 72 14 95 21 
56 49 36 37 
21 25 13 91 
37 6 19 30 
30 62 90 
91 50 92 54 
44 81 
90 44 
54 93 74 
36 43 
13 17 47 63 
74 76 26 
94 20 
81 16 
95 94 
43 98 79 
26 58 28 
79 7 
66 10 
20 96 
14 38 
7 86 46 
24 4 23 
16 66 
28 80 
10 67 78 
62 61 
85 69 
61 89 
63 51 
19 52 
2 68 
51 22 
69 1 
96 99 87 
22 27 
80 5 
46 59 
38 
78 8 
1 97 
72 65 
49 41 
71 12 
59 
52 73 
77 34 
89 83 
23 
92 35 
3 40 
87 
65 
93 
4 
68 
86 
76 31 
35 
84 
83 82 
40 
57 
5 11 
41 
53 
27 
97 
12 
6 45 
34 
11 
47 
98 
17 
73 
8 
99 
82 
31 
70 
45 
50 
15 
58 
42 
67 
25 
# clone tree 14 objective: 4.36813
0 84 64 
64 24 88 
18 25 60 
55 6 77 75 
88 18 
60 55 
75 53 57 85 33 
33 3 9 
9 50 48 
48 56 32 
32 71 29 
29 2 39 
39 72 14 95 21 
56 49 36 37 
21 13 91 
37 19 30 
30 62 90 
91 92 54 
44 81 
90 44 
54 93 74 
36 58 43 
13 17 47 63 
74 76 26 
94 20 
81 70 16 
95 94 
43 98 79 
26 28 
79 67 7 
66 10 
20 96 
14 38 
7 86 46 
24 4 23 
16 66 
28 80 
10 78 
62 61 
85 69 
61 89 
63 51 
19 52 
2 68 
51 22 
69 1 
96 99 87 
22 27 
80 5 
46 59 
38 
78 8 
1 97 
72 65 
49 41 
71 12 
59 
52 73 
77 34 
89 83 
23 
92 35 
3 40 
87 
65 
93 
4 
68 
86 
76 31 
35 
84 
83 82 
40 
57 
5 15 11 
41 
53 
27 
97 
12 
6 45 
34 
11 
47 
98 
17 
73 
8 42 
99 
82 
31 
70 
45 
50 
15 
58 
42 
67 
25 
# clone tree 15 objective: 4.36813
0 84 64 
64 70 24 88 
18 60 
55 77 75 
88 18 
60 55 
75 53 57 85 33 
33 42 15 3 9 
9 48 
48 56 32 
32 71 29 
29 2 39 
39 72 14 95 21 
56 49 36 37 
21 13 91 
37 6 19 30 
30 62 90 
91 50 92 54 
44 81 
90 44 
54 93 74 
36 43 
13 17 47 63 
74 76 26 
94 20 
81 16 
95 94 
43 98 79 
26 58 28 
79 25 7 
66 10 
20 96 
14 38 
7 86 46 
24 4 23 
16 66 
28 80 
10 67 78 
62 61 
85 69 
61 89 
63 51 
19 52 
2 68 
51 22 
69 1 
96 99 87 
22 27 
80 5 
46 59 
38 
78 8 
1 97 
72 65 
49 41 
71 12 
59 
52 73 
77 34 
89 83 
23 
92 35 
3 40 
87 
65 
93 
4 
68 
86 
76 31 
35 
84 
83 82 
40 
57 
5 11 
41 
53 
27 
97 
12 
6 45 
34 
11 
47 
98 
17 
73 
8 
99 
82 
31 
70 
45 
50 
15 
58 
42 
67 
25 
# clone tree 16 objective: 4.36813
0 84 64 
64 70 24 88 
18 60 
55 77 75 
88 18 
60 55 
75 53 57 85 33 
33 15 3 9 
9 48 
48 56 32 
32 71 29 
29 2 39 
39 72 14 95 21 
56 49 36 37 
21 25 13 91 
37 6 19 30 
30 62 90 
91 50 92 54 
44 81 
90 44 
54 93 74 
36 43 
13 17 47 63 
74 76 26 
94 20 
81 16 
95 94 
43 42 98 79 
26 28 
79 7 
66 10 
20 96 
14 38 
7 86 46 
24 4 23 
16 66 
28 80 
10 78 
62 61 
85 69 
61 89 
63 51 
19 52 
2 68 
51 22 
69 1 
96 99 87 
22 27 
80 58 5 
46 59 
38 67 
78 8 
1 97 
72 65 
49 41 
71 12 
59 
52 73 
77 34 
89 83 
23 
92 35 
3 40 
87 
65 
93 
4 
68 
86 
76 31 
35 
84 
83 82 
40 
57 
5 11 
41 
53 
27 
97 
12 
6 45 
34 
11 
47 
98 
17 
73 
8 
99 
82 
31 
70 
45 
50 
15 
58 
42 
67 
25 
# clone tree 17 objective: 4.36813
0 84 64 
64 24 88 
18 60 
55 6 77 75 
88 18 
60 55 
75 53 57 85 33 
33 3 9 
9 48 
48 56 32 
32 71 29 
29 2 39 
39 72 14 95 21 
56 49 36 37 
21 50 13 91 
37 19 30 
30 62 90 
91 92 54 
44 81 
90 44 
54 93 74 
36 58 43 
13 17 47 63 
74 15 76 26 
94 20 
81 16 
95 94 
43 98 79 
26 28 
79 7 
66 10 
20 96 
14 38 
7 86 46 
24 4 23 
16 66 
28 80 
10 78 
62 61 
85 69 
61 89 
63 51 
19 52 
2 68 
51 22 
69 1 
96 99 87 
22 27 
80 5 
46 42 59 
38 
78 8 
1 97 
72 65 
49 70 41 
71 12 
59 
52 73 
77 34 
89 83 
23 
92 35 
3 40 
87 
65 45 
93 
4 
68 
86 
76 31 
35 
84 
83 82 
40 
57 
5 11 
41 
53 25 
27 
97 
12 
6 
34 67 
11 
47 
98 
17 
73 
8 
99 
82 
31 
70 
45 
50 
15 
58 
42 
67 
25 
# clone tree 18 objective: 4.36813
0 84 64 
64 25 24 88 
18 60 
55 6 77 75 
88 18 
60 55 
75 53 57 85 33 
33 3 9 
9 50 48 
48 56 32 
32 71 29 
29 2 39 
39 72 14 95 21 
56 49 36 37 
21 13 91 
37 19 30 
30 62 90 
91 92 54 
44 81 
90 44 
54 93 74 
36 58 43 
13 17 47 63 
74 76 26 
94 20 
81 70 16 
95 94 
43 98 79 
26 28 
79 67 7 
66 10 
20 96 
14 38 
7 86 46 
24 4 23 
16 66 
28 80 
10 78 
62 61 
85 69 
61 89 
63 51 
19 52 
2 68 
51 22 
69 1 
96 99 87 
22 27 
80 5 
46 59 
38 
78 8 
1 97 
72 65 
49 41 
71 12 
59 
52 73 
77 34 
89 83 
23 
92 35 
3 40 
87 
65 
93 
4 
68 
86 
76 31 
35 
84 
83 82 
40 
57 
5 15 11 
41 
53 
27 
97 
12 
6 45 
34 
11 
47 
98 
17 
73 
8 42 
99 
82 
31 
70 
45 
50 
15 
58 
42 
67 
25 
# clone tree 19 objective: 4.36813
0 84 64 
64 24 88 
18 60 
55 6 77 75 
88 18 
60 55 
75 53 57 85 33 
33 3 9 
9 48 
48 56 32 
32 71 29 
29 2 39 
39 72 14 95 21 
56 49 36 37 
21 50 13 91 
37 19 30 
30 62 90 
91 92 54 
44 81 
90 44 
54 93 74 
36 58 43 
13 17 47 63 
74 15 76 26 
94 20 
81 16 
95 94 
43 98 79 
26 28 
79 7 
66 10 
20 96 
14 38 
7 86 46 
24 4 23 
16 66 
28 80 
10 78 
62 61 
85 69 
61 89 
63 51 
19 52 
2 68 
51 22 
69 1 
96 99 87 
22 27 
80 5 
46 42 59 
38 
78 8 
1 97 
72 65 
49 70 41 
71 12 
59 
52 73 
77 34 
89 83 
23 
92 35 
3 40 
87 
65 45 
93 
4 
68 
86 
76 31 
35 
84 
83 82 
40 
57 
5 11 
41 
53 
27 
97 
12 
6 
34 67 
11 
47 
98 
17 
73 
8 
99 
82 
31 
70 25 
45 
50 
15 
58 
42 
67 
25 
# clone tree 20 objective: 4.36813
0 25 84 64 
64 24 88 
18 60 
55 6 77 75 
88 18 
60 55 
75 53 57 85 33 
33 3 9 
9 50 48 
48 56 32 
32 71 29 
29 2 39 
39 72 14 95 21 
56 49 36 37 
21 13 91 
37 19 30 
30 62 90 
91 92 54 
44 81 
90 44 
54 93 74 
36 58 43 
13 17 47 63 
74 76 26 
94 20 
81 70 16 
95 94 
43 98 79 
26 28 
79 67 7 
66 10 
20 96 
14 38 
7 86 46 
24 4 23 
16 66 
28 80 
10 78 
62 61 
85 69 
61 89 
63 51 
19 52 
2 68 
51 22 
69 1 
96 99 87 
22 27 
80 5 
46 59 
38 
78 8 
1 97 
72 65 
49 41 
71 12 
59 
52 73 
77 34 
89 83 
23 
92 35 
3 40 
87 
65 
93 
4 
68 
86 
76 31 
35 
84 
83 82 
40 
57 
5 15 11 
41 
53 
27 
97 
12 
6 45 
34 
11 
47 
98 
17 
73 
8 42 
99 
82 
31 
70 
45 
50 
15 
58 
42 
67 
25 
# clone tree 21 objective: 4.36813
0 84 64 
64 24 88 
18 60 
55 6 77 75 
88 18 
60 55 
75 53 57 85 33 
33 3 9 
9 48 
48 56 32 
32 71 29 
29 2 39 
39 72 14 95 21 
56 49 36 37 
21 50 13 91 
37 19 30 
30 62 90 
91 92 54 
44 81 
90 44 
54 93 74 
36 58 43 
13 17 47 63 
74 15 76 26 
94 20 
81 16 
95 94 
43 98 79 
26 28 
79 7 
66 10 
20 96 
14 38 
7 86 46 
24 4 23 
16 66 
28 80 
10 78 
62 61 
85 69 
61 89 
63 51 
19 52 
2 68 
51 22 
69 1 
96 99 87 
22 27 
80 5 
46 42 59 
38 
78 8 
1 97 
72 65 
49 70 41 
71 12 
59 
52 73 
77 34 
89 83 
23 
92 35 
3 40 
87 
65 45 
93 
4 
68 
86 
76 31 
35 
84 
83 82 
40 
57 
5 11 
41 
53 
27 
97 
12 
6 
34 67 
11 
47 
98 
17 
73 
8 
99 
82 
31 
70 
45 
50 
15 
58 25 
42 
67 
25 
# clone tree 22 objective: 4.36813
0 84 64 
64 24 88 
18 60 
55 6 77 75 
88 18 
60 55 
75 53 57 85 33 
33 3 9 
9 50 48 
48 56 32 
32 58 71 29 
29 2 39 
39 72 14 95 21 
56 49 36 37 
21 13 91 
37 19 30 
30 62 90 
91 92 54 
44 81 
90 44 
54 93 74 
36 43 
13 17 47 63 
74 15 76 26 
94 20 
81 70 16 
95 94 
43 98 79 
26 28 
79 7 
66 10 
20 96 
14 67 38 
7 86 46 
24 4 23 
16 66 
28 80 
10 78 
62 61 
85 69 
61 89 
63 51 
19 52 
2 68 
51 22 
69 1 
96 99 87 
22 27 
80 5 
46 59 
38 
78 42 8 
1 97 
72 65 
49 41 
71 12 
59 
52 73 
77 34 
89 83 
23 
92 35 
3 40 
87 
65 
93 
4 
68 
86 
76 31 
35 
84 
83 82 
40 
57 
5 11 
41 
53 
27 
97 
12 
6 45 
34 
11 
47 
98 
17 
73 
8 
99 
82 
31 
70 
45 
50 
15 
58 
42 25 
67 
25 
# clone tree 23 objective: 4.36813
0 84 64 
64 24 88 
18 60 
55 6 77 75 
88 18 
60 55 
75 53 57 85 33 
33 3 9 
9 48 
48 56 32 
32 71 29 
29 2 39 
39 72 14 95 21 
56 49 36 37 
21 50 13 91 
37 19 30 
30 62 90 
91 92 54 
44 81 
90 44 
54 93 74 
36 58 43 
13 17 47 63 
74 15 76 26 
94 20 
81 16 
95 94 
43 98 79 
26 28 
79 7 
66 10 
20 96 
14 38 
7 86 46 
24 4 23 
16 66 
28 80 
10 78 
62 61 
85 69 
61 89 
63 51 
19 52 
2 68 
51 22 
69 1 
96 99 87 
22 27 
80 5 
46 42 59 
38 
78 8 
1 97 
72 65 
49 70 41 
71 12 
59 
52 73 
77 34 
89 25 83 
23 
92 35 
3 40 
87 
65 45 
93 
4 
68 
86 
76 31 
35 
84 
83 82 
40 
57 
5 11 
41 
53 
27 
97 
12 
6 
34 67 
11 
47 
98 
17 
73 
8 
99 
82 
31 
70 
45 
50 
15 
58 
42 
67 
25 
# clone tree 24 objective: 4.36813
0 84 64 
64 70 24 88 
18 60 
55 77 75 
88 18 
60 55 
75 53 57 85 33 
33 15 3 9 
9 48 
48 56 32 
32 25 71 29 
29 2 39 
39 72 14 95 21 
56 49 36 37 
21 13 91 
37 6 19 30 
30 62 90 
91 50 92 54 
44 81 
90 44 
54 93 74 
36 43 
13 17 47 63 
74 76 26 
94 20 
81 16 
95 94 
43 42 98 79 
26 28 
79 7 
66 10 
20 96 
14 38 
7 86 46 
24 4 23 
16 66 
28 80 
10 78 
62 61 
85 69 
61 89 
63 51 
19 52 
2 68 
51 22 
69 1 
96 99 87 
22 27 
80 58 5 
46 59 
38 67 
78 8 
1 97 
72 65 
49 41 
71 12 
59 
52 73 
77 34 
89 83 
23 
92 35 
3 40 
87 
65 
93 
4 
68 
86 
76 31 
35 
84 
83 82 
40 
57 
5 11 
41 
53 
27 
97 
12 
6 45 
34 
11 
47 
98 
17 
73 
8 
99 
82 
31 
70 
45 
50 
15 
58 
42 
67 
25 
# clone tree 25 objective: 4.36813
0 84 64 
64 24 88 
18 60 
55 6 77 75 
88 18 
60 55 
75 53 57 85 33 
33 3 9 
9 48 
48 56 32 
32 71 29 
29 2 39 
39 72 14 95 21 
56 49 36 37 
21 50 13 91 
37 19 30 
30 62 90 
91 92 54 
44 81 
90 44 
54 93 74 
36 58 43 
13 17 47 63 
74 15 76 26 
94 20 
81 16 
95 94 
43 98 79 
26 28 
79 7 
66 10 
20 96 
14 38 
7 86 46 
24 4 23 
16 66 
28 80 
10 78 
62 61 
85 69 
61 89 
63 51 
19 52 
2 68 
51 22 
69 1 
96 99 87 
22 27 
80 5 
46 42 59 
38 
78 8 
1 97 
72 65 
49 70 41 
71 12 
59 
52 25 73 
77 34 
89 83 
23 
92 35 
3 40 
87 
65 45 
93 
4 
68 
86 
76 31 
35 
84 
83 82 
40 
57 
5 11 
41 
53 
27 
97 
12 
6 
34 67 
11 
47 
98 
17 
73 
8 
99 
82 
31 
70 
45 
50 
15 
58 
42 
67 
25 
# clone tree 26 objective: 4.36813
0 84 64 
64 24 88 
18 60 
55 6 77 75 
88 18 
60 55 
75 53 57 85 33 
33 3 9 
9 50 48 
48 56 32 
32 58 71 29 
29 2 39 
39 72 14 95 21 
56 49 36 37 
21 13 91 
37 19 30 
30 62 90 
91 92 54 
44 81 
90 44 
54 93 74 
36 43 
13 17 47 63 
74 15 76 26 
94 20 
81 70 16 
95 94 
43 98 79 
26 28 
79 7 
66 10 
20 96 
14 67 38 
7 86 46 
24 4 23 
16 66 
28 80 
10 78 
62 61 
85 69 
61 89 
63 51 
19 52 
2 68 
51 22 
69 1 
96 99 87 
22 27 
80 5 
46 59 
38 
78 42 8 
1 97 
72 65 
49 41 
71 12 
59 
52 73 
77 34 
89 83 
23 
92 35 
3 40 
87 
65 
93 
4 
68 
86 
76 31 
35 
84 
83 82 
40 
57 
5 11 
41 
53 
27 
97 
12 
6 45 
34 
11 
47 
98 
17 
73 25 
8 
99 
82 
31 
70 
45 
50 
15 
58 
42 
67 
25 
# clone tree 27 objective: 4.36813
0 84 64 
64 70 24 88 
18 60 
55 77 75 
88 18 
60 55 
75 53 57 85 33 
33 15 3 9 
9 48 
48 56 32 
32 71 29 
29 2 39 
39 72 14 95 21 
56 49 36 37 
21 13 91 
37 6 19 30 
30 62 90 
91 50 92 54 
44 81 
90 44 
54 93 74 
36 43 
13 17 47 63 
74 76 26 
94 20 
81 16 
95 94 
43 42 98 79 
26 28 
79 7 
66 10 
20 96 
14 38 
7 86 46 
24 4 23 
16 66 
28 80 
10 78 
62 61 
85 69 
61 67 89 
63 51 
19 52 
2 68 
51 22 
69 1 
96 99 87 
22 27 
80 58 5 
46 59 
38 
78 8 
1 97 
72 65 
49 41 
71 12 
59 
52 73 
77 34 
89 83 
23 
92 35 
3 40 
87 
65 
93 
4 
68 
86 
76 31 
35 
84 
83 82 
40 
57 
5 25 11 
41 
53 
27 
97 
12 
6 45 
34 
11 
47 
98 
17 
73 
8 
99 
82 
31 
70 
45 
50 
15 
58 
42 
67 
25 
# clone tree 28 objective: 4.36813
0 84 64 
64 70 24 88 
18 60 
55 77 75 
88 18 
60 55 
75 53 57 85 33 
33 3 9 
9 48 
48 56 32 
32 71 29 
29 2 39 
39 72 14 95 21 
56 49 36 37 
21 13 91 
37 6 19 30 
30 62 90 
91 50 92 54 
44 81 
90 44 
54 93 74 
36 43 
13 17 47 63 
74 76 26 
94 20 
81 16 
95 94 
43 98 79 
26 28 
79 7 
66 10 
20 96 
14 38 
7 86 46 
24 4 23 
16 66 
28 80 
10 78 
62 61 
85 69 
61 89 
63 51 
19 52 
2 68 
51 22 
69 1 
96 99 87 
22 27 
80 5 
46 59 
38 
78 8 
1 97 
72 65 
49 41 
71 12 
59 58 
52 73 
77 34 
89 83 
23 
92 35 
3 40 
87 
65 42 
93 
4 
68 
86 
76 31 
35 
84 
83 82 
40 
57 
5 25 15 11 
41 
53 
27 
97 
12 
6 45 
34 
11 
47 
98 
17 
73 
8 
99 
82 67 
31 
70 
45 
50 
15 
58 
42 
67 
25 
# clone tree 29 objective: 4.36813
0 84 64 
64 70 24 88 
18 60 
55 77 75 
88 18 
60 55 
75 53 57 85 33 
33 15 3 9 
9 48 
48 56 32 
32 71 29 
29 2 39 
39 72 14 95 21 
56 49 36 37 
21 13 91 
37 6 19 30 
30 62 90 
91 50 92 54 
44 81 
90 44 
54 93 74 
36 43 
13 17 47 63 
74 76 26 
94 20 
81 16 
95 94 
43 42 98 79 
26 28 
79 7 
66 10 
20 96 
14 38 
7 86 46 
24 4 23 
16 66 
28 80 
10 78 
62 61 
85 69 
61 89 
63 51 
19 52 
2 68 
51 22 
69 1 
96 99 87 
22 27 
80 58 5 
46 59 
38 
78 8 
1 97 
72 65 
49 41 
71 12 
59 
52 73 
77 34 
89 83 
23 
92 35 
3 40 
87 
65 
93 
4 
68 
86 
76 31 
35 
84 
83 82 
40 
57 
5 11 
41 
53 
27 
97 
12 
6 45 
34 
11 
47 
98 
17 
73 
8 
99 
82 67 
31 
70 25 
45 
50 
15 
58 
42 
67 
25 
# clone tree 30 objective: 4.36813
0 84 64 
64 70 24 88 
18 60 
55 77 75 
88 18 
60 55 
75 53 57 85 33 
33 3 9 
9 48 
48 56 32 
32 71 29 
29 2 39 
39 72 14 95 21 
56 49 36 37 
21 13 91 
37 6 19 30 
30 62 90 
91 25 50 92 54 
44 81 
90 44 
54 93 74 
36 43 
13 17 47 63 
74 76 26 
94 20 
81 16 
95 94 
43 42 98 79 
26 28 
79 7 
66 10 
20 96 
14 38 
7 86 46 
24 4 23 
16 66 
28 80 
10 78 
62 61 
85 69 
61 89 
63 51 
19 52 
2 68 
51 22 
69 1 
96 99 87 
22 27 
80 5 
46 59 
38 
78 8 
1 97 
72 65 
49 41 
71 12 
59 
52 73 
77 34 
89 83 
23 
92 35 
3 40 
87 
65 
93 
4 
68 
86 
76 31 
35 
84 
83 82 
40 58 
57 
5 15 11 
41 
53 
27 
97 
12 
6 45 
34 
11 
47 
98 
17 
73 
8 
99 
82 67 
31 
70 
45 
50 
15 
58 
42 
67 
25 
# clone tree 31 objective: 4.36813
0 58 84 64 
64 70 24 88 
18 60 
55 77 75 
88 18 
60 55 
75 53 57 85 33 
33 3 9 
9 48 
48 56 32 
32 71 29 
29 2 39 
39 72 14 95 21 
56 49 36 37 
21 13 91 
37 6 19 30 
30 62 90 
91 92 54 
44 81 
90 44 
54 93 74 
36 43 
13 17 47 63 
74 76 26 
94 20 
81 16 
95 94 
43 98 79 
26 50 28 
79 7 
66 10 
20 96 
14 38 
7 86 46 
24 4 23 
16 66 
28 25 80 
10 78 
62 61 
85 69 
61 89 
63 51 
19 52 
2 68 
51 22 
69 1 
96 99 87 
22 27 
80 5 
46 59 
38 
78 8 
1 97 
72 65 
49 41 
71 12 
59 
52 73 
77 34 
89 83 
23 67 
92 35 
3 40 
87 
65 
93 
4 
68 
86 
76 31 
35 
84 
83 82 
40 
57 
5 15 11 
41 
53 
27 
97 
12 42 
6 45 
34 
11 
47 
98 
17 
73 
8 
99 
82 
31 
70 
45 
50 
15 
58 
42 
67 
25 
# clone tree 32 objective: 4.36813
0 84 64 
64 70 24 88 
18 60 
55 77 75 
88 18 
60 55 
75 53 57 85 33 
33 15 3 9 
9 48 
48 56 32 
32 71 29 
29 2 39 
39 72 14 95 21 
56 49 36 37 
21 13 91 
37 6 19 30 
30 62 90 
91 50 92 54 
44 81 
90 44 
54 93 74 
36 43 
13 17 47 63 
74 76 26 
94 20 
81 16 
95 94 
43 42 98 79 
26 28 
79 7 
66 10 
20 96 
14 38 
7 86 46 
24 4 23 
16 66 
28 80 
10 78 
62 61 
85 69 
61 89 
63 51 
19 52 
2 68 
51 22 
69 1 
96 99 87 
22 27 
80 58 5 
46 59 
38 
78 8 
1 97 
72 65 
49 41 
71 12 
59 
52 73 
77 34 
89 83 
23 
92 35 
3 40 
87 
65 
93 
4 
68 
86 
76 31 
35 
84 
83 82 
40 67 
57 
5 11 
41 
53 
27 
97 
12 
6 45 
34 
11 
47 
98 
17 
73 
8 
99 
82 
31 
70 
45 25 
50 
15 
58 
42 
67 
25 
# clone tree 33 objective: 4.36813
0 84 64 
64 24 88 
18 60 
55 6 77 75 
88 25 18 
60 55 
75 53 57 85 33 
33 3 9 
9 50 48 
48 56 32 
32 58 71 29 
29 2 39 
39 72 14 95 21 
56 49 36 37 
21 13 91 
37 19 30 
30 62 90 
91 92 54 
44 81 
90 44 
54 93 74 
36 43 
13 17 47 63 
74 15 76 26 
94 20 
81 70 16 
95 94 
43 98 79 
26 28 
79 7 
66 10 
20 96 
14 67 38 
7 86 46 
24 4 23 
16 66 
28 80 
10 78 
62 61 
85 69 
61 89 
63 51 
19 52 
2 68 
51 22 
69 1 
96 99 87 
22 27 
80 5 
46 59 
38 
78 42 8 
1 97 
72 65 
49 41 
71 12 
59 
52 73 
77 34 
89 83 
23 
92 35 
3 40 
87 
65 
93 
4 
68 
86 
76 31 
35 
84 
83 82 
40 
57 
5 11 
41 
53 
27 
97 
12 
6 45 
34 
11 
47 
98 
17 
73 
8 
99 
82 
31 
70 
45 
50 
15 
58 
42 
67 
25 
# clone tree 34 objective: 4.36813
0 84 64 
64 70 24 88 
18 60 
55 77 75 
88 18 
60 55 
75 53 57 85 33 
33 3 9 
9 48 
48 56 32 
32 71 29 
29 2 39 
39 72 14 95 21 
56 49 36 37 
21 58 13 91 
37 6 19 30 
30 62 90 
91 92 54 
44 81 
90 44 
54 93 74 
36 43 
13 17 47 63 
74 76 26 
94 20 
81 16 
95 94 
43 98 79 
26 50 28 
79 7 
66 10 
20 96 
14 38 
7 86 46 
24 4 23 
16 66 
28 80 
10 78 
62 61 
85 69 
61 89 
63 51 
19 52 
2 68 
51 22 
69 1 
96 99 87 
22 27 
80 5 
46 59 
38 
78 8 
1 97 
72 65 
49 41 
71 12 
59 
52 73 
77 34 
89 83 
23 
92 35 
3 40 
87 
65 
93 
4 
68 
86 
76 31 
35 
84 
83 82 
40 67 
57 
5 15 11 
41 
53 
27 
97 
12 42 
6 45 
34 
11 
47 
98 
17 
73 
8 
99 
82 
31 
70 
45 
50 25 
15 
58 
42 
67 
25 
# clone tree 35 objective: 4.36813
0 84 64 
64 24 88 
18 60 
55 6 77 75 
88 18 
60 55 
75 53 57 85 33 
33 3 9 
9 48 
48 56 32 
32 71 29 
29 2 39 
39 72 14 95 21 
56 49 36 37 
21 50 13 91 
37 19 30 
30 62 90 
91 92 54 
44 15 81 
90 44 
54 93 74 
36 58 43 
13 17 47 63 
74 76 26 
94 20 
81 16 
95 94 
43 98 79 
26 28 
79 7 
66 10 
20 96 
14 38 
7 86 46 
24 4 23 
16 66 
28 80 
10 78 
62 61 
85 69 
61 89 
63 51 
19 25 52 
2 68 
51 22 
69 1 
96 99 87 
22 27 
80 5 
46 59 
38 
78 8 
1 97 
72 65 
49 70 41 
71 12 
59 
52 73 
77 34 
89 83 
23 
92 35 
3 40 
87 
65 45 
93 67 
4 
68 
86 
76 31 
35 
84 
83 82 
40 
57 
5 11 
41 
53 
27 
97 
12 42 
6 
34 
11 
47 
98 
17 
73 
8 
99 
82 
31 
70 
45 
50 
15 
58 
42 
67 
25 
# clone tree 36 objective: 4.36813
0 84 64 
64 70 24 88 
18 60 
55 77 75 
88 18 
60 55 
75 53 57 85 33 
33 42 15 3 9 
9 48 
48 56 32 
32 71 29 
29 2 39 
39 72 14 95 21 
56 49 36 37 
21 13 91 
37 6 19 30 
30 62 90 
91 50 92 54 
44 81 
90 44 
54 93 74 
36 43 
13 17 47 63 
74 76 26 
94 20 
81 16 
95 94 
43 98 79 
26 28 
79 67 7 
66 10 
20 96 
14 38 
7 86 46 
24 4 23 
16 66 
28 80 
10 78 
62 61 
85 69 
61 89 
63 51 
19 52 
2 68 
51 22 
69 1 
96 99 87 
22 27 
80 58 5 
46 59 
38 
78 8 
1 97 
72 65 
49 41 
71 12 
59 
52 25 73 
77 34 
89 83 
23 
92 35 
3 40 
87 
65 
93 
4 
68 
86 
76 31 
35 
84 
83 82 
40 
57 
5 11 
41 
53 
27 
97 
12 
6 45 
34 
11 
47 
98 
17 
73 
8 
99 
82 
31 
70 
45 
50 
15 
58 
42 
67 
25 
# clone tree 37 objective: 4.36813
0 84 64 
64 24 88 
18 60 
55 45 77 75 
88 18 
60 55 
75 53 57 85 33 
33 3 9 
9 48 
48 42 56 32 
32 71 29 
29 2 39 
39 72 14 95 21 
56 49 36 37 
21 13 91 
37 6 19 30 
30 62 90 
91 92 54 
44 81 
90 44 
54 93 74 
36 50 43 
13 17 47 63 
74 15 76 26 
94 20 
81 16 
95 94 
43 98 79 
26 28 
79 7 
66 10 
20 96 
14 38 
7 25 86 46 
24 4 23 
16 67 66 
28 80 
10 58 78 
62 61 
85 69 
61 89 
63 51 
19 52 
2 68 
51 22 
69 1 
96 99 87 
22 27 
80 5 
46 59 
38 
78 8 
1 97 
72 65 
49 70 41 
71 12 
59 
52 73 
77 34 
89 83 
23 
92 35 
3 40 
87 
65 
93 
4 
68 
86 
76 31 
35 82 
84 
83 
40 
57 
5 11 
41 
53 
27 
97 
12 
6 
34 
11 
47 
98 
17 
73 
8 
99 
82 
31 
70 
45 
50 
15 
58 
42 
67 
25 
# clone tree 38 objective: 4.36813
0 84 64 
64 70 24 88 
18 60 
55 77 75 
88 18 
60 55 
75 53 57 85 33 
33 3 9 
9 48 
48 56 32 
32 71 29 
29 2 39 
39 72 14 95 21 
56 49 36 37 
21 13 91 
37 6 19 30 
30 62 90 
91 50 92 54 
44 81 
90 44 
54 93 74 
36 43 
13 17 47 63 
74 76 26 
94 20 
81 16 
95 94 
43 98 79 
26 28 
79 67 7 
66 10 
20 96 
14 38 
7 86 46 
24 4 23 
16 66 
28 80 
10 78 
62 61 
85 69 
61 89 
63 42 51 
19 52 
2 68 
51 22 
69 1 
96 99 87 
22 27 
80 5 
46 59 
38 
78 8 
1 97 
72 65 
49 41 
71 12 
59 
52 73 
77 34 
89 83 
23 
92 35 
3 40 
87 
65 
93 
4 
68 
86 
76 31 
35 25 
84 
83 82 
40 58 
57 
5 15 11 
41 
53 
27 
97 
12 
6 45 
34 
11 
47 
98 
17 
73 
8 
99 
82 
31 
70 
45 
50 
15 
58 
42 
67 
25 
# clone tree 39 objective: 4.36813
0 84 64 
64 24 88 
18 60 
55 6 77 75 
88 18 
60 55 
75 53 57 85 33 
33 3 9 
9 50 48 
48 56 32 
32 58 71 29 
29 2 39 
39 72 14 95 21 
56 49 36 37 
21 13 91 
37 19 30 
30 62 90 
91 92 54 
44 81 
90 44 
54 93 74 
36 43 
13 17 47 63 
74 15 76 26 
94 20 
81 70 16 
95 94 
43 98 79 
26 28 
79 7 
66 10 
20 96 
14 38 
7 86 46 
24 4 23 
16 66 
28 80 
10 78 
62 61 
85 69 
61 89 
63 51 
19 52 
2 42 68 
51 22 
69 1 
96 99 87 
22 27 
80 5 
46 59 
38 
78 8 
1 67 97 
72 65 
49 41 
71 12 
59 
52 73 
77 34 
89 83 
23 
92 35 
3 40 
87 
65 
93 
4 
68 
86 
76 31 
35 
84 
83 82 
40 
57 
5 11 
41 
53 
27 
97 
12 
6 45 
34 
11 
47 
98 
17 
73 25 
8 
99 
82 
31 
70 
45 
50 
15 
58 
42 
67 
25 
# clone tree 40 objective: 4.36813
0 84 64 
64 70 24 88 
18 60 
55 77 75 
88 18 
60 55 
75 53 57 85 33 
33 15 3 9 
9 48 
48 56 32 
32 71 29 
29 2 39 
39 72 14 95 21 
56 49 36 37 
21 13 91 
37 6 19 30 
30 62 90 
91 50 92 54 
44 81 
90 44 
54 93 74 
36 43 
13 17 47 63 
74 76 26 
94 20 
81 16 
95 94 
43 98 79 
26 28 
79 7 
66 10 
20 96 
14 38 
7 86 46 
24 4 23 
16 66 
28 80 
10 78 
62 61 
85 69 
61 89 
63 51 
19 52 
2 68 
51 22 
69 25 1 
96 99 87 
22 27 
80 5 
46 59 
38 67 
78 8 
1 97 
72 65 
49 41 
71 12 
59 
52 73 
77 34 
89 83 
23 
92 35 
3 40 
87 
65 
93 
4 
68 
86 
76 31 
35 
84 
83 82 
40 
57 
5 11 
41 
53 
27 
97 
12 42 
6 45 
34 
11 
47 
98 
17 
73 
8 
99 
82 
31 
70 
45 
50 58 
15 
58 
42 
67 
25 
# clone tree 41 objective: 4.36813
0 84 64 
64 70 24 88 
18 60 
55 77 75 
88 18 
60 55 
75 53 57 85 33 
33 3 9 
9 48 
48 56 32 
32 71 29 
29 2 39 
39 72 14 95 21 
56 49 36 37 
21 13 91 
37 6 19 30 
30 62 90 
91 50 92 54 
44 81 
90 58 44 
54 93 74 
36 43 
13 17 47 63 
74 76 26 
94 20 
81 16 
95 94 
43 98 79 
26 28 
79 7 
66 10 
20 96 
14 38 
7 86 46 
24 4 23 
16 66 
28 25 80 
10 78 
62 61 
85 69 
61 67 89 
63 51 
19 52 
2 68 
51 22 
69 1 
96 99 87 
22 27 
80 5 
46 59 
38 
78 8 
1 97 
72 65 
49 41 
71 12 
59 
52 73 
77 34 
89 83 
23 
92 35 
3 40 
87 
65 42 
93 
4 
68 
86 
76 31 
35 
84 
83 82 
40 
57 
5 15 11 
41 
53 
27 
97 
12 
6 45 
34 
11 
47 
98 
17 
73 
8 
99 
82 
31 
70 
45 
50 
15 
58 
42 
67 
25 
# clone tree 42 objective: 4.36813
0 84 64 
64 70 24 88 
18 60 
55 42 77 75 
88 18 
60 55 
75 53 57 85 33 
33 3 9 
9 48 
48 56 32 
32 71 29 
29 2 39 
39 72 14 95 21 
56 49 36 37 
21 13 91 
37 6 19 30 
30 62 90 
91 92 54 
44 81 
90 44 
54 93 74 
36 43 
13 17 47 63 
74 76 26 
94 20 
81 16 
95 94 
43 98 79 
26 50 28 
79 7 
66 10 
20 96 
14 38 
7 86 46 
24 4 23 
16 66 
28 80 
10 78 
62 61 
85 69 
61 89 
63 51 
19 52 
2 68 
51 22 
69 1 
96 99 87 
22 27 
80 5 
46 59 
38 
78 8 
1 67 97 
72 65 
49 41 
71 12 
59 
52 73 
77 34 
89 83 
23 
92 35 
3 40 
87 
65 
93 
4 
68 
86 
76 31 
35 
84 
83 82 
40 
57 
5 15 11 
41 
53 
27 25 
97 
12 
6 45 
34 
11 
47 
98 
17 
73 
8 
99 
82 
31 
70 
45 
50 58 
15 
58 
42 
67 
25 
# clone tree 43 objective: 4.36813
0 84 64 
64 70 24 88 
18 60 
55 77 75 
88 18 
60 55 
75 53 57 85 33 
33 3 9 
9 48 
48 56 32 
32 71 29 
29 2 39 
39 72 14 95 21 
56 49 36 37 
21 13 91 
37 6 19 30 
30 62 90 
91 50 92 54 
44 81 
90 58 44 
54 93 74 
36 43 
13 17 47 63 
74 76 26 
94 20 
81 16 
95 94 
43 98 79 
26 28 
79 7 
66 10 
20 96 
14 38 
7 86 46 
24 4 23 
16 66 
28 80 
10 78 
62 61 
85 69 
61 67 89 
63 51 
19 52 
2 68 
51 22 
69 1 
96 99 87 
22 27 
80 5 
46 59 
38 
78 8 
1 97 
72 65 
49 41 
71 12 
59 
52 73 
77 34 
89 83 
23 
92 35 
3 40 
87 
65 42 
93 
4 
68 
86 
76 31 
35 
84 
83 82 
40 
57 
5 15 11 
41 
53 
27 25 
97 
12 
6 45 
34 
11 
47 
98 
17 
73 
8 
99 
82 
31 
70 
45 
50 
15 
58 
42 
67 
25 
# clone tree 44 objective: 4.36813
0 84 64 
64 70 24 88 
18 60 
55 77 75 
88 18 
60 55 
75 53 57 85 33 
33 3 9 
9 25 48 
48 56 32 
32 71 29 
29 2 39 
39 72 14 95 21 
56 49 36 37 
21 13 91 
37 6 19 30 
30 62 90 
91 92 54 
44 81 
90 44 
54 93 74 
36 43 
13 17 47 63 
74 76 26 
94 20 
81 16 
95 94 
43 42 98 79 
26 50 28 
79 7 
66 10 
20 96 
14 38 
7 86 46 
24 4 23 
16 66 
28 80 
10 78 
62 61 
85 69 
61 89 
63 51 
19 52 
2 68 
51 22 
69 1 
96 99 87 
22 27 
80 5 
46 59 
38 
78 8 
1 97 
72 65 
49 41 
71 12 
59 
52 73 
77 34 
89 83 
23 
92 35 
3 40 
87 
65 
93 
4 
68 
86 
76 31 
35 
84 
83 82 
40 67 
57 
5 15 11 
41 
53 
27 
97 
12 
6 45 
34 
11 
47 
98 
17 
73 
8 
99 
82 
31 
70 
45 
50 58 
15 
58 
42 
67 
25 
# clone tree 45 objective: 4.36813
0 84 64 
64 25 70 24 88 
18 60 
55 77 75 
88 18 
60 55 
75 53 57 85 33 
33 15 3 9 
9 48 
48 56 32 
32 71 29 
29 2 39 
39 72 14 95 21 
56 49 36 37 
21 13 91 
37 6 19 30 
30 62 90 
91 50 92 54 
44 81 
90 44 
54 93 74 
36 43 
13 17 47 63 
74 76 26 
94 20 
81 16 
95 94 
43 42 98 79 
26 28 
79 7 
66 10 
20 96 
14 38 
7 86 46 
24 4 23 
16 66 
28 80 
10 78 
62 61 
85 69 
61 89 
63 51 
19 52 
2 68 
51 22 
69 1 
96 99 87 
22 27 
80 58 5 
46 59 
38 
78 8 
1 97 
72 65 
49 41 
71 12 
59 
52 73 
77 34 
89 83 
23 
92 35 
3 40 
87 
65 
93 
4 
68 
86 
76 31 
35 
84 
83 82 
40 
57 
5 11 
41 
53 67 
27 
97 
12 
6 45 
34 
11 
47 
98 
17 
73 
8 
99 
82 
31 
70 
45 
50 
15 
58 
42 
67 
25 
# clone tree 46 objective: 4.36813
0 84 64 
64 70 24 88 
18 60 
55 77 75 
88 18 
60 55 
75 53 57 85 33 
33 42 3 9 
9 48 
48 56 32 
32 71 29 
29 2 39 
39 72 14 95 21 
56 49 36 37 
21 13 91 
37 6 19 30 
30 62 90 
91 50 92 54 
44 81 
90 58 44 
54 93 74 
36 43 
13 17 47 63 
74 76 26 
94 20 
81 16 
95 94 
43 98 79 
26 28 
79 7 
66 10 
20 96 
14 38 
7 86 46 
24 4 23 
16 66 
28 80 
10 67 78 
62 61 
85 25 69 
61 89 
63 51 
19 52 
2 68 
51 22 
69 1 
96 99 87 
22 27 
80 5 
46 59 
38 
78 8 
1 97 
72 65 
49 41 
71 12 
59 
52 73 
77 34 
89 83 
23 
92 35 
3 40 
87 
65 
93 
4 
68 
86 
76 31 
35 
84 
83 82 
40 
57 
5 15 11 
41 
53 
27 
97 
12 
6 45 
34 
11 
47 
98 
17 
73 
8 
99 
82 
31 
70 
45 
50 
15 
58 
42 
67 
25 
# clone tree 47 objective: 4.36813
0 84 64 
64 70 24 88 
18 60 
55 77 75 
88 18 
60 55 
75 53 57 85 33 
33 3 9 
9 48 
48 56 32 
32 71 29 
29 2 39 
39 72 14 95 21 
56 49 36 37 
21 13 91 
37 6 19 30 
30 62 90 
91 50 92 54 
44 81 
90 58 44 
54 93 74 
36 43 
13 17 47 63 
74 76 26 
94 20 
81 16 
95 94 
43 98 79 
26 28 
79 7 
66 10 
20 96 
14 38 
7 86 46 
24 4 23 
16 66 
28 80 
10 78 
62 61 
85 69 
61 89 
63 51 
19 52 
2 68 
51 22 
69 1 
96 99 87 
22 27 
80 5 
46 67 59 
38 
78 8 
1 97 
72 65 
49 41 
71 12 
59 
52 73 
77 34 
89 83 
23 
92 35 
3 40 
87 
65 42 
93 
4 
68 
86 25 
76 31 
35 
84 
83 82 
40 
57 
5 15 11 
41 
53 
27 
97 
12 
6 45 
34 
11 
47 
98 
17 
73 
8 
99 
82 
31 
70 
45 
50 
15 
58 
42 
67 
25 
# clone tree 48 objective: 4.36813
0 84 64 
64 70 24 88 
18 60 
55 77 75 
88 18 
60 55 
75 53 57 85 33 
33 3 9 
9 48 
48 56 32 
32 71 29 
29 2 39 
39 72 14 95 21 
56 49 36 37 
21 13 91 
37 6 19 30 
30 62 90 
91 92 54 
44 81 
90 44 
54 93 74 
36 43 
13 17 47 63 
74 76 26 
94 20 
81 16 
95 94 
43 98 79 
26 50 28 
79 7 
66 10 
20 96 
14 38 
7 86 46 
24 25 4 23 
16 66 
28 80 
10 78 
62 61 
85 69 
61 89 
63 51 
19 52 
2 68 
51 22 
69 1 
96 99 87 
22 27 
80 5 
46 42 59 
38 
78 8 
1 97 
72 65 
49 41 
71 12 
59 
52 73 
77 34 
89 83 
23 
92 35 
3 40 
87 
65 
93 
4 
68 
86 
76 31 
35 
84 
83 82 
40 
57 
5 15 11 
41 
53 67 
27 
97 
12 
6 45 
34 
11 
47 
98 
17 
73 
8 
99 
82 
31 
70 
45 
50 58 
15 
58 
42 
67 
25 
# clone tree 49 objective: 4.36813
0 84 64 
64 70 24 88 
18 60 
55 77 75 
88 18 
60 55 
75 53 57 85 33 
33 15 3 9 
9 48 
48 56 32 
32 71 29 
29 2 39 
39 72 14 95 21 
56 49 36 37 
21 13 91 
37 6 19 30 
30 62 90 
91 50 92 54 
44 81 
90 44 
54 93 74 
36 43 
13 17 47 63 
74 76 26 
94 20 
81 16 
95 94 
43 98 79 
26 28 
79 7 
66 10 
20 96 
14 38 
7 86 46 
24 4 23 
16 66 
28 80 
10 78 
62 61 
85 69 
61 89 
63 42 51 
19 52 
2 68 
51 22 
69 1 
96 99 87 
22 27 
80 58 5 
46 59 
38 
78 8 
1 97 
72 65 
49 41 
71 12 
59 
52 73 
77 34 
89 83 
23 
92 35 
3 40 
87 
65 
93 
4 25 
68 
86 
76 31 
35 
84 
83 82 
40 
57 
5 11 
41 
53 
27 
97 
12 67 
6 45 
34 
11 
47 
98 
17 
73 
8 
99 
82 
31 
70 
45 
50 
15 
58 
42 
67 
25 
# clone tree 50 objective: 4.36813
0 84 64 
64 24 88 
18 60 
55 6 77 75 
88 18 
60 55 
75 53 57 85 33 
33 3 9 
9 48 
48 56 32 
32 71 29 
29 2 39 
39 72 14 95 21 
56 49 36 37 
21 13 91 
37 19 30 
30 62 90 
91 50 92 54 
44 81 
90 44 
54 93 74 
36 43 
13 17 47 63 
74 15 76 26 
94 20 
81 16 
95 94 
43 98 79 
26 28 
79 7 
66 10 
20 96 
14 38 
7 86 46 
24 4 23 
16 82 66 
28 80 
10 78 
62 61 
85 69 
61 89 
63 51 
19 52 
2 68 
51 22 
69 1 
96 25 99 87 
22 27 
80 5 
46 59 
38 
78 8 
1 97 
72 65 
49 70 41 
71 12 
59 58 
52 73 
77 34 
89 83 
23 67 
92 35 
3 40 
87 
65 
93 
4 
68 
86 
76 31 
35 
84 
83 
40 
57 
5 11 
41 
53 
27 
97 
12 42 
6 45 
34 
11 
47 
98 
17 
73 
8 
99 
82 
31 
70 
45 
50 
15 
58 
42 
67 
25 
# clone tree 51 objective: 4.36813
0 84 64 
64 24 88 
18 60 
55 6 77 75 
88 18 
60 55 
75 53 57 85 33 
33 3 9 
9 48 
48 56 32 
32 71 29 
29 2 39 
39 72 14 95 21 
56 49 36 37 
21 50 13 91 
37 19 30 
30 62 90 
91 92 54 
44 81 
90 44 
54 93 74 
36 58 43 
13 17 47 63 
74 15 76 26 
94 20 
81 16 
95 94 
43 98 79 
26 28 
79 7 
66 10 
20 96 
14 67 38 
7 25 86 46 
24 4 23 
16 66 
28 80 
10 78 
62 61 
85 69 
61 89 
63 51 
19 52 
2 68 
51 22 
69 1 
96 99 87 
22 27 
80 5 
46 59 
38 
78 8 
1 97 
72 65 
49 70 41 
71 12 
59 
52 73 
77 34 
89 83 
23 
92 35 
3 40 
87 42 
65 45 
93 
4 
68 
86 
76 31 
35 
84 
83 82 
40 
57 
5 11 
41 
53 
27 
97 
12 
6 
34 
11 
47 
98 
17 
73 
8 
99 
82 
31 
70 
45 
50 
15 
58 
42 
67 
25 
# clone tree 52 objective: 4.36813
0 84 64 
64 24 88 
18 60 
55 6 77 75 
88 18 
60 55 
75 67 53 57 85 33 
33 3 9 
9 48 
48 56 32 
32 71 29 
29 2 39 
39 72 14 95 21 
56 49 36 37 
21 50 13 91 
37 42 19 30 
30 62 90 
91 92 54 
44 81 
90 44 
54 93 74 
36 43 
13 17 47 63 
74 15 76 26 
94 20 
81 16 
95 94 
43 98 79 
26 28 
79 7 
66 10 
20 96 
14 38 
7 86 46 
24 25 4 23 
16 66 
28 80 
10 78 
62 61 
85 69 
61 89 
63 51 
19 52 
2 68 
51 22 
69 1 
96 99 87 
22 27 
80 58 5 
46 59 
38 
78 8 
1 97 
72 65 
49 70 41 
71 12 
59 
52 73 
77 34 
89 83 
23 
92 35 
3 40 
87 
65 45 
93 
4 
68 
86 
76 31 
35 
84 
83 82 
40 
57 
5 11 
41 
53 
27 
97 
12 
6 
34 
11 
47 
98 
17 
73 
8 
99 
82 
31 
70 
45 
50 
15 
58 
42 
67 
25 
# clone tree 53 objective: 4.36813
0 84 64 
64 24 88 
18 60 
55 6 77 75 
88 18 
60 55 
75 53 57 85 33 
33 3 9 
9 48 
48 56 32 
32 71 29 
29 2 39 
39 72 14 95 21 
56 49 36 37 
21 50 13 91 
37 42 19 30 
30 62 90 
91 92 54 
44 81 
90 58 44 
54 93 74 
36 43 
13 17 47 63 
74 15 76 26 
94 20 
81 16 
95 94 
43 98 79 
26 25 28 
79 7 
66 10 
20 96 
14 38 
7 86 46 
24 4 23 
16 66 
28 80 
10 78 
62 61 
85 69 
61 89 
63 51 
19 52 
2 68 
51 22 
69 1 
96 99 87 
22 27 
80 5 
46 59 
38 
78 8 
1 97 
72 65 
49 70 41 
71 67 12 
59 
52 73 
77 34 
89 83 
23 
92 35 
3 40 
87 
65 45 
93 
4 
68 
86 
76 31 
35 
84 
83 82 
40 
57 
5 11 
41 
53 
27 
97 
12 
6 
34 
11 
47 
98 
17 
73 
8 
99 
82 
31 
70 
45 
50 
15 
58 
42 
67 
25 
# clone tree 54 objective: 4.36813
0 84 64 
64 24 88 
18 60 
55 6 77 75 
88 18 
60 55 
75 67 53 57 85 33 
33 3 9 
9 58 50 48 
48 56 32 
32 71 29 
29 2 39 
39 72 14 95 21 
56 49 36 37 
21 13 91 
37 19 30 
30 62 90 
91 92 54 
44 81 
90 44 
54 93 74 
36 43 
13 17 47 63 
74 15 76 26 
94 20 
81 70 16 
95 94 
43 98 79 
26 28 
79 7 
66 10 
20 96 
14 38 
7 86 46 
24 4 23 
16 66 
28 80 
10 78 
62 61 
85 69 
61 89 
63 51 
19 52 
2 68 
51 22 
69 1 
96 99 87 
22 27 
80 5 
46 59 
38 
78 8 
1 97 
72 65 
49 41 
71 12 
59 
52 73 
77 34 
89 83 
23 
92 35 
3 40 
87 25 
65 
93 
4 
68 
86 
76 31 
35 
84 
83 82 
40 
57 
5 11 
41 
53 
27 
97 
12 
6 45 
34 
11 
47 
98 
17 
73 
8 
99 
82 
31 
70 
45 42 
50 
15 
58 
42 
67 
25 
# clone tree 55 objective: 4.36813
0 84 64 
64 70 24 88 
18 60 
55 77 75 
88 18 
60 55 
75 53 57 85 33 
33 42 15 3 9 
9 48 
48 56 32 
32 71 29 
29 2 39 
39 72 14 95 21 
56 49 36 37 
21 13 91 
37 6 19 30 
30 62 90 
91 50 92 54 
44 81 
90 44 
54 93 74 
36 43 
13 17 47 63 
74 76 26 
94 20 
81 16 
95 94 
43 98 79 
26 58 28 
79 7 
66 10 
20 96 
14 38 
7 86 46 
24 4 23 
16 66 
28 25 80 
10 78 
62 61 
85 69 
61 89 
63 51 
19 52 
2 68 
51 22 
69 1 
96 99 87 
22 27 
80 5 
46 59 
38 
78 8 
1 97 
72 65 
49 41 
71 12 
59 
52 73 
77 34 
89 83 
23 
92 35 
3 40 
87 
65 
93 
4 
68 
86 
76 31 
35 
84 
83 82 
40 
57 67 
5 11 
41 
53 
27 
97 
12 
6 45 
34 
11 
47 
98 
17 
73 
8 
99 
82 
31 
70 
45 
50 
15 
58 
42 
67 
25 
# clone tree 56 objective: 4.36813
0 84 64 
64 70 24 88 
18 60 
55 77 75 
88 18 
60 55 
75 53 57 85 33 
33 15 3 9 
9 48 
48 56 32 
32 71 29 
29 2 39 
39 72 14 95 21 
56 49 36 37 
21 13 91 
37 6 19 30 
30 62 90 
91 50 92 54 
44 81 
90 44 
54 93 74 
36 58 43 
13 17 47 63 
74 76 26 
94 20 
81 16 
95 94 
43 98 79 
26 28 
79 7 
66 10 
20 96 
14 38 
7 86 46 
24 4 23 
16 66 
28 80 
10 78 
62 61 
85 69 
61 89 
63 51 
19 52 
2 68 
51 22 
69 1 
96 99 87 
22 27 
80 5 
46 67 59 
38 
78 8 
1 97 
72 65 
49 41 
71 12 
59 
52 73 
77 34 
89 83 
23 
92 35 
3 40 
87 25 
65 42 
93 
4 
68 
86 
76 31 
35 
84 
83 82 
40 
57 
5 11 
41 
53 
27 
97 
12 
6 45 
34 
11 
47 
98 
17 
73 
8 
99 
82 
31 
70 
45 
50 
15 
58 
42 
67 
25 
# clone tree 57 objective: 4.36813
0 84 64 
64 70 24 88 
18 60 
55 77 75 
88 18 
60 55 
75 53 57 85 33 
33 3 9 
9 48 
48 56 32 
32 71 29 
29 2 39 
39 72 14 95 21 
56 49 36 37 
21 13 91 
37 6 19 30 
30 62 90 
91 50 92 54 
44 81 
90 58 44 
54 93 74 
36 43 
13 17 47 63 
74 76 26 
94 20 
81 16 
95 94 
43 98 79 
26 28 
79 7 
66 10 
20 25 96 
14 38 
7 86 46 
24 4 23 
16 67 66 
28 80 
10 78 
62 61 
85 69 
61 89 
63 51 
19 52 
2 68 
51 22 
69 1 
96 99 87 
22 27 
80 5 
46 59 
38 
78 8 
1 97 
72 65 
49 41 
71 12 
59 
52 73 
77 34 
89 83 
23 
92 35 
3 40 
87 
65 42 
93 
4 
68 
86 
76 31 
35 
84 
83 82 
40 
57 
5 15 11 
41 
53 
27 
97 
12 
6 45 
34 
11 
47 
98 
17 
73 
8 
99 
82 
31 
70 
45 
50 
15 
58 
42 
67 
25 
# clone tree 58 objective: 4.36813
0 84 64 
64 24 88 
18 60 
55 6 77 75 
88 18 
60 55 
75 53 57 85 33 
33 3 9 
9 58 48 
48 56 32 
32 71 29 
29 2 39 
39 72 14 95 21 
56 49 36 37 
21 50 13 91 
37 19 30 
30 62 90 
91 92 54 
44 81 
90 25 44 
54 93 74 
36 43 
13 17 47 63 
74 15 76 26 
94 20 
81 16 
95 94 
43 98 79 
26 28 
79 7 
66 10 
20 96 
14 38 
7 86 46 
24 4 23 
16 66 
28 80 
10 78 
62 61 
85 69 
61 89 
63 51 
19 52 
2 68 
51 22 
69 1 
96 99 87 
22 27 
80 5 
46 59 
38 
78 8 
1 97 
72 65 
49 70 41 
71 12 
59 
52 73 
77 34 
89 83 
23 
92 35 
3 40 
87 42 
65 45 
93 
4 
68 
86 
76 31 
35 
84 
83 82 
40 
57 67 
5 11 
41 
53 
27 
97 
12 
6 
34 
11 
47 
98 
17 
73 
8 
99 
82 
31 
70 
45 
50 
15 
58 
42 
67 
25 
# clone tree 59 objective: 4.36813
0 25 84 64 
64 24 88 
18 60 
55 6 77 75 
88 18 
60 55 
75 53 57 85 33 
33 3 9 
9 48 
48 42 56 32 
32 71 29 
29 2 39 
39 72 14 95 21 
56 49 36 37 
21 13 91 
37 19 30 
30 62 90 
91 50 92 54 
44 81 
90 44 
54 93 74 
36 43 
13 17 47 63 
74 15 76 26 
94 20 
81 16 
95 94 
43 98 79 
26 28 
79 7 
66 10 
20 96 
14 38 
7 86 46 
24 4 23 
16 82 66 
28 80 
10 78 
62 61 
85 69 
61 89 
63 51 
19 52 
2 68 
51 22 
69 1 
96 99 87 
22 27 
80 5 
46 59 
38 
78 8 
1 67 97 
72 65 
49 70 41 
71 12 
59 
52 73 
77 34 
89 83 
23 
92 35 
3 40 
87 
65 
93 
4 
68 
86 
76 31 
35 
84 
83 
40 58 
57 
5 11 
41 
53 
27 
97 
12 
6 45 
34 
11 
47 
98 
17 
73 
8 
99 
82 
31 
70 
45 
50 
15 
58 
42 
67 
25 
# clone tree 60 objective: 4.36813
0 84 64 
64 24 88 
18 60 
55 6 77 75 
88 18 
60 55 
75 53 57 85 33 
33 3 9 
9 50 48 
48 56 32 
32 58 71 29 
29 2 39 
39 72 14 95 21 
56 49 36 37 
21 13 91 
37 19 30 
30 62 90 
91 92 54 
44 81 
90 44 
54 93 74 
36 43 
13 17 47 63 
74 15 76 26 
94 20 
81 70 16 
95 94 
43 98 79 
26 28 
79 7 
66 10 
20 96 
14 38 
7 86 46 
24 4 23 
16 66 
28 80 
10 78 
62 61 
85 69 
61 89 
63 51 
19 52 
2 42 68 
51 22 
69 1 
96 99 87 
22 27 
80 25 5 
46 59 
38 
78 8 
1 97 
72 65 
49 41 
71 12 
59 
52 73 
77 34 
89 83 
23 
92 35 
3 40 
87 
65 
93 
4 
68 
86 
76 31 
35 
84 
83 82 
40 
57 
5 11 
41 
53 
27 
97 
12 67 
6 45 
34 
11 
47 
98 
17 
73 
8 
99 
82 
31 
70 
45 
50 
15 
58 
42 
67 
25 
# clone tree 61 objective: 4.36813
0 84 64 
64 24 88 
18 60 
55 6 77 75 
88 18 
60 55 
75 53 57 85 33 
33 3 9 
9 48 
48 56 32 
32 71 29 
29 2 39 
39 42 72 14 95 21 
56 49 36 37 
21 50 13 91 
37 19 30 
30 62 90 
91 92 54 
44 15 81 
90 44 
54 93 74 
36 58 43 
13 17 47 63 
74 76 26 
94 20 
81 16 
95 94 
43 98 79 
26 28 
79 7 
66 10 
20 96 
14 38 
7 86 46 
24 4 23 
16 66 
28 80 
10 78 
62 61 
85 69 
61 89 
63 51 
19 52 
2 68 
51 22 
69 1 
96 99 87 
22 27 
80 5 
46 59 
38 25 67 
78 8 
1 97 
72 65 
49 70 41 
71 12 
59 
52 73 
77 34 
89 83 
23 
92 35 
3 40 
87 
65 45 
93 
4 
68 
86 
76 31 
35 
84 
83 82 
40 
57 
5 11 
41 
53 
27 
97 
12 
6 
34 
11 
47 
98 
17 
73 
8 
99 
82 
31 
70 
45 
50 
15 
58 
42 
67 
25 
# clone tree 62 objective: 4.36813
0 84 64 
64 24 88 
18 60 
55 6 77 75 
88 18 
60 55 
75 53 57 85 33 
33 3 9 
9 50 48 
48 56 32 
32 58 71 29 
29 2 39 
39 72 14 95 21 
56 49 36 37 
21 13 91 
37 19 30 
30 62 90 
91 92 54 
44 81 
90 44 
54 93 74 
36 43 
13 17 47 63 
74 15 76 26 
94 20 
81 70 16 
95 94 
43 98 79 
26 28 
79 7 
66 10 
20 96 
14 38 
7 86 46 
24 4 23 
16 66 
28 80 
10 78 
62 61 
85 69 
61 89 
63 51 
19 52 
2 42 68 
51 22 
69 1 
96 99 87 
22 27 
80 5 
46 59 
38 
78 8 
1 97 
72 65 
49 41 
71 12 
59 
52 73 
77 34 
89 83 
23 
92 35 
3 40 
87 
65 
93 
4 
68 
86 
76 31 
35 
84 
83 82 
40 
57 
5 11 
41 
53 
27 
97 
12 67 
6 45 
34 
11 
47 
98 
17 25 
73 
8 
99 
82 
31 
70 
45 
50 
15 
58 
42 
67 
25 
# clone tree 63 objective: 4.36813
0 84 64 
64 24 88 
18 60 
55 45 77 75 
88 18 
60 55 
75 53 57 85 33 
33 3 9 
9 48 
48 56 32 
32 71 29 
29 2 39 
39 72 14 95 21 
56 49 36 37 
21 13 91 
37 6 19 30 
30 62 90 
91 92 54 
44 81 
90 25 44 
54 93 74 
36 50 43 
13 17 47 63 
74 15 76 26 
94 20 
81 16 
95 94 
43 98 79 
26 28 
79 7 
66 10 
20 96 
14 38 
7 86 46 
24 4 23 
16 66 
28 67 80 
10 58 78 
62 61 
85 69 
61 89 
63 51 
19 42 52 
2 68 
51 22 
69 1 
96 99 87 
22 27 
80 5 
46 59 
38 
78 8 
1 97 
72 65 
49 70 41 
71 12 
59 
52 73 
77 34 
89 83 
23 
92 35 
3 40 
87 
65 
93 
4 
68 
86 
76 31 
35 82 
84 
83 
40 
57 
5 11 
41 
53 
27 
97 
12 
6 
34 
11 
47 
98 
17 
73 
8 
99 
82 
31 
70 
45 
50 
15 
58 
42 
67 
25 
# clone tree 64 objective: 4.36813
0 84 64 
64 24 88 
18 60 
55 6 77 75 
88 25 18 
60 55 
75 53 57 85 33 
33 3 9 
9 50 48 
48 56 32 
32 71 29 
29 2 39 
39 72 14 95 21 
56 49 36 37 
21 13 91 
37 19 30 
30 62 90 
91 92 54 
44 81 
90 44 
54 93 74 
36 58 43 
13 17 47 63 
74 76 26 
94 20 
81 70 16 
95 94 
43 98 79 
26 28 
79 7 
66 10 
20 96 
14 38 
7 86 46 
24 4 23 
16 66 
28 80 
10 78 
62 61 
85 69 
61 89 
63 51 
19 52 
2 68 
51 22 
69 1 
96 99 87 
22 27 
80 5 
46 42 59 
38 
78 8 
1 97 
72 65 
49 41 
71 12 
59 
52 73 
77 34 
89 83 
23 
92 35 
3 40 
87 
65 
93 67 
4 
68 
86 
76 31 
35 
84 
83 82 
40 
57 
5 15 11 
41 
53 
27 
97 
12 
6 45 
34 
11 
47 
98 
17 
73 
8 
99 
82 
31 
70 
45 
50 
15 
58 
42 
67 
25 
# clone tree 65 objective: 4.36813
0 84 64 
64 24 88 
18 60 
55 45 77 75 
88 18 
60 55 
75 53 57 85 33 
33 3 9 
9 48 
48 56 32 
32 71 29 
29 2 39 
39 72 14 95 21 
56 49 36 37 
21 13 91 
37 6 19 30 
30 62 90 
91 92 54 
44 81 
90 44 
54 93 74 
36 50 43 
13 17 47 63 
74 25 15 76 26 
94 20 
81 16 
95 94 
43 42 98 79 
26 28 
79 7 
66 10 
20 96 
14 38 
7 86 46 
24 4 23 
16 66 
28 80 
10 58 78 
62 61 
85 69 
61 89 
63 51 
19 52 
2 68 
51 22 
69 1 
96 99 87 
22 27 
80 5 
46 59 
38 
78 8 
1 97 
72 65 
49 70 41 
71 12 
59 
52 73 
77 34 
89 83 
23 
92 35 
3 40 
87 
65 
93 
4 
68 
86 
76 31 
35 82 
84 
83 
40 
57 
5 11 
41 
53 
27 
97 
12 
6 
34 67 
11 
47 
98 
17 
73 
8 
99 
82 
31 
70 
45 
50 
15 
58 
42 
67 
25 
# clone tree 66 objective: 4.36813
0 84 64 
64 70 24 88 
18 60 
55 77 75 
88 18 
60 55 
75 53 57 85 33 
33 15 3 9 
9 48 
48 56 32 
32 71 29 
29 2 39 
39 72 14 95 21 
56 49 36 37 
21 13 91 
37 6 19 30 
30 62 90 
91 50 92 54 
44 81 
90 44 
54 93 74 
36 43 
13 17 47 63 
74 76 26 
94 20 
81 16 
95 94 
43 42 98 79 
26 28 
79 7 
66 10 
20 96 
14 38 
7 86 46 
24 4 23 
16 66 
28 80 
10 78 
62 61 
85 69 
61 89 
63 51 
19 52 
2 68 
51 22 
69 1 
96 99 87 
22 27 
80 58 5 
46 59 
38 
78 8 
1 97 
72 65 
49 41 
71 12 
59 
52 67 73 
77 34 
89 83 
23 
92 35 
3 40 
87 
65 
93 
4 
68 
86 
76 31 
35 
84 
83 82 
40 
57 
5 11 
41 25 
53 
27 
97 
12 
6 45 
34 
11 
47 
98 
17 
73 
8 
99 
82 
31 
70 
45 
50 
15 
58 
42 
67 
25 
# clone tree 67 objective: 4.36813
0 84 64 
64 70 24 88 
18 60 
55 77 75 
88 18 
60 55 
75 53 57 85 33 
33 15 3 9 
9 48 
48 56 32 
32 71 29 
29 2 39 
39 72 14 95 21 
56 49 36 37 
21 13 91 
37 25 6 19 30 
30 62 90 
91 50 92 54 
44 81 
90 44 
54 93 74 
36 43 
13 17 47 63 
74 76 26 
94 20 
81 16 
95 94 
43 42 98 79 
26 28 
79 7 
66 10 
20 96 
14 38 
7 86 46 
24 4 23 
16 66 
28 80 
10 78 
62 61 
85 69 
61 67 89 
63 51 
19 52 
2 68 
51 22 
69 1 
96 99 87 
22 27 
80 58 5 
46 59 
38 
78 8 
1 97 
72 65 
49 41 
71 12 
59 
52 73 
77 34 
89 83 
23 
92 35 
3 40 
87 
65 
93 
4 
68 
86 
76 31 
35 
84 
83 82 
40 
57 
5 11 
41 
53 
27 
97 
12 
6 45 
34 
11 
47 
98 
17 
73 
8 
99 
82 
31 
70 
45 
50 
15 
58 
42 
67 
25 
# clone tree 68 objective: 4.36813
0 84 64 
64 70 24 88 
18 60 
55 77 75 
88 18 
60 55 
75 53 57 85 33 
33 42 15 3 9 
9 48 
48 56 32 
32 71 29 
29 2 39 
39 72 14 95 21 
56 49 36 37 
21 13 91 
37 6 19 30 
30 62 90 
91 50 92 54 
44 81 
90 44 
54 93 74 
36 43 
13 17 47 63 
74 76 26 
94 20 
81 16 
95 94 
43 98 79 
26 58 28 
79 7 
66 10 
20 96 
14 38 
7 86 46 
24 4 23 
16 66 
28 80 
10 67 78 
62 61 
85 69 
61 89 
63 51 
19 52 
2 68 
51 22 
69 1 
96 99 87 
22 27 
80 5 
46 59 
38 
78 8 
1 97 
72 65 
49 41 
71 12 
59 
52 73 
77 34 
89 25 83 
23 
92 35 
3 40 
87 
65 
93 
4 
68 
86 
76 31 
35 
84 
83 82 
40 
57 
5 11 
41 
53 
27 
97 
12 
6 45 
34 
11 
47 
98 
17 
73 
8 
99 
82 
31 
70 
45 
50 
15 
58 
42 
67 
25 
# clone tree 69 objective: 4.36813
0 84 64 
64 70 24 88 
18 60 
55 77 75 
88 18 
60 55 
75 53 57 85 33 
33 42 15 3 9 
9 48 
48 56 32 
32 71 29 
29 2 39 
39 72 14 95 21 
56 49 36 37 
21 13 91 
37 6 19 30 
30 62 90 
91 50 92 54 
44 81 
90 44 
54 93 74 
36 43 
13 17 47 63 
74 76 26 
94 20 
81 16 
95 94 
43 98 79 
26 28 
79 7 
66 10 
20 96 
14 38 
7 86 46 
24 4 23 
16 66 
28 80 
10 78 
62 25 61 
85 69 
61 89 
63 51 
19 52 
2 68 
51 22 
69 1 
96 99 87 
22 27 
80 58 5 
46 59 
38 
78 8 
1 97 
72 65 
49 41 
71 12 
59 
52 73 
77 34 
89 83 
23 
92 35 
3 40 
87 
65 
93 
4 
68 
86 
76 31 
35 
84 
83 82 
40 
57 
5 11 
41 
53 67 
27 
97 
12 
6 45 
34 
11 
47 
98 
17 
73 
8 
99 
82 
31 
70 
45 
50 
15 
58 
42 
67 
25 
# clone tree 70 objective: 4.36813
0 84 64 
64 70 24 88 
18 60 
55 77 75 
88 18 
60 55 
75 53 57 85 33 
33 3 9 
9 48 
48 56 32 
32 71 29 
29 2 39 
39 72 14 95 21 
56 49 36 37 
21 58 13 91 
37 6 19 30 
30 62 90 
91 92 54 
44 81 
90 44 
54 93 74 
36 43 
13 17 47 63 
74 25 76 26 
94 20 
81 16 
95 94 
43 98 79 
26 50 28 
79 7 
66 10 
20 96 
14 38 
7 86 46 
24 4 23 
16 66 
28 80 
10 78 
62 61 
85 69 
61 89 
63 51 
19 52 
2 68 
51 22 
69 1 
96 99 87 
22 27 
80 5 
46 59 
38 
78 8 
1 97 
72 65 
49 41 
71 12 
59 
52 73 
77 34 
89 83 
23 
92 35 
3 40 
87 
65 
93 
4 
68 
86 
76 31 
35 
84 
83 82 
40 67 
57 
5 15 11 
41 
53 
27 
97 
12 42 
6 45 
34 
11 
47 
98 
17 
73 
8 
99 
82 
31 
70 
45 
50 
15 
58 
42 
67 
25 
# clone tree 71 objective: 4.36813
0 84 64 
64 70 24 88 
18 60 
55 77 75 
88 18 
60 55 
75 53 57 85 33 
33 15 3 9 
9 48 
48 56 32 
32 71 29 
29 2 39 
39 72 14 95 21 
56 49 36 37 
21 13 91 
37 25 6 19 30 
30 62 90 
91 50 92 54 
44 81 
90 44 
54 93 74 
36 43 
13 17 47 63 
74 76 26 
94 20 
81 16 
95 94 
43 42 98 79 
26 28 
79 67 7 
66 10 
20 96 
14 38 
7 86 46 
24 4 23 
16 66 
28 80 
10 78 
62 61 
85 69 
61 89 
63 51 
19 52 
2 68 
51 22 
69 1 
96 99 87 
22 27 
80 58 5 
46 59 
38 
78 8 
1 97 
72 65 
49 41 
71 12 
59 
52 73 
77 34 
89 83 
23 
92 35 
3 40 
87 
65 
93 
4 
68 
86 
76 31 
35 
84 
83 82 
40 
57 
5 11 
41 
53 
27 
97 
12 
6 45 
34 
11 
47 
98 
17 
73 
8 
99 
82 
31 
70 
45 
50 
15 
58 
42 
67 
25 
# clone tree 72 objective: 4.36813
0 84 64 
64 70 24 88 
18 60 
55 77 75 
88 18 
60 55 
75 53 57 85 33 
33 15 3 9 
9 48 
48 56 32 
32 71 29 
29 2 39 
39 72 14 95 21 
56 49 36 37 
21 13 91 
37 6 19 30 
30 62 90 
91 50 92 54 
44 81 
90 44 
54 93 74 
36 43 
13 17 47 63 
74 76 26 
94 20 
81 16 
95 25 94 
43 98 79 
26 58 28 
79 7 
66 10 
20 96 
14 38 
7 86 46 
24 4 23 
16 66 
28 80 
10 78 
62 61 
85 69 
61 89 
63 51 
19 52 
2 68 
51 22 
69 1 
96 99 87 
22 27 
80 5 
46 59 
38 
78 8 
1 97 
72 65 
49 41 
71 12 
59 
52 73 
77 34 
89 83 
23 
92 35 
3 40 
87 
65 
93 
4 
68 
86 
76 31 
35 
84 
83 82 
40 
57 
5 11 
41 
53 
27 
97 
12 
6 45 
34 
11 
47 67 
98 
17 
73 
8 42 
99 
82 
31 
70 
45 
50 
15 
58 
42 
67 
25 
# clone tree 73 objective: 4.36813
0 84 64 
64 70 24 88 
18 60 
55 77 75 
88 18 
60 55 
75 53 57 85 33 
33 3 9 
9 48 
48 56 32 
32 71 29 
29 2 39 
39 72 14 95 21 
56 49 36 37 
21 13 91 
37 6 19 30 
30 62 90 
91 92 54 
44 81 
90 44 
54 93 74 
36 43 
13 17 47 63 
74 76 26 
94 20 
81 16 
95 94 
43 98 79 
26 50 28 
79 7 
66 10 
20 96 
14 38 
7 86 46 
24 4 23 
16 66 
28 80 
10 78 
62 61 
85 69 
61 89 
63 51 
19 52 
2 68 
51 22 
69 1 
96 99 87 
22 27 
80 5 
46 42 59 
38 
78 8 
1 97 
72 65 
49 41 
71 12 
59 
52 73 
77 34 
89 83 
23 
92 35 
3 40 
87 
65 
93 
4 
68 
86 
76 31 
35 
84 
83 82 
40 
57 
5 15 11 
41 
53 25 67 
27 
97 
12 
6 45 
34 
11 
47 
98 
17 
73 
8 
99 
82 
31 
70 
45 
50 58 
15 
58 
42 
67 
25 
# clone tree 74 objective: 4.36813
0 84 64 
64 70 24 88 
18 60 
55 77 75 
88 18 
60 55 
75 53 57 85 33 
33 15 3 9 
9 48 
48 56 32 
32 71 29 
29 2 39 
39 72 14 95 21 
56 49 36 37 
21 13 91 
37 6 19 30 
30 62 90 
91 50 92 54 
44 81 
90 44 
54 93 74 
36 43 
13 17 47 63 
74 76 26 
94 20 
81 25 16 
95 94 
43 42 98 79 
26 28 
79 7 
66 10 
20 96 
14 38 
7 86 46 
24 4 23 
16 66 
28 80 
10 78 
62 61 
85 69 
61 89 
63 51 
19 52 
2 68 
51 22 
69 1 
96 99 87 
22 27 
80 58 5 
46 59 
38 
78 8 
1 97 
72 65 
49 41 
71 12 
59 
52 73 
77 34 
89 83 
23 
92 35 
3 40 
87 
65 
93 
4 
68 
86 
76 31 
35 
84 
83 82 
40 
57 
5 11 
41 
53 
27 
97 
12 67 
6 45 
34 
11 
47 
98 
17 
73 
8 
99 
82 
31 
70 
45 
50 
15 
58 
42 
67 
25 
# clone tree 75 objective: 4.36813
0 84 64 
64 70 24 88 
18 60 
55 77 75 
88 18 
60 55 
75 25 53 57 85 33 
33 3 9 
9 48 
48 56 32 
32 71 29 
29 2 39 
39 72 14 95 21 
56 49 36 37 
21 13 91 
37 6 19 30 
30 62 90 
91 50 92 54 
44 81 
90 44 
54 93 74 
36 43 
13 17 47 63 
74 76 26 
94 20 
81 16 
95 94 
43 42 98 79 
26 28 
79 7 
66 10 
20 96 
14 38 
7 86 46 
24 4 23 
16 66 
28 80 
10 78 
62 61 
85 69 
61 89 
63 51 
19 52 
2 68 
51 22 
69 1 
96 99 87 
22 27 
80 5 
46 59 
38 
78 8 
1 97 
72 65 
49 41 
71 12 
59 
52 73 
77 34 
89 83 
23 
92 35 
3 40 
87 
65 
93 
4 
68 
86 
76 31 
35 
84 
83 82 
40 58 
57 
5 15 11 
41 
53 
27 
97 
12 
6 45 
34 
11 
47 
98 
17 
73 
8 
99 
82 67 
31 
70 
45 
50 
15 
58 
42 
67 
25 
# clone tree 76 objective: 4.36813
0 84 64 
64 24 88 
18 60 
55 6 77 75 
88 18 
60 55 
75 53 57 85 33 
33 3 9 
9 50 48 
48 56 32 
32 71 29 
29 2 39 
39 72 14 95 21 
56 49 36 37 
21 13 91 
37 19 30 
30 62 90 
91 58 92 54 
44 81 
90 44 
54 93 74 
36 43 
13 17 47 63 
74 76 26 
94 20 
81 70 16 
95 94 
43 98 79 
26 28 
79 7 
66 10 
20 96 
14 38 
7 86 46 
24 4 23 
16 66 
28 80 
10 78 
62 61 
85 69 
61 89 
63 51 
19 52 
2 68 
51 22 
69 1 
96 99 87 
22 27 
80 5 
46 59 
38 42 
78 8 
1 67 97 
72 65 
49 41 
71 12 
59 
52 73 
77 34 
89 83 
23 
92 35 
3 40 
87 
65 
93 
4 
68 
86 
76 31 
35 
84 
83 82 
40 
57 
5 15 11 
41 
53 
27 
97 
12 
6 45 
34 
11 
47 
98 
17 
73 
8 
99 
82 
31 25 
70 
45 
50 
15 
58 
42 
67 
25 
# clone tree 77 objective: 4.36813
0 84 64 
64 24 88 
18 60 
55 6 77 75 
88 18 
60 55 
75 53 57 85 33 
33 3 9 
9 48 
48 56 32 
32 71 29 
29 2 39 
39 72 14 95 21 
56 49 36 37 
21 50 13 91 
37 19 30 
30 62 90 
91 92 54 
44 81 
90 44 
54 93 74 
36 43 
13 17 47 63 
74 58 15 76 26 
94 20 
81 16 
95 94 
43 98 79 
26 28 
79 7 
66 10 
20 96 
14 38 
7 86 46 
24 4 23 
16 66 
28 80 
10 78 
62 61 
85 69 
61 42 89 
63 51 
19 52 
2 68 
51 22 
69 25 1 
96 99 87 
22 27 
80 5 
46 59 
38 
78 8 
1 97 
72 65 
49 70 41 
71 12 
59 
52 73 
77 34 
89 83 
23 67 
92 35 
3 40 
87 
65 45 
93 
4 
68 
86 
76 31 
35 
84 
83 82 
40 
57 
5 11 
41 
53 
27 
97 
12 
6 
34 
11 
47 
98 
17 
73 
8 
99 
82 
31 
70 
45 
50 
15 
58 
42 
67 
25 
# clone tree 78 objective: 4.36813
0 84 64 
64 24 88 
18 60 
55 42 6 77 75 
88 18 
60 55 
75 53 57 85 33 
33 3 9 
9 50 48 
48 56 32 
32 71 29 
29 2 39 
39 72 14 95 21 
56 49 36 37 
21 13 91 
37 19 30 
30 62 90 
91 92 54 
44 81 
90 44 
54 93 74 
36 43 
13 17 47 63 
74 76 26 
94 20 
81 70 16 
95 94 
43 98 79 
26 28 
79 7 
66 10 
20 96 
14 38 
7 86 46 
24 4 23 
16 66 
28 80 
10 78 
62 61 
85 69 
61 89 
63 51 
19 52 
2 68 
51 22 
69 1 
96 99 87 
22 27 
80 58 5 
46 59 
38 
78 8 
1 97 
72 65 
49 41 
71 12 
59 
52 73 
77 34 
89 83 
23 
92 35 
3 40 
87 
65 
93 
4 
68 
86 
76 31 
35 
84 
83 82 
40 67 
57 
5 15 11 
41 
53 
27 
97 
12 
6 45 
34 
11 
47 
98 
17 
73 
8 
99 
82 
31 
70 
45 
50 
15 
58 
42 
67 25 
25 
# clone tree 79 objective: 4.36813
0 84 64 
64 24 88 
18 60 
55 6 77 75 
88 18 
60 55 
75 53 57 85 33 
33 3 9 
9 48 
48 56 32 
32 71 29 
29 2 39 
39 72 14 95 21 
56 49 36 37 
21 50 13 91 
37 19 30 
30 62 90 
91 92 54 
44 81 
90 44 
54 93 74 
36 43 
13 17 47 63 
74 15 76 26 
94 20 
81 16 
95 94 
43 98 79 
26 28 
79 7 
66 10 
20 96 
14 38 
7 86 46 
24 4 23 
16 66 
28 80 
10 58 78 
62 61 
85 69 
61 89 
63 51 
19 52 
2 68 
51 22 
69 1 
96 99 87 
22 27 
80 5 
46 59 
38 
78 8 
1 97 
72 65 
49 70 41 
71 12 
59 
52 73 
77 34 
89 83 
23 
92 35 
3 40 
87 
65 42 45 
93 
4 
68 
86 
76 31 
35 
84 
83 82 
40 
57 
5 11 
41 
53 67 
27 
97 
12 
6 
34 
11 
47 
98 
17 
73 
8 
99 
82 
31 
70 
45 
50 
15 
58 
42 
67 25 
25 
# clone tree 80 objective: 4.36813
0 84 64 
64 24 88 
18 60 
55 42 6 77 75 
88 18 
60 55 
75 53 57 85 33 
33 3 9 
9 50 48 
48 56 32 
32 71 29 
29 2 39 
39 72 14 95 21 
56 49 36 37 
21 13 91 
37 19 30 
30 62 90 
91 92 54 
44 81 
90 44 
54 93 74 
36 43 
13 17 47 63 
74 76 26 
94 20 
81 70 16 
95 94 
43 98 79 
26 28 
79 7 
66 10 
20 96 
14 38 
7 86 46 
24 4 23 
16 66 
28 80 
10 78 
62 61 
85 69 
61 89 
63 51 
19 52 
2 68 
51 22 
69 1 
96 99 87 
22 27 
80 58 5 
46 59 
38 
78 8 
1 97 
72 65 
49 41 
71 12 
59 
52 73 
77 34 
89 83 
23 
92 35 
3 40 
87 
65 
93 25 
4 
68 
86 
76 31 
35 
84 
83 82 
40 67 
57 
5 15 11 
41 
53 
27 
97 
12 
6 45 
34 
11 
47 
98 
17 
73 
8 
99 
82 
31 
70 
45 
50 
15 
58 
42 
67 
25 
# clone tree 81 objective: 4.36813
0 84 64 
64 70 24 88 
18 60 
55 77 75 
88 18 
60 55 
75 67 53 57 85 33 
33 3 9 
9 48 
48 56 32 
32 71 29 
29 2 39 
39 72 14 95 21 
56 49 36 37 
21 13 91 
37 6 19 30 
30 62 90 
91 92 54 
44 81 
90 44 
54 93 74 
36 43 
13 17 47 63 
74 76 26 
94 20 
81 16 
95 94 
43 98 79 
26 50 28 
79 7 
66 10 
20 96 
14 38 
7 86 46 
24 4 23 
16 66 
28 80 
10 78 
62 42 61 
85 69 
61 89 
63 51 
19 52 
2 58 68 
51 22 
69 1 
96 99 87 
22 27 
80 5 
46 59 
38 
78 8 
1 97 
72 65 
49 41 
71 12 
59 
52 73 
77 34 
89 83 
23 
92 35 
3 40 
87 
65 
93 
4 
68 
86 
76 31 
35 
84 
83 82 
40 
57 25 
5 15 11 
41 
53 
27 
97 
12 
6 45 
34 
11 
47 
98 
17 
73 
8 
99 
82 
31 
70 
45 
50 
15 
58 
42 
67 
25 
# clone tree 82 objective: 4.36813
0 84 64 
64 24 88 
18 60 
55 6 77 75 
88 18 
60 55 
75 53 57 85 33 
33 3 9 
9 48 
48 56 32 
32 71 29 
29 2 39 
39 72 14 95 21 
56 49 36 37 
21 50 13 91 
37 19 30 
30 62 90 
91 92 54 
44 81 
90 44 
54 93 74 
36 43 
13 17 47 63 
74 15 76 26 
94 20 
81 16 
95 94 
43 98 79 
26 28 
79 7 
66 10 
20 96 
14 38 
7 86 46 
24 4 23 
16 66 
28 80 
10 78 
62 61 
85 69 
61 67 89 
63 51 
19 52 
2 68 
51 22 
69 1 
96 99 87 
22 27 
80 5 
46 59 
38 
78 8 
1 97 
72 65 
49 70 41 
71 12 
59 
52 73 
77 34 
89 83 
23 
92 35 
3 40 
87 
65 45 
93 
4 
68 
86 
76 31 
35 
84 
83 82 
40 58 
57 
5 11 
41 25 
53 
27 
97 
12 
6 
34 
11 
47 
98 
17 
73 42 
8 
99 
82 
31 
70 
45 
50 
15 
58 
42 
67 
25 
# clone tree 83 objective: 4.36813
0 84 64 
64 24 88 
18 60 
55 6 77 75 
88 25 18 
60 55 
75 53 57 85 33 
33 3 9 
9 48 
48 56 32 
32 71 29 
29 2 39 
39 72 14 95 21 
56 49 36 37 
21 50 13 91 
37 19 30 
30 62 90 
91 92 54 
44 81 
90 44 
54 93 74 
36 43 
13 17 47 63 
74 15 76 26 
94 20 
81 16 
95 94 
43 98 79 
26 28 
79 7 
66 10 
20 96 
14 38 
7 86 46 
24 4 23 
16 66 
28 80 
10 58 78 
62 61 
85 69 
61 89 
63 51 
19 52 
2 68 
51 22 
69 1 
96 99 87 
22 27 
80 5 
46 59 
38 
78 8 
1 97 
72 65 
49 70 41 
71 12 
59 
52 73 
77 34 
89 83 
23 
92 35 
3 40 
87 
65 42 45 
93 67 
4 
68 
86 
76 31 
35 
84 
83 82 
40 
57 
5 11 
41 
53 
27 
97 
12 
6 
34 
11 
47 
98 
17 
73 
8 
99 
82 
31 
70 
45 
50 
15 
58 
42 
67 
25 
# clone tree 84 objective: 4.36813
0 84 64 
64 25 70 24 88 
18 60 
55 77 75 
88 18 
60 55 
75 53 57 85 33 
33 42 15 3 9 
9 48 
48 56 32 
32 71 29 
29 2 39 
39 72 14 95 21 
56 49 36 37 
21 13 91 
37 6 19 30 
30 62 90 
91 50 92 54 
44 81 
90 44 
54 93 74 
36 43 
13 17 47 63 
74 76 26 
94 20 
81 16 
95 94 
43 98 79 
26 28 
79 7 
66 10 
20 96 
14 38 
7 86 46 
24 4 23 
16 66 
28 80 
10 78 
62 61 
85 69 
61 67 89 
63 51 
19 52 
2 68 
51 22 
69 1 
96 99 87 
22 27 
80 58 5 
46 59 
38 
78 8 
1 97 
72 65 
49 41 
71 12 
59 
52 73 
77 34 
89 83 
23 
92 35 
3 40 
87 
65 
93 
4 
68 
86 
76 31 
35 
84 
83 82 
40 
57 
5 11 
41 
53 
27 
97 
12 
6 45 
34 
11 
47 
98 
17 
73 
8 
99 
82 
31 
70 
45 
50 
15 
58 
42 
67 
25 
# clone tree 85 objective: 4.36813
0 84 64 
64 70 24 88 
18 60 
55 77 75 
88 18 
60 55 
75 53 57 85 33 
33 15 3 9 
9 48 
48 56 32 
32 71 29 
29 2 39 
39 72 14 95 21 
56 49 36 37 
21 13 91 
37 6 19 30 
30 62 90 
91 50 92 54 
44 81 
90 44 
54 25 93 74 
36 43 
13 17 47 63 
74 76 26 
94 20 
81 16 
95 94 
43 98 79 
26 28 
79 7 
66 10 
20 96 
14 38 
7 86 46 
24 4 23 
16 66 
28 80 
10 78 
62 61 
85 69 
61 89 
63 42 51 
19 52 
2 68 
51 22 
69 1 
96 99 87 
22 27 
80 58 5 
46 59 
38 
78 8 
1 97 
72 65 
49 41 
71 12 
59 
52 73 
77 34 
89 83 
23 
92 35 
3 40 
87 
65 
93 
4 
68 
86 
76 31 
35 
84 
83 82 
40 
57 
5 11 
41 
53 
27 
97 
12 67 
6 45 
34 
11 
47 
98 
17 
73 
8 
99 
82 
31 
70 
45 
50 
15 
58 
42 
67 
25 
# clone tree 86 objective: 4.36813
0 84 64 
64 24 88 
18 60 
55 42 6 77 75 
88 18 
60 55 
75 53 57 85 33 
33 3 9 
9 50 48 
48 56 32 
32 71 29 
29 2 39 
39 72 14 95 21 
56 49 36 37 
21 13 91 
37 19 30 
30 62 90 
91 92 54 
44 81 
90 44 
54 93 74 
36 43 
13 17 47 63 
74 76 26 
94 20 
81 70 16 
95 94 
43 98 79 
26 28 
79 7 
66 10 
20 96 
14 38 
7 86 46 
24 4 23 
16 66 
28 67 80 
10 78 
62 61 
85 69 
61 89 
63 51 
19 52 
2 68 
51 22 
69 1 
96 99 87 
22 27 
80 58 5 
46 59 
38 
78 8 
1 97 
72 65 
49 41 
71 12 
59 
52 73 
77 34 
89 83 
23 
92 35 
3 40 
87 
65 
93 25 
4 
68 
86 
76 31 
35 
84 
83 82 
40 
57 
5 15 11 
41 
53 
27 
97 
12 
6 45 
34 
11 
47 
98 
17 
73 
8 
99 
82 
31 
70 
45 
50 
15 
58 
42 
67 
25 
# clone tree 87 objective: 4.36813
0 84 64 
64 70 24 88 
18 60 
55 77 75 
88 18 
60 55 
75 67 53 57 85 33 
33 3 9 
9 48 
48 56 32 
32 71 29 
29 2 39 
39 72 14 95 21 
56 49 36 37 
21 13 91 
37 6 19 30 
30 62 90 
91 92 54 
44 81 
90 58 44 
54 93 74 
36 25 43 
13 17 47 63 
74 76 26 
94 20 
81 16 
95 94 
43 98 79 
26 50 28 
79 7 
66 10 
20 96 
14 38 
7 86 46 
24 4 23 
16 66 
28 80 
10 78 
62 42 61 
85 69 
61 89 
63 51 
19 52 
2 68 
51 22 
69 1 
96 99 87 
22 27 
80 5 
46 59 
38 
78 8 
1 97 
72 65 
49 41 
71 12 
59 
52 73 
77 34 
89 83 
23 
92 35 
3 40 
87 
65 
93 
4 
68 
86 
76 31 
35 
84 
83 82 
40 
57 
5 15 11 
41 
53 
27 
97 
12 
6 45 
34 
11 
47 
98 
17 
73 
8 
99 
82 
31 
70 
45 
50 
15 
58 
42 
67 
25 
# clone tree 88 objective: 4.36813
0 84 64 
64 70 24 88 
18 60 
55 77 75 
88 18 
60 55 
75 53 57 85 33 
33 3 9 
9 48 
48 56 32 
32 71 29 
29 25 2 39 
39 72 14 95 21 
56 49 36 37 
21 13 91 
37 6 19 30 
30 62 90 
91 50 92 54 
44 81 
90 44 
54 93 74 
36 43 
13 17 47 63 
74 76 26 
94 20 
81 16 
95 94 
43 98 79 
26 28 
79 67 7 
66 10 
20 96 
14 38 
7 86 46 
24 4 23 
16 66 
28 80 
10 78 
62 61 
85 69 
61 89 
63 42 51 
19 52 
2 68 
51 22 
69 1 
96 99 87 
22 27 
80 5 
46 59 
38 
78 8 
1 97 
72 65 
49 41 
71 12 
59 
52 73 
77 34 
89 83 
23 
92 35 
3 40 
87 
65 
93 
4 
68 
86 
76 31 
35 
84 
83 82 
40 58 
57 
5 15 11 
41 
53 
27 
97 
12 
6 45 
34 
11 
47 
98 
17 
73 
8 
99 
82 
31 
70 
45 
50 
15 
58 
42 
67 
25 
# clone tree 89 objective: 4.36813
0 84 64 
64 70 24 88 
18 60 
55 77 75 
88 18 
60 55 
75 53 57 85 33 
33 15 3 9 
9 48 
48 56 32 
32 71 29 
29 2 39 
39 72 14 95 21 
56 49 36 37 
21 13 91 
37 6 19 30 
30 62 90 
91 50 92 54 
44 81 
90 44 
54 93 74 
36 43 
13 17 47 63 
74 76 26 
94 20 
81 16 
95 94 
43 42 98 79 
26 28 
79 7 
66 10 
20 96 
14 38 
7 86 46 
24 25 4 23 
16 66 
28 80 
10 78 
62 61 
85 69 
61 89 
63 51 
19 52 
2 68 
51 22 
69 1 
96 99 87 
22 27 
80 58 5 
46 59 
38 
78 8 
1 97 
72 65 
49 41 
71 12 
59 
52 73 
77 34 
89 83 
23 
92 35 
3 40 
87 
65 
93 
4 
68 
86 
76 31 
35 
84 
83 82 
40 
57 67 
5 11 
41 
53 
27 
97 
12 
6 45 
34 
11 
47 
98 
17 
73 
8 
99 
82 
31 
70 
45 
50 
15 
58 
42 
67 
25 
# clone tree 90 objective: 4.36813
0 84 64 
64 70 24 88 
18 60 
55 77 75 
88 18 
60 55 
75 53 57 85 33 
33 15 3 9 
9 48 
48 56 32 
32 71 29 
29 2 39 
39 72 14 95 21 
56 49 36 37 
21 13 91 
37 6 19 30 
30 62 90 
91 50 92 54 
44 81 
90 44 
54 93 74 
36 43 
13 17 47 63 
74 76 26 
94 20 
81 16 
95 94 
43 42 98 79 
26 25 28 
79 7 
66 10 
20 96 
14 38 
7 86 46 
24 4 23 
16 66 
28 80 
10 78 
62 61 
85 69 
61 89 
63 51 
19 52 
2 68 
51 22 
69 1 
96 99 87 
22 27 
80 58 5 
46 59 
38 
78 8 
1 97 
72 65 
49 41 
71 12 
59 
52 73 
77 34 
89 83 
23 
92 35 
3 40 
87 
65 
93 
4 
68 
86 
76 31 
35 
84 
83 82 
40 
57 67 
5 11 
41 
53 
27 
97 
12 
6 45 
34 
11 
47 
98 
17 
73 
8 
99 
82 
31 
70 
45 
50 
15 
58 
42 
67 
25 
# clone tree 91 objective: 4.36813
0 84 64 
64 24 88 
18 60 
55 6 77 75 
88 18 
60 55 
75 53 57 85 33 
33 3 9 
9 50 48 
48 56 32 
32 71 29 
29 2 39 
39 72 14 95 21 
56 49 36 37 
21 13 91 
37 19 30 
30 62 90 
91 92 54 
44 81 
90 44 
54 93 74 
36 58 43 
13 17 47 63 
74 76 26 
94 20 
81 70 16 
95 94 
43 98 79 
26 28 
79 7 
66 10 
20 96 
14 38 
7 86 46 
24 4 23 
16 66 
28 80 
10 78 
62 61 
85 69 
61 89 
63 51 
19 52 
2 68 
51 22 
69 1 
96 99 87 
22 27 
80 5 
46 42 59 
38 
78 8 
1 97 
72 65 
49 41 
71 12 
59 25 
52 73 
77 34 
89 83 
23 
92 35 
3 40 
87 
65 
93 67 
4 
68 
86 
76 31 
35 
84 
83 82 
40 
57 
5 15 11 
41 
53 
27 
97 
12 
6 45 
34 
11 
47 
98 
17 
73 
8 
99 
82 
31 
70 
45 
50 
15 
58 
42 
67 
25 
# clone tree 92 objective: 4.36813
0 84 64 
64 70 24 88 
18 60 
55 77 75 
88 18 
60 55 
75 67 53 57 85 33 
33 3 9 
9 48 
48 56 32 
32 71 29 
29 2 39 
39 72 14 95 21 
56 49 36 37 
21 13 91 
37 6 19 30 
30 62 90 
91 50 92 54 
44 81 
90 44 
54 93 74 
36 43 
13 17 47 63 
74 76 26 
94 20 
81 16 
95 94 
43 98 79 
26 58 28 
79 7 
66 10 
20 96 
14 38 
7 86 46 
24 4 23 
16 66 
28 80 
10 78 
62 61 
85 69 
61 89 
63 51 
19 52 
2 25 68 
51 22 
69 1 
96 99 87 
22 27 
80 5 
46 59 
38 
78 8 
1 97 
72 65 
49 41 
71 12 
59 
52 73 
77 42 34 
89 83 
23 
92 35 
3 40 
87 
65 
93 
4 
68 
86 
76 31 
35 
84 
83 82 
40 
57 
5 15 11 
41 
53 
27 
97 
12 
6 45 
34 
11 
47 
98 
17 
73 
8 
99 
82 
31 
70 
45 
50 
15 
58 
42 
67 
25 
# clone tree 93 objective: 4.36813
0 84 64 
64 24 88 
18 60 
55 6 77 75 
88 18 
60 55 
75 53 57 85 33 
33 3 9 
9 48 
48 56 32 
32 71 29 
29 2 39 
39 72 14 95 21 
56 49 36 37 
21 50 13 91 
37 42 19 30 
30 62 90 
91 92 54 
44 81 
90 44 
54 93 74 
36 43 
13 17 47 63 
74 15 76 26 
94 20 
81 25 16 
95 94 
43 98 79 
26 28 
79 7 
66 10 
20 96 
14 38 
7 86 46 
24 4 23 
16 66 
28 80 
10 78 
62 61 
85 69 
61 89 
63 51 
19 52 
2 68 
51 22 
69 1 
96 99 87 
22 27 
80 58 5 
46 59 
38 
78 8 
1 97 
72 65 
49 70 41 
71 12 
59 
52 73 
77 34 
89 83 
23 
92 35 
3 40 
87 
65 45 
93 
4 
68 
86 
76 31 
35 
84 
83 82 
40 
57 
5 11 
41 
53 
27 
97 
12 
6 
34 67 
11 
47 
98 
17 
73 
8 
99 
82 
31 
70 
45 
50 
15 
58 
42 
67 
25 
# clone tree 94 objective: 4.36813
0 84 64 
64 70 24 88 
18 60 
55 77 75 
88 18 
60 25 55 
75 53 57 85 33 
33 15 3 9 
9 48 
48 56 32 
32 71 29 
29 2 39 
39 72 14 95 21 
56 49 36 37 
21 13 91 
37 6 19 30 
30 62 90 
91 50 92 54 
44 81 
90 44 
54 93 74 
36 43 
13 17 47 63 
74 76 26 
94 20 
81 16 
95 94 
43 98 79 
26 28 
79 7 
66 10 
20 96 
14 38 
7 86 46 
24 4 23 
16 66 
28 80 
10 78 
62 61 
85 69 
61 89 
63 51 
19 52 
2 68 
51 22 
69 1 
96 99 87 
22 27 
80 5 
46 59 
38 67 
78 8 
1 97 
72 65 
49 41 
71 12 
59 
52 73 
77 34 
89 83 
23 
92 35 
3 40 
87 
65 
93 
4 
68 
86 
76 31 
35 
84 
83 82 
40 
57 
5 11 
41 
53 
27 
97 
12 42 
6 45 
34 
11 
47 
98 
17 
73 
8 
99 
82 
31 
70 
45 
50 58 
15 
58 
42 
67 
25 
# clone tree 95 objective: 4.36813
0 84 64 
64 24 88 
18 60 
55 45 77 75 
88 18 
60 55 
75 53 57 85 33 
33 3 9 
9 48 
48 56 32 
32 71 29 
29 2 39 
39 72 14 95 21 
56 49 36 37 
21 13 91 
37 6 19 30 
30 62 90 
91 92 54 
44 81 
90 44 
54 93 74 
36 50 43 
13 17 47 63 
74 15 76 26 
94 20 
81 16 
95 94 
43 98 79 
26 28 
79 7 
66 10 
20 96 
14 38 
7 86 46 
24 4 23 
16 66 
28 80 
10 78 
62 61 
85 69 
61 89 
63 51 
19 52 
2 68 
51 22 
69 1 
96 99 87 
22 27 
80 5 
46 42 59 
38 
78 8 
1 97 
72 65 
49 70 41 
71 12 
59 
52 73 
77 34 
89 83 
23 
92 35 
3 40 
87 
65 
93 
4 
68 
86 
76 31 
35 82 
84 
83 
40 25 
57 
5 11 
41 
53 67 
27 
97 
12 
6 
34 
11 
47 
98 
17 
73 
8 
99 
82 
31 
70 
45 
50 58 
15 
58 
42 
67 
25 
# clone tree 96 objective: 4.36813
0 84 64 
64 24 88 
18 60 
55 6 77 75 
88 18 
60 55 
75 53 57 85 33 
33 3 9 
9 48 
48 42 56 32 
32 71 29 
29 2 39 
39 72 14 95 21 
56 49 36 37 
21 13 91 
37 19 30 
30 62 90 
91 50 92 54 
44 81 
90 44 
54 93 74 
36 43 
13 17 47 63 
74 15 76 26 
94 20 
81 16 
95 94 
43 98 79 
26 28 
79 7 
66 10 
20 96 
14 38 
7 86 46 
24 4 23 
16 82 66 
28 80 
10 78 
62 61 
85 69 
61 89 
63 51 
19 52 
2 68 
51 22 
69 1 
96 99 87 
22 27 
80 5 
46 59 
38 
78 8 
1 67 97 
72 65 
49 70 41 
71 12 
59 
52 73 
77 34 
89 83 
23 
92 35 
3 40 
87 
65 
93 
4 
68 
86 
76 31 
35 
84 
83 25 
40 58 
57 
5 11 
41 
53 
27 
97 
12 
6 45 
34 
11 
47 
98 
17 
73 
8 
99 
82 
31 
70 
45 
50 
15 
58 
42 
67 
25 
# clone tree 97 objective: 4.36813
0 84 64 
64 24 88 
18 60 
55 6 77 75 
88 18 
60 55 
75 53 57 85 33 
33 3 9 
9 50 48 
48 56 32 
32 71 29 
29 2 39 
39 72 14 95 21 
56 49 36 37 
21 13 91 
37 19 30 
30 62 90 
91 92 54 
44 81 
90 44 
54 93 74 
36 43 
13 17 47 63 
74 76 26 
94 20 
81 70 16 
95 94 
43 98 79 
26 58 28 
79 7 
66 10 
20 96 
14 38 
7 86 46 
24 4 23 
16 66 
28 80 
10 78 
62 61 
85 69 
61 89 
63 51 
19 52 
2 68 
51 22 
69 1 
96 99 87 
22 27 
80 5 
46 59 
38 42 
78 25 8 
1 67 97 
72 65 
49 41 
71 12 
59 
52 73 
77 34 
89 83 
23 
92 35 
3 40 
87 
65 
93 
4 
68 
86 
76 31 
35 
84 
83 82 
40 
57 
5 15 11 
41 
53 
27 
97 
12 
6 45 
34 
11 
47 
98 
17 
73 
8 
99 
82 
31 
70 
45 
50 
15 
58 
42 
67 
25 
# clone tree 98 objective: 4.36813
0 84 64 
64 24 88 
18 60 
55 25 6 77 75 
88 18 
60 55 
75 53 57 85 33 
33 3 9 
9 50 48 
48 56 32 
32 71 29 
29 2 39 
39 72 14 95 21 
56 49 36 37 
21 13 91 
37 19 30 
30 62 90 
91 58 92 54 
44 81 
90 44 
54 93 74 
36 43 
13 17 47 63 
74 15 76 26 
94 20 
81 70 16 
95 94 
43 98 79 
26 28 
79 7 
66 10 
20 96 
14 38 
7 86 46 
24 4 23 
16 66 
28 80 
10 78 
62 61 
85 69 
61 89 
63 51 
19 52 
2 68 
51 22 
69 1 
96 99 87 
22 27 
80 5 
46 59 
38 
78 8 
1 97 
72 65 
49 41 
71 12 
59 
52 73 
77 34 
89 83 
23 
92 35 
3 40 
87 
65 
93 
4 
68 
86 
76 31 
35 
84 
83 82 
40 
57 
5 11 
41 
53 
27 
97 
12 
6 45 
34 67 
11 
47 
98 
17 
73 42 
8 
99 
82 
31 
70 
45 
50 
15 
58 
42 
67 
25 
# clone tree 99 objective: 4.36813
0 84 64 
64 70 24 88 
18 60 
55 77 75 
88 18 
60 55 
75 53 57 85 33 
33 42 15 3 9 
9 48 
48 56 32 
32 71 29 
29 2 39 
39 72 14 95 21 
56 49 36 37 
21 13 91 
37 6 19 30 
30 62 90 
91 50 92 54 
44 81 
90 44 
54 93 74 
36 43 
13 17 47 63 
74 76 26 
94 20 
81 16 
95 94 
43 98 79 
26 58 28 
79 7 
66 10 
20 96 
14 38 
7 86 46 
24 4 23 
16 66 
28 80 
10 78 
62 61 
85 69 
61 89 
63 51 
19 52 
2 68 
51 22 
69 1 
96 99 87 
22 27 
80 5 
46 59 
38 
78 8 
1 97 
72 65 
49 41 
71 12 
59 
52 73 
77 34 
89 83 
23 
92 35 
3 40 
87 
65 
93 
4 
68 
86 
76 31 
35 
84 
83 82 
40 
57 
5 11 
41 
53 
27 
97 
12 
6 45 
34 25 67 
11 
47 
98 
17 
73 
8 
99 
82 
31 
70 
45 
50 
15 
58 
42 
67 
25 
