# clone tree 0 objective: 5.07409
0 85 10 
10 56 7 
7 44 52 36 
36 67 
67 33 
33 32 79 76 
76 30 29 
3 22 
29 14 
14 3 
22 39 45 83 68 
68 64 21 
21 53 69 25 
25 51 99 20 63 
66 16 80 82 
63 93 87 66 
73 65 
82 28 73 
65 6 40 
77 19 70 42 
40 4 77 
42 58 48 
48 35 86 9 
9 92 1 
26 62 50 
1 95 78 
78 26 
50 5 
5 27 84 47 
70 91 57 
11 24 
85 11 
69 96 72 49 
47 41 
56 15 34 
43 90 
49 60 74 
57 43 
80 46 
24 89 
41 31 
62 8 
79 59 
31 23 
4 75 
89 17 
28 61 
75 2 
34 54 
86 55 
84 97 37 
19 
59 
72 
91 71 
15 
30 98 
96 
46 94 
90 
52 
32 81 
64 12 
16 18 
81 
87 
8 
53 
83 
20 
2 
37 
74 88 
55 
99 
58 
45 
54 
71 
6 
94 
92 
61 
13 
51 
95 
17 
88 13 
44 
23 
12 38 
38 
35 
60 
93 
39 
18 
27 
97 
98 
# clone tree 1 objective: 5.07409
0 85 10 
10 56 7 
7 52 36 
36 67 
67 33 
33 39 32 79 76 
76 30 29 
3 22 
29 14 
14 3 
22 45 83 68 
68 92 64 21 
21 53 69 25 
25 51 99 20 63 
66 16 80 82 
63 87 66 
73 65 
82 28 73 
65 6 40 
77 19 70 42 
40 4 77 
42 58 48 
48 35 86 9 
9 1 
26 62 50 
1 95 78 
78 26 
50 5 
5 84 47 
70 91 57 
11 24 
85 11 
69 96 72 49 
47 41 
56 15 34 
43 60 90 
49 74 
57 43 
80 93 46 
24 89 
41 31 
62 8 
79 59 
31 23 
4 75 
89 17 
28 61 
75 2 
34 54 
86 55 
84 37 
19 
59 
72 
91 71 
15 
30 
96 
46 94 
90 18 
52 44 
32 81 
64 12 
16 
81 
87 
8 
53 
83 
20 
2 
37 
74 88 
55 
99 
58 
45 
54 
71 
6 
94 97 
92 
61 
13 
51 
95 
17 
88 13 
44 
23 
12 38 
38 
35 
60 27 
93 98 
39 
18 
27 
97 
98 
# clone tree 2 objective: 5.07409
0 85 10 
10 56 7 
7 52 36 
36 67 
67 33 
33 39 32 79 76 
76 30 29 
3 22 
29 14 
14 3 
22 45 83 68 
68 92 64 21 
21 53 69 25 
25 51 99 20 63 
66 16 80 82 
63 87 66 
73 65 
82 28 73 
65 6 40 
77 19 70 42 
40 4 77 
42 58 48 
48 35 86 9 
9 1 
26 62 50 
1 95 78 
78 26 
50 5 
5 84 47 
70 91 57 
11 24 
85 11 
69 96 72 49 
47 41 
56 15 34 
43 60 90 
49 74 
57 43 
80 93 46 
24 89 
41 98 31 
62 8 
79 59 
31 23 
4 75 
89 17 
28 61 
75 2 
34 54 
86 55 
84 37 
19 
59 
72 
91 71 
15 
30 
96 
46 94 
90 18 
52 44 
32 81 
64 12 
16 
81 
87 
8 
53 
83 
20 
2 
37 
74 88 
55 
99 
58 
45 
54 
71 
6 
94 97 
92 
61 
13 
51 
95 
17 
88 13 
44 
23 
12 38 
38 
35 
60 27 
93 
39 
18 
27 
97 
98 
# clone tree 3 objective: 5.07409
0 98 85 10 
10 56 7 
7 52 36 
36 67 
67 33 
33 32 79 76 
76 30 29 
3 22 
29 14 
14 18 60 3 
22 45 83 68 
68 92 64 21 
21 53 69 25 
25 51 99 20 63 
66 93 16 80 82 
63 87 66 
73 65 
82 28 73 
65 6 40 
77 39 19 70 42 
40 4 77 
42 58 48 
48 35 86 9 
9 1 
26 62 50 
1 95 78 
78 26 
50 5 
5 84 47 
70 91 57 
11 24 
85 11 
69 96 72 49 
47 41 
56 15 34 
43 90 
49 74 
57 43 
80 46 
24 89 
41 31 
62 8 
79 59 
31 23 
4 75 
89 17 
28 61 
75 2 
34 54 
86 55 
84 37 
19 
59 
72 
91 71 
15 
30 
96 
46 94 
90 
52 44 
32 81 
64 12 
16 
81 
87 
8 
53 
83 
20 
2 
37 
74 88 
55 
99 
58 
45 
54 
71 
6 
94 
92 
61 97 
13 
51 
95 
17 
88 13 
44 
23 
12 38 
38 
35 
60 
93 
39 
18 
27 
97 27 
98 
# clone tree 4 objective: 5.07409
0 85 10 
10 56 7 
7 44 52 36 
36 67 
67 33 
33 32 79 76 
76 30 29 
3 22 
29 14 
14 3 
22 39 45 83 68 
68 64 21 
21 53 69 25 
25 51 99 20 63 
66 16 80 82 
63 93 87 66 
73 65 
82 28 73 
65 6 40 
77 19 70 42 
40 4 77 
42 58 48 
48 35 86 9 
9 98 92 1 
26 62 50 
1 95 78 
78 26 
50 5 
5 27 84 47 
70 91 57 
11 24 
85 11 
69 96 72 49 
47 41 
56 15 34 
43 90 
49 60 74 
57 43 
80 46 
24 89 
41 31 
62 8 
79 59 
31 23 
4 75 
89 17 
28 61 
75 2 
34 54 
86 55 
84 97 37 
19 
59 
72 
91 71 
15 
30 
96 
46 94 
90 
52 
32 81 
64 12 
16 18 
81 
87 
8 
53 
83 
20 
2 
37 
74 88 
55 
99 
58 
45 
54 
71 
6 
94 
92 
61 
13 
51 
95 
17 
88 13 
44 
23 
12 38 
38 
35 
60 
93 
39 
18 
27 
97 
98 
# clone tree 5 objective: 5.07409
0 85 10 
10 56 7 
7 52 36 
36 67 
67 33 
33 32 79 76 
76 30 29 
3 22 
29 14 
14 18 60 3 
22 45 83 68 
68 92 64 21 
21 53 69 25 
25 51 99 20 63 
66 93 16 80 82 
63 87 66 
73 65 
82 28 73 
65 6 40 
77 39 19 70 42 
40 4 77 
42 58 48 
48 35 86 9 
9 1 
26 62 50 
1 95 78 
78 26 
50 5 
5 84 47 
70 91 57 
11 24 
85 11 
69 96 72 49 
47 41 
56 15 34 
43 90 
49 74 
57 43 
80 46 
24 89 
41 31 
62 8 
79 97 59 
31 23 
4 75 
89 17 
28 61 
75 2 
34 54 
86 55 
84 37 
19 
59 
72 
91 71 
15 
30 
96 
46 94 
90 98 
52 44 
32 81 
64 12 
16 
81 
87 
8 27 
53 
83 
20 
2 
37 
74 88 
55 
99 
58 
45 
54 
71 
6 
94 
92 
61 
13 
51 
95 
17 
88 13 
44 
23 
12 38 
38 
35 
60 
93 
39 
18 
27 
97 
98 
# clone tree 6 objective: 5.07409
0 85 10 
10 56 7 
7 52 36 
36 67 
67 33 
33 32 79 76 
76 30 29 
3 22 
29 14 
14 3 
22 45 83 68 
68 92 64 21 
21 53 69 25 
25 51 99 20 63 
66 16 80 82 
63 87 66 
73 65 
82 97 28 73 
65 6 40 
77 19 70 42 
40 4 77 
42 58 48 
48 35 86 9 
9 1 
26 62 50 
1 95 78 
78 39 26 
50 5 
5 84 47 
70 91 57 
11 24 
85 60 11 
69 27 96 72 49 
47 41 
56 15 34 
43 90 
49 74 
57 43 
80 46 
24 89 
41 31 
62 8 
79 59 
31 23 
4 75 
89 17 
28 93 61 
75 18 2 
34 54 
86 55 
84 37 
19 
59 
72 98 
91 71 
15 
30 
96 
46 94 
90 
52 44 
32 81 
64 12 
16 
81 
87 
8 
53 
83 
20 
2 
37 
74 88 
55 
99 
58 
45 
54 
71 
6 
94 
92 
61 
13 
51 
95 
17 
88 13 
44 
23 
12 38 
38 
35 
60 
93 
39 
18 
27 
97 
98 
# clone tree 7 objective: 5.07409
0 85 10 
10 56 7 
7 44 52 36 
36 67 
67 33 
33 32 79 76 
76 30 29 
3 22 
29 14 
14 3 
22 45 83 68 
68 92 64 21 
21 53 69 25 
25 51 99 20 63 
66 93 16 80 82 
63 87 66 
73 65 
82 60 28 73 
65 98 6 40 
77 19 70 42 
40 4 77 
42 58 48 
48 86 9 
9 1 
26 62 50 
1 95 78 
78 26 
50 5 
5 84 47 
70 91 57 
11 24 
85 11 
69 96 72 49 
47 41 
56 15 34 
43 90 
49 74 
57 43 
80 46 
24 89 
41 31 
62 8 
79 59 
31 23 
4 75 
89 17 
28 61 
75 35 2 
34 54 
86 55 
84 37 
19 18 
59 
72 
91 71 
15 
30 
96 
46 94 
90 
52 
32 81 
64 12 
16 
81 97 
87 
8 
53 
83 
20 
2 
37 
74 88 
55 
99 
58 
45 
54 
71 
6 
94 
92 
61 
13 
51 
95 
17 
88 13 
44 
23 
12 38 
38 
35 
60 
93 
39 
18 27 
27 
97 39 
98 
# clone tree 8 objective: 5.07409
0 85 10 
10 98 56 7 
7 44 52 36 
36 67 
67 33 
33 32 79 76 
76 30 29 
3 22 
29 14 
14 3 
22 45 83 68 
68 92 64 21 
21 53 69 25 
25 51 99 20 63 
66 93 16 80 82 
63 87 66 
73 65 
82 60 28 73 
65 6 40 
77 19 70 42 
40 4 77 
42 58 48 
48 86 9 
9 1 
26 62 50 
1 95 78 
78 26 
50 5 
5 84 47 
70 91 57 
11 24 
85 11 
69 96 72 49 
47 41 
56 15 34 
43 90 
49 74 
57 43 
80 46 
24 89 
41 31 
62 8 
79 59 
31 23 
4 75 
89 17 
28 61 
75 35 2 
34 54 
86 55 
84 37 
19 18 
59 
72 
91 71 
15 
30 
96 
46 94 
90 
52 
32 81 
64 12 
16 
81 39 
87 
8 
53 
83 
20 
2 
37 
74 88 
55 
99 
58 
45 
54 
71 
6 
94 
92 
61 
13 
51 
95 
17 
88 13 
44 
23 
12 38 
38 
35 
60 
93 97 
39 
18 27 
27 
97 
98 
# clone tree 9 objective: 5.07409
0 85 10 
10 56 7 
7 44 52 36 
36 67 
67 39 33 
33 32 79 76 
76 27 30 29 
3 98 22 
29 60 14 
14 3 
22 45 83 68 
68 64 21 
21 53 69 25 
25 51 99 20 63 
66 16 80 82 
63 87 66 
73 65 
82 28 73 
65 6 40 
77 19 70 42 
40 4 77 
42 58 48 
48 35 86 9 
9 92 1 
26 62 50 
1 95 78 
78 26 
50 5 
5 84 47 
70 91 57 
11 24 
85 11 
69 96 72 49 
47 41 
56 15 34 
43 90 
49 74 
57 43 
80 46 
24 89 
41 31 
62 8 
79 59 
31 23 
4 75 
89 17 
28 61 
75 2 
34 54 
86 55 
84 37 
19 
59 
72 
91 71 
15 
30 
96 
46 94 
90 
52 
32 81 
64 12 
16 
81 
87 18 
8 
53 
83 
20 
2 
37 
74 88 
55 
99 
58 
45 
54 
71 93 
6 
94 
92 
61 
13 
51 
95 
17 
88 97 13 
44 
23 
12 38 
38 
35 
60 
93 
39 
18 
27 
97 
98 
# clone tree 10 objective: 5.07409
0 85 10 
10 56 7 
7 52 36 
36 67 
67 33 
33 32 79 76 
76 30 29 
3 22 
29 14 
14 18 60 3 
22 45 83 68 
68 92 64 21 
21 53 69 25 
25 51 99 20 63 
66 93 16 80 82 
63 87 66 
73 65 
82 28 73 
65 6 40 
77 39 19 70 42 
40 4 77 
42 58 48 
48 35 86 9 
9 1 
26 62 50 
1 95 78 
78 26 
50 5 
5 84 47 
70 91 57 
11 24 
85 11 
69 96 72 49 
47 41 
56 15 34 
43 90 
49 74 
57 43 
80 46 
24 98 89 
41 31 
62 8 
79 97 59 
31 23 
4 75 
89 17 
28 61 
75 2 
34 54 
86 55 
84 37 
19 
59 
72 
91 71 
15 
30 
96 
46 94 
90 
52 44 
32 81 
64 12 
16 
81 
87 
8 27 
53 
83 
20 
2 
37 
74 88 
55 
99 
58 
45 
54 
71 
6 
94 
92 
61 
13 
51 
95 
17 
88 13 
44 
23 
12 38 
38 
35 
60 
93 
39 
18 
27 
97 
98 
# clone tree 11 objective: 5.07409
0 98 85 10 
10 56 7 
7 44 52 36 
36 67 
67 39 33 
33 32 79 76 
76 27 30 29 
3 22 
29 60 14 
14 3 
22 45 83 68 
68 64 21 
21 53 69 25 
25 51 99 20 63 
66 16 80 82 
63 87 66 
73 65 
82 28 73 
65 6 40 
77 19 70 42 
40 4 77 
42 58 48 
48 35 86 9 
9 92 1 
26 62 50 
1 95 78 
78 26 
50 5 
5 84 47 
70 91 57 
11 24 
85 11 
69 96 72 49 
47 41 
56 15 34 
43 90 
49 74 
57 43 
80 46 
24 89 
41 31 
62 8 
79 59 
31 23 
4 75 
89 17 
28 61 
75 2 
34 54 
86 55 
84 37 
19 
59 
72 
91 71 
15 
30 
96 
46 94 
90 
52 
32 81 
64 12 
16 
81 
87 18 
8 
53 
83 
20 
2 
37 
74 88 
55 
99 
58 
45 
54 
71 93 
6 
94 
92 
61 
13 
51 
95 
17 
88 97 13 
44 
23 
12 38 
38 
35 
60 
93 
39 
18 
27 
97 
98 
# clone tree 12 objective: 5.07409
0 85 10 
10 56 7 
7 98 44 52 36 
36 67 
67 33 
33 32 79 76 
76 30 29 
3 22 
29 14 
14 3 
22 45 83 68 
68 92 64 21 
21 53 69 25 
25 51 99 20 63 
66 93 16 80 82 
63 87 66 
73 65 
82 60 28 73 
65 6 40 
77 19 70 42 
40 4 77 
42 58 48 
48 86 9 
9 1 
26 62 50 
1 95 78 
78 26 
50 5 
5 84 47 
70 91 57 
11 24 
85 11 
69 96 72 49 
47 41 
56 15 34 
43 90 
49 74 
57 43 
80 46 
24 89 
41 31 
62 8 
79 59 
31 23 
4 75 
89 17 
28 61 
75 35 2 
34 54 
86 55 
84 37 
19 18 
59 
72 
91 71 
15 
30 
96 
46 94 
90 
52 
32 81 
64 12 
16 
81 39 
87 
8 
53 
83 
20 
2 
37 
74 88 
55 
99 
58 
45 
54 
71 
6 
94 
92 
61 
13 
51 
95 
17 
88 13 
44 
23 
12 38 
38 
35 
60 
93 97 
39 
18 27 
27 
97 
98 
# clone tree 13 objective: 5.07409
0 85 10 
10 56 7 
7 52 36 
36 67 
67 33 
33 32 79 76 
76 30 29 
3 22 
29 14 
14 3 
22 45 83 68 
68 92 64 21 
21 53 69 25 
25 51 99 20 63 
66 16 80 82 
63 87 66 
73 65 
82 97 28 73 
65 6 40 
77 19 70 42 
40 4 77 
42 58 48 
48 35 86 9 
9 1 
26 62 50 
1 95 78 
78 39 26 
50 5 
5 84 47 
70 91 57 
11 24 
85 60 11 
69 98 27 96 72 49 
47 41 
56 15 34 
43 90 
49 74 
57 43 
80 46 
24 89 
41 31 
62 8 
79 59 
31 23 
4 75 
89 17 
28 93 61 
75 18 2 
34 54 
86 55 
84 37 
19 
59 
72 
91 71 
15 
30 
96 
46 94 
90 
52 44 
32 81 
64 12 
16 
81 
87 
8 
53 
83 
20 
2 
37 
74 88 
55 
99 
58 
45 
54 
71 
6 
94 
92 
61 
13 
51 
95 
17 
88 13 
44 
23 
12 38 
38 
35 
60 
93 
39 
18 
27 
97 
98 
# clone tree 14 objective: 5.07409
0 85 10 
10 56 7 
7 44 52 36 
36 67 
67 98 33 
33 32 79 76 
76 30 29 
3 22 
29 14 
14 3 
22 45 83 68 
68 92 64 21 
21 53 69 25 
25 51 99 20 63 
66 93 16 80 82 
63 87 66 
73 65 
82 60 28 73 
65 6 40 
77 19 70 42 
40 4 77 
42 58 48 
48 86 9 
9 1 
26 62 50 
1 95 78 
78 26 
50 5 
5 84 47 
70 91 57 
11 24 
85 11 
69 96 72 49 
47 41 
56 15 34 
43 90 
49 74 
57 43 
80 46 
24 89 
41 31 
62 8 
79 59 
31 23 
4 75 
89 17 
28 61 
75 35 2 
34 54 
86 55 
84 37 
19 18 
59 
72 
91 71 
15 
30 
96 
46 94 
90 
52 
32 81 
64 12 
16 
81 39 
87 
8 
53 
83 
20 
2 
37 
74 88 
55 
99 
58 
45 
54 
71 
6 
94 
92 
61 
13 
51 
95 
17 
88 13 
44 
23 
12 38 
38 
35 
60 
93 97 
39 
18 27 
27 
97 
98 
# clone tree 15 objective: 5.07409
0 85 10 
10 56 7 
7 44 52 36 
36 67 
67 33 
33 32 79 76 
76 30 29 
3 22 
29 14 
14 3 
22 45 83 68 
68 92 64 21 
21 53 69 25 
25 51 99 20 63 
66 93 16 80 82 
63 98 87 66 
73 65 
82 60 28 73 
65 6 40 
77 19 70 42 
40 4 77 
42 58 48 
48 86 9 
9 1 
26 62 50 
1 95 78 
78 26 
50 5 
5 84 47 
70 91 57 
11 24 
85 11 
69 96 72 49 
47 41 
56 15 34 
43 90 
49 74 
57 43 
80 46 
24 89 
41 31 
62 8 
79 59 
31 23 
4 75 
89 17 
28 61 
75 35 2 
34 54 
86 55 
84 37 
19 18 
59 
72 
91 71 
15 
30 
96 
46 94 
90 
52 
32 81 
64 12 
16 
81 97 
87 
8 
53 
83 
20 
2 
37 
74 88 
55 
99 
58 
45 
54 
71 
6 
94 
92 
61 
13 
51 
95 
17 
88 13 
44 
23 
12 38 
38 
35 
60 
93 
39 
18 27 
27 
97 39 
98 
# clone tree 16 objective: 5.07409
0 85 10 
10 56 7 
7 44 52 36 
36 67 
67 33 
33 32 79 76 
76 30 29 
3 98 22 
29 14 
14 3 
22 45 83 68 
68 92 64 21 
21 53 69 25 
25 51 99 20 63 
66 93 16 80 82 
63 87 66 
73 65 
82 60 28 73 
65 6 40 
77 19 70 42 
40 4 77 
42 58 48 
48 86 9 
9 1 
26 62 50 
1 95 78 
78 26 
50 5 
5 84 47 
70 91 57 
11 24 
85 11 
69 96 72 49 
47 41 
56 15 34 
43 90 
49 74 
57 43 
80 46 
24 89 
41 31 
62 8 
79 59 
31 23 
4 75 
89 17 
28 61 
75 35 2 
34 54 
86 55 
84 37 
19 18 
59 
72 
91 71 
15 
30 
96 
46 94 
90 
52 
32 81 
64 12 
16 
81 39 
87 
8 
53 
83 
20 
2 
37 
74 88 
55 
99 
58 
45 
54 
71 
6 
94 
92 
61 
13 
51 
95 
17 
88 13 
44 
23 
12 38 
38 
35 
60 
93 97 
39 
18 27 
27 
97 
98 
# clone tree 17 objective: 5.07409
0 85 10 
10 56 7 
7 44 52 36 
36 27 67 
67 39 33 
33 32 79 76 
76 30 29 
3 22 
29 60 14 
14 3 
22 45 83 68 
68 64 21 
21 53 69 25 
25 51 99 20 63 
66 16 80 82 
63 87 66 
73 65 
82 28 73 
65 6 40 
77 19 70 42 
40 4 77 
42 58 48 
48 35 86 9 
9 92 1 
26 62 50 
1 97 95 78 
78 26 
50 5 
5 84 47 
70 91 57 
11 24 
85 11 
69 96 72 49 
47 41 
56 15 34 
43 90 
49 74 
57 43 
80 46 
24 89 
41 31 
62 8 
79 59 
31 23 
4 75 
89 17 
28 61 
75 2 
34 54 
86 55 
84 37 
19 
59 
72 
91 71 
15 
30 
96 
46 94 
90 
52 
32 81 
64 12 
16 
81 
87 
8 
53 
83 
20 18 
2 
37 
74 88 
55 
99 
58 
45 
54 
71 93 
6 
94 
92 
61 
13 
51 
95 
17 
88 13 
44 
23 
12 38 
38 
35 
60 
93 
39 
18 
27 
97 98 
98 
# clone tree 18 objective: 5.07409
0 85 10 
10 56 7 
7 44 52 36 
36 67 
67 33 
33 98 32 79 76 
76 30 29 
3 22 
29 14 
14 3 
22 45 83 68 
68 92 64 21 
21 53 69 25 
25 51 99 20 63 
66 93 16 80 82 
63 87 66 
73 65 
82 60 28 73 
65 6 40 
77 19 70 42 
40 4 77 
42 58 48 
48 86 9 
9 1 
26 62 50 
1 95 78 
78 26 
50 5 
5 84 47 
70 91 57 
11 24 
85 11 
69 96 72 49 
47 41 
56 15 34 
43 90 
49 74 
57 43 
80 46 
24 89 
41 31 
62 8 
79 59 
31 23 
4 75 
89 17 
28 61 
75 35 2 
34 54 
86 55 
84 37 
19 18 
59 
72 
91 71 
15 
30 
96 
46 94 
90 
52 
32 81 
64 12 
16 
81 39 
87 
8 
53 
83 
20 
2 
37 
74 88 
55 
99 
58 
45 
54 
71 
6 
94 
92 
61 
13 
51 
95 
17 
88 13 
44 
23 
12 38 
38 
35 
60 
93 97 
39 
18 27 
27 
97 
98 
# clone tree 19 objective: 5.07409
0 85 10 
10 56 7 
7 44 52 36 
36 27 67 
67 39 33 
33 32 79 76 
76 30 29 
3 22 
29 60 14 
14 3 
22 45 83 68 
68 64 21 
21 53 69 25 
25 51 99 20 63 
66 16 80 82 
63 87 66 
73 65 
82 28 73 
65 6 40 
77 19 70 42 
40 4 77 
42 58 48 
48 35 86 9 
9 92 1 
26 62 50 
1 97 95 78 
78 26 
50 5 
5 84 47 
70 91 57 
11 24 
85 11 
69 96 72 49 
47 41 
56 15 34 
43 90 
49 74 
57 43 
80 46 
24 89 
41 31 
62 8 
79 59 
31 23 
4 75 
89 17 
28 61 
75 2 
34 54 
86 55 
84 37 
19 
59 
72 
91 71 
15 
30 
96 
46 94 
90 
52 
32 81 
64 12 
16 
81 
87 
8 
53 
83 
20 18 
2 
37 
74 88 
55 
99 
58 
45 
54 
71 93 
6 
94 
92 
61 
13 
51 
95 
17 
88 13 
44 98 
23 
12 38 
38 
35 
60 
93 
39 
18 
27 
97 
98 
# clone tree 20 objective: 5.07409
0 85 10 
10 56 7 
7 52 36 
36 67 
67 33 
33 32 79 76 
76 30 29 
3 22 
29 14 
14 18 60 3 
22 45 83 68 
68 92 64 21 
21 53 69 25 
25 51 99 20 63 
66 93 16 80 82 
63 87 66 
73 65 
82 28 73 
65 6 40 
77 39 19 70 42 
40 4 77 
42 58 48 
48 35 86 9 
9 1 
26 62 50 
1 95 78 
78 26 
50 5 
5 84 47 
70 91 57 
11 24 
85 11 
69 96 72 49 
47 41 
56 15 34 
43 90 
49 74 
57 43 
80 46 
24 89 
41 31 
62 8 
79 97 59 
31 23 
4 75 
89 17 
28 61 
75 2 
34 54 
86 55 
84 37 
19 
59 
72 
91 71 
15 
30 
96 
46 94 
90 
52 44 
32 81 
64 12 
16 
81 
87 
8 27 
53 
83 98 
20 
2 
37 
74 88 
55 
99 
58 
45 
54 
71 
6 
94 
92 
61 
13 
51 
95 
17 
88 13 
44 
23 
12 38 
38 
35 
60 
93 
39 
18 
27 
97 
98 
# clone tree 21 objective: 5.07409
0 85 10 
10 56 7 
7 44 52 36 
36 27 67 
67 39 33 
33 32 79 76 
76 30 29 
3 22 
29 60 14 
14 3 
22 45 83 68 
68 64 21 
21 53 69 25 
25 51 99 20 63 
66 16 80 82 
63 87 66 
73 65 
82 28 73 
65 6 40 
77 19 70 42 
40 4 77 
42 58 48 
48 35 86 9 
9 92 1 
26 62 50 
1 97 95 78 
78 26 
50 5 
5 84 47 
70 91 57 
11 24 
85 11 
69 96 72 49 
47 41 
56 15 34 
43 90 
49 74 
57 43 
80 46 
24 89 
41 31 
62 8 
79 59 
31 23 
4 75 
89 17 
28 61 
75 2 
34 54 
86 55 
84 37 
19 
59 
72 
91 71 
15 
30 
96 
46 94 
90 
52 
32 81 
64 12 
16 
81 
87 
8 
53 
83 
20 18 
2 
37 
74 88 
55 
99 
58 
45 
54 
71 93 
6 
94 
92 
61 
13 
51 
95 
17 
88 13 
44 
23 98 
12 38 
38 
35 
60 
93 
39 
18 
27 
97 
98 
# clone tree 22 objective: 5.07409
0 85 10 
10 56 7 
7 52 36 
36 67 
67 33 
33 32 79 76 
76 30 29 
3 22 
29 14 
14 18 60 3 
22 45 83 68 
68 92 64 21 
21 53 69 25 
25 51 99 20 63 
66 93 16 80 82 
63 87 66 
73 65 
82 28 73 
65 6 40 
77 98 39 19 70 42 
40 4 77 
42 58 48 
48 35 86 9 
9 1 
26 62 50 
1 95 78 
78 26 
50 5 
5 84 47 
70 91 57 
11 24 
85 11 
69 96 72 49 
47 41 
56 15 34 
43 90 
49 74 
57 43 
80 46 
24 89 
41 31 
62 8 
79 97 59 
31 23 
4 75 
89 17 
28 61 
75 2 
34 54 
86 55 
84 37 
19 
59 
72 
91 71 
15 
30 
96 
46 94 
90 
52 44 
32 81 
64 12 
16 
81 
87 
8 27 
53 
83 
20 
2 
37 
74 88 
55 
99 
58 
45 
54 
71 
6 
94 
92 
61 
13 
51 
95 
17 
88 13 
44 
23 
12 38 
38 
35 
60 
93 
39 
18 
27 
97 
98 
# clone tree 23 objective: 5.07409
0 85 10 
10 56 7 
7 44 52 36 
36 27 67 
67 39 33 
33 32 79 76 
76 30 29 
3 22 
29 60 14 
14 3 
22 45 83 68 
68 64 21 
21 53 69 25 
25 51 99 20 63 
66 16 80 82 
63 87 66 
73 65 
82 28 73 
65 6 40 
77 19 70 42 
40 4 77 
42 58 48 
48 35 86 9 
9 92 1 
26 62 50 
1 97 95 78 
78 26 
50 5 
5 84 47 
70 91 57 
11 24 
85 11 
69 96 72 49 
47 41 
56 15 34 
43 90 
49 74 
57 43 
80 46 
24 89 
41 31 
62 8 
79 59 
31 23 
4 75 
89 17 
28 61 
75 2 
34 54 
86 55 
84 37 
19 
59 
72 
91 71 
15 
30 
96 
46 94 
90 
52 
32 81 
64 12 
16 
81 
87 
8 
53 
83 
20 18 
2 
37 
74 88 
55 
99 
58 
45 
54 
71 98 93 
6 
94 
92 
61 
13 
51 
95 
17 
88 13 
44 
23 
12 38 
38 
35 
60 
93 
39 
18 
27 
97 
98 
# clone tree 24 objective: 5.07409
0 85 10 
10 56 7 
7 44 52 36 
36 67 
67 33 
33 32 79 76 
76 30 29 
3 22 
29 14 
14 3 
22 45 83 68 
68 92 64 21 
21 53 69 25 
25 51 99 20 63 
66 93 16 80 82 
63 87 66 
73 65 
82 98 60 28 73 
65 6 40 
77 19 70 42 
40 4 77 
42 58 48 
48 86 9 
9 1 
26 62 50 
1 95 78 
78 26 
50 5 
5 84 47 
70 91 57 
11 24 
85 11 
69 96 72 49 
47 41 
56 15 34 
43 90 
49 74 
57 43 
80 46 
24 89 
41 31 
62 8 
79 59 
31 23 
4 75 
89 17 
28 61 
75 35 2 
34 54 
86 55 
84 37 
19 18 
59 
72 
91 71 
15 
30 
96 
46 94 
90 
52 
32 81 
64 12 
16 
81 97 
87 
8 
53 
83 
20 
2 
37 
74 88 
55 
99 
58 
45 
54 
71 
6 
94 
92 
61 
13 
51 
95 
17 
88 13 
44 
23 
12 38 
38 
35 
60 
93 
39 
18 27 
27 
97 39 
98 
# clone tree 25 objective: 5.07409
0 85 10 
10 56 7 
7 44 52 36 
36 67 
67 33 
33 32 79 76 
76 30 29 
3 22 
29 14 
14 3 
22 45 83 68 
68 92 64 21 
21 53 69 25 
25 51 99 20 63 
66 98 93 16 80 82 
63 87 66 
73 65 
82 60 28 73 
65 6 40 
77 19 70 42 
40 4 77 
42 58 48 
48 86 9 
9 1 
26 62 50 
1 95 78 
78 26 
50 5 
5 84 47 
70 91 57 
11 24 
85 11 
69 96 72 49 
47 41 
56 15 34 
43 90 
49 74 
57 43 
80 46 
24 89 
41 31 
62 8 
79 59 
31 23 
4 75 
89 17 
28 61 
75 35 2 
34 54 
86 55 
84 37 
19 18 
59 
72 
91 71 
15 
30 
96 
46 94 
90 
52 
32 81 
64 12 
16 
81 39 
87 
8 
53 
83 
20 
2 
37 
74 88 
55 
99 
58 
45 
54 
71 97 
6 
94 
92 
61 
13 
51 
95 
17 
88 13 
44 
23 
12 38 
38 
35 
60 
93 
39 
18 27 
27 
97 
98 
# clone tree 26 objective: 5.07409
0 85 10 
10 56 7 
7 52 36 
36 67 
67 33 
33 32 79 76 
76 30 29 
3 22 
29 98 14 
14 18 60 3 
22 45 83 68 
68 92 64 21 
21 53 69 25 
25 51 99 20 63 
66 93 16 80 82 
63 87 66 
73 65 
82 28 73 
65 6 40 
77 39 19 70 42 
40 4 77 
42 58 48 
48 35 86 9 
9 1 
26 62 50 
1 95 78 
78 26 
50 5 
5 84 47 
70 91 57 
11 24 
85 11 
69 96 72 49 
47 41 
56 15 34 
43 90 
49 74 
57 43 
80 46 
24 89 
41 31 
62 8 
79 59 
31 23 
4 75 
89 17 
28 61 
75 2 
34 54 
86 55 
84 37 
19 
59 
72 
91 71 
15 
30 
96 
46 94 
90 
52 44 
32 81 
64 12 
16 
81 
87 
8 
53 
83 97 
20 
2 
37 
74 88 
55 
99 
58 
45 
54 
71 
6 27 
94 
92 
61 
13 
51 
95 
17 
88 13 
44 
23 
12 38 
38 
35 
60 
93 
39 
18 
27 
97 
98 
# clone tree 27 objective: 5.07409
0 85 10 
10 56 7 
7 52 36 
36 97 67 
67 33 
33 32 79 76 
76 30 29 
3 22 
29 14 
14 18 60 3 
22 45 83 68 
68 92 64 21 
21 53 69 25 
25 51 99 20 63 
66 93 16 80 82 
63 87 66 
73 65 
82 28 73 
65 6 40 
77 39 19 70 42 
40 4 77 
42 58 48 
48 35 86 9 
9 1 
26 62 50 
1 95 78 
78 26 
50 5 
5 84 47 
70 91 57 
11 24 
85 11 
69 96 72 49 
47 41 
56 15 34 
43 90 
49 74 
57 43 
80 46 
24 89 
41 27 31 
62 8 
79 59 
31 23 
4 75 
89 17 
28 98 61 
75 2 
34 54 
86 55 
84 37 
19 
59 
72 
91 71 
15 
30 
96 
46 94 
90 
52 44 
32 81 
64 12 
16 
81 
87 
8 
53 
83 
20 
2 
37 
74 88 
55 
99 
58 
45 
54 
71 
6 
94 
92 
61 
13 
51 
95 
17 
88 13 
44 
23 
12 38 
38 
35 
60 
93 
39 
18 
27 
97 
98 
# clone tree 28 objective: 5.07409
0 85 10 
10 56 7 
7 44 52 36 
36 67 
67 33 
33 32 79 76 
76 30 29 
3 22 
29 14 
14 3 
22 45 83 68 
68 92 64 21 
21 53 69 25 
25 51 99 20 63 
66 93 16 80 82 
63 87 66 
73 65 
82 60 28 73 
65 6 40 
77 19 70 42 
40 4 77 
42 58 48 
48 86 9 
9 1 
26 62 50 
1 95 78 
78 26 
50 5 
5 84 47 
70 91 57 
11 24 
85 11 
69 96 72 49 
47 41 
56 97 15 34 
43 90 
49 74 
57 43 
80 46 
24 89 
41 31 
62 8 
79 59 
31 23 
4 75 
89 98 17 
28 61 
75 35 2 
34 54 
86 55 
84 37 
19 18 
59 
72 
91 71 
15 
30 
96 
46 94 
90 
52 
32 81 
64 12 
16 
81 39 
87 
8 
53 
83 
20 
2 
37 
74 88 
55 
99 
58 
45 
54 
71 
6 
94 
92 
61 
13 
51 
95 
17 
88 13 
44 
23 
12 38 
38 
35 
60 
93 
39 
18 27 
27 
97 
98 
# clone tree 29 objective: 5.07409
0 85 10 
10 56 7 
7 52 36 
36 67 
67 33 
33 32 79 76 
76 30 29 
3 22 
29 14 
14 18 60 3 
22 45 83 68 
68 97 92 64 21 
21 53 69 25 
25 51 99 20 63 
66 93 16 80 82 
63 87 66 
73 65 
82 28 73 
65 6 40 
77 39 19 70 42 
40 4 77 
42 58 48 
48 35 86 9 
9 1 
26 62 50 
1 95 78 
78 26 
50 5 
5 84 47 
70 91 57 
11 24 
85 11 
69 96 72 49 
47 41 
56 15 34 
43 90 
49 74 
57 43 
80 46 
24 89 
41 27 31 
62 8 
79 59 
31 23 
4 75 
89 17 
28 61 
75 2 
34 54 
86 55 
84 37 
19 
59 
72 
91 71 
15 
30 
96 
46 94 
90 
52 44 
32 81 
64 12 
16 
81 
87 
8 
53 
83 
20 
2 
37 98 
74 88 
55 
99 
58 
45 
54 
71 
6 
94 
92 
61 
13 
51 
95 
17 
88 13 
44 
23 
12 38 
38 
35 
60 
93 
39 
18 
27 
97 
98 
# clone tree 30 objective: 5.07409
0 98 85 10 
10 56 7 
7 44 52 36 
36 67 
67 33 
33 32 79 76 
76 30 29 
3 22 
29 14 
14 3 
22 39 45 83 68 
68 64 21 
21 53 69 25 
25 51 99 20 63 
66 16 80 82 
63 93 87 66 
73 65 
82 28 73 
65 6 40 
77 19 70 42 
40 4 77 
42 58 48 
48 35 86 9 
9 92 1 
26 62 50 
1 95 78 
78 26 
50 5 
5 84 47 
70 91 57 
11 24 
85 11 
69 96 72 49 
47 41 
56 15 34 
43 97 90 
49 60 74 
57 43 
80 46 
24 89 
41 31 
62 8 
79 59 
31 23 
4 75 
89 17 
28 61 
75 2 
34 54 
86 55 
84 37 
19 
59 
72 
91 71 
15 
30 
96 
46 94 
90 
52 
32 81 
64 12 
16 18 
81 
87 
8 27 
53 
83 
20 
2 
37 
74 88 
55 
99 
58 
45 
54 
71 
6 
94 
92 
61 
13 
51 
95 
17 
88 13 
44 
23 
12 38 
38 
35 
60 
93 
39 
18 
27 
97 
98 
# clone tree 31 objective: 5.07409
0 98 85 10 
10 56 7 
7 44 52 36 
36 67 
67 39 33 
33 32 79 76 
76 30 29 
3 22 
29 60 14 
14 3 
22 45 83 68 
68 64 21 
21 27 53 69 25 
25 51 99 20 63 
66 16 80 82 
63 87 66 
73 65 
82 28 73 
65 6 40 
77 19 70 42 
40 4 77 
42 58 48 
48 35 86 9 
9 92 1 
26 62 50 
1 95 78 
78 26 
50 5 
5 84 47 
70 91 57 
11 24 
85 11 
69 96 72 49 
47 41 
56 15 34 
43 90 
49 74 
57 43 
80 46 
24 89 
41 31 
62 8 
79 59 
31 23 
4 75 
89 17 
28 61 
75 2 
34 54 
86 55 
84 37 
19 
59 
72 
91 71 
15 
30 
96 
46 94 
90 
52 
32 81 
64 12 
16 
81 
87 
8 
53 
83 
20 18 
2 
37 
74 88 
55 
99 
58 
45 
54 
71 93 
6 
94 97 
92 
61 
13 
51 
95 
17 
88 13 
44 
23 
12 38 
38 
35 
60 
93 
39 
18 
27 
97 
98 
# clone tree 32 objective: 5.07409
0 85 10 
10 56 7 
7 52 36 
36 67 
67 33 
33 32 79 76 
76 30 29 
3 22 
29 14 
14 60 3 
22 45 83 68 
68 64 21 
21 53 69 25 
25 51 99 20 63 
66 16 80 82 
63 87 66 
73 65 
82 28 73 
65 6 40 
77 19 70 42 
40 4 77 
42 58 48 
48 35 86 9 
9 1 
26 62 50 
1 27 95 78 
78 18 26 
50 5 
5 93 84 47 
70 91 57 
11 24 
85 11 
69 96 72 49 
47 41 
56 15 34 
43 90 
49 74 
57 97 43 
80 46 
24 89 
41 31 
62 8 
79 98 59 
31 23 
4 75 
89 17 
28 61 
75 2 
34 54 
86 55 
84 37 
19 
59 
72 
91 71 
15 
30 92 
96 
46 94 
90 
52 44 
32 81 
64 12 
16 39 
81 
87 
8 
53 
83 
20 
2 
37 
74 88 
55 
99 
58 
45 
54 
71 
6 
94 
92 
61 
13 
51 
95 
17 
88 13 
44 
23 
12 38 
38 
35 
60 
93 
39 
18 
27 
97 
98 
# clone tree 33 objective: 5.07409
0 85 10 
10 56 7 
7 52 36 
36 67 
67 33 
33 39 32 79 76 
76 30 29 
3 22 
29 27 14 
14 3 
22 45 83 68 
68 92 64 21 
21 53 69 25 
25 51 99 20 63 
66 16 80 82 
63 87 66 
73 65 
82 28 73 
65 6 40 
77 19 70 42 
40 4 77 
42 58 48 
48 35 86 9 
9 1 
26 62 50 
1 95 78 
78 26 
50 5 
5 84 47 
70 91 57 
11 24 
85 11 
69 96 72 49 
47 41 
56 15 34 
43 60 90 
49 74 
57 43 
80 93 46 
24 89 
41 31 
62 8 
79 59 
31 23 
4 75 
89 17 
28 61 
75 2 
34 54 
86 55 
84 37 
19 
59 
72 
91 71 
15 
30 
96 
46 94 
90 18 
52 44 
32 97 81 
64 12 
16 
81 
87 98 
8 
53 
83 
20 
2 
37 
74 88 
55 
99 
58 
45 
54 
71 
6 
94 
92 
61 
13 
51 
95 
17 
88 13 
44 
23 
12 38 
38 
35 
60 
93 
39 
18 
27 
97 
98 
# clone tree 34 objective: 5.07409
0 85 10 
10 56 7 
7 44 52 36 
36 67 
67 33 
33 32 79 76 
76 30 29 
3 22 
29 98 14 
14 3 
22 39 45 83 68 
68 64 21 
21 53 69 25 
25 51 99 20 63 
66 16 80 82 
63 93 87 66 
73 65 
82 28 73 
65 6 40 
77 19 70 42 
40 4 77 
42 58 48 
48 35 86 9 
9 92 1 
26 62 50 
1 95 78 
78 26 
50 5 
5 84 47 
70 91 57 
11 24 
85 11 
69 96 72 49 
47 41 
56 97 15 34 
43 90 
49 60 74 
57 43 
80 46 
24 89 
41 31 
62 8 
79 59 
31 23 
4 75 
89 17 
28 61 
75 2 
34 54 
86 55 
84 37 
19 
59 
72 
91 71 
15 
30 
96 
46 94 
90 
52 
32 81 
64 12 
16 18 
81 
87 
8 27 
53 
83 
20 
2 
37 
74 88 
55 
99 
58 
45 
54 
71 
6 
94 
92 
61 
13 
51 
95 
17 
88 13 
44 
23 
12 38 
38 
35 
60 
93 
39 
18 
27 
97 
98 
# clone tree 35 objective: 5.07409
0 85 10 
10 56 7 
7 52 36 
36 67 
67 33 
33 32 79 76 
76 30 29 
3 22 
29 14 
14 18 60 3 
22 45 83 68 
68 92 64 21 
21 53 69 25 
25 51 99 20 63 
66 93 16 80 82 
63 87 66 
73 65 
82 28 73 
65 6 40 
77 39 19 70 42 
40 4 77 
42 58 48 
48 35 86 9 
9 1 
26 62 50 
1 95 78 
78 26 
50 5 
5 84 47 
70 91 57 
11 24 
85 11 
69 96 72 49 
47 41 
56 15 34 
43 90 
49 74 
57 43 
80 46 
24 89 
41 31 
62 8 
79 59 
31 23 
4 75 
89 17 
28 61 
75 2 
34 54 
86 55 
84 37 
19 
59 
72 
91 71 
15 
30 
96 
46 94 
90 
52 44 
32 81 
64 12 
16 
81 
87 
8 
53 
83 
20 
2 
37 
74 88 
55 
99 
58 
45 
54 
71 
6 
94 
92 
61 97 
13 
51 
95 
17 
88 13 
44 
23 
12 38 
38 
35 
60 98 
93 
39 
18 
27 
97 27 
98 
# clone tree 36 objective: 5.07409
0 85 10 
10 56 7 
7 52 36 
36 67 
67 33 
33 32 79 76 
76 30 29 
3 22 
29 14 
14 60 3 
22 45 83 68 
68 64 21 
21 53 69 25 
25 51 99 20 63 
66 16 80 82 
63 87 66 
73 65 
82 28 73 
65 6 40 
77 19 70 42 
40 4 77 
42 58 48 
48 35 86 9 
9 1 
26 62 50 
1 27 95 78 
78 18 26 
50 5 
5 93 84 47 
70 91 57 
11 24 
85 11 
69 96 72 49 
47 41 
56 15 34 
43 90 
49 74 
57 43 
80 46 
24 89 
41 31 
62 8 
79 59 
31 23 
4 75 
89 17 
28 61 
75 2 
34 54 
86 55 
84 37 
19 
59 
72 
91 71 
15 
30 92 
96 
46 94 
90 
52 44 
32 81 
64 12 
16 39 
81 
87 
8 
53 
83 
20 
2 
37 
74 98 88 
55 
99 
58 
45 
54 
71 
6 
94 
92 
61 
13 
51 
95 
17 
88 13 
44 
23 
12 38 
38 
35 
60 97 
93 
39 
18 
27 
97 
98 
# clone tree 37 objective: 5.07409
0 85 10 
10 97 56 7 
7 44 52 36 
36 39 67 
67 33 
33 32 79 76 
76 30 29 
3 22 
29 14 
14 3 
22 45 83 68 
68 64 21 
21 53 69 25 
25 51 99 20 63 
66 16 80 82 
63 87 66 
73 65 
82 18 28 73 
65 6 40 
77 19 70 42 
40 4 77 
42 27 58 48 
48 35 86 9 
9 92 1 
26 62 50 
1 95 78 
78 26 
50 5 
5 84 47 
70 91 57 
11 24 
85 11 
69 96 72 49 
47 41 
56 15 34 
43 90 
49 74 
57 43 
80 46 
24 89 
41 31 
62 8 
79 59 
31 23 
4 75 
89 17 
28 61 
75 2 
34 54 
86 55 
84 37 
19 
59 
72 
91 71 
15 
30 
96 
46 94 
90 
52 
32 81 
64 12 
16 93 
81 
87 
8 
53 
83 
20 
2 
37 
74 88 
55 
99 
58 
45 60 
54 
71 
6 
94 
92 
61 
13 
51 
95 
17 
88 13 
44 
23 
12 38 
38 
35 
60 
93 
39 
18 98 
27 
97 
98 
# clone tree 38 objective: 5.07409
0 85 10 
10 56 7 
7 52 36 
36 67 
67 33 
33 32 79 76 
76 30 29 
3 22 
29 14 
14 60 3 
22 45 83 68 
68 64 21 
21 53 69 25 
25 51 99 20 63 
66 18 16 80 82 
63 87 66 
73 65 
82 28 73 
65 6 40 
77 19 70 42 
40 4 77 
42 58 48 
48 97 35 86 9 
9 1 
26 62 50 
1 95 78 
78 26 
50 5 
5 93 84 47 
70 91 57 
11 24 
85 11 
69 96 72 49 
47 41 
56 15 34 
43 90 
49 74 
57 43 
80 46 
24 89 
41 31 
62 8 
79 59 
31 23 
4 75 
89 17 
28 61 
75 2 
34 54 
86 55 
84 37 
19 
59 
72 
91 71 
15 
30 92 
96 
46 94 
90 
52 44 
32 81 
64 12 
16 
81 
87 
8 
53 
83 
20 
2 
37 
74 88 
55 
99 
58 
45 
54 
71 
6 
94 
92 
61 
13 
51 
95 39 
17 
88 13 
44 
23 
12 38 
38 
35 
60 
93 27 
39 
18 98 
27 
97 
98 
# clone tree 39 objective: 5.07409
0 85 10 
10 56 7 
7 44 52 36 
36 67 
67 33 
33 32 79 76 
76 30 29 
3 22 
29 14 
14 3 
22 45 83 68 
68 92 64 21 
21 53 69 25 
25 51 99 20 63 
66 93 16 80 82 
63 87 66 
73 65 
82 60 28 73 
65 6 40 
77 19 70 42 
40 4 77 
42 58 48 
48 86 9 
9 1 
26 62 50 
1 95 78 
78 26 
50 5 
5 84 47 
70 91 57 
11 24 
85 11 
69 96 72 49 
47 98 41 
56 15 34 
43 90 
49 74 
57 43 
80 46 
24 89 
41 31 
62 8 
79 59 
31 23 
4 75 
89 17 
28 61 
75 35 2 
34 54 
86 55 
84 37 
19 18 
59 
72 
91 71 
15 
30 
96 
46 97 94 
90 
52 
32 81 
64 12 
16 
81 39 
87 
8 
53 
83 
20 
2 
37 
74 88 
55 
99 
58 
45 
54 
71 
6 
94 
92 
61 
13 
51 
95 
17 
88 13 
44 
23 
12 38 
38 
35 
60 
93 
39 
18 27 
27 
97 
98 
# clone tree 40 objective: 5.07409
0 85 10 
10 56 7 
7 44 52 36 
36 67 
67 39 33 
33 32 79 76 
76 30 29 
3 22 
29 60 14 
14 3 
22 45 83 68 
68 64 21 
21 27 53 69 25 
25 51 99 20 63 
66 16 80 82 
63 87 66 
73 65 
82 28 73 
65 6 40 
77 19 70 42 
40 4 77 
42 58 48 
48 35 86 9 
9 92 1 
26 62 50 
1 95 78 
78 26 
50 5 
5 84 47 
70 91 57 
11 24 
85 11 
69 96 72 49 
47 41 
56 15 34 
43 90 
49 74 
57 43 
80 46 
24 89 
41 31 
62 8 
79 59 
31 23 
4 75 
89 17 
28 61 
75 2 
34 54 
86 55 
84 37 
19 
59 
72 
91 98 71 
15 
30 
96 
46 94 
90 
52 
32 81 
64 12 
16 
81 
87 
8 
53 
83 
20 
2 
37 
74 88 
55 
99 
58 97 
45 
54 
71 93 
6 
94 
92 
61 
13 
51 
95 
17 
88 13 
44 
23 
12 38 
38 
35 
60 
93 
39 
18 
27 
97 18 
98 
# clone tree 41 objective: 5.07409
0 85 10 
10 56 7 
7 44 52 36 
36 39 67 
67 33 
33 32 79 76 
76 30 29 
3 22 
29 14 
14 3 
22 45 83 68 
68 64 21 
21 53 69 25 
25 51 99 20 63 
66 16 80 82 
63 87 66 
73 65 
82 18 28 73 
65 6 40 
77 19 70 42 
40 4 77 
42 58 48 
48 35 86 9 
9 92 1 
26 62 50 
1 95 78 
78 26 
50 5 
5 84 47 
70 91 57 
11 24 
85 11 
69 96 72 49 
47 41 
56 98 15 34 
43 90 
49 74 
57 43 
80 46 
24 89 
41 31 
62 8 
79 59 
31 23 
4 75 
89 17 
28 61 
75 2 
34 54 
86 55 
84 37 
19 
59 
72 
91 71 
15 
30 
96 
46 94 
90 27 
52 
32 81 
64 12 
16 93 
81 
87 97 
8 
53 
83 
20 
2 
37 
74 88 
55 
99 
58 
45 60 
54 
71 
6 
94 
92 
61 
13 
51 
95 
17 
88 13 
44 
23 
12 38 
38 
35 
60 
93 
39 
18 
27 
97 
98 
# clone tree 42 objective: 5.07409
0 85 10 
10 56 7 
7 44 52 36 
36 67 
67 39 33 
33 32 79 76 
76 30 29 
3 22 
29 60 14 
14 3 
22 45 83 68 
68 64 21 
21 53 69 25 
25 51 99 20 63 
66 16 80 82 
63 87 66 
73 65 
82 28 73 
65 6 40 
77 19 70 42 
40 18 4 77 
42 58 48 
48 35 86 9 
9 92 1 
26 62 50 
1 95 78 
78 26 
50 5 
5 84 47 
70 91 57 
11 24 
85 11 
69 96 72 49 
47 41 
56 15 34 
43 90 
49 74 
57 43 
80 97 46 
24 89 
41 31 
62 8 
79 59 
31 23 
4 75 
89 17 
28 61 
75 2 
34 27 54 
86 55 
84 37 
19 98 
59 
72 
91 71 
15 
30 
96 
46 94 
90 
52 
32 81 
64 12 
16 
81 
87 
8 
53 
83 
20 
2 
37 
74 88 
55 
99 
58 
45 
54 
71 93 
6 
94 
92 
61 
13 
51 
95 
17 
88 13 
44 
23 
12 38 
38 
35 
60 
93 
39 
18 
27 
97 
98 
# clone tree 43 objective: 5.07409
0 85 10 
10 56 7 
7 44 52 36 
36 67 
67 39 33 
33 32 79 76 
76 30 29 
3 22 
29 60 14 
14 3 
22 45 83 68 
68 64 21 
21 27 53 69 25 
25 51 99 20 63 
66 16 80 82 
63 87 66 
73 65 
82 28 73 
65 6 40 
77 19 70 42 
40 4 77 
42 58 48 
48 35 86 9 
9 92 1 
26 62 50 
1 95 78 
78 26 
50 5 
5 84 47 
70 91 57 
11 24 
85 11 
69 96 72 49 
47 41 
56 15 34 
43 90 
49 74 
57 43 
80 46 
24 89 
41 31 
62 8 
79 59 
31 23 
4 75 
89 17 
28 61 
75 2 
34 54 
86 55 
84 37 
19 
59 
72 
91 71 
15 
30 
96 
46 94 
90 
52 
32 81 
64 12 
16 
81 
87 
8 
53 
83 
20 
2 
37 
74 88 
55 
99 
58 97 
45 
54 
71 93 
6 
94 98 
92 
61 
13 
51 
95 
17 
88 13 
44 
23 
12 38 
38 
35 
60 
93 
39 
18 
27 
97 18 
98 
# clone tree 44 objective: 5.07409
0 85 10 
10 56 7 
7 52 36 
36 67 
67 33 
33 39 32 79 76 
76 30 29 
3 22 
29 27 14 
14 3 
22 45 83 68 
68 92 64 21 
21 53 69 25 
25 51 99 20 63 
66 16 80 82 
63 87 66 
73 65 
82 28 73 
65 6 40 
77 19 70 42 
40 4 77 
42 58 48 
48 35 86 9 
9 1 
26 62 50 
1 95 78 
78 26 
50 5 
5 84 47 
70 91 57 
11 24 
85 11 
69 96 72 49 
47 41 
56 15 34 
43 60 90 
49 74 
57 43 
80 93 46 
24 89 
41 31 
62 8 
79 59 
31 23 
4 75 
89 17 
28 61 
75 2 
34 54 
86 98 55 
84 37 
19 
59 
72 
91 71 
15 
30 
96 
46 94 
90 18 
52 44 
32 97 81 
64 12 
16 
81 
87 
8 
53 
83 
20 
2 
37 
74 88 
55 
99 
58 
45 
54 
71 
6 
94 
92 
61 
13 
51 
95 
17 
88 13 
44 
23 
12 38 
38 
35 
60 
93 
39 
18 
27 
97 
98 
# clone tree 45 objective: 5.07409
0 85 10 
10 56 7 
7 44 52 36 
36 67 
67 39 33 
33 32 79 76 
76 30 29 
3 22 
29 60 14 
14 3 
22 45 83 68 
68 64 21 
21 27 53 69 25 
25 51 99 20 63 
66 16 80 82 
63 87 66 
73 65 
82 28 73 
65 6 40 
77 19 70 42 
40 4 77 
42 58 48 
48 35 86 9 
9 92 1 
26 62 50 
1 95 78 
78 26 
50 5 
5 84 47 
70 91 57 
11 24 
85 11 
69 96 72 49 
47 41 
56 15 34 
43 90 
49 74 
57 43 
80 46 
24 89 
41 31 
62 8 
79 59 
31 98 23 
4 75 
89 17 
28 61 
75 2 
34 54 
86 55 
84 37 
19 
59 
72 
91 71 
15 
30 
96 
46 94 
90 
52 
32 81 
64 12 
16 
81 
87 
8 
53 
83 
20 18 
2 
37 
74 88 
55 
99 
58 
45 
54 
71 93 
6 
94 
92 
61 
13 
51 
95 
17 
88 13 
44 
23 
12 38 
38 
35 
60 
93 
39 
18 97 
27 
97 
98 
# clone tree 46 objective: 5.07409
0 85 10 
10 56 7 
7 44 52 36 
36 67 
67 39 33 
33 32 79 76 
76 30 29 
3 22 
29 60 14 
14 3 
22 45 83 68 
68 64 21 
21 53 69 25 
25 51 99 20 63 
66 16 80 82 
63 87 66 
73 65 
82 28 73 
65 6 40 
77 19 70 42 
40 18 4 77 
42 58 48 
48 35 86 9 
9 92 1 
26 62 50 
1 95 78 
78 26 
50 5 
5 84 47 
70 91 57 
11 24 
85 11 
69 96 72 49 
47 41 
56 15 34 
43 90 
49 74 
57 43 
80 97 46 
24 89 
41 31 
62 8 
79 59 
31 23 
4 75 
89 17 
28 61 
75 2 
34 27 54 
86 55 
84 37 
19 
59 
72 
91 71 
15 
30 
96 
46 94 
90 
52 
32 81 
64 12 
16 
81 
87 
8 
53 
83 
20 
2 
37 
74 88 
55 
99 
58 
45 
54 
71 93 
6 
94 98 
92 
61 
13 
51 
95 
17 
88 13 
44 
23 
12 38 
38 
35 
60 
93 
39 
18 
27 
97 
98 
# clone tree 47 objective: 5.07409
0 85 10 
10 56 7 
7 44 52 36 
36 67 
67 33 
33 32 79 76 
76 30 29 
3 22 
29 14 
14 60 3 
22 45 83 68 
68 64 21 
21 53 69 25 
25 51 99 20 63 
66 16 80 82 
63 87 66 
73 65 
82 28 73 
65 6 40 
77 19 70 42 
40 4 77 
42 58 48 
48 35 86 9 
9 92 1 
26 62 50 
1 93 95 78 
78 26 
50 5 
5 84 47 
70 39 91 57 
11 24 
85 11 
69 96 72 49 
47 41 
56 15 34 
43 90 
49 74 
57 43 
80 46 
24 89 
41 31 
62 8 
79 59 
31 23 
4 75 
89 18 17 
28 61 
75 2 
34 54 
86 55 
84 37 
19 
59 
72 
91 71 
15 
30 
96 
46 27 94 
90 
52 
32 81 
64 12 
16 
81 
87 
8 
53 
83 
20 
2 
37 
74 88 
55 
99 
58 
45 
54 
71 
6 
94 
92 
61 
13 
51 
95 97 
17 
88 13 
44 
23 
12 98 38 
38 
35 
60 
93 
39 
18 
27 
97 
98 
# clone tree 48 objective: 5.07409
0 85 10 
10 56 7 
7 52 36 
36 67 
67 18 33 
33 32 79 76 
76 30 29 
3 22 
29 14 
14 3 
22 45 83 68 
68 92 64 21 
21 53 69 25 
25 51 99 20 63 
66 16 80 82 
63 87 66 
73 65 
82 28 73 
65 6 40 
77 19 70 42 
40 4 77 
42 58 48 
48 35 86 9 
9 1 
26 62 50 
1 95 78 
78 39 26 
50 5 
5 84 47 
70 91 57 
11 24 
85 60 11 
69 96 72 49 
47 41 
56 15 34 
43 90 
49 74 
57 43 
80 46 
24 89 
41 31 
62 8 
79 59 
31 23 
4 75 
89 17 
28 93 61 
75 2 
34 54 
86 55 
84 37 
19 
59 
72 
91 71 
15 
30 
96 98 
46 94 
90 
52 44 
32 81 
64 12 
16 
81 
87 
8 
53 
83 
20 
2 
37 
74 88 
55 
99 
58 
45 
54 
71 
6 
94 
92 
61 
13 
51 
95 
17 
88 97 13 
44 
23 
12 38 
38 
35 
60 
93 
39 
18 27 
27 
97 
98 
# clone tree 49 objective: 5.07409
0 85 10 
10 56 7 
7 44 52 36 
36 67 
67 33 
33 32 79 76 
76 30 29 
3 22 
29 14 
14 60 3 
22 45 83 68 
68 64 21 
21 53 69 25 
25 51 99 20 63 
66 16 80 82 
63 87 66 
73 65 
82 28 73 
65 6 40 
77 19 70 42 
40 4 77 
42 58 48 
48 35 86 9 
9 92 1 
26 62 50 
1 93 95 78 
78 26 
50 5 
5 84 47 
70 39 91 57 
11 24 
85 11 
69 96 72 49 
47 41 
56 15 34 
43 90 
49 74 
57 98 43 
80 46 
24 89 
41 31 
62 8 
79 59 
31 23 
4 75 
89 18 17 
28 61 
75 2 
34 54 
86 55 
84 37 
19 
59 
72 
91 71 
15 
30 
96 
46 27 94 
90 
52 
32 81 
64 12 
16 
81 
87 
8 
53 
83 
20 
2 
37 
74 88 
55 
99 
58 
45 
54 
71 
6 
94 
92 
61 
13 
51 
95 97 
17 
88 13 
44 
23 
12 38 
38 
35 
60 
93 
39 
18 
27 
97 
98 
