0 42 
42 56 41 43 92 75 
75 65 7 
58 48 78 
77 73 79 
59 58 
79 59 
7 77 
78 2 27 
27 31 11 
11 81 85 51 
51 74 16 
16 22 53 
53 98 34 84 
70 95 47 
69 14 
84 19 
19 70 
14 40 13 
47 6 69 
34 49 28 
13 60 38 68 
28 46 
46 9 44 
44 82 
80 20 
68 80 
82 12 91 
20 66 67 
91 99 52 
52 35 
67 54 72 
35 36 
36 76 5 
72 93 
93 97 89 
22 37 26 
5 71 18 
89 64 
26 17 
85 8 
31 3 
18 24 29 
38 10 
64 32 
73 
32 33 
8 21 
10 25 
21 15 
17 55 
29 23 45 
9 62 
25 90 
3 83 
55 63 88 
49 96 
15 
92 4 
62 94 
48 50 
65 39 
33 86 
81 
66 57 
50 
96 
83 
86 87 
45 
4 
43 
94 
74 
39 
37 
12 
88 
24 1 
90 
63 
57 
41 
40 
23 61 
95 
87 
56 
99 
54 
60 
2 
71 
61 
76 
6 
97 
1 30 
98 
30 
