0 17 74 85 
85 94 54 40 76 47 
47 97 5 
5 64 84 65 59 
59 93 15 30 22 26 
26 1 37 53 
53 34 68 82 36 
36 31 6 48 
48 89 87 20 
20 35 
35 50 
62 67 
60 4 
50 28 
57 90 62 
28 57 
67 98 60 
4 61 
6 25 71 
81 42 79 91 
91 83 
24 45 
61 24 
22 81 
2 7 77 
45 41 
41 2 
19 43 88 
71 19 
83 52 
77 13 
13 21 
76 16 
74 29 73 
16 49 
21 39 66 
65 51 58 
52 32 11 
37 72 
82 12 
40 75 
73 70 
49 95 
66 46 86 
25 
72 18 
11 96 
58 
75 55 
88 38 
86 78 
70 
87 
18 
1 
32 
31 23 
54 
55 
7 10 
30 
38 3 
89 
97 44 
96 
15 
95 14 
10 
94 
3 
43 92 80 
29 
51 
12 99 
17 
98 
79 33 
84 63 
14 
64 
93 
68 
34 
90 8 69 
23 
46 27 
39 
42 
44 9 
63 
80 
33 
27 
99 56 
78 
69 
56 
8 
9 
92 
