# clone tree 0 objective: 2.83777
0 89 66 55 
55 26 35 30 72 53 
53 33 17 62 
62 18 43 83 39 6 68 
68 37 59 
59 77 96 32 9 
17 63 34 78 
9 14 49 3 
78 82 
3 40 
82 5 73 
73 24 56 
40 22 8 
8 31 
56 1 71 
31 7 70 
71 84 23 
70 4 
4 54 
54 25 61 75 
72 45 50 
23 36 
37 98 69 87 
50 28 
28 57 
36 95 
75 85 91 
95 86 10 48 
30 2 46 
91 38 
32 21 
21 11 97 
87 58 
66 94 
57 76 
33 44 
38 79 
48 42 
46 27 81 
76 67 
94 
22 15 
49 99 
45 29 
89 90 51 
58 64 
44 13 19 
96 
42 
67 60 
10 
79 20 
97 
81 74 
15 65 
1 41 
5 16 
35 
7 
74 
69 
51 47 
61 
6 
19 92 
64 52 
20 
39 
83 
90 
16 
24 93 
85 
27 
98 
11 
2 80 
41 88 
77 
52 
99 
43 
34 
18 
29 
26 
60 
65 
93 
63 
92 
14 
84 
25 
47 
88 
86 
13 12 
80 
12 
# clone tree 1 objective: 2.83777
0 89 66 55 
55 26 35 30 72 53 
53 33 17 62 
62 14 63 18 43 83 39 6 68 
68 37 59 
59 84 77 96 32 9 
17 34 78 
9 49 3 
78 82 
3 40 
82 5 73 
73 24 56 
40 22 8 
8 31 
56 1 71 
31 7 70 
71 23 
70 4 
4 54 
54 12 25 61 75 
72 45 50 
23 36 
37 98 69 87 
50 28 
28 57 
36 95 
75 85 91 
95 10 48 
30 2 46 
91 38 
32 21 
21 11 97 
87 58 
66 94 
57 65 76 
33 44 
38 79 
48 42 
46 27 81 
76 67 
94 
22 15 
49 80 99 
45 29 
89 90 51 
58 64 
44 19 
96 
42 
67 60 
10 
79 20 
97 47 
81 74 
15 
1 88 41 
5 16 
35 
7 
74 
69 
51 86 
61 
6 
19 
64 52 
20 
39 
83 
90 
16 
24 93 
85 
27 
98 
11 13 
2 
41 
77 
52 
99 
43 
34 
18 92 
29 
26 
60 
65 
93 
63 
92 
14 
84 
25 
47 
88 
86 
13 
80 
12 
# clone tree 2 objective: 2.83777
0 14 89 66 55 
55 26 35 30 72 53 
53 13 33 17 62 
62 63 18 43 83 39 6 68 
68 37 59 
59 77 96 32 9 
17 34 78 
9 49 3 
78 82 
3 40 
82 5 73 
73 24 56 
40 22 8 
8 31 
56 1 71 
31 7 70 
71 80 23 
70 4 
4 54 
54 25 61 75 
72 45 50 
23 36 
37 98 69 87 
50 28 
28 88 57 
36 95 
75 85 91 
95 10 48 
30 2 46 
91 38 
32 21 
21 11 97 
87 58 
66 94 
57 65 76 
33 44 
38 79 
48 42 
46 27 81 
76 67 
94 
22 15 
49 99 
45 29 
89 90 51 
58 64 
44 19 
96 
42 84 
67 60 
10 
79 20 
97 
81 74 
15 
1 41 
5 16 
35 
7 47 
74 
69 
51 
61 
6 
19 
64 52 
20 
39 12 
83 
90 86 
16 
24 93 
85 
27 
98 
11 
2 
41 
77 
52 
99 
43 
34 
18 92 
29 
26 
60 
65 
93 
63 
92 
14 
84 
25 
47 
88 
86 
13 
80 
12 
# clone tree 3 objective: 2.83777
0 89 66 55 
55 26 35 30 72 53 
53 33 17 62 
62 18 43 83 39 6 68 
68 37 59 
59 77 96 32 9 
17 63 34 78 
9 14 49 3 
78 82 
3 40 
82 5 73 
73 24 56 
40 22 8 
8 31 
56 1 71 
31 7 70 
71 84 23 
70 4 
4 54 
54 25 61 75 
72 45 50 
23 36 
37 98 69 87 
50 28 
28 57 
36 95 
75 85 91 
95 86 10 48 
30 2 46 
91 38 
32 21 
21 11 97 
87 58 
66 94 
57 76 
33 44 
38 79 
48 42 
46 27 81 
76 67 
94 
22 15 
49 99 
45 29 
89 90 51 
58 64 
44 13 19 
96 
42 
67 60 
10 
79 20 
97 
81 74 
15 65 
1 41 
5 16 
35 
7 
74 
69 
51 47 
61 
6 
19 92 
64 52 
20 
39 
83 
90 
16 
24 93 
85 
27 
98 
11 
2 80 
41 12 88 
77 
52 
99 
43 
34 
18 
29 
26 
60 
65 
93 
63 
92 
14 
84 
25 
47 
88 
86 
13 
80 
12 
# clone tree 4 objective: 2.83777
0 89 66 55 
55 26 35 30 72 53 
53 33 17 62 
62 14 63 18 43 83 39 6 68 
68 37 59 
59 84 77 96 32 9 
17 34 78 
9 49 3 
78 82 
3 40 
82 5 73 
73 24 56 
40 22 8 
8 31 
56 1 71 
31 7 70 
71 23 
70 4 
4 54 
54 25 61 75 
72 45 50 
23 36 
37 98 69 87 
50 28 
28 57 
36 95 
75 85 91 
95 10 48 
30 2 46 
91 38 
32 21 
21 11 97 
87 58 
66 94 
57 65 76 
33 44 
38 79 
48 42 
46 27 81 
76 67 
94 
22 15 
49 99 
45 29 
89 90 51 
58 64 
44 19 
96 
42 
67 60 
10 80 
79 20 
97 47 
81 74 
15 
1 88 41 
5 16 
35 
7 
74 
69 
51 86 
61 
6 
19 
64 52 
20 
39 
83 
90 
16 
24 93 
85 
27 
98 
11 13 
2 
41 
77 
52 
99 
43 
34 
18 92 
29 
26 
60 
65 
93 
63 
92 
14 
84 
25 
47 
88 
86 
13 12 
80 
12 
# clone tree 5 objective: 2.83777
0 89 66 55 
55 26 35 30 72 53 
53 33 17 62 
62 18 43 83 39 6 68 
68 37 59 
59 77 96 32 9 
17 63 34 78 
9 14 49 3 
78 82 
3 40 
82 5 73 
73 24 56 
40 22 8 
8 31 
56 1 71 
31 7 70 
71 84 23 
70 4 
4 54 
54 25 61 75 
72 45 50 
23 36 
37 98 69 87 
50 28 
28 57 
36 95 
75 85 91 
95 86 10 48 
30 2 46 
91 38 
32 21 
21 11 97 
87 58 
66 94 
57 76 
33 44 
38 79 
48 42 
46 27 81 
76 67 
94 
22 15 
49 99 
45 29 
89 90 51 
58 12 64 
44 13 19 
96 
42 
67 60 
10 
79 20 
97 
81 74 
15 65 
1 41 
5 16 
35 
7 
74 
69 
51 47 
61 
6 
19 92 
64 52 
20 
39 
83 
90 
16 
24 93 
85 
27 
98 
11 80 
2 
41 88 
77 
52 
99 
43 
34 
18 
29 
26 
60 
65 
93 
63 
92 
14 
84 
25 
47 
88 
86 
13 
80 
12 
# clone tree 6 objective: 2.83777
0 89 66 55 
55 26 35 30 72 53 
53 33 17 62 
62 14 63 18 43 83 39 6 68 
68 37 59 
59 12 84 77 96 32 9 
17 34 78 
9 49 3 
78 82 
3 40 
82 5 73 
73 24 56 
40 22 8 
8 31 
56 1 71 
31 7 70 
71 23 
70 4 
4 54 
54 25 61 75 
72 45 50 
23 36 
37 98 69 87 
50 28 
28 57 
36 95 
75 85 91 
95 10 48 
30 2 46 
91 38 
32 21 
21 11 97 
87 58 
66 94 
57 65 76 
33 44 
38 79 
48 42 
46 27 81 
76 67 
94 
22 15 
49 99 
45 29 
89 80 90 51 
58 64 
44 19 
96 
42 
67 60 
10 
79 20 
97 47 
81 74 
15 
1 88 41 
5 16 
35 
7 
74 
69 
51 86 
61 
6 
19 
64 52 
20 
39 
83 
90 
16 
24 93 
85 
27 
98 
11 13 
2 
41 
77 
52 
99 
43 
34 
18 92 
29 
26 
60 
65 
93 
63 
92 
14 
84 
25 
47 
88 
86 
13 
80 
12 
# clone tree 7 objective: 2.83777
0 89 66 55 
55 26 35 30 72 53 
53 33 17 62 
62 18 43 83 39 6 68 
68 37 59 
59 77 96 32 9 
17 63 34 78 
9 14 49 3 
78 82 
3 40 
82 5 73 
73 24 56 
40 22 8 
8 31 
56 1 71 
31 7 70 
71 84 23 
70 4 
4 54 
54 25 61 75 
72 45 50 
23 36 
37 98 69 87 
50 28 
28 57 
36 95 
75 85 91 
95 86 10 48 
30 2 46 
91 38 
32 21 
21 11 97 
87 58 
66 94 
57 76 
33 44 
38 79 
48 42 
46 27 81 
76 67 
94 
22 15 
49 99 
45 29 
89 90 51 
58 64 
44 13 19 
96 
42 
67 60 
10 
79 20 
97 
81 74 
15 65 
1 41 
5 16 
35 
7 
74 
69 
51 47 
61 
6 
19 92 
64 52 
20 
39 12 
83 
90 
16 
24 93 
85 
27 
98 
11 
2 80 
41 88 
77 
52 
99 
43 
34 
18 
29 
26 
60 
65 
93 
63 
92 
14 
84 
25 
47 
88 
86 
13 
80 
12 
# clone tree 8 objective: 2.83777
0 89 66 55 
55 26 35 30 72 53 
53 33 17 62 
62 14 63 18 43 83 39 6 68 
68 37 59 
59 84 77 96 32 9 
17 34 78 
9 49 3 
78 82 
3 40 
82 5 73 
73 24 56 
40 22 8 
8 31 
56 1 71 
31 7 70 
71 23 
70 4 
4 54 
54 25 61 75 
72 45 50 
23 36 
37 98 69 87 
50 28 
28 57 
36 95 
75 85 91 
95 10 48 
30 2 46 
91 38 
32 21 
21 11 97 
87 58 
66 94 
57 65 76 
33 44 
38 79 
48 42 
46 27 81 
76 67 
94 
22 15 
49 99 
45 29 
89 90 51 
58 64 
44 19 
96 
42 
67 60 
10 80 
79 20 
97 12 47 
81 74 
15 
1 88 41 
5 16 
35 
7 
74 
69 
51 86 
61 
6 
19 
64 52 
20 
39 
83 
90 
16 
24 93 
85 
27 
98 
11 13 
2 
41 
77 
52 
99 
43 
34 
18 92 
29 
26 
60 
65 
93 
63 
92 
14 
84 
25 
47 
88 
86 
13 
80 
12 
# clone tree 9 objective: 2.83777
0 89 66 55 
55 26 35 30 72 53 
53 33 17 62 
62 14 63 18 43 83 39 6 68 
68 37 59 
59 84 77 96 32 9 
17 34 78 
9 49 3 
78 82 
3 40 
82 5 73 
73 24 56 
40 22 8 
8 31 
56 1 71 
31 7 70 
71 23 
70 4 
4 54 
54 25 61 75 
72 45 50 
23 36 
37 98 69 87 
50 28 
28 57 
36 95 
75 85 91 
95 10 48 
30 2 46 
91 38 
32 21 
21 11 97 
87 58 
66 94 
57 65 76 
33 44 
38 79 
48 42 
46 27 81 
76 67 
94 
22 15 
49 99 
45 29 
89 90 51 
58 64 
44 19 
96 
42 
67 60 
10 80 
79 20 
97 47 
81 74 
15 
1 88 41 
5 16 
35 
7 
74 
69 
51 86 
61 
6 
19 
64 52 
20 
39 
83 
90 
16 
24 93 
85 
27 
98 
11 13 
2 
41 
77 
52 
99 
43 
34 
18 92 
29 
26 
60 
65 
93 
63 
92 12 
14 
84 
25 
47 
88 
86 
13 
80 
12 
