0 36 40 
40 27 75 39 82 8 81 
81 53 78 70 
61 32 18 
70 61 
18 94 37 84 
84 44 90 
90 88 55 10 
10 98 96 
96 91 
91 23 76 
76 68 21 
8 56 58 16 
21 63 42 22 
16 25 99 43 
43 72 
55 9 
72 28 74 
22 15 
68 64 67 
9 93 12 26 
74 83 
15 77 46 
82 3 1 
1 35 52 
39 4 
67 97 60 
46 69 17 
83 80 
52 79 
80 49 
50 71 86 
17 24 20 
4 50 
26 19 
79 47 
58 31 14 
88 33 
75 41 2 
60 65 34 
19 57 
49 66 
34 38 
62 
33 51 
56 7 
57 62 
42 48 
32 11 
2 
7 95 
86 73 
98 30 
12 5 
20 
51 
95 87 
47 29 54 
78 45 
66 
63 59 
37 85 
36 13 
48 
11 
44 6 
73 
93 
14 
38 
31 92 
87 
94 
59 
30 
69 
53 
99 
71 
28 
54 
13 
97 
41 
3 
65 
77 
24 
85 89 
89 
35 
64 
45 
5 
27 
23 
29 
92 
25 
6 
