# clone tree 0 objective: 2.80518
0 99 87 59 58 56 
56 61 74 
74 44 23 9 42 14 
29 75 
14 79 29 
42 57 34 
75 77 71 
71 85 46 91 
16 48 
34 13 16 
91 89 93 64 
19 81 
48 65 19 
96 97 32 66 72 
81 96 
64 21 86 4 50 
72 92 1 
50 62 22 
1 40 
40 38 15 
58 45 63 
22 53 33 
4 90 20 80 
63 52 
66 43 17 82 
93 24 
15 30 
33 78 73 
52 37 
59 36 
82 7 
36 35 12 
24 26 
46 18 
87 51 25 
86 69 47 60 
37 84 
32 49 
12 6 
80 54 
77 
61 55 
65 76 
54 83 
9 
92 3 
30 41 
38 88 
11 27 
26 28 
76 98 
88 
5 95 
18 67 
73 11 
53 
60 
7 
62 5 
23 
41 10 
44 31 
98 94 
25 
28 
3 
89 68 
83 8 
84 
49 70 
27 
20 
47 
51 
97 
21 
17 2 
6 39 
90 
43 
94 
57 
99 
10 
8 
67 
95 
31 
13 
55 
68 
35 
78 
79 
45 
70 
85 
2 
69 
39 
# clone tree 1 objective: 2.80518
0 99 87 59 58 56 
56 61 74 
74 44 23 9 42 14 
29 75 
14 79 29 
42 57 34 
75 77 71 
71 85 46 91 
16 48 
34 13 16 
91 89 93 64 
19 81 
48 65 19 
96 97 32 66 72 
81 96 
64 21 86 4 50 
72 92 1 
50 62 22 
1 40 
40 38 15 
58 45 63 
22 53 33 
4 90 20 80 
63 52 
66 43 17 82 
93 24 
15 30 
33 78 73 
52 37 
59 36 
82 7 
36 35 12 
24 26 
46 18 
87 51 25 
86 69 47 60 
37 84 
32 49 
12 6 
80 54 
77 
61 55 
65 76 
54 83 
9 
92 3 
30 41 
38 88 
11 27 
26 28 
76 98 
88 
5 95 
18 67 
73 11 
53 
60 
7 
62 5 
23 
41 10 
44 31 
98 94 
25 
28 
3 
89 68 
83 8 
84 
49 70 
27 
20 
47 
51 
97 
21 
17 2 
6 
90 
43 
94 
57 
99 
10 
8 
67 
95 
31 
13 
55 
68 
35 
78 
79 
45 
70 
85 
2 39 
69 
39 
# clone tree 2 objective: 2.80518
0 99 87 59 58 56 
56 61 74 
74 44 23 9 42 14 
29 75 
14 79 29 
42 57 34 
75 77 71 
71 85 46 91 
16 69 48 
34 13 16 
91 89 93 64 
19 81 
48 65 19 
96 97 32 66 72 
81 96 
64 21 86 4 50 
72 92 1 
50 62 22 
1 40 
40 38 15 
58 45 63 
22 53 33 
4 90 20 80 
63 52 
66 43 17 82 
93 24 
15 30 
33 78 73 
52 37 
59 36 
82 39 2 7 
36 35 12 
24 26 
46 18 
87 51 25 
86 47 60 
37 84 
32 49 
12 6 
80 54 
77 
61 55 
65 76 
54 83 
9 
92 3 
30 41 
38 88 
11 27 
26 28 
76 98 
88 
5 95 
18 67 
73 11 
53 
60 
7 
62 5 
23 
41 10 
44 31 
98 94 
25 
28 
3 
89 68 
83 8 
84 
49 70 
27 
20 
47 
51 
97 
21 
17 
6 
90 
43 
94 
57 
99 
10 
8 
67 
95 
31 
13 
55 
68 
35 
78 
79 
45 
70 
85 
2 
69 
39 
# clone tree 3 objective: 2.80518
0 99 87 59 58 56 
56 61 74 
74 39 44 23 9 42 14 
29 75 
14 79 29 
42 57 34 
75 77 71 
71 85 46 91 
16 48 
34 13 16 
91 89 93 64 
19 81 
48 65 19 
96 97 32 66 72 
81 96 
64 21 86 4 50 
72 92 1 
50 62 22 
1 40 
40 2 38 15 
58 45 63 
22 53 33 
4 90 20 80 
63 52 
66 43 17 82 
93 24 
15 30 
33 78 73 
52 37 
59 36 
82 7 
36 35 12 
24 26 
46 18 
87 51 25 
86 47 60 
37 84 
32 49 
12 6 
80 54 
77 
61 55 
65 76 
54 83 
9 
92 3 
30 41 
38 88 
11 27 
26 28 
76 98 
88 
5 95 
18 67 
73 11 
53 
60 
7 
62 5 
23 
41 10 
44 31 
98 94 
25 
28 
3 
89 68 
83 8 
84 
49 70 
27 69 
20 
47 
51 
97 
21 
17 
6 
90 
43 
94 
57 
99 
10 
8 
67 
95 
31 
13 
55 
68 
35 
78 
79 
45 
70 
85 
2 
69 
39 
# clone tree 4 objective: 2.80518
0 99 87 59 58 56 
56 61 74 
74 44 23 9 42 14 
29 75 
14 79 29 
42 57 34 
75 77 71 
71 85 46 91 
16 48 
34 13 16 
91 89 93 64 
19 81 
48 65 19 
96 97 32 66 72 
81 96 
64 21 86 4 50 
72 92 1 
50 62 22 
1 40 
40 38 15 
58 45 63 
22 53 33 
4 39 90 20 80 
63 52 
66 43 17 82 
93 24 
15 30 
33 78 73 
52 37 
59 36 
82 2 7 
36 35 12 
24 26 
46 18 
87 51 25 
86 47 60 
37 84 
32 49 
12 6 
80 54 
77 
61 55 
65 76 
54 83 
9 
92 3 
30 41 
38 88 
11 27 
26 28 
76 98 
88 
5 95 
18 67 
73 11 
53 
60 
7 
62 5 
23 
41 10 
44 31 
98 94 
25 
28 
3 
89 68 
83 8 
84 
49 70 
27 69 
20 
47 
51 
97 
21 
17 
6 
90 
43 
94 
57 
99 
10 
8 
67 
95 
31 
13 
55 
68 
35 
78 
79 
45 
70 
85 
2 
69 
39 
# clone tree 5 objective: 2.80518
0 99 87 59 58 56 
56 61 74 
74 44 23 9 42 14 
29 39 75 
14 79 29 
42 57 34 
75 77 71 
71 46 91 
16 48 
34 13 16 
91 89 93 64 
19 81 
48 65 19 
96 97 32 66 72 
81 96 
64 21 86 4 50 
72 92 1 
50 62 22 
1 40 
40 38 15 
58 45 63 
22 53 33 
4 90 20 80 
63 52 
66 43 17 82 
93 24 
15 30 
33 78 73 
52 37 
59 36 
82 7 
36 2 35 12 
24 26 
46 18 
87 51 25 
86 47 60 
37 84 
32 49 
12 6 
80 54 
77 
61 55 
65 76 
54 83 
9 85 
92 3 
30 41 
38 88 
11 27 
26 28 
76 98 
88 
5 95 
18 67 
73 11 
53 
60 
7 
62 5 
23 
41 10 
44 31 
98 94 
25 
28 
3 
89 68 
83 8 
84 
49 70 
27 
20 
47 
51 
97 
21 
17 
6 
90 69 
43 
94 
57 
99 
10 
8 
67 
95 
31 
13 
55 
68 
35 
78 
79 
45 
70 
85 
2 
69 
39 
# clone tree 6 objective: 2.80518
0 99 87 59 58 56 
56 61 74 
74 44 23 9 42 14 
29 75 
14 79 29 
42 57 34 
75 77 71 
71 85 46 91 
16 48 
34 13 16 
91 89 93 64 
19 81 
48 65 19 
96 97 32 66 72 
81 96 
64 21 86 4 50 
72 92 1 
50 62 22 
1 40 
40 2 38 15 
58 45 63 
22 53 33 
4 90 20 80 
63 52 
66 43 17 82 
93 24 
15 30 
33 78 73 
52 37 
59 39 36 
82 7 
36 35 12 
24 26 
46 18 
87 51 25 
86 47 60 
37 84 
32 49 
12 6 
80 54 
77 
61 55 
65 76 
54 83 
9 
92 3 
30 41 
38 88 
11 27 
26 28 
76 98 
88 
5 95 
18 67 
73 11 
53 
60 
7 
62 5 
23 
41 10 
44 31 
98 94 
25 
28 
3 
89 68 
83 8 
84 
49 70 
27 69 
20 
47 
51 
97 
21 
17 
6 
90 
43 
94 
57 
99 
10 
8 
67 
95 
31 
13 
55 
68 
35 
78 
79 
45 
70 
85 
2 
69 
39 
# clone tree 7 objective: 2.80518
0 99 87 59 58 56 
56 61 74 
74 44 23 9 42 14 
29 75 
14 79 29 
42 39 57 34 
75 77 71 
71 46 91 
16 48 
34 13 16 
91 89 93 64 
19 81 
48 65 19 
96 97 32 66 72 
81 96 
64 21 86 4 50 
72 92 1 
50 62 22 
1 40 
40 38 15 
58 45 63 
22 53 33 
4 90 20 80 
63 52 
66 43 17 82 
93 24 
15 30 
33 78 73 
52 37 
59 36 
82 7 
36 2 35 12 
24 26 
46 18 
87 51 25 
86 47 60 
37 84 
32 49 
12 6 
80 54 
77 
61 55 
65 76 
54 83 
9 85 
92 3 
30 41 
38 88 
11 27 
26 28 
76 98 
88 
5 95 
18 67 
73 11 
53 
60 
7 
62 5 
23 
41 10 
44 31 
98 94 
25 
28 
3 
89 68 
83 8 
84 
49 70 
27 
20 
47 
51 
97 
21 
17 
6 
90 69 
43 
94 
57 
99 
10 
8 
67 
95 
31 
13 
55 
68 
35 
78 
79 
45 
70 
85 
2 
69 
39 
# clone tree 8 objective: 2.80518
0 99 87 59 58 56 
56 61 74 
74 44 23 9 42 14 
29 75 
14 79 29 
42 57 34 
75 77 71 
71 85 46 91 
16 48 
34 13 16 
91 89 93 64 
19 81 
48 65 19 
96 97 32 66 72 
81 96 
64 21 86 4 50 
72 92 1 
50 62 22 
1 40 
40 38 15 
58 45 63 
22 53 33 
4 90 20 80 
63 52 
66 43 17 82 
93 24 
15 30 
33 78 73 
52 37 
59 36 
82 2 7 
36 35 12 
24 26 
46 18 
87 51 25 
86 47 60 
37 84 
32 49 
12 6 
80 54 
77 
61 55 
65 76 
54 83 
9 
92 3 
30 41 
38 88 
11 27 
26 28 
76 39 98 
88 
5 95 
18 67 
73 11 
53 
60 
7 
62 5 
23 
41 10 
44 31 
98 94 
25 
28 
3 
89 68 
83 8 
84 
49 70 
27 69 
20 
47 
51 
97 
21 
17 
6 
90 
43 
94 
57 
99 
10 
8 
67 
95 
31 
13 
55 
68 
35 
78 
79 
45 
70 
85 
2 
69 
39 
# clone tree 9 objective: 2.80518
0 99 87 59 58 56 
56 61 74 
74 44 23 9 42 14 
29 75 
14 79 29 
42 57 34 
75 39 77 71 
71 46 91 
16 48 
34 13 16 
91 89 93 64 
19 81 
48 65 19 
96 97 32 66 72 
81 96 
64 21 86 4 50 
72 92 1 
50 62 22 
1 40 
40 38 15 
58 45 63 
22 53 33 
4 90 20 80 
63 52 
66 43 17 82 
93 24 
15 30 
33 78 73 
52 37 
59 36 
82 7 
36 2 35 12 
24 26 
46 18 
87 51 25 
86 47 60 
37 84 
32 49 
12 6 
80 54 
77 
61 55 
65 76 
54 83 
9 85 
92 3 
30 41 
38 88 
11 27 
26 28 
76 98 
88 
5 95 
18 67 
73 11 
53 
60 
7 
62 5 
23 
41 10 
44 31 
98 94 
25 
28 
3 
89 68 
83 8 
84 
49 70 
27 
20 
47 
51 
97 
21 
17 
6 
90 69 
43 
94 
57 
99 
10 
8 
67 
95 
31 
13 
55 
68 
35 
78 
79 
45 
70 
85 
2 
69 
39 
