# clone tree 0 objective: 3.96152
0 97 1 84 35 
63 28 10 
35 63 
10 87 
87 62 53 21 
21 91 9 
9 65 70 
70 61 78 86 19 
19 51 71 
65 88 
28 80 69 
25 36 98 48 
74 52 
71 79 68 67 
88 43 75 25 
48 46 
46 30 4 
69 59 32 
52 41 
67 22 74 
41 11 
32 94 31 
91 37 93 45 
11 33 55 
4 60 
55 34 49 
31 64 83 
83 92 
84 47 85 
90 3 23 
45 90 
51 44 
60 6 57 
49 17 81 
92 29 
34 66 
85 58 
53 39 
93 27 20 
80 73 5 
57 89 77 
29 26 
39 24 82 
44 56 
81 13 
12 
30 12 
66 7 
26 54 
58 40 
40 50 
54 99 
56 
62 
5 96 
17 
23 42 
77 38 
98 
7 
86 
2 
82 
50 2 
64 18 
99 8 
68 
78 
73 
3 72 
15 
72 
89 15 
13 
22 
33 
37 
1 
75 
18 76 
59 16 
94 
20 
8 
6 
42 
38 
97 
24 
36 
61 14 
96 
47 
43 
79 
76 
27 
14 95 
16 
95 
# clone tree 1 objective: 3.96152
0 97 1 84 35 
63 28 10 
35 63 
10 87 
87 62 53 21 
21 91 9 
9 65 70 
70 61 78 86 19 
19 51 71 
65 88 
28 80 69 
25 36 98 48 
74 52 
71 79 68 67 
88 43 75 25 
48 46 
46 30 4 
69 59 32 
52 41 
67 22 74 
41 11 
32 94 31 
91 37 93 45 
11 33 55 
4 60 
55 34 49 
31 64 83 
83 92 
84 47 85 
90 3 23 
45 90 
51 44 
60 6 57 
49 17 81 
92 29 
34 66 
85 58 
53 39 
93 27 20 
80 73 5 
57 89 77 
29 26 
39 24 82 
44 56 
81 13 
12 
30 12 
66 7 
26 54 
58 40 
40 50 
54 99 
56 
62 
5 96 
17 
23 42 
77 38 
98 
7 
86 
2 
82 
50 2 
64 18 
99 8 
68 
78 
73 
3 72 
15 
72 
89 15 
13 
22 
33 
37 
1 95 
75 
18 76 
59 16 
94 
20 
8 
6 
42 
38 
97 
24 
36 
61 14 
96 
47 
43 
79 
76 
27 
14 
16 
95 
# clone tree 2 objective: 3.96152
0 97 1 84 35 
63 28 10 
35 36 63 
10 95 87 
87 62 53 21 
21 91 9 
9 65 70 
70 96 61 86 19 
19 51 71 
65 88 
28 80 69 
25 98 48 
74 52 
71 68 67 
88 75 25 
48 46 
46 30 4 
69 59 32 
52 41 
67 22 74 
41 11 
32 94 31 
91 37 93 45 
11 33 55 
4 60 
55 34 49 
31 64 83 
83 92 
84 27 20 85 
90 3 23 
45 78 90 
51 44 
60 6 57 
49 17 81 
92 29 
34 66 
85 58 
53 39 
93 47 
80 73 5 
57 89 77 
29 26 
39 24 82 
44 56 
81 13 
12 
30 12 
66 7 
26 54 
58 40 
40 50 
54 99 
56 
62 
5 14 
17 
23 42 
77 38 
98 
7 
86 
2 
82 
50 2 
64 18 
99 8 
68 
78 
73 79 
3 72 
15 
72 
89 15 
13 
22 
33 
37 43 
1 
75 
18 76 
59 
94 
20 
8 
6 
42 
38 
97 
24 
36 16 
61 
96 
47 
43 
79 
76 
27 
14 
16 
95 
# clone tree 3 objective: 3.96152
0 97 1 84 35 
63 28 10 
35 63 
10 87 
87 62 53 21 
21 91 9 
9 65 70 
70 61 78 86 19 
19 51 71 
65 88 
28 80 69 
25 36 98 48 
74 52 
71 27 68 67 
88 43 75 25 
48 46 
46 30 4 
69 59 32 
52 16 79 41 
67 22 74 
41 11 
32 94 31 
91 37 93 45 
11 33 55 
4 60 
55 34 49 
31 64 83 
83 92 
84 85 
90 3 23 
45 90 
51 44 
60 6 57 
49 17 81 
92 29 
34 47 66 
85 58 
53 39 
93 20 
80 73 5 
57 89 77 
29 26 
39 24 82 
44 56 
81 13 
12 
30 12 
66 14 7 
26 54 
58 40 
40 50 
54 99 
56 
62 
5 96 
17 
23 42 
77 38 
98 
7 
86 
2 
82 
50 2 
64 18 
99 8 
68 
78 
73 
3 72 
15 
72 
89 15 
13 
22 
33 
37 
1 
75 
18 76 
59 
94 
20 
8 
6 95 
42 
38 
97 
24 
36 
61 
96 
47 
43 
79 
76 
27 
14 
16 
95 
# clone tree 4 objective: 3.96152
0 97 1 84 35 
63 28 10 
35 36 63 
10 87 
87 62 53 21 
21 91 9 
9 65 70 
70 96 61 86 19 
19 51 71 
65 95 88 
28 80 69 
25 98 48 
74 52 
71 68 67 
88 75 25 
48 46 
46 30 4 
69 59 32 
52 41 
67 22 74 
41 11 
32 94 31 
91 37 93 45 
11 33 55 
4 60 
55 34 49 
31 64 83 
83 92 
84 27 20 85 
90 3 23 
45 78 90 
51 44 
60 6 57 
49 17 81 
92 29 
34 66 
85 58 
53 39 
93 47 
80 73 5 
57 89 77 
29 26 
39 24 82 
44 56 
81 13 
12 
30 12 
66 7 
26 54 
58 40 
40 50 
54 99 
56 
62 
5 14 
17 
23 42 
77 38 
98 
7 
86 
2 
82 
50 2 
64 18 
99 8 
68 
78 
73 79 
3 72 
15 
72 
89 15 
13 
22 
33 
37 43 
1 
75 
18 76 
59 
94 
20 
8 
6 
42 
38 
97 
24 
36 16 
61 
96 
47 
43 
79 
76 
27 
14 
16 
95 
# clone tree 5 objective: 3.96152
0 97 1 84 35 
63 28 10 
35 36 63 
10 87 
87 62 53 21 
21 91 9 
9 65 70 
70 14 61 86 19 
19 51 71 
65 88 
28 80 69 
25 98 48 
74 52 
71 68 67 
88 75 25 
48 46 
46 30 4 
69 59 32 
52 41 
67 22 74 
41 11 
32 47 94 31 
91 37 93 45 
11 33 55 
4 78 60 
55 34 49 
31 64 83 
83 92 
84 20 85 
90 3 23 
45 90 
51 44 
60 6 57 
49 17 81 
92 29 
34 27 96 66 
85 95 58 
53 39 
93 
80 73 5 
57 89 77 
29 26 
39 24 82 
44 56 
81 13 
12 
30 12 
66 7 
26 54 
58 40 
40 50 
54 99 
56 
62 
5 
17 
23 42 
77 38 
98 
7 
86 
2 
82 
50 2 
64 18 
99 8 
68 
78 
73 16 79 
3 72 
15 
72 
89 15 
13 
22 
33 
37 43 
1 
75 
18 76 
59 
94 
20 
8 
6 
42 
38 
97 
24 
36 
61 
96 
47 
43 
79 
76 
27 
14 
16 
95 
# clone tree 6 objective: 3.96152
0 97 84 35 
63 28 10 
35 63 
10 87 
87 62 53 21 
21 91 9 
9 36 65 70 
70 24 86 19 
19 51 71 
65 88 
28 80 69 
25 98 48 
74 52 
71 68 67 
88 43 75 25 
48 46 
46 30 4 
69 59 32 
52 41 
67 22 74 
41 11 
32 16 47 94 31 
91 37 93 45 
11 33 55 
4 60 
55 34 49 
31 64 83 
83 92 
84 85 
90 3 23 
45 78 90 
51 61 44 
60 95 6 57 
49 17 81 
92 29 
34 66 
85 58 
53 39 
93 20 
80 73 5 
57 89 77 
29 26 
39 82 
44 1 56 
81 13 
12 
30 12 
66 7 
26 54 
58 40 
40 50 
54 27 99 
56 
62 
5 
17 
23 42 
77 38 
98 
7 
86 
2 76 
82 
50 2 
64 18 
99 8 
68 
78 96 
73 14 79 
3 72 
15 
72 
89 15 
13 
22 
33 
37 
1 
75 
18 
59 
94 
20 
8 
6 
42 
38 
97 
24 
36 
61 
96 
47 
43 
79 
76 
27 
14 
16 
95 
# clone tree 7 objective: 3.96152
0 97 1 84 35 
63 28 10 
35 36 63 
10 87 
87 62 53 21 
21 95 91 9 
9 65 70 
70 61 86 19 
19 51 71 
65 88 
28 80 69 
25 98 48 
74 52 
71 79 68 67 
88 75 25 
48 46 
46 30 4 
69 59 32 
52 41 
67 22 74 
41 11 
32 94 31 
91 37 93 45 
11 33 55 
4 78 60 
55 34 49 
31 64 83 
83 92 
84 20 85 
90 3 23 
45 90 
51 44 
60 6 57 
49 17 81 
92 29 
34 47 96 66 
85 58 
53 39 
93 
80 14 73 5 
57 27 89 77 
29 26 
39 24 82 
44 56 
81 13 
12 
30 12 
66 7 
26 54 
58 40 
40 50 
54 99 
56 
62 
5 
17 
23 42 
77 38 
98 
7 
86 
2 
82 
50 2 
64 18 
99 8 
68 
78 
73 
3 72 
15 
72 
89 15 
13 
22 
33 
37 43 
1 
75 76 
18 
59 
94 
20 
8 
6 
42 
38 
97 
24 
36 
61 
96 
47 
43 16 
79 
76 
27 
14 
16 
95 
# clone tree 8 objective: 3.96152
0 97 1 84 35 
63 28 10 
35 36 63 
10 87 
87 62 53 21 
21 91 9 
9 95 65 70 
70 96 61 86 19 
19 51 71 
65 88 
28 80 69 
25 98 48 
74 52 
71 68 67 
88 75 25 
48 46 
46 30 4 
69 59 32 
52 41 
67 22 74 
41 11 
32 94 31 
91 37 93 45 
11 33 55 
4 60 
55 34 49 
31 64 83 
83 92 
84 27 20 85 
90 3 23 
45 78 90 
51 44 
60 6 57 
49 17 81 
92 29 
34 66 
85 58 
53 39 
93 47 
80 73 5 
57 89 77 
29 26 
39 24 82 
44 56 
81 13 
12 
30 12 
66 7 
26 54 
58 40 
40 50 
54 99 
56 
62 
5 14 
17 
23 42 
77 38 
98 
7 
86 
2 
82 
50 2 
64 18 
99 8 
68 
78 
73 79 
3 72 
15 
72 
89 15 
13 
22 
33 
37 43 
1 
75 
18 76 
59 
94 
20 
8 
6 
42 
38 
97 
24 
36 16 
61 
96 
47 
43 
79 
76 
27 
14 
16 
95 
# clone tree 9 objective: 3.96152
0 97 1 84 35 
63 28 10 
35 36 63 
10 87 
87 62 53 21 
21 91 9 
9 65 70 
70 96 61 86 19 
19 51 71 
65 88 
28 95 80 69 
25 98 48 
74 52 
71 68 67 
88 75 25 
48 46 
46 30 4 
69 59 32 
52 41 
67 22 74 
41 11 
32 94 31 
91 37 93 45 
11 33 55 
4 60 
55 34 49 
31 64 83 
83 92 
84 16 27 20 85 
90 3 23 
45 78 90 
51 44 
60 6 57 
49 17 81 
92 29 
34 66 
85 58 
53 39 
93 47 
80 73 5 
57 89 77 
29 26 
39 24 82 
44 56 
81 13 
12 
30 12 
66 7 
26 54 
58 40 
40 50 
54 99 
56 
62 
5 14 
17 
23 42 
77 38 
98 
7 
86 
2 
82 
50 2 
64 18 
99 8 
68 
78 
73 79 
3 72 
15 
72 
89 15 
13 
22 
33 
37 43 
1 
75 
18 76 
59 
94 
20 
8 
6 
42 
38 
97 
24 
36 
61 
96 
47 
43 
79 
76 
27 
14 
16 
95 
# clone tree 10 objective: 3.96152
0 97 1 84 35 
63 28 10 
35 36 63 
10 87 
87 95 62 53 21 
21 91 9 
9 65 70 
70 96 61 86 19 
19 51 71 
65 88 
28 80 69 
25 98 48 
74 52 
71 68 67 
88 75 25 
48 46 
46 30 4 
69 59 32 
52 41 
67 22 74 
41 11 
32 94 31 
91 37 93 45 
11 33 55 
4 60 
55 34 49 
31 64 83 
83 92 
84 27 20 85 
90 3 23 
45 78 90 
51 44 
60 6 57 
49 17 81 
92 29 
34 66 
85 58 
53 39 
93 47 
80 73 5 
57 89 77 
29 26 
39 24 82 
44 56 
81 13 
12 
30 12 
66 7 
26 54 
58 40 
40 50 
54 99 
56 
62 
5 14 
17 
23 42 
77 38 
98 
7 
86 
2 
82 
50 2 
64 18 
99 8 
68 
78 
73 79 
3 72 
15 
72 
89 15 
13 
22 
33 
37 43 
1 
75 
18 76 
59 
94 
20 
8 
6 
42 
38 
97 
24 
36 16 
61 
96 
47 
43 
79 
76 
27 
14 
16 
95 
# clone tree 11 objective: 3.96152
0 97 1 84 35 
63 28 10 
35 36 63 
10 87 
87 62 53 21 
21 91 9 
9 95 65 70 
70 61 86 19 
19 51 71 
65 88 
28 80 69 
25 98 48 
74 52 
71 79 68 67 
88 75 25 
48 46 
46 30 4 
69 59 32 
52 41 
67 22 74 
41 11 
32 94 31 
91 37 93 45 
11 33 55 
4 78 60 
55 34 49 
31 64 83 
83 92 
84 20 85 
90 3 23 
45 90 
51 44 
60 6 57 
49 17 81 
92 29 
34 47 96 66 
85 58 
53 39 
93 
80 14 73 5 
57 27 89 77 
29 26 
39 24 82 
44 56 
81 13 
12 
30 12 
66 7 
26 54 
58 40 
40 50 
54 99 
56 
62 
5 
17 
23 42 
77 38 
98 
7 
86 
2 
82 
50 2 
64 18 
99 8 
68 
78 
73 
3 72 
15 
72 
89 15 
13 
22 
33 
37 43 
1 
75 76 
18 
59 
94 
20 
8 
6 
42 
38 
97 
24 
36 
61 
96 
47 
43 16 
79 
76 
27 
14 
16 
95 
# clone tree 12 objective: 3.96152
0 97 1 84 35 
63 28 10 
35 63 
10 87 
87 27 62 53 21 
21 91 9 
9 65 70 
70 61 78 86 19 
19 51 71 
65 88 
28 80 69 
25 36 98 48 
74 52 
71 79 68 67 
88 43 75 25 
48 46 
46 30 4 
69 59 32 
52 41 
67 22 74 
41 11 
32 94 31 
91 37 93 45 
11 33 55 
4 95 60 
55 34 49 
31 64 83 
83 92 
84 14 47 85 
90 3 23 
45 90 
51 44 
60 6 57 
49 17 81 
92 29 
34 66 
85 58 
53 39 
93 20 
80 73 5 
57 89 77 
29 26 
39 24 82 
44 56 
81 13 
12 
30 12 
66 7 
26 54 
58 40 
40 50 
54 99 
56 
62 
5 96 
17 
23 42 
77 38 
98 
7 
86 
2 
82 
50 2 
64 18 
99 8 
68 
78 
73 
3 72 
15 
72 
89 15 
13 
22 
33 
37 
1 
75 
18 16 76 
59 
94 
20 
8 
6 
42 
38 
97 
24 
36 
61 
96 
47 
43 
79 
76 
27 
14 
16 
95 
# clone tree 13 objective: 3.96152
0 97 1 84 35 
63 95 28 10 
35 36 63 
10 87 
87 62 53 21 
21 91 9 
9 65 70 
70 61 86 19 
19 51 71 
65 88 
28 80 69 
25 98 48 
74 52 
71 79 68 67 
88 75 25 
48 46 
46 30 4 
69 59 32 
52 41 
67 22 74 
41 11 
32 94 31 
91 37 93 45 
11 33 55 
4 78 60 
55 34 49 
31 64 83 
83 92 
84 20 85 
90 3 23 
45 90 
51 44 
60 6 57 
49 17 81 
92 29 
34 47 96 66 
85 58 
53 39 
93 
80 14 73 5 
57 27 89 77 
29 26 
39 24 82 
44 56 
81 13 
12 
30 12 
66 7 
26 54 
58 40 
40 50 
54 99 
56 
62 
5 
17 
23 42 
77 38 
98 
7 
86 
2 
82 
50 2 
64 18 
99 8 
68 
78 
73 
3 72 
15 
72 
89 15 
13 
22 
33 
37 43 
1 
75 76 
18 
59 
94 
20 
8 
6 
42 
38 
97 
24 
36 
61 
96 
47 
43 16 
79 
76 
27 
14 
16 
95 
# clone tree 14 objective: 3.96152
0 97 1 84 35 
63 28 10 
35 63 
10 87 
87 27 62 53 21 
21 91 9 
9 65 70 
70 61 78 86 19 
19 51 71 
65 88 
28 80 69 
25 36 98 48 
74 52 
71 79 68 67 
88 43 75 25 
48 46 
46 30 4 
69 59 32 
52 41 
67 22 74 
41 11 
32 94 31 
91 37 93 45 
11 33 55 
4 60 
55 34 49 
31 64 83 
83 92 
84 14 47 85 
90 3 23 
45 90 
51 44 
60 6 57 
49 17 81 
92 29 
34 66 
85 58 
53 39 
93 20 
80 73 5 
57 89 77 
29 26 
39 24 82 
44 56 
81 13 
12 
30 12 
66 7 
26 54 
58 95 40 
40 50 
54 99 
56 
62 
5 96 
17 
23 42 
77 38 
98 
7 
86 
2 
82 
50 2 
64 18 
99 8 
68 
78 
73 
3 72 
15 
72 
89 15 
13 
22 
33 
37 
1 
75 
18 16 76 
59 
94 
20 
8 
6 
42 
38 
97 
24 
36 
61 
96 
47 
43 
79 
76 
27 
14 
16 
95 
# clone tree 15 objective: 3.96152
0 97 84 35 
63 28 10 
35 63 
10 87 
87 62 53 21 
21 91 9 
9 36 65 70 
70 24 86 19 
19 51 71 
65 88 
28 80 69 
25 98 48 
74 52 
71 68 67 
88 43 75 25 
48 46 
46 30 4 
69 59 32 
52 41 
67 22 74 
41 11 
32 95 47 94 31 
91 37 93 45 
11 33 55 
4 60 
55 34 49 
31 64 83 
83 92 
84 85 
90 3 23 
45 78 90 
51 61 44 
60 6 57 
49 17 81 
92 29 
34 66 
85 58 
53 39 
93 20 
80 73 5 
57 89 77 
29 26 
39 82 
44 1 56 
81 13 
12 
30 12 
66 7 
26 54 
58 40 
40 50 
54 27 99 
56 
62 
5 
17 
23 42 
77 38 
98 
7 
86 
2 76 
82 
50 2 
64 18 
99 8 
68 
78 96 
73 14 79 
3 72 
15 
72 
89 15 
13 
22 
33 
37 
1 
75 
18 
59 
94 
20 
8 
6 
42 
38 
97 
24 
36 
61 
96 
47 
43 
79 
76 
27 
14 
16 
95 16 
# clone tree 16 objective: 3.96152
0 97 1 84 35 
63 28 10 
35 63 
10 87 
87 27 62 53 21 
21 91 9 
9 65 70 
70 61 78 86 19 
19 51 71 
65 88 
28 80 69 
25 36 98 48 
74 52 
71 79 68 67 
88 43 75 25 
48 46 
46 30 4 
69 59 32 
52 41 
67 22 74 
41 11 
32 94 31 
91 37 93 45 
11 95 33 55 
4 60 
55 34 49 
31 64 83 
83 92 
84 14 47 85 
90 3 23 
45 90 
51 44 
60 6 57 
49 17 81 
92 29 
34 66 
85 58 
53 39 
93 20 
80 73 5 
57 89 77 
29 26 
39 24 82 
44 56 
81 13 
12 
30 12 
66 7 
26 54 
58 40 
40 50 
54 99 
56 
62 
5 96 
17 
23 42 
77 38 
98 
7 
86 
2 
82 
50 2 
64 18 
99 8 
68 
78 
73 
3 72 
15 
72 
89 15 
13 
22 
33 
37 
1 
75 
18 16 76 
59 
94 
20 
8 
6 
42 
38 
97 
24 
36 
61 
96 
47 
43 
79 
76 
27 
14 
16 
95 
# clone tree 17 objective: 3.96152
0 97 1 84 35 
63 28 10 
35 36 63 
10 87 
87 62 53 21 
21 91 9 
9 65 70 
70 96 61 86 19 
19 51 71 
65 88 
28 80 69 
25 98 48 
74 52 
71 68 67 
88 75 25 
48 46 
46 30 4 
69 59 32 
52 41 
67 22 74 
41 11 
32 94 31 
91 37 93 45 
11 95 33 55 
4 60 
55 34 49 
31 64 83 
83 92 
84 16 27 20 85 
90 3 23 
45 78 90 
51 44 
60 6 57 
49 17 81 
92 29 
34 66 
85 58 
53 39 
93 47 
80 73 5 
57 89 77 
29 26 
39 24 82 
44 56 
81 13 
12 
30 12 
66 7 
26 54 
58 40 
40 50 
54 99 
56 
62 
5 14 
17 
23 42 
77 38 
98 
7 
86 
2 
82 
50 2 
64 18 
99 8 
68 
78 
73 79 
3 72 
15 
72 
89 15 
13 
22 
33 
37 43 
1 
75 
18 76 
59 
94 
20 
8 
6 
42 
38 
97 
24 
36 
61 
96 
47 
43 
79 
76 
27 
14 
16 
95 
# clone tree 18 objective: 3.96152
0 97 1 84 35 
63 28 10 
35 63 
10 87 
87 27 62 53 21 
21 91 9 
9 65 70 
70 61 78 86 19 
19 51 71 
65 88 
28 80 69 
25 36 98 48 
74 52 
71 79 68 67 
88 43 75 25 
48 46 
46 30 4 
69 59 32 
52 41 
67 22 74 
41 11 
32 94 31 
91 37 93 45 
11 33 55 
4 60 
55 34 49 
31 64 83 
83 92 
84 14 47 85 
90 3 23 
45 90 
51 44 
60 95 6 57 
49 17 81 
92 29 
34 66 
85 58 
53 39 
93 20 
80 73 5 
57 89 77 
29 26 
39 24 82 
44 56 
81 13 
12 
30 12 
66 7 
26 54 
58 40 
40 50 
54 99 
56 
62 
5 96 
17 
23 42 
77 38 
98 
7 
86 
2 
82 
50 2 
64 18 
99 8 
68 
78 
73 
3 72 
15 
72 
89 15 
13 
22 
33 
37 
1 
75 
18 16 76 
59 
94 
20 
8 
6 
42 
38 
97 
24 
36 
61 
96 
47 
43 
79 
76 
27 
14 
16 
95 
# clone tree 19 objective: 3.96152
0 97 1 84 35 
63 28 10 
35 63 
10 87 
87 62 53 21 
21 91 9 
9 65 70 
70 95 61 78 86 19 
19 47 51 71 
65 88 
28 80 69 
25 36 98 48 
74 52 
71 79 68 67 
88 43 75 25 
48 46 
46 30 4 
69 59 32 
52 41 
67 22 74 
41 11 
32 94 31 
91 37 93 45 
11 33 55 
4 60 
55 34 49 
31 64 83 
83 92 
84 85 
90 3 23 
45 90 
51 44 
60 6 57 
49 17 81 
92 29 
34 66 
85 58 
53 39 
93 20 
80 73 5 
57 89 77 
29 26 
39 24 82 
44 56 
81 13 
12 
30 12 
66 7 
26 54 
58 40 
40 50 
54 99 
56 
62 
5 96 
17 
23 42 
77 38 
98 
7 
86 
2 
82 
50 2 
64 18 
99 8 
68 
78 
73 14 
3 72 
15 
72 
89 15 
13 16 
22 
33 
37 
1 
75 76 
18 
59 
94 
20 27 
8 
6 
42 
38 
97 
24 
36 
61 
96 
47 
43 
79 
76 
27 
14 
16 
95 
# clone tree 20 objective: 3.96152
0 97 1 84 35 
63 28 10 
35 63 
10 87 
87 27 62 53 21 
21 91 9 
9 65 70 
70 61 78 86 19 
19 51 71 
65 88 
28 80 69 
25 36 98 48 
74 52 
71 79 68 67 
88 43 75 25 
48 46 
46 30 4 
69 59 32 
52 41 
67 22 74 
41 11 
32 94 31 
91 37 93 45 
11 33 55 
4 60 
55 34 49 
31 64 83 
83 92 
84 14 47 85 
90 3 23 
45 90 
51 44 
60 6 57 
49 17 81 
92 29 
34 66 
85 58 
53 39 
93 20 
80 73 5 
57 89 77 
29 26 
39 95 24 82 
44 56 
81 13 
12 
30 12 
66 7 
26 54 
58 40 
40 50 
54 99 
56 
62 
5 96 
17 
23 42 
77 38 
98 
7 
86 
2 
82 
50 2 
64 18 
99 8 
68 
78 
73 
3 72 
15 
72 
89 15 
13 
22 
33 
37 
1 
75 
18 16 76 
59 
94 
20 
8 
6 
42 
38 
97 
24 
36 
61 
96 
47 
43 
79 
76 
27 
14 
16 
95 
# clone tree 21 objective: 3.96152
0 97 1 84 35 
63 28 10 
35 95 36 63 
10 87 
87 62 53 21 
21 91 9 
9 65 70 
70 61 86 19 
19 51 71 
65 88 
28 80 69 
25 98 48 
74 52 
71 79 68 67 
88 75 25 
48 46 
46 30 4 
69 59 32 
52 41 
67 22 74 
41 11 
32 94 31 
91 37 93 45 
11 33 55 
4 78 60 
55 34 49 
31 64 83 
83 92 
84 20 85 
90 3 23 
45 90 
51 44 
60 6 57 
49 17 81 
92 29 
34 47 96 66 
85 58 
53 39 
93 
80 14 73 5 
57 27 89 77 
29 26 
39 24 82 
44 56 
81 13 
12 
30 12 
66 7 
26 54 
58 40 
40 50 
54 99 
56 
62 
5 
17 
23 42 
77 38 
98 
7 
86 
2 
82 
50 2 
64 18 
99 8 
68 
78 
73 
3 72 
15 
72 
89 15 
13 
22 
33 
37 43 
1 
75 76 
18 
59 
94 
20 
8 
6 
42 
38 
97 
24 
36 
61 
96 
47 
43 16 
79 
76 
27 
14 
16 
95 
# clone tree 22 objective: 3.96152
0 97 1 84 35 
63 28 10 
35 63 
10 87 
87 62 53 21 
21 91 9 
9 65 70 
70 61 78 86 19 
19 51 71 
65 88 
28 80 69 
25 36 98 48 
74 52 
71 79 68 67 
88 43 75 25 
48 46 
46 30 4 
69 59 32 
52 41 
67 22 74 
41 11 
32 94 31 
91 37 93 45 
11 33 55 
4 60 
55 34 49 
31 64 83 
83 92 
84 47 85 
90 3 23 
45 90 
51 44 
60 6 57 
49 17 81 
92 29 
34 66 
85 58 
53 39 
93 27 20 
80 73 5 
57 89 77 
29 26 
39 24 82 
44 56 
81 13 
12 
30 12 
66 7 
26 54 
58 40 
40 50 
54 99 
56 
62 
5 96 
17 
23 42 
77 38 
98 
7 
86 
2 
82 
50 2 
64 18 
99 8 
68 
78 
73 
3 72 
15 
72 
89 15 
13 
22 
33 
37 
1 
75 
18 76 
59 16 
94 
20 
8 
6 
42 
38 
97 
24 
36 
61 14 
96 
47 95 
43 
79 
76 
27 
14 
16 
95 
# clone tree 23 objective: 3.96152
0 97 1 84 35 
63 28 10 
35 36 63 
10 87 
87 62 53 21 
21 91 9 
9 65 70 
70 96 61 86 19 
19 51 71 
65 88 
28 80 69 
25 98 48 
74 52 
71 68 67 
88 75 25 
48 46 
46 30 4 
69 59 32 
52 41 
67 22 74 
41 11 
32 94 31 
91 37 93 45 
11 33 55 
4 60 
55 95 34 49 
31 64 83 
83 92 
84 16 27 20 85 
90 3 23 
45 78 90 
51 44 
60 6 57 
49 17 81 
92 29 
34 66 
85 58 
53 39 
93 47 
80 73 5 
57 89 77 
29 26 
39 24 82 
44 56 
81 13 
12 
30 12 
66 7 
26 54 
58 40 
40 50 
54 99 
56 
62 
5 14 
17 
23 42 
77 38 
98 
7 
86 
2 
82 
50 2 
64 18 
99 8 
68 
78 
73 79 
3 72 
15 
72 
89 15 
13 
22 
33 
37 43 
1 
75 
18 76 
59 
94 
20 
8 
6 
42 
38 
97 
24 
36 
61 
96 
47 
43 
79 
76 
27 
14 
16 
95 
# clone tree 24 objective: 3.96152
0 97 1 84 35 
63 28 10 
35 63 
10 87 
87 62 53 21 
21 91 9 
9 65 70 
70 61 78 86 19 
19 51 71 
65 88 
28 80 69 
25 36 98 48 
74 52 
71 79 68 67 
88 43 75 25 
48 46 
46 30 4 
69 59 32 
52 41 
67 22 74 
41 11 
32 94 31 
91 37 93 45 
11 33 55 
4 60 
55 34 49 
31 64 83 
83 92 
84 47 85 
90 3 23 
45 90 
51 44 
60 6 57 
49 17 81 
92 29 
34 66 
85 58 
53 39 
93 27 20 
80 73 5 
57 89 77 
29 26 
39 24 82 
44 56 
81 13 
12 
30 12 
66 7 
26 54 
58 40 
40 50 
54 99 
56 
62 
5 96 
17 
23 42 
77 38 
98 
7 
86 
2 
82 
50 2 
64 18 
99 8 
68 
78 95 
73 
3 72 
15 
72 
89 15 
13 
22 
33 
37 
1 
75 
18 76 
59 16 
94 
20 
8 
6 
42 
38 
97 
24 
36 
61 14 
96 
47 
43 
79 
76 
27 
14 
16 
95 
# clone tree 25 objective: 3.96152
0 97 1 84 35 
63 28 10 
35 63 
10 87 
87 62 53 21 
21 91 9 
9 65 70 
70 61 78 86 19 
19 47 51 71 
65 88 
28 95 80 69 
25 36 98 48 
74 52 
71 79 68 67 
88 43 75 25 
48 46 
46 30 4 
69 59 32 
52 41 
67 22 74 
41 11 
32 94 31 
91 37 93 45 
11 33 55 
4 60 
55 34 49 
31 64 83 
83 92 
84 85 
90 3 23 
45 90 
51 44 
60 6 57 
49 17 81 
92 29 
34 66 
85 58 
53 39 
93 20 
80 73 5 
57 89 77 
29 26 
39 24 82 
44 56 
81 13 
12 
30 12 
66 7 
26 54 
58 40 
40 50 
54 99 
56 
62 
5 96 
17 
23 42 
77 38 
98 
7 
86 
2 
82 
50 2 
64 18 
99 8 
68 
78 
73 14 
3 72 
15 
72 
89 15 
13 16 
22 
33 
37 
1 
75 76 
18 
59 
94 
20 27 
8 
6 
42 
38 
97 
24 
36 
61 
96 
47 
43 
79 
76 
27 
14 
16 
95 
# clone tree 26 objective: 3.96152
0 97 1 84 35 
63 28 10 
35 36 63 
10 87 
87 62 53 21 
21 91 9 
9 65 70 
70 96 61 86 19 
19 51 71 
65 88 
28 80 69 
25 98 48 
74 52 
71 68 67 
88 75 25 
48 46 
46 30 4 
69 59 32 
52 41 
67 22 74 
41 11 
32 94 31 
91 37 93 45 
11 33 55 
4 60 
55 34 49 
31 64 83 
83 92 
84 27 20 85 
90 3 23 
45 78 90 
51 44 
60 6 57 
49 17 81 
92 29 
34 66 
85 58 
53 39 
93 47 
80 16 73 5 
57 89 77 
29 26 
39 24 82 
44 56 
81 13 
12 
30 12 
66 7 
26 54 
58 40 
40 50 
54 99 
56 
62 
5 14 
17 
23 42 
77 38 
98 
7 
86 
2 
82 
50 2 
64 18 
99 8 
68 
78 
73 79 
3 72 
15 
72 
89 15 
13 
22 
33 
37 43 
1 
75 
18 76 
59 
94 
20 
8 
6 
42 
38 
97 
24 95 
36 
61 
96 
47 
43 
79 
76 
27 
14 
16 
95 
# clone tree 27 objective: 3.96152
0 97 1 84 35 
63 28 10 
35 63 
10 87 
87 62 53 21 
21 91 9 
9 65 70 
70 14 78 86 19 
19 51 71 
65 88 
28 80 69 
25 36 98 48 
74 52 
71 16 68 67 
88 43 75 25 
48 46 
46 30 4 
69 59 32 
52 41 
67 22 74 
41 11 
32 94 31 
91 37 93 45 
11 33 55 
4 60 
55 34 49 
31 64 83 
83 92 
84 20 85 
90 3 23 
45 96 90 
51 61 44 
60 6 57 
49 17 81 
92 29 
34 66 
85 58 
53 39 
93 
80 73 5 
57 27 89 77 
29 26 
39 24 82 
44 56 
81 13 
12 
30 12 
66 7 
26 54 
58 40 
40 50 
54 99 
56 
62 
5 
17 
23 42 
77 38 
98 
7 
86 
2 
82 
50 2 
64 18 
99 8 
68 
78 
73 
3 72 
15 
72 79 
89 15 
13 
22 47 
33 
37 95 
1 
75 
18 76 
59 
94 
20 
8 
6 
42 
38 
97 
24 
36 
61 
96 
47 
43 
79 
76 
27 
14 
16 
95 
# clone tree 28 objective: 3.96152
0 97 1 84 35 
63 28 10 
35 63 
10 87 
87 62 53 21 
21 91 9 
9 65 70 
70 24 78 86 19 
19 51 71 
65 36 88 
28 80 69 
25 98 48 
74 52 
71 79 68 67 
88 43 75 25 
48 46 
46 30 4 
69 59 32 
52 41 
67 22 74 
41 11 
32 47 94 31 
91 37 93 45 
11 33 55 
4 60 
55 34 49 
31 64 83 
83 92 
84 20 85 
90 3 23 
45 90 
51 44 
60 6 57 
49 17 81 
92 95 29 
34 66 
85 58 
53 39 
93 
80 61 73 5 
57 89 77 
29 26 
39 82 
44 56 
81 13 
12 96 
30 12 
66 7 
26 54 
58 40 
40 50 
54 99 
56 
62 
5 
17 
23 42 
77 38 
98 
7 27 
86 
2 
82 
50 2 
64 18 
99 8 
68 
78 
73 14 
3 72 
15 
72 
89 15 
13 
22 
33 
37 
1 
75 16 
18 76 
59 
94 
20 
8 
6 
42 
38 
97 
24 
36 
61 
96 
47 
43 
79 
76 
27 
14 
16 
95 
# clone tree 29 objective: 3.96152
0 97 1 84 35 
63 28 10 
35 63 
10 87 
87 62 53 21 
21 91 9 
9 65 70 
70 78 86 19 
19 51 71 
65 88 
28 80 69 
25 98 48 
74 52 
71 79 68 67 
88 75 25 
48 46 
46 30 4 
69 59 32 
52 41 
67 22 74 
41 11 
32 47 94 31 
91 37 93 45 
11 33 55 
4 60 
55 34 49 
31 64 83 
83 92 
84 20 85 
90 3 23 
45 90 
51 44 
60 6 57 
49 17 81 
92 29 
34 66 
85 58 
53 39 
93 
80 16 61 73 5 
57 27 89 77 
29 26 
39 24 82 
44 56 
81 13 
12 
30 12 
66 7 
26 14 54 
58 40 
40 50 
54 99 
56 
62 
5 96 
17 
23 42 
77 38 
98 
7 
86 
2 76 
82 36 
50 2 
64 18 
99 8 
68 
78 
73 
3 72 
15 
72 
89 15 
13 
22 
33 
37 43 
1 
75 
18 
59 
94 
20 
8 
6 95 
42 
38 
97 
24 
36 
61 
96 
47 
43 
79 
76 
27 
14 
16 
95 
# clone tree 30 objective: 3.96152
0 97 1 84 35 
63 28 10 
35 63 
10 87 
87 62 53 21 
21 91 9 
9 65 70 
70 78 86 19 
19 51 71 
65 88 
28 80 69 
25 98 48 
74 27 52 
71 68 67 
88 43 75 25 
48 46 
46 30 4 
69 59 32 
52 79 41 
67 22 74 
41 11 
32 94 31 
91 37 93 45 
11 33 55 
4 60 
55 34 49 
31 64 83 
83 92 
84 20 85 
90 3 23 
45 90 
51 44 
60 6 57 
49 14 17 81 
92 29 
34 66 
85 58 
53 39 
93 
80 61 73 5 
57 89 77 
29 26 
39 24 82 
44 56 
81 13 
12 
30 12 
66 7 
26 54 
58 40 
40 50 
54 99 
56 
62 
5 16 
17 
23 42 
77 38 
98 
7 
86 
2 
82 36 
50 2 
64 18 
99 8 
68 
78 96 
73 
3 72 
15 
72 
89 15 
13 
22 47 
33 
37 
1 
75 
18 76 
59 
94 
20 
8 
6 
42 
38 
97 
24 
36 
61 
96 
47 
43 
79 
76 
27 
14 
16 95 
95 
# clone tree 31 objective: 3.96152
0 97 1 84 35 
63 28 10 
35 36 63 
10 87 
87 62 53 21 
21 91 9 
9 65 70 
70 14 61 86 19 
19 51 71 
65 88 
28 80 69 
25 98 48 
74 52 
71 68 67 
88 75 25 
48 46 
46 30 4 
69 59 32 
52 41 
67 22 74 
41 11 
32 47 94 31 
91 37 93 45 
11 33 55 
4 78 60 
55 34 49 
31 64 83 
83 92 
84 20 85 
90 3 23 
45 90 
51 44 
60 6 57 
49 17 81 
92 29 
34 27 96 66 
85 58 
53 39 
93 
80 73 5 
57 89 77 
29 26 
39 24 82 
44 56 
81 13 
12 
30 12 
66 7 
26 54 
58 40 
40 50 
54 99 
56 
62 
5 
17 
23 42 
77 38 
98 
7 
86 
2 
82 
50 2 
64 18 
99 8 
68 
78 
73 16 79 
3 72 
15 
72 
89 15 
13 
22 
33 
37 43 
1 
75 
18 76 
59 
94 
20 
8 
6 
42 
38 95 
97 
24 
36 
61 
96 
47 
43 
79 
76 
27 
14 
16 
95 
# clone tree 32 objective: 3.96152
0 97 1 84 35 
63 28 10 
35 63 
10 87 
87 62 53 21 
21 91 9 
9 65 70 
70 78 86 19 
19 27 51 71 
65 88 
28 80 69 
25 36 98 48 
74 52 
71 68 67 
88 75 25 
48 46 
46 30 4 
69 59 32 
52 79 41 
67 22 74 
41 11 
32 94 31 
91 95 37 93 45 
11 33 55 
4 60 
55 34 49 
31 64 83 
83 92 
84 20 85 
90 3 23 
45 96 90 
51 61 44 
60 6 57 
49 17 81 
92 29 
34 47 66 
85 58 
53 39 
93 
80 73 5 
57 89 77 
29 26 
39 24 82 
44 56 
81 13 
12 
30 12 
66 7 
26 54 
58 40 
40 50 
54 99 
56 
62 16 
5 
17 
23 42 
77 38 
98 
7 
86 
2 
82 
50 2 
64 18 
99 8 
68 
78 
73 
3 72 
15 
72 
89 15 
13 
22 
33 
37 43 
1 
75 
18 76 
59 
94 
20 
8 
6 
42 
38 
97 
24 
36 
61 14 
96 
47 
43 
79 
76 
27 
14 
16 
95 
# clone tree 33 objective: 3.96152
0 97 1 84 35 
63 28 10 
35 63 
10 87 
87 27 62 53 21 
21 91 9 
9 65 70 
70 61 78 86 19 
19 51 71 
65 88 
28 80 69 
25 36 98 48 
74 52 
71 79 68 67 
88 43 75 25 
48 46 
46 30 4 
69 59 32 
52 41 
67 22 74 
41 11 
32 94 31 
91 37 93 45 
11 33 55 
4 60 
55 34 49 
31 64 83 
83 92 
84 14 47 85 
90 3 23 
45 90 
51 44 
60 6 57 
49 17 81 
92 29 
34 66 
85 58 
53 39 
93 20 
80 73 5 
57 89 77 
29 26 
39 24 82 
44 56 
81 13 
12 
30 12 
66 7 
26 54 
58 40 
40 50 
54 99 
56 
62 
5 96 
17 
23 42 
77 38 
98 
7 
86 
2 
82 
50 2 
64 18 
99 8 
68 
78 
73 
3 72 
15 
72 
89 15 
13 
22 
33 
37 
1 
75 
18 16 76 
59 
94 
20 
8 95 
6 
42 
38 
97 
24 
36 
61 
96 
47 
43 
79 
76 
27 
14 
16 
95 
# clone tree 34 objective: 3.96152
0 97 84 35 
63 28 10 
35 63 
10 87 
87 62 53 21 
21 91 9 
9 65 70 
70 24 86 19 
19 51 71 
65 36 88 
28 80 69 
25 98 48 
74 52 
71 79 68 67 
88 75 25 
48 46 
46 30 4 
69 59 32 
52 41 
67 22 74 
41 11 
32 94 31 
91 37 93 45 
11 33 55 
4 60 
55 34 49 
31 64 83 
83 92 
84 47 85 
90 3 23 
45 78 90 
51 44 
60 6 57 
49 17 81 
92 29 
34 96 66 
85 58 
53 39 
93 20 
80 61 73 5 
57 27 89 77 
29 26 
39 82 
44 1 56 
81 13 
12 95 
30 12 
66 7 
26 54 
58 40 
40 50 
54 99 
56 
62 
5 
17 
23 42 
77 38 
98 
7 
86 
2 76 
82 
50 2 
64 18 
99 8 
68 
78 
73 
3 72 
15 
72 14 
89 15 
13 
22 
33 16 
37 43 
1 
75 
18 
59 
94 
20 
8 
6 
42 
38 
97 
24 
36 
61 
96 
47 
43 
79 
76 
27 
14 
16 
95 
# clone tree 35 objective: 3.96152
0 97 1 84 35 
63 95 28 10 
35 36 63 
10 87 
87 62 53 21 
21 91 9 
9 65 70 
70 96 61 86 19 
19 51 71 
65 88 
28 80 69 
25 98 48 
74 52 
71 68 67 
88 75 25 
48 46 
46 30 4 
69 59 32 
52 41 
67 22 74 
41 11 
32 94 31 
91 37 93 45 
11 33 55 
4 60 
55 34 49 
31 64 83 
83 92 
84 27 20 85 
90 3 23 
45 78 90 
51 44 
60 6 57 
49 17 81 
92 29 
34 66 
85 58 
53 39 
93 47 
80 73 5 
57 89 77 
29 26 
39 24 82 
44 56 
81 13 
12 
30 12 
66 7 
26 54 
58 40 
40 50 
54 99 
56 
62 
5 14 
17 
23 42 
77 38 
98 
7 16 
86 
2 
82 
50 2 
64 18 
99 8 
68 
78 
73 79 
3 72 
15 
72 
89 15 
13 
22 
33 
37 43 
1 
75 
18 76 
59 
94 
20 
8 
6 
42 
38 
97 
24 
36 
61 
96 
47 
43 
79 
76 
27 
14 
16 
95 
# clone tree 36 objective: 3.96152
0 97 84 35 
63 28 10 
35 63 
10 95 87 
87 62 53 21 
21 91 9 
9 65 70 
70 24 86 19 
19 51 71 
65 36 88 
28 80 69 
25 98 48 
74 27 52 
71 79 68 67 
88 75 25 
48 46 
46 30 4 
69 59 32 
52 41 
67 22 74 
41 11 
32 94 31 
91 37 93 45 
11 33 55 
4 14 60 
55 34 49 
31 64 83 
83 92 
84 47 85 
90 3 23 
45 78 90 
51 44 
60 6 57 
49 17 81 
92 29 
34 96 66 
85 58 
53 39 
93 20 
80 61 73 5 
57 89 77 
29 26 
39 82 
44 1 56 
81 13 
12 
30 12 
66 7 
26 54 
58 40 
40 50 
54 99 
56 
62 
5 
17 
23 42 
77 38 
98 
7 
86 
2 
82 
50 2 
64 18 
99 8 
68 16 
78 
73 
3 72 
15 
72 
89 15 
13 
22 
33 
37 43 
1 
75 
18 76 
59 
94 
20 
8 
6 
42 
38 
97 
24 
36 
61 
96 
47 
43 
79 
76 
27 
14 
16 
95 
# clone tree 37 objective: 3.96152
0 97 1 84 35 
63 28 10 
35 63 
10 87 
87 62 53 21 
21 91 9 
9 65 70 
70 61 78 86 19 
19 47 51 71 
65 88 
28 80 69 
25 36 98 48 
74 52 
71 79 68 67 
88 43 75 25 
48 46 
46 30 4 
69 59 32 
52 41 
67 22 74 
41 11 
32 94 31 
91 37 93 45 
11 33 55 
4 60 
55 34 49 
31 64 83 
83 92 
84 27 85 
90 3 23 
45 90 
51 44 
60 6 57 
49 17 81 
92 29 
34 66 
85 58 
53 39 
93 20 
80 14 73 5 
57 89 77 
29 26 
39 24 82 
44 56 
81 13 
12 
30 12 
66 7 
26 54 
58 40 
40 50 
54 99 
56 
62 
5 96 
17 
23 42 
77 38 
98 
7 
86 
2 
82 
50 2 
64 18 
99 8 
68 
78 
73 
3 72 
15 16 
72 
89 15 
13 
22 
33 
37 
1 
75 76 
18 
59 
94 
20 
8 
6 
42 
38 
97 
24 
36 
61 
96 
47 
43 
79 
76 
27 
14 
16 95 
95 
# clone tree 38 objective: 3.96152
0 97 84 35 
63 28 10 
35 63 
10 87 
87 62 53 21 
21 91 9 
9 65 70 
70 24 86 19 
19 27 51 71 
65 36 88 
28 80 69 
25 98 48 
74 52 
71 79 68 67 
88 75 25 
48 46 
46 30 4 
69 59 32 
52 41 
67 22 74 
41 11 
32 94 31 
91 37 93 45 
11 33 55 
4 60 
55 34 49 
31 64 83 
83 92 
84 47 85 
90 3 23 
45 78 90 
51 44 
60 6 57 
49 16 17 81 
92 29 
34 96 66 
85 58 
53 39 
93 20 
80 61 73 5 
57 89 77 
29 26 
39 82 
44 1 56 
81 13 
12 
30 12 
66 7 
26 54 
58 40 
40 50 
54 99 
56 
62 
5 
17 
23 42 
77 38 
98 
7 
86 
2 76 
82 
50 2 
64 18 
99 8 
68 
78 
73 
3 72 
15 
72 
89 14 15 
13 
22 
33 
37 43 
1 95 
75 
18 
59 
94 
20 
8 
6 
42 
38 
97 
24 
36 
61 
96 
47 
43 
79 
76 
27 
14 
16 
95 
# clone tree 39 objective: 3.96152
0 97 1 84 35 
63 28 10 
35 63 
10 87 
87 62 53 21 
21 91 9 
9 65 70 
70 78 86 19 
19 27 51 71 
65 88 
28 80 69 
25 36 98 48 
74 52 
71 68 67 
88 75 25 
48 46 
46 30 4 
69 59 32 
52 41 
67 22 74 
41 11 
32 94 31 
91 37 93 45 
11 33 55 
4 60 
55 34 49 
31 64 83 
83 92 
84 20 85 
90 3 23 
45 96 90 
51 61 44 
60 6 57 
49 16 17 81 
92 29 
34 66 
85 58 
53 39 
93 
80 73 5 
57 89 77 
29 26 
39 24 82 
44 56 
81 13 
12 
30 12 
66 7 
26 54 
58 40 
40 50 
54 99 
56 
62 
5 
17 
23 42 
77 38 
98 
7 
86 
2 76 
82 
50 2 
64 18 
99 8 
68 
78 
73 
3 72 
15 
72 79 
89 15 
13 
22 47 
33 
37 43 
1 
75 
18 
59 14 
94 
20 95 
8 
6 
42 
38 
97 
24 
36 
61 
96 
47 
43 
79 
76 
27 
14 
16 
95 
# clone tree 40 objective: 3.96152
0 97 1 84 35 
63 28 10 
35 63 
10 87 
87 62 53 21 
21 91 9 
9 65 70 
70 61 78 86 19 
19 47 51 71 
65 88 
28 80 69 
25 36 98 48 
74 52 
71 79 68 67 
88 43 75 25 
48 46 
46 30 4 
69 59 32 
52 41 
67 22 74 
41 11 
32 94 31 
91 37 93 45 
11 33 55 
4 60 
55 34 49 
31 64 83 
83 92 
84 85 
90 3 23 
45 90 
51 14 44 
60 6 57 
49 17 81 
92 29 
34 27 66 
85 58 
53 39 
93 20 
80 73 5 
57 89 77 
29 26 
39 24 82 
44 56 
81 13 
12 
30 12 
66 7 
26 54 
58 40 
40 50 
54 99 
56 
62 
5 96 
17 
23 42 
77 38 
98 
7 
86 
2 
82 
50 2 
64 18 
99 8 
68 
78 
73 
3 72 
15 
72 
89 15 
13 16 
22 
33 
37 
1 
75 
18 76 
59 
94 
20 
8 
6 
42 
38 
97 
24 
36 
61 
96 
47 
43 
79 
76 
27 95 
14 
16 
95 
# clone tree 41 objective: 3.96152
0 97 1 84 35 
63 28 10 
35 63 
10 87 
87 62 53 21 
21 91 9 
9 65 70 
70 78 86 19 
19 51 71 
65 16 88 
28 80 69 
25 36 98 48 
74 52 
71 68 67 
88 43 75 25 
48 46 
46 30 4 
69 59 32 
52 41 
67 22 74 
41 11 
32 94 31 
91 37 93 45 
11 33 55 
4 60 
55 34 49 
31 64 83 
83 92 
84 20 85 
90 3 23 
45 96 90 
51 61 44 
60 6 57 
49 95 17 81 
92 29 
34 66 
85 58 
53 39 
93 
80 73 5 
57 27 89 77 
29 26 
39 24 82 
44 56 
81 13 
12 
30 12 
66 7 
26 14 54 
58 40 
40 50 
54 99 
56 
62 
5 
17 
23 42 
77 38 
98 
7 
86 
2 
82 
50 2 
64 18 
99 8 
68 
78 
73 79 
3 72 
15 
72 
89 15 
13 
22 47 
33 
37 
1 
75 
18 76 
59 
94 
20 
8 
6 
42 
38 
97 
24 
36 
61 
96 
47 
43 
79 
76 
27 
14 
16 
95 
# clone tree 42 objective: 3.96152
0 97 1 84 35 
63 28 10 
35 63 
10 87 
87 62 53 21 
21 91 9 
9 65 70 
70 61 78 86 19 
19 47 51 71 
65 88 
28 80 69 
25 36 98 48 
74 52 
71 79 68 67 
88 43 75 25 
48 46 
46 30 4 
69 59 32 
52 41 
67 22 74 
41 11 
32 94 31 
91 37 93 45 
11 33 55 
4 60 
55 34 49 
31 64 83 
83 92 
84 85 
90 3 23 
45 90 
51 44 
60 6 57 
49 17 81 
92 29 
34 66 
85 58 
53 39 
93 20 
80 73 5 
57 89 77 
29 26 
39 27 24 82 
44 56 
81 13 
12 
30 12 
66 7 
26 54 
58 40 
40 50 
54 99 
56 
62 
5 96 
17 
23 42 
77 38 
98 
7 
86 
2 
82 
50 2 
64 18 
99 8 
68 
78 
73 
3 72 
15 
72 14 
89 15 
13 
22 
33 
37 
1 
75 
18 76 
59 
94 
20 
8 
6 
42 
38 
97 95 
24 
36 
61 
96 
47 
43 
79 16 
76 
27 
14 
16 
95 
# clone tree 43 objective: 3.96152
0 97 1 84 35 
63 28 10 
35 63 
10 87 
87 62 53 21 
21 91 9 
9 65 70 
70 61 78 86 19 
19 47 51 71 
65 88 
28 80 69 
25 36 98 48 
74 52 
71 79 68 67 
88 43 75 25 
48 46 
46 30 4 
69 59 32 
52 41 
67 22 74 
41 11 
32 94 31 
91 37 93 45 
11 33 55 
4 60 
55 34 49 
31 64 83 
83 92 
84 85 
90 3 23 
45 90 
51 44 
60 6 57 
49 17 81 
92 29 
34 66 
85 58 
53 39 
93 20 
80 73 5 
57 89 77 
29 26 
39 27 24 82 
44 56 
81 13 
12 
30 12 
66 7 
26 54 
58 40 
40 50 
54 99 
56 
62 
5 96 
17 
23 42 
77 38 
98 
7 
86 
2 
82 
50 2 
64 18 
99 8 
68 
78 
73 
3 72 
15 
72 14 
89 15 
13 
22 
33 
37 
1 
75 
18 76 
59 
94 
20 
8 16 
6 
42 
38 
97 
24 
36 
61 
96 
47 
43 
79 
76 
27 
14 
16 95 
95 
# clone tree 44 objective: 3.96152
0 97 1 84 35 
63 28 10 
35 63 
10 87 
87 62 53 21 
21 91 9 
9 65 70 
70 61 78 86 19 
19 51 71 
65 88 
28 80 69 
25 36 98 48 
74 52 
71 79 68 67 
88 43 75 25 
48 46 
46 30 4 
69 59 32 
52 41 
67 22 74 
41 11 
32 94 31 
91 37 93 45 
11 33 55 
4 60 
55 34 49 
31 64 83 
83 92 
84 47 85 
90 3 23 
45 90 
51 44 
60 6 57 
49 17 81 
92 29 
34 66 
85 58 
53 39 
93 27 20 
80 73 5 
57 89 77 
29 26 
39 24 82 
44 56 
81 13 
12 
30 12 
66 7 
26 54 
58 40 
40 50 
54 99 
56 
62 
5 96 
17 
23 42 
77 38 
98 
7 
86 
2 
82 
50 2 
64 18 
99 8 
68 
78 
73 
3 72 
15 
72 
89 15 
13 
22 
33 
37 
1 
75 
18 76 
59 16 
94 
20 
8 
6 
42 
38 
97 
24 
36 
61 14 
96 95 
47 
43 
79 
76 
27 
14 
16 
95 
# clone tree 45 objective: 3.96152
0 97 1 84 35 
63 28 10 
35 63 
10 87 
87 62 53 21 
21 91 9 
9 65 70 
70 61 78 86 19 
19 47 51 71 
65 88 
28 80 69 
25 36 98 48 
74 52 
71 79 68 67 
88 43 75 25 
48 46 
46 30 4 
69 59 32 
52 41 
67 22 74 
41 11 
32 94 31 
91 37 93 45 
11 33 55 
4 60 
55 34 49 
31 64 83 
83 92 
84 85 
90 3 23 
45 90 
51 44 
60 6 57 
49 14 17 81 
92 29 
34 66 
85 58 
53 39 
93 27 20 
80 73 5 
57 89 77 
29 26 
39 24 82 
44 56 
81 13 
12 
30 12 
66 7 
26 54 
58 40 
40 50 
54 99 
56 
62 
5 96 
17 
23 42 
77 38 
98 
7 
86 
2 
82 
50 2 
64 18 
99 8 
68 
78 
73 16 
3 72 
15 
72 
89 15 
13 
22 
33 
37 
1 
75 76 
18 
59 
94 
20 
8 
6 
42 
38 
97 
24 
36 
61 
96 
47 
43 
79 
76 
27 
14 95 
16 
95 
# clone tree 46 objective: 3.96152
0 97 1 84 35 
63 28 10 
35 63 
10 87 
87 62 53 21 
21 91 9 
9 65 70 
70 61 78 86 19 
19 47 51 71 
65 88 
28 80 69 
25 36 98 48 
74 52 
71 79 68 67 
88 43 75 25 
48 46 
46 30 4 
69 59 32 
52 41 
67 22 74 
41 11 
32 94 31 
91 37 93 45 
11 33 55 
4 60 
55 34 49 
31 64 83 
83 92 
84 85 
90 3 23 
45 90 
51 44 
60 6 57 
49 17 81 
92 95 29 
34 66 
85 58 
53 39 
93 20 
80 73 5 
57 89 77 
29 26 
39 27 24 82 
44 56 
81 13 
12 
30 12 
66 7 
26 54 
58 40 
40 50 
54 99 
56 
62 
5 96 
17 
23 42 
77 38 
98 
7 
86 
2 
82 
50 2 
64 18 
99 8 
68 
78 
73 
3 72 
15 
72 14 
89 15 
13 
22 
33 
37 
1 
75 
18 76 
59 
94 
20 
8 
6 
42 
38 
97 
24 
36 
61 
96 16 
47 
43 
79 
76 
27 
14 
16 
95 
# clone tree 47 objective: 3.96152
0 97 1 84 35 
63 28 10 
35 36 63 
10 87 
87 62 53 21 
21 91 9 
9 65 70 
70 61 86 19 
19 51 71 
65 88 
28 80 69 
25 98 48 
74 52 
71 68 67 
88 75 25 
48 46 
46 30 4 
69 59 32 
52 41 
67 22 74 
41 11 
32 47 94 31 
91 37 93 45 
11 33 55 
4 78 60 
55 34 49 
31 64 83 
83 92 
84 14 20 85 
90 3 23 
45 90 
51 44 
60 6 57 
49 17 81 
92 29 
34 96 66 
85 58 
53 39 
93 
80 73 5 
57 89 77 
29 26 
39 24 82 
44 56 
81 13 
12 
30 12 
66 7 
26 54 
58 95 40 
40 50 
54 99 
56 
62 
5 
17 
23 42 
77 38 
98 
7 
86 
2 
82 
50 2 
64 18 
99 8 
68 
78 16 
73 
3 72 
15 
72 79 
89 15 
13 
22 27 
33 
37 43 
1 
75 76 
18 
59 
94 
20 
8 
6 
42 
38 
97 
24 
36 
61 
96 
47 
43 
79 
76 
27 
14 
16 
95 
# clone tree 48 objective: 3.96152
0 97 1 84 35 
63 28 10 
35 63 
10 87 
87 62 53 21 
21 16 91 9 
9 65 70 
70 61 78 86 19 
19 51 71 
65 88 
28 80 69 
25 36 98 48 
74 52 
71 79 68 67 
88 43 75 25 
48 46 
46 30 4 
69 59 32 
52 41 
67 22 74 
41 11 
32 94 31 
91 37 93 45 
11 33 55 
4 60 
55 34 49 
31 64 83 
83 92 
84 95 47 85 
90 3 23 
45 90 
51 44 
60 6 57 
49 17 81 
92 29 
34 66 
85 58 
53 39 
93 27 20 
80 73 5 
57 89 77 
29 26 
39 24 82 
44 56 
81 13 
12 
30 12 
66 7 
26 54 
58 40 
40 50 
54 99 
56 
62 
5 96 
17 
23 42 
77 38 
98 
7 
86 
2 
82 
50 2 
64 18 
99 8 
68 
78 
73 
3 72 
15 
72 
89 15 
13 
22 
33 
37 
1 
75 
18 76 
59 
94 
20 
8 
6 
42 
38 
97 
24 
36 
61 14 
96 
47 
43 
79 
76 
27 
14 
16 
95 
# clone tree 49 objective: 3.96152
0 97 84 35 
63 28 10 
35 63 
10 87 
87 62 53 21 
21 91 9 
9 36 65 70 
70 24 86 19 
19 47 51 71 
65 88 
28 80 69 
25 98 48 
74 52 
71 79 68 67 
88 43 75 25 
48 46 
46 30 4 
69 59 32 
52 41 
67 22 74 
41 11 
32 94 31 
91 37 93 45 
11 33 55 
4 60 
55 34 49 
31 64 83 
83 92 
84 85 
90 95 3 23 
45 78 90 
51 61 44 
60 6 57 
49 17 81 
92 29 
34 27 66 
85 58 
53 39 
93 20 
80 73 5 
57 16 89 77 
29 26 
39 82 
44 1 56 
81 13 
12 96 
30 12 
66 7 
26 14 54 
58 40 
40 50 
54 99 
56 
62 
5 
17 
23 42 
77 38 
98 
7 
86 
2 
82 
50 2 
64 18 
99 8 
68 
78 
73 
3 72 
15 
72 
89 15 
13 
22 
33 
37 
1 
75 76 
18 
59 
94 
20 
8 
6 
42 
38 
97 
24 
36 
61 
96 
47 
43 
79 
76 
27 
14 
16 
95 
# clone tree 50 objective: 3.96152
0 97 84 35 
63 28 10 
35 63 
10 87 
87 62 53 21 
21 91 9 
9 36 65 70 
70 14 24 86 19 
19 47 51 71 
65 88 
28 95 80 69 
25 98 48 
74 52 
71 79 68 67 
88 43 75 25 
48 46 
46 30 4 
69 59 32 
52 41 
67 22 74 
41 11 
32 94 31 
91 37 93 45 
11 33 55 
4 60 
55 34 49 
31 64 83 
83 92 
84 85 
90 3 23 
45 78 90 
51 16 61 44 
60 6 57 
49 17 81 
92 29 
34 66 
85 58 
53 39 
93 20 
80 73 5 
57 89 77 
29 26 
39 82 
44 1 56 
81 13 
12 96 
30 12 
66 7 
26 54 
58 40 
40 50 
54 99 
56 
62 
5 
17 
23 42 
77 38 
98 
7 
86 
2 76 
82 
50 2 
64 18 
99 8 
68 
78 
73 
3 72 
15 
72 
89 15 
13 
22 27 
33 
37 
1 
75 
18 
59 
94 
20 
8 
6 
42 
38 
97 
24 
36 
61 
96 
47 
43 
79 
76 
27 
14 
16 
95 
# clone tree 51 objective: 3.96152
0 97 84 35 
63 28 10 
35 63 
10 95 87 
87 62 53 21 
21 91 9 
9 65 70 
70 14 24 86 19 
19 51 71 
65 36 88 
28 80 69 
25 98 48 
74 52 
71 68 67 
88 43 75 25 
48 46 
46 30 4 
69 59 32 
52 41 
67 22 74 
41 11 
32 47 94 31 
91 37 93 45 
11 33 55 
4 60 
55 34 49 
31 64 83 
83 92 
84 85 
90 3 23 
45 78 90 
51 44 
60 6 57 
49 17 81 
92 29 
34 96 66 
85 58 
53 39 
93 20 
80 61 73 5 
57 89 77 
29 26 
39 82 
44 1 56 
81 13 
12 
30 12 
66 7 
26 54 
58 40 
40 50 
54 99 
56 
62 
5 
17 
23 42 
77 38 
98 
7 27 
86 
2 
82 
50 2 
64 18 
99 8 
68 
78 
73 16 79 
3 72 
15 
72 
89 15 
13 
22 
33 
37 
1 
75 76 
18 
59 
94 
20 
8 
6 
42 
38 
97 
24 
36 
61 
96 
47 
43 
79 
76 
27 
14 
16 
95 
# clone tree 52 objective: 3.96152
0 97 1 84 35 
63 28 10 
35 36 63 
10 87 
87 62 53 21 
21 91 9 
9 65 70 
70 61 86 19 
19 51 71 
65 88 
28 80 69 
25 98 48 
74 52 
71 68 67 
88 75 25 
48 46 
46 30 4 
69 59 32 
52 41 
67 22 74 
41 11 
32 47 94 31 
91 37 93 45 
11 33 55 
4 78 60 
55 34 49 
31 64 83 
83 92 
84 14 20 85 
90 3 23 
45 90 
51 16 44 
60 6 57 
49 17 81 
92 29 
34 27 96 66 
85 58 
53 39 
93 
80 73 5 
57 89 77 
29 26 
39 24 82 
44 56 
81 13 
12 
30 12 
66 7 
26 54 
58 40 
40 50 
54 99 
56 
62 
5 
17 
23 42 
77 38 
98 
7 
86 
2 
82 
50 2 
64 18 
99 8 
68 
78 
73 79 
3 72 
15 
72 
89 15 
13 
22 
33 
37 43 
1 
75 
18 76 
59 
94 
20 
8 
6 
42 
38 
97 
24 
36 95 
61 
96 
47 
43 
79 
76 
27 
14 
16 
95 
# clone tree 53 objective: 3.96152
0 97 1 84 35 
63 28 10 
35 63 
10 87 
87 62 53 21 
21 91 9 
9 65 70 
70 61 78 86 19 
19 47 51 71 
65 88 
28 80 69 
25 36 98 48 
74 52 
71 79 68 67 
88 43 75 25 
48 46 
46 30 4 
69 59 32 
52 41 
67 22 74 
41 11 
32 94 31 
91 37 93 45 
11 33 55 
4 60 
55 34 49 
31 64 83 
83 92 
84 85 
90 3 23 
45 90 
51 44 
60 6 57 
49 17 81 
92 95 29 
34 66 
85 58 
53 39 
93 20 
80 73 5 
57 89 77 
29 26 
39 27 24 82 
44 56 
81 13 
12 
30 12 
66 7 
26 54 
58 40 
40 50 
54 99 
56 
62 
5 96 
17 
23 42 
77 38 
98 
7 
86 
2 
82 
50 2 
64 18 
99 8 
68 
78 
73 
3 72 
15 
72 14 
89 15 
13 
22 
33 
37 
1 
75 
18 76 
59 
94 
20 
8 
6 
42 
38 
97 
24 
36 
61 16 
96 
47 
43 
79 
76 
27 
14 
16 
95 
# clone tree 54 objective: 3.96152
0 97 1 84 35 
63 28 10 
35 63 
10 87 
87 62 53 21 
21 91 9 
9 65 70 
70 61 78 86 19 
19 47 51 71 
65 88 
28 80 69 
25 36 98 48 
74 52 
71 68 67 
88 43 75 25 
48 46 
46 16 30 4 
69 59 32 
52 41 
67 22 74 
41 11 
32 94 31 
91 37 93 45 
11 33 55 
4 60 
55 34 49 
31 64 83 
83 92 
84 85 
90 3 23 
45 90 
51 44 
60 6 57 
49 17 81 
92 29 
34 14 66 
85 58 
53 39 
93 27 20 
80 73 5 
57 89 77 
29 26 
39 24 82 
44 56 
81 13 
12 
30 12 
66 7 
26 54 
58 40 
40 50 
54 99 
56 
62 
5 96 
17 
23 42 
77 38 
98 
7 
86 
2 
82 
50 2 
64 18 
99 8 
68 
78 95 
73 79 
3 72 
15 
72 
89 15 
13 
22 
33 
37 
1 
75 
18 76 
59 
94 
20 
8 
6 
42 
38 
97 
24 
36 
61 
96 
47 
43 
79 
76 
27 
14 
16 
95 
# clone tree 55 objective: 3.96152
0 97 1 84 35 
63 28 10 
35 36 63 
10 87 
87 62 53 21 
21 91 9 
9 65 70 
70 61 86 19 
19 51 71 
65 88 
28 80 69 
25 98 48 
74 27 52 
71 68 67 
88 75 25 
48 46 
46 30 4 
69 59 32 
52 41 
67 22 74 
41 11 
32 94 31 
91 37 93 45 
11 33 55 
4 78 60 
55 34 49 
31 64 83 
83 92 
84 20 85 
90 3 23 
45 90 
51 44 
60 6 57 
49 17 81 
92 29 
34 96 66 
85 58 
53 39 
93 
80 14 73 5 
57 89 77 
29 26 
39 24 82 
44 56 
81 13 
12 
30 12 
66 7 
26 54 
58 40 
40 50 
54 99 
56 
62 
5 
17 
23 42 
77 95 38 
98 
7 
86 
2 76 
82 
50 2 
64 18 
99 16 8 
68 
78 
73 
3 72 
15 
72 79 
89 15 
13 
22 47 
33 
37 43 
1 
75 
18 
59 
94 
20 
8 
6 
42 
38 
97 
24 
36 
61 
96 
47 
43 
79 
76 
27 
14 
16 
95 
# clone tree 56 objective: 3.96152
0 97 1 84 35 
63 28 10 
35 16 63 
10 87 
87 62 53 21 
21 91 9 
9 65 70 
70 24 78 86 19 
19 51 71 
65 36 88 
28 80 69 
25 98 48 
74 52 
71 79 68 67 
88 43 75 25 
48 46 
46 30 4 
69 59 32 
52 41 
67 22 74 
41 11 
32 47 94 31 
91 37 93 45 
11 33 55 
4 60 
55 34 49 
31 64 83 
83 92 
84 20 85 
90 3 23 
45 90 
51 44 
60 6 57 
49 17 81 
92 29 
34 66 
85 58 
53 39 
93 
80 61 73 5 
57 89 77 
29 26 
39 82 
44 56 
81 13 
12 96 
30 12 
66 7 
26 54 
58 40 
40 95 50 
54 99 
56 
62 
5 
17 
23 42 
77 38 
98 
7 27 
86 
2 
82 
50 2 
64 18 
99 8 
68 
78 
73 14 
3 72 
15 
72 
89 15 
13 
22 
33 
37 
1 
75 
18 76 
59 
94 
20 
8 
6 
42 
38 
97 
24 
36 
61 
96 
47 
43 
79 
76 
27 
14 
16 
95 
# clone tree 57 objective: 3.96152
0 97 1 84 35 
63 16 28 10 
35 36 63 
10 87 
87 62 53 21 
21 91 9 
9 65 70 
70 61 86 19 
19 51 71 
65 88 
28 80 69 
25 98 48 
74 52 
71 79 68 67 
88 75 25 
48 46 
46 30 4 
69 59 32 
52 41 
67 22 74 
41 11 
32 94 31 
91 37 93 45 
11 33 55 
4 78 60 
55 34 49 
31 64 83 
83 92 
84 20 85 
90 3 23 
45 14 90 
51 44 
60 6 57 
49 17 81 
92 29 
34 47 96 66 
85 58 
53 39 
93 
80 73 5 
57 27 89 77 
29 26 
39 24 82 
44 56 
81 13 
12 
30 12 
66 7 
26 54 
58 40 
40 50 
54 99 
56 
62 
5 
17 
23 42 
77 38 
98 
7 
86 
2 
82 
50 2 
64 18 
99 8 
68 
78 
73 
3 72 
15 
72 
89 15 
13 
22 
33 
37 43 
1 
75 95 76 
18 
59 
94 
20 
8 
6 
42 
38 
97 
24 
36 
61 
96 
47 
43 
79 
76 
27 
14 
16 
95 
# clone tree 58 objective: 3.96152
0 97 1 84 35 
63 28 10 
35 36 63 
10 87 
87 62 53 21 
21 91 9 
9 65 70 
70 96 61 86 19 
19 51 71 
65 88 
28 80 69 
25 98 48 
74 27 52 
71 79 68 67 
88 43 75 25 
48 46 
46 30 4 
69 59 32 
52 41 
67 22 74 
41 16 11 
32 47 94 31 
91 37 93 45 
11 33 55 
4 60 
55 34 49 
31 64 83 
83 92 
84 20 85 
90 3 23 
45 78 90 
51 44 
60 6 57 
49 17 81 
92 29 
34 66 
85 58 
53 39 
93 
80 73 5 
57 89 77 
29 26 
39 24 82 
44 56 
81 13 
12 
30 12 
66 7 
26 54 
58 40 
40 50 
54 99 
56 
62 
5 
17 
23 14 42 
77 38 
98 95 
7 
86 
2 
82 
50 2 
64 18 
99 8 
68 
78 
73 
3 72 
15 
72 
89 15 
13 
22 
33 
37 
1 
75 
18 76 
59 
94 
20 
8 
6 
42 
38 
97 
24 
36 
61 
96 
47 
43 
79 
76 
27 
14 
16 
95 
# clone tree 59 objective: 3.96152
0 97 1 84 35 
63 95 28 10 
35 36 63 
10 87 
87 62 53 21 
21 91 9 
9 65 70 
70 96 61 86 19 
19 51 71 
65 88 
28 80 69 
25 98 48 
74 52 
71 68 67 
88 75 25 
48 46 
46 30 4 
69 59 32 
52 41 
67 22 74 
41 11 
32 94 31 
91 37 93 45 
11 33 55 
4 60 
55 34 49 
31 64 83 
83 92 
84 27 20 85 
90 3 23 
45 78 90 
51 44 
60 6 57 
49 17 81 
92 29 
34 66 
85 58 
53 39 
93 47 
80 73 5 
57 89 77 
29 26 
39 24 82 
44 56 
81 13 
12 
30 12 
66 7 
26 54 
58 40 
40 50 
54 99 
56 
62 
5 14 
17 
23 42 
77 38 
98 
7 
86 
2 
82 
50 2 
64 18 
99 8 
68 
78 
73 79 
3 16 72 
15 
72 
89 15 
13 
22 
33 
37 43 
1 
75 
18 76 
59 
94 
20 
8 
6 
42 
38 
97 
24 
36 
61 
96 
47 
43 
79 
76 
27 
14 
16 
95 
# clone tree 60 objective: 3.96152
0 97 1 84 35 
63 28 10 
35 63 
10 87 
87 62 53 21 
21 91 9 
9 65 70 
70 61 78 86 19 
19 47 51 71 
65 88 
28 80 69 
25 36 98 48 
74 27 52 
71 68 67 
88 43 75 25 
48 46 
46 30 4 
69 59 32 
52 41 
67 22 74 
41 11 
32 94 31 
91 37 93 45 
11 33 55 
4 60 
55 34 49 
31 64 83 
83 95 92 
84 85 
90 3 23 
45 90 
51 44 
60 6 57 
49 17 81 
92 29 
34 66 
85 58 
53 39 
93 20 
80 73 5 
57 89 77 
29 26 
39 24 82 
44 56 
81 13 
12 
30 12 
66 7 
26 54 
58 40 
40 50 
54 99 
56 
62 
5 16 96 
17 
23 42 
77 38 
98 
7 
86 
2 
82 
50 2 
64 18 
99 8 
68 
78 
73 79 
3 72 
15 
72 14 
89 15 
13 
22 
33 
37 
1 
75 76 
18 
59 
94 
20 
8 
6 
42 
38 
97 
24 
36 
61 
96 
47 
43 
79 
76 
27 
14 
16 
95 
# clone tree 61 objective: 3.96152
0 97 1 84 35 
63 95 28 10 
35 36 63 
10 87 
87 62 53 21 
21 91 9 
9 65 70 
70 96 61 86 19 
19 51 71 
65 88 
28 80 69 
25 98 48 
74 52 
71 68 67 
88 75 25 
48 46 
46 30 4 
69 59 32 
52 41 
67 22 74 
41 11 
32 94 31 
91 37 93 45 
11 33 55 
4 60 
55 34 49 
31 64 83 
83 92 
84 16 27 20 85 
90 3 23 
45 78 90 
51 44 
60 6 57 
49 17 81 
92 29 
34 66 
85 58 
53 39 
93 47 
80 73 5 
57 89 77 
29 26 
39 24 82 
44 56 
81 13 
12 
30 12 
66 7 
26 54 
58 40 
40 50 
54 99 
56 
62 
5 14 
17 
23 42 
77 38 
98 
7 
86 
2 
82 
50 2 
64 18 
99 8 
68 
78 
73 79 
3 72 
15 
72 
89 15 
13 
22 
33 
37 43 
1 
75 
18 76 
59 
94 
20 
8 
6 
42 
38 
97 
24 
36 
61 
96 
47 
43 
79 
76 
27 
14 
16 
95 
# clone tree 62 objective: 3.96152
0 97 1 84 35 
63 28 10 
35 36 63 
10 87 
87 62 53 21 
21 91 9 
9 65 70 
70 96 61 86 19 
19 51 71 
65 88 
28 80 69 
25 98 48 
74 52 
71 68 67 
88 75 25 
48 46 
46 30 4 
69 59 32 
52 41 
67 22 74 
41 11 
32 94 31 
91 37 93 45 
11 33 55 
4 60 
55 34 49 
31 64 83 
83 92 
84 16 27 20 85 
90 3 23 
45 78 90 
51 44 
60 6 57 
49 17 81 
92 29 
34 66 
85 58 
53 39 
93 47 
80 73 5 
57 89 77 
29 26 
39 24 82 
44 56 
81 13 
12 
30 12 
66 7 
26 54 
58 40 
40 50 
54 99 
56 
62 
5 14 
17 95 
23 42 
77 38 
98 
7 
86 
2 
82 
50 2 
64 18 
99 8 
68 
78 
73 79 
3 72 
15 
72 
89 15 
13 
22 
33 
37 43 
1 
75 
18 76 
59 
94 
20 
8 
6 
42 
38 
97 
24 
36 
61 
96 
47 
43 
79 
76 
27 
14 
16 
95 
# clone tree 63 objective: 3.96152
0 97 1 84 35 
63 28 10 
35 63 
10 87 
87 62 53 21 
21 91 9 
9 65 70 
70 24 78 86 19 
19 51 71 
65 36 88 
28 80 69 
25 98 48 
74 52 
71 79 68 67 
88 43 75 25 
48 46 
46 30 4 
69 59 32 
52 41 
67 22 74 
41 11 
32 47 94 31 
91 37 93 45 
11 33 55 
4 60 
55 34 49 
31 64 83 
83 92 
84 20 85 
90 3 23 
45 90 
51 44 
60 6 57 
49 17 81 
92 29 
34 66 
85 58 
53 39 
93 
80 61 73 5 
57 89 77 
29 26 
39 82 
44 56 
81 13 
12 96 
30 12 
66 7 
26 54 
58 40 
40 50 
54 99 
56 
62 
5 
17 
23 42 
77 38 
98 
7 27 
86 
2 
82 
50 2 
64 18 
99 8 
68 
78 
73 14 
3 72 
15 
72 
89 15 
13 
22 
33 
37 
1 
75 16 
18 76 
59 
94 
20 
8 95 
6 
42 
38 
97 
24 
36 
61 
96 
47 
43 
79 
76 
27 
14 
16 
95 
# clone tree 64 objective: 3.96152
0 97 1 84 35 
63 28 10 
35 63 
10 87 
87 62 53 21 
21 91 9 
9 65 70 
70 61 78 86 19 
19 47 51 71 
65 88 
28 80 69 
25 36 98 48 
74 52 
71 79 68 67 
88 43 75 25 
48 46 
46 30 4 
69 59 32 
52 41 
67 22 74 
41 11 
32 94 31 
91 37 93 45 
11 33 55 
4 60 
55 34 49 
31 64 83 
83 92 
84 85 
90 3 23 
45 90 
51 44 
60 6 57 
49 17 81 
92 29 
34 66 
85 58 
53 95 39 
93 20 
80 73 5 
57 89 77 
29 26 
39 24 82 
44 56 
81 13 
12 
30 12 
66 7 
26 54 
58 40 
40 50 
54 99 
56 
62 
5 96 
17 
23 42 
77 38 
98 
7 
86 
2 
82 
50 2 
64 18 
99 8 
68 
78 
73 14 
3 72 
15 
72 
89 15 
13 16 
22 
33 
37 
1 
75 76 
18 
59 
94 
20 27 
8 
6 
42 
38 
97 
24 
36 
61 
96 
47 
43 
79 
76 
27 
14 
16 
95 
# clone tree 65 objective: 3.96152
0 97 1 84 35 
63 28 10 
35 36 63 
10 87 
87 62 53 21 
21 91 9 
9 65 70 
70 61 86 19 
19 51 71 
65 88 
28 80 69 
25 98 48 
74 27 52 
71 68 67 
88 75 25 
48 46 
46 30 4 
69 59 32 
52 41 
67 22 74 
41 11 
32 94 31 
91 37 93 45 
11 33 55 
4 78 60 
55 34 49 
31 64 83 
83 92 
84 20 85 
90 3 23 
45 90 
51 44 
60 6 57 
49 17 81 
92 29 
34 96 66 
85 58 
53 39 
93 
80 73 5 
57 89 77 
29 26 
39 24 82 
44 56 
81 13 
12 
30 12 
66 7 
26 54 
58 40 
40 50 
54 99 
56 
62 95 
5 
17 
23 42 
77 38 
98 
7 
86 
2 76 
82 
50 2 
64 18 
99 8 
68 
78 
73 
3 72 
15 
72 79 
89 14 15 
13 
22 47 
33 
37 43 
1 
75 
18 
59 
94 
20 
8 
6 
42 
38 
97 
24 
36 
61 
96 
47 
43 
79 
76 
27 
14 16 
16 
95 
# clone tree 66 objective: 3.96152
0 97 1 84 35 
63 28 10 
35 63 
10 87 
87 62 53 21 
21 16 91 9 
9 65 70 
70 61 78 86 19 
19 51 71 
65 88 
28 80 69 
25 36 98 48 
74 52 
71 27 68 67 
88 43 75 25 
48 46 
46 30 4 
69 59 32 
52 79 41 
67 22 74 
41 11 
32 94 31 
91 37 93 45 
11 33 55 
4 60 
55 34 49 
31 64 83 
83 92 
84 85 
90 3 23 
45 95 90 
51 44 
60 6 57 
49 17 81 
92 29 
34 47 66 
85 58 
53 39 
93 14 20 
80 73 5 
57 89 77 
29 26 
39 24 82 
44 56 
81 13 
12 
30 12 
66 7 
26 54 
58 40 
40 50 
54 99 
56 
62 
5 96 
17 
23 42 
77 38 
98 
7 
86 
2 
82 
50 2 
64 18 
99 8 
68 
78 
73 
3 72 
15 
72 
89 15 
13 
22 
33 
37 
1 
75 
18 76 
59 
94 
20 
8 
6 
42 
38 
97 
24 
36 
61 
96 
47 
43 
79 
76 
27 
14 
16 
95 
# clone tree 67 objective: 3.96152
0 97 1 84 35 
63 28 10 
35 63 
10 87 
87 95 62 53 21 
21 91 9 
9 65 70 
70 24 78 86 19 
19 51 71 
65 36 88 
28 80 69 
25 98 48 
74 52 
71 79 68 67 
88 43 75 25 
48 46 
46 30 4 
69 59 32 
52 41 
67 22 74 
41 11 
32 47 94 31 
91 37 93 45 
11 33 55 
4 60 
55 34 49 
31 64 83 
83 92 
84 20 85 
90 3 23 
45 90 
51 44 
60 6 57 
49 17 81 
92 29 
34 66 
85 58 
53 39 
93 
80 61 73 5 
57 89 77 
29 26 
39 82 
44 56 
81 13 
12 96 
30 12 
66 7 
26 54 
58 40 
40 50 
54 99 
56 
62 
5 14 
17 
23 42 
77 38 
98 
7 
86 
2 
82 
50 2 
64 18 
99 8 
68 
78 
73 
3 72 
15 
72 
89 16 15 
13 
22 
33 
37 
1 
75 
18 76 
59 
94 
20 27 
8 
6 
42 
38 
97 
24 
36 
61 
96 
47 
43 
79 
76 
27 
14 
16 
95 
# clone tree 68 objective: 3.96152
0 97 84 35 
63 28 10 
35 63 
10 87 
87 62 53 21 
21 91 9 
9 65 70 
70 24 86 19 
19 51 71 
65 36 88 
28 80 69 
25 98 48 
74 52 
71 79 68 67 
88 75 25 
48 46 
46 30 4 
69 59 32 
52 41 
67 22 74 
41 11 
32 27 94 31 
91 37 93 45 
11 33 55 
4 60 
55 34 49 
31 64 83 
83 92 
84 47 85 
90 3 23 
45 78 90 
51 44 
60 6 57 
49 17 81 
92 29 
34 96 66 
85 58 
53 39 
93 20 
80 61 73 5 
57 89 77 
29 26 
39 82 
44 1 56 
81 13 
12 
30 12 
66 7 
26 54 
58 40 
40 50 
54 99 
56 
62 
5 
17 95 
23 42 
77 38 
98 
7 
86 
2 76 
82 
50 2 
64 18 
99 8 
68 
78 
73 
3 72 
15 
72 
89 15 
13 
22 
33 
37 16 43 
1 
75 
18 
59 
94 
20 
8 
6 
42 
38 
97 
24 
36 
61 
96 14 
47 
43 
79 
76 
27 
14 
16 
95 
# clone tree 69 objective: 3.96152
0 97 84 35 
63 28 10 
35 63 
10 87 
87 62 53 21 
21 91 9 
9 65 70 
70 24 86 19 
19 51 71 
65 36 88 
28 80 69 
25 98 48 
74 52 
71 79 68 67 
88 75 25 
48 46 
46 30 4 
69 59 32 
52 41 
67 22 74 
41 11 
32 27 94 31 
91 37 93 45 
11 33 55 
4 60 
55 34 49 
31 64 83 
83 92 
84 47 85 
90 3 23 
45 78 90 
51 44 
60 6 57 
49 17 81 
92 29 
34 95 96 66 
85 58 
53 39 
93 20 
80 61 73 5 
57 89 77 
29 26 
39 82 
44 1 56 
81 13 
12 
30 12 
66 7 
26 54 
58 40 
40 50 
54 99 
56 
62 
5 
17 
23 42 
77 38 
98 
7 
86 
2 76 
82 
50 2 
64 18 
99 8 
68 
78 
73 
3 72 
15 
72 16 
89 15 
13 
22 
33 
37 43 
1 
75 
18 
59 
94 
20 
8 
6 
42 
38 
97 
24 
36 
61 
96 14 
47 
43 
79 
76 
27 
14 
16 
95 
# clone tree 70 objective: 3.96152
0 97 84 35 
63 28 10 
35 63 
10 87 
87 62 53 21 
21 91 9 
9 65 70 
70 24 86 19 
19 51 71 
65 36 88 
28 80 69 
25 98 48 
74 52 
71 79 68 67 
88 75 25 
48 46 
46 30 4 
69 59 32 
52 41 
67 22 74 
41 11 
32 27 94 31 
91 37 93 45 
11 33 55 
4 60 
55 34 49 
31 64 83 
83 92 
84 47 85 
90 3 23 
45 78 90 
51 44 
60 6 57 
49 17 81 
92 29 
34 96 66 
85 58 
53 39 
93 20 
80 61 73 5 
57 89 77 
29 26 
39 82 
44 1 56 
81 13 
12 
30 12 
66 7 
26 54 
58 40 
40 50 
54 99 
56 
62 
5 
17 
23 42 
77 38 
98 
7 
86 
2 76 
82 
50 2 
64 18 
99 8 
68 
78 
73 
3 72 
15 
72 16 
89 15 
13 
22 
33 
37 43 
1 
75 
18 
59 
94 
20 
8 
6 
42 
38 95 
97 
24 
36 
61 
96 14 
47 
43 
79 
76 
27 
14 
16 
95 
# clone tree 71 objective: 3.96152
0 97 84 35 
63 28 10 
35 63 
10 87 
87 62 53 21 
21 91 9 
9 65 70 
70 24 86 19 
19 51 71 
65 36 88 
28 80 69 
25 98 48 
74 52 
71 79 68 67 
88 75 25 
48 46 
46 30 4 
69 59 32 
52 41 
67 22 74 
41 11 
32 27 94 31 
91 37 93 45 
11 33 55 
4 60 
55 34 49 
31 64 83 
83 92 
84 47 85 
90 3 23 
45 78 90 
51 44 
60 6 57 
49 17 81 
92 29 
34 96 66 
85 58 
53 39 
93 20 
80 61 73 5 
57 89 77 
29 26 
39 82 
44 1 56 
81 13 
12 
30 12 
66 7 
26 54 
58 40 
40 50 
54 99 
56 
62 
5 
17 
23 42 
77 38 
98 
7 
86 
2 76 
82 
50 2 
64 18 
99 8 
68 
78 
73 
3 72 
15 
72 
89 15 
13 
22 
33 
37 43 
1 
75 
18 
59 
94 
20 16 
8 
6 
42 95 
38 
97 
24 
36 
61 
96 14 
47 
43 
79 
76 
27 
14 
16 
95 
# clone tree 72 objective: 3.96152
0 97 84 35 
63 28 10 
35 63 
10 87 
87 62 53 21 
21 91 9 
9 65 70 
70 24 86 19 
19 51 71 
65 36 88 
28 80 69 
25 98 48 
74 52 
71 95 79 68 67 
88 75 25 
48 46 
46 30 4 
69 59 32 
52 41 
67 22 74 
41 11 
32 94 31 
91 37 93 45 
11 33 55 
4 60 
55 34 49 
31 64 83 
83 92 
84 47 85 
90 3 23 
45 78 90 
51 44 
60 6 57 
49 17 81 
92 29 
34 27 96 66 
85 58 
53 39 
93 20 
80 61 73 5 
57 89 77 
29 26 
39 82 
44 1 56 
81 13 
12 14 
30 12 
66 7 
26 54 
58 40 
40 50 
54 99 
56 
62 
5 
17 
23 42 
77 38 
98 
7 
86 
2 76 
82 
50 2 
64 18 
99 8 
68 
78 
73 
3 72 
15 
72 
89 15 
13 
22 
33 
37 43 
1 
75 
18 
59 
94 
20 
8 
6 
42 
38 
97 
24 
36 
61 
96 
47 
43 
79 
76 
27 16 
14 
16 
95 
# clone tree 73 objective: 3.96152
0 97 1 84 35 
63 28 10 
35 36 63 
10 87 
87 62 53 21 
21 91 9 
9 65 70 
70 96 61 86 19 
19 51 71 
65 88 
28 80 69 
25 98 48 
74 52 
71 68 67 
88 75 25 
48 46 
46 30 4 
69 59 32 
52 41 
67 22 74 
41 11 
32 94 31 
91 37 93 45 
11 33 55 
4 60 
55 34 49 
31 64 83 
83 92 
84 27 20 85 
90 16 3 23 
45 78 90 
51 44 
60 6 57 
49 17 81 
92 29 
34 66 
85 58 
53 39 
93 47 
80 73 5 
57 89 77 
29 26 
39 24 82 
44 56 
81 13 
12 95 
30 12 
66 7 
26 54 
58 40 
40 50 
54 99 
56 
62 
5 14 
17 
23 42 
77 38 
98 
7 
86 
2 
82 
50 2 
64 18 
99 8 
68 
78 
73 79 
3 72 
15 
72 
89 15 
13 
22 
33 
37 43 
1 
75 
18 76 
59 
94 
20 
8 
6 
42 
38 
97 
24 
36 
61 
96 
47 
43 
79 
76 
27 
14 
16 
95 
# clone tree 74 objective: 3.96152
0 97 1 84 35 
63 28 10 
35 36 63 
10 87 
87 62 53 21 
21 91 9 
9 65 70 
70 61 86 19 
19 51 71 
65 88 
28 80 69 
25 98 48 
74 52 
71 68 67 
88 75 25 
48 46 
46 30 4 
69 59 32 
52 41 
67 22 74 
41 11 
32 47 94 31 
91 37 93 45 
11 33 55 
4 78 60 
55 34 49 
31 64 83 
83 92 
84 14 20 85 
90 3 23 
45 90 
51 44 
60 6 57 
49 95 17 81 
92 29 
34 96 66 
85 58 
53 39 
93 
80 73 5 
57 89 77 
29 26 
39 24 82 
44 56 
81 13 
12 
30 12 
66 7 
26 54 
58 40 
40 50 
54 99 
56 
62 
5 
17 
23 42 
77 38 
98 
7 
86 
2 
82 
50 2 
64 18 
99 8 
68 
78 16 
73 
3 72 
15 
72 79 
89 15 
13 
22 27 
33 
37 43 
1 
75 76 
18 
59 
94 
20 
8 
6 
42 
38 
97 
24 
36 
61 
96 
47 
43 
79 
76 
27 
14 
16 
95 
# clone tree 75 objective: 3.96152
0 97 1 84 35 
63 28 10 
35 63 
10 87 
87 62 53 21 
21 91 9 
9 65 70 
70 61 78 86 19 
19 51 71 
65 88 
28 80 69 
25 36 98 48 
74 52 
71 79 68 67 
88 43 75 25 
48 46 
46 30 4 
69 59 32 
52 41 
67 22 74 
41 11 
32 94 31 
91 37 93 45 
11 33 55 
4 60 
55 34 49 
31 64 83 
83 92 
84 47 85 
90 3 23 
45 90 
51 44 
60 6 57 
49 17 81 
92 29 
34 66 
85 58 
53 39 
93 27 20 
80 73 5 
57 89 77 
29 26 
39 24 82 
44 56 
81 13 
12 
30 12 
66 7 
26 54 
58 40 
40 50 
54 99 
56 
62 
5 96 
17 
23 42 
77 38 
98 
7 
86 
2 
82 
50 2 
64 18 
99 8 
68 
78 
73 
3 72 
15 
72 
89 15 
13 
22 
33 
37 
1 
75 
18 76 
59 16 
94 
20 
8 
6 
42 
38 
97 
24 
36 
61 14 
96 
47 
43 95 
79 
76 
27 
14 
16 
95 
# clone tree 76 objective: 3.96152
0 97 84 35 
63 28 10 
35 63 
10 87 
87 62 53 21 
21 91 9 
9 36 65 70 
70 24 86 19 
19 47 51 71 
65 88 
28 80 69 
25 98 48 
74 52 
71 79 68 67 
88 43 75 25 
48 46 
46 30 4 
69 59 32 
52 41 
67 22 74 
41 11 
32 94 31 
91 37 93 45 
11 33 55 
4 60 
55 34 49 
31 64 83 
83 92 
84 85 
90 3 23 
45 78 90 
51 61 44 
60 6 57 
49 17 81 
92 29 
34 27 66 
85 58 
53 39 
93 20 
80 73 5 
57 16 89 77 
29 26 
39 82 
44 1 56 
81 13 
12 96 
30 12 
66 7 
26 14 54 
58 40 
40 50 
54 99 
56 
62 
5 
17 
23 42 
77 38 
98 
7 
86 
2 
82 
50 2 
64 18 
99 8 
68 
78 
73 
3 72 
15 
72 
89 15 
13 
22 
33 95 
37 
1 
75 76 
18 
59 
94 
20 
8 
6 
42 
38 
97 
24 
36 
61 
96 
47 
43 
79 
76 
27 
14 
16 
95 
# clone tree 77 objective: 3.96152
0 97 84 35 
63 28 10 
35 63 
10 87 
87 62 53 21 
21 91 9 
9 65 70 
70 24 86 19 
19 51 71 
65 36 88 
28 80 69 
25 98 48 
74 52 
71 79 68 67 
88 75 25 
48 46 
46 30 4 
69 59 32 
52 41 
67 22 74 
41 11 
32 27 94 31 
91 37 93 45 
11 33 55 
4 60 
55 34 49 
31 64 83 
83 92 
84 47 85 
90 3 23 
45 78 90 
51 44 
60 6 57 
49 17 81 
92 29 
34 96 66 
85 58 
53 39 
93 20 
80 61 73 5 
57 89 77 
29 26 
39 82 
44 1 56 
81 13 
12 95 
30 12 
66 7 
26 54 
58 40 
40 50 
54 99 
56 
62 
5 
17 
23 42 
77 38 
98 
7 
86 
2 76 
82 
50 2 
64 18 
99 8 
68 
78 
73 
3 72 
15 16 
72 
89 15 
13 
22 
33 
37 43 
1 
75 
18 
59 
94 
20 
8 
6 
42 
38 
97 
24 
36 
61 
96 14 
47 
43 
79 
76 
27 
14 
16 
95 
# clone tree 78 objective: 3.96152
0 97 1 84 35 
63 28 10 
35 63 
10 87 
87 62 53 21 
21 91 9 
9 65 70 
70 61 78 86 19 
19 47 51 71 
65 88 
28 80 69 
25 36 98 48 
74 27 52 
71 68 67 
88 16 43 75 25 
48 46 
46 30 4 
69 59 32 
52 41 
67 22 74 
41 11 
32 94 31 
91 37 93 45 
11 33 55 
4 60 
55 34 49 
31 64 83 
83 92 
84 85 
90 3 23 
45 90 
51 44 
60 95 6 57 
49 17 81 
92 29 
34 14 66 
85 58 
53 39 
93 20 
80 73 5 
57 89 77 
29 26 
39 24 82 
44 56 
81 13 
12 
30 12 
66 7 
26 54 
58 40 
40 50 
54 99 
56 
62 
5 96 
17 
23 42 
77 38 
98 
7 
86 
2 
82 
50 2 
64 18 
99 8 
68 
78 
73 79 
3 72 
15 
72 
89 15 
13 
22 
33 
37 
1 
75 76 
18 
59 
94 
20 
8 
6 
42 
38 
97 
24 
36 
61 
96 
47 
43 
79 
76 
27 
14 
16 
95 
# clone tree 79 objective: 3.96152
0 97 1 84 35 
63 28 10 
35 63 
10 87 
87 62 53 21 
21 91 9 
9 65 70 
70 61 78 86 19 
19 51 71 
65 88 
28 80 69 
25 36 98 48 
74 52 
71 27 68 67 
88 43 75 25 
48 46 
46 30 4 
69 59 32 
52 79 41 
67 22 74 
41 11 
32 94 31 
91 37 93 45 
11 33 55 
4 60 
55 34 49 
31 64 83 
83 92 
84 14 85 
90 3 23 
45 90 
51 44 
60 6 57 
49 17 81 
92 29 
34 47 66 
85 58 
53 39 
93 20 
80 73 5 
57 89 77 
29 26 
39 24 82 
44 56 
81 13 
12 
30 12 
66 7 
26 54 
58 40 
40 50 
54 99 
56 
62 
5 96 
17 
23 42 
77 38 
98 
7 
86 
2 
82 16 
50 2 
64 18 
99 8 
68 
78 
73 
3 72 
15 
72 
89 15 
13 
22 
33 
37 
1 95 
75 
18 76 
59 
94 
20 
8 
6 
42 
38 
97 
24 
36 
61 
96 
47 
43 
79 
76 
27 
14 
16 
95 
# clone tree 80 objective: 3.96152
0 97 84 35 
63 28 10 
35 63 
10 87 
87 62 53 21 
21 91 9 
9 65 70 
70 24 86 19 
19 51 71 
65 36 88 
28 80 69 
25 98 48 
74 27 52 
71 79 68 67 
88 75 25 
48 46 
46 30 4 
69 59 32 
52 41 
67 22 74 
41 11 
32 94 31 
91 37 93 45 
11 33 55 
4 14 60 
55 34 49 
31 64 83 
83 92 
84 47 85 
90 3 23 
45 78 90 
51 44 
60 6 57 
49 95 17 81 
92 29 
34 96 66 
85 58 
53 39 
93 20 
80 61 73 5 
57 89 77 
29 26 
39 82 
44 1 56 
81 13 
12 
30 12 
66 7 
26 54 
58 40 
40 50 
54 99 
56 
62 
5 
17 
23 42 
77 38 
98 
7 
86 
2 
82 
50 2 
64 18 
99 8 
68 16 
78 
73 
3 72 
15 
72 
89 15 
13 
22 
33 
37 43 
1 
75 
18 76 
59 
94 
20 
8 
6 
42 
38 
97 
24 
36 
61 
96 
47 
43 
79 
76 
27 
14 
16 
95 
# clone tree 81 objective: 3.96152
0 97 1 84 35 
63 28 10 
35 36 63 
10 87 
87 62 53 21 
21 91 9 
9 65 70 
70 96 61 86 19 
19 51 71 
65 88 
28 80 69 
25 98 48 
74 52 
71 68 67 
88 75 25 
48 46 
46 30 4 
69 59 32 
52 41 
67 22 74 
41 11 
32 94 31 
91 37 93 45 
11 33 55 
4 60 
55 34 49 
31 64 83 
83 92 
84 27 20 85 
90 3 23 
45 78 90 
51 44 
60 6 57 
49 17 81 
92 29 
34 66 
85 58 
53 39 
93 16 47 
80 73 5 
57 89 77 
29 26 
39 24 82 
44 56 
81 13 
12 
30 95 12 
66 7 
26 54 
58 40 
40 50 
54 99 
56 
62 
5 14 
17 
23 42 
77 38 
98 
7 
86 
2 
82 
50 2 
64 18 
99 8 
68 
78 
73 79 
3 72 
15 
72 
89 15 
13 
22 
33 
37 43 
1 
75 
18 76 
59 
94 
20 
8 
6 
42 
38 
97 
24 
36 
61 
96 
47 
43 
79 
76 
27 
14 
16 
95 
# clone tree 82 objective: 3.96152
0 97 84 35 
63 28 10 
35 63 
10 87 
87 62 53 21 
21 91 9 
9 65 70 
70 14 24 86 19 
19 51 71 
65 36 88 
28 80 69 
25 98 48 
74 52 
71 68 67 
88 43 75 25 
48 46 
46 30 4 
69 59 32 
52 41 
67 22 74 
41 11 
32 47 94 31 
91 37 93 45 
11 33 55 
4 60 
55 34 49 
31 64 83 
83 92 
84 85 
90 3 23 
45 78 90 
51 44 
60 6 57 
49 17 81 
92 29 
34 96 66 
85 58 
53 39 
93 20 
80 61 73 5 
57 89 77 
29 26 
39 82 
44 1 56 
81 13 
12 
30 95 12 
66 7 
26 54 
58 40 
40 50 
54 99 
56 
62 
5 
17 
23 42 
77 38 
98 
7 27 
86 
2 
82 
50 2 
64 18 
99 8 
68 
78 
73 16 79 
3 72 
15 
72 
89 15 
13 
22 
33 
37 
1 
75 76 
18 
59 
94 
20 
8 
6 
42 
38 
97 
24 
36 
61 
96 
47 
43 
79 
76 
27 
14 
16 
95 
# clone tree 83 objective: 3.96152
0 97 84 35 
63 95 28 10 
35 63 
10 87 
87 62 53 21 
21 91 9 
9 65 70 
70 24 86 19 
19 51 71 
65 36 88 
28 80 69 
25 98 48 
74 52 
71 79 68 67 
88 75 25 
48 46 
46 30 4 
69 59 32 
52 41 
67 22 74 
41 11 
32 94 31 
91 37 93 45 
11 33 55 
4 60 
55 34 49 
31 64 83 
83 92 
84 47 85 
90 3 23 
45 78 90 
51 44 
60 6 57 
49 17 81 
92 29 
34 96 66 
85 16 58 
53 39 
93 20 
80 61 73 5 
57 27 89 77 
29 26 
39 82 
44 1 56 
81 13 
12 
30 12 
66 7 
26 54 
58 40 
40 50 
54 99 
56 
62 
5 
17 
23 42 
77 38 
98 
7 
86 
2 76 
82 
50 2 
64 18 
99 8 
68 
78 
73 
3 72 
15 
72 14 
89 15 
13 
22 
33 
37 43 
1 
75 
18 
59 
94 
20 
8 
6 
42 
38 
97 
24 
36 
61 
96 
47 
43 
79 
76 
27 
14 
16 
95 
# clone tree 84 objective: 3.96152
0 97 84 35 
63 28 10 
35 63 
10 87 
87 62 53 21 
21 91 9 
9 65 70 
70 24 86 19 
19 51 71 
65 36 88 
28 80 69 
25 98 48 
74 52 
71 79 68 67 
88 75 25 
48 46 
46 30 4 
69 59 32 
52 41 
67 22 74 
41 11 
32 27 94 31 
91 37 93 45 
11 33 55 
4 60 
55 34 49 
31 64 83 
83 92 
84 47 85 
90 3 23 
45 78 90 
51 44 
60 6 57 
49 95 17 81 
92 29 
34 96 66 
85 58 
53 39 
93 20 
80 61 73 5 
57 89 77 
29 26 
39 82 
44 1 56 
81 13 
12 
30 12 
66 7 
26 54 
58 40 
40 50 
54 99 
56 
62 
5 
17 
23 42 
77 38 
98 
7 
86 
2 76 
82 
50 2 
64 18 
99 8 
68 
78 
73 
3 72 
15 
72 
89 15 
13 
22 
33 16 
37 43 
1 
75 
18 
59 
94 
20 
8 
6 
42 
38 
97 
24 
36 
61 
96 14 
47 
43 
79 
76 
27 
14 
16 
95 
# clone tree 85 objective: 3.96152
0 97 1 84 35 
63 28 10 
35 36 63 
10 87 
87 62 53 21 
21 91 9 
9 65 70 
70 61 86 19 
19 51 71 
65 88 
28 80 69 
25 98 48 
74 95 52 
71 68 67 
88 75 25 
48 46 
46 30 4 
69 59 32 
52 41 
67 22 74 
41 11 
32 47 94 31 
91 37 93 45 
11 33 55 
4 78 60 
55 34 49 
31 64 83 
83 92 
84 14 20 85 
90 3 23 
45 90 
51 16 44 
60 6 57 
49 17 81 
92 29 
34 27 96 66 
85 58 
53 39 
93 
80 73 5 
57 89 77 
29 26 
39 24 82 
44 56 
81 13 
12 
30 12 
66 7 
26 54 
58 40 
40 50 
54 99 
56 
62 
5 
17 
23 42 
77 38 
98 
7 
86 
2 
82 
50 2 
64 18 
99 8 
68 
78 
73 79 
3 72 
15 
72 
89 15 
13 
22 
33 
37 43 
1 
75 
18 76 
59 
94 
20 
8 
6 
42 
38 
97 
24 
36 
61 
96 
47 
43 
79 
76 
27 
14 
16 
95 
# clone tree 86 objective: 3.96152
0 97 1 84 35 
63 28 10 
35 36 63 
10 87 
87 16 62 53 21 
21 91 9 
9 65 70 
70 61 86 19 
19 51 71 
65 88 
28 80 69 
25 98 48 
74 52 
71 79 68 67 
88 75 25 
48 46 
46 30 4 
69 59 32 
52 41 
67 22 74 
41 11 
32 94 31 
91 37 93 45 
11 33 55 
4 78 60 
55 34 49 
31 64 83 
83 92 
84 20 85 
90 3 23 
45 90 
51 44 
60 6 57 
49 17 81 
92 29 
34 47 96 66 
85 58 
53 39 
93 
80 14 73 5 
57 27 89 77 
29 26 
39 24 82 
44 56 
81 13 
12 
30 12 
66 7 
26 54 
58 40 
40 50 
54 99 
56 
62 
5 
17 
23 42 
77 38 
98 
7 
86 
2 
82 
50 2 
64 18 
99 8 
68 
78 
73 
3 72 
15 
72 
89 15 
13 
22 
33 
37 43 
1 
75 76 
18 
59 
94 
20 
8 
6 
42 95 
38 
97 
24 
36 
61 
96 
47 
43 
79 
76 
27 
14 
16 
95 
# clone tree 87 objective: 3.96152
0 97 1 84 35 
63 28 10 
35 63 
10 87 
87 62 53 21 
21 91 9 
9 65 70 
70 61 78 86 19 
19 47 51 71 
65 88 
28 80 69 
25 36 98 48 
74 52 
71 68 67 
88 43 75 25 
48 46 
46 16 30 4 
69 59 32 
52 41 
67 22 74 
41 11 
32 94 31 
91 37 93 45 
11 33 55 
4 60 
55 34 49 
31 64 83 
83 92 
84 85 
90 3 23 
45 90 
51 44 
60 6 57 
49 17 81 
92 29 
34 14 66 
85 58 
53 39 
93 27 20 
80 73 5 
57 95 89 77 
29 26 
39 24 82 
44 56 
81 13 
12 
30 12 
66 7 
26 54 
58 40 
40 50 
54 99 
56 
62 
5 96 
17 
23 42 
77 38 
98 
7 
86 
2 
82 
50 2 
64 18 
99 8 
68 
78 
73 79 
3 72 
15 
72 
89 15 
13 
22 
33 
37 
1 
75 
18 76 
59 
94 
20 
8 
6 
42 
38 
97 
24 
36 
61 
96 
47 
43 
79 
76 
27 
14 
16 
95 
# clone tree 88 objective: 3.96152
0 97 1 84 35 
63 28 10 
35 63 
10 87 
87 62 53 21 
21 91 9 
9 65 70 
70 61 78 86 19 
19 47 51 71 
65 88 
28 80 69 
25 36 98 48 
74 52 
71 79 68 67 
88 43 75 25 
48 46 
46 30 4 
69 59 32 
52 41 
67 22 74 
41 11 
32 94 31 
91 37 93 45 
11 33 55 
4 60 
55 34 49 
31 64 83 
83 92 
84 85 
90 3 23 
45 90 
51 44 
60 6 57 
49 17 81 
92 29 
34 66 
85 58 
53 39 
93 20 
80 73 5 
57 89 77 
29 26 
39 27 24 82 
44 56 
81 13 
12 
30 12 
66 7 
26 54 
58 40 
40 50 
54 99 
56 
62 
5 96 
17 
23 42 
77 38 
98 
7 
86 
2 
82 
50 2 
64 18 
99 8 
68 
78 
73 
3 72 
15 
72 14 
89 15 
13 
22 95 
33 
37 
1 
75 
18 76 
59 
94 
20 
8 
6 
42 
38 
97 
24 
36 
61 16 
96 
47 
43 
79 
76 
27 
14 
16 
95 
# clone tree 89 objective: 3.96152
0 97 1 84 35 
63 28 10 
35 36 63 
10 87 
87 62 53 21 
21 91 9 
9 65 70 
70 96 61 86 19 
19 51 71 
65 88 
28 80 69 
25 98 48 
74 52 
71 68 67 
88 75 25 
48 46 
46 30 4 
69 59 32 
52 41 
67 22 74 
41 11 
32 94 31 
91 37 93 45 
11 33 55 
4 60 
55 34 49 
31 64 83 
83 92 
84 27 20 85 
90 3 23 
45 78 90 
51 44 
60 6 57 
49 17 81 
92 29 
34 66 
85 58 
53 39 
93 47 
80 73 5 
57 89 77 
29 26 
39 24 82 
44 56 
81 13 
12 
30 12 
66 7 
26 54 
58 40 
40 50 
54 99 
56 
62 
5 14 
17 
23 42 
77 38 
98 
7 
86 
2 
82 
50 2 
64 18 
99 8 
68 
78 
73 79 
3 72 
15 
72 
89 15 
13 
22 
33 
37 43 
1 
75 
18 76 
59 
94 
20 
8 
6 
42 
38 
97 95 
24 
36 
61 
96 
47 
43 
79 
76 
27 
14 16 
16 
95 
# clone tree 90 objective: 3.96152
0 97 1 84 35 
63 28 10 
35 63 
10 87 
87 62 53 21 
21 91 9 
9 65 70 
70 61 78 86 19 
19 47 51 71 
65 88 
28 80 69 
25 36 98 48 
74 27 52 
71 68 67 
88 43 75 25 
48 46 
46 30 4 
69 59 32 
52 41 
67 22 74 
41 11 
32 94 31 
91 37 93 45 
11 33 55 
4 60 
55 34 49 
31 64 83 
83 92 
84 85 
90 3 23 
45 90 
51 44 
60 6 57 
49 14 17 81 
92 29 
34 16 66 
85 58 
53 39 
93 20 
80 73 5 
57 89 77 
29 26 
39 24 82 
44 56 
81 13 
12 
30 12 
66 7 
26 54 
58 40 
40 50 
54 99 
56 
62 
5 96 
17 
23 42 
77 38 
98 
7 
86 95 
2 
82 
50 2 
64 18 
99 8 
68 
78 
73 79 
3 72 
15 
72 
89 15 
13 
22 
33 
37 
1 
75 76 
18 
59 
94 
20 
8 
6 
42 
38 
97 
24 
36 
61 
96 
47 
43 
79 
76 
27 
14 
16 
95 
# clone tree 91 objective: 3.96152
0 97 1 84 35 
63 28 10 
35 63 
10 87 
87 62 53 21 
21 91 9 
9 65 70 
70 78 86 19 
19 51 71 
65 88 
28 80 69 
25 98 48 
74 52 
71 68 67 
88 43 75 25 
48 46 
46 30 4 
69 59 32 
52 79 41 
67 22 74 
41 11 
32 47 94 31 
91 37 93 45 
11 33 55 
4 60 
55 34 49 
31 64 83 
83 92 
84 27 20 85 
90 16 3 23 
45 90 
51 44 
60 6 57 
49 17 81 
92 29 
34 66 
85 58 
53 39 
93 
80 61 73 5 
57 89 77 
29 26 
39 24 82 
44 56 
81 13 
12 
30 12 
66 14 7 
26 54 
58 40 
40 50 
54 99 
56 
62 
5 
17 
23 42 
77 38 
98 
7 
86 
2 95 
82 36 
50 2 
64 18 
99 8 
68 
78 96 
73 
3 72 
15 
72 
89 15 
13 
22 
33 
37 
1 
75 76 
18 
59 
94 
20 
8 
6 
42 
38 
97 
24 
36 
61 
96 
47 
43 
79 
76 
27 
14 
16 
95 
# clone tree 92 objective: 3.96152
0 97 1 84 35 
63 28 10 
35 63 
10 87 
87 62 53 21 
21 91 9 
9 65 70 
70 61 78 86 19 
19 47 51 71 
65 88 
28 80 69 
25 36 98 48 
74 52 
71 79 68 67 
88 43 75 25 
48 46 
46 30 4 
69 59 32 
52 41 
67 22 74 
41 11 
32 94 31 
91 37 93 45 
11 33 55 
4 60 
55 34 49 
31 64 83 
83 92 
84 85 
90 3 23 
45 90 
51 14 44 
60 6 57 
49 17 81 
92 29 
34 27 66 
85 58 
53 39 
93 20 
80 73 5 
57 89 77 
29 26 
39 24 82 
44 56 
81 13 
12 
30 12 
66 7 
26 54 
58 40 
40 50 
54 99 
56 
62 
5 96 
17 
23 42 
77 38 
98 
7 
86 
2 
82 95 
50 2 
64 18 
99 8 
68 
78 
73 
3 72 
15 
72 
89 15 
13 16 
22 
33 
37 
1 
75 
18 76 
59 
94 
20 
8 
6 
42 
38 
97 
24 
36 
61 
96 
47 
43 
79 
76 
27 
14 
16 
95 
# clone tree 93 objective: 3.96152
0 97 1 84 35 
63 16 28 10 
35 63 
10 87 
87 62 53 21 
21 91 9 
9 65 70 
70 78 86 19 
19 51 71 
65 88 
28 80 69 
25 36 98 48 
74 52 
71 68 67 
88 43 75 25 
48 46 
46 30 4 
69 59 32 
52 41 
67 22 74 
41 11 
32 94 31 
91 37 93 45 
11 33 55 
4 60 
55 34 49 
31 64 83 
83 92 
84 20 85 
90 3 23 
45 96 90 
51 61 44 
60 6 57 
49 17 81 
92 29 
34 66 
85 58 
53 39 
93 
80 73 5 
57 27 89 77 
29 26 
39 24 82 
44 56 
81 13 
12 
30 12 
66 7 
26 54 
58 40 
40 50 
54 99 
56 
62 
5 
17 
23 42 
77 38 
98 
7 
86 
2 
82 
50 2 
64 18 
99 8 
68 
78 
73 
3 72 
15 
72 14 79 
89 15 
13 
22 47 
33 
37 
1 
75 
18 76 
59 
94 
20 
8 
6 
42 95 
38 
97 
24 
36 
61 
96 
47 
43 
79 
76 
27 
14 
16 
95 
# clone tree 94 objective: 3.96152
0 97 1 84 35 
63 28 10 
35 36 63 
10 87 
87 62 53 21 
21 91 9 
9 65 70 
70 61 86 19 
19 51 71 
65 88 
28 80 69 
25 98 48 
74 52 
71 95 68 67 
88 75 25 
48 46 
46 30 4 
69 59 32 
52 41 
67 22 74 
41 11 
32 47 94 31 
91 14 37 93 45 
11 33 55 
4 78 60 
55 34 49 
31 64 83 
83 92 
84 20 85 
90 3 23 
45 90 
51 44 
60 6 57 
49 17 81 
92 29 
34 27 96 66 
85 58 
53 39 
93 
80 73 5 
57 89 77 
29 26 
39 24 82 
44 56 
81 13 
12 
30 12 
66 7 
26 54 
58 40 
40 50 
54 99 
56 
62 
5 
17 
23 42 
77 38 
98 
7 
86 
2 
82 
50 2 
64 18 
99 8 
68 
78 
73 79 
3 16 72 
15 
72 
89 15 
13 
22 
33 
37 43 
1 
75 
18 76 
59 
94 
20 
8 
6 
42 
38 
97 
24 
36 
61 
96 
47 
43 
79 
76 
27 
14 
16 
95 
# clone tree 95 objective: 3.96152
0 97 1 84 35 
63 28 10 
35 63 
10 87 
87 62 53 21 
21 91 9 
9 65 70 
70 61 78 86 19 
19 51 71 
65 88 
28 80 69 
25 36 98 48 
74 52 
71 27 68 67 
88 43 75 25 
48 46 
46 30 4 
69 59 32 
52 41 
67 22 74 
41 11 
32 94 31 
91 37 93 45 
11 33 55 
4 60 
55 34 49 
31 64 83 
83 92 
84 85 
90 3 23 
45 90 
51 44 
60 6 57 
49 17 81 
92 29 
34 47 66 
85 58 
53 39 
93 20 
80 95 73 5 
57 89 77 
29 26 
39 24 82 
44 56 
81 13 
12 
30 12 
66 7 
26 54 
58 40 
40 50 
54 99 
56 
62 
5 96 
17 
23 42 
77 16 38 
98 
7 
86 
2 76 
82 
50 2 
64 18 
99 8 
68 
78 
73 
3 72 
15 
72 79 
89 14 15 
13 
22 
33 
37 
1 
75 
18 
59 
94 
20 
8 
6 
42 
38 
97 
24 
36 
61 
96 
47 
43 
79 
76 
27 
14 
16 
95 
# clone tree 96 objective: 3.96152
0 97 1 84 35 
63 28 10 
35 36 63 
10 87 
87 62 53 21 
21 91 9 
9 65 70 
70 96 61 86 19 
19 51 71 
65 88 
28 80 69 
25 98 48 
74 52 
71 68 67 
88 75 25 
48 46 
46 30 4 
69 59 32 
52 41 
67 22 74 
41 11 
32 94 31 
91 37 93 45 
11 33 55 
4 60 
55 34 49 
31 64 83 
83 92 
84 27 20 85 
90 3 23 
45 78 90 
51 44 
60 6 57 
49 17 81 
92 29 
34 66 
85 58 
53 39 
93 47 
80 73 5 
57 89 77 
29 26 
39 24 82 
44 56 
81 13 
12 
30 12 
66 7 
26 54 
58 40 
40 50 
54 95 99 
56 
62 
5 14 
17 
23 42 
77 38 
98 
7 
86 
2 
82 
50 2 
64 18 
99 8 
68 
78 
73 79 
3 72 
15 
72 
89 15 
13 
22 
33 
37 43 
1 
75 
18 76 
59 
94 
20 
8 
6 
42 
38 
97 
24 
36 
61 
96 16 
47 
43 
79 
76 
27 
14 
16 
95 
# clone tree 97 objective: 3.96152
0 97 1 84 35 
63 28 10 
35 36 63 
10 87 
87 62 53 21 
21 91 9 
9 65 70 
70 14 61 86 19 
19 51 71 
65 88 
28 80 69 
25 98 48 
74 52 
71 68 67 
88 75 25 
48 46 
46 30 4 
69 59 32 
52 41 
67 22 74 
41 11 
32 47 94 31 
91 37 93 45 
11 33 55 
4 78 60 
55 34 49 
31 64 83 
83 92 
84 20 85 
90 3 23 
45 90 
51 44 
60 6 57 
49 95 17 81 
92 29 
34 27 96 66 
85 58 
53 39 
93 
80 73 5 
57 89 77 
29 26 
39 24 82 
44 56 
81 13 
12 
30 12 
66 7 
26 54 
58 40 
40 50 
54 99 
56 
62 
5 
17 
23 42 
77 38 
98 
7 
86 
2 
82 
50 2 
64 18 
99 8 
68 
78 
73 16 79 
3 72 
15 
72 
89 15 
13 
22 
33 
37 43 
1 
75 
18 76 
59 
94 
20 
8 
6 
42 
38 
97 
24 
36 
61 
96 
47 
43 
79 
76 
27 
14 
16 
95 
# clone tree 98 objective: 3.96152
0 97 1 84 35 
63 28 10 
35 36 63 
10 87 
87 62 53 21 
21 91 9 
9 65 70 
70 96 61 86 19 
19 51 71 
65 88 
28 80 69 
25 98 48 
74 52 
71 68 67 
88 75 25 
48 46 
46 30 4 
69 59 32 
52 41 
67 22 74 
41 11 
32 94 31 
91 37 93 45 
11 33 55 
4 60 
55 34 49 
31 64 83 
83 92 
84 27 20 85 
90 3 23 
45 78 90 
51 95 44 
60 6 57 
49 17 81 
92 29 
34 66 
85 58 
53 39 
93 47 
80 73 5 
57 89 77 
29 26 
39 24 82 
44 56 
81 13 
12 
30 12 
66 7 
26 54 
58 40 
40 50 
54 99 
56 
62 
5 14 
17 
23 42 
77 38 
98 
7 
86 
2 
82 
50 2 
64 18 
99 8 
68 
78 
73 79 
3 72 
15 
72 
89 15 
13 
22 
33 
37 43 
1 
75 
18 76 
59 
94 
20 
8 
6 
42 
38 
97 
24 
36 16 
61 
96 
47 
43 
79 
76 
27 
14 
16 
95 
# clone tree 99 objective: 3.96152
0 97 1 84 35 
63 28 10 
35 63 
10 87 
87 62 53 21 
21 91 9 
9 65 70 
70 61 78 86 19 
19 47 51 71 
65 88 
28 80 69 
25 36 98 48 
74 27 52 
71 68 67 
88 43 75 25 
48 46 
46 30 4 
69 59 32 
52 41 
67 22 74 
41 11 
32 95 94 31 
91 37 93 45 
11 33 55 
4 60 
55 34 49 
31 64 83 
83 92 
84 85 
90 3 23 
45 90 
51 44 
60 6 57 
49 17 81 
92 29 
34 66 
85 58 
53 39 
93 20 
80 73 5 
57 89 77 
29 26 
39 24 82 
44 56 
81 13 
12 
30 12 
66 7 
26 54 
58 40 
40 50 
54 99 
56 
62 
5 16 96 
17 
23 42 
77 38 
98 
7 
86 
2 
82 
50 2 
64 18 
99 8 
68 
78 
73 79 
3 72 
15 
72 14 
89 15 
13 
22 
33 
37 
1 
75 76 
18 
59 
94 
20 
8 
6 
42 
38 
97 
24 
36 
61 
96 
47 
43 
79 
76 
27 
14 
16 
95 
