# clone tree 0 objective: 3.17142
0 38 16 37 
37 68 73 
89 1 97 20 57 
73 23 50 
50 89 
40 54 45 
57 55 40 
45 34 96 
96 49 30 62 
62 71 18 92 
92 12 
12 82 95 67 11 
22 51 6 
11 76 22 
6 80 31 85 
85 21 60 15 
15 13 77 88 
88 10 44 36 84 
84 79 93 33 
18 81 47 46 9 
34 35 28 
33 90 75 
9 24 64 
36 69 52 
28 27 
27 4 
71 43 94 
94 5 61 
77 65 
65 58 
54 7 
64 78 
75 87 25 
13 66 98 29 
23 53 
51 8 83 
68 
7 2 26 
30 59 
31 48 
16 41 
78 
93 63 19 
46 
41 42 
52 
29 
69 17 
49 74 
4 91 
42 99 
44 86 
10 39 
61 72 
17 3 56 
38 
60 
25 32 
79 
26 
83 
58 
39 14 
47 
5 
59 
67 
21 
86 
72 
43 
48 
90 
19 
80 
35 
20 
32 
99 
53 
8 
74 
91 70 
55 
14 
97 
98 
63 
81 
87 
24 
56 
2 
76 
1 
70 
3 
66 
95 
82 
# clone tree 1 objective: 3.17142
0 38 16 37 
37 68 73 
89 80 57 
73 53 23 50 
50 89 
40 54 45 
57 55 40 
45 56 34 96 
96 49 30 62 
62 71 18 92 
92 70 12 
12 67 11 
22 51 6 
11 22 
6 31 85 
85 21 60 15 
15 13 77 88 
88 10 44 36 84 
84 79 93 33 
18 81 47 46 9 
34 35 28 
33 90 75 
9 64 
36 69 52 
28 91 27 
27 97 4 
71 43 94 
94 5 61 
77 65 
65 58 
54 7 
64 82 78 
75 25 
13 98 29 
23 32 
51 8 83 
68 
7 26 
30 59 
31 48 
16 87 41 
78 63 
93 1 19 
46 
41 42 
52 
29 
69 17 
49 
4 95 76 
42 99 
44 86 
10 2 39 
61 72 
17 
38 
60 
25 74 
79 
26 
83 
58 
39 20 
47 
5 24 
59 
67 
21 
86 
72 3 
43 14 
48 
90 
19 
80 
35 
20 
32 
99 66 
53 
8 
74 
91 
55 
14 
97 
98 
63 
81 
87 
24 
56 
2 
76 
1 
70 
3 
66 
95 
82 
# clone tree 2 objective: 3.17142
0 38 16 37 
37 68 73 
89 97 20 57 
73 23 50 
50 95 89 
40 54 45 
57 55 40 
45 34 96 
96 49 30 62 
62 71 18 92 
92 12 
12 67 11 
22 51 6 
11 66 76 22 
6 80 31 85 
85 21 60 15 
15 13 77 88 
88 10 44 36 84 
84 79 93 33 
18 81 47 46 9 
34 35 28 
33 90 75 
9 24 64 
36 69 52 
28 27 
27 4 
71 43 94 
94 5 61 
77 65 
65 58 
54 7 
64 78 
75 87 25 
13 98 29 
23 53 
51 8 83 
68 
7 2 26 
30 59 
31 48 
16 41 
78 
93 63 19 
46 
41 42 
52 
29 
69 17 
49 74 
4 91 
42 99 
44 86 
10 39 
61 72 
17 56 
38 
60 
25 32 
79 
26 
83 
58 
39 14 
47 
5 
59 
67 
21 
86 
72 
43 
48 
90 
19 
80 
35 
20 
32 3 
99 
53 
8 
74 
91 70 
55 
14 
97 
98 
63 1 
81 
87 82 
24 
56 
2 
76 
1 
70 
3 
66 
95 
82 
# clone tree 3 objective: 3.17142
0 38 16 37 
37 68 73 
89 56 57 
73 53 23 50 
50 89 
40 54 45 
57 55 40 
45 34 96 
96 74 49 30 62 
62 71 18 92 
92 66 12 
12 67 11 
22 51 6 
11 22 
6 31 85 
85 21 60 15 
15 82 13 77 88 
88 10 44 36 84 
84 63 79 93 33 
18 81 47 46 9 
34 35 28 
33 90 75 
9 24 64 
36 69 52 
28 27 
27 97 4 
71 43 94 
94 5 61 
77 65 
65 58 
54 7 
64 78 
75 25 
13 98 29 
23 32 
51 8 83 
68 
7 26 
30 70 59 
31 48 
16 41 
78 
93 1 19 
46 
41 42 
52 
29 
69 17 
49 76 80 
4 
42 99 
44 95 86 
10 39 
61 72 
17 
38 
60 87 
25 91 
79 
26 
83 14 
58 
39 20 
47 
5 
59 
67 
21 
86 
72 
43 
48 
90 
19 
80 2 
35 
20 
32 
99 
53 
8 3 
74 
91 
55 
14 
97 
98 
63 
81 
87 
24 
56 
2 
76 
1 
70 
3 
66 
95 
82 
# clone tree 4 objective: 3.17142
0 38 16 37 
37 68 73 
89 97 20 57 
73 23 50 
50 89 
40 54 45 
57 55 40 
45 34 96 
96 49 30 62 
62 71 18 92 
92 12 
12 67 11 
22 51 6 
11 76 22 
6 80 31 85 
85 21 60 15 
15 13 77 88 
88 10 44 36 84 
84 1 79 93 33 
18 81 47 46 9 
34 35 28 
33 90 75 
9 24 64 
36 69 52 
28 27 
27 4 
71 43 94 
94 5 61 
77 65 
65 58 
54 7 
64 78 
75 87 25 
13 98 29 
23 53 
51 3 8 83 
68 
7 2 26 
30 59 
31 48 
16 41 
78 
93 63 19 
46 
41 42 
52 
29 
69 17 
49 74 
4 91 
42 99 
44 86 
10 39 
61 72 
17 56 
38 
60 
25 32 
79 
26 
83 
58 
39 14 
47 70 
5 66 
59 
67 
21 
86 82 
72 
43 
48 
90 
19 
80 
35 
20 
32 
99 
53 
8 
74 
91 
55 
14 
97 95 
98 
63 
81 
87 
24 
56 
2 
76 
1 
70 
3 
66 
95 
82 
# clone tree 5 objective: 3.17142
0 38 16 37 
37 68 73 
89 56 57 
73 53 23 50 
50 89 
40 54 45 
57 55 40 
45 34 96 
96 74 49 30 62 
62 71 18 92 
92 66 12 
12 67 11 
22 51 6 
11 22 
6 31 85 
85 21 60 15 
15 13 77 88 
88 10 44 36 84 
84 63 79 93 33 
18 81 47 46 9 
34 35 28 
33 90 75 
9 24 64 
36 69 52 
28 27 
27 97 4 
71 43 94 
94 5 61 
77 65 
65 58 
54 7 
64 78 
75 25 
13 98 29 
23 82 32 
51 8 83 
68 
7 26 
30 70 59 
31 48 
16 41 
78 
93 1 19 
46 
41 42 
52 
29 
69 17 
49 76 80 
4 
42 99 
44 95 86 
10 39 
61 72 
17 
38 
60 87 
25 91 
79 
26 
83 14 
58 
39 20 
47 
5 
59 
67 
21 
86 
72 
43 
48 
90 
19 
80 2 
35 
20 
32 
99 
53 
8 3 
74 
91 
55 
14 
97 
98 
63 
81 
87 
24 
56 
2 
76 
1 
70 
3 
66 
95 
82 
# clone tree 6 objective: 3.17142
0 38 16 37 
37 68 73 
89 97 20 57 
73 23 50 
50 89 
40 54 45 
57 55 40 
45 34 96 
96 49 30 62 
62 71 18 92 
92 12 
12 67 11 
22 51 6 
11 76 22 
6 80 31 85 
85 21 60 15 
15 13 77 88 
88 10 44 36 84 
84 1 79 93 33 
18 81 47 46 9 
34 35 28 
33 90 75 
9 24 64 
36 69 52 
28 27 
27 4 
71 43 94 
94 5 61 
77 65 
65 58 
54 7 
64 78 
75 87 25 
13 98 29 
23 53 
51 3 8 83 
68 
7 2 26 
30 59 
31 48 
16 41 
78 
93 63 19 
46 
41 42 
52 
29 
69 17 
49 74 
4 91 
42 99 
44 86 
10 39 
61 72 
17 56 
38 
60 
25 32 
79 
26 
83 
58 
39 14 
47 70 
5 66 
59 
67 
21 
86 
72 
43 
48 
90 
19 
80 
35 
20 
32 
99 
53 
8 
74 
91 
55 
14 
97 95 
98 
63 
81 
87 
24 
56 
2 
76 
1 
70 
3 
66 82 
95 
82 
# clone tree 7 objective: 3.17142
0 38 16 37 
37 68 73 
89 80 57 
73 53 23 50 
50 89 
40 54 45 
57 55 40 
45 56 34 96 
96 49 30 62 
62 71 18 92 
92 70 12 
12 67 11 
22 51 6 
11 22 
6 31 85 
85 21 60 15 
15 13 77 88 
88 10 44 36 84 
84 79 93 33 
18 81 47 46 9 
34 82 35 28 
33 90 75 
9 64 
36 69 52 
28 91 27 
27 97 4 
71 43 94 
94 5 61 
77 65 
65 58 
54 7 
64 78 
75 25 
13 98 29 
23 32 
51 8 83 
68 
7 26 
30 59 
31 48 
16 87 41 
78 63 
93 1 19 
46 
41 42 
52 
29 
69 17 
49 
4 95 76 
42 99 
44 86 
10 2 39 
61 72 
17 
38 
60 
25 74 
79 
26 
83 
58 
39 20 
47 
5 24 
59 
67 
21 
86 
72 3 
43 14 
48 
90 
19 
80 
35 
20 
32 
99 66 
53 
8 
74 
91 
55 
14 
97 
98 
63 
81 
87 
24 
56 
2 
76 
1 
70 
3 
66 
95 
82 
# clone tree 8 objective: 3.17142
0 38 16 37 
37 68 73 
89 97 20 57 
73 23 50 
50 89 
40 54 45 
57 55 40 
45 34 96 
96 49 30 62 
62 71 18 92 
92 12 
12 67 11 
22 51 6 
11 76 22 
6 80 31 85 
85 21 60 15 
15 13 77 88 
88 10 44 36 84 
84 1 79 93 33 
18 81 47 46 9 
34 35 28 
33 90 75 
9 24 64 
36 69 52 
28 27 
27 4 
71 43 94 
94 5 61 
77 65 
65 58 
54 7 
64 78 
75 87 25 
13 98 29 
23 53 
51 3 8 83 
68 
7 2 26 
30 59 
31 48 
16 41 
78 
93 63 19 
46 
41 42 
52 
29 
69 17 
49 82 74 
4 91 
42 99 
44 86 
10 39 
61 72 
17 56 
38 
60 
25 32 
79 
26 
83 
58 
39 14 
47 70 
5 66 
59 
67 
21 
86 
72 
43 
48 
90 
19 
80 
35 
20 
32 
99 
53 
8 
74 
91 
55 
14 
97 95 
98 
63 
81 
87 
24 
56 
2 
76 
1 
70 
3 
66 
95 
82 
# clone tree 9 objective: 3.17142
0 38 16 37 
37 68 73 
89 56 57 
73 53 23 50 
50 89 
40 54 45 
57 55 40 
45 34 96 
96 74 49 30 62 
62 71 18 92 
92 66 12 
12 67 11 
22 51 6 
11 22 
6 31 85 
85 82 21 60 15 
15 13 77 88 
88 10 44 36 84 
84 63 79 93 33 
18 81 47 46 9 
34 35 28 
33 90 75 
9 24 64 
36 69 52 
28 27 
27 97 4 
71 43 94 
94 5 61 
77 65 
65 58 
54 7 
64 78 
75 25 
13 98 29 
23 32 
51 8 83 
68 
7 26 
30 70 59 
31 48 
16 41 
78 
93 1 19 
46 
41 42 
52 
29 
69 17 
49 76 80 
4 
42 99 
44 95 86 
10 39 
61 72 
17 
38 
60 87 
25 91 
79 
26 
83 14 
58 
39 20 
47 
5 
59 
67 
21 
86 
72 
43 
48 
90 
19 
80 2 
35 
20 
32 
99 
53 
8 3 
74 
91 
55 
14 
97 
98 
63 
81 
87 
24 
56 
2 
76 
1 
70 
3 
66 
95 
82 
# clone tree 10 objective: 3.17142
0 38 16 37 
37 82 68 73 
89 97 20 57 
73 23 50 
50 89 
40 54 45 
57 55 40 
45 34 96 
96 49 30 62 
62 71 18 92 
92 12 
12 67 11 
22 51 6 
11 76 22 
6 80 31 85 
85 21 60 15 
15 13 77 88 
88 10 44 36 84 
84 79 93 33 
18 81 47 46 9 
34 35 28 
33 90 75 
9 24 64 
36 69 52 
28 27 
27 4 
71 43 94 
94 5 61 
77 65 
65 58 
54 7 
64 78 
75 87 25 
13 98 29 
23 53 
51 8 83 
68 
7 2 26 
30 59 
31 48 
16 41 
78 
93 63 19 
46 
41 42 
52 
29 
69 17 
49 74 
4 91 
42 99 
44 70 86 
10 39 
61 72 
17 95 56 
38 66 
60 
25 32 
79 
26 
83 
58 
39 14 
47 
5 
59 
67 
21 
86 
72 
43 3 
48 
90 
19 
80 
35 
20 
32 
99 
53 
8 
74 
91 
55 
14 
97 
98 
63 1 
81 
87 
24 
56 
2 
76 
1 
70 
3 
66 
95 
82 
# clone tree 11 objective: 3.17142
0 38 16 37 
37 68 73 
89 97 20 57 
73 23 50 
50 89 
40 54 45 
57 55 40 
45 34 96 
96 49 30 62 
62 71 18 92 
92 12 
12 67 11 
22 51 6 
11 76 22 
6 80 31 85 
85 21 60 15 
15 13 77 88 
88 10 44 36 84 
84 79 93 33 
18 82 81 47 46 9 
34 35 28 
33 90 75 
9 24 64 
36 69 52 
28 66 27 
27 4 
71 43 94 
94 5 61 
77 65 
65 58 
54 7 
64 78 
75 87 25 
13 98 29 
23 53 
51 8 83 
68 
7 2 26 
30 95 59 
31 48 
16 41 
78 
93 63 19 
46 70 
41 42 
52 
29 
69 17 
49 74 
4 91 
42 99 
44 3 86 
10 39 
61 72 
17 56 
38 
60 
25 32 
79 
26 
83 
58 
39 14 
47 1 
5 
59 
67 
21 
86 
72 
43 
48 
90 
19 
80 
35 
20 
32 
99 
53 
8 
74 
91 
55 
14 
97 
98 
63 
81 
87 
24 
56 
2 
76 
1 
70 
3 
66 
95 
82 
# clone tree 12 objective: 3.17142
0 38 16 37 
37 68 73 
89 80 57 
73 53 23 50 
50 89 
40 54 45 
57 55 40 
45 56 34 96 
96 49 30 62 
62 71 18 92 
92 12 
12 67 11 
22 51 6 
11 22 
6 31 85 
85 21 60 15 
15 13 77 88 
88 10 44 36 84 
84 79 93 33 
18 81 47 46 9 
34 35 28 
33 90 75 
9 64 
36 69 52 
28 91 27 
27 97 4 
71 43 94 
94 5 61 
77 65 
65 58 
54 7 
64 78 
75 25 
13 98 29 
23 32 
51 3 8 83 
68 
7 26 
30 59 
31 48 
16 95 87 41 
78 63 
93 19 
46 
41 42 
52 
29 
69 66 17 
49 
4 76 
42 99 
44 86 
10 2 39 
61 72 
17 
38 
60 
25 74 
79 
26 1 
83 
58 
39 20 
47 70 
5 24 
59 
67 
21 
86 
72 
43 14 
48 
90 
19 
80 
35 
20 
32 
99 
53 
8 
74 
91 
55 
14 
97 
98 
63 
81 82 
87 
24 
56 
2 
76 
1 
70 
3 
66 
95 
82 
# clone tree 13 objective: 3.17142
0 38 16 37 
37 68 73 
89 97 20 57 
73 23 50 
50 89 
40 54 45 
57 55 40 
45 34 96 
96 49 30 62 
62 71 18 92 
92 12 
12 67 11 
22 51 6 
11 76 22 
6 80 31 85 
85 21 60 15 
15 13 77 88 
88 10 44 36 84 
84 79 93 33 
18 81 47 46 9 
34 35 28 
33 90 75 
9 24 64 
36 69 52 
28 66 27 
27 4 
71 43 94 
94 5 61 
77 65 
65 58 
54 7 
64 78 
75 87 25 
13 98 29 
23 53 
51 8 83 
68 
7 2 26 
30 95 59 
31 48 
16 41 
78 
93 63 19 
46 70 
41 42 
52 
29 
69 17 
49 74 
4 91 
42 99 
44 3 86 
10 39 
61 72 
17 56 
38 
60 
25 32 
79 
26 
83 
58 
39 14 
47 1 
5 
59 
67 
21 
86 
72 
43 82 
48 
90 
19 
80 
35 
20 
32 
99 
53 
8 
74 
91 
55 
14 
97 
98 
63 
81 
87 
24 
56 
2 
76 
1 
70 
3 
66 
95 
82 
# clone tree 14 objective: 3.17142
0 38 16 37 
37 68 73 
89 97 20 57 
73 23 50 
50 89 
40 54 45 
57 55 40 
45 34 96 
96 49 30 62 
62 71 18 92 
92 12 
12 67 11 
22 51 6 
11 76 22 
6 80 31 85 
85 21 60 15 
15 13 77 88 
88 10 44 36 84 
84 1 79 93 33 
18 81 47 46 9 
34 35 28 
33 90 75 
9 24 64 
36 69 52 
28 27 
27 4 
71 43 94 
94 5 61 
77 82 65 
65 58 
54 7 
64 78 
75 87 25 
13 98 29 
23 53 
51 3 8 83 
68 
7 2 26 
30 59 
31 48 
16 41 
78 
93 63 19 
46 
41 42 
52 
29 
69 17 
49 74 
4 91 
42 99 
44 86 
10 39 
61 72 
17 56 
38 
60 
25 32 
79 
26 
83 
58 
39 14 
47 70 
5 66 
59 
67 
21 
86 
72 
43 
48 
90 
19 
80 
35 
20 
32 
99 
53 
8 
74 
91 
55 
14 
97 95 
98 
63 
81 
87 
24 
56 
2 
76 
1 
70 
3 
66 
95 
82 
# clone tree 15 objective: 3.17142
0 38 16 37 
37 68 73 
89 97 20 57 
73 23 50 
50 89 
40 54 45 
57 55 40 
45 34 96 
96 49 30 62 
62 71 18 92 
92 12 
12 67 11 
22 51 6 
11 76 22 
6 80 31 85 
85 21 60 15 
15 13 77 88 
88 10 44 36 84 
84 79 93 33 
18 81 47 46 9 
34 35 28 
33 90 75 
9 24 64 
36 69 52 
28 66 27 
27 4 
71 43 94 
94 5 61 
77 65 
65 58 
54 7 
64 78 
75 87 25 
13 98 29 
23 53 
51 8 83 
68 
7 2 26 
30 95 59 
31 48 
16 41 
78 
93 63 19 
46 70 
41 42 
52 
29 
69 17 
49 74 
4 91 
42 99 
44 3 86 
10 39 
61 72 
17 56 
38 
60 82 
25 32 
79 
26 
83 
58 
39 14 
47 1 
5 
59 
67 
21 
86 
72 
43 
48 
90 
19 
80 
35 
20 
32 
99 
53 
8 
74 
91 
55 
14 
97 
98 
63 
81 
87 
24 
56 
2 
76 
1 
70 
3 
66 
95 
82 
# clone tree 16 objective: 3.17142
0 38 16 37 
37 68 73 
89 97 20 57 
73 23 50 
50 89 
40 54 45 
57 55 40 
45 34 96 
96 49 30 62 
62 71 18 92 
92 12 
12 67 11 
22 51 6 
11 76 22 
6 80 31 85 
85 21 60 15 
15 13 77 88 
88 10 44 36 84 
84 1 79 93 33 
18 81 47 46 9 
34 35 28 
33 90 75 
9 24 64 
36 69 52 
28 27 
27 4 
71 43 94 
94 5 61 
77 65 
65 58 
54 7 
64 78 
75 87 25 
13 98 29 
23 53 
51 3 8 83 
68 
7 2 26 
30 59 
31 48 
16 41 
78 
93 63 19 
46 
41 42 
52 
29 
69 17 
49 74 
4 91 
42 99 
44 86 
10 39 
61 72 
17 56 
38 
60 
25 32 
79 
26 
83 
58 
39 14 
47 70 
5 66 
59 
67 
21 82 
86 
72 
43 
48 
90 
19 
80 
35 
20 
32 
99 
53 
8 
74 
91 
55 
14 
97 95 
98 
63 
81 
87 
24 
56 
2 
76 
1 
70 
3 
66 
95 
82 
# clone tree 17 objective: 3.17142
0 38 16 37 
37 68 73 
89 80 57 
73 53 23 50 
50 89 
40 54 45 
57 55 40 
45 56 34 96 
96 49 30 62 
62 71 18 92 
92 12 
12 67 11 
22 51 6 
11 22 
6 31 85 
85 21 60 15 
15 13 77 88 
88 10 44 36 84 
84 79 93 33 
18 81 47 46 9 
34 35 28 
33 90 75 
9 64 
36 69 52 
28 91 27 
27 97 4 
71 43 94 
94 5 61 
77 65 
65 58 
54 7 
64 78 
75 25 
13 98 29 
23 32 
51 3 8 83 
68 
7 26 
30 59 
31 48 
16 95 87 41 
78 63 
93 19 
46 
41 42 
52 
29 
69 66 17 
49 
4 76 
42 99 
44 86 
10 2 39 
61 72 
17 
38 
60 
25 74 
79 
26 1 
83 
58 
39 20 
47 70 
5 24 
59 
67 
21 
86 
72 
43 14 
48 
90 
19 
80 
35 
20 
32 
99 82 
53 
8 
74 
91 
55 
14 
97 
98 
63 
81 
87 
24 
56 
2 
76 
1 
70 
3 
66 
95 
82 
# clone tree 18 objective: 3.17142
0 38 16 37 
37 68 73 
89 97 20 57 
73 23 50 
50 89 
40 54 45 
57 82 55 40 
45 34 96 
96 49 30 62 
62 71 18 92 
92 12 
12 67 11 
22 51 6 
11 76 22 
6 80 31 85 
85 21 60 15 
15 13 77 88 
88 10 44 36 84 
84 79 93 33 
18 81 47 46 9 
34 35 28 
33 90 75 
9 24 64 
36 69 52 
28 27 
27 4 
71 43 94 
94 5 61 
77 65 
65 58 
54 7 
64 78 
75 87 25 
13 98 29 
23 53 
51 8 83 
68 
7 2 26 
30 59 
31 48 
16 41 
78 
93 63 19 
46 
41 42 
52 
29 
69 17 
49 74 
4 91 
42 99 
44 70 86 
10 39 
61 72 
17 95 56 
38 66 
60 
25 32 
79 
26 
83 
58 
39 14 
47 
5 
59 
67 
21 
86 
72 
43 3 
48 
90 
19 
80 
35 
20 
32 
99 
53 
8 
74 
91 
55 
14 
97 
98 
63 1 
81 
87 
24 
56 
2 
76 
1 
70 
3 
66 
95 
82 
# clone tree 19 objective: 3.17142
0 38 16 37 
37 68 73 
89 97 20 57 
73 23 50 
50 89 
40 54 45 
57 55 40 
45 34 96 
96 49 30 62 
62 71 18 92 
92 12 
12 67 11 
22 51 6 
11 76 22 
6 80 31 85 
85 21 60 15 
15 13 77 88 
88 10 44 36 84 
84 79 93 33 
18 81 47 46 9 
34 35 28 
33 90 75 
9 24 64 
36 69 52 
28 66 27 
27 4 
71 43 94 
94 5 61 
77 65 
65 58 
54 7 
64 78 
75 87 25 
13 98 29 
23 53 
51 8 83 
68 
7 2 26 
30 95 59 
31 48 
16 41 
78 
93 63 19 
46 70 
41 42 
52 
29 
69 17 
49 74 
4 91 
42 99 
44 3 86 
10 39 
61 82 72 
17 56 
38 
60 
25 32 
79 
26 
83 
58 
39 14 
47 1 
5 
59 
67 
21 
86 
72 
43 
48 
90 
19 
80 
35 
20 
32 
99 
53 
8 
74 
91 
55 
14 
97 
98 
63 
81 
87 
24 
56 
2 
76 
1 
70 
3 
66 
95 
82 
# clone tree 20 objective: 3.17142
0 38 16 37 
37 68 73 
89 97 20 57 
73 23 50 
50 89 
40 82 54 45 
57 55 40 
45 34 96 
96 49 30 62 
62 71 18 92 
92 12 
12 67 11 
22 51 6 
11 76 22 
6 80 31 85 
85 21 60 15 
15 13 77 88 
88 10 44 36 84 
84 79 93 33 
18 81 47 46 9 
34 35 28 
33 90 75 
9 24 64 
36 69 52 
28 27 
27 4 
71 43 94 
94 5 61 
77 65 
65 58 
54 7 
64 78 
75 87 25 
13 98 29 
23 53 
51 8 83 
68 
7 2 26 
30 59 
31 48 
16 41 
78 
93 63 19 
46 
41 42 
52 
29 
69 17 
49 74 
4 91 
42 99 
44 70 86 
10 39 
61 72 
17 95 56 
38 66 
60 
25 32 
79 
26 
83 
58 
39 14 
47 
5 
59 
67 
21 
86 
72 
43 3 
48 
90 
19 
80 
35 
20 
32 
99 
53 
8 
74 
91 
55 
14 
97 
98 
63 1 
81 
87 
24 
56 
2 
76 
1 
70 
3 
66 
95 
82 
# clone tree 21 objective: 3.17142
0 38 16 37 
37 68 73 
89 97 20 57 
73 23 50 
50 89 
40 54 45 
57 55 40 
45 34 96 
96 49 30 62 
62 71 18 92 
92 12 
12 67 11 
22 51 6 
11 76 22 
6 80 31 85 
85 21 60 15 
15 13 77 88 
88 10 44 36 84 
84 79 93 33 
18 81 47 46 9 
34 35 28 
33 90 75 
9 24 64 
36 69 52 
28 66 27 
27 4 
71 43 94 
94 5 61 
77 65 
65 58 
54 7 
64 78 
75 87 25 
13 98 29 
23 53 
51 8 83 
68 
7 2 26 
30 95 59 
31 48 
16 41 
78 
93 63 19 
46 70 
41 42 
52 
29 
69 17 
49 74 
4 91 
42 99 
44 3 86 
10 39 
61 72 
17 82 56 
38 
60 
25 32 
79 
26 
83 
58 
39 14 
47 1 
5 
59 
67 
21 
86 
72 
43 
48 
90 
19 
80 
35 
20 
32 
99 
53 
8 
74 
91 
55 
14 
97 
98 
63 
81 
87 
24 
56 
2 
76 
1 
70 
3 
66 
95 
82 
# clone tree 22 objective: 3.17142
0 38 16 37 
37 68 73 
89 97 20 57 
73 23 50 
50 89 
40 54 45 
57 55 40 
45 34 96 
96 49 30 62 
62 71 18 92 
92 12 
12 67 11 
22 51 6 
11 76 22 
6 80 31 85 
85 21 60 15 
15 13 77 88 
88 10 44 36 84 
84 1 79 93 33 
18 81 47 46 9 
34 35 28 
33 90 75 
9 24 64 
36 69 52 
28 27 
27 4 
71 43 94 
94 5 61 
77 65 
65 58 
54 7 
64 78 
75 87 25 
13 98 29 
23 53 
51 3 8 83 
68 
7 2 26 
30 59 
31 48 
16 41 
78 
93 63 19 
46 
41 42 
52 
29 
69 17 
49 74 
4 91 
42 99 
44 86 
10 39 
61 72 
17 56 
38 
60 
25 32 
79 
26 
83 
58 
39 14 
47 70 
5 66 
59 
67 
21 
86 
72 
43 
48 
90 
19 
80 
35 
20 
32 
99 
53 
8 
74 
91 
55 
14 
97 95 
98 82 
63 
81 
87 
24 
56 
2 
76 
1 
70 
3 
66 
95 
82 
# clone tree 23 objective: 3.17142
0 38 16 37 
37 68 73 
89 97 20 57 
73 23 50 
50 89 
40 54 45 
57 55 40 
45 34 96 
96 49 30 62 
62 71 18 92 
92 12 
12 67 11 
22 51 6 
11 76 22 
6 80 31 85 
85 21 60 15 
15 13 77 88 
88 10 44 36 84 
84 79 93 33 
18 81 47 46 9 
34 35 28 
33 90 75 
9 24 64 
36 69 52 
28 66 27 
27 4 
71 43 94 
94 5 61 
77 65 
65 58 
54 7 
64 78 
75 87 25 
13 98 29 
23 53 
51 8 83 
68 
7 2 26 
30 95 59 
31 48 
16 41 
78 
93 63 19 
46 70 
41 42 
52 82 
29 
69 17 
49 74 
4 91 
42 99 
44 3 86 
10 39 
61 72 
17 56 
38 
60 
25 32 
79 
26 
83 
58 
39 14 
47 1 
5 
59 
67 
21 
86 
72 
43 
48 
90 
19 
80 
35 
20 
32 
99 
53 
8 
74 
91 
55 
14 
97 
98 
63 
81 
87 
24 
56 
2 
76 
1 
70 
3 
66 
95 
82 
# clone tree 24 objective: 3.17142
0 38 16 37 
37 68 73 
89 97 20 57 
73 23 50 
50 89 
40 54 45 
57 55 40 
45 34 96 
96 49 30 62 
62 71 18 92 
92 12 
12 67 11 
22 51 6 
11 76 22 
6 80 31 85 
85 21 60 15 
15 13 77 88 
88 10 44 36 84 
84 1 79 93 33 
18 81 47 46 9 
34 35 28 
33 90 75 
9 24 64 
36 69 52 
28 27 
27 4 
71 43 94 
94 5 61 
77 65 
65 58 
54 7 
64 78 
75 87 25 
13 98 29 
23 53 
51 3 8 83 
68 
7 2 26 
30 59 
31 48 
16 41 
78 
93 63 19 
46 
41 42 
52 
29 
69 17 
49 74 
4 91 
42 99 
44 86 
10 39 
61 72 
17 56 
38 
60 
25 32 
79 
26 
83 
58 
39 14 
47 70 
5 66 
59 
67 
21 
86 
72 
43 
48 
90 
19 
80 
35 
20 82 
32 
99 
53 
8 
74 
91 
55 
14 
97 95 
98 
63 
81 
87 
24 
56 
2 
76 
1 
70 
3 
66 
95 
82 
# clone tree 25 objective: 3.17142
0 38 16 37 
37 68 73 
89 56 57 
73 53 23 50 
50 89 
40 54 45 
57 55 40 
45 34 96 
96 74 49 30 62 
62 71 18 92 
92 66 12 
12 67 11 
22 51 6 
11 22 
6 31 85 
85 21 60 15 
15 13 77 88 
88 10 44 36 84 
84 63 79 93 33 
18 81 47 46 9 
34 35 28 
33 90 75 
9 24 64 
36 69 52 
28 27 
27 97 4 
71 43 94 
94 5 61 
77 65 
65 95 58 
54 7 
64 78 
75 25 
13 98 29 
23 32 
51 8 83 
68 
7 26 
30 70 59 
31 48 
16 41 
78 
93 1 19 
46 82 
41 42 
52 
29 
69 17 
49 76 80 
4 
42 99 
44 86 
10 39 
61 72 
17 
38 
60 87 
25 91 
79 
26 
83 14 
58 
39 20 
47 
5 
59 
67 
21 
86 
72 
43 
48 
90 
19 
80 2 
35 
20 
32 
99 
53 
8 3 
74 
91 
55 
14 
97 
98 
63 
81 
87 
24 
56 
2 
76 
1 
70 
3 
66 
95 
82 
# clone tree 26 objective: 3.17142
0 95 38 16 37 
37 68 73 
89 1 97 20 57 
73 23 50 
50 89 
40 54 45 
57 55 40 
45 34 96 
96 49 30 62 
62 71 18 92 
92 12 
12 82 67 11 
22 51 6 
11 76 22 
6 80 31 85 
85 21 60 15 
15 13 77 88 
88 10 44 36 84 
84 79 93 33 
18 81 47 46 9 
34 35 28 
33 90 75 
9 24 64 
36 69 52 
28 27 
27 4 
71 43 94 
94 5 61 
77 65 
65 58 
54 7 
64 78 
75 87 25 
13 98 29 
23 53 
51 8 83 
68 
7 2 26 
30 59 
31 48 
16 41 
78 
93 63 19 
46 
41 42 
52 
29 
69 17 
49 74 
4 91 
42 99 
44 86 
10 39 
61 72 
17 56 
38 3 
60 
25 32 
79 
26 
83 
58 
39 14 
47 
5 
59 
67 
21 
86 
72 
43 
48 
90 
19 
80 
35 
20 
32 
99 66 
53 
8 
74 
91 70 
55 
14 
97 
98 
63 
81 
87 
24 
56 
2 
76 
1 
70 
3 
66 
95 
82 
# clone tree 27 objective: 3.17142
0 38 16 37 
37 68 73 
89 97 20 57 
73 23 50 
50 89 
40 54 45 
57 55 40 
45 34 96 
96 49 30 62 
62 71 18 92 
92 12 
12 67 11 
22 51 6 
11 76 22 
6 80 31 85 
85 21 60 15 
15 13 77 88 
88 10 44 36 84 
84 79 93 33 
18 81 47 46 9 
34 35 28 
33 90 75 
9 82 24 64 
36 69 52 
28 27 
27 4 
71 43 94 
94 5 61 
77 65 
65 58 
54 7 
64 78 
75 87 25 
13 98 29 
23 53 
51 8 83 
68 3 
7 2 26 
30 59 
31 48 
16 41 
78 
93 63 19 
46 
41 42 
52 
29 
69 17 
49 74 
4 91 
42 99 
44 70 86 
10 39 
61 72 
17 56 
38 
60 
25 32 
79 66 
26 
83 
58 
39 14 
47 
5 
59 
67 
21 
86 
72 
43 
48 
90 
19 
80 
35 
20 
32 
99 
53 
8 
74 
91 
55 
14 
97 
98 95 
63 1 
81 
87 
24 
56 
2 
76 
1 
70 
3 
66 
95 
82 
# clone tree 28 objective: 3.17142
0 38 16 37 
37 2 68 73 
89 97 20 57 
73 23 50 
50 89 
40 54 45 
57 55 40 
45 87 34 96 
96 49 30 62 
62 71 18 92 
92 12 
12 67 11 
22 51 6 
11 22 
6 80 31 85 
85 21 60 15 
15 76 13 77 88 
88 10 44 36 84 
84 79 93 33 
18 81 47 46 9 
34 35 28 
33 90 75 
9 24 64 
36 69 52 
28 27 
27 4 
71 43 94 
94 5 61 
77 65 
65 58 
54 7 
64 78 
75 25 
13 98 29 
23 53 
51 70 8 83 
68 
7 26 
30 59 
31 48 
16 41 
78 
93 63 19 
46 
41 42 
52 
29 
69 17 
49 74 
4 91 
42 99 
44 86 
10 39 
61 72 
17 
38 56 
60 1 
25 3 32 
79 
26 
83 
58 
39 14 
47 
5 82 
59 
67 
21 
86 95 
72 
43 
48 
90 
19 
80 
35 
20 
32 
99 
53 
8 
74 
91 
55 66 
14 
97 
98 
63 
81 
87 
24 
56 
2 
76 
1 
70 
3 
66 
95 
82 
# clone tree 29 objective: 3.17142
0 38 16 37 
37 68 73 
89 97 20 57 
73 23 50 
50 89 
40 54 45 
57 55 40 
45 34 96 
96 49 30 62 
62 71 18 92 
92 12 
12 67 11 
22 51 6 
11 76 22 
6 80 31 85 
85 21 60 15 
15 13 77 88 
88 10 44 36 84 
84 79 93 33 
18 81 47 46 9 
34 35 28 
33 90 75 
9 24 64 
36 69 52 
28 66 27 
27 4 
71 43 94 
94 5 61 
77 95 65 
65 58 
54 7 
64 78 
75 87 25 
13 98 29 
23 53 
51 8 83 
68 
7 2 26 
30 59 
31 48 
16 41 
78 
93 63 19 
46 70 
41 42 
52 
29 
69 17 
49 74 
4 91 
42 99 
44 3 86 
10 39 
61 72 
17 56 
38 
60 
25 32 
79 
26 
83 
58 
39 14 
47 1 
5 
59 
67 
21 
86 
72 
43 
48 
90 
19 
80 82 
35 
20 
32 
99 
53 
8 
74 
91 
55 
14 
97 
98 
63 
81 
87 
24 
56 
2 
76 
1 
70 
3 
66 
95 
82 
# clone tree 30 objective: 3.17142
0 38 16 37 
37 68 73 
89 1 97 20 57 
73 23 50 
50 89 
40 54 45 
57 55 40 
45 34 96 
96 49 30 62 
62 71 18 92 
92 12 
12 67 11 
22 51 6 
11 76 22 
6 80 31 85 
85 21 60 15 
15 13 77 88 
88 10 44 36 84 
84 79 93 33 
18 81 47 46 9 
34 35 28 
33 90 75 
9 24 64 
36 69 52 
28 27 
27 4 
71 43 94 
94 5 61 
77 65 
65 58 
54 7 
64 78 
75 87 25 
13 66 98 29 
23 53 
51 8 83 
68 
7 2 26 
30 59 
31 48 
16 41 
78 
93 63 19 
46 
41 42 
52 
29 
69 17 
49 74 
4 91 
42 99 
44 86 
10 39 
61 72 
17 3 56 
38 
60 
25 32 
79 
26 
83 
58 
39 14 
47 
5 
59 
67 
21 
86 
72 
43 
48 
90 
19 
80 
35 
20 
32 
99 
53 
8 
74 
91 70 
55 
14 
97 
98 
63 95 
81 
87 
24 
56 
2 
76 
1 
70 
3 
66 82 
95 
82 
# clone tree 31 objective: 3.17142
0 82 38 16 37 
37 68 73 
89 97 20 57 
73 23 50 
50 89 
40 54 45 
57 55 40 
45 34 96 
96 49 30 62 
62 71 18 92 
92 12 
12 67 11 
22 51 6 
11 76 22 
6 80 31 85 
85 21 60 15 
15 13 77 88 
88 10 44 36 84 
84 1 79 93 33 
18 81 47 46 9 
34 35 28 
33 90 75 
9 24 64 
36 69 52 
28 27 
27 4 
71 43 94 
94 5 61 
77 65 
65 58 
54 7 
64 78 
75 87 25 
13 98 29 
23 53 
51 8 83 
68 
7 2 26 
30 59 
31 48 
16 41 
78 
93 63 19 
46 
41 42 
52 95 
29 
69 17 
49 74 
4 91 
42 99 
44 86 
10 39 
61 72 
17 56 
38 
60 
25 32 
79 
26 
83 
58 
39 14 
47 
5 
59 
67 
21 
86 
72 66 
43 
48 
90 3 70 
19 
80 
35 
20 
32 
99 
53 
8 
74 
91 
55 
14 
97 
98 
63 
81 
87 
24 
56 
2 
76 
1 
70 
3 
66 
95 
82 
# clone tree 32 objective: 3.17142
0 38 16 37 
37 68 73 
89 97 20 57 
73 23 50 
50 89 
40 54 45 
57 82 55 40 
45 3 34 96 
96 95 49 30 62 
62 71 18 92 
92 12 
12 67 11 
22 51 6 
11 76 22 
6 80 31 85 
85 21 60 15 
15 13 77 88 
88 10 44 36 84 
84 79 93 33 
18 81 47 46 9 
34 35 28 
33 90 75 
9 24 64 
36 69 52 
28 27 
27 4 
71 43 94 
94 5 61 
77 65 
65 58 
54 7 
64 78 
75 87 25 
13 98 29 
23 53 
51 8 83 
68 
7 66 2 26 
30 59 
31 48 
16 41 
78 
93 63 19 
46 
41 42 
52 
29 
69 17 
49 74 
4 91 
42 99 
44 86 
10 39 
61 72 
17 70 56 
38 
60 
25 32 
79 
26 
83 
58 
39 14 
47 1 
5 
59 
67 
21 
86 
72 
43 
48 
90 
19 
80 
35 
20 
32 
99 
53 
8 
74 
91 
55 
14 
97 
98 
63 
81 
87 
24 
56 
2 
76 
1 
70 
3 
66 
95 
82 
# clone tree 33 objective: 3.17142
0 38 16 37 
37 68 73 
89 97 20 57 
73 23 50 
50 89 
40 54 45 
57 55 40 
45 87 34 96 
96 49 30 62 
62 71 18 92 
92 12 
12 67 11 
22 51 6 
11 22 
6 80 31 85 
85 21 60 15 
15 76 13 77 88 
88 10 44 36 84 
84 79 93 33 
18 81 47 46 9 
34 35 28 
33 90 75 
9 24 64 
36 69 52 
28 27 
27 4 
71 43 94 
94 5 61 
77 65 
65 58 
54 7 
64 78 
75 25 
13 98 29 
23 53 
51 8 83 
68 
7 70 26 
30 59 
31 48 
16 41 
78 
93 63 19 
46 
41 42 
52 
29 
69 17 
49 74 
4 82 91 
42 99 
44 86 
10 39 
61 72 
17 56 
38 
60 
25 32 
79 
26 
83 
58 
39 14 
47 
5 
59 
67 
21 66 
86 
72 
43 
48 
90 
19 
80 
35 2 
20 
32 3 
99 
53 
8 
74 
91 
55 
14 
97 1 
98 
63 
81 
87 
24 
56 
2 
76 
1 
70 95 
3 
66 
95 
82 
# clone tree 34 objective: 3.17142
0 38 16 37 
37 68 73 
89 97 20 57 
73 23 50 
50 89 
40 54 45 
57 55 40 
45 70 87 34 96 
96 49 30 62 
62 71 18 92 
92 12 
12 67 11 
22 51 6 
11 22 
6 80 31 85 
85 21 60 15 
15 76 13 77 88 
88 10 44 36 84 
84 79 93 33 
18 81 47 46 9 
34 35 28 
33 90 75 
9 24 64 
36 69 52 
28 27 
27 4 
71 43 94 
94 5 61 
77 65 
65 58 
54 7 
64 78 
75 25 
13 98 29 
23 53 
51 8 83 
68 
7 26 
30 59 
31 48 
16 41 
78 
93 63 19 
46 
41 42 
52 
29 
69 17 
49 74 
4 91 
42 99 
44 86 
10 39 
61 72 
17 56 
38 66 
60 
25 3 32 
79 82 
26 
83 
58 
39 95 14 
47 1 
5 
59 
67 
21 
86 
72 
43 
48 
90 
19 
80 
35 2 
20 
32 
99 
53 
8 
74 
91 
55 
14 
97 
98 
63 
81 
87 
24 
56 
2 
76 
1 
70 
3 
66 
95 
82 
# clone tree 35 objective: 3.17142
0 38 16 37 
37 68 73 
89 97 20 57 
73 23 50 
50 89 
40 54 45 
57 55 40 
45 87 34 96 
96 49 30 62 
62 71 18 92 
92 95 12 
12 67 11 
22 51 6 
11 22 
6 80 31 85 
85 21 60 15 
15 13 77 88 
88 10 44 36 84 
84 79 93 33 
18 81 47 46 9 
34 35 28 
33 90 75 
9 24 64 
36 69 52 
28 66 27 
27 4 
71 43 94 
94 5 61 
77 82 65 
65 58 
54 7 
64 78 
75 25 
13 98 29 
23 76 53 
51 8 83 
68 
7 26 
30 59 
31 48 
16 41 
78 1 
93 63 19 
46 
41 42 
52 
29 
69 17 
49 74 
4 91 
42 99 
44 86 
10 39 
61 72 
17 56 
38 
60 
25 3 32 
79 
26 
83 
58 
39 14 
47 
5 
59 
67 
21 
86 
72 
43 
48 
90 70 
19 
80 
35 2 
20 
32 
99 
53 
8 
74 
91 
55 
14 
97 
98 
63 
81 
87 
24 
56 
2 
76 
1 
70 
3 
66 
95 
82 
# clone tree 36 objective: 3.17142
0 1 38 16 37 
37 68 73 
89 97 20 57 
73 23 50 
50 89 
40 54 45 
57 55 40 
45 95 87 34 96 
96 49 30 62 
62 71 18 92 
92 12 
12 67 11 
22 51 6 
11 22 
6 80 31 85 
85 21 60 15 
15 76 13 77 88 
88 10 44 36 84 
84 79 93 33 
18 81 47 46 9 
34 35 28 
33 90 75 
9 24 64 
36 69 52 
28 3 27 
27 4 
71 82 43 94 
94 5 61 
77 65 
65 58 
54 7 
64 70 78 
75 25 
13 98 29 
23 53 
51 8 83 
68 
7 26 
30 59 
31 48 
16 41 
78 
93 63 19 
46 
41 42 
52 
29 
69 17 
49 74 
4 91 
42 99 
44 86 
10 39 
61 72 
17 56 
38 
60 
25 32 
79 
26 
83 
58 
39 14 
47 
5 66 
59 
67 
21 
86 
72 
43 
48 
90 
19 
80 
35 2 
20 
32 
99 
53 
8 
74 
91 
55 
14 
97 
98 
63 
81 
87 
24 
56 
2 
76 
1 
70 
3 
66 
95 
82 
# clone tree 37 objective: 3.17142
0 38 16 37 
37 82 2 68 73 
89 97 20 57 
73 23 50 
50 89 
40 54 45 
57 55 40 
45 87 34 96 
96 49 30 62 
62 71 18 92 
92 12 
12 67 11 
22 51 6 
11 22 
6 80 31 85 
85 21 60 15 
15 95 76 13 77 88 
88 10 44 36 84 
84 79 93 33 
18 81 47 46 9 
34 35 28 
33 90 75 
9 24 64 
36 69 52 
28 3 27 
27 4 
71 43 94 
94 5 61 
77 65 
65 58 
54 7 
64 78 
75 25 
13 98 29 
23 53 
51 8 83 
68 
7 26 
30 59 
31 48 
16 41 
78 
93 63 19 
46 
41 42 
52 
29 
69 17 
49 74 
4 91 
42 99 
44 86 
10 39 
61 72 
17 
38 56 
60 
25 70 32 
79 
26 
83 
58 1 
39 14 
47 
5 
59 
67 
21 
86 
72 66 
43 
48 
90 
19 
80 
35 
20 
32 
99 
53 
8 
74 
91 
55 
14 
97 
98 
63 
81 
87 
24 
56 
2 
76 
1 
70 
3 
66 
95 
82 
# clone tree 38 objective: 3.17142
0 38 16 37 
37 2 68 73 
89 97 20 57 
73 23 50 
50 89 
40 54 45 
57 55 40 
45 87 34 96 
96 49 30 62 
62 71 18 92 
92 12 
12 67 11 
22 51 6 
11 22 
6 80 31 85 
85 21 60 15 
15 76 13 77 88 
88 10 44 36 84 
84 79 93 33 
18 81 47 46 9 
34 35 28 
33 82 90 75 
9 24 64 
36 69 52 
28 27 
27 4 
71 43 94 
94 95 5 61 
77 65 
65 58 
54 7 
64 78 
75 25 
13 98 29 
23 53 
51 70 8 83 
68 
7 26 
30 59 
31 48 
16 41 
78 
93 63 19 
46 
41 42 
52 
29 
69 17 
49 74 
4 91 
42 99 
44 86 
10 39 
61 72 
17 
38 56 
60 1 
25 3 32 
79 
26 
83 
58 
39 14 
47 
5 
59 
67 
21 
86 
72 
43 
48 
90 
19 
80 
35 
20 
32 
99 
53 
8 
74 
91 
55 66 
14 
97 
98 
63 
81 
87 
24 
56 
2 
76 
1 
70 
3 
66 
95 
82 
# clone tree 39 objective: 3.17142
0 38 16 37 
37 68 73 
89 97 20 57 
73 23 50 
50 89 
40 54 45 
57 55 40 
45 3 34 96 
96 49 30 62 
62 71 18 92 
92 12 
12 67 11 
22 51 6 
11 76 22 
6 80 31 85 
85 21 60 15 
15 13 77 88 
88 10 44 36 84 
84 79 93 33 
18 81 47 46 9 
34 35 28 
33 90 75 
9 24 64 
36 69 52 
28 27 
27 4 
71 43 94 
94 5 61 
77 65 
65 58 
54 7 
64 78 
75 87 25 
13 98 29 
23 53 
51 8 83 
68 
7 66 2 26 
30 95 59 
31 48 
16 41 
78 
93 63 19 
46 
41 42 
52 
29 
69 17 
49 74 
4 91 
42 99 
44 86 
10 39 
61 72 
17 70 56 
38 
60 
25 32 
79 
26 
83 
58 
39 82 14 
47 1 
5 
59 
67 
21 
86 
72 
43 
48 
90 
19 
80 
35 
20 
32 
99 
53 
8 
74 
91 
55 
14 
97 
98 
63 
81 
87 
24 
56 
2 
76 
1 
70 
3 
66 
95 
82 
# clone tree 40 objective: 3.17142
0 38 16 37 
37 68 73 
89 97 20 57 
73 23 50 
50 89 
40 54 45 
57 55 40 
45 87 34 96 
96 49 30 62 
62 71 18 92 
92 12 
12 67 11 
22 51 6 
11 22 
6 80 31 85 
85 21 60 15 
15 76 13 77 88 
88 10 44 36 84 
84 79 93 33 
18 95 81 47 46 9 
34 35 28 
33 90 75 
9 24 64 
36 69 52 
28 27 
27 4 
71 43 94 
94 5 61 
77 65 
65 58 
54 7 
64 78 
75 25 
13 98 29 
23 53 
51 8 83 
68 
7 26 
30 59 
31 48 
16 41 
78 1 
93 63 19 
46 
41 42 
52 
29 
69 17 
49 74 
4 91 
42 99 
44 86 
10 39 
61 72 
17 3 56 
38 
60 
25 32 
79 
26 
83 
58 
39 14 
47 
5 
59 
67 
21 
86 
72 66 
43 82 
48 
90 
19 
80 
35 2 
20 
32 
99 
53 
8 
74 
91 70 
55 
14 
97 
98 
63 
81 
87 
24 
56 
2 
76 
1 
70 
3 
66 
95 
82 
# clone tree 41 objective: 3.17142
0 38 16 37 
37 68 73 
89 97 20 57 
73 23 50 
50 89 
40 54 45 
57 55 40 
45 34 96 
96 49 30 62 
62 71 18 92 
92 12 
12 67 11 
22 51 6 
11 76 22 
6 80 31 85 
85 21 60 15 
15 13 77 88 
88 10 44 36 84 
84 79 93 33 
18 81 47 46 9 
34 35 28 
33 90 75 
9 24 64 
36 69 52 
28 66 27 
27 4 
71 43 94 
94 5 61 
77 65 
65 82 58 
54 7 
64 78 
75 87 25 
13 98 29 
23 53 
51 8 83 
68 
7 2 26 
30 59 
31 48 
16 41 
78 
93 63 19 
46 70 
41 42 
52 
29 
69 17 
49 74 
4 91 
42 99 
44 3 86 
10 39 
61 72 
17 56 
38 
60 
25 32 
79 
26 
83 
58 
39 14 
47 1 
5 
59 
67 
21 
86 
72 
43 
48 
90 
19 
80 
35 
20 
32 
99 
53 
8 
74 
91 
55 
14 
97 
98 
63 
81 
87 95 
24 
56 
2 
76 
1 
70 
3 
66 
95 
82 
# clone tree 42 objective: 3.17142
0 38 16 37 
37 68 73 
89 1 97 20 57 
73 23 50 
50 95 89 
40 54 45 
57 55 40 
45 34 96 
96 49 30 62 
62 71 18 92 
92 12 
12 67 11 
22 51 6 
11 76 22 
6 80 31 85 
85 21 60 15 
15 13 77 88 
88 10 44 36 84 
84 79 93 33 
18 81 47 46 9 
34 35 28 
33 90 75 
9 24 64 
36 69 52 
28 27 
27 4 
71 43 94 
94 5 61 
77 65 
65 58 
54 7 
64 78 
75 87 25 
13 98 29 
23 53 
51 8 83 
68 
7 2 26 
30 59 
31 48 
16 41 
78 
93 63 19 
46 
41 42 
52 
29 
69 17 
49 74 
4 91 
42 66 99 
44 86 
10 39 
61 72 
17 56 
38 3 
60 
25 32 
79 
26 
83 
58 
39 14 
47 
5 
59 
67 
21 
86 
72 
43 
48 
90 
19 
80 
35 
20 
32 
99 
53 
8 
74 
91 70 
55 
14 
97 
98 
63 
81 
87 82 
24 
56 
2 
76 
1 
70 
3 
66 
95 
82 
# clone tree 43 objective: 3.17142
0 38 16 37 
37 43 68 73 
89 57 
73 23 50 
50 89 
40 54 45 
57 55 40 
45 34 96 
96 49 30 62 
62 71 18 92 
92 12 
12 67 11 
22 51 6 
11 22 
6 31 85 
85 21 60 15 
15 13 77 88 
88 10 44 36 84 
84 79 93 33 
18 81 47 46 9 
34 35 28 
33 90 75 
9 64 
36 69 52 
28 91 27 
27 97 4 
71 94 
94 5 61 
77 65 
65 53 58 
54 7 
64 63 78 
75 76 25 
13 66 98 29 
23 74 
51 83 
68 14 
7 26 
30 59 
31 48 
16 41 
78 
93 1 19 
46 
41 42 
52 
29 3 
69 17 
49 80 
4 
42 99 
44 86 
10 82 39 
61 72 
17 
38 56 
60 87 
25 32 
79 
26 
83 
58 
39 20 
47 8 
5 24 
59 
67 
21 
86 
72 70 
43 
48 2 
90 
19 
80 
35 
20 
32 
99 
53 95 
8 
74 
91 
55 
14 
97 
98 
63 
81 
87 
24 
56 
2 
76 
1 
70 
3 
66 
95 
82 
# clone tree 44 objective: 3.17142
0 38 16 37 
37 68 73 
89 97 20 57 
73 23 50 
50 89 
40 54 45 
57 55 40 
45 87 34 96 
96 49 30 62 
62 71 18 92 
92 12 
12 67 11 
22 51 6 
11 22 
6 80 31 85 
85 21 60 15 
15 76 13 77 88 
88 10 44 36 84 
84 79 93 33 
18 81 47 46 9 
34 35 28 
33 90 75 
9 24 64 
36 69 52 
28 27 
27 4 
71 43 94 
94 5 61 
77 65 
65 58 
54 7 
64 78 
75 25 
13 98 29 
23 53 
51 8 83 
68 
7 70 26 
30 59 
31 48 
16 41 
78 
93 63 19 
46 
41 42 
52 
29 
69 17 
49 74 
4 91 
42 99 
44 86 
10 39 
61 72 
17 56 
38 
60 
25 32 
79 
26 
83 
58 
39 14 
47 
5 
59 
67 
21 66 
86 
72 
43 
48 
90 
19 
80 
35 2 
20 
32 3 
99 
53 
8 
74 
91 
55 
14 
97 1 
98 
63 
81 
87 
24 
56 
2 
76 
1 82 
70 95 
3 
66 
95 
82 
# clone tree 45 objective: 3.17142
0 38 16 37 
37 2 68 73 
89 97 20 57 
73 23 50 
50 89 
40 54 45 
57 55 40 
45 87 34 96 
96 49 30 62 
62 70 71 18 92 
92 12 
12 67 11 
22 51 6 
11 22 
6 80 31 85 
85 21 60 15 
15 76 13 77 88 
88 10 44 36 84 
84 79 93 33 
18 81 47 46 9 
34 35 28 
33 90 75 
9 24 64 
36 69 52 
28 27 
27 4 
71 43 94 
94 5 61 
77 65 
65 58 
54 95 7 
64 3 78 
75 25 
13 98 29 
23 53 
51 8 83 
68 
7 26 
30 59 
31 48 
16 41 
78 
93 63 19 
46 
41 42 
52 
29 
69 17 
49 74 
4 91 
42 99 
44 86 
10 39 
61 72 
17 82 
38 56 
60 1 
25 32 
79 
26 
83 
58 
39 14 
47 
5 
59 
67 
21 66 
86 
72 
43 
48 
90 
19 
80 
35 
20 
32 
99 
53 
8 
74 
91 
55 
14 
97 
98 
63 
81 
87 
24 
56 
2 
76 
1 
70 
3 
66 
95 
82 
# clone tree 46 objective: 3.17142
0 38 16 37 
37 82 68 73 
89 56 57 
73 53 23 50 
50 89 
40 54 45 
57 55 40 
45 34 96 
96 74 49 30 62 
62 71 18 92 
92 12 
12 67 11 
22 95 51 6 
11 22 
6 31 85 
85 21 60 15 
15 13 77 88 
88 10 44 36 84 
84 63 79 93 33 
18 81 47 46 9 
34 35 28 
33 90 75 
9 24 64 
36 69 52 
28 27 
27 97 4 
71 43 94 
94 5 61 
77 65 
65 58 
54 7 
64 78 
75 25 
13 98 29 
23 32 
51 8 83 
68 
7 26 
30 59 
31 48 
16 41 
78 
93 19 
46 
41 42 
52 
29 
69 17 
49 76 80 
4 3 
42 99 
44 86 
10 39 
61 72 
17 
38 
60 87 
25 70 91 
79 
26 1 
83 14 
58 
39 20 
47 
5 
59 
67 
21 
86 
72 
43 
48 
90 
19 
80 2 
35 
20 
32 
99 
53 
8 
74 
91 
55 66 
14 
97 
98 
63 
81 
87 
24 
56 
2 
76 
1 
70 
3 
66 
95 
82 
# clone tree 47 objective: 3.17142
0 38 16 37 
37 68 73 
89 56 57 
73 53 23 50 
50 89 
40 54 45 
57 55 40 
45 34 96 
96 74 49 30 62 
62 71 18 92 
92 12 
12 67 11 
22 51 6 
11 22 
6 31 85 
85 21 60 15 
15 13 77 88 
88 10 44 36 84 
84 63 79 93 33 
18 81 47 46 9 
34 95 35 28 
33 90 75 
9 24 64 
36 69 52 
28 27 
27 97 4 
71 43 94 
94 5 61 
77 65 
65 58 
54 7 
64 78 
75 25 
13 98 29 
23 32 
51 8 83 
68 
7 26 
30 59 
31 48 
16 41 
78 
93 19 
46 
41 42 
52 
29 
69 17 
49 76 80 
4 3 
42 99 
44 86 
10 39 
61 72 
17 
38 
60 87 
25 70 91 
79 
26 1 
83 14 
58 
39 20 
47 
5 
59 
67 
21 
86 
72 
43 
48 
90 
19 
80 2 
35 
20 
32 
99 
53 
8 
74 
91 
55 66 
14 
97 
98 
63 
81 
87 
24 
56 
2 
76 
1 
70 82 
3 
66 
95 
82 
# clone tree 48 objective: 3.17142
0 38 16 37 
37 68 73 
89 97 20 57 
73 23 50 
50 89 
40 54 45 
57 55 40 
45 34 96 
96 49 30 62 
62 71 18 92 
92 12 
12 67 11 
22 51 6 
11 76 22 
6 80 31 85 
85 21 60 15 
15 13 77 88 
88 10 44 36 84 
84 1 79 93 33 
18 81 47 46 9 
34 35 28 
33 90 75 
9 24 64 
36 69 52 
28 27 
27 4 
71 43 94 
94 5 61 
77 65 
65 58 
54 7 
64 78 
75 87 25 
13 98 29 
23 53 
51 3 8 83 
68 
7 2 26 
30 59 
31 48 
16 41 
78 
93 63 19 
46 
41 42 
52 
29 82 
69 17 
49 74 
4 91 
42 99 
44 86 
10 39 
61 72 
17 56 
38 
60 
25 32 
79 
26 
83 
58 
39 14 
47 70 
5 66 
59 
67 
21 
86 
72 
43 
48 
90 
19 
80 
35 
20 
32 
99 
53 
8 
74 
91 
55 
14 
97 95 
98 
63 
81 
87 
24 
56 
2 
76 
1 
70 
3 
66 
95 
82 
# clone tree 49 objective: 3.17142
0 38 16 37 
37 43 68 73 
89 57 
73 23 50 
50 89 
40 54 45 
57 55 40 
45 34 96 
96 49 30 62 
62 71 18 92 
92 12 
12 67 11 
22 51 6 
11 22 
6 31 85 
85 21 60 15 
15 2 13 77 88 
88 10 44 36 84 
84 79 93 33 
18 81 47 46 9 
34 35 28 
33 90 75 
9 64 
36 69 52 
28 91 27 
27 97 4 
71 94 
94 5 61 
77 65 
65 53 58 
54 7 
64 95 63 78 
75 25 
13 98 29 
23 74 
51 83 
68 14 
7 26 
30 59 
31 48 
16 56 41 
78 
93 19 
46 
41 42 
52 
29 
69 17 
49 80 
4 
42 99 
44 70 86 
10 39 
61 72 
17 
38 
60 87 
25 32 
79 
26 
83 76 
58 
39 20 
47 82 8 
5 24 
59 
67 
21 
86 
72 
43 
48 
90 
19 3 
80 
35 
20 
32 
99 
53 
8 
74 
91 
55 
14 
97 1 
98 66 
63 
81 
87 
24 
56 
2 
76 
1 
70 
3 
66 
95 
82 
# clone tree 50 objective: 3.17142
0 38 16 37 
37 68 73 
89 97 20 57 
73 82 23 50 
50 89 
40 54 45 
57 55 40 
45 34 96 
96 49 30 62 
62 71 18 92 
92 12 
12 67 11 
22 51 6 
11 76 22 
6 80 31 85 
85 21 60 15 
15 13 77 88 
88 10 44 36 84 
84 79 93 33 
18 81 47 46 9 
34 35 28 
33 90 75 
9 24 64 
36 69 52 
28 27 
27 4 
71 43 94 
94 5 61 
77 65 
65 58 
54 7 
64 78 
75 87 25 
13 98 29 
23 53 
51 8 83 
68 
7 2 26 
30 70 59 
31 48 
16 41 
78 
93 63 19 
46 
41 42 
52 
29 
69 17 
49 74 
4 91 
42 66 99 
44 86 
10 39 
61 72 
17 56 
38 
60 
25 32 
79 
26 1 
83 
58 
39 14 
47 
5 
59 
67 
21 
86 
72 3 
43 
48 
90 
19 
80 
35 
20 
32 
99 
53 
8 
74 
91 
55 
14 
97 
98 
63 
81 
87 
24 
56 
2 
76 
1 
70 
3 95 
66 
95 
82 
# clone tree 51 objective: 3.17142
0 38 16 37 
37 2 68 73 
89 97 20 57 
73 23 50 
50 89 
40 54 45 
57 55 40 
45 87 34 96 
96 49 30 62 
62 71 18 92 
92 12 
12 67 11 
22 51 6 
11 22 
6 80 31 85 
85 21 60 15 
15 76 13 77 88 
88 10 44 36 84 
84 79 93 33 
18 81 47 46 9 
34 35 28 
33 90 75 
9 24 64 
36 69 52 
28 66 27 
27 4 
71 43 94 
94 5 61 
77 65 
65 58 
54 7 
64 78 
75 25 
13 98 29 
23 53 
51 70 8 83 
68 
7 26 
30 59 
31 48 
16 41 
78 
93 82 63 19 
46 
41 42 
52 
29 95 
69 17 
49 74 
4 91 
42 99 
44 86 
10 39 
61 72 
17 
38 56 
60 1 
25 3 32 
79 
26 
83 
58 
39 14 
47 
5 
59 
67 
21 
86 
72 
43 
48 
90 
19 
80 
35 
20 
32 
99 
53 
8 
74 
91 
55 
14 
97 
98 
63 
81 
87 
24 
56 
2 
76 
1 
70 
3 
66 
95 
82 
# clone tree 52 objective: 3.17142
0 38 16 37 
37 68 73 
89 97 20 57 
73 23 50 
50 89 
40 54 45 
57 55 40 
45 34 96 
96 49 30 62 
62 71 18 92 
92 12 
12 67 11 
22 51 6 
11 76 22 
6 80 31 85 
85 21 60 15 
15 13 77 88 
88 10 44 36 84 
84 79 93 33 
18 81 47 46 9 
34 35 28 
33 90 75 
9 24 64 
36 69 52 
28 27 
27 4 
71 43 94 
94 5 61 
77 65 
65 58 
54 7 
64 78 
75 87 25 
13 98 29 
23 53 
51 8 83 
68 
7 2 26 
30 59 
31 48 
16 41 
78 
93 63 19 
46 
41 42 
52 
29 
69 17 
49 74 
4 91 
42 99 
44 70 86 
10 39 
61 72 
17 56 
38 66 
60 
25 32 
79 
26 
83 
58 
39 14 
47 
5 
59 
67 
21 
86 
72 
43 3 
48 
90 
19 
80 
35 
20 82 
32 
99 
53 
8 
74 
91 
55 
14 
97 
98 
63 1 
81 
87 
24 
56 
2 
76 
1 95 
70 
3 
66 
95 
82 
# clone tree 53 objective: 3.17142
0 38 16 37 
37 68 73 
89 1 97 20 57 
73 95 23 50 
50 89 
40 54 45 
57 55 40 
45 34 96 
96 49 30 62 
62 71 18 92 
92 12 
12 67 11 
22 51 6 
11 76 22 
6 80 31 85 
85 21 60 15 
15 13 77 88 
88 10 44 36 84 
84 79 93 33 
18 81 47 46 9 
34 35 28 
33 90 75 
9 24 64 
36 69 52 
28 27 
27 4 
71 43 94 
94 5 61 
77 65 
65 58 
54 7 
64 78 
75 87 25 
13 98 29 
23 53 
51 8 83 
68 
7 2 26 
30 59 
31 48 
16 41 
78 
93 63 19 
46 
41 42 
52 
29 
69 17 
49 74 
4 91 
42 99 
44 86 
10 39 
61 72 
17 56 
38 3 
60 
25 32 
79 
26 
83 
58 
39 14 
47 
5 
59 
67 
21 
86 
72 
43 
48 
90 
19 
80 
35 
20 82 
32 
99 66 
53 
8 
74 
91 70 
55 
14 
97 
98 
63 
81 
87 
24 
56 
2 
76 
1 
70 
3 
66 
95 
82 
# clone tree 54 objective: 3.17142
0 38 16 37 
37 68 73 
89 57 
73 53 23 50 
50 89 
40 54 45 
57 55 40 
45 34 96 
96 74 49 30 62 
62 3 71 18 92 
92 82 66 12 
12 67 11 
22 51 6 
11 22 
6 31 85 
85 21 60 15 
15 2 13 77 88 
88 10 44 36 84 
84 63 79 93 33 
18 81 47 46 9 
34 35 28 
33 90 75 
9 24 64 
36 69 52 
28 27 
27 70 97 4 
71 43 94 
94 5 61 
77 65 
65 58 
54 7 
64 78 
75 25 
13 98 29 
23 32 
51 8 83 
68 
7 26 
30 95 59 
31 48 
16 56 41 
78 
93 19 
46 
41 42 
52 
29 
69 17 
49 80 
4 
42 99 
44 86 
10 39 
61 72 
17 
38 
60 87 
25 91 
79 
26 1 
83 76 14 
58 
39 20 
47 
5 
59 
67 
21 
86 
72 
43 
48 
90 
19 
80 
35 
20 
32 
99 
53 
8 
74 
91 
55 
14 
97 
98 
63 
81 
87 
24 
56 
2 
76 
1 
70 
3 
66 
95 
82 
# clone tree 55 objective: 3.17142
0 38 16 37 
37 68 73 
89 80 57 
73 53 23 50 
50 89 
40 54 45 
57 55 40 
45 56 34 96 
96 49 30 62 
62 71 18 92 
92 12 
12 67 11 
22 51 6 
11 22 
6 31 85 
85 21 60 15 
15 13 77 88 
88 10 44 36 84 
84 79 93 33 
18 81 47 46 9 
34 35 28 
33 90 75 
9 64 
36 69 52 
28 91 27 
27 97 4 
71 43 94 
94 5 61 
77 65 
65 58 
54 7 
64 78 
75 25 
13 98 29 
23 32 
51 3 8 83 
68 
7 26 
30 59 
31 48 
16 95 87 41 
78 63 
93 19 
46 
41 42 
52 
29 
69 66 17 
49 
4 76 
42 99 
44 86 
10 2 39 
61 72 
17 
38 
60 
25 74 
79 
26 1 
83 
58 
39 20 
47 70 
5 24 
59 
67 
21 
86 
72 
43 14 
48 
90 
19 
80 
35 
20 
32 82 
99 
53 
8 
74 
91 
55 
14 
97 
98 
63 
81 
87 
24 
56 
2 
76 
1 
70 
3 
66 
95 
82 
# clone tree 56 objective: 3.17142
0 38 16 37 
37 68 73 
89 97 20 57 
73 23 50 
50 89 
40 95 54 45 
57 55 40 
45 34 96 
96 49 30 62 
62 71 18 92 
92 12 
12 67 11 
22 51 6 
11 76 22 
6 80 31 85 
85 21 60 15 
15 13 77 88 
88 10 44 36 84 
84 79 93 33 
18 81 47 46 9 
34 35 28 
33 90 75 
9 24 64 
36 69 52 
28 27 
27 4 
71 43 94 
94 5 61 
77 65 
65 58 
54 7 
64 78 
75 87 25 
13 98 29 
23 53 
51 8 83 
68 
7 2 26 
30 59 
31 48 
16 41 
78 
93 63 19 
46 
41 42 
52 
29 
69 17 
49 74 
4 91 
42 99 
44 70 86 
10 39 
61 72 
17 56 
38 
60 82 
25 32 
79 66 
26 
83 
58 
39 14 
47 
5 
59 
67 
21 
86 
72 
43 
48 
90 
19 
80 
35 
20 
32 
99 
53 
8 
74 
91 3 
55 
14 
97 
98 
63 1 
81 
87 
24 
56 
2 
76 
1 
70 
3 
66 
95 
82 
# clone tree 57 objective: 3.17142
0 1 38 16 37 
37 68 73 
89 97 20 57 
73 23 50 
50 89 
40 54 45 
57 55 40 
45 3 87 34 96 
96 49 30 62 
62 71 18 92 
92 12 
12 67 11 
22 51 6 
11 22 
6 80 31 85 
85 21 60 15 
15 13 77 88 
88 10 44 36 84 
84 79 93 33 
18 81 47 46 9 
34 35 28 
33 90 75 
9 24 64 
36 69 52 
28 27 
27 95 4 
71 43 94 
94 5 61 
77 65 
65 58 
54 7 
64 78 
75 25 
13 98 29 
23 53 
51 8 83 
68 
7 26 
30 59 
31 48 
16 41 
78 
93 63 19 
46 
41 42 
52 
29 
69 17 
49 74 
4 91 
42 99 
44 86 
10 39 
61 72 
17 
38 
60 
25 32 
79 
26 
83 2 
58 56 
39 14 
47 
5 
59 
67 
21 66 
86 
72 
43 70 
48 
90 
19 
80 
35 
20 
32 
99 
53 
8 
74 
91 76 
55 
14 
97 
98 
63 
81 
87 
24 
56 
2 
76 
1 
70 
3 
66 
95 82 
82 
# clone tree 58 objective: 3.17142
0 38 16 37 
37 68 73 
89 97 20 57 
73 23 50 
50 89 
40 54 45 
57 55 40 
45 34 96 
96 49 30 62 
62 71 18 92 
92 12 
12 67 11 
22 51 6 
11 76 22 
6 80 31 85 
85 21 60 15 
15 13 77 88 
88 10 44 36 84 
84 79 93 33 
18 81 47 46 9 
34 35 28 
33 90 75 
9 24 64 
36 69 52 
28 66 27 
27 4 
71 43 94 
94 5 61 
77 65 
65 58 
54 7 
64 78 
75 87 25 
13 98 29 
23 53 
51 8 83 
68 
7 2 26 
30 59 
31 48 
16 41 
78 
93 63 19 
46 70 
41 42 
52 
29 
69 17 
49 95 74 
4 91 
42 99 
44 3 86 
10 39 
61 72 
17 56 
38 
60 
25 32 
79 
26 
83 
58 
39 14 
47 1 
5 
59 
67 
21 
86 
72 
43 
48 
90 
19 
80 
35 
20 
32 
99 
53 
8 
74 
91 
55 
14 
97 
98 
63 
81 
87 
24 
56 
2 
76 
1 
70 
3 
66 82 
95 
82 
# clone tree 59 objective: 3.17142
0 38 16 37 
37 68 73 
89 97 20 57 
73 23 50 
50 89 
40 54 45 
57 55 40 
45 34 96 
96 49 30 62 
62 71 18 92 
92 12 
12 67 11 
22 51 6 
11 76 22 
6 80 31 85 
85 21 60 15 
15 13 77 88 
88 95 10 44 36 84 
84 79 93 33 
18 81 47 46 9 
34 35 28 
33 90 75 
9 24 64 
36 69 52 
28 66 27 
27 4 
71 43 94 
94 5 61 
77 65 
65 58 
54 7 
64 78 
75 87 25 
13 98 29 
23 53 
51 8 83 
68 
7 2 26 
30 59 
31 48 
16 41 
78 
93 63 19 
46 70 
41 42 
52 
29 
69 17 
49 74 
4 91 
42 99 
44 3 86 
10 39 
61 72 
17 56 
38 
60 
25 32 
79 
26 
83 
58 
39 14 
47 1 
5 
59 
67 
21 
86 
72 
43 
48 
90 
19 
80 
35 
20 
32 
99 
53 
8 
74 
91 
55 
14 82 
97 
98 
63 
81 
87 
24 
56 
2 
76 
1 
70 
3 
66 
95 
82 
# clone tree 60 objective: 3.17142
0 1 38 16 37 
37 68 73 
89 97 20 57 
73 23 50 
50 89 
40 54 45 
57 55 40 
45 87 34 96 
96 49 30 62 
62 71 18 92 
92 12 
12 67 11 
22 51 6 
11 22 
6 80 31 85 
85 21 60 15 
15 76 13 77 88 
88 10 44 36 84 
84 79 93 33 
18 81 47 46 9 
34 35 28 
33 90 75 
9 24 64 
36 69 52 
28 3 27 
27 4 
71 43 94 
94 5 61 
77 65 
65 58 
54 7 
64 70 78 
75 82 25 
13 98 29 
23 53 
51 8 83 
68 
7 26 
30 59 
31 48 
16 41 
78 
93 63 19 
46 
41 42 
52 
29 
69 17 
49 74 
4 91 
42 99 
44 86 
10 39 
61 72 
17 56 
38 
60 
25 95 32 
79 
26 
83 
58 
39 14 
47 
5 
59 
67 66 
21 
86 
72 
43 
48 
90 
19 
80 
35 2 
20 
32 
99 
53 
8 
74 
91 
55 
14 
97 
98 
63 
81 
87 
24 
56 
2 
76 
1 
70 
3 
66 
95 
82 
# clone tree 61 objective: 3.17142
0 38 16 37 
37 68 73 
89 97 20 57 
73 23 50 
50 89 
40 54 45 
57 55 40 
45 34 96 
96 49 30 62 
62 71 18 92 
92 12 
12 67 11 
22 51 6 
11 76 22 
6 80 31 85 
85 21 60 15 
15 13 77 88 
88 95 10 44 36 84 
84 79 93 33 
18 81 47 46 9 
34 35 28 
33 90 75 
9 24 64 
36 69 52 
28 82 66 27 
27 4 
71 43 94 
94 5 61 
77 65 
65 58 
54 7 
64 78 
75 87 25 
13 98 29 
23 53 
51 8 83 
68 
7 2 26 
30 59 
31 48 
16 41 
78 
93 63 19 
46 70 
41 42 
52 
29 
69 17 
49 74 
4 91 
42 99 
44 3 86 
10 39 
61 72 
17 56 
38 
60 
25 32 
79 
26 
83 
58 
39 14 
47 1 
5 
59 
67 
21 
86 
72 
43 
48 
90 
19 
80 
35 
20 
32 
99 
53 
8 
74 
91 
55 
14 
97 
98 
63 
81 
87 
24 
56 
2 
76 
1 
70 
3 
66 
95 
82 
# clone tree 62 objective: 3.17142
0 38 16 37 
37 68 73 
89 97 20 57 
73 23 50 
50 89 
40 54 45 
57 55 40 
45 3 34 96 
96 95 49 30 62 
62 71 18 92 
92 12 
12 67 11 
22 51 6 
11 76 22 
6 80 31 85 
85 21 60 15 
15 13 77 88 
88 10 44 36 84 
84 79 93 33 
18 81 47 46 9 
34 35 28 
33 90 75 
9 24 64 
36 69 52 
28 27 
27 4 
71 43 94 
94 5 61 
77 65 
65 58 
54 7 
64 78 
75 87 25 
13 98 29 
23 53 
51 8 83 
68 
7 66 2 26 
30 59 
31 48 
16 41 
78 
93 63 19 
46 
41 42 
52 
29 
69 17 
49 74 
4 82 91 
42 99 
44 86 
10 39 
61 72 
17 70 56 
38 
60 
25 32 
79 
26 
83 
58 
39 14 
47 1 
5 
59 
67 
21 
86 
72 
43 
48 
90 
19 
80 
35 
20 
32 
99 
53 
8 
74 
91 
55 
14 
97 
98 
63 
81 
87 
24 
56 
2 
76 
1 
70 
3 
66 
95 
82 
# clone tree 63 objective: 3.17142
0 38 16 37 
37 68 73 
89 97 20 57 
73 23 50 
50 89 
40 54 45 
57 55 40 
45 34 96 
96 49 30 62 
62 71 18 92 
92 12 
12 67 11 
22 51 6 
11 76 22 
6 80 31 85 
85 21 60 15 
15 13 77 88 
88 10 44 36 84 
84 79 93 33 
18 81 47 46 9 
34 35 28 
33 90 75 
9 24 64 
36 69 52 
28 66 27 
27 4 
71 43 94 
94 5 61 
77 65 
65 58 
54 7 
64 78 
75 87 25 
13 98 29 
23 53 
51 8 83 
68 
7 2 26 
30 59 
31 48 
16 41 
78 
93 63 19 
46 70 
41 42 
52 
29 
69 17 
49 74 
4 91 
42 99 
44 3 86 
10 39 
61 72 
17 56 
38 
60 
25 32 
79 
26 
83 
58 
39 14 
47 1 
5 
59 
67 
21 
86 
72 
43 
48 
90 
19 
80 
35 
20 
32 
99 
53 
8 82 
74 
91 
55 
14 
97 
98 
63 95 
81 
87 
24 
56 
2 
76 
1 
70 
3 
66 
95 
82 
# clone tree 64 objective: 3.17142
0 38 16 37 
37 2 68 73 
89 97 20 57 
73 23 50 
50 89 
40 54 45 
57 55 40 
45 87 34 96 
96 49 30 62 
62 71 18 92 
92 12 
12 67 11 
22 82 51 6 
11 22 
6 80 31 85 
85 21 60 15 
15 76 13 77 88 
88 10 44 36 84 
84 79 93 33 
18 81 47 46 9 
34 35 28 
33 90 75 
9 24 64 
36 69 52 
28 95 27 
27 4 
71 43 94 
94 5 61 
77 65 
65 58 
54 7 
64 78 
75 25 
13 98 29 
23 53 
51 70 8 83 
68 
7 26 
30 59 
31 48 
16 41 
78 
93 63 19 
46 
41 42 
52 
29 
69 17 
49 74 
4 91 
42 99 
44 86 
10 39 
61 72 
17 
38 56 
60 1 
25 3 32 
79 
26 
83 
58 
39 14 
47 
5 
59 
67 
21 
86 
72 
43 
48 
90 
19 
80 
35 
20 
32 
99 
53 
8 
74 
91 
55 66 
14 
97 
98 
63 
81 
87 
24 
56 
2 
76 
1 
70 
3 
66 
95 
82 
# clone tree 65 objective: 3.17142
0 38 16 37 
37 68 73 
89 1 97 20 57 
73 23 50 
50 95 89 
40 54 45 
57 55 40 
45 34 96 
96 49 30 62 
62 71 18 92 
92 12 
12 67 11 
22 51 6 
11 76 22 
6 80 31 85 
85 21 60 15 
15 13 77 88 
88 10 44 36 84 
84 79 93 33 
18 81 47 46 9 
34 35 28 
33 90 75 
9 24 64 
36 69 52 
28 27 
27 4 
71 43 94 
94 5 61 
77 65 
65 58 
54 7 
64 78 
75 87 25 
13 98 29 
23 53 
51 8 83 
68 
7 2 26 
30 59 
31 48 
16 41 
78 
93 63 19 
46 
41 42 
52 
29 
69 17 
49 74 
4 91 
42 66 99 
44 86 
10 39 
61 72 
17 56 
38 3 
60 
25 32 
79 
26 
83 
58 
39 14 
47 
5 
59 
67 
21 
86 
72 
43 
48 
90 
19 
80 
35 
20 
32 
99 
53 
8 
74 
91 70 
55 
14 
97 
98 
63 
81 
87 
24 
56 
2 
76 
1 
70 
3 
66 
95 82 
82 
# clone tree 66 objective: 3.17142
0 82 38 16 37 
37 2 68 73 
89 97 20 57 
73 23 50 
50 89 
40 54 45 
57 55 40 
45 87 34 96 
96 49 30 62 
62 70 71 18 92 
92 12 
12 67 11 
22 51 6 
11 22 
6 80 31 85 
85 21 60 15 
15 76 13 77 88 
88 10 44 36 84 
84 79 93 33 
18 81 47 46 9 
34 35 28 
33 90 75 
9 24 64 
36 69 52 
28 27 
27 4 
71 43 94 
94 5 61 
77 65 
65 58 
54 95 7 
64 3 78 
75 25 
13 98 29 
23 53 
51 8 83 
68 
7 26 
30 59 
31 48 
16 41 
78 
93 63 19 
46 
41 42 
52 
29 
69 17 
49 74 
4 91 
42 99 
44 86 
10 39 
61 72 
17 
38 56 
60 1 
25 32 
79 
26 
83 
58 
39 14 
47 
5 
59 
67 
21 66 
86 
72 
43 
48 
90 
19 
80 
35 
20 
32 
99 
53 
8 
74 
91 
55 
14 
97 
98 
63 
81 
87 
24 
56 
2 
76 
1 
70 
3 
66 
95 
82 
# clone tree 67 objective: 3.17142
0 38 16 37 
37 68 73 
89 97 20 57 
73 23 50 
50 89 
40 54 45 
57 55 40 
45 34 96 
96 49 30 62 
62 71 18 92 
92 12 
12 67 11 
22 51 6 
11 76 22 
6 80 31 85 
85 21 60 15 
15 13 77 88 
88 10 44 36 84 
84 1 79 93 33 
18 81 47 46 9 
34 35 28 
33 90 75 
9 24 64 
36 69 52 
28 27 
27 4 
71 43 94 
94 5 61 
77 65 
65 58 
54 7 
64 78 
75 87 25 
13 98 29 
23 53 
51 3 8 83 
68 
7 2 26 
30 59 
31 48 
16 41 
78 
93 63 19 
46 
41 42 
52 
29 
69 17 
49 74 
4 91 
42 99 
44 86 
10 39 
61 72 
17 56 
38 
60 
25 32 
79 
26 
83 
58 
39 14 
47 70 
5 66 
59 
67 
21 
86 
72 
43 
48 
90 
19 
80 
35 
20 
32 
99 
53 
8 
74 
91 
55 
14 
97 82 
98 
63 
81 
87 
24 
56 
2 
76 
1 
70 
3 
66 
95 
82 95 
# clone tree 68 objective: 3.17142
0 95 38 16 37 
37 68 73 
89 1 97 20 57 
73 23 50 
50 89 
40 54 45 
57 55 40 
45 34 96 
96 49 30 62 
62 71 18 92 
92 12 
12 67 11 
22 82 51 6 
11 76 22 
6 80 31 85 
85 21 60 15 
15 13 77 88 
88 10 44 36 84 
84 79 93 33 
18 81 47 46 9 
34 35 28 
33 90 75 
9 24 64 
36 69 52 
28 27 
27 4 
71 43 94 
94 5 61 
77 65 
65 58 
54 7 
64 78 
75 87 25 
13 98 29 
23 53 
51 8 83 
68 
7 2 26 
30 59 
31 48 
16 41 
78 
93 63 19 
46 
41 42 
52 
29 
69 17 
49 74 
4 91 
42 99 
44 86 
10 39 
61 72 
17 56 
38 3 
60 
25 32 
79 
26 
83 
58 
39 14 
47 
5 
59 
67 
21 
86 
72 
43 
48 
90 
19 
80 
35 
20 
32 
99 66 
53 
8 
74 
91 70 
55 
14 
97 
98 
63 
81 
87 
24 
56 
2 
76 
1 
70 
3 
66 
95 
82 
# clone tree 69 objective: 3.17142
0 95 38 16 37 
37 68 73 
89 1 97 20 57 
73 23 50 
50 89 
40 54 45 
57 55 40 
45 34 96 
96 49 30 62 
62 71 18 92 
92 12 
12 67 11 
22 51 6 
11 76 22 
6 80 31 85 
85 21 60 15 
15 13 77 88 
88 10 44 36 84 
84 79 93 33 
18 81 47 46 9 
34 35 28 
33 90 75 
9 24 64 
36 69 52 
28 27 
27 4 
71 43 94 
94 5 61 
77 65 
65 58 
54 7 
64 78 
75 87 25 
13 98 29 
23 53 
51 8 83 
68 
7 2 26 
30 59 
31 48 
16 41 
78 
93 63 19 
46 
41 42 
52 82 
29 
69 17 
49 74 
4 91 
42 99 
44 86 
10 39 
61 72 
17 56 
38 3 
60 
25 32 
79 
26 
83 
58 
39 14 
47 
5 
59 
67 
21 
86 
72 
43 
48 
90 
19 
80 
35 
20 
32 
99 66 
53 
8 
74 
91 70 
55 
14 
97 
98 
63 
81 
87 
24 
56 
2 
76 
1 
70 
3 
66 
95 
82 
# clone tree 70 objective: 3.17142
0 38 16 37 
37 68 73 
89 1 97 20 57 
73 23 50 
50 89 
40 54 45 
57 55 40 
45 34 96 
96 49 30 62 
62 95 71 18 92 
92 12 
12 67 11 
22 51 6 
11 76 22 
6 80 31 85 
85 21 60 15 
15 82 13 77 88 
88 10 44 36 84 
84 79 93 33 
18 81 47 46 9 
34 35 28 
33 90 75 
9 24 64 
36 69 52 
28 27 
27 4 
71 43 94 
94 5 61 
77 65 
65 58 
54 7 
64 78 
75 87 25 
13 98 29 
23 53 
51 8 83 
68 
7 2 26 
30 59 
31 48 
16 41 
78 
93 63 19 
46 
41 42 
52 
29 
69 17 
49 74 
4 91 
42 99 
44 3 86 
10 39 
61 72 
17 56 
38 
60 
25 32 
79 
26 
83 
58 
39 14 
47 
5 
59 
67 
21 
86 
72 
43 
48 
90 
19 
80 
35 
20 
32 
99 66 
53 
8 
74 
91 70 
55 
14 
97 
98 
63 
81 
87 
24 
56 
2 
76 
1 
70 
3 
66 
95 
82 
# clone tree 71 objective: 3.17142
0 38 16 37 
37 68 73 
89 97 20 57 
73 23 50 
50 89 
40 54 45 
57 55 40 
45 70 87 34 96 
96 49 30 62 
62 71 18 92 
92 12 
12 67 11 
22 51 6 
11 22 
6 80 31 85 
85 21 60 15 
15 76 13 77 88 
88 10 44 36 84 
84 79 93 33 
18 81 47 46 9 
34 35 28 
33 90 75 
9 24 64 
36 69 52 
28 27 
27 4 
71 43 94 
94 5 61 
77 65 
65 82 58 
54 7 
64 78 
75 25 
13 98 29 
23 53 
51 8 83 
68 
7 26 
30 59 
31 48 
16 41 
78 
93 63 19 
46 
41 42 
52 
29 
69 17 
49 74 
4 91 
42 99 
44 86 
10 39 
61 72 
17 56 
38 66 
60 
25 3 32 
79 
26 
83 
58 
39 14 
47 1 
5 95 
59 
67 
21 
86 
72 
43 
48 
90 
19 
80 
35 2 
20 
32 
99 
53 
8 
74 
91 
55 
14 
97 
98 
63 
81 
87 
24 
56 
2 
76 
1 
70 
3 
66 
95 
82 
# clone tree 72 objective: 3.17142
0 38 16 37 
37 68 73 
89 97 20 57 
73 23 50 
50 89 
40 54 45 
57 55 40 
45 70 87 34 96 
96 49 30 62 
62 71 18 92 
92 12 
12 67 11 
22 51 6 
11 22 
6 80 31 85 
85 21 60 15 
15 76 13 77 88 
88 10 44 36 84 
84 79 93 33 
18 81 47 46 9 
34 35 28 
33 90 75 
9 24 64 
36 69 52 
28 27 
27 4 
71 43 94 
94 5 61 
77 65 
65 58 
54 7 
64 78 
75 25 
13 98 29 
23 53 
51 8 83 
68 
7 26 
30 59 
31 48 
16 41 
78 
93 63 19 
46 
41 42 
52 
29 
69 17 
49 74 
4 91 
42 99 
44 86 
10 39 
61 72 
17 56 
38 66 
60 
25 3 32 
79 
26 
83 
58 
39 95 14 
47 1 
5 
59 
67 
21 
86 
72 
43 
48 
90 
19 
80 
35 2 
20 
32 
99 
53 
8 
74 
91 
55 
14 
97 
98 
63 
81 
87 
24 
56 
2 82 
76 
1 
70 
3 
66 
95 
82 
# clone tree 73 objective: 3.17142
0 38 16 37 
37 68 73 
89 97 20 57 
73 23 50 
50 89 
40 54 45 
57 55 40 
45 34 96 
96 49 30 62 
62 71 18 92 
92 12 
12 67 11 
22 51 6 
11 66 76 22 
6 80 31 85 
85 21 60 15 
15 13 77 88 
88 10 44 36 84 
84 79 93 33 
18 81 47 46 9 
34 35 28 
33 90 75 
9 24 64 
36 69 52 
28 27 
27 4 
71 43 94 
94 5 61 
77 65 
65 58 
54 7 
64 78 
75 87 25 
13 98 29 
23 53 
51 8 83 
68 
7 2 26 
30 59 
31 48 
16 41 
78 
93 63 19 
46 
41 42 
52 
29 
69 17 
49 74 
4 91 
42 99 
44 70 86 
10 39 
61 72 
17 56 
38 
60 
25 32 
79 
26 
83 
58 
39 14 
47 
5 
59 
67 
21 95 
86 
72 
43 
48 
90 
19 
80 
35 
20 
32 
99 
53 
8 
74 
91 3 
55 
14 
97 
98 
63 1 
81 
87 
24 82 
56 
2 
76 
1 
70 
3 
66 
95 
82 
# clone tree 74 objective: 3.17142
0 38 16 37 
37 43 68 73 
89 57 
73 23 50 
50 89 
40 54 45 
57 55 40 
45 34 96 
96 49 30 62 
62 71 18 92 
92 12 
12 67 11 
22 51 6 
11 22 
6 31 85 
85 21 60 15 
15 2 13 77 88 
88 10 44 36 84 
84 79 93 33 
18 81 47 46 9 
34 35 28 
33 66 90 75 
9 64 
36 69 52 
28 91 27 
27 97 4 
71 3 94 
94 5 61 
77 65 
65 53 58 
54 7 
64 63 78 
75 25 
13 98 29 
23 74 
51 83 
68 14 
7 26 
30 59 
31 48 
16 56 41 
78 
93 19 
46 
41 42 
52 
29 
69 17 
49 80 
4 
42 99 
44 70 86 
10 39 
61 72 
17 
38 
60 87 
25 32 
79 
26 
83 76 
58 
39 20 
47 95 8 
5 24 
59 
67 
21 
86 
72 
43 
48 
90 
19 
80 
35 
20 82 
32 
99 
53 
8 
74 
91 
55 
14 
97 1 
98 
63 
81 
87 
24 
56 
2 
76 
1 
70 
3 
66 
95 
82 
# clone tree 75 objective: 3.17142
0 38 16 37 
37 68 73 
89 97 20 57 
73 23 50 
50 89 
40 54 45 
57 55 40 
45 34 96 
96 49 30 62 
62 71 18 92 
92 12 
12 67 11 
22 51 6 
11 76 22 
6 80 31 85 
85 21 60 15 
15 13 77 88 
88 10 44 36 84 
84 79 93 33 
18 81 47 46 9 
34 35 28 
33 90 75 
9 24 64 
36 69 52 
28 66 27 
27 4 
71 43 94 
94 5 61 
77 65 
65 58 
54 7 
64 78 
75 87 25 
13 98 29 
23 53 
51 8 83 
68 
7 2 26 
30 59 
31 48 
16 41 
78 
93 63 19 
46 70 
41 42 
52 
29 
69 17 
49 74 
4 91 
42 99 
44 3 86 
10 39 
61 72 
17 56 
38 
60 
25 32 
79 
26 
83 
58 
39 14 
47 1 
5 
59 
67 82 
21 
86 
72 
43 
48 
90 
19 
80 
35 
20 
32 
99 95 
53 
8 
74 
91 
55 
14 
97 
98 
63 
81 
87 
24 
56 
2 
76 
1 
70 
3 
66 
95 
82 
# clone tree 76 objective: 3.17142
0 38 16 37 
37 43 68 73 
89 57 
73 23 50 
50 89 
40 54 45 
57 55 40 
45 34 96 
96 49 30 62 
62 71 18 92 
92 12 
12 67 11 
22 51 6 
11 22 
6 82 31 85 
85 21 60 15 
15 2 13 77 88 
88 10 44 36 84 
84 79 93 33 
18 81 47 46 9 
34 35 28 
33 66 90 75 
9 64 
36 69 52 
28 91 27 
27 97 4 
71 3 94 
94 5 61 
77 65 
65 53 58 
54 7 
64 63 78 
75 25 
13 98 29 
23 74 
51 83 
68 14 
7 26 
30 59 
31 48 
16 56 41 
78 
93 19 
46 
41 42 
52 
29 
69 17 
49 80 
4 
42 99 
44 70 86 
10 39 
61 72 
17 
38 
60 87 
25 32 
79 
26 
83 76 
58 
39 20 
47 95 8 
5 24 
59 
67 
21 
86 
72 
43 
48 
90 
19 
80 
35 
20 
32 
99 
53 
8 
74 
91 
55 
14 
97 1 
98 
63 
81 
87 
24 
56 
2 
76 
1 
70 
3 
66 
95 
82 
# clone tree 77 objective: 3.17142
0 38 16 37 
37 2 68 73 
89 97 20 57 
73 23 50 
50 89 
40 54 45 
57 55 40 
45 87 34 96 
96 49 30 62 
62 71 18 92 
92 12 
12 67 11 
22 51 6 
11 22 
6 80 31 85 
85 21 60 15 
15 76 13 77 88 
88 10 44 36 84 
84 79 93 33 
18 81 47 46 9 
34 35 28 
33 90 75 
9 24 64 
36 69 52 
28 66 27 
27 4 
71 43 94 
94 5 61 
77 65 
65 58 
54 7 
64 82 78 
75 25 
13 98 29 
23 53 
51 70 8 83 
68 
7 26 
30 59 
31 48 
16 41 
78 
93 63 19 
46 
41 42 
52 
29 95 
69 17 
49 74 
4 91 
42 99 
44 86 
10 39 
61 72 
17 
38 56 
60 1 
25 3 32 
79 
26 
83 
58 
39 14 
47 
5 
59 
67 
21 
86 
72 
43 
48 
90 
19 
80 
35 
20 
32 
99 
53 
8 
74 
91 
55 
14 
97 
98 
63 
81 
87 
24 
56 
2 
76 
1 
70 
3 
66 
95 
82 
# clone tree 78 objective: 3.17142
0 38 16 37 
37 68 73 
89 1 97 20 57 
73 23 50 
50 89 
40 54 45 
57 55 40 
45 34 96 
96 49 30 62 
62 71 18 92 
92 12 
12 95 67 11 
22 51 6 
11 82 76 22 
6 80 31 85 
85 21 60 15 
15 13 77 88 
88 10 44 36 84 
84 79 93 33 
18 81 47 46 9 
34 35 28 
33 90 75 
9 24 64 
36 69 52 
28 27 
27 4 
71 43 94 
94 5 61 
77 65 
65 58 
54 7 
64 78 
75 87 25 
13 66 98 29 
23 53 
51 8 83 
68 
7 2 26 
30 59 
31 48 
16 41 
78 
93 63 19 
46 
41 42 
52 
29 
69 17 
49 74 
4 91 
42 99 
44 86 
10 39 
61 72 
17 3 56 
38 
60 
25 32 
79 
26 
83 
58 
39 14 
47 
5 
59 
67 
21 
86 
72 
43 
48 
90 
19 
80 
35 
20 
32 
99 
53 
8 
74 
91 70 
55 
14 
97 
98 
63 
81 
87 
24 
56 
2 
76 
1 
70 
3 
66 
95 
82 
# clone tree 79 objective: 3.17142
0 38 16 37 
37 82 68 73 
89 97 20 57 
73 23 50 
50 89 
40 54 45 
57 55 40 
45 34 96 
96 49 30 62 
62 71 18 92 
92 12 
12 67 11 
22 51 6 
11 76 22 
6 80 31 85 
85 21 60 15 
15 13 77 88 
88 10 44 36 84 
84 79 93 33 
18 81 47 46 9 
34 35 28 
33 90 75 
9 24 64 
36 69 52 
28 66 27 
27 4 
71 43 94 
94 5 61 
77 65 
65 58 
54 7 
64 78 
75 87 25 
13 98 29 
23 53 
51 8 83 
68 
7 2 26 
30 95 59 
31 48 
16 41 
78 
93 63 19 
46 70 
41 42 
52 
29 
69 17 
49 74 
4 91 
42 99 
44 3 86 
10 39 
61 72 
17 56 
38 
60 
25 32 
79 
26 
83 
58 
39 14 
47 1 
5 
59 
67 
21 
86 
72 
43 
48 
90 
19 
80 
35 
20 
32 
99 
53 
8 
74 
91 
55 
14 
97 
98 
63 
81 
87 
24 
56 
2 
76 
1 
70 
3 
66 
95 
82 
# clone tree 80 objective: 3.17142
0 38 16 37 
37 2 68 73 
89 97 20 57 
73 23 50 
50 89 
40 54 45 
57 55 40 
45 87 34 96 
96 49 30 62 
62 71 18 92 
92 12 
12 67 11 
22 51 6 
11 22 
6 80 31 85 
85 21 60 15 
15 76 13 77 88 
88 10 44 36 84 
84 79 93 33 
18 81 47 46 9 
34 35 28 
33 90 75 
9 24 64 
36 69 52 
28 27 
27 4 
71 43 94 
94 5 61 
77 65 
65 58 
54 7 
64 78 
75 25 
13 98 29 
23 53 
51 82 70 8 83 
68 
7 26 
30 59 
31 48 
16 41 
78 
93 63 19 
46 
41 42 
52 
29 
69 17 
49 74 
4 91 
42 99 
44 86 
10 39 
61 72 
17 
38 56 
60 1 
25 3 32 
79 
26 
83 
58 
39 14 
47 
5 
59 
67 
21 
86 
72 
43 
48 
90 
19 95 
80 
35 
20 
32 
99 
53 
8 
74 
91 
55 66 
14 
97 
98 
63 
81 
87 
24 
56 
2 
76 
1 
70 
3 
66 
95 
82 
# clone tree 81 objective: 3.17142
0 38 16 37 
37 68 73 
89 1 97 20 57 
73 23 50 
50 89 
40 54 45 
57 55 40 
45 34 96 
96 49 30 62 
62 71 18 92 
92 12 
12 67 11 
22 51 6 
11 76 22 
6 80 31 85 
85 21 60 15 
15 13 77 88 
88 10 44 36 84 
84 79 93 33 
18 81 47 46 9 
34 35 28 
33 90 75 
9 24 64 
36 69 52 
28 27 
27 4 
71 43 94 
94 5 61 
77 65 
65 58 
54 7 
64 78 
75 87 25 
13 98 29 
23 53 
51 8 83 
68 
7 70 2 26 
30 59 
31 48 
16 41 
78 
93 63 19 
46 
41 42 
52 
29 
69 17 
49 74 
4 91 
42 99 
44 86 
10 39 
61 72 
17 56 
38 
60 
25 32 
79 66 
26 
83 
58 
39 14 
47 
5 
59 
67 
21 
86 
72 
43 
48 
90 
19 
80 
35 
20 
32 
99 
53 
8 
74 
91 
55 
14 
97 82 95 
98 
63 
81 3 
87 
24 
56 
2 
76 
1 
70 
3 
66 
95 
82 
# clone tree 82 objective: 3.17142
0 38 16 37 
37 68 73 
89 97 20 57 
73 23 50 
50 89 
40 54 45 
57 55 40 
45 34 96 
96 49 30 62 
62 71 18 92 
92 12 
12 67 11 
22 51 6 
11 76 22 
6 80 31 85 
85 21 60 15 
15 13 77 88 
88 10 44 36 84 
84 79 93 33 
18 81 47 46 9 
34 35 28 
33 90 75 
9 24 64 
36 69 52 
28 27 
27 4 
71 43 94 
94 5 61 
77 65 
65 58 
54 7 
64 78 
75 87 25 
13 98 29 
23 53 
51 8 83 
68 
7 2 26 
30 59 
31 48 
16 41 
78 
93 63 19 
46 
41 42 
52 
29 
69 17 
49 74 
4 95 91 
42 99 
44 86 
10 39 
61 72 
17 56 
38 
60 
25 32 
79 
26 
83 
58 
39 14 
47 
5 
59 
67 
21 66 
86 
72 
43 
48 
90 
19 
80 
35 
20 
32 3 
99 
53 
8 
74 
91 70 
55 
14 
97 
98 
63 1 
81 
87 
24 
56 
2 
76 
1 
70 
3 
66 
95 82 
82 
# clone tree 83 objective: 3.17142
0 38 16 37 
37 2 68 73 
89 97 20 57 
73 23 50 
50 89 
40 54 45 
57 55 40 
45 87 34 96 
96 49 30 62 
62 71 18 92 
92 12 
12 67 11 
22 51 6 
11 22 
6 80 31 85 
85 21 60 15 
15 76 13 77 88 
88 10 44 36 84 
84 79 93 33 
18 81 47 46 9 
34 35 28 
33 90 75 
9 24 64 
36 69 52 
28 66 27 
27 4 
71 43 94 
94 5 61 
77 65 
65 58 
54 7 
64 78 
75 25 
13 98 29 
23 53 
51 70 8 83 
68 
7 26 
30 59 
31 48 
16 41 
78 
93 63 19 
46 
41 42 
52 
29 95 
69 17 
49 74 
4 91 
42 99 
44 86 
10 39 
61 72 
17 
38 56 
60 1 
25 3 32 
79 
26 82 
83 
58 
39 14 
47 
5 
59 
67 
21 
86 
72 
43 
48 
90 
19 
80 
35 
20 
32 
99 
53 
8 
74 
91 
55 
14 
97 
98 
63 
81 
87 
24 
56 
2 
76 
1 
70 
3 
66 
95 
82 
# clone tree 84 objective: 3.17142
0 38 16 37 
37 68 73 
89 1 97 20 57 
73 23 50 
50 89 
40 54 45 
57 55 40 
45 34 96 
96 49 30 62 
62 71 18 92 
92 12 
12 67 11 
22 51 6 
11 76 22 
6 80 31 85 
85 21 60 15 
15 13 77 88 
88 10 44 36 84 
84 79 93 33 
18 81 47 46 9 
34 35 28 
33 90 75 
9 24 64 
36 69 52 
28 27 
27 4 
71 43 94 
94 5 61 
77 65 
65 58 
54 7 
64 78 
75 87 25 
13 66 98 29 
23 53 
51 8 83 
68 
7 2 26 
30 59 
31 48 
16 41 
78 
93 63 19 
46 
41 42 
52 
29 
69 17 
49 74 
4 91 
42 99 
44 86 
10 39 
61 72 
17 3 56 
38 
60 
25 32 
79 
26 
83 
58 
39 14 
47 
5 
59 
67 
21 
86 
72 
43 
48 
90 
19 
80 
35 
20 
32 
99 
53 
8 
74 
91 70 
55 
14 82 
97 
98 
63 95 
81 
87 
24 
56 
2 
76 
1 
70 
3 
66 
95 
82 
# clone tree 85 objective: 3.17142
0 38 16 37 
37 68 73 
89 56 57 
73 53 23 50 
50 89 
40 54 45 
57 55 40 
45 34 96 
96 74 49 30 62 
62 71 18 92 
92 12 
12 67 11 
22 3 51 6 
11 66 22 
6 31 85 
85 21 60 15 
15 13 77 88 
88 10 44 36 84 
84 63 79 93 33 
18 81 47 46 9 
34 35 28 
33 90 75 
9 24 64 
36 69 52 
28 27 
27 97 4 
71 43 94 
94 5 61 
77 65 
65 58 
54 7 
64 78 
75 25 
13 98 29 
23 32 
51 8 83 
68 
7 26 
30 59 
31 48 
16 41 
78 
93 19 
46 
41 42 
52 1 
29 
69 17 
49 76 80 
4 70 
42 99 
44 86 
10 39 
61 72 
17 
38 
60 87 
25 91 
79 
26 
83 14 
58 
39 95 20 
47 
5 
59 
67 
21 
86 
72 
43 
48 
90 
19 
80 2 
35 
20 
32 
99 
53 
8 
74 
91 
55 82 
14 
97 
98 
63 
81 
87 
24 
56 
2 
76 
1 
70 
3 
66 
95 
82 
# clone tree 86 objective: 3.17142
0 38 16 37 
37 68 73 
89 97 20 57 
73 23 50 
50 89 
40 54 45 
57 55 40 
45 87 34 96 
96 49 30 62 
62 71 18 92 
92 12 
12 67 11 
22 51 6 
11 22 
6 80 31 85 
85 21 60 15 
15 76 13 77 88 
88 10 44 36 84 
84 79 93 33 
18 81 47 46 9 
34 35 28 
33 90 75 
9 24 64 
36 69 52 
28 27 
27 4 
71 43 94 
94 5 61 
77 65 
65 58 
54 7 
64 78 
75 25 
13 98 29 
23 53 
51 8 83 
68 
7 70 26 
30 59 
31 48 
16 41 
78 
93 63 19 
46 82 
41 42 
52 
29 
69 17 
49 74 
4 91 
42 99 
44 86 
10 39 
61 72 
17 56 
38 
60 
25 32 
79 
26 
83 
58 
39 14 
47 
5 
59 
67 
21 66 
86 
72 
43 
48 
90 
19 
80 
35 2 
20 
32 3 
99 
53 
8 
74 
91 
55 
14 
97 1 
98 
63 
81 
87 
24 
56 
2 
76 
1 
70 95 
3 
66 
95 
82 
# clone tree 87 objective: 3.17142
0 38 16 37 
37 68 73 
89 97 20 57 
73 23 50 
50 89 
40 54 45 
57 55 40 
45 34 96 
96 49 30 62 
62 71 18 92 
92 12 
12 67 11 
22 51 6 
11 76 22 
6 80 31 85 
85 21 60 15 
15 13 77 88 
88 10 44 36 84 
84 79 93 33 
18 81 47 46 9 
34 35 28 
33 66 90 75 
9 24 64 
36 69 52 
28 27 
27 4 
71 43 94 
94 5 61 
77 65 
65 58 
54 7 
64 78 
75 87 25 
13 98 29 
23 53 
51 8 83 
68 
7 2 26 
30 59 
31 48 
16 41 
78 
93 63 19 
46 
41 42 
52 
29 
69 17 
49 74 
4 91 
42 99 
44 86 
10 39 
61 72 
17 56 
38 
60 
25 32 
79 
26 
83 95 
58 
39 14 
47 
5 
59 
67 
21 
86 
72 
43 
48 
90 
19 3 
80 
35 
20 
32 
99 
53 
8 
74 
91 
55 
14 70 
97 
98 
63 1 
81 
87 
24 
56 
2 
76 
1 
70 
3 
66 
95 82 
82 
# clone tree 88 objective: 3.17142
0 38 16 37 
37 95 68 73 
89 1 97 20 57 
73 23 50 
50 89 
40 54 45 
57 55 40 
45 34 96 
96 49 30 62 
62 71 18 92 
92 82 12 
12 67 11 
22 51 6 
11 76 22 
6 80 31 85 
85 21 60 15 
15 13 77 88 
88 10 44 36 84 
84 79 93 33 
18 81 47 46 9 
34 35 28 
33 90 75 
9 24 64 
36 69 52 
28 27 
27 4 
71 43 94 
94 5 61 
77 65 
65 58 
54 7 
64 78 
75 87 25 
13 98 29 
23 53 
51 8 83 
68 
7 2 26 
30 59 
31 48 
16 41 
78 
93 63 19 
46 
41 42 
52 
29 
69 17 
49 74 
4 91 
42 99 
44 86 
10 39 
61 72 
17 56 
38 3 
60 
25 32 
79 
26 
83 
58 
39 14 
47 
5 
59 
67 
21 
86 
72 
43 
48 
90 
19 
80 
35 
20 
32 
99 66 
53 
8 
74 
91 70 
55 
14 
97 
98 
63 
81 
87 
24 
56 
2 
76 
1 
70 
3 
66 
95 
82 
# clone tree 89 objective: 3.17142
0 38 16 37 
37 68 73 
89 97 20 57 
73 23 50 
50 89 
40 54 45 
57 55 40 
45 34 96 
96 49 30 62 
62 71 18 92 
92 12 
12 67 11 
22 51 6 
11 82 76 22 
6 80 31 85 
85 21 60 15 
15 13 77 88 
88 10 44 36 84 
84 79 93 33 
18 81 47 46 9 
34 35 28 
33 90 75 
9 24 64 
36 69 52 
28 27 
27 4 
71 43 94 
94 5 61 
77 65 
65 58 
54 7 
64 78 
75 87 25 
13 98 29 
23 53 
51 8 83 
68 
7 2 26 
30 59 
31 48 
16 41 
78 
93 63 19 
46 
41 42 
52 
29 
69 17 
49 74 
4 91 
42 99 
44 86 
10 39 
61 72 
17 56 
38 
60 
25 32 
79 
26 
83 95 
58 
39 14 
47 
5 
59 
67 66 
21 
86 
72 
43 
48 
90 
19 
80 
35 
20 
32 3 
99 
53 
8 
74 
91 70 
55 
14 
97 
98 
63 1 
81 
87 
24 
56 
2 
76 
1 
70 
3 
66 
95 
82 
# clone tree 90 objective: 3.17142
0 1 38 16 37 
37 68 73 
89 97 20 57 
73 23 50 
50 89 
40 54 45 
57 55 40 
45 87 34 96 
96 49 30 62 
62 71 18 92 
92 12 
12 67 11 
22 51 6 
11 22 
6 80 31 85 
85 21 60 15 
15 76 13 77 88 
88 10 44 36 84 
84 79 93 33 
18 81 47 46 9 
34 35 28 
33 90 75 
9 24 64 
36 69 52 
28 3 27 
27 4 
71 43 94 
94 5 61 
77 65 
65 58 
54 7 
64 70 78 
75 25 
13 98 29 
23 53 
51 8 83 
68 
7 26 
30 59 
31 48 
16 41 
78 
93 63 19 
46 
41 42 
52 
29 
69 17 
49 74 
4 91 
42 99 
44 86 
10 39 
61 72 
17 56 
38 
60 
25 32 
79 
26 
83 
58 
39 14 
47 
5 
59 
67 
21 
86 
72 66 
43 
48 
90 
19 
80 
35 82 2 
20 
32 
99 
53 
8 
74 
91 
55 
14 
97 
98 
63 95 
81 
87 
24 
56 
2 
76 
1 
70 
3 
66 
95 
82 
# clone tree 91 objective: 3.17142
0 38 16 37 
37 68 73 
89 97 20 57 
73 23 50 
50 89 
40 95 54 45 
57 55 40 
45 34 96 
96 49 30 62 
62 71 18 92 
92 12 
12 67 11 
22 51 6 
11 76 22 
6 80 31 85 
85 21 60 15 
15 13 77 88 
88 10 44 36 84 
84 82 79 93 33 
18 81 47 46 9 
34 35 28 
33 90 75 
9 24 64 
36 69 52 
28 27 
27 4 
71 43 94 
94 5 61 
77 65 
65 58 
54 7 
64 78 
75 87 25 
13 98 29 
23 53 
51 8 83 
68 
7 2 26 
30 59 
31 48 
16 41 
78 
93 63 19 
46 
41 42 
52 
29 
69 17 
49 74 
4 91 
42 99 
44 70 86 
10 39 
61 72 
17 56 
38 
60 
25 32 
79 66 
26 
83 
58 
39 14 
47 
5 
59 
67 
21 
86 
72 
43 
48 
90 
19 
80 
35 
20 
32 
99 
53 
8 
74 
91 3 
55 
14 
97 
98 
63 1 
81 
87 
24 
56 
2 
76 
1 
70 
3 
66 
95 
82 
# clone tree 92 objective: 3.17142
0 95 38 16 37 
37 68 73 
89 80 57 
73 53 23 50 
50 89 
40 54 45 
57 55 40 
45 56 34 96 
96 49 30 62 
62 71 18 92 
92 70 12 
12 67 11 
22 51 6 
11 22 
6 31 85 
85 21 60 15 
15 13 77 88 
88 10 44 36 84 
84 79 93 33 
18 81 47 46 9 
34 35 28 
33 90 75 
9 64 
36 69 52 
28 91 27 
27 97 4 
71 43 94 
94 5 61 
77 65 
65 58 
54 7 
64 78 
75 25 
13 98 29 
23 32 
51 8 83 
68 
7 26 
30 59 
31 48 
16 87 41 
78 63 
93 1 19 
46 
41 42 
52 
29 
69 66 17 
49 
4 76 
42 99 
44 86 
10 2 39 
61 72 
17 3 
38 
60 
25 74 
79 
26 
83 
58 
39 20 
47 
5 24 
59 
67 
21 
86 
72 
43 14 
48 
90 
19 
80 
35 
20 
32 
99 
53 
8 
74 
91 
55 
14 
97 
98 
63 
81 
87 
24 
56 
2 
76 
1 
70 
3 82 
66 
95 
82 
# clone tree 93 objective: 3.17142
0 38 16 37 
37 68 73 
89 97 20 57 
73 23 50 
50 89 
40 54 45 
57 55 40 
45 34 96 
96 49 30 62 
62 71 18 92 
92 12 
12 67 11 
22 51 6 
11 76 22 
6 80 31 85 
85 21 60 15 
15 13 77 88 
88 10 44 36 84 
84 1 79 93 33 
18 81 47 46 9 
34 35 28 
33 90 75 
9 95 24 64 
36 69 52 
28 27 
27 4 
71 43 94 
94 5 61 
77 65 
65 58 
54 82 7 
64 78 
75 87 25 
13 98 29 
23 53 
51 8 83 
68 
7 2 26 
30 59 
31 48 
16 41 
78 
93 63 19 
46 
41 42 
52 
29 
69 17 
49 74 
4 91 
42 99 
44 86 
10 39 
61 72 
17 56 
38 66 
60 
25 32 
79 
26 
83 
58 
39 14 
47 
5 
59 
67 
21 
86 
72 
43 
48 
90 3 70 
19 
80 
35 
20 
32 
99 
53 
8 
74 
91 
55 
14 
97 
98 
63 
81 
87 
24 
56 
2 
76 
1 
70 
3 
66 
95 
82 
# clone tree 94 objective: 3.17142
0 38 16 37 
37 68 73 
89 97 20 57 
73 23 50 
50 89 
40 54 45 
57 55 40 
45 70 87 34 96 
96 49 30 62 
62 71 18 92 
92 12 
12 67 11 
22 82 51 6 
11 22 
6 80 31 85 
85 21 60 15 
15 76 13 77 88 
88 10 44 36 84 
84 79 93 33 
18 81 47 46 9 
34 35 28 
33 90 75 
9 24 64 
36 69 52 
28 27 
27 4 
71 43 94 
94 5 61 
77 65 
65 58 
54 7 
64 78 
75 25 
13 98 29 
23 53 
51 8 83 
68 
7 26 
30 59 
31 48 
16 41 
78 
93 63 19 
46 
41 42 
52 
29 
69 17 
49 74 
4 91 
42 99 
44 86 
10 39 
61 72 
17 56 
38 66 
60 
25 3 32 
79 
26 
83 
58 
39 14 
47 1 
5 95 
59 
67 
21 
86 
72 
43 
48 
90 
19 
80 
35 2 
20 
32 
99 
53 
8 
74 
91 
55 
14 
97 
98 
63 
81 
87 
24 
56 
2 
76 
1 
70 
3 
66 
95 
82 
# clone tree 95 objective: 3.17142
0 38 16 37 
37 68 73 
89 97 20 57 
73 23 50 
50 89 
40 54 45 
57 55 40 
45 3 34 96 
96 49 30 62 
62 71 18 92 
92 12 
12 67 11 
22 51 6 
11 76 22 
6 80 31 85 
85 21 60 15 
15 13 77 88 
88 10 44 36 84 
84 79 93 33 
18 81 47 46 9 
34 35 28 
33 90 75 
9 24 64 
36 69 52 
28 27 
27 4 
71 43 94 
94 5 61 
77 65 
65 58 
54 7 
64 78 
75 87 25 
13 98 29 
23 53 
51 8 83 
68 
7 66 2 26 
30 95 59 
31 48 
16 41 
78 82 
93 63 19 
46 
41 42 
52 
29 
69 17 
49 74 
4 91 
42 99 
44 86 
10 39 
61 72 
17 70 56 
38 
60 
25 32 
79 
26 
83 
58 
39 14 
47 1 
5 
59 
67 
21 
86 
72 
43 
48 
90 
19 
80 
35 
20 
32 
99 
53 
8 
74 
91 
55 
14 
97 
98 
63 
81 
87 
24 
56 
2 
76 
1 
70 
3 
66 
95 
82 
# clone tree 96 objective: 3.17142
0 38 16 37 
37 95 68 73 
89 1 97 20 57 
73 23 50 
50 89 
40 54 45 
57 55 40 
45 34 96 
96 49 30 62 
62 71 18 92 
92 12 
12 67 11 
22 51 6 
11 76 22 
6 80 31 85 
85 21 60 15 
15 13 77 88 
88 10 44 36 84 
84 79 93 33 
18 81 47 46 9 
34 35 28 
33 90 75 
9 24 64 
36 69 52 
28 27 
27 4 
71 43 94 
94 5 61 
77 65 
65 58 
54 7 
64 78 
75 87 25 
13 98 29 
23 53 
51 8 83 
68 
7 2 26 
30 59 
31 48 
16 41 
78 
93 63 19 
46 82 
41 42 
52 
29 
69 17 
49 74 
4 91 
42 99 
44 86 
10 39 
61 72 
17 56 
38 3 
60 
25 32 
79 
26 
83 
58 
39 14 
47 
5 
59 
67 
21 
86 
72 
43 
48 
90 
19 
80 
35 
20 
32 
99 66 
53 
8 
74 
91 70 
55 
14 
97 
98 
63 
81 
87 
24 
56 
2 
76 
1 
70 
3 
66 
95 
82 
# clone tree 97 objective: 3.17142
0 38 16 37 
37 68 73 
89 1 97 20 57 
73 23 50 
50 89 
40 54 45 
57 55 40 
45 34 96 
96 49 30 62 
62 71 18 92 
92 12 
12 67 11 
22 51 6 
11 76 22 
6 95 80 31 85 
85 21 60 15 
15 13 77 88 
88 10 44 36 84 
84 79 93 33 
18 81 47 46 9 
34 35 28 
33 90 75 
9 24 64 
36 69 52 
28 27 
27 4 
71 43 94 
94 5 61 
77 65 
65 58 
54 7 
64 78 
75 87 25 
13 98 29 
23 53 
51 8 83 
68 
7 2 26 
30 59 
31 48 
16 41 
78 
93 63 19 
46 
41 42 
52 
29 
69 17 
49 74 
4 91 
42 99 
44 86 
10 39 
61 72 
17 56 
38 3 
60 
25 32 
79 
26 
83 
58 
39 14 
47 
5 82 
59 
67 
21 
86 
72 
43 
48 
90 
19 
80 
35 
20 
32 
99 66 
53 
8 
74 
91 70 
55 
14 
97 
98 
63 
81 
87 
24 
56 
2 
76 
1 
70 
3 
66 
95 
82 
# clone tree 98 objective: 3.17142
0 38 16 37 
37 68 73 
89 97 20 57 
73 23 50 
50 89 
40 54 45 
57 55 40 
45 34 96 
96 49 30 62 
62 71 18 92 
92 12 
12 67 11 
22 51 6 
11 76 22 
6 80 31 85 
85 21 60 15 
15 13 77 88 
88 10 44 36 84 
84 79 93 33 
18 81 47 46 9 
34 35 28 
33 90 75 
9 24 64 
36 69 52 
28 66 27 
27 4 
71 43 94 
94 5 61 
77 65 
65 58 
54 7 
64 78 
75 87 25 
13 98 29 
23 53 
51 8 83 
68 
7 2 26 
30 59 
31 48 
16 41 
78 
93 63 19 
46 70 
41 42 
52 
29 
69 17 
49 74 
4 91 
42 99 
44 3 86 
10 39 
61 72 
17 56 
38 
60 
25 32 
79 
26 
83 
58 
39 14 
47 1 
5 
59 
67 82 
21 
86 
72 
43 
48 
90 
19 
80 
35 
20 
32 
99 
53 
8 
74 
91 
55 
14 
97 
98 
63 
81 
87 95 
24 
56 
2 
76 
1 
70 
3 
66 
95 
82 
# clone tree 99 objective: 3.17142
0 38 16 37 
37 68 73 
89 97 20 57 
73 82 23 50 
50 89 
40 54 45 
57 55 40 
45 87 34 96 
96 49 30 62 
62 71 18 92 
92 12 
12 67 11 
22 51 6 
11 22 
6 80 31 85 
85 21 60 15 
15 13 77 88 
88 10 44 36 84 
84 79 93 33 
18 81 47 46 9 
34 35 28 
33 90 75 
9 24 64 
36 69 52 
28 27 
27 4 
71 43 94 
94 5 61 
77 65 
65 58 
54 7 
64 78 
75 25 
13 98 29 
23 76 53 
51 8 83 
68 
7 26 
30 59 
31 48 
16 41 
78 1 
93 63 19 
46 
41 42 
52 
29 
69 17 
49 74 
4 91 
42 99 
44 86 
10 39 
61 72 
17 56 
38 
60 
25 3 32 
79 
26 
83 
58 
39 14 
47 
5 66 
59 
67 
21 
86 
72 
43 
48 
90 70 
19 
80 95 
35 2 
20 
32 
99 
53 
8 
74 
91 
55 
14 
97 
98 
63 
81 
87 
24 
56 
2 
76 
1 
70 
3 
66 
95 
82 
