0 15 47 
47 26 91 75 
75 5 12 
12 13 16 
16 62 51 58 
58 52 6 93 
93 72 30 76 
76 71 9 
67 32 41 1 57 21 
9 38 67 
21 27 73 
73 66 44 92 
92 39 23 
23 7 
7 22 50 
50 79 87 33 
57 19 
33 97 83 
19 61 
18 64 
61 20 
30 18 
83 34 14 
64 40 56 
14 53 
20 4 
56 2 
4 31 
2 90 78 
1 85 69 
39 17 68 
53 48 24 
68 35 
31 55 
27 8 
44 89 
78 45 42 
55 98 10 
35 80 46 74 
8 37 
72 63 
24 25 
69 70 43 
34 84 
71 82 
6 96 
96 81 
42 49 
84 65 
87 59 77 
10 29 
89 36 
48 3 
41 
91 
25 94 
74 88 
38 
85 
81 
60 
90 60 
77 
63 
26 11 
3 
43 
51 
15 
65 54 95 
17 
62 
52 
98 99 
22 
32 
5 
82 
70 
66 
36 
40 
79 
11 
37 
88 
46 86 
94 
99 28 
29 
59 
45 
95 
80 
86 
97 
28 
13 
49 
54 
