0 94 67 
92 42 15 
15 89 46 
67 92 
46 23 17 7 11 
11 52 83 75 
75 25 26 19 
19 49 45 28 
66 5 
28 12 35 66 
5 44 69 6 
6 33 87 
87 98 4 24 
24 1 55 
20 78 
16 20 
55 16 
78 9 
9 40 39 
86 72 38 
39 41 86 
7 3 13 73 
38 54 
54 32 
32 51 85 82 
73 68 95 
95 37 
82 71 
91 60 
60 36 53 
37 58 48 
71 91 
72 14 93 
48 22 59 
59 65 31 
45 10 
93 74 
13 8 
47 88 27 
26 90 
89 47 
90 29 
68 84 
2 
10 79 81 
84 34 
74 2 
64 97 
31 64 
4 
83 57 
1 62 61 
27 56 
53 21 
29 99 
52 63 
36 30 
49 18 
21 96 
63 
17 
97 
30 
85 76 
3 
69 80 
14 
18 
51 77 
35 
8 
81 
77 
76 
40 43 70 
61 
33 
79 
94 
56 
57 
98 
42 
58 
25 
34 
62 
96 
99 
80 
44 
23 
22 
12 
88 
41 50 
70 
65 
43 
50 
