0 99 65 59 40 56 
56 74 
74 44 77 37 16 29 
29 90 14 
14 2 45 47 75 
42 38 91 
75 70 71 
71 15 19 
16 34 
34 42 
91 79 21 89 48 
19 35 51 96 
48 61 81 
96 9 22 50 
81 12 64 
64 23 82 72 
72 92 1 
50 57 58 
1 60 4 
40 66 
58 63 
22 69 97 53 93 
4 43 88 87 
63 33 
66 17 52 
93 55 32 
15 62 
33 80 
52 5 
59 36 
82 24 
36 86 
24 11 
46 18 
87 30 
86 83 
37 78 84 
32 67 7 
12 27 
80 54 
77 46 
61 
65 76 
54 3 
9 85 
92 26 
30 41 
38 6 
11 73 
26 28 
76 98 
88 49 
5 95 
18 
73 
53 
60 
7 
62 20 
23 
41 25 
44 31 
98 94 
25 10 
28 
3 8 
89 68 
83 
84 
49 
27 
20 
47 
51 
97 
21 
17 
6 
90 
43 13 
94 
57 
99 
10 
8 
67 
95 
31 
13 
55 
68 
35 
78 
79 
45 
70 
85 
2 39 
69 
39 
