0 3 54 70 58 
58 69 37 
37 65 20 
20 13 53 
53 47 34 
34 9 8 45 80 
70 41 91 
80 38 67 
91 2 51 57 
67 98 87 
57 18 
87 84 
84 11 15 56 
18 88 43 
54 17 85 42 55 
56 29 75 
43 68 
68 89 96 
75 97 32 
55 60 79 
96 86 27 
32 31 30 
79 74 
30 40 82 
74 6 
82 59 
42 16 33 
27 39 36 62 
47 72 35 
28 52 
6 50 
59 28 
45 63 
60 95 92 
35 21 44 
50 73 
51 49 
33 25 
13 99 4 
69 24 78 
62 83 22 
73 26 1 
52 5 
92 
89 46 7 
2 
86 
44 94 
88 23 
5 
4 14 
15 76 
97 
3 10 12 
63 
49 77 
25 93 
29 64 
38 81 90 
14 
41 19 
40 
36 66 
98 
8 48 
1 61 
9 71 
78 
31 
23 
76 
7 
22 
24 
71 
46 
12 
26 
16 
94 
64 
10 
85 
83 
21 
77 
90 
65 
48 
95 
72 
19 
93 
61 
17 
66 
39 
99 
81 
11 
