# clone tree 0 objective: 1.37538
0 13 8 
8 16 
16 17 9 
9 4 5 
5 12 7 2 
2 6 
6 11 15 
7 19 18 
15 3 
3 1 
4 
17 10 
1 
18 
19 14 
13 
11 
12 
14 
10 
# clone tree 1 objective: 1.37659
0 13 8 
8 16 
16 17 9 
9 4 5 
5 14 12 7 2 
2 6 
6 11 15 
7 19 18 
15 3 
3 1 
4 
17 10 
1 
18 
19 
13 
11 
12 
14 
10 
# clone tree 2 objective: 1.37665
0 13 8 
8 16 
16 17 9 
9 4 5 
5 12 7 2 
2 6 
6 11 15 
7 19 18 
15 3 
3 1 
4 
17 
1 10 
18 
19 14 
13 
11 
12 
14 
10 
# clone tree 3 objective: 1.37724
0 8 
8 16 
16 13 9 
9 4 5 
5 12 17 7 2 
2 18 6 
6 15 
7 11 19 
15 3 
3 1 
4 
17 10 
1 
18 
19 14 
13 
11 
12 
14 
10 
# clone tree 4 objective: 1.3775
0 13 8 
8 16 
16 17 9 
9 4 5 
5 12 7 2 
2 6 
6 14 11 15 
7 19 18 
15 3 
3 1 
4 
17 10 
1 
18 
19 
13 
11 
12 
14 
10 
# clone tree 5 objective: 1.3775
0 13 8 
8 16 
16 17 9 
9 4 5 
5 12 7 2 
2 6 
6 11 15 
7 14 19 18 
15 3 
3 1 
4 
17 10 
1 
18 
19 
13 
11 
12 
14 
10 
# clone tree 6 objective: 1.37786
0 13 8 
8 16 
16 17 9 
9 4 5 
5 14 12 7 2 
2 6 
6 11 15 
7 19 18 
15 3 
3 1 
4 
17 
1 10 
18 
19 
13 
11 
12 
14 
10 
# clone tree 7 objective: 1.37851
0 8 
8 16 
16 13 9 
9 4 5 
5 12 17 7 2 
2 18 6 
6 15 
7 11 19 
15 3 
3 1 
4 
17 
1 10 
18 
19 14 
13 
11 
12 
14 
10 
# clone tree 8 objective: 1.37877
0 13 8 
8 16 
16 17 9 
9 4 5 
5 12 7 2 
2 6 
6 14 11 15 
7 19 18 
15 3 
3 1 
4 
17 
1 10 
18 
19 
13 
11 
12 
14 
10 
# clone tree 9 objective: 1.37877
0 13 8 
8 16 
16 17 9 
9 4 5 
5 12 7 2 
2 6 
6 11 15 
7 14 19 18 
15 3 
3 1 
4 
17 
1 10 
18 
19 
13 
11 
12 
14 
10 
# clone tree 10 objective: 1.37936
0 8 
8 16 
16 13 9 
9 4 5 
5 12 17 7 2 
2 18 6 
6 14 15 
7 11 19 
15 3 
3 1 
4 
17 10 
1 
18 
19 
13 
11 
12 
14 
10 
# clone tree 11 objective: 1.37998
0 8 
8 16 
16 17 9 
9 4 5 
5 12 13 7 2 
2 18 6 
6 15 
7 11 19 
15 3 
3 1 
4 
17 10 
1 
18 
19 14 
13 
11 
12 
14 
10 
# clone tree 12 objective: 1.38018
0 13 8 
8 16 
16 9 
9 4 5 
5 12 17 7 2 
2 18 6 
6 15 
7 11 19 
15 3 
3 1 
4 
17 10 
1 
18 
19 14 
13 
11 
12 
14 
10 
# clone tree 13 objective: 1.38028
0 8 
8 16 
16 12 9 
9 4 5 
5 3 7 2 
2 18 6 
6 15 
7 11 19 
15 13 17 
3 1 
4 
17 10 
1 
18 
19 14 
13 
11 
12 
14 
10 
# clone tree 14 objective: 1.38063
0 8 
8 16 
16 13 9 
9 4 5 
5 12 17 7 2 
2 18 6 
6 14 15 
7 11 19 
15 3 
3 1 
4 
17 
1 10 
18 
19 
13 
11 
12 
14 
10 
# clone tree 15 objective: 1.38123
0 8 
8 16 
16 13 9 
9 4 5 
5 12 17 7 2 
2 18 6 
6 15 
7 11 19 
15 3 
3 1 
4 
17 14 
1 10 
18 
19 
13 
11 
12 
14 
10 
# clone tree 16 objective: 1.38125
0 8 
8 16 
16 17 9 
9 4 5 
5 12 13 7 2 
2 18 6 
6 15 
7 11 19 
15 3 
3 1 
4 
17 
1 10 
18 
19 14 
13 
11 
12 
14 
10 
# clone tree 17 objective: 1.38144
0 13 8 
8 16 
16 9 
9 4 5 
5 12 17 7 2 
2 18 6 
6 15 
7 11 19 
15 3 
3 1 
4 
17 
1 10 
18 
19 14 
13 
11 
12 
14 
10 
# clone tree 18 objective: 1.38148
0 8 
8 16 
16 12 9 
9 4 5 
5 14 3 7 2 
2 18 6 
6 15 
7 11 19 
15 13 17 
3 1 
4 
17 10 
1 
18 
19 
13 
11 
12 
14 
10 
# clone tree 19 objective: 1.38183
0 8 
8 16 
16 13 5 
9 4 7 2 
5 9 
2 17 6 
6 11 15 
7 19 18 
15 3 
3 1 
4 
17 12 
1 10 
18 
19 14 
13 
11 
12 
14 
10 
# clone tree 20 objective: 1.3821
0 8 
8 16 
16 17 9 
9 4 5 
5 12 13 7 2 
2 18 6 
6 14 15 
7 11 19 
15 3 
3 1 
4 
17 10 
1 
18 
19 
13 
11 
12 
14 
10 
# clone tree 21 objective: 1.38229
0 13 8 
8 16 
16 9 
9 4 5 
5 12 17 7 2 
2 18 6 
6 14 15 
7 11 19 
15 3 
3 1 
4 
17 10 
1 
18 
19 
13 
11 
12 
14 
10 
# clone tree 22 objective: 1.38239
0 8 
8 16 
16 12 9 
9 4 5 
5 3 7 2 
2 18 6 
6 14 15 
7 11 19 
15 13 17 
3 1 
4 
17 10 
1 
18 
19 
13 
11 
12 
14 
10 
# clone tree 23 objective: 1.38262
0 8 
8 16 
16 13 9 
9 4 5 
5 12 17 7 2 
2 6 
6 11 15 
7 19 18 
15 3 
3 1 
4 
17 10 
1 
18 
19 14 
13 
11 
12 
14 
10 
# clone tree 24 objective: 1.38313
0 8 
8 16 
16 17 9 
9 4 5 
5 12 1 7 2 
2 6 
6 15 
7 19 18 
15 3 
3 13 
4 
17 10 
1 11 
18 
19 14 
13 
11 
12 
14 
10 
# clone tree 25 objective: 1.38336
0 8 
8 16 
16 17 9 
9 4 5 
5 12 13 7 2 
2 18 6 
6 14 15 
7 11 19 
15 3 
3 1 
4 
17 
1 10 
18 
19 
13 
11 
12 
14 
10 
# clone tree 26 objective: 1.38337
0 8 
8 16 
16 13 5 
9 12 4 7 2 
5 9 
2 18 6 
6 15 
7 11 19 
15 3 
3 1 
4 
17 10 
1 17 
18 
19 14 
13 
11 
12 
14 
10 
# clone tree 27 objective: 1.38356
0 13 8 
8 16 
16 9 
9 4 5 
5 12 17 7 2 
2 18 6 
6 14 15 
7 11 19 
15 3 
3 1 
4 
17 
1 10 
18 
19 
13 
11 
12 
14 
10 
# clone tree 28 objective: 1.38367
0 8 
8 16 
16 17 9 
9 4 5 
5 12 1 7 2 
2 6 
6 15 
7 19 18 
15 3 
3 13 
4 11 
17 10 
1 
18 
19 14 
13 
11 
12 
14 
10 
# clone tree 29 objective: 1.38377
0 8 
8 16 
16 3 9 
9 4 5 
5 12 7 2 
2 6 
6 11 15 
7 19 18 
15 13 17 
3 1 
4 
17 10 
1 
18 
19 14 
13 
11 
12 
14 
10 
# clone tree 30 objective: 1.38386
0 13 8 
8 16 
16 17 9 
9 4 5 
5 12 7 2 
2 10 6 
6 11 15 
7 19 18 
15 3 
3 1 
4 
17 
1 
18 
19 14 
13 
11 
12 
14 
10 
# clone tree 31 objective: 1.38389
0 8 
8 16 
16 13 9 
9 4 5 
5 12 17 7 2 
2 6 
6 11 15 
7 19 18 
15 3 
3 1 
4 
17 
1 10 
18 
19 14 
13 
11 
12 
14 
10 
# clone tree 32 objective: 1.38395
0 8 
8 16 
16 13 5 
9 4 7 2 
5 9 
2 17 6 
6 11 15 
7 14 19 18 
15 3 
3 1 
4 
17 12 
1 10 
18 
19 
13 
11 
12 
14 
10 
# clone tree 33 objective: 1.38401
0 13 8 
8 16 
16 17 9 
9 4 5 
5 12 7 2 
2 6 
6 11 15 
7 10 19 18 
15 3 
3 1 
4 
17 
1 
18 
19 14 
13 
11 
12 
14 
10 
# clone tree 34 objective: 1.38404
0 8 
8 16 
16 13 9 
9 4 5 
5 17 7 2 
2 18 6 
6 15 
7 11 19 
15 3 
3 1 
4 
17 12 
1 10 
18 
19 14 
13 
11 
12 
14 
10 
# clone tree 35 objective: 1.38417
0 13 8 
8 16 
16 9 
9 4 5 
5 12 17 7 2 
2 18 6 
6 15 
7 11 19 
15 3 
3 1 
4 
17 14 
1 10 
18 
19 
13 
11 
12 
14 
10 
# clone tree 36 objective: 1.38419
0 8 
8 16 
16 13 5 
9 4 7 2 
5 9 
2 12 6 
6 11 15 
7 19 18 
15 3 
3 1 
4 
17 10 
1 17 
18 
19 14 
13 
11 
12 
14 
10 
# clone tree 37 objective: 1.38445
0 8 
8 16 
16 13 17 9 
9 4 5 
5 12 7 2 
2 6 
6 11 15 
7 19 18 
15 3 
3 1 
4 
17 10 
1 
18 
19 14 
13 
11 
12 
14 
10 
# clone tree 38 objective: 1.38447
0 8 
8 16 
16 13 5 
9 12 4 7 2 
5 9 
2 6 
6 11 15 
7 19 18 
15 3 
3 1 
4 
17 10 
1 17 
18 
19 14 
13 
11 
12 
14 
10 
# clone tree 39 objective: 1.38474
0 8 
8 16 
16 13 9 
9 4 5 
5 12 17 7 2 
2 6 
6 11 15 
7 14 19 18 
15 3 
3 1 
4 
17 10 
1 
18 
19 
13 
11 
12 
14 
10 
# clone tree 40 objective: 1.38474
0 8 
8 16 
16 13 9 
9 4 5 
5 12 17 7 2 
2 6 
6 14 11 15 
7 19 18 
15 3 
3 1 
4 
17 10 
1 
18 
19 
13 
11 
12 
14 
10 
# clone tree 41 objective: 1.38494
0 8 
8 16 
16 17 9 
9 4 5 
5 12 1 7 2 
2 6 
6 15 
7 19 18 
15 3 
3 13 
4 11 
17 
1 10 
18 
19 14 
13 
11 
12 
14 
10 
# clone tree 42 objective: 1.38497
0 8 
8 16 
16 3 9 
9 4 5 
5 14 12 7 2 
2 6 
6 11 15 
7 19 18 
15 13 17 
3 1 
4 
17 10 
1 
18 
19 
13 
11 
12 
14 
10 
# clone tree 43 objective: 1.385
0 13 8 
8 16 
16 17 9 
9 4 5 
5 12 7 2 
2 6 
6 11 15 
7 19 18 
15 3 
3 1 
4 
17 10 
1 
18 
19 
13 14 
11 
12 
14 
10 
# clone tree 44 objective: 1.38504
0 8 
8 16 
16 3 9 
9 4 5 
5 12 7 2 
2 6 
6 11 15 
7 19 18 
15 13 17 
3 1 
4 
17 
1 10 
18 
19 14 
13 
11 
12 
14 
10 
# clone tree 45 objective: 1.38506
0 13 8 
8 16 
16 17 9 
9 4 5 
5 14 12 7 2 
2 10 6 
6 11 15 
7 19 18 
15 3 
3 1 
4 
17 
1 
18 
19 
13 
11 
12 
14 
10 
# clone tree 46 objective: 1.38522
0 13 8 
8 16 
16 17 9 
9 4 5 
5 14 12 7 2 
2 6 
6 11 15 
7 10 19 18 
15 3 
3 1 
4 
17 
1 
18 
19 
13 
11 
12 
14 
10 
# clone tree 47 objective: 1.38524
0 8 
8 16 
16 13 9 
9 4 5 
5 14 17 7 2 
2 18 6 
6 15 
7 11 19 
15 3 
3 1 
4 
17 12 
1 10 
18 
19 
13 
11 
12 
14 
10 
# clone tree 48 objective: 1.38525
0 8 
8 16 
16 17 9 
9 4 5 
5 12 1 7 2 
2 6 
6 14 15 
7 19 18 
15 3 
3 13 
4 
17 10 
1 11 
18 
19 
13 
11 
12 
14 
10 
# clone tree 49 objective: 1.38547
0 13 8 
8 10 16 
16 17 9 
9 4 5 
5 12 7 2 
2 6 
6 11 15 
7 19 18 
15 3 
3 1 
4 
17 
1 
18 
19 14 
13 
11 
12 
14 
10 
