# clone tree 0 objective: 0.650417
0 6 5 9 13 
13 14 
14 16 2 
9 19 4 
2 10 
4 3 11 
10 1 
1 7 12 
5 18 
16 15 8 
11 17 
17 
18 
19 
12 
7 
8 
3 
15 
6 
# clone tree 1 objective: 0.651999
0 5 9 13 
13 14 
14 6 16 2 
9 19 4 
2 10 
4 3 11 
10 1 
1 7 12 
5 18 
16 15 8 
11 17 
17 
18 
19 
12 
7 
8 
3 
15 
6 
# clone tree 2 objective: 0.656715
0 6 5 9 13 
13 14 
14 15 16 2 
9 19 4 
2 10 
4 3 11 
10 1 
1 7 12 
5 18 
16 8 
11 17 
17 
18 
19 
12 
7 
8 
3 
15 
6 
# clone tree 3 objective: 0.658297
0 5 9 13 
13 14 
14 6 15 16 2 
9 19 4 
2 10 
4 3 11 
10 1 
1 7 12 
5 18 
16 8 
11 17 
17 
18 
19 
12 
7 
8 
3 
15 
6 
# clone tree 4 objective: 0.660874
0 6 5 9 13 
13 14 
14 16 2 
9 19 4 
2 10 
4 3 11 
10 8 1 
1 7 12 
5 18 
16 15 
11 17 
17 
18 
19 
12 
7 
8 
3 
15 
6 
# clone tree 5 objective: 0.661701
0 6 5 9 13 
13 14 
14 17 16 2 
9 19 4 
2 10 
4 3 11 
10 1 
1 7 12 
5 18 
16 15 8 
11 
17 
18 
19 
12 
7 
8 
3 
15 
6 
# clone tree 6 objective: 0.662456
0 5 9 13 
13 14 
14 6 16 2 
9 19 4 
2 10 
4 3 11 
10 8 1 
1 7 12 
5 18 
16 15 
11 17 
17 
18 
19 
12 
7 
8 
3 
15 
6 
# clone tree 7 objective: 0.663172
0 6 5 9 13 
13 19 14 
14 16 2 
9 4 
2 10 
4 3 11 
10 1 
1 7 12 
5 18 
16 15 8 
11 17 
17 
18 
19 
12 
7 
8 
3 
15 
6 
# clone tree 8 objective: 0.664479
0 5 9 13 
13 14 
14 16 2 
9 19 4 
2 10 
4 3 11 
10 1 
1 7 12 
5 18 
16 15 8 
11 17 
17 
18 
19 
12 
7 6 
8 
3 
15 
6 
# clone tree 9 objective: 0.664754
0 5 9 13 
13 19 14 
14 6 16 2 
9 4 
2 10 
4 3 11 
10 1 
1 7 12 
5 18 
16 15 8 
11 17 
17 
18 
19 
12 
7 
8 
3 
15 
6 
