# clone tree 0 objective: 0.992303
0 3 
3 6 
6 9 
9 8 
4 11 7 
8 4 
7 15 14 16 
16 17 5 12 
12 13 
14 1 
15 19 
11 18 
5 
13 2 
19 10 
1 
2 
18 
17 
10 
# clone tree 1 objective: 0.992303
0 3 
3 6 
6 9 
9 8 
4 11 7 
8 4 
7 15 14 16 
16 17 5 12 
12 13 
14 10 1 
15 19 
11 18 
5 
13 2 
19 
1 
2 
18 
17 
10 
# clone tree 2 objective: 0.99464
0 3 
3 2 6 
6 9 
9 8 
4 11 7 
8 4 
7 15 14 16 
16 17 5 12 
12 13 
14 10 1 
15 19 
11 18 
5 
13 
19 
1 
2 
18 
17 
10 
# clone tree 3 objective: 0.99464
0 3 
3 2 6 
6 9 
9 8 
4 11 7 
8 4 
7 15 14 16 
16 17 5 12 
12 13 
14 1 
15 19 
11 18 
5 
13 
19 10 
1 
2 
18 
17 
10 
# clone tree 4 objective: 0.994962
0 3 
3 2 6 
6 9 
9 8 
4 11 7 
8 4 
7 15 14 16 
16 17 5 12 
12 13 
14 1 
15 19 
11 18 
5 
13 10 
19 
1 
2 
18 
17 
10 
# clone tree 5 objective: 0.995955
0 3 
3 6 
6 9 
9 8 
4 17 11 7 
8 4 
7 15 14 16 
16 5 12 
12 13 
14 10 1 
15 19 
11 18 
5 
13 2 
19 
1 
2 
18 
17 
10 
# clone tree 6 objective: 0.995955
0 3 
3 6 
6 9 
9 8 
4 17 11 7 
8 4 
7 15 14 16 
16 5 12 
12 13 
14 1 
15 19 
11 18 
5 
13 2 
19 10 
1 
2 
18 
17 
10 
# clone tree 7 objective: 0.996119
0 3 
3 6 
6 9 
9 8 
4 11 7 
8 4 
7 15 14 16 
16 17 5 12 
12 13 
14 10 1 
15 19 
11 
5 
13 2 
19 
1 
2 18 
18 
17 
10 
# clone tree 8 objective: 0.996119
0 3 
3 6 
6 9 
9 8 
4 11 7 
8 4 
7 15 14 16 
16 17 5 12 
12 13 
14 1 
15 19 
11 
5 
13 2 
19 10 
1 
2 18 
18 
17 
10 
# clone tree 9 objective: 0.997442
0 3 
3 17 6 
6 9 
9 8 
4 11 7 
8 4 
7 15 14 16 
16 5 12 
12 13 
14 1 
15 19 
11 18 
5 
13 2 
19 10 
1 
2 
18 
17 
10 
