# clone tree 0 objective: 0.846041
0 11 16 13 
13 15 12 
12 9 2 1 
1 10 
10 5 
5 14 7 
7 8 3 
3 18 
2 4 
16 19 
15 
4 6 
18 
19 17 
14 
9 
11 
17 
6 
8 
# clone tree 1 objective: 0.850324
0 11 16 13 
13 15 12 
12 9 2 1 
1 6 10 
10 5 
5 14 7 
7 3 
3 18 
2 4 
16 19 
15 
4 8 
18 
19 17 
14 
9 
11 
17 
6 
8 
# clone tree 2 objective: 0.850324
0 11 16 13 
13 15 12 
12 9 2 1 
1 6 10 
10 5 
5 14 7 
7 8 3 
3 18 
2 4 
16 19 
15 
4 
18 
19 17 
14 
9 
11 
17 
6 
8 
# clone tree 3 objective: 0.85089
0 11 16 13 
13 15 12 
12 9 2 1 
1 10 
10 5 
5 14 7 
7 8 3 
3 18 
2 4 
16 19 
15 
4 6 
18 
19 
14 
9 17 
11 
17 
6 
8 
# clone tree 4 objective: 0.850956
0 17 11 16 13 
13 15 12 
12 9 2 1 
1 10 
10 5 
5 14 7 
7 8 3 
3 18 
2 4 
16 19 
15 
4 6 
18 
19 
14 
9 
11 
17 
6 
8 
# clone tree 5 objective: 0.854714
0 11 16 13 
13 15 12 
12 9 2 1 
1 10 
10 5 
5 14 7 
7 3 
3 18 
2 4 
16 19 
15 
4 8 6 
18 
19 17 
14 
9 
11 
17 
6 
8 
# clone tree 6 objective: 0.855173
0 11 16 13 
13 15 12 
12 9 2 1 
1 6 10 
10 5 
5 14 7 
7 8 3 
3 18 
2 4 
16 19 
15 
4 
18 
19 
14 
9 17 
11 
17 
6 
8 
# clone tree 7 objective: 0.855173
0 11 16 13 
13 15 12 
12 9 2 1 
1 6 10 
10 5 
5 14 7 
7 3 
3 18 
2 4 
16 19 
15 
4 8 
18 
19 
14 
9 17 
11 
17 
6 
8 
# clone tree 8 objective: 0.855239
0 17 11 16 13 
13 15 12 
12 9 2 1 
1 6 10 
10 5 
5 14 7 
7 3 
3 18 
2 4 
16 19 
15 
4 8 
18 
19 
14 
9 
11 
17 
6 
8 
# clone tree 9 objective: 0.855239
0 17 11 16 13 
13 15 12 
12 9 2 1 
1 6 10 
10 5 
5 14 7 
7 8 3 
3 18 
2 4 
16 19 
15 
4 
18 
19 
14 
9 
11 
17 
6 
8 
