# clone tree 0 objective: 1.44577
0 1 
1 16 
16 4 14 12 
12 13 
13 7 
7 6 
6 5 
5 2 17 9 11 
11 10 15 
9 8 
15 3 
10 19 
17 18 
8 
2 
14 
4 
18 
19 
3 
# clone tree 1 objective: 1.44737
0 1 
1 16 
16 19 4 12 
12 13 
13 7 
7 6 
6 5 
5 2 17 9 11 
11 10 15 
9 8 
15 3 
10 14 
17 18 
8 
2 
14 
4 
18 
19 
3 
# clone tree 2 objective: 1.45789
0 1 
1 16 
16 4 12 
12 13 
13 7 
7 6 
6 5 
5 2 17 9 11 
11 10 15 
9 8 
15 3 
10 14 
17 18 
8 
2 
14 19 
4 
18 
19 
3 
# clone tree 3 objective: 1.46163
0 1 
1 16 
16 4 12 
12 13 
13 7 
7 6 
6 5 
5 2 17 9 11 
11 10 15 
9 8 
15 3 
10 14 
17 18 
8 19 
2 
14 
4 
18 
19 
3 
# clone tree 4 objective: 1.46399
0 1 
1 16 
16 4 12 
12 13 
13 7 
7 6 
6 5 
5 19 2 17 9 11 
11 10 15 
9 8 
15 3 
10 14 
17 18 
8 
2 
14 
4 
18 
19 
3 
# clone tree 5 objective: 1.46531
0 1 
1 16 
16 4 14 12 
12 13 
13 7 
7 6 
6 5 
5 2 17 9 11 
11 10 15 
9 8 
15 3 
10 
17 18 
8 
2 
14 19 
4 
18 
19 
3 
# clone tree 6 objective: 1.46567
0 1 
1 16 
16 3 19 4 12 
12 13 
13 7 
7 6 
6 5 
5 2 17 9 11 
11 10 15 
9 8 
15 
10 14 
17 18 
8 
2 
14 
4 
18 
19 
3 
# clone tree 7 objective: 1.46905
0 1 
1 16 
16 4 14 12 
12 13 
13 7 
7 6 
6 5 
5 2 17 9 11 
11 10 15 
9 8 
15 3 
10 
17 18 
8 19 
2 
14 
4 
18 
19 
3 
# clone tree 8 objective: 1.47013
0 1 
1 16 
16 4 14 12 
12 13 
13 7 
7 6 
6 5 
5 2 17 9 11 
11 10 15 
9 3 8 
15 
10 19 
17 18 
8 
2 
14 
4 
18 
19 
3 
# clone tree 9 objective: 1.47089
0 1 
1 16 
16 4 14 12 
12 13 
13 7 
7 6 
6 5 
5 2 17 9 11 
11 10 15 
9 8 
15 
10 19 
17 18 
8 
2 
14 3 
4 
18 
19 
3 
