# clone tree 0 objective: 0.650417
0 6 5 9 13 
13 14 
14 16 2 
9 19 4 
2 10 
4 3 11 
10 1 
1 7 12 
5 18 
16 15 8 
11 17 
17 
18 
19 
12 
7 
8 
3 
15 
6 
# clone tree 1 objective: 0.651999
0 5 9 13 
13 14 
14 6 16 2 
9 19 4 
2 10 
4 3 11 
10 1 
1 7 12 
5 18 
16 15 8 
11 17 
17 
18 
19 
12 
7 
8 
3 
15 
6 
# clone tree 2 objective: 0.656715
0 6 5 9 13 
13 14 
14 15 16 2 
9 19 4 
2 10 
4 3 11 
10 1 
1 7 12 
5 18 
16 8 
11 17 
17 
18 
19 
12 
7 
8 
3 
15 
6 
# clone tree 3 objective: 0.658297
0 5 9 13 
13 14 
14 6 15 16 2 
9 19 4 
2 10 
4 3 11 
10 1 
1 7 12 
5 18 
16 8 
11 17 
17 
18 
19 
12 
7 
8 
3 
15 
6 
# clone tree 4 objective: 0.660874
0 6 5 9 13 
13 14 
14 16 2 
9 19 4 
2 10 
4 3 11 
10 8 1 
1 7 12 
5 18 
16 15 
11 17 
17 
18 
19 
12 
7 
8 
3 
15 
6 
# clone tree 5 objective: 0.661701
0 6 5 9 13 
13 14 
14 17 16 2 
9 19 4 
2 10 
4 3 11 
10 1 
1 7 12 
5 18 
16 15 8 
11 
17 
18 
19 
12 
7 
8 
3 
15 
6 
# clone tree 6 objective: 0.662456
0 5 9 13 
13 14 
14 6 16 2 
9 19 4 
2 10 
4 3 11 
10 8 1 
1 7 12 
5 18 
16 15 
11 17 
17 
18 
19 
12 
7 
8 
3 
15 
6 
# clone tree 7 objective: 0.663172
0 6 5 9 13 
13 19 14 
14 16 2 
9 4 
2 10 
4 3 11 
10 1 
1 7 12 
5 18 
16 15 8 
11 17 
17 
18 
19 
12 
7 
8 
3 
15 
6 
# clone tree 8 objective: 0.664479
0 5 9 13 
13 14 
14 16 2 
9 19 4 
2 10 
4 3 11 
10 1 
1 7 12 
5 18 
16 15 8 
11 17 
17 
18 
19 
12 
7 6 
8 
3 
15 
6 
# clone tree 9 objective: 0.664754
0 5 9 13 
13 19 14 
14 6 16 2 
9 4 
2 10 
4 3 11 
10 1 
1 7 12 
5 18 
16 15 8 
11 17 
17 
18 
19 
12 
7 
8 
3 
15 
6 
# clone tree 10 objective: 0.66636
0 6 5 9 13 
13 19 14 
14 16 2 
9 12 4 
2 10 
4 3 11 
10 1 
1 7 
5 18 
16 15 8 
11 17 
17 
18 
19 
12 
7 
8 
3 
15 
6 
# clone tree 11 objective: 0.666499
0 8 5 9 13 
13 14 
14 6 16 2 
9 19 4 
2 10 
4 3 11 
10 1 
1 7 12 
5 18 
16 15 
11 17 
17 
18 
19 
12 
7 
8 
3 
15 
6 
# clone tree 12 objective: 0.667942
0 5 9 13 
13 19 14 
14 6 16 2 
9 12 4 
2 10 
4 3 11 
10 1 
1 7 
5 18 
16 15 8 
11 17 
17 
18 
19 
12 
7 
8 
3 
15 
6 
# clone tree 13 objective: 0.66947
0 6 5 9 13 
13 19 14 
14 15 16 2 
9 4 
2 10 
4 3 11 
10 1 
1 7 12 
5 18 
16 8 
11 17 
17 
18 
19 
12 
7 
8 
3 
15 
6 
# clone tree 14 objective: 0.670728
0 6 5 9 13 
13 14 
14 15 16 2 
9 19 4 
2 10 
4 3 11 
10 8 1 
1 7 12 
5 18 
16 
11 17 
17 
18 
19 
12 
7 
8 
3 
15 
6 
# clone tree 15 objective: 0.670777
0 5 9 13 
13 14 
14 15 16 2 
9 19 4 
2 10 
4 3 11 
10 1 
1 7 12 
5 18 
16 8 
11 17 
17 
18 
19 
12 
7 6 
8 
3 
15 
6 
# clone tree 16 objective: 0.671052
0 5 9 13 
13 19 14 
14 6 15 16 2 
9 4 
2 10 
4 3 11 
10 1 
1 7 12 
5 18 
16 8 
11 17 
17 
18 
19 
12 
7 
8 
3 
15 
6 
# clone tree 17 objective: 0.672158
0 6 5 9 13 
13 14 
14 17 16 2 
9 19 4 
2 10 
4 3 11 
10 8 1 
1 7 12 
5 18 
16 15 
11 
17 
18 
19 
12 
7 
8 
3 
15 
6 
# clone tree 18 objective: 0.672239
0 6 5 9 13 
13 19 14 
14 17 16 2 
9 8 4 
2 10 
4 3 11 
10 1 
1 7 12 
5 18 
16 15 
11 
17 
18 
19 
12 
7 
8 
3 
15 
6 
# clone tree 19 objective: 0.67231
0 5 9 13 
13 14 
14 6 15 16 2 
9 19 4 
2 10 
4 3 11 
10 8 1 
1 7 12 
5 18 
16 
11 17 
17 
18 
19 
12 
7 
8 
3 
15 
6 
# clone tree 20 objective: 0.672315
0 6 5 9 13 
13 14 
14 7 16 2 
9 19 4 
2 10 
4 3 11 
10 1 
1 12 
5 18 
16 15 8 
11 17 
17 
18 
19 
12 
7 
8 
3 
15 
6 
# clone tree 21 objective: 0.672658
0 6 5 9 13 
13 19 14 
14 15 16 2 
9 12 4 
2 10 
4 3 11 
10 1 
1 7 
5 18 
16 8 
11 17 
17 
18 
19 
12 
7 
8 
3 
15 
6 
# clone tree 22 objective: 0.67286
0 5 9 13 
13 19 14 
14 16 2 
9 6 4 
2 10 
4 3 11 
10 1 
1 7 12 
5 18 
16 15 8 
11 17 
17 
18 
19 
12 
7 
8 
3 
15 
6 
# clone tree 23 objective: 0.673629
0 6 5 9 13 
13 19 14 
14 16 2 
9 4 
2 10 
4 3 11 
10 8 1 
1 7 12 
5 18 
16 15 
11 17 
17 
18 
19 
12 
7 
8 
3 
15 
6 
# clone tree 24 objective: 0.67424
0 5 9 13 
13 19 14 
14 6 15 16 2 
9 12 4 
2 10 
4 3 11 
10 1 
1 7 
5 18 
16 8 
11 17 
17 
18 
19 
12 
7 
8 
3 
15 
6 
# clone tree 25 objective: 0.674385
0 6 5 9 13 
13 19 14 
14 16 2 
9 8 4 
2 10 
4 3 11 
10 1 
1 7 12 
5 18 
16 15 
11 17 
17 
18 
19 
12 
7 
8 
3 
15 
6 
# clone tree 26 objective: 0.674456
0 6 5 9 13 
13 19 14 
14 17 16 2 
9 4 
2 10 
4 3 11 
10 1 
1 7 12 
5 18 
16 15 8 
11 
17 
18 
19 
12 
7 
8 
3 
15 
6 
# clone tree 27 objective: 0.674936
0 5 9 13 
13 14 
14 16 2 
9 19 4 
2 10 
4 3 11 
10 8 1 
1 7 12 
5 18 
16 15 
11 17 
17 
18 
19 
12 
7 6 
8 
3 
15 
6 
# clone tree 28 objective: 0.674984
0 7 5 9 13 
13 14 
14 6 16 2 
9 19 4 
2 10 
4 3 11 
10 1 
1 12 
5 18 
16 15 8 
11 17 
17 
18 
19 
12 
7 
8 
3 
15 
6 
# clone tree 29 objective: 0.675211
0 5 9 13 
13 19 14 
14 6 16 2 
9 4 
2 10 
4 3 11 
10 8 1 
1 7 12 
5 18 
16 15 
11 17 
17 
18 
19 
12 
7 
8 
3 
15 
6 
# clone tree 30 objective: 0.675365
0 6 5 9 13 
13 14 
14 19 16 2 
9 4 
2 10 
4 3 11 
10 1 
1 7 12 
5 18 
16 15 8 
11 17 
17 
18 
19 
12 
7 
8 
3 
15 
6 
# clone tree 31 objective: 0.675406
0 5 9 13 
13 14 
14 6 17 16 2 
9 19 4 
2 10 
4 3 11 
10 1 
1 7 12 
5 18 
16 15 8 
11 
17 
18 
19 
12 
7 
8 
3 
15 
6 
# clone tree 32 objective: 0.675763
0 5 9 13 
13 14 
14 17 16 2 
9 19 4 
2 10 
4 3 11 
10 1 
1 7 12 
5 18 
16 15 8 
11 
17 
18 
19 
12 
7 6 
8 
3 
15 
6 
# clone tree 33 objective: 0.675967
0 5 9 13 
13 19 14 
14 6 16 2 
9 8 4 
2 10 
4 3 11 
10 1 
1 7 12 
5 18 
16 15 
11 17 
17 
18 
19 
12 
7 
8 
3 
15 
6 
# clone tree 34 objective: 0.676048
0 5 9 13 
13 19 14 
14 16 2 
9 6 12 4 
2 10 
4 3 11 
10 1 
1 7 
5 18 
16 15 8 
11 17 
17 
18 
19 
12 
7 
8 
3 
15 
6 
# clone tree 35 objective: 0.676353
0 8 5 9 13 
13 14 
14 6 15 16 2 
9 19 4 
2 10 
4 3 11 
10 1 
1 7 12 
5 18 
16 
11 17 
17 
18 
19 
12 
7 
8 
3 
15 
6 
# clone tree 36 objective: 0.677234
0 5 9 13 
13 19 14 
14 16 2 
9 4 
2 10 
4 3 11 
10 1 
1 7 12 
5 18 
16 15 8 
11 17 
17 
18 
19 
12 
7 6 
8 
3 
15 
6 
# clone tree 37 objective: 0.677644
0 6 5 9 13 
13 19 14 
14 17 16 2 
9 12 4 
2 10 
4 3 11 
10 1 
1 7 
5 18 
16 15 8 
11 
17 
18 
19 
12 
7 
8 
3 
15 
6 
# clone tree 38 objective: 0.678018
0 6 5 9 13 
13 14 
14 15 16 2 
9 19 4 
2 10 
4 3 11 
10 8 1 
1 7 12 
5 18 
16 17 
11 
17 
18 
19 
12 
7 
8 
3 
15 
6 
# clone tree 39 objective: 0.678099
0 6 5 9 13 
13 19 14 
14 15 16 2 
9 8 4 
2 10 
4 3 11 
10 1 
1 7 12 
5 18 
16 17 
11 
17 
18 
19 
12 
7 
8 
3 
15 
6 
# clone tree 40 objective: 0.678648
0 5 9 13 
13 14 
14 17 16 2 
9 19 4 
2 10 
4 3 11 
10 1 
1 7 12 
5 18 
16 15 8 
11 6 
17 
18 
19 
12 
7 
8 
3 
15 
6 
# clone tree 41 objective: 0.678979
0 8 5 9 13 
13 14 
14 16 2 
9 19 4 
2 10 
4 3 11 
10 1 
1 7 12 
5 18 
16 15 
11 17 
17 
18 
19 
12 
7 6 
8 
3 
15 
6 
# clone tree 42 objective: 0.679158
0 5 9 13 
13 19 14 
14 15 16 2 
9 6 4 
2 10 
4 3 11 
10 1 
1 7 12 
5 18 
16 8 
11 17 
17 
18 
19 
12 
7 
8 
3 
15 
6 
# clone tree 43 objective: 0.6796
0 5 9 13 
13 14 
14 6 15 16 2 
9 19 4 
2 10 
4 3 11 
10 8 1 
1 7 12 
5 18 
16 17 
11 
17 
18 
19 
12 
7 
8 
3 
15 
6 
# clone tree 44 objective: 0.679681
0 5 9 13 
13 19 14 
14 6 15 16 2 
9 8 4 
2 10 
4 3 11 
10 1 
1 7 12 
5 18 
16 17 
11 
17 
18 
19 
12 
7 
8 
3 
15 
6 
# clone tree 45 objective: 0.679884
0 6 5 9 13 
13 14 
14 7 16 2 
9 19 4 
2 10 
4 11 
10 1 
1 3 12 
5 18 
16 15 8 
11 17 
17 
18 
19 
12 
7 
8 
3 
15 
6 
# clone tree 46 objective: 0.680422
0 5 9 13 
13 19 14 
14 16 2 
9 12 4 
2 10 
4 3 11 
10 1 
1 7 
5 18 
16 15 8 
11 17 
17 
18 
19 
12 
7 6 
8 
3 
15 
6 
# clone tree 47 objective: 0.680691
0 6 5 9 13 
13 14 
14 17 16 2 
9 19 4 
2 10 
4 3 11 
10 1 
1 7 12 
5 18 
16 8 
11 15 
17 
18 
19 
12 
7 
8 
3 
15 
6 
# clone tree 48 objective: 0.680922
0 6 5 9 13 
13 19 14 
14 16 2 
9 3 4 
2 10 
4 11 
10 1 
1 7 12 
5 18 
16 15 8 
11 17 
17 
18 
19 
12 
7 
8 
3 
15 
6 
# clone tree 49 objective: 0.681287
0 6 5 9 13 
13 19 14 
14 15 16 2 
9 8 12 4 
2 10 
4 3 11 
10 1 
1 7 
5 18 
16 17 
11 
17 
18 
19 
12 
7 
8 
3 
15 
6 
