# clone tree 0 objective: 1.30324
0 19 10 
10 18 12 4 11 
11 16 1 
1 3 
3 9 
9 5 
5 6 2 
2 15 
4 8 
15 14 
8 13 
14 7 
6 17 
7 
19 
17 
13 
12 
18 
16 
# clone tree 1 objective: 1.30389
0 19 10 
10 4 11 
11 16 1 
1 3 
3 9 
9 5 
5 8 2 
2 15 
4 18 6 
15 14 
8 12 13 
14 7 
6 17 
7 
19 
17 
13 
12 
18 
16 
# clone tree 2 objective: 1.30493
0 19 10 
10 12 4 11 
11 16 1 
1 3 
3 9 
9 5 
5 8 2 
2 15 
4 18 6 
15 14 
8 13 
14 7 
6 17 
7 
19 
17 
13 
12 
18 
16 
# clone tree 3 objective: 1.30864
0 19 10 
10 18 4 11 
11 16 1 
1 3 
3 9 
9 5 
5 6 2 
2 15 
4 8 
15 14 
8 12 13 
14 7 
6 17 
7 
19 
17 
13 
12 
18 
16 
# clone tree 4 objective: 1.31085
0 19 10 
10 12 4 11 
11 16 1 
1 18 3 
3 9 
9 5 
5 6 2 
2 15 
4 8 
15 14 
8 13 
14 7 
6 17 
7 
19 
17 
13 
12 
18 
16 
# clone tree 5 objective: 1.31093
0 19 10 
10 18 12 4 11 
11 1 
1 3 
3 9 
9 5 
5 6 2 
2 16 15 
4 8 
15 14 
8 13 
14 7 
6 17 
7 
19 
17 
13 
12 
18 
16 
# clone tree 6 objective: 1.3113
0 19 10 
10 18 12 4 11 
11 1 
1 3 
3 9 
9 5 
5 6 2 
2 15 
4 8 
15 14 
8 13 
14 7 
6 17 
7 
19 
17 16 
13 
12 
18 
16 
# clone tree 7 objective: 1.31157
0 19 10 
10 4 11 
11 1 
1 3 
3 9 
9 5 
5 8 2 
2 16 15 
4 18 6 
15 14 
8 12 13 
14 7 
6 17 
7 
19 
17 
13 
12 
18 
16 
# clone tree 8 objective: 1.3117
0 19 10 
10 4 11 
11 1 
1 3 
3 9 
9 5 
5 8 2 
2 15 
4 18 6 
15 14 
8 12 13 
14 7 
6 17 
7 
19 
17 16 
13 
12 
18 
16 
# clone tree 9 objective: 1.31261
0 19 10 
10 12 4 11 
11 1 
1 3 
3 9 
9 5 
5 8 2 
2 16 15 
4 18 6 
15 14 
8 13 
14 7 
6 17 
7 
19 
17 
13 
12 
18 
16 
