# clone tree 0 objective: 1.19382
0 10 8 
8 4 12 
12 15 13 
13 7 3 
10 11 
11 2 
3 14 6 18 
2 5 
5 16 
16 17 
4 19 
18 1 
7 9 
6 
15 
14 
1 
19 
17 
9 
# clone tree 1 objective: 1.19459
0 10 8 
8 4 12 
12 15 13 
13 1 3 
10 11 
11 2 
3 14 6 18 
2 5 
5 16 
16 17 
4 19 
18 
7 9 
6 7 
15 
14 
1 
19 
17 
9 
# clone tree 2 objective: 1.19486
0 10 8 
8 4 12 
12 15 13 
13 3 
10 11 
11 2 
3 14 6 18 
2 5 
5 16 
16 17 
4 19 
18 1 
7 9 
6 7 
15 
14 
1 
19 
17 
9 
# clone tree 3 objective: 1.1975
0 2 8 
8 4 12 
12 15 13 
13 14 10 
10 11 
11 3 
3 6 18 
2 5 
5 16 
16 17 
4 19 
18 1 
7 9 
6 7 
15 
14 
1 
19 
17 
9 
# clone tree 4 objective: 1.19983
0 10 8 
8 17 4 12 
12 15 13 
13 14 3 
10 11 
11 2 
3 18 16 
2 5 
5 1 7 
16 6 
4 19 
18 
7 9 
6 
15 
14 
1 
19 
17 
9 
# clone tree 5 objective: 1.20109
0 10 8 
8 4 12 
12 15 13 
13 14 3 
10 11 
11 2 
3 6 18 
2 5 
5 16 
16 17 
4 19 
18 1 
7 9 
6 7 
15 
14 
1 
19 
17 
9 
# clone tree 6 objective: 1.20376
0 10 8 
8 4 12 
12 15 13 
13 7 3 
10 11 
11 2 
3 14 6 18 
2 5 
5 16 
16 17 
4 19 
18 1 
7 
6 9 
15 
14 
1 
19 
17 
9 
# clone tree 7 objective: 1.20391
0 10 8 
8 4 12 
12 15 13 
13 14 3 
10 11 
11 2 
3 18 16 
2 5 
5 1 7 
16 6 
4 19 
18 
7 9 
6 17 
15 
14 
1 
19 
17 
9 
# clone tree 8 objective: 1.20442
0 10 8 
8 9 4 12 
12 15 13 
13 7 3 
10 11 
11 2 
3 14 6 18 
2 5 
5 16 
16 17 
4 19 
18 1 
7 
6 
15 
14 
1 
19 
17 
9 
# clone tree 9 objective: 1.2045
0 2 8 
8 4 12 
12 15 13 
13 14 10 
10 11 
11 7 3 
3 6 18 
2 5 
5 16 
16 17 
4 19 
18 1 
7 9 
6 
15 
14 
1 
19 
17 
9 
# clone tree 10 objective: 1.20519
0 10 8 
8 9 4 12 
12 15 13 
13 1 3 
10 11 
11 2 
3 14 6 18 
2 5 
5 16 
16 17 
4 19 
18 
7 
6 7 
15 
14 
1 
19 
17 
9 
# clone tree 11 objective: 1.20527
0 10 8 
8 4 12 
12 15 13 
13 14 3 
10 11 
11 2 
3 9 6 18 
2 5 
5 16 
16 17 
4 19 
18 1 
7 
6 7 
15 
14 
1 
19 
17 
9 
# clone tree 12 objective: 1.20546
0 10 8 
8 9 4 12 
12 15 13 
13 3 
10 11 
11 2 
3 14 6 18 
2 5 
5 16 
16 17 
4 19 
18 1 
7 
6 7 
15 
14 
1 
19 
17 
9 
# clone tree 13 objective: 1.20809
0 2 8 
8 9 4 12 
12 15 13 
13 14 10 
10 11 
11 3 
3 6 18 
2 5 
5 16 
16 17 
4 19 
18 1 
7 
6 7 
15 
14 
1 
19 
17 
9 
# clone tree 14 objective: 1.20811
0 11 8 
8 4 12 
12 15 13 
13 1 3 
10 2 
11 10 
3 14 6 18 
2 5 
5 16 
16 17 
4 19 
18 
7 9 
6 7 
15 
14 
1 
19 
17 
9 
# clone tree 15 objective: 1.20976
0 10 8 
8 17 4 12 
12 15 13 
13 14 3 
10 11 
11 2 
3 18 16 
2 5 
5 1 7 
16 6 
4 19 
18 
7 
6 9 
15 
14 
1 
19 
17 
9 
# clone tree 16 objective: 1.20981
0 10 8 
8 4 12 
12 15 13 
13 14 3 
10 11 
11 2 
3 18 16 
2 5 
5 17 1 7 
16 6 
4 19 
18 
7 9 
6 
15 
14 
1 
19 
17 
9 
# clone tree 17 objective: 1.21088
0 10 8 
8 4 12 
12 15 13 
13 14 3 
10 11 
11 2 
3 18 16 
2 5 
5 1 7 
16 6 
4 19 
18 
7 17 
6 9 
15 
14 
1 
19 
17 
9 
# clone tree 18 objective: 1.21154
0 10 8 
8 9 4 12 
12 15 13 
13 14 3 
10 11 
11 2 
3 18 16 
2 5 
5 1 7 
16 6 
4 19 
18 
7 17 
6 
15 
14 
1 
19 
17 
9 
# clone tree 19 objective: 1.21168
0 10 8 
8 9 4 12 
12 15 13 
13 14 3 
10 11 
11 2 
3 6 18 
2 5 
5 16 
16 17 
4 19 
18 1 
7 
6 7 
15 
14 
1 
19 
17 
9 
# clone tree 20 objective: 1.21189
0 10 8 
8 17 4 12 
12 15 13 
13 1 3 
10 11 
11 2 
3 14 7 18 
2 5 
5 16 
16 6 
4 19 
18 
7 9 
6 
15 
14 
1 
19 
17 
9 
# clone tree 21 objective: 1.21216
0 10 8 
8 17 4 12 
12 15 13 
13 3 
10 11 
11 2 
3 14 7 18 
2 5 
5 16 
16 6 
4 19 
18 1 
7 9 
6 
15 
14 
1 
19 
17 
9 
# clone tree 22 objective: 1.21432
0 10 8 
8 4 12 
12 15 13 
13 14 3 
10 11 
11 2 
3 18 16 
2 5 
5 1 7 
16 6 
4 19 
18 
7 9 
6 
15 
14 
1 
19 17 
17 
9 
# clone tree 23 objective: 1.21441
0 2 8 
8 4 12 
12 15 13 
13 14 10 
10 11 
11 7 3 
3 6 18 
2 5 
5 16 
16 17 
4 19 
18 1 
7 
6 9 
15 
14 
1 
19 
17 
9 
# clone tree 24 objective: 1.21451
0 10 8 
8 9 4 12 
12 15 13 
13 14 3 
10 11 
11 2 
3 18 16 
2 5 
5 1 7 
16 6 
4 19 
18 
7 
6 17 
15 
14 
1 
19 
17 
9 
# clone tree 25 objective: 1.21507
0 2 8 
8 9 4 12 
12 15 13 
13 14 10 
10 11 
11 7 3 
3 6 18 
2 5 
5 16 
16 17 
4 19 
18 1 
7 
6 
15 
14 
1 
19 
17 
9 
# clone tree 26 objective: 1.21597
0 10 8 
8 4 12 
12 15 13 
13 1 3 
10 11 
11 2 
3 14 7 18 
2 5 
5 16 
16 6 
4 19 
18 
7 9 
6 17 
15 
14 
1 
19 
17 
9 
# clone tree 27 objective: 1.21624
0 10 8 
8 4 12 
12 15 13 
13 3 
10 11 
11 2 
3 14 7 18 
2 5 
5 16 
16 6 
4 19 
18 1 
7 9 
6 17 
15 
14 
1 
19 
17 
9 
# clone tree 28 objective: 1.21706
0 10 8 
8 4 12 
12 15 13 
13 9 3 
10 11 
11 2 
3 14 6 18 
2 5 
5 16 
16 17 
4 19 
18 1 
7 
6 7 
15 
14 
1 
19 
17 
9 
# clone tree 29 objective: 1.21737
0 10 8 
8 4 12 
12 15 13 
13 1 3 
10 11 
11 2 
3 14 6 18 
2 5 
5 16 
16 17 
4 19 
18 
7 
6 7 
15 
14 
1 9 
19 
17 
9 
# clone tree 30 objective: 1.21825
0 10 8 
8 9 17 4 12 
12 15 13 
13 14 3 
10 11 
11 2 
3 18 16 
2 5 
5 1 7 
16 6 
4 19 
18 
7 
6 
15 
14 
1 
19 
17 
9 
# clone tree 31 objective: 1.2187
0 11 8 
8 9 4 12 
12 15 13 
13 1 3 
10 2 
11 10 
3 14 6 18 
2 5 
5 16 
16 17 
4 19 
18 
7 
6 7 
15 
14 
1 
19 
17 
9 
# clone tree 32 objective: 1.21886
0 2 8 
8 4 12 
12 15 13 
13 14 10 
10 11 
11 3 
3 6 18 
2 5 
5 16 
16 17 
4 9 19 
18 1 
7 
6 7 
15 
14 
1 
19 
17 
9 
# clone tree 33 objective: 1.21975
0 10 8 
8 4 12 
12 15 13 
13 14 3 
10 11 
11 2 
3 18 16 
2 5 
5 17 1 7 
16 6 
4 19 
18 
7 
6 9 
15 
14 
1 
19 
17 
9 
# clone tree 34 objective: 1.22041
0 10 8 
8 9 4 12 
12 15 13 
13 14 3 
10 11 
11 2 
3 18 16 
2 5 
5 17 1 7 
16 6 
4 19 
18 
7 
6 
15 
14 
1 
19 
17 
9 
# clone tree 35 objective: 1.22114
0 2 8 
8 17 4 12 
12 15 13 
13 14 10 
10 11 
11 3 
3 7 18 
2 5 
5 16 
16 6 
4 19 
18 1 
7 9 
6 
15 
14 
1 
19 
17 
9 
# clone tree 36 objective: 1.22155
0 10 8 
8 4 12 
12 15 13 
13 7 3 
10 11 
11 2 
3 14 6 18 
2 5 
5 16 
16 17 
4 
18 1 
7 9 
6 
15 
14 
1 
19 
17 19 
9 
# clone tree 37 objective: 1.22232
0 10 8 
8 4 12 
12 15 13 
13 1 3 
10 11 
11 2 
3 14 6 18 
2 5 
5 16 
16 17 
4 
18 
7 9 
6 7 
15 
14 
1 
19 
17 19 
9 
# clone tree 38 objective: 1.22259
0 10 8 
8 4 12 
12 15 13 
13 3 
10 11 
11 2 
3 14 6 18 
2 5 
5 16 
16 17 
4 
18 1 
7 9 
6 7 
15 
14 
1 
19 
17 19 
9 
# clone tree 39 objective: 1.2226
0 10 8 
8 17 4 12 
12 15 13 
13 14 3 
10 11 
11 2 
3 18 16 
2 5 
5 1 7 
16 6 
4 19 
18 
7 
6 
15 
14 
1 9 
19 
17 
9 
# clone tree 40 objective: 1.22304
0 10 8 
8 4 12 
12 15 13 
13 17 3 
10 11 
11 2 
3 14 7 18 
2 5 
5 16 
16 6 
4 19 
18 1 
7 9 
6 
15 
14 
1 
19 
17 
9 
# clone tree 41 objective: 1.22332
0 10 8 
8 17 4 12 
12 15 13 
13 7 3 
10 11 
11 2 
3 14 6 18 
2 5 
5 16 
16 
4 19 
18 1 
7 9 
6 
15 
14 
1 
19 
17 
9 
# clone tree 42 objective: 1.22335
0 10 8 
8 17 19 12 
12 15 13 
13 7 3 
10 11 
11 2 
3 14 6 18 
2 5 
5 16 
16 4 
4 
18 1 
7 9 
6 
15 
14 
1 
19 
17 
9 
# clone tree 43 objective: 1.2236
0 10 8 
8 9 4 12 
12 15 13 
13 1 3 
10 11 
11 2 
3 14 7 18 
2 5 
5 16 
16 6 
4 19 
18 
7 17 
6 
15 
14 
1 
19 
17 
9 
# clone tree 44 objective: 1.22373
0 10 8 
8 4 12 
12 15 13 
13 14 3 
10 11 
11 2 
3 18 16 
2 5 
5 1 7 
16 6 
4 19 
18 
7 17 
6 
15 
14 
1 9 
19 
17 
9 
# clone tree 45 objective: 1.22387
0 10 8 
8 9 4 12 
12 15 13 
13 3 
10 11 
11 2 
3 14 7 18 
2 5 
5 16 
16 6 
4 19 
18 1 
7 17 
6 
15 
14 
1 
19 
17 
9 
# clone tree 46 objective: 1.22408
0 10 8 
8 17 4 12 
12 15 13 
13 1 3 
10 11 
11 2 
3 14 6 18 
2 5 
5 16 
16 
4 19 
18 
7 9 
6 7 
15 
14 
1 
19 
17 
9 
# clone tree 47 objective: 1.22412
0 10 8 
8 17 19 12 
12 15 13 
13 1 3 
10 11 
11 2 
3 14 6 18 
2 5 
5 16 
16 4 
4 
18 
7 9 
6 7 
15 
14 
1 
19 
17 
9 
# clone tree 48 objective: 1.22425
0 10 8 
8 4 12 
12 15 13 
13 14 3 
10 11 
11 2 
3 18 16 
2 5 
5 1 7 
16 6 
4 19 
18 
7 
6 9 
15 
14 
1 
19 17 
17 
9 
# clone tree 49 objective: 1.22435
0 10 8 
8 17 4 12 
12 15 13 
13 3 
10 11 
11 2 
3 14 6 18 
2 5 
5 16 
16 
4 19 
18 1 
7 9 
6 7 
15 
14 
1 
19 
17 
9 
