# clone tree 0 objective: 0.74025
0 15 3 12 
12 7 
7 8 11 
11 6 
8 16 10 
3 1 19 5 
6 17 14 
10 13 
16 4 
14 9 
4 2 
13 18 
9 
15 
17 
5 
2 
18 
19 
1 
# clone tree 1 objective: 0.743612
0 15 3 12 
12 7 
7 8 11 
11 6 
8 16 10 
3 1 5 
6 17 14 
10 13 
16 4 
14 9 
4 2 
13 18 
9 
15 19 
17 
5 
2 
18 
19 
1 
# clone tree 2 objective: 0.745425
0 15 3 12 
12 7 
7 8 11 
11 19 6 
8 16 10 
3 1 5 
6 17 14 
10 13 
16 4 
14 9 
4 2 
13 18 
9 
15 
17 
5 
2 
18 
19 
1 
# clone tree 3 objective: 0.746442
0 15 3 12 
12 7 
7 8 11 
11 6 
8 16 10 
3 1 19 5 
6 17 14 
10 18 13 
16 4 
14 9 
4 2 
13 
9 
15 
17 
5 
2 
18 
19 
1 
# clone tree 4 objective: 0.749804
0 15 3 12 
12 7 
7 8 11 
11 6 
8 16 10 
3 1 5 
6 17 14 
10 18 13 
16 4 
14 9 
4 2 
13 
9 
15 19 
17 
5 
2 
18 
19 
1 
# clone tree 5 objective: 0.74991
0 15 3 12 
12 7 
7 8 11 
11 6 
8 16 10 
3 19 2 5 
6 17 14 
10 13 
16 4 
14 9 
4 1 
13 18 
9 
15 
17 
5 
2 
18 
19 
1 
# clone tree 6 objective: 0.760026
0 15 3 12 
12 7 
7 1 8 11 
11 6 
8 16 10 
3 19 5 
6 17 14 
10 13 
16 4 
14 9 
4 2 
13 18 
9 
15 
17 
5 
2 
18 
19 
1 
# clone tree 7 objective: 0.762839
0 5 3 12 
12 7 
7 1 8 11 
11 6 
8 9 10 
3 16 
6 17 14 
10 13 
16 4 
14 15 
4 2 
13 18 
9 
15 19 
17 
5 
2 
18 
19 
1 
# clone tree 8 objective: 0.763388
0 15 3 12 
12 7 
7 1 8 11 
11 6 
8 16 10 
3 5 
6 17 14 
10 13 
16 4 
14 9 
4 2 
13 18 
9 
15 19 
17 
5 
2 
18 
19 
1 
# clone tree 9 objective: 0.763845
0 15 3 12 
12 7 
7 8 11 
11 6 
8 16 10 
3 1 19 2 5 
6 17 14 
10 13 
16 4 
14 9 
4 
13 18 
9 
15 
17 
5 
2 
18 
19 
1 
