# clone tree 0 objective: 0.737137
0 13 3 12 
12 7 
7 8 11 
11 6 
8 16 10 
3 1 15 
6 17 14 
10 18 5 
16 4 
14 9 
4 2 
13 
9 
15 19 
17 
5 
2 
18 
19 
1 
# clone tree 1 objective: 0.737431
0 13 3 12 
12 7 
7 8 11 
11 2 6 
8 9 10 
3 16 
6 17 14 
10 18 5 
16 4 
14 15 
4 1 
13 
9 
15 19 
17 
5 
2 
18 
19 
1 
# clone tree 2 objective: 0.73895
0 13 3 12 
12 7 
7 8 11 
11 19 6 
8 16 10 
3 1 15 
6 17 14 
10 18 5 
16 4 
14 9 
4 2 
13 
9 
15 
17 
5 
2 
18 
19 
1 
# clone tree 3 objective: 0.74025
0 15 3 12 
12 7 
7 8 11 
11 6 
8 16 10 
3 1 19 5 
6 17 14 
10 13 
16 4 
14 9 
4 2 
13 18 
9 
15 
17 
5 
2 
18 
19 
1 
# clone tree 4 objective: 0.740516
0 13 3 7 
12 2 8 11 
7 12 
11 6 
8 9 10 
3 16 
6 17 14 
10 18 5 
16 4 
14 15 
4 1 
13 
9 
15 19 
17 
5 
2 
18 
19 
1 
# clone tree 5 objective: 0.742097
0 13 3 12 
12 7 
7 8 11 
11 6 
8 16 10 
3 1 19 15 
6 17 14 
10 18 5 
16 4 
14 9 
4 2 
13 
9 
15 
17 
5 
2 
18 
19 
1 
# clone tree 6 objective: 0.74215
0 13 3 12 
12 7 
7 8 11 
11 6 
8 16 10 
3 1 19 5 
6 17 14 
10 9 
16 4 
14 15 
4 2 
13 18 
9 
15 
17 
5 
2 
18 
19 
1 
# clone tree 7 objective: 0.742329
0 13 3 7 
12 2 8 11 
7 12 
11 19 6 
8 9 10 
3 16 
6 17 14 
10 18 5 
16 4 
14 15 
4 1 
13 
9 
15 
17 
5 
2 
18 
19 
1 
# clone tree 8 objective: 0.743612
0 15 3 12 
12 7 
7 8 11 
11 6 
8 16 10 
3 1 5 
6 17 14 
10 13 
16 4 
14 9 
4 2 
13 18 
9 
15 19 
17 
5 
2 
18 
19 
1 
# clone tree 9 objective: 0.744414
0 13 3 12 
12 7 
7 8 11 
11 19 6 
8 9 10 
3 16 
6 17 14 
10 18 5 
16 4 
14 15 
4 1 
13 
9 
15 2 
17 
5 
2 
18 
19 
1 
# clone tree 10 objective: 0.744975
0 13 3 12 
12 7 
7 8 11 
11 6 
8 16 10 
3 1 19 5 
6 17 14 
10 18 15 
16 4 
14 9 
4 2 
13 
9 
15 
17 
5 
2 
18 
19 
1 
# clone tree 11 objective: 0.745248
0 13 3 12 
12 7 
7 8 11 
11 6 
8 16 10 
3 1 15 
6 17 14 
10 18 5 
16 4 
14 9 
4 2 
13 19 
9 
15 
17 
5 
2 
18 
19 
1 
# clone tree 12 objective: 0.745425
0 15 3 12 
12 7 
7 8 11 
11 19 6 
8 16 10 
3 1 5 
6 17 14 
10 13 
16 4 
14 9 
4 2 
13 18 
9 
15 
17 
5 
2 
18 
19 
1 
# clone tree 13 objective: 0.745512
0 13 3 12 
12 7 
7 8 11 
11 6 
8 16 10 
3 1 5 
6 17 14 
10 9 
16 4 
14 15 
4 2 
13 18 
9 
15 19 
17 
5 
2 
18 
19 
1 
# clone tree 14 objective: 0.745542
0 13 3 12 
12 7 
7 8 11 
11 2 6 
8 9 10 
3 16 
6 17 14 
10 18 5 
16 4 
14 15 
4 1 
13 19 
9 
15 
17 
5 
2 
18 
19 
1 
# clone tree 15 objective: 0.74583
0 13 3 12 
12 7 
7 1 8 11 
11 6 
8 9 10 
3 16 
6 17 14 
10 18 5 
16 4 
14 15 
4 2 
13 
9 
15 19 
17 
5 
2 
18 
19 
1 
# clone tree 16 objective: 0.746194
0 13 3 7 
12 8 11 
7 12 
11 2 6 
8 9 10 
3 16 
6 17 14 
10 18 5 
16 4 
14 15 
4 1 
13 
9 
15 19 
17 
5 
2 
18 
19 
1 
# clone tree 17 objective: 0.746442
0 15 3 12 
12 7 
7 8 11 
11 6 
8 16 10 
3 1 19 5 
6 17 14 
10 18 13 
16 4 
14 9 
4 2 
13 
9 
15 
17 
5 
2 
18 
19 
1 
# clone tree 18 objective: 0.747084
0 13 3 12 
12 7 
7 8 11 
11 6 
8 16 10 
3 1 15 
6 17 14 
10 18 5 
16 4 
14 9 
4 2 
13 
9 
15 
17 
5 19 
2 
18 
19 
1 
# clone tree 19 objective: 0.747325
0 13 3 12 
12 7 
7 8 11 
11 19 6 
8 16 10 
3 1 5 
6 17 14 
10 9 
16 4 
14 15 
4 2 
13 18 
9 
15 
17 
5 
2 
18 
19 
1 
# clone tree 20 objective: 0.747378
0 13 3 12 
12 7 
7 8 11 
11 2 6 
8 9 10 
3 16 
6 17 14 
10 18 5 
16 4 
14 15 
4 1 
13 
9 
15 
17 
5 19 
2 
18 
19 
1 
# clone tree 21 objective: 0.747643
0 13 3 12 
12 7 
7 1 8 11 
11 19 6 
8 9 10 
3 16 
6 17 14 
10 18 5 
16 4 
14 15 
4 2 
13 
9 
15 
17 
5 
2 
18 
19 
1 
# clone tree 22 objective: 0.748337
0 13 3 12 
12 7 
7 8 11 
11 6 
8 16 10 
3 1 5 
6 17 14 
10 18 15 
16 4 
14 9 
4 2 
13 
9 
15 19 
17 
5 
2 
18 
19 
1 
# clone tree 23 objective: 0.74845
0 15 3 12 
12 7 
7 8 11 
11 6 
8 13 16 
3 1 10 
6 17 14 
10 5 
16 4 
14 9 
4 2 
13 18 
9 
15 19 
17 
5 
2 
18 
19 
1 
# clone tree 24 objective: 0.748514
0 13 3 12 
12 7 
7 8 11 
11 2 6 
8 16 10 
3 15 
6 17 14 
10 18 5 
16 4 
14 9 
4 1 
13 
9 
15 19 
17 
5 
2 
18 
19 
1 
# clone tree 25 objective: 0.748514
0 13 3 12 
12 7 
7 8 11 
11 2 6 
8 16 10 
3 1 15 
6 17 14 
10 18 5 
16 4 
14 9 
4 
13 
9 
15 19 
17 
5 
2 
18 
19 
1 
# clone tree 26 objective: 0.748627
0 13 3 7 
12 2 8 11 
7 12 
11 6 
8 9 10 
3 16 
6 17 14 
10 18 5 
16 4 
14 15 
4 1 
13 19 
9 
15 
17 
5 
2 
18 
19 
1 
# clone tree 27 objective: 0.749804
0 15 3 12 
12 7 
7 8 11 
11 6 
8 16 10 
3 1 5 
6 17 14 
10 18 13 
16 4 
14 9 
4 2 
13 
9 
15 19 
17 
5 
2 
18 
19 
1 
# clone tree 28 objective: 0.74991
0 15 3 12 
12 7 
7 8 11 
11 6 
8 16 10 
3 19 2 5 
6 17 14 
10 13 
16 4 
14 9 
4 1 
13 18 
9 
15 
17 
5 
2 
18 
19 
1 
# clone tree 29 objective: 0.750263
0 15 3 12 
12 7 
7 8 11 
11 19 6 
8 13 16 
3 1 10 
6 17 14 
10 5 
16 4 
14 9 
4 2 
13 18 
9 
15 
17 
5 
2 
18 
19 
1 
# clone tree 30 objective: 0.753167
0 15 3 12 
12 7 
7 8 11 
11 18 6 
8 13 16 
3 1 10 
6 17 14 
10 5 
16 4 
14 9 
4 2 
13 
9 
15 19 
17 
5 
2 
18 
19 
1 
# clone tree 31 objective: 0.753449
0 13 3 12 
12 7 
7 8 11 
11 6 
8 9 10 
3 16 
6 17 14 
10 18 5 
16 4 
14 15 
4 1 2 
13 
9 
15 19 
17 
5 
2 
18 
19 
1 
# clone tree 32 objective: 0.753941
0 13 3 12 
12 7 
7 1 8 11 
11 6 
8 9 10 
3 16 
6 17 14 
10 18 5 
16 4 
14 15 
4 2 
13 19 
9 
15 
17 
5 
2 
18 
19 
1 
# clone tree 33 objective: 0.754898
0 13 3 12 
12 7 
7 8 11 
11 19 6 
8 9 10 
3 16 
6 17 14 
10 18 5 
16 4 
14 15 
4 2 
13 
9 
15 1 
17 
5 
2 
18 
19 
1 
# clone tree 34 objective: 0.755029
0 15 3 12 
12 7 
7 8 11 
11 6 
8 13 16 
3 1 10 
6 17 14 
10 18 5 
16 4 
14 9 
4 2 
13 
9 
15 19 
17 
5 
2 
18 
19 
1 
# clone tree 35 objective: 0.755167
0 5 3 12 
12 7 
7 8 11 
11 6 
8 13 16 
3 1 10 
6 17 14 
10 9 
16 4 
14 15 
4 2 
13 18 
9 
15 19 
17 
5 
2 
18 
19 
1 
# clone tree 36 objective: 0.755262
0 13 3 12 
12 7 
7 8 11 
11 19 6 
8 9 10 
3 16 
6 17 14 
10 18 5 
16 4 
14 15 
4 1 2 
13 
9 
15 
17 
5 
2 
18 
19 
1 
# clone tree 37 objective: 0.755777
0 13 3 12 
12 7 
7 1 8 11 
11 6 
8 9 10 
3 16 
6 17 14 
10 18 5 
16 4 
14 15 
4 2 
13 
9 
15 
17 
5 19 
2 
18 
19 
1 
# clone tree 38 objective: 0.756842
0 15 3 12 
12 7 
7 8 11 
11 19 6 
8 13 16 
3 1 10 
6 17 14 
10 18 5 
16 4 
14 9 
4 2 
13 
9 
15 
17 
5 
2 
18 
19 
1 
# clone tree 39 objective: 0.756913
0 13 3 12 
12 7 
7 1 8 11 
11 6 
8 16 10 
3 15 
6 17 14 
10 18 5 
16 4 
14 9 
4 2 
13 
9 
15 19 
17 
5 
2 
18 
19 
1 
# clone tree 40 objective: 0.75698
0 5 3 12 
12 7 
7 8 11 
11 19 6 
8 13 16 
3 1 10 
6 17 14 
10 9 
16 4 
14 15 
4 2 
13 18 
9 
15 
17 
5 
2 
18 
19 
1 
# clone tree 41 objective: 0.757207
0 13 3 12 
12 7 
7 1 8 11 
11 2 6 
8 9 10 
3 16 
6 17 14 
10 18 5 
16 4 
14 15 
4 
13 
9 
15 19 
17 
5 
2 
18 
19 
1 
# clone tree 42 objective: 0.757728
0 13 3 12 
12 7 
7 8 11 
11 1 6 
8 9 10 
3 16 
6 17 14 
10 18 5 
16 4 
14 15 
4 2 
13 
9 
15 19 
17 
5 
2 
18 
19 
1 
# clone tree 43 objective: 0.757844
0 13 3 12 
12 7 
7 8 11 
11 6 
8 9 16 
3 1 10 
6 17 14 
10 5 
16 4 
14 15 
4 2 
13 18 
9 
15 19 
17 
5 
2 
18 
19 
1 
# clone tree 44 objective: 0.758397
0 15 3 12 
12 7 
7 8 11 
11 6 
8 13 16 
3 1 10 
6 17 14 
10 5 
16 4 
14 9 
4 2 
13 18 
9 
15 
17 
5 19 
2 
18 
19 
1 
# clone tree 45 objective: 0.758726
0 13 3 12 
12 7 
7 1 8 11 
11 19 6 
8 16 10 
3 15 
6 17 14 
10 18 5 
16 4 
14 9 
4 2 
13 
9 
15 
17 
5 
2 
18 
19 
1 
# clone tree 46 objective: 0.759122
0 15 3 12 
12 7 
7 1 8 11 
11 6 
8 13 16 
3 10 
6 17 14 
10 5 
16 4 
14 9 
4 2 
13 18 
9 
15 19 
17 
5 
2 
18 
19 
1 
# clone tree 47 objective: 0.759218
0 13 3 12 
12 7 
7 1 8 11 
11 6 
8 9 10 
3 16 
6 17 14 
10 5 
16 4 
14 15 
4 2 
13 18 
9 
15 19 
17 
5 
2 
18 
19 
1 
# clone tree 48 objective: 0.760026
0 15 3 12 
12 7 
7 1 8 11 
11 6 
8 16 10 
3 19 5 
6 17 14 
10 13 
16 4 
14 9 
4 2 
13 18 
9 
15 
17 
5 
2 
18 
19 
1 
# clone tree 49 objective: 0.760935
0 15 3 12 
12 7 
7 1 8 11 
11 19 6 
8 13 16 
3 10 
6 17 14 
10 5 
16 4 
14 9 
4 2 
13 18 
9 
15 
17 
5 
2 
18 
19 
1 
