# clone tree 0 objective: 0.606134
0 14 18 19 11 10 
10 5 13 
13 6 4 
4 16 
16 12 
11 1 15 
5 8 
12 2 
6 3 17 
15 
8 7 
2 
19 9 
7 
9 
17 
1 
18 
14 
3 
# clone tree 1 objective: 0.607904
0 18 19 11 10 
10 14 5 13 
13 6 4 
4 16 
16 12 
11 1 15 
5 8 
12 2 
6 3 17 
15 
8 7 
2 
19 9 
7 
9 
17 
1 
18 
14 
3 
# clone tree 2 objective: 0.609047
0 14 18 19 11 10 
10 3 5 13 
13 6 4 
4 16 
16 12 
11 1 15 
5 8 
12 2 
6 17 
15 
8 7 
2 
19 9 
7 
9 
17 
1 
18 
14 
3 
# clone tree 3 objective: 0.60913
0 14 18 19 11 10 
10 5 13 
13 6 4 
4 16 
16 12 
11 1 15 
5 8 
12 2 
6 17 
15 
8 7 
2 
19 9 
7 3 
9 
17 
1 
18 
14 
3 
# clone tree 4 objective: 0.609776
0 14 18 19 11 10 
10 5 13 
13 6 4 
4 16 
16 12 
11 1 15 
5 8 
12 2 
6 17 
15 3 
8 7 
2 
19 9 
7 
9 
17 
1 
18 
14 
3 
# clone tree 5 objective: 0.610082
0 14 18 19 11 10 
10 5 13 
13 6 4 
4 16 
16 12 
11 1 15 
5 8 
12 2 
6 17 
15 
8 7 
2 3 
19 9 
7 
9 
17 
1 
18 
14 
3 
# clone tree 6 objective: 0.610817
0 18 19 11 10 
10 3 14 5 13 
13 6 4 
4 16 
16 12 
11 1 15 
5 8 
12 2 
6 17 
15 
8 7 
2 
19 9 
7 
9 
17 
1 
18 
14 
3 
# clone tree 7 objective: 0.6109
0 18 19 11 10 
10 14 5 13 
13 6 4 
4 16 
16 12 
11 1 15 
5 8 
12 2 
6 17 
15 
8 7 
2 
19 9 
7 3 
9 
17 
1 
18 
14 
3 
# clone tree 8 objective: 0.611546
0 18 19 11 10 
10 14 5 13 
13 6 4 
4 16 
16 12 
11 1 15 
5 8 
12 2 
6 17 
15 3 
8 7 
2 
19 9 
7 
9 
17 
1 
18 
14 
3 
# clone tree 9 objective: 0.611852
0 18 19 11 10 
10 14 5 13 
13 6 4 
4 16 
16 12 
11 1 15 
5 8 
12 2 
6 17 
15 
8 7 
2 3 
19 9 
7 
9 
17 
1 
18 
14 
3 
