# clone tree 0 objective: 1.42454
0 6 12 
12 15 7 
7 11 14 
14 2 
2 13 1 
6 10 
10 3 9 
1 4 5 
5 19 8 
9 16 
8 17 
11 18 
16 
17 
13 
3 
15 
18 
19 
4 
# clone tree 1 objective: 1.42618
0 6 12 
12 15 7 
7 11 14 
14 2 
2 3 1 
6 13 10 
10 9 
1 4 5 
5 19 8 
9 16 
8 17 
11 18 
16 
17 
13 
3 
15 
18 
19 
4 
# clone tree 2 objective: 1.4284
0 6 12 
12 15 7 
7 11 14 
14 2 
2 3 1 
6 13 10 
10 9 
1 4 5 
5 18 8 
9 19 16 
8 17 
11 
16 
17 
13 
3 
15 
18 
19 
4 
# clone tree 3 objective: 1.42865
0 6 12 
12 15 7 
7 11 14 
14 2 
2 13 1 
6 10 
10 3 9 
1 4 5 
5 18 8 
9 19 16 
8 17 
11 
16 
17 
13 
3 
15 
18 
19 
4 
# clone tree 4 objective: 1.42929
0 6 12 
12 15 7 
7 11 14 
14 2 
2 3 1 
6 13 10 
10 9 
1 4 5 
5 18 8 
9 16 
8 17 
11 19 
16 
17 
13 
3 
15 
18 
19 
4 
# clone tree 5 objective: 1.42954
0 6 12 
12 15 7 
7 11 14 
14 2 
2 13 1 
6 10 
10 3 9 
1 4 5 
5 18 8 
9 16 
8 17 
11 19 
16 
17 
13 
3 
15 
18 
19 
4 
# clone tree 6 objective: 1.4296
0 6 12 
12 15 7 
7 11 14 
14 2 
2 3 1 
6 10 
10 16 9 
1 4 5 
5 18 8 
9 13 
8 17 
11 19 
16 
17 
13 
3 
15 
18 
19 
4 
# clone tree 7 objective: 1.43118
0 6 12 
12 7 
7 11 14 
14 2 
2 3 1 
6 13 10 
10 9 
1 4 5 
5 18 8 
9 15 16 
8 17 
11 19 
16 
17 
13 
3 
15 
18 
19 
4 
# clone tree 8 objective: 1.43143
0 6 12 
12 7 
7 11 14 
14 2 
2 13 1 
6 10 
10 3 9 
1 4 5 
5 18 8 
9 15 16 
8 17 
11 19 
16 
17 
13 
3 
15 
18 
19 
4 
# clone tree 9 objective: 1.43176
0 6 12 
12 4 7 
7 11 14 
14 2 
2 3 1 
6 13 10 
10 9 
1 5 
5 18 8 
9 15 16 
8 17 
11 19 
16 
17 
13 
3 
15 
18 
19 
4 
