# clone tree 0 objective: 0.737137
0 13 3 12 
12 7 
7 8 11 
11 6 
8 16 10 
3 1 15 
6 17 14 
10 18 5 
16 4 
14 9 
4 2 
13 
9 
15 19 
17 
5 
2 
18 
19 
1 
# clone tree 1 objective: 0.737431
0 13 3 12 
12 7 
7 8 11 
11 2 6 
8 9 10 
3 16 
6 17 14 
10 18 5 
16 4 
14 15 
4 1 
13 
9 
15 19 
17 
5 
2 
18 
19 
1 
# clone tree 2 objective: 0.73895
0 13 3 12 
12 7 
7 8 11 
11 19 6 
8 16 10 
3 1 15 
6 17 14 
10 18 5 
16 4 
14 9 
4 2 
13 
9 
15 
17 
5 
2 
18 
19 
1 
# clone tree 3 objective: 0.74025
0 15 3 12 
12 7 
7 8 11 
11 6 
8 16 10 
3 1 19 5 
6 17 14 
10 13 
16 4 
14 9 
4 2 
13 18 
9 
15 
17 
5 
2 
18 
19 
1 
# clone tree 4 objective: 0.740516
0 13 3 7 
12 2 8 11 
7 12 
11 6 
8 9 10 
3 16 
6 17 14 
10 18 5 
16 4 
14 15 
4 1 
13 
9 
15 19 
17 
5 
2 
18 
19 
1 
# clone tree 5 objective: 0.742097
0 13 3 12 
12 7 
7 8 11 
11 6 
8 16 10 
3 1 19 15 
6 17 14 
10 18 5 
16 4 
14 9 
4 2 
13 
9 
15 
17 
5 
2 
18 
19 
1 
# clone tree 6 objective: 0.74215
0 13 3 12 
12 7 
7 8 11 
11 6 
8 16 10 
3 1 19 5 
6 17 14 
10 9 
16 4 
14 15 
4 2 
13 18 
9 
15 
17 
5 
2 
18 
19 
1 
# clone tree 7 objective: 0.742329
0 13 3 7 
12 2 8 11 
7 12 
11 19 6 
8 9 10 
3 16 
6 17 14 
10 18 5 
16 4 
14 15 
4 1 
13 
9 
15 
17 
5 
2 
18 
19 
1 
# clone tree 8 objective: 0.743612
0 15 3 12 
12 7 
7 8 11 
11 6 
8 16 10 
3 1 5 
6 17 14 
10 13 
16 4 
14 9 
4 2 
13 18 
9 
15 19 
17 
5 
2 
18 
19 
1 
# clone tree 9 objective: 0.744414
0 13 3 12 
12 7 
7 8 11 
11 19 6 
8 9 10 
3 16 
6 17 14 
10 18 5 
16 4 
14 15 
4 1 
13 
9 
15 2 
17 
5 
2 
18 
19 
1 
# clone tree 10 objective: 0.744975
0 13 3 12 
12 7 
7 8 11 
11 6 
8 16 10 
3 1 19 5 
6 17 14 
10 18 15 
16 4 
14 9 
4 2 
13 
9 
15 
17 
5 
2 
18 
19 
1 
# clone tree 11 objective: 0.745248
0 13 3 12 
12 7 
7 8 11 
11 6 
8 16 10 
3 1 15 
6 17 14 
10 18 5 
16 4 
14 9 
4 2 
13 19 
9 
15 
17 
5 
2 
18 
19 
1 
# clone tree 12 objective: 0.745425
0 15 3 12 
12 7 
7 8 11 
11 19 6 
8 16 10 
3 1 5 
6 17 14 
10 13 
16 4 
14 9 
4 2 
13 18 
9 
15 
17 
5 
2 
18 
19 
1 
# clone tree 13 objective: 0.745512
0 13 3 12 
12 7 
7 8 11 
11 6 
8 16 10 
3 1 5 
6 17 14 
10 9 
16 4 
14 15 
4 2 
13 18 
9 
15 19 
17 
5 
2 
18 
19 
1 
# clone tree 14 objective: 0.745542
0 13 3 12 
12 7 
7 8 11 
11 2 6 
8 9 10 
3 16 
6 17 14 
10 18 5 
16 4 
14 15 
4 1 
13 19 
9 
15 
17 
5 
2 
18 
19 
1 
# clone tree 15 objective: 0.74583
0 13 3 12 
12 7 
7 1 8 11 
11 6 
8 9 10 
3 16 
6 17 14 
10 18 5 
16 4 
14 15 
4 2 
13 
9 
15 19 
17 
5 
2 
18 
19 
1 
# clone tree 16 objective: 0.746194
0 13 3 7 
12 8 11 
7 12 
11 2 6 
8 9 10 
3 16 
6 17 14 
10 18 5 
16 4 
14 15 
4 1 
13 
9 
15 19 
17 
5 
2 
18 
19 
1 
# clone tree 17 objective: 0.746442
0 15 3 12 
12 7 
7 8 11 
11 6 
8 16 10 
3 1 19 5 
6 17 14 
10 18 13 
16 4 
14 9 
4 2 
13 
9 
15 
17 
5 
2 
18 
19 
1 
# clone tree 18 objective: 0.747084
0 13 3 12 
12 7 
7 8 11 
11 6 
8 16 10 
3 1 15 
6 17 14 
10 18 5 
16 4 
14 9 
4 2 
13 
9 
15 
17 
5 19 
2 
18 
19 
1 
# clone tree 19 objective: 0.747325
0 13 3 12 
12 7 
7 8 11 
11 19 6 
8 16 10 
3 1 5 
6 17 14 
10 9 
16 4 
14 15 
4 2 
13 18 
9 
15 
17 
5 
2 
18 
19 
1 
# clone tree 20 objective: 0.747378
0 13 3 12 
12 7 
7 8 11 
11 2 6 
8 9 10 
3 16 
6 17 14 
10 18 5 
16 4 
14 15 
4 1 
13 
9 
15 
17 
5 19 
2 
18 
19 
1 
# clone tree 21 objective: 0.747643
0 13 3 12 
12 7 
7 1 8 11 
11 19 6 
8 9 10 
3 16 
6 17 14 
10 18 5 
16 4 
14 15 
4 2 
13 
9 
15 
17 
5 
2 
18 
19 
1 
# clone tree 22 objective: 0.748337
0 13 3 12 
12 7 
7 8 11 
11 6 
8 16 10 
3 1 5 
6 17 14 
10 18 15 
16 4 
14 9 
4 2 
13 
9 
15 19 
17 
5 
2 
18 
19 
1 
# clone tree 23 objective: 0.74845
0 15 3 12 
12 7 
7 8 11 
11 6 
8 13 16 
3 1 10 
6 17 14 
10 5 
16 4 
14 9 
4 2 
13 18 
9 
15 19 
17 
5 
2 
18 
19 
1 
# clone tree 24 objective: 0.748514
0 13 3 12 
12 7 
7 8 11 
11 2 6 
8 16 10 
3 15 
6 17 14 
10 18 5 
16 4 
14 9 
4 1 
13 
9 
15 19 
17 
5 
2 
18 
19 
1 
# clone tree 25 objective: 0.748514
0 13 3 12 
12 7 
7 8 11 
11 2 6 
8 16 10 
3 1 15 
6 17 14 
10 18 5 
16 4 
14 9 
4 
13 
9 
15 19 
17 
5 
2 
18 
19 
1 
# clone tree 26 objective: 0.748627
0 13 3 7 
12 2 8 11 
7 12 
11 6 
8 9 10 
3 16 
6 17 14 
10 18 5 
16 4 
14 15 
4 1 
13 19 
9 
15 
17 
5 
2 
18 
19 
1 
# clone tree 27 objective: 0.749804
0 15 3 12 
12 7 
7 8 11 
11 6 
8 16 10 
3 1 5 
6 17 14 
10 18 13 
16 4 
14 9 
4 2 
13 
9 
15 19 
17 
5 
2 
18 
19 
1 
# clone tree 28 objective: 0.74991
0 15 3 12 
12 7 
7 8 11 
11 6 
8 16 10 
3 19 2 5 
6 17 14 
10 13 
16 4 
14 9 
4 1 
13 18 
9 
15 
17 
5 
2 
18 
19 
1 
# clone tree 29 objective: 0.75015
0 13 3 12 
12 7 
7 8 11 
11 19 6 
8 16 10 
3 1 5 
6 17 14 
10 18 15 
16 4 
14 9 
4 2 
13 
9 
15 
17 
5 
2 
18 
19 
1 
# clone tree 30 objective: 0.750263
0 15 3 12 
12 7 
7 8 11 
11 19 6 
8 13 16 
3 1 10 
6 17 14 
10 5 
16 4 
14 9 
4 2 
13 18 
9 
15 
17 
5 
2 
18 
19 
1 
# clone tree 31 objective: 0.750396
0 13 3 12 
12 7 
7 8 11 
11 6 
8 16 10 
3 1 19 5 
6 17 14 
10 18 9 
16 4 
14 15 
4 2 
13 
9 
15 
17 
5 
2 
18 
19 
1 
# clone tree 32 objective: 0.750463
0 13 3 7 
12 2 8 11 
7 12 
11 6 
8 9 10 
3 16 
6 17 14 
10 18 5 
16 4 
14 15 
4 1 
13 
9 
15 
17 
5 19 
2 
18 
19 
1 
# clone tree 33 objective: 0.750525
0 13 3 12 
12 7 
7 8 11 
11 6 
8 16 10 
3 1 15 
6 17 14 
10 5 
16 4 
14 9 
4 2 
13 18 
9 
15 19 
17 
5 
2 
18 
19 
1 
# clone tree 34 objective: 0.750598
0 13 3 12 
12 7 
7 8 11 
11 6 
8 16 10 
3 1 15 
6 17 14 
10 18 5 
16 4 
14 19 9 
4 2 
13 
9 
15 
17 
5 
2 
18 
19 
1 
# clone tree 35 objective: 0.750712
0 13 3 12 
12 7 
7 8 11 
11 6 
8 9 10 
3 16 
6 17 14 
10 18 5 
16 4 
14 15 
4 1 
13 19 
9 
15 2 
17 
5 
2 
18 
19 
1 
# clone tree 36 objective: 0.750723
0 15 3 12 
12 7 
7 8 11 
11 2 6 
8 13 16 
3 10 
6 17 14 
10 5 
16 4 
14 9 
4 1 
13 18 
9 
15 19 
17 
5 
2 
18 
19 
1 
# clone tree 37 objective: 0.750819
0 13 3 12 
12 7 
7 8 11 
11 2 6 
8 9 10 
3 16 
6 17 14 
10 5 
16 4 
14 15 
4 1 
13 18 
9 
15 19 
17 
5 
2 
18 
19 
1 
# clone tree 38 objective: 0.751075
0 15 3 12 
12 7 
7 8 11 
11 6 
8 13 16 
3 10 
6 17 14 
10 2 5 
16 4 
14 9 
4 1 
13 18 
9 
15 19 
17 
5 
2 
18 
19 
1 
# clone tree 39 objective: 0.751171
0 13 3 12 
12 7 
7 8 11 
11 6 
8 9 10 
3 16 
6 17 14 
10 2 5 
16 4 
14 15 
4 1 
13 18 
9 
15 19 
17 
5 
2 
18 
19 
1 
# clone tree 40 objective: 0.751617
0 15 3 12 
12 7 
7 8 11 
11 19 6 
8 16 10 
3 1 5 
6 17 14 
10 18 13 
16 4 
14 9 
4 2 
13 
9 
15 
17 
5 
2 
18 
19 
1 
# clone tree 41 objective: 0.751627
0 15 3 12 
12 7 
7 8 11 
11 2 6 
8 16 10 
3 1 19 5 
6 17 14 
10 13 
16 4 
14 9 
4 
13 18 
9 
15 
17 
5 
2 
18 
19 
1 
# clone tree 42 objective: 0.751627
0 15 3 12 
12 7 
7 8 11 
11 2 6 
8 16 10 
3 19 5 
6 17 14 
10 13 
16 4 
14 9 
4 1 
13 18 
9 
15 
17 
5 
2 
18 
19 
1 
# clone tree 43 objective: 0.75181
0 13 3 12 
12 7 
7 8 11 
11 6 
8 16 10 
3 19 2 5 
6 17 14 
10 9 
16 4 
14 15 
4 1 
13 18 
9 
15 
17 
5 
2 
18 
19 
1 
# clone tree 44 objective: 0.752338
0 13 3 12 
12 7 
7 8 11 
11 19 6 
8 16 10 
3 1 15 
6 17 14 
10 5 
16 4 
14 9 
4 2 
13 18 
9 
15 
17 
5 
2 
18 
19 
1 
# clone tree 45 objective: 0.752548
0 13 3 12 
12 7 
7 8 11 
11 6 
8 9 10 
3 16 
6 17 14 
10 18 5 
16 4 
14 15 
4 1 
13 
9 
15 2 
17 
5 19 
2 
18 
19 
1 
# clone tree 46 objective: 0.752573
0 13 3 12 
12 7 
7 8 11 
11 6 
8 16 10 
3 1 15 
6 17 14 
10 18 5 
16 4 
14 2 9 
4 
13 
9 
15 19 
17 
5 
2 
18 
19 
1 
# clone tree 47 objective: 0.752573
0 13 3 12 
12 7 
7 8 11 
11 6 
8 16 10 
3 15 
6 17 14 
10 18 5 
16 4 
14 2 9 
4 1 
13 
9 
15 19 
17 
5 
2 
18 
19 
1 
# clone tree 48 objective: 0.752834
0 13 3 12 
12 7 
7 8 11 
11 2 6 
8 16 10 
3 19 9 
6 17 14 
10 18 5 
16 4 
14 15 
4 1 
13 
9 
15 
17 
5 
2 
18 
19 
1 
# clone tree 49 objective: 0.752888
0 15 3 12 
12 7 
7 8 11 
11 19 6 
8 13 16 
3 10 
6 17 14 
10 2 5 
16 4 
14 9 
4 1 
13 18 
9 
15 
17 
5 
2 
18 
19 
1 
# clone tree 50 objective: 0.752984
0 13 3 12 
12 7 
7 8 11 
11 19 6 
8 9 10 
3 16 
6 17 14 
10 2 5 
16 4 
14 15 
4 1 
13 18 
9 
15 
17 
5 
2 
18 
19 
1 
# clone tree 51 objective: 0.753167
0 15 3 12 
12 7 
7 8 11 
11 18 6 
8 13 16 
3 1 10 
6 17 14 
10 5 
16 4 
14 9 
4 2 
13 
9 
15 19 
17 
5 
2 
18 
19 
1 
# clone tree 52 objective: 0.753177
0 13 3 7 
12 8 11 
7 12 
11 19 6 
8 9 10 
3 16 
6 17 14 
10 18 5 
16 4 
14 15 
4 1 
13 
9 
15 2 
17 
5 
2 
18 
19 
1 
# clone tree 53 objective: 0.753272
0 15 3 12 
12 7 
7 8 11 
11 6 
8 16 10 
3 2 5 
6 17 14 
10 13 
16 4 
14 9 
4 1 
13 18 
9 
15 19 
17 
5 
2 
18 
19 
1 
# clone tree 54 objective: 0.753449
0 13 3 12 
12 7 
7 8 11 
11 6 
8 9 10 
3 16 
6 17 14 
10 18 5 
16 4 
14 15 
4 1 2 
13 
9 
15 19 
17 
5 
2 
18 
19 
1 
# clone tree 55 objective: 0.753474
0 13 3 12 
12 7 
7 8 11 
11 2 6 
8 16 10 
3 1 19 15 
6 17 14 
10 18 5 
16 4 
14 9 
4 
13 
9 
15 
17 
5 
2 
18 
19 
1 
# clone tree 56 objective: 0.753474
0 13 3 12 
12 7 
7 8 11 
11 2 6 
8 16 10 
3 19 15 
6 17 14 
10 18 5 
16 4 
14 9 
4 1 
13 
9 
15 
17 
5 
2 
18 
19 
1 
# clone tree 57 objective: 0.75352
0 13 3 12 
12 7 
7 8 11 
11 6 
8 16 10 
3 1 19 5 
6 17 14 
10 15 
16 4 
14 9 
4 2 
13 18 
9 
15 
17 
5 
2 
18 
19 
1 
# clone tree 58 objective: 0.753527
0 13 3 12 
12 7 
7 8 11 
11 2 6 
8 16 10 
3 19 5 
6 17 14 
10 9 
16 4 
14 15 
4 1 
13 18 
9 
15 
17 
5 
2 
18 
19 
1 
# clone tree 59 objective: 0.753527
0 13 3 12 
12 7 
7 8 11 
11 2 6 
8 16 10 
3 1 19 5 
6 17 14 
10 9 
16 4 
14 15 
4 
13 18 
9 
15 
17 
5 
2 
18 
19 
1 
# clone tree 60 objective: 0.753559
0 15 3 12 
12 7 
7 8 11 
11 6 
8 16 10 
3 1 5 
6 17 14 
10 13 
16 4 
14 9 
4 2 
13 18 
9 
15 
17 
5 19 
2 
18 
19 
1 
# clone tree 61 objective: 0.753623
0 13 3 12 
12 7 
7 8 11 
11 6 
8 16 10 
3 1 5 
6 17 14 
10 19 9 
16 4 
14 15 
4 2 
13 18 
9 
15 
17 
5 
2 
18 
19 
1 
# clone tree 62 objective: 0.753758
0 13 3 12 
12 7 
7 8 11 
11 6 
8 16 10 
3 1 5 
6 17 14 
10 18 9 
16 4 
14 15 
4 2 
13 
9 
15 19 
17 
5 
2 
18 
19 
1 
# clone tree 63 objective: 0.753904
0 13 3 7 
12 2 8 11 
7 12 
11 6 
8 9 10 
3 16 
6 17 14 
10 5 
16 4 
14 15 
4 1 
13 18 
9 
15 19 
17 
5 
2 
18 
19 
1 
# clone tree 64 objective: 0.753941
0 13 3 12 
12 7 
7 1 8 11 
11 6 
8 9 10 
3 16 
6 17 14 
10 18 5 
16 4 
14 15 
4 2 
13 19 
9 
15 
17 
5 
2 
18 
19 
1 
# clone tree 65 objective: 0.754146
0 5 3 12 
12 7 
7 8 11 
11 6 
8 16 10 
3 1 15 
6 17 14 
10 13 
16 4 
14 9 
4 2 
13 18 
9 
15 19 
17 
5 
2 
18 
19 
1 
# clone tree 66 objective: 0.754305
0 13 3 7 
12 8 11 
7 12 
11 2 6 
8 9 10 
3 16 
6 17 14 
10 18 5 
16 4 
14 15 
4 1 
13 19 
9 
15 
17 
5 
2 
18 
19 
1 
# clone tree 67 objective: 0.754434
0 13 3 12 
12 7 
7 8 11 
11 6 
8 16 10 
3 1 9 
6 17 14 
10 18 5 
16 4 
14 15 
4 2 
13 
9 
15 19 
17 
5 
2 
18 
19 
1 
# clone tree 68 objective: 0.754898
0 13 3 12 
12 7 
7 8 11 
11 19 6 
8 9 10 
3 16 
6 17 14 
10 18 5 
16 4 
14 15 
4 2 
13 
9 
15 1 
17 
5 
2 
18 
19 
1 
# clone tree 69 objective: 0.755029
0 15 3 12 
12 7 
7 8 11 
11 6 
8 13 16 
3 1 10 
6 17 14 
10 18 5 
16 4 
14 9 
4 2 
13 
9 
15 19 
17 
5 
2 
18 
19 
1 
# clone tree 70 objective: 0.755167
0 5 3 12 
12 7 
7 8 11 
11 6 
8 13 16 
3 1 10 
6 17 14 
10 9 
16 4 
14 15 
4 2 
13 18 
9 
15 19 
17 
5 
2 
18 
19 
1 
# clone tree 71 objective: 0.755262
0 13 3 12 
12 7 
7 8 11 
11 19 6 
8 9 10 
3 16 
6 17 14 
10 18 5 
16 4 
14 15 
4 1 2 
13 
9 
15 
17 
5 
2 
18 
19 
1 
# clone tree 72 objective: 0.75527
0 13 3 12 
12 7 
7 8 11 
11 6 
8 16 10 
3 1 19 9 
6 17 14 
10 18 5 
16 4 
14 15 
4 2 
13 
9 
15 
17 
5 
2 
18 
19 
1 
# clone tree 73 objective: 0.755777
0 13 3 12 
12 7 
7 1 8 11 
11 6 
8 9 10 
3 16 
6 17 14 
10 18 5 
16 4 
14 15 
4 2 
13 
9 
15 
17 
5 19 
2 
18 
19 
1 
# clone tree 74 objective: 0.756247
0 13 3 12 
12 7 
7 8 11 
11 19 6 
8 16 10 
3 1 9 
6 17 14 
10 18 5 
16 4 
14 15 
4 2 
13 
9 
15 
17 
5 
2 
18 
19 
1 
# clone tree 75 objective: 0.756842
0 15 3 12 
12 7 
7 8 11 
11 19 6 
8 13 16 
3 1 10 
6 17 14 
10 18 5 
16 4 
14 9 
4 2 
13 
9 
15 
17 
5 
2 
18 
19 
1 
# clone tree 76 objective: 0.756913
0 13 3 12 
12 7 
7 1 8 11 
11 6 
8 16 10 
3 15 
6 17 14 
10 18 5 
16 4 
14 9 
4 2 
13 
9 
15 19 
17 
5 
2 
18 
19 
1 
# clone tree 77 objective: 0.75698
0 5 3 12 
12 7 
7 8 11 
11 19 6 
8 13 16 
3 1 10 
6 17 14 
10 9 
16 4 
14 15 
4 2 
13 18 
9 
15 
17 
5 
2 
18 
19 
1 
# clone tree 78 objective: 0.757207
0 15 3 12 
12 7 
7 8 11 
11 6 
8 16 10 
3 1 2 5 
6 17 14 
10 13 
16 4 
14 9 
4 
13 18 
9 
15 19 
17 
5 
2 
18 
19 
1 
# clone tree 79 objective: 0.757207
0 13 3 12 
12 7 
7 1 8 11 
11 2 6 
8 9 10 
3 16 
6 17 14 
10 18 5 
16 4 
14 15 
4 
13 
9 
15 19 
17 
5 
2 
18 
19 
1 
# clone tree 80 objective: 0.757728
0 13 3 12 
12 7 
7 8 11 
11 1 6 
8 9 10 
3 16 
6 17 14 
10 18 5 
16 4 
14 15 
4 2 
13 
9 
15 19 
17 
5 
2 
18 
19 
1 
# clone tree 81 objective: 0.757833
0 3 12 
12 7 
7 8 11 
11 6 
8 9 13 16 
3 1 10 
6 17 14 
10 18 5 
16 4 
14 15 
4 2 
13 
9 
15 19 
17 
5 
2 
18 
19 
1 
# clone tree 82 objective: 0.757844
0 13 3 12 
12 7 
7 8 11 
11 6 
8 9 16 
3 1 10 
6 17 14 
10 5 
16 4 
14 15 
4 2 
13 18 
9 
15 19 
17 
5 
2 
18 
19 
1 
# clone tree 83 objective: 0.758397
0 15 3 12 
12 7 
7 8 11 
11 6 
8 13 16 
3 1 10 
6 17 14 
10 5 
16 4 
14 9 
4 2 
13 18 
9 
15 
17 
5 19 
2 
18 
19 
1 
# clone tree 84 objective: 0.758726
0 13 3 12 
12 7 
7 1 8 11 
11 19 6 
8 16 10 
3 15 
6 17 14 
10 18 5 
16 4 
14 9 
4 2 
13 
9 
15 
17 
5 
2 
18 
19 
1 
# clone tree 85 objective: 0.759122
0 15 3 12 
12 7 
7 1 8 11 
11 6 
8 13 16 
3 10 
6 17 14 
10 5 
16 4 
14 9 
4 2 
13 18 
9 
15 19 
17 
5 
2 
18 
19 
1 
# clone tree 86 objective: 0.759218
0 13 3 12 
12 7 
7 1 8 11 
11 6 
8 9 10 
3 16 
6 17 14 
10 5 
16 4 
14 15 
4 2 
13 18 
9 
15 19 
17 
5 
2 
18 
19 
1 
# clone tree 87 objective: 0.759646
0 3 12 
12 7 
7 8 11 
11 19 6 
8 9 13 16 
3 1 10 
6 17 14 
10 18 5 
16 4 
14 15 
4 2 
13 
9 
15 
17 
5 
2 
18 
19 
1 
# clone tree 88 objective: 0.759657
0 13 3 12 
12 7 
7 8 11 
11 19 6 
8 9 16 
3 1 10 
6 17 14 
10 5 
16 4 
14 15 
4 2 
13 18 
9 
15 
17 
5 
2 
18 
19 
1 
# clone tree 89 objective: 0.759827
0 15 3 12 
12 7 
7 8 11 
11 2 6 
8 13 16 
3 1 10 
6 17 14 
10 5 
16 4 
14 9 
4 
13 18 
9 
15 19 
17 
5 
2 
18 
19 
1 
# clone tree 90 objective: 0.759884
0 5 3 12 
12 7 
7 8 11 
11 18 6 
8 13 16 
3 1 10 
6 17 14 
10 9 
16 4 
14 15 
4 2 
13 
9 
15 19 
17 
5 
2 
18 
19 
1 
# clone tree 91 objective: 0.760026
0 15 3 12 
12 7 
7 1 8 11 
11 6 
8 16 10 
3 19 5 
6 17 14 
10 13 
16 4 
14 9 
4 2 
13 18 
9 
15 
17 
5 
2 
18 
19 
1 
# clone tree 92 objective: 0.760179
0 15 3 12 
12 7 
7 8 11 
11 6 
8 13 16 
3 1 10 
6 17 14 
10 2 5 
16 4 
14 9 
4 
13 18 
9 
15 19 
17 
5 
2 
18 
19 
1 
# clone tree 93 objective: 0.760935
0 15 3 12 
12 7 
7 1 8 11 
11 19 6 
8 13 16 
3 10 
6 17 14 
10 5 
16 4 
14 9 
4 2 
13 18 
9 
15 
17 
5 
2 
18 
19 
1 
# clone tree 94 objective: 0.760938
0 1 13 3 12 
12 7 
7 8 11 
11 6 
8 9 10 
3 16 
6 17 14 
10 18 5 
16 4 
14 15 
4 2 
13 
9 
15 19 
17 
5 
2 
18 
19 
1 
# clone tree 95 objective: 0.761031
0 13 3 12 
12 7 
7 1 8 11 
11 19 6 
8 9 10 
3 16 
6 17 14 
10 5 
16 4 
14 15 
4 2 
13 18 
9 
15 
17 
5 
2 
18 
19 
1 
# clone tree 96 objective: 0.761196
0 13 3 12 
12 7 
7 8 11 
11 6 
8 9 10 
3 16 
6 17 14 
10 18 5 
16 4 
14 15 
4 2 
13 19 
9 
15 1 
17 
5 
2 
18 
19 
1 
# clone tree 97 objective: 0.761233
0 13 3 12 
12 7 
7 1 8 11 
11 6 
8 16 10 
3 19 9 
6 17 14 
10 18 5 
16 4 
14 15 
4 2 
13 
9 
15 
17 
5 
2 
18 
19 
1 
# clone tree 98 objective: 0.761278
0 15 3 12 
12 7 
7 8 11 
11 18 6 
8 13 16 
3 1 10 
6 17 14 
10 5 
16 4 
14 9 
4 2 
13 19 
9 
15 
17 
5 
2 
18 
19 
1 
# clone tree 99 objective: 0.761405
0 15 3 12 
12 7 
7 8 11 
11 1 6 
8 13 16 
3 10 
6 17 14 
10 5 
16 4 
14 9 
4 2 
13 18 
9 
15 19 
17 
5 
2 
18 
19 
1 
