# clone tree 0 objective: 1.44535
0 14 
14 15 
15 4 7 
7 1 12 
12 10 
10 3 9 2 
1 5 
5 16 
2 8 18 
9 6 11 
16 17 
11 19 
18 13 
17 
19 
13 
8 
4 
6 
3 
# clone tree 1 objective: 1.44911
0 4 14 
14 15 
15 7 
7 1 12 
12 10 
10 3 9 2 
1 5 
5 16 
2 8 18 
9 6 11 
16 17 
11 19 
18 13 
17 
19 
13 
8 
4 
6 
3 
# clone tree 2 objective: 1.45556
0 4 14 
14 15 
15 7 
7 16 9 12 
12 10 
10 3 1 
1 5 
5 2 
2 8 18 
9 6 11 
16 17 
11 19 
18 13 
17 
19 
13 
8 
4 
6 
3 
# clone tree 3 objective: 1.45642
0 14 
14 15 
15 4 7 
7 16 9 12 
12 10 
10 6 1 
1 5 
5 2 
2 8 18 
9 3 11 
16 17 
11 19 
18 13 
17 
19 
13 
8 
4 
6 
3 
# clone tree 4 objective: 1.45982
0 14 
14 15 
15 4 7 
7 1 12 
12 10 
10 3 9 2 
1 5 
5 19 16 
2 8 18 
9 6 11 
16 17 
11 
18 13 
17 
19 
13 
8 
4 
6 
3 
# clone tree 5 objective: 1.46018
0 4 14 
14 15 
15 7 
7 16 9 12 
12 10 
10 6 1 
1 5 
5 2 
2 8 18 
9 3 11 
16 17 
11 19 
18 13 
17 
19 
13 
8 
4 
6 
3 
# clone tree 6 objective: 1.46212
0 14 
14 15 
15 4 7 
7 1 12 
12 10 
10 3 9 2 
1 5 
5 16 
2 8 18 
9 6 11 
16 17 
11 13 
18 19 
17 
19 
13 
8 
4 
6 
3 
# clone tree 7 objective: 1.46359
0 4 14 
14 15 
15 7 
7 1 12 
12 10 
10 3 9 2 
1 5 
5 19 16 
2 8 18 
9 6 11 
16 17 
11 
18 13 
17 
19 
13 
8 
4 
6 
3 
# clone tree 8 objective: 1.46396
0 14 
14 15 
15 4 7 
7 16 9 12 
12 10 
10 6 1 
1 5 
5 2 
2 8 18 
9 11 
16 17 
11 19 
18 13 
17 
19 3 
13 
8 
4 
6 
3 
# clone tree 9 objective: 1.46529
0 14 
14 15 
15 4 7 
7 1 12 
12 10 
10 3 9 2 
1 5 
5 13 16 
2 8 18 
9 6 11 
16 17 
11 19 
18 
17 
19 
13 
8 
4 
6 
3 
# clone tree 10 objective: 1.46588
0 4 14 
14 15 
15 7 
7 1 12 
12 10 
10 3 9 2 
1 5 
5 16 
2 8 18 
9 6 11 
16 17 
11 13 
18 19 
17 
19 
13 
8 
4 
6 
3 
# clone tree 11 objective: 1.466
0 13 14 
14 15 
15 7 
7 1 12 
12 10 
10 3 9 2 
1 5 
5 16 
2 8 18 
9 6 11 
16 17 
11 19 
18 4 
17 
19 
13 
8 
4 
6 
3 
# clone tree 12 objective: 1.46772
0 4 14 
14 15 
15 7 
7 16 9 12 
12 10 
10 6 1 
1 5 
5 2 
2 8 18 
9 11 
16 17 
11 19 
18 13 
17 
19 3 
13 
8 
4 
6 
3 
# clone tree 13 objective: 1.46773
0 14 
14 15 
15 4 7 
7 3 16 9 12 
12 10 
10 6 1 
1 5 
5 2 
2 8 18 
9 11 
16 17 
11 19 
18 13 
17 
19 
13 
8 
4 
6 
3 
# clone tree 14 objective: 1.46776
0 14 
14 15 
15 4 7 
7 1 12 
12 10 
10 3 9 2 
1 5 
5 19 16 
2 8 18 
9 6 11 
16 17 
11 13 
18 
17 
19 
13 
8 
4 
6 
3 
# clone tree 15 objective: 1.46905
0 4 14 
14 15 
15 7 
7 1 12 
12 10 
10 3 9 2 
1 5 
5 13 16 
2 8 18 
9 6 11 
16 17 
11 19 
18 
17 
19 
13 
8 
4 
6 
3 
# clone tree 16 objective: 1.4695
0 13 14 
14 15 
15 4 7 
7 1 12 
12 10 
10 3 9 2 
1 5 
5 16 
2 8 18 
9 6 11 
16 17 
11 19 
18 
17 
19 
13 
8 
4 
6 
3 
# clone tree 17 objective: 1.46987
0 14 
14 15 
15 4 7 
7 1 12 
12 10 
10 3 9 2 
1 5 
5 16 
2 8 18 
9 19 11 
16 17 
11 6 
18 13 
17 
19 
13 
8 
4 
6 
3 
# clone tree 18 objective: 1.47021
0 14 
14 15 
15 7 
7 1 12 
12 10 
10 3 9 2 
1 5 
5 16 
2 8 18 
9 6 11 
16 17 
11 19 
18 13 
17 
19 4 
13 
8 
4 
6 
3 
# clone tree 19 objective: 1.47106
0 14 
14 15 
15 4 7 
7 1 12 
12 10 
10 3 9 2 
1 5 
5 19 16 
2 8 18 
9 11 
16 17 
11 6 
18 13 
17 
19 
13 
8 
4 
6 
3 
# clone tree 20 objective: 1.47149
0 4 14 
14 15 
15 7 
7 3 16 9 12 
12 10 
10 6 1 
1 5 
5 2 
2 8 18 
9 11 
16 17 
11 19 
18 13 
17 
19 
13 
8 
4 
6 
3 
# clone tree 21 objective: 1.47152
0 4 14 
14 15 
15 7 
7 1 12 
12 10 
10 3 9 2 
1 5 
5 19 16 
2 8 18 
9 6 11 
16 17 
11 13 
18 
17 
19 
13 
8 
4 
6 
3 
# clone tree 22 objective: 1.47229
0 14 
14 15 
15 7 
7 1 12 
12 10 
10 3 9 2 
1 5 
5 19 16 
2 8 18 
9 6 11 
16 17 
11 4 
18 13 
17 
19 
13 
8 
4 
6 
3 
# clone tree 23 objective: 1.47229
0 13 14 
14 15 
15 7 
7 1 12 
12 10 
10 3 9 2 
1 5 
5 16 
2 8 18 
9 6 11 
16 17 
11 4 
18 19 
17 
19 
13 
8 
4 
6 
3 
# clone tree 24 objective: 1.47364
0 4 14 
14 15 
15 7 
7 1 12 
12 10 
10 3 9 2 
1 5 
5 16 
2 8 18 
9 19 11 
16 17 
11 6 
18 13 
17 
19 
13 
8 
4 
6 
3 
# clone tree 25 objective: 1.47412
0 14 
14 15 
15 4 7 
7 1 12 
12 10 
10 3 9 2 
1 5 
5 13 16 
2 8 18 
9 6 11 
16 17 
11 
18 19 
17 
19 
13 
8 
4 
6 
3 
# clone tree 26 objective: 1.47483
0 4 14 
14 15 
15 7 
7 1 12 
12 10 
10 3 9 2 
1 5 
5 19 16 
2 8 18 
9 11 
16 17 
11 6 
18 13 
17 
19 
13 
8 
4 
6 
3 
# clone tree 27 objective: 1.47545
0 14 
14 15 
15 4 7 
7 19 16 9 12 
12 10 
10 6 1 
1 5 
5 2 
2 8 18 
9 3 11 
16 17 
11 
18 13 
17 
19 
13 
8 
4 
6 
3 
# clone tree 28 objective: 1.47585
0 13 14 
14 15 
15 7 
7 1 12 
12 10 
10 3 9 2 
1 5 
5 16 
2 8 18 
9 6 11 
16 17 
11 19 
18 
17 
19 4 
13 
8 
4 
6 
3 
# clone tree 29 objective: 1.47707
0 13 14 
14 15 
15 7 
7 16 9 12 
12 10 
10 6 1 
1 5 
5 2 
2 8 18 
9 3 11 
16 17 
11 19 
18 4 
17 
19 
13 
8 
4 
6 
3 
# clone tree 30 objective: 1.47744
0 13 14 
14 15 
15 4 7 
7 16 9 12 
12 10 
10 6 1 
1 5 
5 2 
2 8 18 
9 3 11 
16 17 
11 19 
18 
17 
19 
13 
8 
4 
6 
3 
# clone tree 31 objective: 1.47788
0 4 14 
14 15 
15 7 
7 1 12 
12 10 
10 3 9 2 
1 5 
5 13 16 
2 8 18 
9 6 11 
16 17 
11 
18 19 
17 
19 
13 
8 
4 
6 
3 
# clone tree 32 objective: 1.47793
0 13 14 
14 15 
15 7 
7 1 12 
12 10 
10 3 9 2 
1 5 
5 19 16 
2 8 18 
9 6 11 
16 17 
11 4 
18 
17 
19 
13 
8 
4 
6 
3 
# clone tree 33 objective: 1.47833
0 13 14 
14 15 
15 4 7 
7 1 12 
12 10 
10 3 9 2 
1 5 
5 16 
2 8 18 
9 6 11 
16 17 
11 
18 19 
17 
19 
13 
8 
4 
6 
3 
# clone tree 34 objective: 1.47982
0 14 
14 15 
15 4 7 
7 16 9 12 
12 10 
10 6 1 
1 5 
5 2 
2 8 18 
9 11 
16 17 
11 19 
18 13 
17 
19 
13 
8 3 
4 
6 
3 
# clone tree 35 objective: 1.48071
0 14 
14 15 
15 4 7 
7 16 9 12 
12 10 
10 6 1 
1 5 
5 2 
2 8 18 
9 11 
16 17 
11 19 
18 13 
17 
19 
13 
8 
4 
6 3 
3 
# clone tree 36 objective: 1.4808
0 14 
14 15 
15 4 7 
7 1 12 
12 10 
10 6 9 2 
1 5 
5 16 
2 8 18 
9 3 11 
16 17 
11 19 
18 13 
17 
19 
13 
8 
4 
6 
3 
# clone tree 37 objective: 1.48101
0 4 14 
14 15 
15 7 
7 16 9 12 
12 10 
10 6 1 
1 5 
5 2 
2 8 18 
9 19 11 
16 17 
11 
18 13 
17 
19 3 
13 
8 
4 
6 
3 
# clone tree 38 objective: 1.483
0 14 
14 15 
15 4 7 
7 19 16 9 12 
12 10 
10 6 1 
1 5 
5 2 
2 8 18 
9 11 
16 17 
11 
18 13 
17 
19 3 
13 
8 
4 
6 
3 
# clone tree 39 objective: 1.48358
0 4 14 
14 15 
15 7 
7 16 9 12 
12 10 
10 6 1 
1 5 
5 2 
2 8 18 
9 11 
16 17 
11 19 
18 13 
17 
19 
13 
8 3 
4 
6 
3 
# clone tree 40 objective: 1.48414
0 14 
14 15 
15 4 7 
7 16 9 12 
12 10 
10 3 6 1 
1 5 
5 2 
2 8 18 
9 11 
16 17 
11 19 
18 13 
17 
19 
13 
8 
4 
6 
3 
# clone tree 41 objective: 1.48447
0 4 14 
14 15 
15 7 
7 16 9 12 
12 10 
10 6 1 
1 5 
5 2 
2 8 18 
9 11 
16 17 
11 19 
18 13 
17 
19 
13 
8 
4 
6 3 
3 
# clone tree 42 objective: 1.48456
0 4 14 
14 15 
15 7 
7 1 12 
12 10 
10 6 9 2 
1 5 
5 16 
2 8 18 
9 3 11 
16 17 
11 19 
18 13 
17 
19 
13 
8 
4 
6 
3 
# clone tree 43 objective: 1.48461
0 13 14 
14 15 
15 7 
7 16 9 12 
12 10 
10 6 1 
1 5 
5 2 
2 8 18 
9 11 
16 17 
11 19 
18 4 
17 
19 3 
13 
8 
4 
6 
3 
# clone tree 44 objective: 1.48478
0 4 14 
14 15 
15 7 
7 3 16 9 12 
12 10 
10 6 1 
1 5 
5 2 
2 8 18 
9 19 11 
16 17 
11 
18 13 
17 
19 
13 
8 
4 
6 
3 
# clone tree 45 objective: 1.48498
0 13 14 
14 15 
15 4 7 
7 16 9 12 
12 10 
10 6 1 
1 5 
5 2 
2 8 18 
9 11 
16 17 
11 19 
18 
17 
19 3 
13 
8 
4 
6 
3 
# clone tree 46 objective: 1.48701
0 14 
14 15 
15 4 7 
7 1 12 
12 10 
10 3 9 2 
1 5 
5 16 
2 8 18 
9 11 
16 17 
11 19 
18 13 
17 
19 
13 
8 
4 
6 
3 6 
# clone tree 47 objective: 1.48701
0 14 
14 15 
15 4 7 
7 16 9 12 
12 10 
10 6 1 
1 3 5 
5 2 
2 8 18 
9 11 
16 17 
11 19 
18 13 
17 
19 
13 
8 
4 
6 
3 
# clone tree 48 objective: 1.4879
0 4 14 
14 15 
15 7 
7 16 9 12 
12 10 
10 3 6 1 
1 5 
5 2 
2 8 18 
9 11 
16 17 
11 19 
18 13 
17 
19 
13 
8 
4 
6 
3 
# clone tree 49 objective: 1.48834
0 14 
14 15 
15 4 7 
7 1 12 
12 10 
10 6 9 2 
1 5 
5 16 
2 8 18 
9 11 
16 17 
11 19 
18 13 
17 
19 3 
13 
8 
4 
6 
3 
