# clone tree 0 objective: 1.23218
0 8 
8 7 
7 5 3 
3 6 
4 10 
6 4 
10 17 11 
11 12 19 2 15 
5 16 13 
15 14 
13 18 
2 1 
19 
14 
18 9 
16 
1 
17 
9 
12 
# clone tree 1 objective: 1.23796
0 8 
8 7 
7 5 3 
3 6 
4 10 
6 4 
10 11 
11 12 19 2 15 
5 16 13 
15 14 
13 18 
2 1 
19 17 
14 
18 9 
16 
1 
17 
9 
12 
# clone tree 2 objective: 1.23856
0 8 
8 7 
7 5 3 
3 6 
4 10 
6 4 
10 11 
11 12 19 2 15 
5 16 13 
15 1 14 
13 18 
2 17 
19 
14 
18 9 
16 
1 
17 
9 
12 
# clone tree 3 objective: 1.23924
0 8 
8 7 
7 5 3 
3 6 
4 10 
6 4 
10 17 11 
11 12 19 2 15 
5 16 13 
15 9 14 
13 18 
2 1 
19 
14 
18 
16 
1 
17 
9 
12 
# clone tree 4 objective: 1.24191
0 8 
8 7 
7 5 3 
3 6 
4 10 
6 4 
10 17 11 
11 19 2 15 
5 16 13 
15 14 
13 18 
2 1 
19 
14 
18 9 
16 
1 12 
17 
9 
12 
# clone tree 5 objective: 1.24229
0 8 
8 7 
7 5 3 
3 6 
4 10 
6 4 
10 11 
11 12 19 2 15 
5 16 13 
15 14 
13 18 
2 17 
19 
14 1 
18 9 
16 
1 
17 
9 
12 
# clone tree 6 objective: 1.24238
0 1 8 
8 7 
7 5 3 
3 6 
4 10 
6 4 
10 11 
11 12 19 2 15 
5 16 13 
15 14 
13 18 
2 17 
19 
14 
18 9 
16 
1 
17 
9 
12 
# clone tree 7 objective: 1.24453
0 8 
8 7 
7 5 3 
3 12 6 
4 10 
6 4 
10 17 11 
11 19 2 15 
5 16 13 
15 14 
13 18 
2 1 
19 
14 
18 9 
16 
1 
17 
9 
12 
# clone tree 8 objective: 1.24503
0 8 
8 7 
7 5 3 
3 6 
4 10 
6 4 
10 11 
11 12 19 2 15 
5 16 13 
15 9 14 
13 18 
2 1 
19 17 
14 
18 
16 
1 
17 
9 
12 
# clone tree 9 objective: 1.24727
0 8 
8 7 
7 5 3 
3 6 
4 10 
6 4 
10 11 
11 19 2 15 
5 16 13 
15 1 14 
13 18 
2 12 17 
19 
14 
18 9 
16 
1 
17 
9 
12 
