# clone tree 0 objective: 1.7529
0 15 
15 5 13 
13 4 
4 8 7 
7 3 1 
14 9 
1 14 
9 6 
6 17 18 2 
3 12 
12 10 
2 16 
10 19 11 
16 
5 
18 
8 
11 
17 
19 
# clone tree 1 objective: 1.7529
0 15 
15 5 13 
13 4 
4 8 7 
7 3 1 
14 9 
1 14 
9 6 
6 17 18 2 
3 12 
12 10 
2 16 
10 11 
16 19 
5 
18 
8 
11 
17 
19 
# clone tree 2 objective: 1.75397
0 15 
15 5 13 
13 4 
4 7 
7 3 1 
14 9 
1 14 
9 6 
6 17 18 2 
3 12 
12 10 
2 16 
10 19 11 
16 8 
5 
18 
8 
11 
17 
19 
# clone tree 3 objective: 1.75635
0 15 
15 5 13 
13 4 
4 8 7 
7 3 1 
14 9 
1 14 
9 6 
6 17 18 2 
3 10 
12 16 
2 12 
10 11 
16 19 
5 
18 
8 
11 
17 
19 
# clone tree 4 objective: 1.75635
0 15 
15 5 13 
13 4 
4 8 7 
7 3 1 
14 9 
1 14 
9 6 
6 17 18 2 
3 10 
12 16 
2 12 
10 19 11 
16 
5 
18 
8 
11 
17 
19 
# clone tree 5 objective: 1.75741
0 15 
15 5 13 
13 4 
4 7 
7 3 1 
14 9 
1 14 
9 6 
6 17 18 2 
3 10 
12 16 
2 12 
10 19 11 
16 8 
5 
18 
8 
11 
17 
19 
# clone tree 6 objective: 1.75934
0 15 
15 5 13 
13 4 
4 8 7 
7 3 1 
14 9 
1 14 
9 6 
6 18 2 
3 10 
12 16 
2 12 
10 17 11 
16 19 
5 
18 
8 
11 
17 
19 
# clone tree 7 objective: 1.7594
0 13 
15 5 4 
13 15 
4 8 7 
7 3 1 
14 9 
1 14 
9 6 
6 17 18 2 
3 12 
12 10 
2 16 
10 19 11 
16 
5 
18 
8 
11 
17 
19 
# clone tree 8 objective: 1.7594
0 13 
15 5 4 
13 15 
4 8 7 
7 3 1 
14 9 
1 14 
9 6 
6 17 18 2 
3 12 
12 10 
2 16 
10 11 
16 19 
5 
18 
8 
11 
17 
19 
# clone tree 9 objective: 1.76047
0 13 
15 5 4 
13 15 
4 7 
7 3 1 
14 9 
1 14 
9 6 
6 17 18 2 
3 12 
12 10 
2 16 
10 19 11 
16 8 
5 
18 
8 
11 
17 
19 
# clone tree 10 objective: 1.76175
0 15 
15 5 13 
13 4 
4 7 
7 3 1 
14 9 
1 14 
9 6 
6 17 18 2 
3 10 
12 16 
2 12 
10 11 
16 19 8 
5 
18 
8 
11 
17 
19 
# clone tree 11 objective: 1.76219
0 15 
15 5 13 
13 4 
4 8 7 
7 3 1 
14 9 
1 14 
9 6 
6 18 2 
3 10 
12 16 
2 12 
10 17 
16 19 11 
5 
18 
8 
11 
17 
19 
# clone tree 12 objective: 1.76235
0 15 
15 5 13 
13 4 
4 8 7 
7 3 1 
14 9 
1 14 
9 6 
6 17 18 2 
3 10 
12 19 11 
2 16 
10 12 
16 
5 
18 
8 
11 
17 
19 
# clone tree 13 objective: 1.76245
0 15 
15 5 13 
13 4 
4 8 7 
7 3 1 
14 9 
1 14 
9 6 
6 17 18 2 
3 10 
12 11 
2 16 
10 12 
16 19 
5 
18 
8 
11 
17 
19 
# clone tree 14 objective: 1.76285
0 13 
15 5 4 
13 15 
4 8 7 
7 3 1 
14 9 
1 14 
9 6 
6 17 18 2 
3 10 
12 16 
2 12 
10 11 
16 19 
5 
18 
8 
11 
17 
19 
# clone tree 15 objective: 1.76285
0 13 
15 5 4 
13 15 
4 8 7 
7 3 1 
14 9 
1 14 
9 6 
6 17 18 2 
3 10 
12 16 
2 12 
10 19 11 
16 
5 
18 
8 
11 
17 
19 
# clone tree 16 objective: 1.76342
0 15 
15 5 13 
13 4 
4 7 
7 3 1 
14 9 
1 14 
9 6 
6 17 18 2 
3 10 
12 19 11 
2 16 
10 12 
16 8 
5 
18 
8 
11 
17 
19 
# clone tree 17 objective: 1.76343
0 15 
15 5 13 
13 4 
4 8 7 
7 3 1 
14 9 
1 14 
9 6 
6 18 2 
3 12 
12 10 
2 16 
10 17 11 
16 19 
5 
18 
8 
11 
17 
19 
# clone tree 18 objective: 1.76391
0 13 
15 5 4 
13 15 
4 7 
7 3 1 
14 9 
1 14 
9 6 
6 17 18 2 
3 10 
12 16 
2 12 
10 19 11 
16 8 
5 
18 
8 
11 
17 
19 
# clone tree 19 objective: 1.76473
0 15 
15 5 13 
13 4 
4 7 
7 3 1 
14 9 
1 14 
9 6 
6 18 2 
3 10 
12 16 
2 12 
10 17 11 
16 19 8 
5 
18 
8 
11 
17 
19 
# clone tree 20 objective: 1.76519
0 15 
15 5 13 
13 4 
4 8 7 
7 3 1 
14 9 
1 14 
9 17 6 
6 18 2 
3 10 
12 16 
2 12 
10 19 11 
16 
5 
18 
8 
11 
17 
19 
# clone tree 21 objective: 1.76519
0 15 
15 5 13 
13 4 
4 8 7 
7 3 1 
14 9 
1 14 
9 17 6 
6 18 2 
3 10 
12 16 
2 12 
10 11 
16 19 
5 
18 
8 
11 
17 
19 
# clone tree 22 objective: 1.76523
0 15 
15 5 13 
13 4 
4 18 7 
7 3 1 
14 9 
1 14 
9 6 
6 2 12 
3 10 
12 16 
2 11 
10 17 
16 19 8 
5 
18 
8 
11 
17 
19 
# clone tree 23 objective: 1.7653
0 15 
15 5 13 
13 4 
4 8 7 
7 3 1 
14 9 
1 14 
9 16 6 
6 18 2 
3 12 
12 10 
2 11 
10 17 
16 19 
5 
18 
8 
11 
17 
19 
# clone tree 24 objective: 1.76584
0 13 
15 5 4 
13 15 
4 8 7 
7 3 1 
14 9 
1 14 
9 6 
6 18 2 
3 10 
12 16 
2 12 
10 17 11 
16 19 
5 
18 
8 
11 
17 
19 
# clone tree 25 objective: 1.76584
0 15 
15 5 13 
13 4 
4 7 
7 3 1 
14 9 
1 14 
9 6 
6 17 18 2 
3 12 
12 10 
2 16 
10 11 
16 19 8 
5 
18 
8 
11 
17 
19 
# clone tree 26 objective: 1.76625
0 15 
15 5 13 
13 4 
4 7 
7 3 1 
14 9 
1 14 
9 17 6 
6 18 2 
3 10 
12 16 
2 12 
10 19 11 
16 8 
5 
18 
8 
11 
17 
19 
# clone tree 27 objective: 1.76628
0 15 
15 5 13 
13 4 
4 8 7 
7 3 1 
14 9 
1 14 
9 6 
6 18 2 
3 12 
12 10 
2 16 
10 17 
16 19 11 
5 
18 
8 
11 
17 
19 
# clone tree 28 objective: 1.7668
0 15 
15 5 13 
13 4 
4 7 
7 3 1 
14 9 
1 14 
9 8 6 
6 17 18 2 
3 12 
12 10 
2 16 
10 11 
16 19 
5 
18 
8 
11 
17 
19 
# clone tree 29 objective: 1.7668
0 15 
15 5 13 
13 4 
4 7 
7 3 1 
14 9 
1 14 
9 8 6 
6 17 18 2 
3 12 
12 10 
2 16 
10 19 11 
16 
5 
18 
8 
11 
17 
19 
# clone tree 30 objective: 1.76784
0 15 
15 5 13 
13 4 
4 8 7 
7 3 1 
14 9 
1 14 
9 6 
6 18 2 12 
3 10 
12 16 
2 11 
10 17 
16 19 
5 
18 
8 
11 
17 
19 
# clone tree 31 objective: 1.76786
0 15 
15 5 13 
13 4 
4 8 7 
7 3 1 
14 9 
1 14 
9 6 
6 17 18 2 
3 10 
12 16 
2 11 
10 12 
16 19 
5 
18 
8 
11 
17 
19 
# clone tree 32 objective: 1.76825
0 13 
15 5 4 
13 15 
4 7 
7 3 1 
14 9 
1 14 
9 6 
6 17 18 2 
3 10 
12 16 
2 12 
10 11 
16 19 8 
5 
18 
8 
11 
17 
19 
# clone tree 33 objective: 1.76868
0 13 
15 5 4 
13 15 
4 8 7 
7 3 1 
14 9 
1 14 
9 6 
6 18 2 
3 10 
12 16 
2 12 
10 17 
16 19 11 
5 
18 
8 
11 
17 
19 
# clone tree 34 objective: 1.76883
0 15 
15 5 13 
13 4 
4 7 
7 3 1 
14 9 
1 14 
9 6 
6 18 2 
3 12 
12 10 
2 16 
10 17 11 
16 19 8 
5 
18 
8 
11 
17 
19 
# clone tree 35 objective: 1.76928
0 15 
15 5 13 
13 4 
4 8 7 
7 3 1 
14 9 
1 14 
9 17 6 
6 18 2 
3 12 
12 10 
2 16 
10 11 
16 19 
5 
18 
8 
11 
17 
19 
# clone tree 36 objective: 1.76928
0 15 
15 5 13 
13 4 
4 8 7 
7 3 1 
14 9 
1 14 
9 17 6 
6 18 2 
3 12 
12 10 
2 16 
10 19 11 
16 
5 
18 
8 
11 
17 
19 
# clone tree 37 objective: 1.76993
0 13 
15 5 4 
13 15 
4 8 7 
7 3 1 
14 9 
1 14 
9 6 
6 18 2 
3 12 
12 10 
2 16 
10 17 11 
16 19 
5 
18 
8 
11 
17 
19 
# clone tree 38 objective: 1.77018
0 15 
15 5 13 
13 4 
4 8 7 
7 3 1 
14 9 
1 14 
9 6 
6 17 18 2 
3 12 
12 10 
2 11 
10 16 
16 19 
5 
18 
8 
11 
17 
19 
# clone tree 39 objective: 1.77024
0 15 
15 5 13 
13 4 
4 7 
7 3 1 
14 9 
1 14 
9 8 6 
6 17 18 2 
3 10 
12 16 
2 12 
10 11 
16 19 
5 
18 
8 
11 
17 
19 
# clone tree 40 objective: 1.77024
0 15 
15 5 13 
13 4 
4 7 
7 3 1 
14 9 
1 14 
9 8 6 
6 17 18 2 
3 10 
12 16 
2 12 
10 19 11 
16 
5 
18 
8 
11 
17 
19 
# clone tree 41 objective: 1.77035
0 15 
15 5 13 
13 4 
4 7 
7 3 1 
14 9 
1 14 
9 17 6 
6 18 2 
3 12 
12 10 
2 16 
10 19 11 
16 8 
5 
18 
8 
11 
17 
19 
# clone tree 42 objective: 1.77059
0 15 
15 5 13 
13 4 
4 7 
7 3 1 
14 9 
1 14 
9 17 6 
6 18 2 
3 10 
12 16 
2 12 
10 11 
16 19 8 
5 
18 
8 
11 
17 
19 
# clone tree 43 objective: 1.77069
0 15 
15 5 13 
13 4 
4 7 
7 3 1 
14 9 
1 14 
9 16 6 
6 18 2 
3 12 
12 10 
2 11 
10 17 
16 19 8 
5 
18 
8 
11 
17 
19 
# clone tree 44 objective: 1.77074
0 15 
15 5 13 
13 4 
4 8 7 
7 3 1 
14 9 
1 14 
9 6 
6 18 2 
3 10 
12 16 
2 12 
10 19 17 
16 11 
5 
18 
8 
11 
17 
19 
# clone tree 45 objective: 1.77102
0 15 
15 5 13 
13 4 
4 8 7 
7 3 1 
14 9 
1 14 
9 6 
6 19 18 2 
3 10 
12 16 
2 12 
10 17 
16 11 
5 
18 
8 
11 
17 
19 
# clone tree 46 objective: 1.77102
0 15 
15 5 13 
13 19 4 
4 8 7 
7 3 1 
14 9 
1 14 
9 6 
6 18 2 
3 10 
12 16 
2 12 
10 17 
16 11 
5 
18 
8 
11 
17 
19 
# clone tree 47 objective: 1.77123
0 13 
15 5 4 
13 15 
4 7 
7 3 1 
14 9 
1 14 
9 6 
6 18 2 
3 10 
12 16 
2 12 
10 17 11 
16 19 8 
5 
18 
8 
11 
17 
19 
# clone tree 48 objective: 1.77169
0 13 
15 5 4 
13 15 
4 8 7 
7 3 1 
14 9 
1 14 
9 17 6 
6 18 2 
3 10 
12 16 
2 12 
10 11 
16 19 
5 
18 
8 
11 
17 
19 
# clone tree 49 objective: 1.77169
0 13 
15 5 4 
13 15 
4 8 7 
7 3 1 
14 9 
1 14 
9 17 6 
6 18 2 
3 10 
12 16 
2 12 
10 19 11 
16 
5 
18 
8 
11 
17 
19 
# clone tree 50 objective: 1.77173
0 13 
15 5 4 
13 15 
4 18 7 
7 3 1 
14 9 
1 14 
9 6 
6 2 12 
3 10 
12 16 
2 11 
10 17 
16 19 8 
5 
18 
8 
11 
17 
19 
# clone tree 51 objective: 1.77234
0 13 
15 5 4 
13 15 
4 7 
7 3 1 
14 9 
1 14 
9 6 
6 17 18 2 
3 12 
12 10 
2 16 
10 11 
16 19 8 
5 
18 
8 
11 
17 
19 
# clone tree 52 objective: 1.77275
0 13 
15 5 4 
13 15 
4 7 
7 3 1 
14 9 
1 14 
9 17 6 
6 18 2 
3 10 
12 16 
2 12 
10 19 11 
16 8 
5 
18 
8 
11 
17 
19 
# clone tree 53 objective: 1.77278
0 13 
15 5 4 
13 15 
4 8 7 
7 3 1 
14 9 
1 14 
9 6 
6 18 2 
3 12 
12 10 
2 16 
10 17 
16 19 11 
5 
18 
8 
11 
17 
19 
# clone tree 54 objective: 1.77285
0 15 
15 5 13 
13 19 4 
4 8 7 
7 3 1 
14 9 
1 14 
9 6 
6 17 18 2 
3 12 
12 10 
2 16 
10 11 
16 
5 
18 
8 
11 
17 
19 
# clone tree 55 objective: 1.77314
0 15 
15 5 13 
13 4 
4 8 7 
7 3 1 
14 9 
1 14 
9 6 
6 17 18 2 
3 10 
12 16 
2 12 
10 19 
16 11 
5 
18 
8 
11 
17 
19 
# clone tree 56 objective: 1.77318
0 15 
15 5 13 
13 4 
4 8 7 
7 3 1 
14 19 9 
1 14 
9 6 
6 18 2 
3 10 
12 16 
2 12 
10 17 
16 11 
5 
18 
8 
11 
17 
19 
# clone tree 57 objective: 1.77323
0 15 
15 5 13 
13 4 
4 7 
7 3 1 
14 9 
1 14 
9 8 6 
6 18 2 
3 10 
12 16 
2 12 
10 17 11 
16 19 
5 
18 
8 
11 
17 
19 
# clone tree 58 objective: 1.77324
0 15 
15 5 13 
13 4 
4 7 
7 3 1 
14 9 
1 14 
9 6 
6 18 2 12 
3 10 
12 16 
2 11 
10 17 
16 19 8 
5 
18 
8 
11 
17 
19 
# clone tree 59 objective: 1.77329
0 13 
15 5 4 
13 15 
4 7 
7 3 1 
14 9 
1 14 
9 8 6 
6 17 18 2 
3 12 
12 10 
2 16 
10 11 
16 19 
5 
18 
8 
11 
17 
19 
# clone tree 60 objective: 1.77329
0 13 
15 5 4 
13 15 
4 7 
7 3 1 
14 9 
1 14 
9 8 6 
6 17 18 2 
3 12 
12 10 
2 16 
10 19 11 
16 
5 
18 
8 
11 
17 
19 
# clone tree 61 objective: 1.77372
0 15 
15 5 13 
13 4 
4 8 7 
7 3 1 
14 9 
1 14 
9 11 6 
6 18 2 
3 10 
12 16 
2 12 
10 17 
16 19 
5 
18 
8 
11 
17 
19 
# clone tree 62 objective: 1.77391
0 15 
15 5 13 
13 19 4 
4 7 
7 3 1 
14 9 
1 14 
9 6 
6 17 18 2 
3 12 
12 10 
2 16 
10 11 
16 8 
5 
18 
8 
11 
17 
19 
# clone tree 63 objective: 1.77418
0 15 
15 5 13 
13 4 
4 8 7 
7 3 14 
14 1 
1 9 
9 6 
6 17 18 2 
3 12 
12 10 
2 16 
10 19 11 
16 
5 
18 
8 
11 
17 
19 
# clone tree 64 objective: 1.77418
0 15 
15 5 13 
13 4 
4 8 7 
7 3 14 
14 1 
1 9 
9 6 
6 17 18 2 
3 12 
12 10 
2 16 
10 11 
16 19 
5 
18 
8 
11 
17 
19 
# clone tree 65 objective: 1.77434
0 13 
15 5 4 
13 15 
4 8 7 
7 3 1 
14 9 
1 14 
9 6 
6 18 2 12 
3 10 
12 16 
2 11 
10 17 
16 19 
5 
18 
8 
11 
17 
19 
# clone tree 66 objective: 1.77435
0 13 
15 5 4 
13 15 
4 8 7 
7 3 1 
14 9 
1 14 
9 6 
6 17 18 2 
3 10 
12 16 
2 11 
10 12 
16 19 
5 
18 
8 
11 
17 
19 
# clone tree 67 objective: 1.77468
0 15 
15 5 13 
13 4 
4 7 
7 3 1 
14 9 
1 14 
9 17 6 
6 18 2 
3 12 
12 10 
2 16 
10 11 
16 19 8 
5 
18 
8 
11 
17 
19 
# clone tree 68 objective: 1.77484
0 15 
15 5 13 
13 4 
4 8 7 
7 3 1 
14 9 
1 14 
9 6 
6 18 2 
3 12 
12 10 
2 16 
10 19 17 
16 11 
5 
18 
8 
11 
17 
19 
# clone tree 69 objective: 1.775
0 15 
15 5 13 
13 4 
4 8 7 
7 3 1 
14 19 9 
1 14 
9 6 
6 17 18 2 
3 12 
12 10 
2 16 
10 11 
16 
5 
18 
8 
11 
17 
19 
# clone tree 70 objective: 1.77503
0 15 
15 5 13 
13 4 
4 8 7 
7 3 1 
14 9 
1 14 
9 6 
6 11 18 2 
3 12 
12 10 
2 16 
10 17 
16 19 
5 
18 
8 
11 
17 
19 
# clone tree 71 objective: 1.77511
0 15 
15 5 13 
13 19 4 
4 8 7 
7 3 1 
14 9 
1 14 
9 6 
6 18 2 
3 12 
12 10 
2 16 
10 17 
16 11 
5 
18 
8 
11 
17 
19 
# clone tree 72 objective: 1.77511
0 15 
15 5 13 
13 4 
4 8 7 
7 3 1 
14 9 
1 14 
9 6 
6 19 18 2 
3 12 
12 10 
2 16 
10 17 
16 11 
5 
18 
8 
11 
17 
19 
# clone tree 73 objective: 1.77524
0 15 
15 5 13 
13 4 
4 7 
7 3 14 
14 1 
1 9 
9 6 
6 17 18 2 
3 12 
12 10 
2 16 
10 19 11 
16 8 
5 
18 
8 
11 
17 
19 
# clone tree 74 objective: 1.77533
0 13 
15 5 4 
13 15 
4 7 
7 3 1 
14 9 
1 14 
9 6 
6 18 2 
3 12 
12 10 
2 16 
10 17 11 
16 19 8 
5 
18 
8 
11 
17 
19 
# clone tree 75 objective: 1.77539
0 15 
15 5 13 
13 4 
4 7 
7 3 1 
14 9 
1 14 
9 6 
6 17 18 2 
3 10 
12 11 
2 16 
10 12 
16 19 8 
5 
18 
8 
11 
17 
19 
# clone tree 76 objective: 1.77578
0 13 
15 5 4 
13 15 
4 8 7 
7 3 1 
14 9 
1 14 
9 17 6 
6 18 2 
3 12 
12 10 
2 16 
10 11 
16 19 
5 
18 
8 
11 
17 
19 
# clone tree 77 objective: 1.77578
0 13 
15 5 4 
13 15 
4 8 7 
7 3 1 
14 9 
1 14 
9 17 6 
6 18 2 
3 12 
12 10 
2 16 
10 19 11 
16 
5 
18 
8 
11 
17 
19 
# clone tree 78 objective: 1.77607
0 15 
15 5 13 
13 4 
4 7 
7 3 1 
14 19 9 
1 14 
9 6 
6 17 18 2 
3 12 
12 10 
2 16 
10 11 
16 8 
5 
18 
8 
11 
17 
19 
# clone tree 79 objective: 1.77608
0 15 
15 5 13 
13 4 
4 7 
7 3 1 
14 9 
1 14 
9 8 6 
6 18 2 
3 10 
12 16 
2 12 
10 17 
16 19 11 
5 
18 
8 
11 
17 
19 
# clone tree 80 objective: 1.77608
0 15 
15 5 13 
13 4 
4 8 7 
7 3 1 
14 9 
1 14 
9 18 6 
6 2 12 
3 10 
12 16 
2 11 
10 17 
16 19 
5 
18 
8 
11 
17 
19 
# clone tree 81 objective: 1.7763
0 15 
15 5 13 
13 19 4 
4 8 7 
7 3 1 
14 9 
1 14 
9 6 
6 17 18 2 
3 10 
12 16 
2 12 
10 11 
16 
5 
18 
8 
11 
17 
19 
# clone tree 82 objective: 1.77668
0 13 
15 5 4 
13 15 
4 8 7 
7 3 1 
14 9 
1 14 
9 6 
6 17 18 2 
3 12 
12 10 
2 11 
10 16 
16 19 
5 
18 
8 
11 
17 
19 
# clone tree 83 objective: 1.77674
0 13 
15 5 4 
13 15 
4 7 
7 3 1 
14 9 
1 14 
9 8 6 
6 17 18 2 
3 10 
12 16 
2 12 
10 11 
16 19 
5 
18 
8 
11 
17 
19 
# clone tree 84 objective: 1.77674
0 13 
15 5 4 
13 15 
4 7 
7 3 1 
14 9 
1 14 
9 8 6 
6 17 18 2 
3 10 
12 16 
2 12 
10 19 11 
16 
5 
18 
8 
11 
17 
19 
# clone tree 85 objective: 1.77684
0 13 
15 5 4 
13 15 
4 7 
7 3 1 
14 9 
1 14 
9 17 6 
6 18 2 
3 12 
12 10 
2 16 
10 19 11 
16 8 
5 
18 
8 
11 
17 
19 
# clone tree 86 objective: 1.77708
0 13 
15 5 4 
13 15 
4 7 
7 3 1 
14 9 
1 14 
9 17 6 
6 18 2 
3 10 
12 16 
2 12 
10 11 
16 19 8 
5 
18 
8 
11 
17 
19 
# clone tree 87 objective: 1.77723
0 15 
15 5 13 
13 4 
4 8 7 
7 3 1 
14 9 
1 14 
9 6 
6 17 18 2 
3 12 
12 10 
2 16 
10 19 
16 11 
5 
18 
8 
11 
17 
19 
# clone tree 88 objective: 1.77724
0 13 
15 5 4 
13 15 
4 8 7 
7 3 1 
14 9 
1 14 
9 6 
6 18 2 
3 10 
12 16 
2 12 
10 19 17 
16 11 
5 
18 
8 
11 
17 
19 
# clone tree 89 objective: 1.77727
0 15 
15 5 13 
13 4 
4 8 7 
7 3 1 
14 19 9 
1 14 
9 6 
6 18 2 
3 12 
12 10 
2 16 
10 17 
16 11 
5 
18 
8 
11 
17 
19 
# clone tree 90 objective: 1.77732
0 15 
15 5 13 
13 4 
4 7 
7 3 1 
14 9 
1 14 
9 8 6 
6 18 2 
3 12 
12 10 
2 16 
10 17 11 
16 19 
5 
18 
8 
11 
17 
19 
# clone tree 91 objective: 1.77736
0 15 
15 5 13 
13 19 4 
4 7 
7 3 1 
14 9 
1 14 
9 6 
6 17 18 2 
3 10 
12 16 
2 12 
10 11 
16 8 
5 
18 
8 
11 
17 
19 
# clone tree 92 objective: 1.77752
0 13 
15 5 4 
13 15 
4 8 7 
7 3 1 
14 9 
1 14 
9 6 
6 19 18 2 
3 10 
12 16 
2 12 
10 17 
16 11 
5 
18 
8 
11 
17 
19 
# clone tree 93 objective: 1.77763
0 15 
15 5 13 
13 4 
4 8 7 
7 3 14 
14 1 
1 9 
9 6 
6 17 18 2 
3 10 
12 16 
2 12 
10 11 
16 19 
5 
18 
8 
11 
17 
19 
# clone tree 94 objective: 1.77763
0 15 
15 5 13 
13 4 
4 8 7 
7 3 14 
14 1 
1 9 
9 6 
6 17 18 2 
3 10 
12 16 
2 12 
10 19 11 
16 
5 
18 
8 
11 
17 
19 
# clone tree 95 objective: 1.77845
0 15 
15 5 13 
13 4 
4 8 7 
7 3 1 
14 19 9 
1 14 
9 6 
6 17 18 2 
3 10 
12 16 
2 12 
10 11 
16 
5 
18 
8 
11 
17 
19 
# clone tree 96 objective: 1.77869
0 15 
15 5 13 
13 4 
4 7 
7 3 14 
14 1 
1 9 
9 6 
6 17 18 2 
3 10 
12 16 
2 12 
10 19 11 
16 8 
5 
18 
8 
11 
17 
19 
# clone tree 97 objective: 1.77873
0 15 
15 5 13 
13 4 
4 8 7 
7 3 1 
14 9 
1 14 
9 17 6 
6 18 2 
3 10 
12 19 11 
2 16 
10 12 
16 
5 
18 
8 
11 
17 
19 
# clone tree 98 objective: 1.77883
0 15 
15 5 13 
13 4 
4 8 7 
7 3 1 
14 9 
1 14 
9 17 6 
6 18 2 
3 10 
12 11 
2 16 
10 12 
16 19 
5 
18 
8 
11 
17 
19 
# clone tree 99 objective: 1.77912
0 15 
15 5 13 
13 4 
4 7 
7 3 1 
14 9 
1 14 
9 11 6 
6 18 2 
3 10 
12 16 
2 12 
10 17 
16 19 8 
5 
18 
8 
11 
17 
19 
