# clone tree 0 objective: 1.41779
0 6 12 
12 7 
7 11 14 
14 2 
2 3 1 
6 10 
10 8 9 
1 4 5 
5 18 15 13 
9 19 16 
8 17 
11 
16 
17 
13 
3 
15 
18 
19 
4 
# clone tree 1 objective: 1.41837
0 6 12 
12 4 7 
7 11 14 
14 2 
2 3 1 
6 10 
10 8 9 
1 5 
5 18 15 13 
9 19 16 
8 17 
11 
16 
17 
13 
3 
15 
18 
19 
4 
# clone tree 2 objective: 1.41868
0 6 12 
12 7 
7 11 14 
14 2 
2 3 1 
6 10 
10 8 9 
1 4 5 
5 18 15 13 
9 16 
8 17 
11 19 
16 
17 
13 
3 
15 
18 
19 
4 
# clone tree 3 objective: 1.41902
0 6 12 
12 15 7 
7 11 14 
14 2 
2 1 
6 10 
10 8 9 
1 5 
5 19 13 17 
9 16 
8 4 3 
11 18 
16 
17 
13 
3 
15 
18 
19 
4 
# clone tree 4 objective: 1.41923
0 6 12 
12 7 
7 11 14 
14 2 
2 3 1 
6 10 
10 8 9 
1 4 5 
5 19 18 15 13 
9 16 
8 17 
11 
16 
17 
13 
3 
15 
18 
19 
4 
# clone tree 5 objective: 1.41926
0 6 12 
12 4 7 
7 11 14 
14 2 
2 3 1 
6 10 
10 8 9 
1 5 
5 18 15 13 
9 16 
8 17 
11 19 
16 
17 
13 
3 
15 
18 
19 
4 
# clone tree 6 objective: 1.41982
0 6 12 
12 4 7 
7 11 14 
14 2 
2 3 1 
6 10 
10 8 9 
1 5 
5 19 18 15 13 
9 16 
8 17 
11 
16 
17 
13 
3 
15 
18 
19 
4 
# clone tree 7 objective: 1.42003
0 6 12 
12 15 7 
7 11 14 
14 2 
2 1 
6 10 
10 8 9 
1 4 5 
5 19 13 17 
9 16 
8 3 
11 18 
16 
17 
13 
3 
15 
18 
19 
4 
# clone tree 8 objective: 1.42091
0 6 12 
12 7 
7 11 14 
14 2 
2 1 
6 10 
10 8 9 
1 5 
5 19 13 17 
9 15 16 
8 4 3 
11 18 
16 
17 
13 
3 
15 
18 
19 
4 
# clone tree 9 objective: 1.42192
0 6 12 
12 7 
7 11 14 
14 2 
2 1 
6 10 
10 8 9 
1 4 5 
5 19 13 17 
9 15 16 
8 3 
11 18 
16 
17 
13 
3 
15 
18 
19 
4 
# clone tree 10 objective: 1.42251
0 6 12 
12 4 7 
7 11 14 
14 2 
2 1 
6 10 
10 8 9 
1 5 
5 19 13 17 
9 15 16 
8 3 
11 18 
16 
17 
13 
3 
15 
18 
19 
4 
# clone tree 11 objective: 1.42299
0 6 12 
12 7 
7 11 14 
14 2 
2 1 
6 15 10 
10 8 9 
1 5 
5 19 13 17 
9 16 
8 4 3 
11 18 
16 
17 
13 
3 
15 
18 
19 
4 
# clone tree 12 objective: 1.4239
0 6 12 
12 7 
7 11 14 
14 2 
2 3 1 
6 10 
10 8 9 
1 4 5 
5 19 15 13 
9 16 
8 17 
11 18 
16 
17 
13 
3 
15 
18 
19 
4 
# clone tree 13 objective: 1.42401
0 6 12 
12 7 
7 11 14 
14 2 
2 1 
6 15 10 
10 8 9 
1 4 5 
5 19 13 17 
9 16 
8 3 
11 18 
16 
17 
13 
3 
15 
18 
19 
4 
# clone tree 14 objective: 1.42449
0 6 12 
12 4 7 
7 11 14 
14 2 
2 3 1 
6 10 
10 8 9 
1 5 
5 19 15 13 
9 16 
8 17 
11 18 
16 
17 
13 
3 
15 
18 
19 
4 
# clone tree 15 objective: 1.42454
0 6 12 
12 15 7 
7 11 14 
14 2 
2 13 1 
6 10 
10 3 9 
1 4 5 
5 19 8 
9 16 
8 17 
11 18 
16 
17 
13 
3 
15 
18 
19 
4 
# clone tree 16 objective: 1.42459
0 6 12 
12 4 7 
7 11 14 
14 2 
2 1 
6 15 10 
10 8 9 
1 5 
5 19 13 17 
9 16 
8 3 
11 18 
16 
17 
13 
3 
15 
18 
19 
4 
# clone tree 17 objective: 1.4255
0 6 12 
12 15 7 
7 11 14 
14 2 
2 1 
6 10 
10 8 9 
1 5 
5 13 17 
9 19 16 
8 4 3 
11 18 
16 
17 
13 
3 
15 
18 
19 
4 
# clone tree 18 objective: 1.42569
0 6 12 
12 15 7 
7 11 14 
14 2 
2 1 
6 10 
10 8 9 
1 5 
5 18 13 17 
9 19 16 
8 4 3 
11 
16 
17 
13 
3 
15 
18 
19 
4 
# clone tree 19 objective: 1.42618
0 6 12 
12 15 7 
7 11 14 
14 2 
2 3 1 
6 13 10 
10 9 
1 4 5 
5 19 8 
9 16 
8 17 
11 18 
16 
17 
13 
3 
15 
18 
19 
4 
# clone tree 20 objective: 1.42644
0 6 12 
12 7 
7 11 14 
14 2 
2 13 1 
6 10 
10 3 9 
1 4 5 
5 19 8 
9 15 16 
8 17 
11 18 
16 
17 
13 
3 
15 
18 
19 
4 
# clone tree 21 objective: 1.42649
0 6 12 
12 15 7 
7 11 14 
14 2 
2 3 1 
6 10 
10 16 9 
1 4 5 
5 19 8 
9 13 
8 17 
11 18 
16 
17 
13 
3 
15 
18 
19 
4 
# clone tree 22 objective: 1.42652
0 6 12 
12 15 7 
7 11 14 
14 2 
2 1 
6 10 
10 8 9 
1 4 5 
5 13 17 
9 19 16 
8 3 
11 18 
16 
17 
13 
3 
15 
18 
19 
4 
# clone tree 23 objective: 1.42658
0 6 12 
12 15 7 
7 11 14 
14 2 
2 1 
6 10 
10 8 9 
1 5 
5 18 13 17 
9 16 
8 4 3 
11 19 
16 
17 
13 
3 
15 
18 
19 
4 
# clone tree 24 objective: 1.42662
0 6 12 
12 7 
7 11 14 
14 2 
2 3 1 
6 10 
10 8 9 
1 4 5 
5 19 13 17 
9 16 
8 15 
11 18 
16 
17 
13 
3 
15 
18 
19 
4 
# clone tree 25 objective: 1.4267
0 6 12 
12 15 7 
7 11 14 
14 2 
2 1 
6 10 
10 8 9 
1 4 5 
5 18 13 17 
9 19 16 
8 3 
11 
16 
17 
13 
3 
15 
18 
19 
4 
# clone tree 26 objective: 1.42702
0 6 12 
12 4 7 
7 11 14 
14 2 
2 13 1 
6 10 
10 3 9 
1 5 
5 19 8 
9 15 16 
8 17 
11 18 
16 
17 
13 
3 
15 
18 
19 
4 
# clone tree 27 objective: 1.42716
0 6 12 
12 4 7 
7 11 14 
14 2 
2 3 1 
6 10 
10 8 9 
1 5 
5 18 15 13 
9 16 
8 17 
11 
16 
17 
13 
3 19 
15 
18 
19 
4 
# clone tree 28 objective: 1.4272
0 6 12 
12 4 7 
7 11 14 
14 2 
2 3 1 
6 10 
10 8 9 
1 5 
5 19 13 17 
9 16 
8 15 
11 18 
16 
17 
13 
3 
15 
18 
19 
4 
# clone tree 29 objective: 1.42759
0 6 12 
12 15 7 
7 11 14 
14 2 
2 1 
6 10 
10 8 9 
1 4 5 
5 18 13 17 
9 16 
8 3 
11 19 
16 
17 
13 
3 
15 
18 
19 
4 
# clone tree 30 objective: 1.42761
0 6 12 
12 7 
7 11 14 
14 2 
2 3 1 
6 10 
10 8 9 
1 4 5 
5 13 17 
9 19 16 
8 15 
11 18 
16 
17 
13 
3 
15 
18 
19 
4 
# clone tree 31 objective: 1.42775
0 6 12 
12 7 
7 11 14 
14 2 
2 3 1 
6 10 
10 8 9 
1 5 
5 4 18 15 13 
9 19 16 
8 17 
11 
16 
17 
13 
3 
15 
18 
19 
4 
# clone tree 32 objective: 1.42807
0 6 12 
12 7 
7 11 14 
14 2 
2 3 1 
6 13 10 
10 9 
1 4 5 
5 19 8 
9 15 16 
8 17 
11 18 
16 
17 
13 
3 
15 
18 
19 
4 
# clone tree 33 objective: 1.42819
0 6 12 
12 4 7 
7 11 14 
14 2 
2 3 1 
6 10 
10 8 9 
1 5 
5 13 17 
9 19 16 
8 15 
11 18 
16 
17 
13 
3 
15 
18 
19 
4 
# clone tree 34 objective: 1.42836
0 6 12 
12 7 
7 11 14 
14 2 
2 3 1 
6 10 
10 8 9 
1 4 5 
5 18 15 13 
9 16 
8 17 
11 
16 
17 
13 
3 19 
15 
18 
19 
4 
# clone tree 35 objective: 1.4284
0 6 12 
12 15 7 
7 11 14 
14 2 
2 3 1 
6 13 10 
10 9 
1 4 5 
5 18 8 
9 19 16 
8 17 
11 
16 
17 
13 
3 
15 
18 
19 
4 
# clone tree 36 objective: 1.42847
0 6 12 
12 7 
7 11 14 
14 2 
2 1 
6 10 
10 8 9 
1 5 
5 18 13 17 
9 15 16 
8 4 3 
11 19 
16 
17 
13 
3 
15 
18 
19 
4 
# clone tree 37 objective: 1.42852
0 6 12 
12 7 
7 11 14 
14 2 
2 13 1 
6 15 10 
10 3 9 
1 4 5 
5 19 8 
9 16 
8 17 
11 18 
16 
17 
13 
3 
15 
18 
19 
4 
# clone tree 38 objective: 1.42864
0 6 12 
12 7 
7 11 14 
14 2 
2 3 1 
6 10 
10 8 9 
1 5 
5 4 18 15 13 
9 16 
8 17 
11 19 
16 
17 
13 
3 
15 
18 
19 
4 
# clone tree 39 objective: 1.42865
0 6 12 
12 15 7 
7 11 14 
14 2 
2 13 1 
6 10 
10 3 9 
1 4 5 
5 18 8 
9 19 16 
8 17 
11 
16 
17 
13 
3 
15 
18 
19 
4 
# clone tree 40 objective: 1.42865
0 6 12 
12 4 7 
7 11 14 
14 2 
2 3 1 
6 13 10 
10 9 
1 5 
5 19 8 
9 15 16 
8 17 
11 18 
16 
17 
13 
3 
15 
18 
19 
4 
# clone tree 41 objective: 1.42868
0 6 12 
12 15 7 
7 11 14 
14 2 
2 1 
6 13 10 
10 3 9 
1 4 5 
5 19 8 
9 16 
8 17 
11 18 
16 
17 
13 
3 
15 
18 
19 
4 
# clone tree 42 objective: 1.4291
0 6 12 
12 4 7 
7 11 14 
14 2 
2 13 1 
6 15 10 
10 3 9 
1 5 
5 19 8 
9 16 
8 17 
11 18 
16 
17 
13 
3 
15 
18 
19 
4 
# clone tree 43 objective: 1.42929
0 6 12 
12 15 7 
7 11 14 
14 2 
2 3 1 
6 13 10 
10 9 
1 4 5 
5 18 8 
9 16 
8 17 
11 19 
16 
17 
13 
3 
15 
18 
19 
4 
# clone tree 44 objective: 1.42947
0 6 12 
12 7 
7 11 14 
14 2 
2 1 
6 15 10 
10 8 9 
1 5 
5 13 17 
9 19 16 
8 4 3 
11 18 
16 
17 
13 
3 
15 
18 
19 
4 
# clone tree 45 objective: 1.42949
0 6 12 
12 7 
7 11 14 
14 2 
2 1 
6 10 
10 8 9 
1 4 5 
5 18 13 17 
9 15 16 
8 3 
11 19 
16 
17 
13 
3 
15 
18 
19 
4 
# clone tree 46 objective: 1.42954
0 6 12 
12 15 7 
7 11 14 
14 2 
2 13 1 
6 10 
10 3 9 
1 4 5 
5 18 8 
9 16 
8 17 
11 19 
16 
17 
13 
3 
15 
18 
19 
4 
# clone tree 47 objective: 1.4296
0 6 12 
12 15 7 
7 11 14 
14 2 
2 3 1 
6 10 
10 16 9 
1 4 5 
5 18 8 
9 13 
8 17 
11 19 
16 
17 
13 
3 
15 
18 
19 
4 
# clone tree 48 objective: 1.42966
0 6 12 
12 7 
7 11 14 
14 2 
2 1 
6 15 10 
10 8 9 
1 5 
5 18 13 17 
9 19 16 
8 4 3 
11 
16 
17 
13 
3 
15 
18 
19 
4 
# clone tree 49 objective: 1.43007
0 6 12 
12 4 7 
7 11 14 
14 2 
2 1 
6 10 
10 8 9 
1 5 
5 18 13 17 
9 15 16 
8 3 
11 19 
16 
17 
13 
3 
15 
18 
19 
4 
# clone tree 50 objective: 1.43014
0 6 12 
12 4 15 7 
7 11 14 
14 2 
2 1 
6 10 
10 8 9 
1 5 
5 19 13 17 
9 16 
8 3 
11 18 
16 
17 
13 
3 
15 
18 
19 
4 
# clone tree 51 objective: 1.43046
0 6 12 
12 7 
7 11 14 
14 2 
2 3 1 
6 15 10 
10 16 9 
1 4 5 
5 19 8 
9 13 
8 17 
11 18 
16 
17 
13 
3 
15 
18 
19 
4 
# clone tree 52 objective: 1.43049
0 6 12 
12 7 
7 11 14 
14 2 
2 1 
6 15 10 
10 8 9 
1 4 5 
5 13 17 
9 19 16 
8 3 
11 18 
16 
17 
13 
3 
15 
18 
19 
4 
# clone tree 53 objective: 1.43055
0 6 12 
12 7 
7 11 14 
14 2 
2 1 
6 15 10 
10 8 9 
1 5 
5 18 13 17 
9 16 
8 4 3 
11 19 
16 
17 
13 
3 
15 
18 
19 
4 
# clone tree 54 objective: 1.43057
0 6 12 
12 7 
7 11 14 
14 2 
2 1 
6 13 10 
10 3 9 
1 4 5 
5 19 8 
9 15 16 
8 17 
11 18 
16 
17 
13 
3 
15 
18 
19 
4 
# clone tree 55 objective: 1.43067
0 6 12 
12 7 
7 11 14 
14 2 
2 1 
6 15 10 
10 8 9 
1 4 5 
5 18 13 17 
9 19 16 
8 3 
11 
16 
17 
13 
3 
15 
18 
19 
4 
# clone tree 56 objective: 1.43105
0 6 12 
12 4 7 
7 11 14 
14 2 
2 3 1 
6 15 10 
10 16 9 
1 5 
5 19 8 
9 13 
8 17 
11 18 
16 
17 
13 
3 
15 
18 
19 
4 
# clone tree 57 objective: 1.43107
0 6 12 
12 4 7 
7 11 14 
14 2 
2 1 
6 15 10 
10 8 9 
1 5 
5 13 17 
9 19 16 
8 3 
11 18 
16 
17 
13 
3 
15 
18 
19 
4 
# clone tree 58 objective: 1.43115
0 6 12 
12 4 7 
7 11 14 
14 2 
2 1 
6 13 10 
10 3 9 
1 5 
5 19 8 
9 15 16 
8 17 
11 18 
16 
17 
13 
3 
15 
18 
19 
4 
# clone tree 59 objective: 1.43118
0 6 12 
12 7 
7 11 14 
14 2 
2 3 1 
6 13 10 
10 9 
1 4 5 
5 18 8 
9 15 16 
8 17 
11 19 
16 
17 
13 
3 
15 
18 
19 
4 
# clone tree 60 objective: 1.43126
0 6 12 
12 4 7 
7 11 14 
14 2 
2 1 
6 15 10 
10 8 9 
1 5 
5 18 13 17 
9 19 16 
8 3 
11 
16 
17 
13 
3 
15 
18 
19 
4 
# clone tree 61 objective: 1.43143
0 6 12 
12 7 
7 11 14 
14 2 
2 13 1 
6 10 
10 3 9 
1 4 5 
5 18 8 
9 15 16 
8 17 
11 19 
16 
17 
13 
3 
15 
18 
19 
4 
# clone tree 62 objective: 1.43157
0 6 12 
12 7 
7 11 14 
14 2 
2 1 
6 15 10 
10 8 9 
1 4 5 
5 18 13 17 
9 16 
8 3 
11 19 
16 
17 
13 
3 
15 
18 
19 
4 
# clone tree 63 objective: 1.43169
0 6 12 
12 7 
7 11 14 
14 2 
2 3 1 
6 10 
10 8 9 
1 4 5 
5 18 15 13 
9 16 
8 17 
11 
16 
17 
13 
3 
15 
18 19 
19 
4 
# clone tree 64 objective: 1.43174
0 6 12 
12 15 7 
7 11 14 
14 2 
2 13 1 
6 10 
10 16 9 
1 4 5 
5 19 8 
9 3 
8 17 
11 18 
16 
17 
13 
3 
15 
18 
19 
4 
# clone tree 65 objective: 1.43176
0 6 12 
12 4 7 
7 11 14 
14 2 
2 3 1 
6 13 10 
10 9 
1 5 
5 18 8 
9 15 16 
8 17 
11 19 
16 
17 
13 
3 
15 
18 
19 
4 
# clone tree 66 objective: 1.43183
0 6 12 
12 7 
7 11 14 
14 2 
2 1 
6 10 
10 8 9 
1 4 5 
5 3 13 17 
9 19 16 
8 15 
11 18 
16 
17 
13 
3 
15 
18 
19 
4 
# clone tree 67 objective: 1.43202
0 6 12 
12 4 7 
7 11 14 
14 2 
2 13 1 
6 10 
10 3 9 
1 5 
5 18 8 
9 15 16 
8 17 
11 19 
16 
17 
13 
3 
15 
18 
19 
4 
# clone tree 68 objective: 1.43215
0 6 12 
12 4 7 
7 11 14 
14 2 
2 1 
6 15 10 
10 8 9 
1 5 
5 18 13 17 
9 16 
8 3 
11 19 
16 
17 
13 
3 
15 
18 
19 
4 
# clone tree 69 objective: 1.43227
0 6 12 
12 4 7 
7 11 14 
14 2 
2 3 1 
6 10 
10 8 9 
1 5 
5 18 15 13 
9 16 
8 17 
11 
16 
17 
13 
3 
15 
18 19 
19 
4 
# clone tree 70 objective: 1.43242
0 6 12 
12 4 7 
7 11 14 
14 2 
2 1 
6 10 
10 8 9 
1 5 
5 3 13 17 
9 19 16 
8 15 
11 18 
16 
17 
13 
3 
15 
18 
19 
4 
# clone tree 71 objective: 1.43262
0 6 12 
12 7 
7 11 14 
14 2 
2 13 1 
6 15 10 
10 3 9 
1 4 5 
5 18 8 
9 19 16 
8 17 
11 
16 
17 
13 
3 
15 
18 
19 
4 
# clone tree 72 objective: 1.43278
0 6 12 
12 15 7 
7 11 14 
14 2 
2 1 
6 13 10 
10 3 9 
1 4 5 
5 18 8 
9 19 16 
8 17 
11 
16 
17 
13 
3 
15 
18 
19 
4 
# clone tree 73 objective: 1.43321
0 6 12 
12 4 7 
7 11 14 
14 2 
2 13 1 
6 15 10 
10 3 9 
1 5 
5 18 8 
9 19 16 
8 17 
11 
16 
17 
13 
3 
15 
18 
19 
4 
# clone tree 74 objective: 1.43352
0 6 12 
12 7 
7 11 14 
14 2 
2 13 1 
6 15 10 
10 3 9 
1 4 5 
5 18 8 
9 16 
8 17 
11 19 
16 
17 
13 
3 
15 
18 
19 
4 
# clone tree 75 objective: 1.43358
0 6 12 
12 7 
7 11 14 
14 2 
2 3 1 
6 15 10 
10 16 9 
1 4 5 
5 18 8 
9 13 
8 17 
11 19 
16 
17 
13 
3 
15 
18 
19 
4 
# clone tree 76 objective: 1.43368
0 6 12 
12 15 7 
7 11 14 
14 2 
2 1 
6 13 10 
10 3 9 
1 4 5 
5 18 8 
9 16 
8 17 
11 19 
16 
17 
13 
3 
15 
18 
19 
4 
# clone tree 77 objective: 1.4341
0 6 12 
12 4 7 
7 11 14 
14 2 
2 13 1 
6 15 10 
10 3 9 
1 5 
5 18 8 
9 16 
8 17 
11 19 
16 
17 
13 
3 
15 
18 
19 
4 
# clone tree 78 objective: 1.43416
0 6 12 
12 4 7 
7 11 14 
14 2 
2 3 1 
6 15 10 
10 16 9 
1 5 
5 18 8 
9 13 
8 17 
11 19 
16 
17 
13 
3 
15 
18 
19 
4 
# clone tree 79 objective: 1.43416
0 6 12 
12 7 
7 11 14 
14 2 
2 3 1 
6 4 10 
10 8 9 
1 5 
5 18 15 13 
9 19 16 
8 17 
11 
16 
17 
13 
3 
15 
18 
19 
4 
# clone tree 80 objective: 1.43465
0 6 12 
12 4 15 7 
7 11 14 
14 2 
2 13 1 
6 10 
10 3 9 
1 5 
5 19 8 
9 16 
8 17 
11 18 
16 
17 
13 
3 
15 
18 
19 
4 
# clone tree 81 objective: 1.43506
0 6 12 
12 7 
7 11 14 
14 2 
2 3 1 
6 4 10 
10 8 9 
1 5 
5 18 15 13 
9 16 
8 17 
11 19 
16 
17 
13 
3 
15 
18 
19 
4 
# clone tree 82 objective: 1.43507
0 6 12 
12 7 
7 11 14 
14 2 
2 1 
6 10 
10 8 9 
1 4 5 
5 19 13 17 
9 16 
8 15 3 
11 18 
16 
17 
13 
3 
15 
18 
19 
4 
# clone tree 83 objective: 1.43513
0 6 12 
12 15 7 
7 11 14 
14 2 
2 13 1 
6 10 
10 3 9 
1 4 5 
5 19 18 8 
9 16 
8 17 
11 
16 
17 
13 
3 
15 
18 
19 
4 
# clone tree 84 objective: 1.43557
0 6 12 
12 7 
7 11 14 
14 2 
2 1 
6 13 10 
10 3 9 
1 4 5 
5 18 8 
9 15 16 
8 17 
11 19 
16 
17 
13 
3 
15 
18 
19 
4 
# clone tree 85 objective: 1.43561
0 6 12 
12 7 
7 11 14 
14 2 
2 3 1 
6 4 10 
10 8 9 
1 5 
5 19 18 15 13 
9 16 
8 17 
11 
16 
17 
13 
3 
15 
18 
19 
4 
# clone tree 86 objective: 1.43565
0 6 12 
12 4 7 
7 11 14 
14 2 
2 1 
6 10 
10 8 9 
1 5 
5 19 13 17 
9 16 
8 15 3 
11 18 
16 
17 
13 
3 
15 
18 
19 
4 
# clone tree 87 objective: 1.43565
0 6 12 
12 15 7 
7 11 14 
14 2 
2 1 
6 13 10 
10 3 9 
1 4 5 
5 19 18 8 
9 16 
8 17 
11 
16 
17 
13 
3 
15 
18 
19 
4 
# clone tree 88 objective: 1.43571
0 6 12 
12 7 
7 11 14 
14 2 
2 13 1 
6 15 10 
10 16 9 
1 4 5 
5 19 8 
9 3 
8 17 
11 18 
16 
17 
13 
3 
15 
18 
19 
4 
# clone tree 89 objective: 1.43587
0 6 12 
12 15 7 
7 11 14 
14 2 
2 1 
6 13 10 
10 16 9 
1 4 5 
5 19 8 
9 3 
8 17 
11 18 
16 
17 
13 
3 
15 
18 
19 
4 
# clone tree 90 objective: 1.43606
0 6 12 
12 15 7 
7 11 14 
14 2 
2 3 1 
6 13 10 
10 9 
1 4 5 
5 8 
9 19 16 
8 17 
11 18 
16 
17 
13 
3 
15 
18 
19 
4 
# clone tree 91 objective: 1.43608
0 6 12 
12 15 7 
7 11 14 
14 2 
2 3 1 
6 10 
10 16 9 
1 4 5 
5 19 8 
9 18 13 
8 17 
11 
16 
17 
13 
3 
15 
18 
19 
4 
# clone tree 92 objective: 1.43615
0 6 12 
12 4 7 
7 11 14 
14 2 
2 1 
6 13 10 
10 3 9 
1 5 
5 18 8 
9 15 16 
8 17 
11 19 
16 
17 
13 
3 
15 
18 
19 
4 
# clone tree 93 objective: 1.43628
0 6 12 
12 4 15 7 
7 11 14 
14 2 
2 3 1 
6 13 10 
10 9 
1 5 
5 19 8 
9 16 
8 17 
11 18 
16 
17 
13 
3 
15 
18 
19 
4 
# clone tree 94 objective: 1.4363
0 6 12 
12 4 7 
7 11 14 
14 2 
2 13 1 
6 15 10 
10 16 9 
1 5 
5 19 8 
9 3 
8 17 
11 18 
16 
17 
13 
3 
15 
18 
19 
4 
# clone tree 95 objective: 1.43631
0 6 12 
12 15 7 
7 11 14 
14 2 
2 13 1 
6 10 
10 3 9 
1 4 5 
5 8 
9 19 16 
8 17 
11 18 
16 
17 
13 
3 
15 
18 
19 
4 
# clone tree 96 objective: 1.43641
0 6 12 
12 15 7 
7 11 14 
14 2 
2 1 
6 4 10 
10 8 9 
1 5 
5 19 13 17 
9 16 
8 3 
11 18 
16 
17 
13 
3 
15 
18 
19 
4 
# clone tree 97 objective: 1.43642
0 6 12 
12 19 7 
7 11 14 
14 2 
2 3 1 
6 10 
10 8 9 
1 4 5 
5 18 15 13 
9 16 
8 17 
11 
16 
17 
13 
3 
15 
18 
19 
4 
# clone tree 98 objective: 1.43654
0 6 12 
12 7 
7 11 14 
14 2 
2 3 1 
6 10 
10 8 9 
1 5 
5 4 18 15 13 
9 16 
8 17 
11 
16 
17 
13 
3 19 
15 
18 
19 
4 
# clone tree 99 objective: 1.4366
0 6 12 
12 4 15 7 
7 11 14 
14 2 
2 3 1 
6 10 
10 16 9 
1 5 
5 19 8 
9 13 
8 17 
11 18 
16 
17 
13 
3 
15 
18 
19 
4 
