# clone tree 0 objective: 1.41902
0 6 12 
12 15 7 
7 11 14 
14 2 
2 1 
6 10 
10 8 9 
1 5 
5 19 13 17 
9 16 
8 4 3 
11 18 
16 
17 
13 
3 
15 
18 
19 
4 
# clone tree 1 objective: 1.42003
0 6 12 
12 15 7 
7 11 14 
14 2 
2 1 
6 10 
10 8 9 
1 4 5 
5 19 13 17 
9 16 
8 3 
11 18 
16 
17 
13 
3 
15 
18 
19 
4 
# clone tree 2 objective: 1.42091
0 6 12 
12 7 
7 11 14 
14 2 
2 1 
6 10 
10 8 9 
1 5 
5 19 13 17 
9 15 16 
8 4 3 
11 18 
16 
17 
13 
3 
15 
18 
19 
4 
# clone tree 3 objective: 1.42192
0 6 12 
12 7 
7 11 14 
14 2 
2 1 
6 10 
10 8 9 
1 4 5 
5 19 13 17 
9 15 16 
8 3 
11 18 
16 
17 
13 
3 
15 
18 
19 
4 
# clone tree 4 objective: 1.42251
0 6 12 
12 4 7 
7 11 14 
14 2 
2 1 
6 10 
10 8 9 
1 5 
5 19 13 17 
9 15 16 
8 3 
11 18 
16 
17 
13 
3 
15 
18 
19 
4 
# clone tree 5 objective: 1.42299
0 6 12 
12 7 
7 11 14 
14 2 
2 1 
6 15 10 
10 8 9 
1 5 
5 19 13 17 
9 16 
8 4 3 
11 18 
16 
17 
13 
3 
15 
18 
19 
4 
# clone tree 6 objective: 1.42401
0 6 12 
12 7 
7 11 14 
14 2 
2 1 
6 15 10 
10 8 9 
1 4 5 
5 19 13 17 
9 16 
8 3 
11 18 
16 
17 
13 
3 
15 
18 
19 
4 
# clone tree 7 objective: 1.42454
0 6 12 
12 15 7 
7 11 14 
14 2 
2 13 1 
6 10 
10 3 9 
1 4 5 
5 19 8 
9 16 
8 17 
11 18 
16 
17 
13 
3 
15 
18 
19 
4 
# clone tree 8 objective: 1.42459
0 6 12 
12 4 7 
7 11 14 
14 2 
2 1 
6 15 10 
10 8 9 
1 5 
5 19 13 17 
9 16 
8 3 
11 18 
16 
17 
13 
3 
15 
18 
19 
4 
# clone tree 9 objective: 1.4255
0 6 12 
12 15 7 
7 11 14 
14 2 
2 1 
6 10 
10 8 9 
1 5 
5 13 17 
9 19 16 
8 4 3 
11 18 
16 
17 
13 
3 
15 
18 
19 
4 
# clone tree 10 objective: 1.42569
0 6 12 
12 15 7 
7 11 14 
14 2 
2 1 
6 10 
10 8 9 
1 5 
5 18 13 17 
9 19 16 
8 4 3 
11 
16 
17 
13 
3 
15 
18 
19 
4 
# clone tree 11 objective: 1.42618
0 6 12 
12 15 7 
7 11 14 
14 2 
2 3 1 
6 13 10 
10 9 
1 4 5 
5 19 8 
9 16 
8 17 
11 18 
16 
17 
13 
3 
15 
18 
19 
4 
# clone tree 12 objective: 1.42644
0 6 12 
12 7 
7 11 14 
14 2 
2 13 1 
6 10 
10 3 9 
1 4 5 
5 19 8 
9 15 16 
8 17 
11 18 
16 
17 
13 
3 
15 
18 
19 
4 
# clone tree 13 objective: 1.42649
0 6 12 
12 15 7 
7 11 14 
14 2 
2 3 1 
6 10 
10 16 9 
1 4 5 
5 19 8 
9 13 
8 17 
11 18 
16 
17 
13 
3 
15 
18 
19 
4 
# clone tree 14 objective: 1.42652
0 6 12 
12 15 7 
7 11 14 
14 2 
2 1 
6 10 
10 8 9 
1 4 5 
5 13 17 
9 19 16 
8 3 
11 18 
16 
17 
13 
3 
15 
18 
19 
4 
# clone tree 15 objective: 1.42658
0 6 12 
12 15 7 
7 11 14 
14 2 
2 1 
6 10 
10 8 9 
1 5 
5 18 13 17 
9 16 
8 4 3 
11 19 
16 
17 
13 
3 
15 
18 
19 
4 
# clone tree 16 objective: 1.42662
0 6 12 
12 7 
7 11 14 
14 2 
2 3 1 
6 10 
10 8 9 
1 4 5 
5 19 13 17 
9 16 
8 15 
11 18 
16 
17 
13 
3 
15 
18 
19 
4 
# clone tree 17 objective: 1.4267
0 6 12 
12 15 7 
7 11 14 
14 2 
2 1 
6 10 
10 8 9 
1 4 5 
5 18 13 17 
9 19 16 
8 3 
11 
16 
17 
13 
3 
15 
18 
19 
4 
# clone tree 18 objective: 1.42702
0 6 12 
12 4 7 
7 11 14 
14 2 
2 13 1 
6 10 
10 3 9 
1 5 
5 19 8 
9 15 16 
8 17 
11 18 
16 
17 
13 
3 
15 
18 
19 
4 
# clone tree 19 objective: 1.4272
0 6 12 
12 4 7 
7 11 14 
14 2 
2 3 1 
6 10 
10 8 9 
1 5 
5 19 13 17 
9 16 
8 15 
11 18 
16 
17 
13 
3 
15 
18 
19 
4 
# clone tree 20 objective: 1.42759
0 6 12 
12 15 7 
7 11 14 
14 2 
2 1 
6 10 
10 8 9 
1 4 5 
5 18 13 17 
9 16 
8 3 
11 19 
16 
17 
13 
3 
15 
18 
19 
4 
# clone tree 21 objective: 1.42761
0 6 12 
12 7 
7 11 14 
14 2 
2 3 1 
6 10 
10 8 9 
1 4 5 
5 13 17 
9 19 16 
8 15 
11 18 
16 
17 
13 
3 
15 
18 
19 
4 
# clone tree 22 objective: 1.42807
0 6 12 
12 7 
7 11 14 
14 2 
2 3 1 
6 13 10 
10 9 
1 4 5 
5 19 8 
9 15 16 
8 17 
11 18 
16 
17 
13 
3 
15 
18 
19 
4 
# clone tree 23 objective: 1.42819
0 6 12 
12 4 7 
7 11 14 
14 2 
2 3 1 
6 10 
10 8 9 
1 5 
5 13 17 
9 19 16 
8 15 
11 18 
16 
17 
13 
3 
15 
18 
19 
4 
# clone tree 24 objective: 1.4284
0 6 12 
12 15 7 
7 11 14 
14 2 
2 3 1 
6 13 10 
10 9 
1 4 5 
5 18 8 
9 19 16 
8 17 
11 
16 
17 
13 
3 
15 
18 
19 
4 
# clone tree 25 objective: 1.42847
0 6 12 
12 7 
7 11 14 
14 2 
2 1 
6 10 
10 8 9 
1 5 
5 18 13 17 
9 15 16 
8 4 3 
11 19 
16 
17 
13 
3 
15 
18 
19 
4 
# clone tree 26 objective: 1.42852
0 6 12 
12 7 
7 11 14 
14 2 
2 13 1 
6 15 10 
10 3 9 
1 4 5 
5 19 8 
9 16 
8 17 
11 18 
16 
17 
13 
3 
15 
18 
19 
4 
# clone tree 27 objective: 1.42865
0 6 12 
12 15 7 
7 11 14 
14 2 
2 13 1 
6 10 
10 3 9 
1 4 5 
5 18 8 
9 19 16 
8 17 
11 
16 
17 
13 
3 
15 
18 
19 
4 
# clone tree 28 objective: 1.42865
0 6 12 
12 4 7 
7 11 14 
14 2 
2 3 1 
6 13 10 
10 9 
1 5 
5 19 8 
9 15 16 
8 17 
11 18 
16 
17 
13 
3 
15 
18 
19 
4 
# clone tree 29 objective: 1.42868
0 6 12 
12 15 7 
7 11 14 
14 2 
2 1 
6 13 10 
10 3 9 
1 4 5 
5 19 8 
9 16 
8 17 
11 18 
16 
17 
13 
3 
15 
18 
19 
4 
# clone tree 30 objective: 1.4291
0 6 12 
12 4 7 
7 11 14 
14 2 
2 13 1 
6 15 10 
10 3 9 
1 5 
5 19 8 
9 16 
8 17 
11 18 
16 
17 
13 
3 
15 
18 
19 
4 
# clone tree 31 objective: 1.42929
0 6 12 
12 15 7 
7 11 14 
14 2 
2 3 1 
6 13 10 
10 9 
1 4 5 
5 18 8 
9 16 
8 17 
11 19 
16 
17 
13 
3 
15 
18 
19 
4 
# clone tree 32 objective: 1.42947
0 6 12 
12 7 
7 11 14 
14 2 
2 1 
6 15 10 
10 8 9 
1 5 
5 13 17 
9 19 16 
8 4 3 
11 18 
16 
17 
13 
3 
15 
18 
19 
4 
# clone tree 33 objective: 1.42949
0 6 12 
12 7 
7 11 14 
14 2 
2 1 
6 10 
10 8 9 
1 4 5 
5 18 13 17 
9 15 16 
8 3 
11 19 
16 
17 
13 
3 
15 
18 
19 
4 
# clone tree 34 objective: 1.42954
0 6 12 
12 15 7 
7 11 14 
14 2 
2 13 1 
6 10 
10 3 9 
1 4 5 
5 18 8 
9 16 
8 17 
11 19 
16 
17 
13 
3 
15 
18 
19 
4 
# clone tree 35 objective: 1.4296
0 6 12 
12 15 7 
7 11 14 
14 2 
2 3 1 
6 10 
10 16 9 
1 4 5 
5 18 8 
9 13 
8 17 
11 19 
16 
17 
13 
3 
15 
18 
19 
4 
# clone tree 36 objective: 1.42966
0 6 12 
12 7 
7 11 14 
14 2 
2 1 
6 15 10 
10 8 9 
1 5 
5 18 13 17 
9 19 16 
8 4 3 
11 
16 
17 
13 
3 
15 
18 
19 
4 
# clone tree 37 objective: 1.43007
0 6 12 
12 4 7 
7 11 14 
14 2 
2 1 
6 10 
10 8 9 
1 5 
5 18 13 17 
9 15 16 
8 3 
11 19 
16 
17 
13 
3 
15 
18 
19 
4 
# clone tree 38 objective: 1.43014
0 6 12 
12 4 15 7 
7 11 14 
14 2 
2 1 
6 10 
10 8 9 
1 5 
5 19 13 17 
9 16 
8 3 
11 18 
16 
17 
13 
3 
15 
18 
19 
4 
# clone tree 39 objective: 1.43046
0 6 12 
12 7 
7 11 14 
14 2 
2 3 1 
6 15 10 
10 16 9 
1 4 5 
5 19 8 
9 13 
8 17 
11 18 
16 
17 
13 
3 
15 
18 
19 
4 
# clone tree 40 objective: 1.43049
0 6 12 
12 7 
7 11 14 
14 2 
2 1 
6 15 10 
10 8 9 
1 4 5 
5 13 17 
9 19 16 
8 3 
11 18 
16 
17 
13 
3 
15 
18 
19 
4 
# clone tree 41 objective: 1.43055
0 6 12 
12 7 
7 11 14 
14 2 
2 1 
6 15 10 
10 8 9 
1 5 
5 18 13 17 
9 16 
8 4 3 
11 19 
16 
17 
13 
3 
15 
18 
19 
4 
# clone tree 42 objective: 1.43057
0 6 12 
12 7 
7 11 14 
14 2 
2 1 
6 13 10 
10 3 9 
1 4 5 
5 19 8 
9 15 16 
8 17 
11 18 
16 
17 
13 
3 
15 
18 
19 
4 
# clone tree 43 objective: 1.43067
0 6 12 
12 7 
7 11 14 
14 2 
2 1 
6 15 10 
10 8 9 
1 4 5 
5 18 13 17 
9 19 16 
8 3 
11 
16 
17 
13 
3 
15 
18 
19 
4 
# clone tree 44 objective: 1.43105
0 6 12 
12 4 7 
7 11 14 
14 2 
2 3 1 
6 15 10 
10 16 9 
1 5 
5 19 8 
9 13 
8 17 
11 18 
16 
17 
13 
3 
15 
18 
19 
4 
# clone tree 45 objective: 1.43107
0 6 12 
12 4 7 
7 11 14 
14 2 
2 1 
6 15 10 
10 8 9 
1 5 
5 13 17 
9 19 16 
8 3 
11 18 
16 
17 
13 
3 
15 
18 
19 
4 
# clone tree 46 objective: 1.43115
0 6 12 
12 4 7 
7 11 14 
14 2 
2 1 
6 13 10 
10 3 9 
1 5 
5 19 8 
9 15 16 
8 17 
11 18 
16 
17 
13 
3 
15 
18 
19 
4 
# clone tree 47 objective: 1.43118
0 6 12 
12 7 
7 11 14 
14 2 
2 3 1 
6 13 10 
10 9 
1 4 5 
5 18 8 
9 15 16 
8 17 
11 19 
16 
17 
13 
3 
15 
18 
19 
4 
# clone tree 48 objective: 1.43126
0 6 12 
12 4 7 
7 11 14 
14 2 
2 1 
6 15 10 
10 8 9 
1 5 
5 18 13 17 
9 19 16 
8 3 
11 
16 
17 
13 
3 
15 
18 
19 
4 
# clone tree 49 objective: 1.43143
0 6 12 
12 7 
7 11 14 
14 2 
2 13 1 
6 10 
10 3 9 
1 4 5 
5 18 8 
9 15 16 
8 17 
11 19 
16 
17 
13 
3 
15 
18 
19 
4 
