# clone tree 0 objective: 0.780763
0 4 10 
10 8 
8 14 18 1 
1 19 15 
11 17 7 9 
15 11 
4 6 5 16 
9 12 13 
16 3 
13 2 
18 
19 
5 
12 
3 
2 
7 
6 
17 
14 
# clone tree 1 objective: 0.781303
0 4 10 
10 2 8 
8 14 18 1 
1 19 15 
11 17 7 9 
15 11 
4 6 5 16 
9 12 13 
16 3 
13 
18 
19 
5 
12 
3 
2 
7 
6 
17 
14 
# clone tree 2 objective: 0.783196
0 4 10 
10 2 8 
8 14 18 1 
1 15 
11 17 7 9 
15 11 
4 6 5 16 
9 12 13 
16 3 
13 19 
18 
19 
5 
12 
3 
2 
7 
6 
17 
14 
# clone tree 3 objective: 0.790864
0 4 10 
10 8 
8 14 18 1 
1 19 15 
11 6 7 9 
15 11 
4 17 5 16 
9 12 13 
16 3 
13 2 
18 
19 
5 
12 
3 
2 
7 
6 
17 
14 
# clone tree 4 objective: 0.791404
0 4 10 
10 2 8 
8 14 18 1 
1 19 15 
11 6 7 9 
15 11 
4 17 5 16 
9 12 13 
16 3 
13 
18 
19 
5 
12 
3 
2 
7 
6 
17 
14 
# clone tree 5 objective: 0.792194
0 4 10 
10 8 
8 14 2 18 1 
1 19 15 
11 17 7 9 
15 11 
4 6 5 16 
9 12 13 
16 3 
13 
18 
19 
5 
12 
3 
2 
7 
6 
17 
14 
# clone tree 6 objective: 0.793297
0 4 10 
10 2 8 
8 14 18 1 
1 15 
11 6 7 9 
15 11 
4 17 5 16 
9 12 13 
16 3 
13 19 
18 
19 
5 
12 
3 
2 
7 
6 
17 
14 
# clone tree 7 objective: 0.794087
0 4 10 
10 8 
8 14 2 18 1 
1 15 
11 17 7 9 
15 11 
4 6 5 16 
9 12 13 
16 3 
13 19 
18 
19 
5 
12 
3 
2 
7 
6 
17 
14 
# clone tree 8 objective: 0.794994
0 4 10 
10 2 8 
8 14 18 1 
1 19 15 
11 7 9 
15 11 
4 6 5 16 
9 12 13 
16 3 
13 17 
18 
19 
5 
12 
3 
2 
7 
6 
17 
14 
# clone tree 9 objective: 0.795101
0 4 10 
10 2 8 
8 14 18 1 
1 19 15 
11 17 7 9 
15 11 
4 5 16 
9 12 13 
16 3 
13 6 
18 
19 
5 
12 
3 
2 
7 
6 
17 
14 
# clone tree 10 objective: 0.795491
0 4 10 
10 8 
8 14 18 1 
1 19 15 
11 17 7 9 
15 11 
4 6 5 16 
9 2 12 13 
16 3 
13 
18 
19 
5 
12 
3 
2 
7 
6 
17 
14 
# clone tree 11 objective: 0.797384
0 4 10 
10 8 
8 14 18 1 
1 15 
11 17 7 9 
15 11 
4 6 5 16 
9 2 12 13 
16 3 
13 19 
18 
19 
5 
12 
3 
2 
7 
6 
17 
14 
# clone tree 12 objective: 0.797896
0 4 10 
10 8 
8 18 1 
1 19 15 
11 17 7 9 
15 11 
4 14 6 5 16 
9 12 13 
16 3 
13 2 
18 
19 
5 
12 
3 
2 
7 
6 
17 
14 
# clone tree 13 objective: 0.798306
0 4 10 
10 2 8 
8 14 18 1 
1 19 15 
11 7 9 
15 11 
4 17 5 16 
9 12 13 
16 3 
13 6 
18 
19 
5 
12 
3 
2 
7 
6 
17 
14 
# clone tree 14 objective: 0.798436
0 4 10 
10 2 8 
8 18 1 
1 19 15 
11 17 7 9 
15 11 
4 14 6 5 16 
9 12 13 
16 3 
13 
18 
19 
5 
12 
3 
2 
7 
6 
17 
14 
# clone tree 15 objective: 0.800329
0 4 10 
10 2 8 
8 18 1 
1 15 
11 17 7 9 
15 11 
4 14 6 5 16 
9 12 13 
16 3 
13 19 
18 
19 
5 
12 
3 
2 
7 
6 
17 
14 
# clone tree 16 objective: 0.8009
0 4 10 
10 2 8 
8 19 1 
1 15 
11 7 18 9 
15 11 
4 14 6 5 16 
9 12 13 
16 3 
13 17 
18 
19 
5 
12 
3 
2 
7 
6 
17 
14 
# clone tree 17 objective: 0.80189
0 4 10 
10 2 8 
8 14 18 1 
1 19 15 
11 6 7 9 
15 11 
4 5 16 
9 12 13 
16 3 
13 17 
18 
19 
5 
12 
3 
2 
7 
6 
17 
14 
# clone tree 18 objective: 0.802295
0 4 10 
10 8 
8 14 2 18 1 
1 19 15 
11 6 7 9 
15 11 
4 17 5 16 
9 12 13 
16 3 
13 
18 
19 
5 
12 
3 
2 
7 
6 
17 
14 
# clone tree 19 objective: 0.80265
0 4 10 
10 8 
8 14 18 1 
1 7 15 
11 17 12 9 
15 11 
4 6 5 16 
9 2 13 
16 3 
13 19 
18 
19 
5 
12 
3 
2 
7 
6 
17 
14 
# clone tree 20 objective: 0.802769
0 4 10 
10 8 
8 14 18 1 
1 19 15 
11 7 9 
15 11 
4 6 5 16 
9 12 13 
16 3 
13 2 
18 
19 
5 
12 
3 
2 
7 
6 17 
17 
14 
# clone tree 21 objective: 0.803
0 4 10 
10 8 
8 14 12 1 
1 15 
11 7 18 9 
15 11 
4 6 5 16 
9 2 13 
16 3 
13 19 
18 
19 
5 
12 
3 
2 
7 
6 17 
17 
14 
# clone tree 22 objective: 0.803309
0 4 10 
10 2 8 
8 14 18 1 
1 19 15 
11 7 9 
15 11 
4 6 5 16 
9 12 13 
16 3 
13 
18 
19 
5 
12 
3 
2 
7 
6 17 
17 
14 
# clone tree 23 objective: 0.804188
0 4 10 
10 8 
8 14 2 18 1 
1 15 
11 6 7 9 
15 11 
4 17 5 16 
9 12 13 
16 3 
13 19 
18 
19 
5 
12 
3 
2 
7 
6 
17 
14 
# clone tree 24 objective: 0.804278
0 4 10 
10 2 8 
8 19 1 
1 15 
11 7 18 9 
15 11 
4 14 17 5 16 
9 12 13 
16 3 
13 6 
18 
19 
5 
12 
3 
2 
7 
6 
17 
14 
# clone tree 25 objective: 0.805202
0 4 10 
10 2 8 
8 14 18 1 
1 15 
11 7 9 
15 11 
4 6 5 16 
9 12 13 
16 3 
13 19 
18 
19 
5 
12 
3 
2 
7 
6 17 
17 
14 
# clone tree 26 objective: 0.805307
0 4 10 
10 2 8 
8 3 1 
1 15 
11 7 18 9 
15 11 
4 14 6 5 16 
9 12 13 
16 17 
13 19 
18 
19 
5 
12 
3 
2 
7 
6 
17 
14 
# clone tree 27 objective: 0.805513
0 4 10 
10 2 8 
8 14 1 
1 15 
11 7 18 9 
15 11 
4 6 5 16 
9 12 13 
16 3 
13 19 
18 
19 
5 
12 
3 
2 
7 
6 17 
17 
14 
# clone tree 28 objective: 0.805592
0 4 10 
10 8 
8 14 18 1 
1 19 15 
11 6 7 9 
15 11 
4 17 5 16 
9 2 12 13 
16 3 
13 
18 
19 
5 
12 
3 
2 
7 
6 
17 
14 
# clone tree 29 objective: 0.805885
0 4 10 
10 8 
8 14 2 18 1 
1 19 15 
11 7 9 
15 11 
4 6 5 16 
9 12 13 
16 3 
13 17 
18 
19 
5 
12 
3 
2 
7 
6 
17 
14 
# clone tree 30 objective: 0.806897
0 4 10 
10 8 
8 14 18 1 
1 19 15 
11 7 2 9 
15 11 
4 6 5 16 
9 12 13 
16 3 
13 17 
18 
19 
5 
12 
3 
2 
7 
6 
17 
14 
# clone tree 31 objective: 0.807485
0 4 10 
10 8 
8 14 18 1 
1 15 
11 6 7 9 
15 11 
4 17 5 16 
9 2 12 13 
16 3 
13 19 
18 
19 
5 
12 
3 
2 
7 
6 
17 
14 
# clone tree 32 objective: 0.808063
0 4 10 
10 8 
8 18 1 
1 19 15 
11 6 7 9 
15 11 
4 14 17 5 16 
9 12 13 
16 3 
13 2 
18 
19 
5 
12 
3 
2 
7 
6 
17 
14 
# clone tree 33 objective: 0.808603
0 4 10 
10 8 
8 3 19 1 
1 15 
11 7 18 9 
15 11 
4 14 6 5 16 
9 12 13 
16 17 
13 2 
18 
19 
5 
12 
3 
2 
7 
6 
17 
14 
# clone tree 34 objective: 0.808603
0 4 10 
10 2 8 
8 18 1 
1 19 15 
11 6 7 9 
15 11 
4 14 17 5 16 
9 12 13 
16 3 
13 
18 
19 
5 
12 
3 
2 
7 
6 
17 
14 
# clone tree 35 objective: 0.808675
0 4 10 
10 8 
8 19 1 
1 15 
11 7 18 9 
15 11 
4 14 6 5 16 
9 12 13 
16 3 
13 2 
18 
19 
5 
12 
3 
2 
7 
6 17 
17 
14 
# clone tree 36 objective: 0.809143
0 4 10 
10 2 8 
8 3 19 1 
1 15 
11 7 18 9 
15 11 
4 14 6 5 16 
9 12 13 
16 17 
13 
18 
19 
5 
12 
3 
2 
7 
6 
17 
14 
# clone tree 37 objective: 0.809215
0 4 10 
10 2 8 
8 19 1 
1 15 
11 7 18 9 
15 11 
4 14 6 5 16 
9 12 13 
16 3 
13 
18 
19 
5 
12 
3 
2 
7 
6 17 
17 
14 
# clone tree 38 objective: 0.809327
0 4 10 
10 8 
8 2 18 1 
1 19 15 
11 17 7 9 
15 11 
4 14 6 5 16 
9 12 13 
16 3 
13 
18 
19 
5 
12 
3 
2 
7 
6 
17 
14 
# clone tree 39 objective: 0.810496
0 4 10 
10 2 8 
8 18 1 
1 15 
11 6 7 9 
15 11 
4 14 17 5 16 
9 12 13 
16 3 
13 19 
18 
19 
5 
12 
3 
2 
7 
6 
17 
14 
# clone tree 40 objective: 0.81122
0 4 10 
10 8 
8 2 18 1 
1 15 
11 17 7 9 
15 11 
4 14 6 5 16 
9 12 13 
16 3 
13 19 
18 
19 
5 
12 
3 
2 
7 
6 
17 
14 
# clone tree 41 objective: 0.812127
0 4 10 
10 2 8 
8 18 1 
1 19 15 
11 7 9 
15 11 
4 14 6 5 16 
9 12 13 
16 3 
13 17 
18 
19 
5 
12 
3 
2 
7 
6 
17 
14 
# clone tree 42 objective: 0.812234
0 4 10 
10 2 8 
8 18 1 
1 19 15 
11 17 7 9 
15 11 
4 14 5 16 
9 12 13 
16 3 
13 6 
18 
19 
5 
12 
3 
2 
7 
6 
17 
14 
# clone tree 43 objective: 0.812461
0 4 10 
10 8 
8 3 12 1 
1 15 
11 7 18 9 
15 11 
4 14 6 5 16 
9 2 13 
16 17 
13 19 
18 
19 
5 
12 
3 
2 
7 
6 
17 
14 
# clone tree 44 objective: 0.812624
0 4 10 
10 8 
8 18 1 
1 19 15 
11 17 7 9 
15 11 
4 14 6 5 16 
9 2 12 13 
16 3 
13 
18 
19 
5 
12 
3 
2 
7 
6 
17 
14 
# clone tree 45 objective: 0.81282
0 4 10 
10 2 8 
8 18 1 
1 19 15 
11 17 7 9 
15 11 
4 6 5 16 
9 12 13 
16 3 
13 14 
18 
19 
5 
12 
3 
2 
7 
6 
17 
14 
# clone tree 46 objective: 0.813058
0 4 10 
10 8 
8 18 1 
1 19 15 
11 14 17 7 9 
15 11 
4 6 5 16 
9 12 13 
16 3 
13 2 
18 
19 
5 
12 
3 
2 
7 
6 
17 
14 
# clone tree 47 objective: 0.813159
0 4 10 
10 8 
8 18 1 
1 19 15 
11 14 6 7 9 
15 11 
4 17 5 16 
9 12 13 
16 3 
13 2 
18 
19 
5 
12 
3 
2 
7 
6 
17 
14 
# clone tree 48 objective: 0.81348
0 4 10 
10 2 8 
8 19 1 
1 15 
11 14 7 18 9 
15 11 
4 6 5 16 
9 12 13 
16 3 
13 17 
18 
19 
5 
12 
3 
2 
7 
6 
17 
14 
# clone tree 49 objective: 0.813598
0 4 10 
10 2 8 
8 18 1 
1 19 15 
11 14 17 7 9 
15 11 
4 6 5 16 
9 12 13 
16 3 
13 
18 
19 
5 
12 
3 
2 
7 
6 
17 
14 
