# clone tree 0 objective: 1.23218
0 8 
8 7 
7 5 3 
3 6 
4 10 
6 4 
10 17 11 
11 12 19 2 15 
5 16 13 
15 14 
13 18 
2 1 
19 
14 
18 9 
16 
1 
17 
9 
12 
# clone tree 1 objective: 1.23796
0 8 
8 7 
7 5 3 
3 6 
4 10 
6 4 
10 11 
11 12 19 2 15 
5 16 13 
15 14 
13 18 
2 1 
19 17 
14 
18 9 
16 
1 
17 
9 
12 
# clone tree 2 objective: 1.23856
0 8 
8 7 
7 5 3 
3 6 
4 10 
6 4 
10 11 
11 12 19 2 15 
5 16 13 
15 1 14 
13 18 
2 17 
19 
14 
18 9 
16 
1 
17 
9 
12 
# clone tree 3 objective: 1.23924
0 8 
8 7 
7 5 3 
3 6 
4 10 
6 4 
10 17 11 
11 12 19 2 15 
5 16 13 
15 9 14 
13 18 
2 1 
19 
14 
18 
16 
1 
17 
9 
12 
# clone tree 4 objective: 1.24191
0 8 
8 7 
7 5 3 
3 6 
4 10 
6 4 
10 17 11 
11 19 2 15 
5 16 13 
15 14 
13 18 
2 1 
19 
14 
18 9 
16 
1 12 
17 
9 
12 
# clone tree 5 objective: 1.24229
0 8 
8 7 
7 5 3 
3 6 
4 10 
6 4 
10 11 
11 12 19 2 15 
5 16 13 
15 14 
13 18 
2 17 
19 
14 1 
18 9 
16 
1 
17 
9 
12 
# clone tree 6 objective: 1.24238
0 1 8 
8 7 
7 5 3 
3 6 
4 10 
6 4 
10 11 
11 12 19 2 15 
5 16 13 
15 14 
13 18 
2 17 
19 
14 
18 9 
16 
1 
17 
9 
12 
# clone tree 7 objective: 1.24453
0 8 
8 7 
7 5 3 
3 12 6 
4 10 
6 4 
10 17 11 
11 19 2 15 
5 16 13 
15 14 
13 18 
2 1 
19 
14 
18 9 
16 
1 
17 
9 
12 
# clone tree 8 objective: 1.24503
0 8 
8 7 
7 5 3 
3 6 
4 10 
6 4 
10 11 
11 12 19 2 15 
5 16 13 
15 9 14 
13 18 
2 1 
19 17 
14 
18 
16 
1 
17 
9 
12 
# clone tree 9 objective: 1.24727
0 8 
8 7 
7 5 3 
3 6 
4 10 
6 4 
10 11 
11 19 2 15 
5 16 13 
15 1 14 
13 18 
2 12 17 
19 
14 
18 9 
16 
1 
17 
9 
12 
# clone tree 10 objective: 1.24766
0 8 
8 7 
7 5 3 
3 6 
4 10 
6 4 
10 11 
11 12 17 19 15 
5 16 18 2 
15 13 
13 9 14 
2 1 
19 
14 
18 
16 
1 
17 
9 
12 
# clone tree 11 objective: 1.2477
0 8 
8 7 
7 5 3 
3 6 
4 10 
6 4 
10 11 
11 19 2 15 
5 16 13 
15 14 
13 18 
2 1 
19 17 
14 
18 9 
16 
1 12 
17 
9 
12 
# clone tree 12 objective: 1.2483
0 8 
8 7 
7 5 3 
3 6 
4 10 
6 4 
10 11 
11 19 2 15 
5 16 13 
15 1 14 
13 18 
2 17 
19 
14 
18 9 
16 
1 12 
17 
9 
12 
# clone tree 13 objective: 1.24857
0 8 
8 7 
7 5 3 
3 6 
4 10 
6 4 
10 17 11 
11 12 19 2 15 
5 16 13 
15 18 
13 9 14 
2 1 
19 
14 
18 
16 
1 
17 
9 
12 
# clone tree 14 objective: 1.24884
0 8 
8 7 
7 5 3 
3 6 
4 10 
6 4 
10 11 
11 12 19 2 15 
5 16 13 
15 17 14 
13 18 
2 1 
19 
14 
18 9 
16 
1 
17 
9 
12 
# clone tree 15 objective: 1.24898
0 8 
8 7 
7 5 3 
3 6 
4 10 
6 4 
10 17 11 
11 19 2 15 
5 16 13 
15 9 14 
13 18 
2 1 
19 
14 
18 
16 
1 12 
17 
9 
12 
# clone tree 16 objective: 1.24935
0 8 
8 7 
7 5 3 
3 6 
4 10 
6 4 
10 11 
11 12 19 2 15 
5 16 13 
15 9 14 
13 18 
2 17 
19 
14 1 
18 
16 
1 
17 
9 
12 
# clone tree 17 objective: 1.24945
0 1 8 
8 7 
7 5 3 
3 6 
4 10 
6 4 
10 11 
11 12 19 2 15 
5 16 13 
15 9 14 
13 18 
2 17 
19 
14 
18 
16 
1 
17 
9 
12 
# clone tree 18 objective: 1.24979
0 8 
8 7 
7 5 3 
3 6 
4 10 
6 4 
10 17 11 
11 12 19 15 
5 16 18 2 
15 13 
13 9 14 
2 1 
19 
14 
18 
16 
1 
17 
9 
12 
# clone tree 19 objective: 1.25032
0 8 
8 7 
7 5 3 
3 12 6 
4 10 
6 4 
10 11 
11 19 2 15 
5 16 13 
15 14 
13 18 
2 1 
19 17 
14 
18 9 
16 
1 
17 
9 
12 
# clone tree 20 objective: 1.25032
0 8 
8 7 
7 5 3 
3 6 
4 9 10 
6 4 
10 17 11 
11 12 19 2 15 
5 16 13 
15 14 
13 18 
2 1 
19 
14 
18 
16 
1 
17 
9 
12 
# clone tree 21 objective: 1.25076
0 8 
8 7 
7 5 3 
3 6 
4 10 
6 4 
10 1 11 
11 12 19 2 15 
5 16 13 
15 14 
13 18 
2 17 
19 
14 
18 9 
16 
1 
17 
9 
12 
# clone tree 22 objective: 1.25091
0 8 
8 7 
7 5 3 
3 12 6 
4 10 
6 4 
10 11 
11 19 2 15 
5 16 13 
15 1 14 
13 18 
2 17 
19 
14 
18 9 
16 
1 
17 
9 
12 
# clone tree 23 objective: 1.251
0 8 
8 7 
7 5 3 
3 6 
4 10 
6 4 
10 11 
11 19 2 15 
5 16 13 
15 14 
13 18 
2 12 17 
19 
14 1 
18 9 
16 
1 
17 
9 
12 
# clone tree 24 objective: 1.25109
0 1 8 
8 7 
7 5 3 
3 6 
4 10 
6 4 
10 11 
11 19 2 15 
5 16 13 
15 14 
13 18 
2 12 17 
19 
14 
18 9 
16 
1 
17 
9 
12 
# clone tree 25 objective: 1.25159
0 8 
8 7 
7 5 3 
3 12 6 
4 10 
6 4 
10 17 11 
11 19 2 15 
5 16 13 
15 9 14 
13 18 
2 1 
19 
14 
18 
16 
1 
17 
9 
12 
# clone tree 26 objective: 1.25212
0 1 8 
8 7 
7 5 3 
3 6 
4 10 
6 4 
10 11 
11 19 2 15 
5 16 13 
15 14 
13 18 
2 17 
19 
14 
18 9 
16 
1 12 
17 
9 
12 
# clone tree 27 objective: 1.25365
0 8 
8 7 
7 5 3 
3 6 
4 10 
6 4 
10 11 
11 12 17 19 15 
5 16 18 2 
15 13 
13 14 
2 1 
19 
14 
18 9 
16 
1 
17 
9 
12 
# clone tree 28 objective: 1.25436
0 8 
8 7 
7 5 3 
3 6 
4 10 
6 4 
10 11 
11 12 19 2 15 
5 16 13 
15 18 
13 9 14 
2 1 
19 17 
14 
18 
16 
1 
17 
9 
12 
# clone tree 29 objective: 1.25464
0 8 
8 7 
7 5 3 
3 12 6 
4 10 
6 4 
10 11 
11 19 2 15 
5 16 13 
15 14 
13 18 
2 17 
19 
14 1 
18 9 
16 
1 
17 
9 
12 
# clone tree 30 objective: 1.25473
0 1 8 
8 7 
7 5 3 
3 12 6 
4 10 
6 4 
10 11 
11 19 2 15 
5 16 13 
15 14 
13 18 
2 17 
19 
14 
18 9 
16 
1 
17 
9 
12 
# clone tree 31 objective: 1.25477
0 8 
8 7 
7 5 3 
3 6 
4 10 
6 4 
10 11 
11 19 2 15 
5 16 13 
15 9 14 
13 18 
2 1 
19 17 
14 
18 
16 
1 12 
17 
9 
12 
# clone tree 32 objective: 1.2548
0 8 
8 7 
7 5 3 
3 17 6 
4 10 
6 4 
10 11 
11 12 19 2 15 
5 16 13 
15 14 
13 18 
2 1 
19 
14 
18 9 
16 
1 
17 
9 
12 
# clone tree 33 objective: 1.25513
0 8 
8 7 
7 5 3 
3 6 
4 10 
6 4 
10 11 
11 12 19 2 15 
5 16 13 
15 14 
13 18 
2 17 
19 
14 
18 9 
16 1 
1 
17 
9 
12 
# clone tree 34 objective: 1.25525
0 8 
8 7 
7 17 5 3 
3 6 
4 10 
6 4 
10 11 
11 12 19 2 15 
5 16 13 
15 14 
13 18 
2 1 
19 
14 
18 9 
16 
1 
17 
9 
12 
# clone tree 35 objective: 1.25528
0 8 
8 7 
7 5 3 
3 6 
4 10 
6 4 
10 11 
11 12 1 19 15 
5 16 18 2 
15 13 
13 9 14 
2 17 
19 
14 
18 
16 
1 
17 
9 
12 
# clone tree 36 objective: 1.25558
0 8 
8 7 
7 5 3 
3 6 
4 10 
6 4 
10 11 
11 12 19 15 
5 16 18 2 
15 13 
13 9 14 
2 1 
19 17 
14 
18 
16 
1 
17 
9 
12 
# clone tree 37 objective: 1.25562
0 8 
8 7 
7 5 3 
3 6 
4 10 
6 4 
10 11 
11 12 19 2 15 
5 16 13 
15 14 
13 17 18 
2 1 
19 
14 
18 9 
16 
1 
17 
9 
12 
# clone tree 38 objective: 1.25578
0 8 
8 7 
7 5 3 
3 6 
4 10 
6 4 
10 17 11 
11 12 19 15 
5 16 18 2 
15 13 
13 14 
2 1 
19 
14 
18 9 
16 
1 
17 
9 
12 
# clone tree 39 objective: 1.25611
0 8 
8 7 
7 5 3 
3 6 
4 9 10 
6 4 
10 11 
11 12 19 2 15 
5 16 13 
15 14 
13 18 
2 1 
19 17 
14 
18 
16 
1 
17 
9 
12 
# clone tree 40 objective: 1.25642
0 8 
8 7 
7 5 3 
3 6 
4 11 
6 4 
10 12 17 19 15 
11 10 
5 16 18 2 
15 13 
13 14 
2 1 
19 
14 
18 9 
16 
1 
17 
9 
12 
# clone tree 41 objective: 1.25671
0 8 
8 7 
7 5 3 
3 6 
4 9 10 
6 4 
10 11 
11 12 19 2 15 
5 16 13 
15 1 14 
13 18 
2 17 
19 
14 
18 
16 
1 
17 
9 
12 
# clone tree 42 objective: 1.25738
0 8 
8 7 
7 5 3 
3 12 6 
4 10 
6 4 
10 11 
11 19 2 15 
5 16 13 
15 9 14 
13 18 
2 1 
19 17 
14 
18 
16 
1 
17 
9 
12 
# clone tree 43 objective: 1.25782
0 8 
8 7 
7 5 3 
3 6 
4 10 
6 4 
10 11 
11 12 19 2 15 
5 16 13 
15 14 
13 18 
2 17 
19 
14 
18 9 
16 
1 
17 1 
9 
12 
# clone tree 44 objective: 1.25782
0 8 
8 7 
7 5 3 
3 6 
4 10 
6 4 
10 1 11 
11 12 19 2 15 
5 16 13 
15 9 14 
13 18 
2 17 
19 
14 
18 
16 
1 
17 
9 
12 
# clone tree 45 objective: 1.25806
0 8 
8 7 
7 5 3 
3 6 
4 10 
6 4 
10 11 
11 19 2 15 
5 16 13 
15 9 14 
13 18 
2 12 17 
19 
14 1 
18 
16 
1 
17 
9 
12 
# clone tree 46 objective: 1.25815
0 1 8 
8 7 
7 5 3 
3 6 
4 10 
6 4 
10 11 
11 19 2 15 
5 16 13 
15 9 14 
13 18 
2 12 17 
19 
14 
18 
16 
1 
17 
9 
12 
# clone tree 47 objective: 1.25831
0 8 
8 7 
7 5 3 
3 6 
4 10 
6 4 
10 17 11 
11 19 2 15 
5 16 13 
15 18 
13 9 14 
2 1 
19 
14 
18 
16 
1 12 
17 
9 
12 
# clone tree 48 objective: 1.25858
0 8 
8 7 
7 5 3 
3 6 
4 10 
6 4 
10 11 
11 19 2 15 
5 16 13 
15 17 14 
13 18 
2 1 
19 
14 
18 9 
16 
1 12 
17 
9 
12 
# clone tree 49 objective: 1.25869
0 8 
8 7 
7 5 3 
3 6 
4 10 
6 4 
10 11 
11 12 19 2 15 
5 16 13 
15 18 
13 9 14 
2 17 
19 
14 1 
18 
16 
1 
17 
9 
12 
