# clone tree 0 objective: 1.1706
0 10 8 
8 17 4 12 
12 15 13 
13 18 3 
10 11 
11 2 
3 14 16 
2 5 
5 1 7 
16 6 
4 19 
18 
7 9 
6 
15 
14 
1 
19 
17 
9 
# clone tree 1 objective: 1.17469
0 10 8 
8 4 12 
12 15 13 
13 18 3 
10 11 
11 2 
3 14 16 
2 5 
5 1 7 
16 6 
4 19 
18 
7 9 
6 17 
15 
14 
1 
19 
17 
9 
# clone tree 2 objective: 1.18054
0 10 8 
8 17 4 12 
12 15 13 
13 18 3 
10 11 
11 2 
3 14 16 
2 5 
5 1 7 
16 6 
4 19 
18 
7 
6 9 
15 
14 
1 
19 
17 
9 
# clone tree 3 objective: 1.18059
0 10 8 
8 4 12 
12 15 13 
13 18 3 
10 11 
11 2 
3 14 16 
2 5 
5 17 1 7 
16 6 
4 19 
18 
7 9 
6 
15 
14 
1 
19 
17 
9 
# clone tree 4 objective: 1.18166
0 10 8 
8 4 12 
12 15 13 
13 18 3 
10 11 
11 2 
3 14 16 
2 5 
5 1 7 
16 6 
4 19 
18 
7 17 
6 9 
15 
14 
1 
19 
17 
9 
# clone tree 5 objective: 1.18232
0 10 8 
8 9 4 12 
12 15 13 
13 18 3 
10 11 
11 2 
3 14 16 
2 5 
5 1 7 
16 6 
4 19 
18 
7 17 
6 
15 
14 
1 
19 
17 
9 
# clone tree 6 objective: 1.18509
0 10 8 
8 4 12 
12 15 13 
13 18 3 
10 11 
11 2 
3 14 16 
2 5 
5 1 7 
16 6 
4 19 
18 
7 9 
6 
15 
14 
1 
19 17 
17 
9 
# clone tree 7 objective: 1.18528
0 10 8 
8 9 4 12 
12 15 13 
13 18 3 
10 11 
11 2 
3 14 16 
2 5 
5 1 7 
16 6 
4 19 
18 
7 
6 17 
15 
14 
1 
19 
17 
9 
# clone tree 8 objective: 1.18902
0 10 8 
8 9 17 4 12 
12 15 13 
13 18 3 
10 11 
11 2 
3 14 16 
2 5 
5 1 7 
16 6 
4 19 
18 
7 
6 
15 
14 
1 
19 
17 
9 
# clone tree 9 objective: 1.19052
0 10 8 
8 4 12 
12 15 13 
13 18 3 
10 11 
11 2 
3 14 16 
2 5 
5 17 1 7 
16 6 
4 19 
18 
7 
6 9 
15 
14 
1 
19 
17 
9 
# clone tree 10 objective: 1.19118
0 10 8 
8 9 4 12 
12 15 13 
13 18 3 
10 11 
11 2 
3 14 16 
2 5 
5 17 1 7 
16 6 
4 19 
18 
7 
6 
15 
14 
1 
19 
17 
9 
# clone tree 11 objective: 1.19338
0 10 8 
8 17 4 12 
12 15 13 
13 18 3 
10 11 
11 2 
3 14 16 
2 5 
5 1 7 
16 6 
4 19 
18 
7 
6 
15 
14 
1 9 
19 
17 
9 
# clone tree 12 objective: 1.19382
0 10 8 
8 4 12 
12 15 13 
13 7 3 
10 11 
11 2 
3 14 6 18 
2 5 
5 16 
16 17 
4 19 
18 1 
7 9 
6 
15 
14 
1 
19 
17 
9 
# clone tree 13 objective: 1.1945
0 10 8 
8 4 12 
12 15 13 
13 18 3 
10 11 
11 2 
3 14 16 
2 5 
5 1 7 
16 6 
4 19 
18 
7 17 
6 
15 
14 
1 9 
19 
17 
9 
# clone tree 14 objective: 1.19459
0 10 8 
8 4 12 
12 15 13 
13 1 3 
10 11 
11 2 
3 14 6 18 
2 5 
5 16 
16 17 
4 19 
18 
7 9 
6 7 
15 
14 
1 
19 
17 
9 
# clone tree 15 objective: 1.19486
0 10 8 
8 4 12 
12 15 13 
13 3 
10 11 
11 2 
3 14 6 18 
2 5 
5 16 
16 17 
4 19 
18 1 
7 9 
6 7 
15 
14 
1 
19 
17 
9 
# clone tree 16 objective: 1.19503
0 10 8 
8 4 12 
12 15 13 
13 18 3 
10 11 
11 2 
3 14 16 
2 5 
5 1 7 
16 6 
4 19 
18 
7 
6 9 
15 
14 
1 
19 17 
17 
9 
# clone tree 17 objective: 1.19569
0 10 8 
8 9 4 12 
12 15 13 
13 18 3 
10 11 
11 2 
3 14 16 
2 5 
5 1 7 
16 6 
4 19 
18 
7 
6 
15 
14 
1 
19 17 
17 
9 
# clone tree 18 objective: 1.19689
0 10 8 
8 17 4 12 
12 15 13 
13 18 3 
10 11 
11 2 
3 9 14 16 
2 5 
5 1 7 
16 6 
4 19 
18 
7 
6 
15 
14 
1 
19 
17 
9 
# clone tree 19 objective: 1.19747
0 10 8 
8 4 12 
12 15 13 
13 18 3 
10 11 
11 2 
3 14 16 
2 5 
5 1 7 
16 6 
4 19 
18 
7 
6 17 
15 
14 
1 9 
19 
17 
9 
# clone tree 20 objective: 1.1975
0 2 8 
8 4 12 
12 15 13 
13 14 10 
10 11 
11 3 
3 6 18 
2 5 
5 16 
16 17 
4 19 
18 1 
7 9 
6 7 
15 
14 
1 
19 
17 
9 
# clone tree 21 objective: 1.19802
0 10 8 
8 4 12 
12 15 13 
13 18 3 
10 11 
11 2 
3 9 14 16 
2 5 
5 1 7 
16 6 
4 19 
18 
7 17 
6 
15 
14 
1 
19 
17 
9 
# clone tree 22 objective: 1.19833
0 10 8 
8 17 4 12 
12 15 13 
13 18 3 
10 11 
11 2 
3 14 16 
2 5 
5 1 7 
16 6 
4 
18 
7 9 
6 
15 
14 
1 
19 
17 19 
9 
# clone tree 23 objective: 1.19878
0 10 8 
8 17 4 12 
12 15 13 
13 9 18 3 
10 11 
11 2 
3 14 16 
2 5 
5 1 7 
16 6 
4 19 
18 
7 
6 
15 
14 
1 
19 
17 
9 
# clone tree 24 objective: 1.19983
0 10 8 
8 17 4 12 
12 15 13 
13 14 3 
10 11 
11 2 
3 18 16 
2 5 
5 1 7 
16 6 
4 19 
18 
7 9 
6 
15 
14 
1 
19 
17 
9 
# clone tree 25 objective: 1.1999
0 10 8 
8 4 12 
12 15 13 
13 9 18 3 
10 11 
11 2 
3 14 16 
2 5 
5 1 7 
16 6 
4 19 
18 
7 17 
6 
15 
14 
1 
19 
17 
9 
# clone tree 26 objective: 1.20092
0 10 8 
8 4 12 
12 15 13 
13 18 3 
10 11 
11 2 
3 14 16 
2 5 
5 1 7 
16 6 
4 17 19 
18 
7 9 
6 
15 
14 
1 
19 
17 
9 
# clone tree 27 objective: 1.20098
0 10 8 
8 4 12 
12 15 13 
13 18 3 
10 11 
11 2 
3 9 14 16 
2 5 
5 1 7 
16 6 
4 19 
18 
7 
6 17 
15 
14 
1 
19 
17 
9 
# clone tree 28 objective: 1.20109
0 10 8 
8 4 12 
12 15 13 
13 14 3 
10 11 
11 2 
3 6 18 
2 5 
5 16 
16 17 
4 19 
18 1 
7 9 
6 7 
15 
14 
1 
19 
17 
9 
# clone tree 29 objective: 1.20247
0 10 8 
8 4 12 
12 15 13 
13 18 3 
10 17 11 
11 2 
3 14 16 
2 5 
5 1 7 
16 6 
4 19 
18 
7 9 
6 
15 
14 
1 
19 
17 
9 
# clone tree 30 objective: 1.20272
0 10 8 
8 17 4 12 
12 15 13 
13 18 3 
10 11 
11 2 
3 14 16 
2 5 
5 1 7 
16 6 
4 9 19 
18 
7 
6 
15 
14 
1 
19 
17 
9 
# clone tree 31 objective: 1.20286
0 10 8 
8 4 12 
12 15 13 
13 9 18 3 
10 11 
11 2 
3 14 16 
2 5 
5 1 7 
16 6 
4 19 
18 
7 
6 17 
15 
14 
1 
19 
17 
9 
# clone tree 32 objective: 1.20337
0 10 8 
8 4 12 
12 15 13 
13 18 3 
10 11 
11 2 
3 14 16 
2 5 
5 17 1 7 
16 6 
4 19 
18 
7 
6 
15 
14 
1 9 
19 
17 
9 
# clone tree 33 objective: 1.20376
0 10 8 
8 4 12 
12 15 13 
13 7 3 
10 11 
11 2 
3 14 6 18 
2 5 
5 16 
16 17 
4 19 
18 1 
7 
6 9 
15 
14 
1 
19 
17 
9 
# clone tree 34 objective: 1.20384
0 10 8 
8 4 12 
12 15 13 
13 18 3 
10 11 
11 2 
3 14 16 
2 5 
5 1 7 
16 6 
4 9 19 
18 
7 17 
6 
15 
14 
1 
19 
17 
9 
# clone tree 35 objective: 1.20391
0 10 8 
8 4 12 
12 15 13 
13 14 3 
10 11 
11 2 
3 18 16 
2 5 
5 1 7 
16 6 
4 19 
18 
7 9 
6 17 
15 
14 
1 
19 
17 
9 
# clone tree 36 objective: 1.20429
0 10 8 
8 4 12 
12 15 13 
13 18 3 
10 11 
11 2 
3 14 16 
2 5 
5 1 7 
16 6 
4 
18 
7 9 
6 17 
15 
14 
1 
19 
17 19 
9 
# clone tree 37 objective: 1.20442
0 10 8 
8 9 4 12 
12 15 13 
13 7 3 
10 11 
11 2 
3 14 6 18 
2 5 
5 16 
16 17 
4 19 
18 1 
7 
6 
15 
14 
1 
19 
17 
9 
# clone tree 38 objective: 1.2045
0 2 8 
8 4 12 
12 15 13 
13 14 10 
10 11 
11 7 3 
3 6 18 
2 5 
5 16 
16 17 
4 19 
18 1 
7 9 
6 
15 
14 
1 
19 
17 
9 
# clone tree 39 objective: 1.20519
0 10 8 
8 9 4 12 
12 15 13 
13 1 3 
10 11 
11 2 
3 14 6 18 
2 5 
5 16 
16 17 
4 19 
18 
7 
6 7 
15 
14 
1 
19 
17 
9 
# clone tree 40 objective: 1.20527
0 10 8 
8 4 12 
12 15 13 
13 14 3 
10 11 
11 2 
3 9 6 18 
2 5 
5 16 
16 17 
4 19 
18 1 
7 
6 7 
15 
14 
1 
19 
17 
9 
# clone tree 41 objective: 1.20528
0 10 8 
8 17 4 12 
12 15 13 
13 18 3 
10 11 
11 2 
3 14 16 
2 5 
5 1 7 
16 6 
4 
18 
7 9 
6 19 
15 
14 
1 
19 
17 
9 
# clone tree 42 objective: 1.20546
0 10 8 
8 9 4 12 
12 15 13 
13 3 
10 11 
11 2 
3 14 6 18 
2 5 
5 16 
16 17 
4 19 
18 1 
7 
6 7 
15 
14 
1 
19 
17 
9 
# clone tree 43 objective: 1.20549
0 10 8 
8 17 4 12 
12 9 15 13 
13 18 3 
10 11 
11 2 
3 14 16 
2 5 
5 1 7 
16 6 
4 19 
18 
7 
6 
15 
14 
1 
19 
17 
9 
# clone tree 44 objective: 1.20651
0 10 8 
8 17 4 12 
12 15 13 
13 18 3 
10 11 
11 2 
3 14 16 
2 5 
5 9 7 
16 6 
4 19 
18 1 
7 
6 
15 
14 
1 
19 
17 
9 
# clone tree 45 objective: 1.20661
0 10 8 
8 4 12 
12 9 15 13 
13 18 3 
10 11 
11 2 
3 14 16 
2 5 
5 1 7 
16 6 
4 19 
18 
7 17 
6 
15 
14 
1 
19 
17 
9 
# clone tree 46 objective: 1.2068
0 10 8 
8 4 12 
12 15 13 
13 18 3 
10 11 
11 2 
3 14 16 
2 5 
5 1 7 
16 6 
4 9 19 
18 
7 
6 17 
15 
14 
1 
19 
17 
9 
# clone tree 47 objective: 1.20681
0 10 8 
8 4 12 
12 15 13 
13 14 3 
10 11 
11 5 
3 18 16 
2 6 7 
5 2 
16 17 
4 19 
18 1 
7 9 
6 
15 
14 
1 
19 
17 
9 
# clone tree 48 objective: 1.20688
0 10 8 
8 4 12 
12 15 13 
13 18 3 
10 11 
11 2 
3 9 14 16 
2 5 
5 17 1 7 
16 6 
4 19 
18 
7 
6 
15 
14 
1 
19 
17 
9 
# clone tree 49 objective: 1.20728
0 10 8 
8 17 4 12 
12 15 13 
13 18 3 
10 11 
11 2 
3 14 16 
2 5 
5 1 7 
16 6 
4 
18 
7 19 
6 9 
15 
14 
1 
19 
17 
9 
# clone tree 50 objective: 1.20734
0 11 8 
8 4 12 
12 15 13 
13 7 3 
10 2 
11 10 
3 14 6 18 
2 5 
5 16 
16 17 
4 19 
18 1 
7 9 
6 
15 
14 
1 
19 
17 
9 
# clone tree 51 objective: 1.20755
0 10 8 
8 17 4 12 
12 15 13 
13 18 3 
10 11 
11 2 
3 1 14 7 
2 5 
5 16 
16 6 
4 19 
18 
7 9 
6 
15 
14 
1 
19 
17 
9 
# clone tree 52 objective: 1.20763
0 10 8 
8 4 12 
12 15 13 
13 18 3 
10 11 
11 2 
3 14 16 
2 5 
5 9 7 
16 6 
4 19 
18 1 
7 17 
6 
15 
14 
1 
19 
17 
9 
# clone tree 53 objective: 1.20765
0 10 8 
8 17 4 12 
12 15 13 
13 3 
10 11 
11 2 
3 18 16 
2 5 
5 1 7 
16 6 
4 19 
18 14 
7 9 
6 
15 
14 
1 
19 
17 
9 
# clone tree 54 objective: 1.20787
0 10 8 
8 4 12 
12 15 13 
13 18 3 
10 11 
11 2 
3 14 16 
2 5 
5 1 7 
16 6 
4 19 
18 
7 
6 
15 
14 
1 9 
19 17 
17 
9 
# clone tree 55 objective: 1.20797
0 10 8 
8 17 4 12 
12 15 13 
13 1 3 
10 11 
11 5 
3 18 16 
2 14 7 
5 2 
16 6 
4 19 
18 
7 9 
6 
15 
14 
1 
19 
17 
9 
# clone tree 56 objective: 1.20809
0 2 8 
8 9 4 12 
12 15 13 
13 14 10 
10 11 
11 3 
3 6 18 
2 5 
5 16 
16 17 
4 19 
18 1 
7 
6 7 
15 
14 
1 
19 
17 
9 
# clone tree 57 objective: 1.20811
0 11 8 
8 4 12 
12 15 13 
13 1 3 
10 2 
11 10 
3 14 6 18 
2 5 
5 16 
16 17 
4 19 
18 
7 9 
6 7 
15 
14 
1 
19 
17 
9 
# clone tree 58 objective: 1.20815
0 10 8 
8 4 12 
12 15 13 
13 18 3 
10 11 
11 2 
3 14 16 
2 5 
5 17 7 
16 6 
4 19 
18 1 
7 9 
6 
15 
14 
1 
19 
17 
9 
# clone tree 59 objective: 1.20824
0 10 8 
8 17 4 12 
12 15 13 
13 3 
10 11 
11 5 
3 18 16 
2 14 7 
5 2 
16 6 
4 19 
18 1 
7 9 
6 
15 
14 
1 
19 
17 
9 
# clone tree 60 objective: 1.20827
0 10 8 
8 17 4 12 
12 15 13 
13 18 3 
10 11 
11 2 
3 14 16 
2 5 
5 1 7 
16 6 
4 
18 
7 
6 9 
15 
14 
1 
19 
17 19 
9 
# clone tree 61 objective: 1.20838
0 11 8 
8 4 12 
12 15 13 
13 3 
10 2 
11 10 
3 14 6 18 
2 5 
5 16 
16 17 
4 19 
18 1 
7 9 
6 7 
15 
14 
1 
19 
17 
9 
# clone tree 62 objective: 1.20865
0 10 8 
8 4 12 
12 15 13 
13 1 3 
10 11 
11 2 
3 6 18 
2 5 
5 16 
16 17 
4 19 
18 14 
7 9 
6 7 
15 
14 
1 
19 
17 
9 
# clone tree 63 objective: 1.20876
0 10 8 
8 4 12 
12 15 13 
13 9 18 3 
10 11 
11 2 
3 14 16 
2 5 
5 17 1 7 
16 6 
4 19 
18 
7 
6 
15 
14 
1 
19 
17 
9 
# clone tree 64 objective: 1.20916
0 10 8 
8 4 12 
12 15 13 
13 18 3 
10 11 
11 2 
3 14 16 
2 5 
5 1 7 
16 6 
4 17 
18 
7 9 
6 
15 
14 
1 
19 
17 19 
9 
# clone tree 65 objective: 1.20958
0 10 8 
8 4 12 
12 9 15 13 
13 18 3 
10 11 
11 2 
3 14 16 
2 5 
5 1 7 
16 6 
4 19 
18 
7 
6 17 
15 
14 
1 
19 
17 
9 
# clone tree 66 objective: 1.20976
0 10 8 
8 17 4 12 
12 15 13 
13 14 3 
10 11 
11 2 
3 18 16 
2 5 
5 1 7 
16 6 
4 19 
18 
7 
6 9 
15 
14 
1 
19 
17 
9 
# clone tree 67 objective: 1.20981
0 10 8 
8 4 12 
12 15 13 
13 14 3 
10 11 
11 2 
3 18 16 
2 5 
5 17 1 7 
16 6 
4 19 
18 
7 9 
6 
15 
14 
1 
19 
17 
9 
# clone tree 68 objective: 1.21009
0 10 8 
8 17 4 12 
12 15 13 
13 18 3 
10 11 
11 2 
3 14 16 
2 5 
5 1 7 
16 6 
4 9 
18 
7 19 
6 
15 
14 
1 
19 
17 
9 
# clone tree 69 objective: 1.21053
0 10 8 
8 4 12 
12 15 13 
13 18 3 
10 11 
11 2 
3 14 16 
2 5 
5 1 7 
16 6 
4 19 
18 17 
7 9 
6 
15 
14 
1 
19 
17 
9 
# clone tree 70 objective: 1.2106
0 10 8 
8 4 12 
12 15 13 
13 18 3 
10 11 
11 2 
3 14 16 
2 5 
5 9 7 
16 6 
4 19 
18 1 
7 
6 17 
15 
14 
1 
19 
17 
9 
# clone tree 71 objective: 1.2107
0 10 8 
8 19 4 12 
12 15 13 
13 18 3 
10 11 
11 2 
3 14 16 
2 5 
5 1 7 
16 6 
4 
18 
7 9 
6 17 
15 
14 
1 
19 
17 
9 
# clone tree 72 objective: 1.21085
0 10 8 
8 4 12 
12 15 13 
13 18 3 
10 11 
11 2 
3 14 16 
2 5 
5 1 7 
16 6 
4 17 19 
18 
7 
6 9 
15 
14 
1 
19 
17 
9 
# clone tree 73 objective: 1.21088
0 10 8 
8 4 12 
12 15 13 
13 14 3 
10 11 
11 2 
3 18 16 
2 5 
5 1 7 
16 6 
4 19 
18 
7 17 
6 9 
15 
14 
1 
19 
17 
9 
# clone tree 74 objective: 1.21094
0 10 8 
8 4 12 
12 15 13 
13 6 3 
10 11 
11 2 
3 14 7 18 
2 5 
5 16 
16 17 
4 19 
18 1 
7 9 
6 
15 
14 
1 
19 
17 
9 
# clone tree 75 objective: 1.21107
0 10 8 
8 17 4 12 
12 15 13 
13 18 3 
10 11 
11 2 
3 14 16 
2 5 
5 1 7 
16 6 
4 9 
18 
7 
6 
15 
14 
1 
19 
17 19 
9 
# clone tree 76 objective: 1.21119
0 10 8 
8 17 4 12 
12 15 13 
13 18 3 
10 11 
11 2 
3 14 16 
2 5 
5 7 
16 6 
4 19 
18 1 
7 9 
6 
15 
14 
1 
19 
17 
9 
# clone tree 77 objective: 1.21138
0 10 8 
8 4 12 
12 15 13 
13 18 3 
10 11 
11 2 
3 9 14 16 
2 5 
5 1 7 
16 6 
4 19 
18 
7 
6 
15 
14 
1 
19 17 
17 
9 
# clone tree 78 objective: 1.21151
0 10 8 
8 9 4 12 
12 15 13 
13 18 3 
10 11 
11 2 
3 14 16 
2 5 
5 1 7 
16 6 
4 17 19 
18 
7 
6 
15 
14 
1 
19 
17 
9 
# clone tree 79 objective: 1.21154
0 10 8 
8 9 4 12 
12 15 13 
13 14 3 
10 11 
11 2 
3 18 16 
2 5 
5 1 7 
16 6 
4 19 
18 
7 17 
6 
15 
14 
1 
19 
17 
9 
# clone tree 80 objective: 1.21161
0 10 8 
8 17 4 12 
12 15 13 
13 18 3 
10 11 
11 2 
3 14 7 
2 5 
5 16 
16 6 
4 19 
18 1 
7 9 
6 
15 
14 
1 
19 
17 
9 
# clone tree 81 objective: 1.21163
0 10 8 
8 4 12 
12 15 13 
13 18 3 
10 11 
11 2 
3 1 14 7 
2 5 
5 16 
16 6 
4 19 
18 
7 9 
6 17 
15 
14 
1 
19 
17 
9 
# clone tree 82 objective: 1.21168
0 10 8 
8 9 4 12 
12 15 13 
13 14 3 
10 11 
11 2 
3 6 18 
2 5 
5 16 
16 17 
4 19 
18 1 
7 
6 7 
15 
14 
1 
19 
17 
9 
# clone tree 83 objective: 1.21174
0 10 8 
8 4 12 
12 15 13 
13 3 
10 11 
11 2 
3 18 16 
2 5 
5 1 7 
16 6 
4 19 
18 14 
7 9 
6 17 
15 
14 
1 
19 
17 
9 
# clone tree 84 objective: 1.21178
0 10 8 
8 4 12 
12 15 13 
13 18 3 
10 11 
11 2 
3 14 16 
2 5 
5 1 7 
16 6 
4 19 
18 
7 9 
6 
15 
14 17 
1 
19 
17 
9 
# clone tree 85 objective: 1.21186
0 10 8 
8 17 4 12 
12 15 13 
13 18 3 
10 11 
11 2 
3 14 16 
2 5 
5 19 1 7 
16 6 
4 
18 
7 9 
6 
15 
14 
1 
19 
17 
9 
# clone tree 86 objective: 1.21189
0 10 8 
8 17 4 12 
12 15 13 
13 1 3 
10 11 
11 2 
3 14 7 18 
2 5 
5 16 
16 6 
4 19 
18 
7 9 
6 
15 
14 
1 
19 
17 
9 
# clone tree 87 objective: 1.21203
0 10 8 
8 9 4 12 
12 15 13 
13 18 3 
10 11 
11 2 
3 14 16 
2 5 
5 1 7 
16 6 
4 
18 
7 19 
6 17 
15 
14 
1 
19 
17 
9 
# clone tree 88 objective: 1.21206
0 10 8 
8 4 12 
12 15 13 
13 1 3 
10 11 
11 5 
3 18 16 
2 14 7 
5 2 
16 6 
4 19 
18 
7 9 
6 17 
15 
14 
1 
19 
17 
9 
# clone tree 89 objective: 1.21216
0 10 8 
8 17 4 12 
12 15 13 
13 3 
10 11 
11 2 
3 14 7 18 
2 5 
5 16 
16 6 
4 19 
18 1 
7 9 
6 
15 
14 
1 
19 
17 
9 
# clone tree 90 objective: 1.21233
0 10 8 
8 17 4 12 
12 19 15 13 
13 18 3 
10 11 
11 2 
3 14 16 
2 5 
5 1 7 
16 6 
4 
18 
7 9 
6 
15 
14 
1 
19 
17 
9 
# clone tree 91 objective: 1.21233
0 10 8 
8 4 12 
12 15 13 
13 3 
10 11 
11 5 
3 18 16 
2 14 7 
5 2 
16 6 
4 19 
18 1 
7 9 
6 17 
15 
14 
1 
19 
17 
9 
# clone tree 92 objective: 1.21241
0 10 8 
8 4 12 
12 15 13 
13 18 3 
10 17 11 
11 2 
3 14 16 
2 5 
5 1 7 
16 6 
4 19 
18 
7 
6 9 
15 
14 
1 
19 
17 
9 
# clone tree 93 objective: 1.2127
0 10 8 
8 4 12 
12 15 13 
13 18 3 
10 11 
11 2 
3 14 16 
2 5 
5 17 1 7 
16 6 
4 9 19 
18 
7 
6 
15 
14 
1 
19 
17 
9 
# clone tree 94 objective: 1.21273
0 10 8 
8 4 12 
12 17 15 13 
13 18 3 
10 11 
11 2 
3 14 16 
2 5 
5 1 7 
16 6 
4 19 
18 
7 9 
6 
15 
14 
1 
19 
17 
9 
# clone tree 95 objective: 1.21283
0 10 8 
8 4 12 
12 15 13 
13 1 3 
10 11 
11 2 
3 9 6 18 
2 5 
5 16 
16 17 
4 19 
18 14 
7 
6 7 
15 
14 
1 
19 
17 
9 
# clone tree 96 objective: 1.21307
0 10 8 
8 9 4 12 
12 15 13 
13 18 3 
10 17 11 
11 2 
3 14 16 
2 5 
5 1 7 
16 6 
4 19 
18 
7 
6 
15 
14 
1 
19 
17 
9 
# clone tree 97 objective: 1.21319
0 10 8 
8 17 4 12 
12 15 13 
13 18 3 
10 11 
11 2 
3 14 16 
2 5 
5 9 1 7 
16 6 
4 19 
18 
7 
6 
15 
14 
1 
19 
17 
9 
# clone tree 98 objective: 1.21327
0 10 8 
8 4 12 
12 15 13 
13 9 18 3 
10 11 
11 2 
3 14 16 
2 5 
5 1 7 
16 6 
4 19 
18 
7 
6 
15 
14 
1 
19 17 
17 
9 
# clone tree 99 objective: 1.21365
0 10 8 
8 4 12 
12 15 13 
13 18 3 
10 11 
11 2 
3 14 16 
2 5 
5 1 7 
16 17 6 
4 19 
18 
7 9 
6 
15 
14 
1 
19 
17 
9 
