# clone tree 0 objective: 0.95549
0 2 11 
11 12 9 
9 16 10 
10 18 13 
2 17 6 3 
13 5 
5 14 
14 4 19 
16 1 
12 
3 15 
19 
4 7 
1 
6 8 
18 
15 
17 
8 
7 
# clone tree 1 objective: 0.960054
0 2 11 
11 9 
9 16 10 
10 18 13 
2 17 6 3 
13 5 
5 14 
14 4 19 
16 1 
12 15 
3 12 
19 
4 7 
1 
6 8 
18 
15 
17 
8 
7 
# clone tree 2 objective: 0.969243
0 2 11 
11 12 9 
9 16 10 
10 13 
2 18 6 3 
13 5 
5 14 
14 4 19 
16 17 1 
12 
3 15 
19 
4 7 
1 
6 8 
18 
15 
17 
8 
7 
# clone tree 3 objective: 0.969346
0 7 2 11 
11 12 9 
9 16 10 
10 18 13 
2 17 6 3 
13 5 
5 14 
14 4 19 
16 1 
12 
3 15 
19 
4 
1 
6 8 
18 
15 
17 
8 
7 
# clone tree 4 objective: 0.97391
0 7 2 11 
11 9 
9 16 10 
10 18 13 
2 17 6 3 
13 5 
5 14 
14 4 19 
16 1 
12 15 
3 12 
19 
4 
1 
6 8 
18 
15 
17 
8 
7 
# clone tree 5 objective: 0.977941
0 2 11 
11 12 9 
9 18 6 10 
10 19 5 
2 17 4 3 
13 14 
5 13 
14 7 16 
16 1 
12 
3 15 
19 
4 
1 
6 8 
18 
15 
17 
8 
7 
# clone tree 6 objective: 0.978064
0 2 11 
11 12 9 
9 16 10 
10 18 13 
2 17 6 3 
13 5 
5 14 
14 4 19 
16 1 
12 
3 15 
19 7 
4 
1 
6 8 
18 
15 
17 
8 
7 
# clone tree 7 objective: 0.978914
0 2 11 
11 9 
9 16 10 
10 18 13 
2 17 6 3 
13 5 
5 14 
14 4 19 
16 8 1 
12 15 
3 12 
19 
4 7 
1 
6 
18 
15 
17 
8 
7 
# clone tree 8 objective: 0.979167
0 2 11 
11 12 9 
9 16 10 
10 18 13 
2 17 6 3 
13 5 
5 14 
14 4 19 
16 1 
12 
3 15 
19 
4 7 8 
1 
6 
18 
15 
17 
8 
7 
# clone tree 9 objective: 0.979317
0 2 11 
11 9 
9 16 10 
10 13 
2 18 6 3 
13 5 
5 14 
14 4 19 
16 17 1 
12 15 
3 12 
19 
4 7 
1 
6 8 
18 
15 
17 
8 
7 
# clone tree 10 objective: 0.980338
0 2 11 
11 12 9 
9 16 10 
10 13 
2 17 6 3 
13 5 
5 14 
14 18 4 19 
16 1 
12 
3 15 
19 
4 7 
1 
6 8 
18 
15 
17 
8 
7 
# clone tree 11 objective: 0.980825
0 2 11 
11 12 9 
9 16 10 
10 18 13 
2 17 6 3 
13 5 
5 14 
14 4 19 
16 1 
12 
3 8 15 
19 
4 7 
1 
6 
18 
15 
17 
8 
7 
# clone tree 12 objective: 0.98205
0 2 11 
11 12 9 
9 16 10 
10 7 13 
2 18 6 3 
13 5 
5 14 
14 4 19 
16 17 1 
12 
3 15 
19 
4 
1 
6 8 
18 
15 
17 
8 
7 
# clone tree 13 objective: 0.982562
0 2 11 
11 9 
9 16 10 
10 7 18 13 
2 17 6 3 
13 5 
5 14 
14 4 19 
16 1 
12 15 
3 12 
19 
4 
1 
6 8 
18 
15 
17 
8 
7 
# clone tree 14 objective: 0.982628
0 2 11 
11 9 
9 16 10 
10 18 13 
2 17 6 3 
13 5 
5 14 
14 4 19 
16 1 
12 15 
3 12 
19 7 
4 
1 
6 8 
18 
15 
17 
8 
7 
# clone tree 15 objective: 0.983044
0 2 11 
11 12 9 
9 16 10 
10 7 13 
2 17 6 3 
13 5 
5 14 
14 18 4 19 
16 1 
12 
3 15 
19 
4 
1 
6 8 
18 
15 
17 
8 
7 
# clone tree 16 objective: 0.983068
0 2 11 
11 12 9 
9 16 10 
10 17 13 
2 18 6 3 
13 5 
5 14 
14 4 19 
16 1 
12 
3 15 
19 
4 7 
1 
6 8 
18 
15 
17 
8 
7 
# clone tree 17 objective: 0.983099
0 7 2 11 
11 12 9 
9 16 10 
10 13 
2 18 6 3 
13 5 
5 14 
14 4 19 
16 17 1 
12 
3 15 
19 
4 
1 
6 8 
18 
15 
17 
8 
7 
# clone tree 18 objective: 0.983731
0 2 11 
11 9 
9 16 10 
10 18 13 
2 17 6 3 
13 5 
5 14 
14 4 19 
16 1 
12 15 
3 12 
19 
4 7 8 
1 
6 
18 
15 
17 
8 
7 
# clone tree 19 objective: 0.983887
0 2 11 
11 12 9 
9 18 6 10 
10 19 5 
2 17 4 3 
13 14 
5 13 
14 16 
16 1 
12 
3 15 
19 
4 7 
1 
6 8 
18 
15 
17 
8 
7 
# clone tree 20 objective: 0.983932
0 7 2 11 
11 12 9 
9 16 10 
10 18 13 
2 17 6 3 
13 5 
5 14 
14 4 19 
16 1 
12 
3 15 
19 
4 8 
1 
6 
18 
15 
17 
8 
7 
# clone tree 21 objective: 0.983956
0 2 11 
11 12 9 
9 16 10 
10 18 13 
2 17 6 3 
13 5 
5 14 
14 4 19 
16 8 1 
12 
3 15 
19 
4 7 
1 
6 
18 
15 
17 
8 
7 
# clone tree 22 objective: 0.983956
0 2 11 
11 12 9 
9 16 10 
10 18 13 
2 17 6 3 
13 5 
5 14 
14 4 19 
16 1 
12 
3 15 
19 
4 7 
1 
6 
18 
15 
17 8 
8 
7 
# clone tree 23 objective: 0.985768
0 2 11 
11 12 9 
9 16 10 
10 4 13 
2 17 6 3 
13 5 
5 14 
14 18 19 
16 1 
12 
3 15 
19 
4 7 
1 
6 8 
18 
15 
17 
8 
7 
# clone tree 24 objective: 0.986307
0 2 11 
11 9 
9 16 10 
10 13 
2 17 6 3 
13 5 
5 14 
14 4 19 
16 18 1 
12 15 
3 12 
19 
4 7 
1 
6 8 
18 
15 
17 
8 
7 
# clone tree 25 objective: 0.987089
0 2 11 
11 12 9 
9 16 10 
10 7 18 13 
2 17 6 3 
13 5 
5 14 
14 4 19 
16 1 
12 
3 15 
19 
4 
1 
6 8 
18 
15 
17 
8 
7 
# clone tree 26 objective: 0.987608
0 2 11 
11 12 9 
9 16 10 
10 8 13 
2 18 6 3 
13 5 
5 14 
14 4 19 
16 17 1 
12 
3 15 
19 
4 7 
1 
6 
18 
15 
17 
8 
7 
# clone tree 27 objective: 0.987711
0 2 11 
11 15 9 
9 16 10 
10 18 13 
2 17 6 3 
13 5 
5 14 
14 4 19 
16 1 
12 
3 12 
19 
4 7 
1 
6 8 
18 
15 
17 
8 
7 
# clone tree 28 objective: 0.988299
0 2 11 
11 12 9 
9 16 10 
10 18 13 
2 8 17 6 3 
13 5 
5 14 
14 4 19 
16 1 
12 
3 15 
19 
4 7 
1 
6 
18 
15 
17 
8 
7 
# clone tree 29 objective: 0.988496
0 7 2 11 
11 9 
9 16 10 
10 18 13 
2 17 6 3 
13 5 
5 14 
14 4 19 
16 1 
12 15 
3 12 
19 
4 8 
1 
6 
18 
15 
17 
8 
7 
# clone tree 30 objective: 0.98852
0 2 11 
11 9 
9 16 10 
10 18 13 
2 17 6 3 
13 5 
5 14 
14 4 19 
16 1 
12 15 
3 12 
19 
4 7 
1 
6 
18 
15 
17 8 
8 
7 
# clone tree 31 objective: 0.988882
0 2 11 
11 9 
9 16 10 
10 19 5 
2 17 6 3 
13 14 
5 13 
14 4 12 
16 18 1 
12 
3 15 
19 
4 7 
1 
6 8 
18 
15 
17 
8 
7 
# clone tree 32 objective: 0.989013
0 2 11 
11 9 
9 16 10 
10 7 13 
2 17 6 3 
13 5 
5 14 
14 4 19 
16 18 1 
12 15 
3 12 
19 
4 
1 
6 8 
18 
15 
17 
8 
7 
# clone tree 33 objective: 0.989649
0 2 11 
11 12 9 
9 16 10 
10 13 
2 8 18 6 3 
13 5 
5 14 
14 4 19 
16 17 1 
12 
3 15 
19 
4 7 
1 
6 
18 
15 
17 
8 
7 
# clone tree 34 objective: 0.990412
0 2 11 
11 9 
9 16 10 
10 13 
2 17 6 3 
13 5 
5 14 
14 18 4 19 
16 1 
12 15 
3 12 
19 
4 7 
1 
6 8 
18 
15 
17 
8 
7 
# clone tree 35 objective: 0.990635
0 2 11 
11 9 
9 16 10 
10 4 13 
2 17 6 3 
13 5 
5 14 
14 15 18 19 
16 1 
12 
3 12 
19 
4 7 
1 
6 8 
18 
15 
17 
8 
7 
# clone tree 36 objective: 0.990916
0 2 11 
11 12 9 
9 16 10 
10 13 
2 17 6 3 
13 5 
5 14 
14 4 19 
16 18 1 
12 
3 15 
19 
4 7 
1 
6 8 
18 
15 
17 
8 
7 
# clone tree 37 objective: 0.991817
0 2 11 
11 12 9 
9 16 10 
10 13 
2 18 6 3 
13 5 
5 14 
14 4 19 
16 17 1 
12 
3 15 
19 7 
4 
1 
6 8 
18 
15 
17 
8 
7 
# clone tree 38 objective: 0.991927
0 2 11 
11 9 
9 16 10 
10 19 5 
2 18 6 3 
13 14 
5 13 
14 4 12 
16 17 1 
12 
3 15 
19 
4 7 
1 
6 8 
18 
15 
17 
8 
7 
# clone tree 39 objective: 0.992124
0 2 11 
11 9 
9 16 10 
10 7 13 
2 18 6 3 
13 5 
5 14 
14 4 19 
16 17 1 
12 15 
3 12 
19 
4 
1 
6 8 
18 
15 
17 
8 
7 
# clone tree 40 objective: 0.992142
0 2 11 
11 9 
9 18 10 
10 19 5 
2 17 6 3 
13 14 
5 13 
14 4 16 
16 1 
12 15 
3 12 
19 
4 7 
1 
6 8 
18 
15 
17 
8 
7 
# clone tree 41 objective: 0.992527
0 2 11 
11 12 9 
9 18 6 10 
10 19 5 
2 17 4 3 
13 14 
5 13 
14 7 16 
16 1 
12 
3 15 
19 
4 8 
1 
6 
18 
15 
17 
8 
7 
# clone tree 42 objective: 0.992594
0 7 2 11 
11 9 
9 16 10 
10 18 13 
2 17 6 3 
13 5 
5 14 
14 4 19 
16 1 
12 
3 12 
19 
4 15 
1 
6 8 
18 
15 
17 
8 
7 
# clone tree 43 objective: 0.99265
0 2 11 
11 12 9 
9 16 10 
10 18 13 
2 17 6 3 
13 5 
5 14 
14 4 19 
16 1 
12 
3 15 
19 7 
4 8 
1 
6 
18 
15 
17 
8 
7 
# clone tree 44 objective: 0.99277
0 7 2 11 
11 9 
9 16 10 
10 18 13 
2 17 6 3 
13 5 
5 14 
14 4 19 
16 8 1 
12 15 
3 12 
19 
4 
1 
6 
18 
15 
17 
8 
7 
# clone tree 45 objective: 0.992792
0 2 11 
11 9 
9 16 10 
10 18 13 
2 17 6 3 
13 5 
5 14 
14 1 4 
16 19 
12 15 
3 12 
19 
4 7 
1 
6 8 
18 
15 
17 
8 
7 
# clone tree 46 objective: 0.99292
0 2 11 
11 12 9 
9 16 10 
10 13 
2 18 6 3 
13 5 
5 14 
14 4 19 
16 17 1 
12 
3 15 
19 
4 7 8 
1 
6 
18 
15 
17 
8 
7 
# clone tree 47 objective: 0.993097
0 2 11 
11 9 
9 16 10 
10 19 5 
2 17 6 3 
13 14 
5 13 
14 18 4 
16 1 
12 15 
3 12 
19 
4 7 
1 
6 8 
18 
15 
17 
8 
7 
# clone tree 48 objective: 0.993118
0 2 11 
11 9 
9 16 10 
10 7 13 
2 17 6 3 
13 5 
5 14 
14 18 4 19 
16 1 
12 15 
3 12 
19 
4 
1 
6 8 
18 
15 
17 
8 
7 
# clone tree 49 objective: 0.993142
0 2 11 
11 9 
9 16 10 
10 17 13 
2 18 6 3 
13 5 
5 14 
14 4 19 
16 1 
12 15 
3 12 
19 
4 7 
1 
6 8 
18 
15 
17 
8 
7 
# clone tree 50 objective: 0.993173
0 7 2 11 
11 9 
9 16 10 
10 13 
2 18 6 3 
13 5 
5 14 
14 4 19 
16 17 1 
12 15 
3 12 
19 
4 
1 
6 8 
18 
15 
17 
8 
7 
# clone tree 51 objective: 0.993622
0 2 11 
11 12 9 
9 16 10 
10 7 13 
2 17 6 3 
13 5 
5 14 
14 4 19 
16 18 1 
12 
3 15 
19 
4 
1 
6 8 
18 
15 
17 
8 
7 
# clone tree 52 objective: 0.993892
0 2 11 
11 9 
9 16 10 
10 18 13 
2 8 17 6 3 
13 5 
5 14 
14 4 19 
16 1 
12 15 
3 12 
19 
4 7 
1 
6 
18 
15 
17 
8 
7 
# clone tree 53 objective: 0.994194
0 7 2 11 
11 12 9 
9 16 10 
10 13 
2 17 6 3 
13 5 
5 14 
14 18 4 19 
16 1 
12 
3 15 
19 
4 
1 
6 8 
18 
15 
17 
8 
7 
# clone tree 54 objective: 0.994578
0 2 11 
11 12 9 
9 16 10 
10 13 
2 18 6 3 
13 5 
5 14 
14 4 19 
16 17 1 
12 
3 8 15 
19 
4 7 
1 
6 
18 
15 
17 
8 
7 
# clone tree 55 objective: 0.994681
0 7 2 11 
11 12 9 
9 16 10 
10 18 13 
2 17 6 3 
13 5 
5 14 
14 4 19 
16 1 
12 
3 8 15 
19 
4 
1 
6 
18 
15 
17 
8 
7 
# clone tree 56 objective: 0.994861
0 2 11 
11 9 
9 18 6 10 
10 19 5 
2 17 4 3 
13 14 
5 13 
14 7 16 
16 1 
12 15 
3 12 
19 
4 
1 
6 8 
18 
15 
17 
8 
7 
# clone tree 57 objective: 0.994907
0 2 11 
11 12 9 
9 16 10 
10 18 13 
2 17 6 3 
13 5 
5 14 
14 4 19 
16 1 
12 8 
3 15 
19 
4 7 
1 
6 
18 
15 
17 
8 
7 
# clone tree 58 objective: 0.995842
0 2 11 
11 9 
9 16 10 
10 4 13 
2 17 6 3 
13 5 
5 14 
14 18 19 
16 1 
12 15 
3 12 
19 
4 7 
1 
6 8 
18 
15 
17 
8 
7 
# clone tree 59 objective: 0.995903
0 2 11 
11 9 
9 16 10 
10 8 13 
2 18 6 3 
13 5 
5 14 
14 4 19 
16 17 1 
12 15 
3 12 
19 
4 7 
1 
6 
18 
15 
17 
8 
7 
# clone tree 60 objective: 0.995945
0 2 11 
11 12 9 
9 16 10 
10 5 
2 18 6 3 
13 14 
5 13 
14 4 19 
16 17 1 
12 
3 15 
19 
4 7 
1 
6 8 
18 
15 
17 
8 
7 
# clone tree 61 objective: 0.995971
0 2 11 
11 12 9 
9 16 10 
10 18 13 
2 17 6 3 
13 5 
5 8 14 
14 4 19 
16 1 
12 
3 15 
19 
4 7 
1 
6 
18 
15 
17 
8 
7 
# clone tree 62 objective: 0.996636
0 2 11 
11 12 9 
9 16 10 
10 7 13 
2 18 6 3 
13 5 
5 14 
14 4 19 
16 17 1 
12 
3 15 
19 
4 8 
1 
6 
18 
15 
17 
8 
7 
# clone tree 63 objective: 0.996801
0 2 11 
11 12 9 
9 18 6 10 
10 19 5 
2 17 4 3 
13 14 
5 13 
14 7 16 
16 8 1 
12 
3 15 
19 
4 
1 
6 
18 
15 
17 
8 
7 
# clone tree 64 objective: 0.996924
0 7 2 11 
11 12 9 
9 16 10 
10 17 13 
2 18 6 3 
13 5 
5 14 
14 4 19 
16 1 
12 
3 15 
19 
4 
1 
6 8 
18 
15 
17 
8 
7 
# clone tree 65 objective: 0.997148
0 2 11 
11 9 
9 16 10 
10 7 18 13 
2 17 6 3 
13 5 
5 14 
14 4 19 
16 1 
12 15 
3 12 
19 
4 8 
1 
6 
18 
15 
17 
8 
7 
# clone tree 66 objective: 0.997214
0 2 11 
11 9 
9 16 10 
10 18 13 
2 17 6 3 
13 5 
5 14 
14 4 19 
16 1 
12 15 
3 12 
19 7 
4 8 
1 
6 
18 
15 
17 
8 
7 
# clone tree 67 objective: 0.9976
0 2 11 
11 9 
9 18 4 10 
10 19 5 
2 17 6 3 
13 14 
5 13 
14 7 16 
16 1 
12 15 
3 12 
19 
4 
1 
6 8 
18 
15 
17 
8 
7 
# clone tree 68 objective: 0.99763
0 2 11 
11 12 9 
9 16 10 
10 7 13 
2 17 6 3 
13 5 
5 14 
14 18 4 19 
16 1 
12 
3 15 
19 
4 8 
1 
6 
18 
15 
17 
8 
7 
# clone tree 69 objective: 0.997685
0 7 2 11 
11 12 9 
9 16 10 
10 13 
2 18 6 3 
13 5 
5 14 
14 4 19 
16 17 1 
12 
3 15 
19 
4 8 
1 
6 
18 
15 
17 
8 
7 
# clone tree 70 objective: 0.997709
0 2 11 
11 12 9 
9 16 10 
10 13 
2 18 6 3 
13 5 
5 8 14 
14 4 19 
16 17 1 
12 
3 15 
19 
4 7 
1 
6 
18 
15 
17 
8 
7 
# clone tree 71 objective: 0.997709
0 2 11 
11 12 9 
9 16 10 
10 13 
2 18 6 3 
13 5 
5 14 
14 4 19 
16 17 1 
12 
3 15 
19 
4 7 
1 
6 
18 
15 
17 8 
8 
7 
# clone tree 72 objective: 0.997743
0 7 2 11 
11 12 9 
9 18 6 10 
10 19 5 
2 17 4 3 
13 14 
5 13 
14 16 
16 1 
12 
3 15 
19 
4 
1 
6 8 
18 
15 
17 
8 
7 
# clone tree 73 objective: 0.997812
0 7 2 11 
11 12 9 
9 16 10 
10 18 13 
2 17 6 3 
13 5 
5 14 
14 4 19 
16 1 
12 
3 15 
19 
4 
1 
6 
18 
15 
17 8 
8 
7 
# clone tree 74 objective: 0.997812
0 7 2 11 
11 12 9 
9 16 10 
10 18 13 
2 17 6 3 
13 5 
5 14 
14 4 19 
16 8 1 
12 
3 15 
19 
4 
1 
6 
18 
15 
17 
8 
7 
# clone tree 75 objective: 0.997859
0 2 11 
11 9 
9 16 10 
10 18 13 
2 17 6 3 
13 5 
5 8 14 
14 4 19 
16 1 
12 15 
3 12 
19 
4 7 
1 
6 
18 
15 
17 
8 
7 
# clone tree 76 objective: 0.998446
0 7 2 11 
11 12 9 
9 16 10 
10 18 13 
2 17 6 3 
13 5 
5 14 
14 1 19 
16 4 
12 
3 15 
19 
4 
1 
6 8 
18 
15 
17 
8 
7 
# clone tree 77 objective: 0.99852
0 2 11 
11 9 
9 16 10 
10 18 13 
2 17 6 3 
13 5 
5 14 
14 4 19 
16 1 
12 15 
3 8 12 
19 
4 7 
1 
6 
18 
15 
17 
8 
7 
# clone tree 78 objective: 0.998703
0 2 11 
11 12 9 
9 16 10 
10 8 13 
2 17 6 3 
13 5 
5 14 
14 18 4 19 
16 1 
12 
3 15 
19 
4 7 
1 
6 
18 
15 
17 
8 
7 
# clone tree 79 objective: 0.999027
0 2 11 
11 12 9 
9 16 10 
10 18 13 
2 17 6 3 
13 5 
5 14 
14 4 19 
16 7 1 
12 
3 15 
19 
4 
1 
6 8 
18 
15 
17 
8 
7 
# clone tree 80 objective: 0.99917
0 2 11 
11 12 9 
9 16 10 
10 18 13 
2 7 17 6 3 
13 5 
5 14 
14 4 19 
16 1 
12 
3 15 
19 
4 
1 
6 8 
18 
15 
17 
8 
7 
# clone tree 81 objective: 0.999624
0 7 2 11 
11 12 9 
9 16 10 
10 4 13 
2 17 6 3 
13 5 
5 14 
14 18 19 
16 1 
12 
3 15 
19 
4 
1 
6 8 
18 
15 
17 
8 
7 
# clone tree 82 objective: 1.00016
0 7 2 11 
11 9 
9 16 10 
10 13 
2 17 6 3 
13 5 
5 14 
14 4 19 
16 18 1 
12 15 
3 12 
19 
4 
1 
6 8 
18 
15 
17 
8 
7 
# clone tree 83 objective: 1.00075
0 2 11 
11 9 
9 16 10 
10 13 
2 8 18 6 3 
13 5 
5 14 
14 4 19 
16 17 1 
12 15 
3 12 
19 
4 7 
1 
6 
18 
15 
17 
8 
7 
# clone tree 84 objective: 1.00081
0 2 11 
11 9 
9 18 6 10 
10 19 5 
2 17 4 3 
13 14 
5 13 
14 16 
16 1 
12 15 
3 12 
19 
4 7 
1 
6 8 
18 
15 
17 
8 
7 
# clone tree 85 objective: 1.00125
0 2 11 
11 9 
9 16 10 
10 7 18 13 
2 17 6 3 
13 5 
5 14 
14 4 19 
16 1 
12 
3 12 
19 
4 15 
1 
6 8 
18 
15 
17 
8 
7 
# clone tree 86 objective: 1.00131
0 2 11 
11 9 
9 16 10 
10 18 13 
2 17 6 3 
13 5 
5 14 
14 4 19 
16 1 
12 
3 12 
19 7 
4 15 
1 
6 8 
18 
15 
17 
8 
7 
# clone tree 87 objective: 1.00133
0 2 11 
11 12 9 
9 18 6 10 
10 19 5 
2 8 17 4 3 
13 14 
5 13 
14 7 16 
16 1 
12 
3 15 
19 
4 
1 
6 
18 
15 
17 
8 
7 
# clone tree 88 objective: 1.00142
0 2 11 
11 9 
9 16 10 
10 7 18 13 
2 17 6 3 
13 5 
5 14 
14 4 19 
16 8 1 
12 15 
3 12 
19 
4 
1 
6 
18 
15 
17 
8 
7 
# clone tree 89 objective: 1.00146
0 7 2 11 
11 12 9 
9 16 10 
10 8 13 
2 18 6 3 
13 5 
5 14 
14 4 19 
16 17 1 
12 
3 15 
19 
4 
1 
6 
18 
15 
17 
8 
7 
# clone tree 90 objective: 1.00149
0 2 11 
11 9 
9 16 10 
10 18 13 
2 17 6 3 
13 5 
5 14 
14 4 19 
16 8 1 
12 15 
3 12 
19 7 
4 
1 
6 
18 
15 
17 
8 
7 
# clone tree 91 objective: 1.00156
0 2 11 
11 9 
9 8 18 10 
10 19 5 
2 17 6 3 
13 14 
5 13 
14 4 16 
16 1 
12 15 
3 12 
19 
4 7 
1 
6 
18 
15 
17 
8 
7 
# clone tree 92 objective: 1.00157
0 7 2 11 
11 15 9 
9 16 10 
10 18 13 
2 17 6 3 
13 5 
5 14 
14 4 19 
16 1 
12 
3 12 
19 
4 
1 
6 8 
18 
15 
17 
8 
7 
# clone tree 93 objective: 1.00168
0 2 11 
11 12 9 
9 16 10 
10 7 18 13 
2 17 6 3 
13 5 
5 14 
14 4 19 
16 1 
12 
3 15 
19 
4 8 
1 
6 
18 
15 
17 
8 
7 
# clone tree 94 objective: 1.00187
0 2 11 
11 12 9 
9 18 6 10 
10 19 5 
2 4 3 
13 14 
5 13 
14 7 16 
16 17 1 
12 
3 15 
19 
4 
1 
6 8 
18 
15 
17 
8 
7 
# clone tree 95 objective: 1.00189
0 2 11 
11 9 
9 16 10 
10 13 
2 18 6 3 
13 5 
5 14 
14 4 19 
16 17 1 
12 15 
3 12 
19 7 
4 
1 
6 8 
18 
15 
17 
8 
7 
# clone tree 96 objective: 1.00215
0 2 11 
11 9 
9 16 10 
10 4 13 
2 17 6 3 
13 5 
5 14 
14 15 19 
16 1 
12 18 
3 12 
19 
4 7 
1 
6 8 
18 
15 
17 
8 
7 
# clone tree 97 objective: 1.00216
0 7 2 11 
11 12 9 
9 16 10 
10 18 13 
2 8 17 6 3 
13 5 
5 14 
14 4 19 
16 1 
12 
3 15 
19 
4 
1 
6 
18 
15 
17 
8 
7 
# clone tree 98 objective: 1.0022
0 2 11 
11 12 9 
9 16 10 
10 13 
2 6 3 
13 5 
5 14 
14 18 4 19 
16 17 1 
12 
3 15 
19 
4 7 
1 
6 8 
18 
15 
17 
8 
7 
# clone tree 99 objective: 1.00238
0 7 2 11 
11 9 
9 16 10 
10 18 13 
2 17 6 3 
13 5 
5 14 
14 4 19 
16 1 
12 15 
3 12 
19 
4 
1 
6 
18 
15 
17 8 
8 
7 
