# clone tree 0 objective: 0.992303
0 3 
3 6 
6 9 
9 8 
4 11 7 
8 4 
7 15 14 16 
16 17 5 12 
12 13 
14 1 
15 19 
11 18 
5 
13 2 
19 10 
1 
2 
18 
17 
10 
# clone tree 1 objective: 0.992303
0 3 
3 6 
6 9 
9 8 
4 11 7 
8 4 
7 15 14 16 
16 17 5 12 
12 13 
14 10 1 
15 19 
11 18 
5 
13 2 
19 
1 
2 
18 
17 
10 
# clone tree 2 objective: 0.99464
0 3 
3 2 6 
6 9 
9 8 
4 11 7 
8 4 
7 15 14 16 
16 17 5 12 
12 13 
14 10 1 
15 19 
11 18 
5 
13 
19 
1 
2 
18 
17 
10 
# clone tree 3 objective: 0.99464
0 3 
3 2 6 
6 9 
9 8 
4 11 7 
8 4 
7 15 14 16 
16 17 5 12 
12 13 
14 1 
15 19 
11 18 
5 
13 
19 10 
1 
2 
18 
17 
10 
# clone tree 4 objective: 0.994962
0 3 
3 2 6 
6 9 
9 8 
4 11 7 
8 4 
7 15 14 16 
16 17 5 12 
12 13 
14 1 
15 19 
11 18 
5 
13 10 
19 
1 
2 
18 
17 
10 
# clone tree 5 objective: 0.995955
0 3 
3 6 
6 9 
9 8 
4 17 11 7 
8 4 
7 15 14 16 
16 5 12 
12 13 
14 10 1 
15 19 
11 18 
5 
13 2 
19 
1 
2 
18 
17 
10 
# clone tree 6 objective: 0.995955
0 3 
3 6 
6 9 
9 8 
4 17 11 7 
8 4 
7 15 14 16 
16 5 12 
12 13 
14 1 
15 19 
11 18 
5 
13 2 
19 10 
1 
2 
18 
17 
10 
# clone tree 7 objective: 0.996119
0 3 
3 6 
6 9 
9 8 
4 11 7 
8 4 
7 15 14 16 
16 17 5 12 
12 13 
14 1 
15 19 
11 
5 
13 2 
19 10 
1 
2 18 
18 
17 
10 
# clone tree 8 objective: 0.996119
0 3 
3 6 
6 9 
9 8 
4 11 7 
8 4 
7 15 14 16 
16 17 5 12 
12 13 
14 10 1 
15 19 
11 
5 
13 2 
19 
1 
2 18 
18 
17 
10 
# clone tree 9 objective: 0.997442
0 3 
3 17 6 
6 9 
9 8 
4 11 7 
8 4 
7 15 14 16 
16 5 12 
12 13 
14 1 
15 19 
11 18 
5 
13 2 
19 10 
1 
2 
18 
17 
10 
# clone tree 10 objective: 0.997442
0 3 
3 17 6 
6 9 
9 8 
4 11 7 
8 4 
7 15 14 16 
16 5 12 
12 13 
14 10 1 
15 19 
11 18 
5 
13 2 
19 
1 
2 
18 
17 
10 
# clone tree 11 objective: 0.997581
0 3 
3 2 6 
6 9 
9 8 
4 11 7 
8 4 
7 15 14 16 
16 17 5 12 
12 19 
14 1 
15 13 
11 18 
5 
13 
19 10 
1 
2 
18 
17 
10 
# clone tree 12 objective: 0.997581
0 3 
3 2 6 
6 9 
9 8 
4 11 7 
8 4 
7 15 14 16 
16 17 5 12 
12 19 
14 10 1 
15 13 
11 18 
5 
13 
19 
1 
2 
18 
17 
10 
# clone tree 13 objective: 0.997903
0 3 
3 2 6 
6 9 
9 8 
4 11 7 
8 4 
7 15 14 16 
16 17 5 12 
12 19 
14 1 
15 13 
11 18 
5 
13 10 
19 
1 
2 
18 
17 
10 
# clone tree 14 objective: 0.998292
0 3 
3 2 6 
6 9 
9 8 
4 17 11 7 
8 4 
7 15 14 16 
16 5 12 
12 13 
14 10 1 
15 19 
11 18 
5 
13 
19 
1 
2 
18 
17 
10 
# clone tree 15 objective: 0.998292
0 3 
3 2 6 
6 9 
9 8 
4 17 11 7 
8 4 
7 15 14 16 
16 5 12 
12 13 
14 1 
15 19 
11 18 
5 
13 
19 10 
1 
2 
18 
17 
10 
# clone tree 16 objective: 0.998456
0 3 
3 2 6 
6 9 
9 8 
4 11 7 
8 4 
7 15 14 16 
16 17 5 12 
12 13 
14 1 
15 19 
11 
5 
13 
19 10 
1 
2 18 
18 
17 
10 
# clone tree 17 objective: 0.998456
0 3 
3 2 6 
6 9 
9 8 
4 11 7 
8 4 
7 15 14 16 
16 17 5 12 
12 13 
14 10 1 
15 19 
11 
5 
13 
19 
1 
2 18 
18 
17 
10 
# clone tree 18 objective: 0.998614
0 3 
3 2 6 
6 9 
9 8 
4 17 11 7 
8 4 
7 15 14 16 
16 5 12 
12 13 
14 1 
15 19 
11 18 
5 
13 10 
19 
1 
2 
18 
17 
10 
# clone tree 19 objective: 0.998778
0 3 
3 2 6 
6 9 
9 8 
4 11 7 
8 4 
7 15 14 16 
16 17 5 12 
12 13 
14 1 
15 19 
11 
5 
13 10 
19 
1 
2 18 
18 
17 
10 
# clone tree 20 objective: 0.999771
0 3 
3 6 
6 9 
9 8 
4 17 11 7 
8 4 
7 15 14 16 
16 5 12 
12 13 
14 1 
15 19 
11 
5 
13 2 
19 10 
1 
2 18 
18 
17 
10 
# clone tree 21 objective: 0.999771
0 3 
3 6 
6 9 
9 8 
4 17 11 7 
8 4 
7 15 14 16 
16 5 12 
12 13 
14 10 1 
15 19 
11 
5 
13 2 
19 
1 
2 18 
18 
17 
10 
# clone tree 22 objective: 1.00005
0 3 
3 6 
6 9 
9 8 
4 11 7 
8 4 
7 15 14 16 
16 5 12 
12 13 
14 17 1 
15 19 
11 18 
5 
13 2 
19 10 
1 
2 
18 
17 
10 
# clone tree 23 objective: 1.00061
0 3 
3 6 
6 9 
9 8 
4 11 7 
8 4 
7 15 14 16 
16 5 12 
12 13 
14 10 17 1 
15 19 
11 18 
5 
13 2 
19 
1 
2 
18 
17 
10 
# clone tree 24 objective: 1.00098
0 3 
3 6 
6 9 
9 8 
4 11 7 
8 4 
7 15 14 16 
16 17 5 12 
12 10 13 
14 1 
15 19 
11 18 
5 
13 2 
19 
1 
2 
18 
17 
10 
# clone tree 25 objective: 1.00123
0 3 
3 2 6 
6 9 
9 8 
4 17 11 7 
8 4 
7 15 14 16 
16 5 12 
12 19 
14 10 1 
15 13 
11 18 
5 
13 
19 
1 
2 
18 
17 
10 
# clone tree 26 objective: 1.00123
0 3 
3 2 6 
6 9 
9 8 
4 17 11 7 
8 4 
7 15 14 16 
16 5 12 
12 19 
14 1 
15 13 
11 18 
5 
13 
19 10 
1 
2 
18 
17 
10 
# clone tree 27 objective: 1.00126
0 3 
3 17 6 
6 9 
9 8 
4 11 7 
8 4 
7 15 14 16 
16 5 12 
12 13 
14 1 
15 19 
11 
5 
13 2 
19 10 
1 
2 18 
18 
17 
10 
# clone tree 28 objective: 1.00126
0 3 
3 17 6 
6 9 
9 8 
4 11 7 
8 4 
7 15 14 16 
16 5 12 
12 13 
14 10 1 
15 19 
11 
5 
13 2 
19 
1 
2 18 
18 
17 
10 
# clone tree 29 objective: 1.00139
0 3 
3 10 6 
6 9 
9 8 
4 11 7 
8 4 
7 15 14 16 
16 17 5 12 
12 13 
14 1 
15 19 
11 18 
5 
13 2 
19 
1 
2 
18 
17 
10 
# clone tree 30 objective: 1.0014
0 3 
3 2 6 
6 9 
9 8 
4 11 7 
8 4 
7 15 14 16 
16 17 5 12 
12 19 
14 1 
15 13 
11 
5 
13 
19 10 
1 
2 18 
18 
17 
10 
# clone tree 31 objective: 1.0014
0 3 
3 2 6 
6 9 
9 8 
4 11 7 
8 4 
7 15 14 16 
16 17 5 12 
12 19 
14 10 1 
15 13 
11 
5 
13 
19 
1 
2 18 
18 
17 
10 
# clone tree 32 objective: 1.00155
0 3 
3 2 6 
6 9 
9 8 
4 17 11 7 
8 4 
7 15 14 16 
16 5 12 
12 19 
14 1 
15 13 
11 18 
5 
13 10 
19 
1 
2 
18 
17 
10 
# clone tree 33 objective: 1.00172
0 3 
3 2 6 
6 9 
9 8 
4 11 7 
8 4 
7 15 14 16 
16 17 5 12 
12 19 
14 1 
15 13 
11 
5 
13 10 
19 
1 
2 18 
18 
17 
10 
# clone tree 34 objective: 1.00183
0 3 
3 6 
6 9 
9 8 
4 11 7 
8 4 
7 15 14 16 
16 17 5 12 
12 13 
14 1 
15 10 19 
11 18 
5 
13 2 
19 
1 
2 
18 
17 
10 
# clone tree 35 objective: 1.00211
0 3 
3 2 6 
6 9 
9 8 
4 17 11 7 
8 4 
7 15 14 16 
16 5 12 
12 13 
14 10 1 
15 19 
11 
5 
13 
19 
1 
2 18 
18 
17 
10 
# clone tree 36 objective: 1.00211
0 3 
3 2 6 
6 9 
9 8 
4 17 11 7 
8 4 
7 15 14 16 
16 5 12 
12 13 
14 1 
15 19 
11 
5 
13 
19 10 
1 
2 18 
18 
17 
10 
# clone tree 37 objective: 1.00239
0 3 
3 2 6 
6 9 
9 8 
4 11 7 
8 4 
7 15 14 16 
16 5 12 
12 13 
14 17 1 
15 19 
11 18 
5 
13 
19 10 
1 
2 
18 
17 
10 
# clone tree 38 objective: 1.00243
0 3 
3 2 6 
6 9 
9 8 
4 17 11 7 
8 4 
7 15 14 16 
16 5 12 
12 13 
14 1 
15 19 
11 
5 
13 10 
19 
1 
2 18 
18 
17 
10 
# clone tree 39 objective: 1.00271
0 3 
3 2 6 
6 9 
9 8 
4 11 7 
8 4 
7 15 14 16 
16 5 12 
12 13 
14 17 1 
15 19 
11 18 
5 
13 10 
19 
1 
2 
18 
17 
10 
# clone tree 40 objective: 1.00283
0 3 
3 6 
6 9 
9 8 
4 11 7 
8 4 
7 15 14 16 
16 17 5 12 
12 13 
14 1 
15 19 
11 18 
5 
13 10 2 
19 
1 
2 
18 
17 
10 
# clone tree 41 objective: 1.00295
0 3 
3 2 6 
6 9 
9 8 
4 11 7 
8 4 
7 15 14 16 
16 5 12 
12 13 
14 10 17 1 
15 19 
11 18 
5 
13 
19 
1 
2 
18 
17 
10 
# clone tree 42 objective: 1.00327
0 3 
3 6 
6 9 
9 8 
4 11 7 
8 4 
7 15 14 16 
16 17 5 12 
12 19 
14 1 
15 13 
11 18 
5 
13 2 
19 10 
1 
2 
18 
17 
10 
# clone tree 43 objective: 1.00327
0 3 
3 6 
6 9 
9 8 
4 11 7 
8 4 
7 15 14 16 
16 17 5 12 
12 19 
14 10 1 
15 13 
11 18 
5 
13 2 
19 
1 
2 
18 
17 
10 
# clone tree 44 objective: 1.00331
0 3 
3 2 6 
6 9 
9 8 
4 11 7 
8 4 
7 15 14 16 
16 17 5 12 
12 10 13 
14 1 
15 19 
11 18 
5 
13 
19 
1 
2 
18 
17 
10 
# clone tree 45 objective: 1.00346
0 3 
3 6 
6 9 
9 8 
4 11 7 
8 4 
7 15 14 16 
16 5 12 
12 13 
14 10 1 
15 19 
11 18 
5 
13 2 
19 17 
1 
2 
18 
17 
10 
# clone tree 46 objective: 1.00383
0 3 
3 2 6 
6 9 
9 8 
4 11 7 
8 4 
7 15 14 16 
16 17 5 12 
12 19 
14 1 
15 18 13 
11 
5 
13 
19 10 
1 
2 
18 
17 
10 
# clone tree 47 objective: 1.00383
0 3 
3 2 6 
6 9 
9 8 
4 11 7 
8 4 
7 15 14 16 
16 17 5 12 
12 19 
14 10 1 
15 18 13 
11 
5 
13 
19 
1 
2 
18 
17 
10 
# clone tree 48 objective: 1.00387
0 3 
3 6 
6 9 
9 8 
4 11 7 
8 4 
7 15 14 16 
16 5 12 
12 13 
14 17 1 
15 19 
11 
5 
13 2 
19 10 
1 
2 18 
18 
17 
10 
# clone tree 49 objective: 1.0041
0 3 
3 6 
6 9 
9 8 
4 11 7 
8 4 
7 15 14 16 
16 17 5 12 
12 13 
14 10 1 
15 19 
11 18 2 
5 
13 
19 
1 
2 
18 
17 
10 
