# clone tree 0 objective: 1.1975
0 2 8 
8 4 12 
12 15 13 
13 14 10 
10 11 
11 3 
3 6 18 
2 5 
5 16 
16 17 
4 19 
18 1 
7 9 
6 7 
15 
14 
1 
19 
17 
9 
# clone tree 1 objective: 1.20809
0 2 8 
8 9 4 12 
12 15 13 
13 14 10 
10 11 
11 3 
3 6 18 
2 5 
5 16 
16 17 
4 19 
18 1 
7 
6 7 
15 
14 
1 
19 
17 
9 
# clone tree 2 objective: 1.21886
0 2 8 
8 4 12 
12 15 13 
13 14 10 
10 11 
11 3 
3 6 18 
2 5 
5 16 
16 17 
4 9 19 
18 1 
7 
6 7 
15 
14 
1 
19 
17 
9 
# clone tree 3 objective: 1.22114
0 2 8 
8 17 4 12 
12 15 13 
13 14 10 
10 11 
11 3 
3 7 18 
2 5 
5 16 
16 6 
4 19 
18 1 
7 9 
6 
15 
14 
1 
19 
17 
9 
# clone tree 4 objective: 1.22456
0 2 8 
8 4 12 
12 15 13 
13 14 10 
10 11 
11 3 
3 9 6 18 
2 5 
5 16 
16 17 
4 19 
18 1 
7 
6 7 
15 
14 
1 
19 
17 
9 
# clone tree 5 objective: 1.22523
0 2 8 
8 4 12 
12 15 13 
13 14 10 
10 11 
11 3 
3 7 18 
2 5 
5 16 
16 6 
4 19 
18 1 
7 9 
6 17 
15 
14 
1 
19 
17 
9 
# clone tree 6 objective: 1.22575
0 2 8 
8 4 12 
12 15 13 
13 10 
10 11 
11 3 
3 6 18 
2 5 
5 16 
16 17 
4 14 
18 1 
7 9 
6 7 
15 
14 
1 
19 
17 19 
9 
# clone tree 7 objective: 1.22651
0 2 8 
8 4 12 
12 15 13 
13 14 10 
10 11 
11 3 
3 6 18 
2 5 
5 16 
16 17 
4 7 
18 1 
7 9 
6 
15 
14 
1 
19 
17 19 
9 
# clone tree 8 objective: 1.22978
0 2 8 
8 17 4 12 
12 15 13 
13 14 10 
10 11 
11 3 
3 6 18 
2 5 
5 16 
16 7 
4 19 
18 1 
7 
6 9 
15 
14 
1 
19 
17 
9 
# clone tree 9 objective: 1.23053
0 2 8 
8 4 12 
12 15 13 
13 14 10 
10 11 
11 3 
3 6 18 
2 5 
5 16 
16 9 17 
4 19 
18 1 
7 
6 7 
15 
14 
1 
19 
17 
9 
