# clone tree 0 objective: 1.44535
0 14 
14 15 
15 4 7 
7 1 12 
12 10 
10 3 9 2 
1 5 
5 16 
2 8 18 
9 6 11 
16 17 
11 19 
18 13 
17 
19 
13 
8 
4 
6 
3 
# clone tree 1 objective: 1.44911
0 4 14 
14 15 
15 7 
7 1 12 
12 10 
10 3 9 2 
1 5 
5 16 
2 8 18 
9 6 11 
16 17 
11 19 
18 13 
17 
19 
13 
8 
4 
6 
3 
# clone tree 2 objective: 1.45642
0 14 
14 15 
15 4 7 
7 16 9 12 
12 10 
10 6 1 
1 5 
5 2 
2 8 18 
9 3 11 
16 17 
11 19 
18 13 
17 
19 
13 
8 
4 
6 
3 
# clone tree 3 objective: 1.45982
0 14 
14 15 
15 4 7 
7 1 12 
12 10 
10 3 9 2 
1 5 
5 19 16 
2 8 18 
9 6 11 
16 17 
11 
18 13 
17 
19 
13 
8 
4 
6 
3 
# clone tree 4 objective: 1.46018
0 4 14 
14 15 
15 7 
7 16 9 12 
12 10 
10 6 1 
1 5 
5 2 
2 8 18 
9 3 11 
16 17 
11 19 
18 13 
17 
19 
13 
8 
4 
6 
3 
# clone tree 5 objective: 1.46212
0 14 
14 15 
15 4 7 
7 1 12 
12 10 
10 3 9 2 
1 5 
5 16 
2 8 18 
9 6 11 
16 17 
11 13 
18 19 
17 
19 
13 
8 
4 
6 
3 
# clone tree 6 objective: 1.46359
0 4 14 
14 15 
15 7 
7 1 12 
12 10 
10 3 9 2 
1 5 
5 19 16 
2 8 18 
9 6 11 
16 17 
11 
18 13 
17 
19 
13 
8 
4 
6 
3 
# clone tree 7 objective: 1.46396
0 14 
14 15 
15 4 7 
7 16 9 12 
12 10 
10 6 1 
1 5 
5 2 
2 8 18 
9 11 
16 17 
11 19 
18 13 
17 
19 3 
13 
8 
4 
6 
3 
# clone tree 8 objective: 1.46529
0 14 
14 15 
15 4 7 
7 1 12 
12 10 
10 3 9 2 
1 5 
5 13 16 
2 8 18 
9 6 11 
16 17 
11 19 
18 
17 
19 
13 
8 
4 
6 
3 
# clone tree 9 objective: 1.46772
0 4 14 
14 15 
15 7 
7 16 9 12 
12 10 
10 6 1 
1 5 
5 2 
2 8 18 
9 11 
16 17 
11 19 
18 13 
17 
19 3 
13 
8 
4 
6 
3 
