# clone tree 0 objective: 1.46021
0 7 14 
14 10 
10 12 
12 1 
1 19 3 13 
13 8 
8 2 16 
16 9 
9 6 
6 5 
5 11 
11 4 15 
3 18 
15 
7 17 
17 
18 
4 
2 
19 
# clone tree 1 objective: 1.46567
0 7 14 
14 10 
10 12 
12 1 
1 19 3 13 
13 8 
8 16 
16 9 
9 6 
6 5 
5 11 
11 4 15 
3 2 18 
15 
7 17 
17 
18 
4 
2 
19 
# clone tree 2 objective: 1.46568
0 7 14 
14 10 
10 12 
12 1 
1 3 13 
13 8 
8 19 16 
16 9 
9 6 
6 5 
5 11 
11 4 15 
3 2 18 
15 
7 17 
17 
18 
4 
2 
19 
# clone tree 3 objective: 1.47048
0 7 14 
14 10 
10 12 
12 1 
1 19 3 13 
13 8 
8 4 16 
16 9 
9 6 
6 5 
5 11 
11 15 
3 2 18 
15 
7 17 
17 
18 
4 
2 
19 
# clone tree 4 objective: 1.47096
0 7 14 
14 10 
10 12 
12 1 
1 3 13 
13 8 
8 2 16 
16 9 
9 6 
6 5 
5 11 
11 4 15 
3 18 
15 
7 17 
17 
18 
4 
2 19 
19 
# clone tree 5 objective: 1.47128
0 7 14 
14 10 
10 12 
12 1 
1 3 13 
13 8 
8 2 16 
16 19 9 
9 6 
6 5 
5 11 
11 4 15 
3 18 
15 
7 17 
17 
18 
4 
2 
19 
# clone tree 6 objective: 1.47233
0 7 14 
14 10 
10 12 
12 1 
1 19 3 13 
13 8 
8 2 4 16 
16 9 
9 6 
6 5 
5 11 
11 15 
3 18 
15 
7 17 
17 
18 
4 
2 
19 
# clone tree 7 objective: 1.47251
0 7 14 
14 10 
10 12 
12 1 
1 3 13 
13 8 
8 2 16 
16 9 
9 6 
6 5 
5 11 
11 4 15 
3 19 18 
15 
7 17 
17 
18 
4 
2 
19 
# clone tree 8 objective: 1.47546
0 7 14 
14 10 
10 12 
12 1 
1 3 13 
13 8 
8 2 16 
16 9 
9 6 
6 5 
5 11 
11 4 15 
3 18 
15 
7 17 
17 19 
18 
4 
2 
19 
# clone tree 9 objective: 1.47642
0 7 14 
14 10 
10 12 
12 1 
1 3 13 
13 8 
8 16 
16 9 
9 6 
6 5 
5 11 
11 4 15 
3 2 18 
15 
7 17 
17 
18 
4 
2 19 
19 
# clone tree 10 objective: 1.47674
0 7 14 
14 10 
10 12 
12 1 
1 3 13 
13 8 
8 16 
16 19 9 
9 6 
6 5 
5 11 
11 4 15 
3 2 18 
15 
7 17 
17 
18 
4 
2 
19 
# clone tree 11 objective: 1.4787
0 15 14 
14 10 
10 12 
12 1 
1 19 3 13 
13 8 
8 4 16 
16 9 
9 6 
6 5 
5 11 
11 7 
3 2 18 
15 
7 17 
17 
18 
4 
2 
19 
# clone tree 12 objective: 1.47978
0 7 14 
14 10 
10 12 
12 1 
1 19 3 13 
13 8 
8 16 
16 9 
9 6 
6 5 
5 11 
11 4 15 
3 18 
15 
7 17 
17 
18 
4 
2 
19 2 
# clone tree 13 objective: 1.47979
0 7 14 
14 10 
10 12 
12 1 
1 3 13 
13 8 
8 19 16 
16 9 
9 6 
6 5 
5 11 
11 4 15 
3 18 
15 
7 17 
17 
18 
4 
2 
19 2 
# clone tree 14 objective: 1.47999
0 15 14 
14 10 
10 12 
12 1 
1 2 17 13 
13 8 
8 4 16 
16 9 
9 6 
6 11 
5 3 
11 5 
3 18 
15 
7 
17 7 
18 
4 
2 19 
19 
# clone tree 15 objective: 1.48017
0 7 14 
14 10 
10 12 
12 1 
1 2 3 13 
13 8 
8 19 16 
16 9 
9 6 
6 5 
5 11 
11 4 15 
3 18 
15 
7 17 
17 
18 
4 
2 
19 
# clone tree 16 objective: 1.48031
0 15 14 
14 10 
10 12 
12 1 
1 2 17 13 
13 8 
8 4 16 
16 19 9 
9 6 
6 11 
5 3 
11 5 
3 18 
15 
7 
17 7 
18 
4 
2 
19 
# clone tree 17 objective: 1.48054
0 15 14 
14 10 
10 12 
12 1 
1 19 3 13 
13 8 
8 2 4 16 
16 9 
9 6 
6 5 
5 11 
11 7 
3 18 
15 
7 17 
17 
18 
4 
2 
19 
# clone tree 18 objective: 1.48092
0 7 14 
14 10 
10 12 
12 1 
1 3 13 
13 8 
8 16 
16 9 
9 6 
6 5 
5 11 
11 4 15 
3 2 18 
15 
7 17 
17 19 
18 
4 
2 
19 
# clone tree 19 objective: 1.48123
0 7 14 
14 10 
10 12 
12 1 
1 3 13 
13 8 
8 4 16 
16 9 
9 6 
6 5 
5 11 
11 15 
3 2 18 
15 
7 17 
17 
18 
4 
2 19 
19 
# clone tree 20 objective: 1.48145
0 17 7 14 
14 10 
10 12 
12 1 
1 19 3 13 
13 8 
8 2 16 
16 9 
9 6 
6 5 
5 11 
11 4 15 
3 18 
15 
7 
17 
18 
4 
2 
19 
# clone tree 21 objective: 1.48155
0 15 14 
14 10 
10 12 
12 1 
1 2 17 13 
13 8 
8 4 16 
16 9 
9 6 
6 11 
5 3 
11 5 
3 19 18 
15 
7 
17 7 
18 
4 
2 
19 
# clone tree 22 objective: 1.48156
0 7 14 
14 10 
10 12 
12 1 
1 3 13 
13 8 
8 4 16 
16 19 9 
9 6 
6 5 
5 11 
11 15 
3 2 18 
15 
7 17 
17 
18 
4 
2 
19 
# clone tree 23 objective: 1.48308
0 7 14 
14 10 
10 12 
12 1 
1 3 13 
13 8 
8 2 4 16 
16 9 
9 6 
6 5 
5 11 
11 15 
3 18 
15 
7 17 
17 
18 
4 
2 19 
19 
# clone tree 24 objective: 1.48321
0 7 14 
14 10 
10 12 
12 2 1 
1 19 3 13 
13 8 
8 16 
16 9 
9 6 
6 5 
5 11 
11 4 15 
3 18 
15 
7 17 
17 
18 
4 
2 
19 
# clone tree 25 objective: 1.48322
0 7 14 
14 10 
10 12 
12 1 
1 19 3 13 
13 8 
8 16 
16 9 
9 6 
6 5 
5 11 
11 4 15 
3 2 
15 18 
7 17 
17 
18 
4 
2 
19 
# clone tree 26 objective: 1.48322
0 7 14 
14 10 
10 12 
12 2 1 
1 3 13 
13 8 
8 19 16 
16 9 
9 6 
6 5 
5 11 
11 4 15 
3 18 
15 
7 17 
17 
18 
4 
2 
19 
# clone tree 27 objective: 1.48323
0 7 14 
14 10 
10 12 
12 1 
1 3 13 
13 8 
8 19 16 
16 9 
9 6 
6 5 
5 11 
11 4 15 
3 2 
15 18 
7 17 
17 
18 
4 
2 
19 
# clone tree 28 objective: 1.4834
0 7 14 
14 10 
10 12 
12 1 
1 3 13 
13 8 
8 2 4 16 
16 19 9 
9 6 
6 5 
5 11 
11 15 
3 18 
15 
7 17 
17 
18 
4 
2 
19 
# clone tree 29 objective: 1.48364
0 7 14 
14 10 
10 12 
12 1 
1 17 3 13 
13 8 
8 19 16 
16 9 
9 6 
6 5 
5 11 
11 4 15 
3 2 18 
15 
7 
17 
18 
4 
2 
19 
# clone tree 30 objective: 1.4846
0 7 14 
14 10 
10 12 
12 1 
1 19 3 13 
13 8 
8 4 16 
16 9 
9 6 
6 5 
5 11 
11 15 
3 18 
15 
7 17 
17 
18 
4 
2 
19 2 
# clone tree 31 objective: 1.48464
0 7 14 
14 10 
10 12 
12 1 
1 3 13 
13 8 
8 2 4 16 
16 9 
9 6 
6 5 
5 11 
11 15 
3 19 18 
15 
7 17 
17 
18 
4 
2 
19 
# clone tree 32 objective: 1.48514
0 7 14 
14 10 
10 12 
12 1 
1 19 3 13 
13 8 
8 16 
16 9 
9 6 
6 5 
5 11 
11 4 15 
3 18 
15 
7 17 
17 2 
18 
4 
2 
19 
# clone tree 33 objective: 1.48515
0 7 14 
14 10 
10 12 
12 1 
1 3 13 
13 8 
8 19 16 
16 9 
9 6 
6 5 
5 11 
11 4 15 
3 18 
15 
7 17 
17 2 
18 
4 
2 
19 
# clone tree 34 objective: 1.48573
0 7 14 
14 10 
10 12 
12 1 
1 3 13 
13 8 
8 4 16 
16 9 
9 6 
6 5 
5 11 
11 15 
3 2 18 
15 
7 17 
17 19 
18 
4 
2 
19 
# clone tree 35 objective: 1.48639
0 15 14 
14 10 
10 12 
12 1 
1 2 7 13 
13 8 
8 4 16 
16 9 
9 6 
6 11 
5 3 
11 5 
3 18 
15 
7 17 
17 
18 
4 
2 19 
19 
# clone tree 36 objective: 1.48667
0 15 14 
14 10 
10 12 
12 1 
1 2 17 13 
13 8 
8 19 4 16 
16 9 
9 6 
6 11 
5 3 
11 5 
3 18 
15 
7 
17 7 
18 
4 
2 
19 
# clone tree 37 objective: 1.48672
0 15 14 
14 10 
10 12 
12 1 
1 2 7 13 
13 8 
8 4 16 
16 19 9 
9 6 
6 11 
5 3 
11 5 
3 18 
15 
7 17 
17 
18 
4 
2 
19 
# clone tree 38 objective: 1.48691
0 17 7 14 
14 10 
10 12 
12 1 
1 19 3 13 
13 8 
8 16 
16 9 
9 6 
6 5 
5 11 
11 4 15 
3 2 18 
15 
7 
17 
18 
4 
2 
19 
# clone tree 39 objective: 1.48692
0 17 7 14 
14 10 
10 12 
12 1 
1 3 13 
13 8 
8 19 16 
16 9 
9 6 
6 5 
5 11 
11 4 15 
3 2 18 
15 
7 
17 
18 
4 
2 
19 
# clone tree 40 objective: 1.48758
0 7 14 
14 10 
10 12 
12 1 
1 3 13 
13 8 
8 2 4 16 
16 9 
9 6 
6 5 
5 11 
11 15 
3 18 
15 
7 17 
17 19 
18 
4 
2 
19 
# clone tree 41 objective: 1.4878
0 17 14 
14 10 
10 12 
12 1 
1 19 3 13 
13 8 
8 2 16 
16 9 
9 6 
6 5 
5 11 
11 4 15 
3 18 
15 
7 
17 7 
18 
4 
2 
19 
# clone tree 42 objective: 1.48791
0 7 14 
14 10 
10 12 
12 1 
1 3 13 
13 8 
8 19 4 16 
16 9 
9 6 
6 5 
5 11 
11 15 
3 2 18 
15 
7 17 
17 
18 
4 
2 
19 
# clone tree 43 objective: 1.48795
0 15 14 
14 10 
10 12 
12 1 
1 2 7 13 
13 8 
8 4 16 
16 9 
9 6 
6 11 
5 3 
11 5 
3 19 18 
15 
7 17 
17 
18 
4 
2 
19 
# clone tree 44 objective: 1.48802
0 7 14 
14 10 
10 12 
12 2 1 
1 19 3 13 
13 8 
8 4 16 
16 9 
9 6 
6 5 
5 11 
11 15 
3 18 
15 
7 17 
17 
18 
4 
2 
19 
# clone tree 45 objective: 1.48803
0 7 14 
14 10 
10 12 
12 1 
1 19 3 13 
13 8 
8 4 16 
16 9 
9 6 
6 5 
5 11 
11 15 
3 2 
15 18 
7 17 
17 
18 
4 
2 
19 
# clone tree 46 objective: 1.48885
0 15 14 
14 10 
10 12 
12 1 
1 19 17 13 
13 8 
8 2 4 16 
16 9 
9 6 
6 11 
5 3 
11 5 
3 18 
15 
7 
17 7 
18 
4 
2 
19 
# clone tree 47 objective: 1.48888
0 7 14 
14 10 
10 12 
12 1 
1 19 3 13 
13 8 
8 16 
16 9 
9 2 6 
6 5 
5 11 
11 4 15 
3 18 
15 
7 17 
17 
18 
4 
2 
19 
# clone tree 48 objective: 1.48889
0 7 14 
14 10 
10 12 
12 1 
1 3 13 
13 8 
8 19 16 
16 9 
9 2 6 
6 5 
5 11 
11 4 15 
3 18 
15 
7 17 
17 
18 
4 
2 
19 
# clone tree 49 objective: 1.48892
0 7 14 
14 10 
10 12 
12 1 
1 17 3 13 
13 8 
8 2 16 
16 9 
9 6 
6 5 
5 11 
11 4 15 
3 18 
15 
7 
17 
18 
4 
2 19 
19 
# clone tree 50 objective: 1.48924
0 7 14 
14 10 
10 12 
12 1 
1 17 3 13 
13 8 
8 2 16 
16 19 9 
9 6 
6 5 
5 11 
11 4 15 
3 18 
15 
7 
17 
18 
4 
2 
19 
# clone tree 51 objective: 1.48945
0 15 14 
14 10 
10 12 
12 1 
1 3 13 
13 8 
8 4 16 
16 9 
9 6 
6 5 
5 11 
11 7 
3 2 18 
15 
7 17 
17 
18 
4 
2 19 
19 
# clone tree 52 objective: 1.48977
0 15 14 
14 10 
10 12 
12 1 
1 3 13 
13 8 
8 4 16 
16 19 9 
9 6 
6 5 
5 11 
11 7 
3 2 18 
15 
7 17 
17 
18 
4 
2 
19 
# clone tree 53 objective: 1.48995
0 7 14 
14 10 
10 12 
12 1 
1 19 3 13 
13 8 
8 4 16 
16 9 
9 6 
6 5 
5 11 
11 15 
3 18 
15 
7 17 
17 2 
18 
4 
2 
19 
# clone tree 54 objective: 1.49026
0 15 14 
14 10 
10 12 
12 1 
1 17 13 
13 8 
8 2 4 16 
16 9 
9 6 
6 11 
5 3 
11 5 
3 18 
15 
7 
17 7 
18 
4 
2 19 
19 
# clone tree 55 objective: 1.49047
0 7 14 
14 10 
10 12 
12 1 
1 17 3 13 
13 8 
8 2 16 
16 9 
9 6 
6 5 
5 11 
11 4 15 
3 19 18 
15 
7 
17 
18 
4 
2 
19 
# clone tree 56 objective: 1.49058
0 15 14 
14 10 
10 12 
12 1 
1 17 13 
13 8 
8 2 4 16 
16 19 9 
9 6 
6 11 
5 3 
11 5 
3 18 
15 
7 
17 7 
18 
4 
2 
19 
# clone tree 57 objective: 1.49086
0 7 14 
14 10 
10 12 
12 1 
1 3 13 
13 8 
8 16 
16 19 9 
9 6 
6 5 
5 11 
11 4 15 
3 18 
15 
7 17 
17 
18 
4 
2 
19 2 
# clone tree 58 objective: 1.49089
0 15 14 
14 10 
10 12 
12 1 
1 2 7 13 
13 8 
8 4 16 
16 9 
9 6 
6 11 
5 3 
11 5 
3 18 
15 
7 17 
17 19 
18 
4 
2 
19 
# clone tree 59 objective: 1.49091
0 7 14 
14 10 
10 12 
12 1 
1 2 3 13 
13 8 
8 16 
16 9 
9 6 
6 5 
5 11 
11 4 15 
3 18 
15 
7 17 
17 
18 
4 
2 19 
19 
# clone tree 60 objective: 1.49094
0 15 14 
14 10 
10 12 
12 1 
1 19 7 13 
13 8 
8 2 4 16 
16 9 
9 6 
6 11 
5 3 
11 5 
3 18 
15 
7 17 
17 
18 
4 
2 
19 
# clone tree 61 objective: 1.49123
0 7 14 
14 10 
10 12 
12 1 
1 2 3 13 
13 8 
8 16 
16 19 9 
9 6 
6 5 
5 11 
11 4 15 
3 18 
15 
7 17 
17 
18 
4 
2 
19 
# clone tree 62 objective: 1.49129
0 15 14 
14 10 
10 12 
12 1 
1 3 13 
13 8 
8 2 4 16 
16 9 
9 6 
6 5 
5 11 
11 7 
3 18 
15 
7 17 
17 
18 
4 
2 19 
19 
# clone tree 63 objective: 1.49162
0 15 14 
14 10 
10 12 
12 1 
1 3 13 
13 8 
8 2 4 16 
16 19 9 
9 6 
6 5 
5 11 
11 7 
3 18 
15 
7 17 
17 
18 
4 
2 
19 
# clone tree 64 objective: 1.49172
0 17 7 14 
14 10 
10 12 
12 1 
1 19 3 13 
13 8 
8 4 16 
16 9 
9 6 
6 5 
5 11 
11 15 
3 2 18 
15 
7 
17 
18 
4 
2 
19 
# clone tree 65 objective: 1.49181
0 15 14 
14 10 
10 12 
12 1 
1 17 13 
13 8 
8 2 4 16 
16 9 
9 6 
6 11 
5 3 
11 5 
3 19 18 
15 
7 
17 7 
18 
4 
2 
19 
# clone tree 66 objective: 1.49186
0 7 14 
14 2 10 
10 12 
12 1 
1 19 3 13 
13 8 
8 16 
16 9 
9 6 
6 5 
5 11 
11 4 15 
3 18 
15 
7 17 
17 
18 
4 
2 
19 
# clone tree 67 objective: 1.49186
0 15 14 
14 10 
10 12 
12 1 
1 17 7 13 
13 8 
8 2 4 16 
16 9 
9 6 
6 11 
5 3 
11 5 
3 18 
15 
7 
17 
18 
4 
2 19 
19 
# clone tree 68 objective: 1.49187
0 7 14 
14 2 10 
10 12 
12 1 
1 3 13 
13 8 
8 19 16 
16 9 
9 6 
6 5 
5 11 
11 4 15 
3 18 
15 
7 17 
17 
18 
4 
2 
19 
# clone tree 69 objective: 1.49209
0 7 14 
14 10 
10 12 
12 1 
1 3 13 
13 8 
8 16 
16 9 
9 6 
6 5 
5 11 
11 4 15 
3 19 18 
15 
7 17 
17 
18 
4 
2 
19 2 
# clone tree 70 objective: 1.49218
0 15 14 
14 10 
10 12 
12 1 
1 17 7 13 
13 8 
8 2 4 16 
16 19 9 
9 6 
6 11 
5 3 
11 5 
3 18 
15 
7 
17 
18 
4 
2 
19 
# clone tree 71 objective: 1.4922
0 17 7 14 
14 10 
10 12 
12 1 
1 3 13 
13 8 
8 2 16 
16 9 
9 6 
6 5 
5 11 
11 4 15 
3 18 
15 
7 
17 
18 
4 
2 19 
19 
# clone tree 72 objective: 1.49246
0 7 14 
14 10 
10 12 
12 1 
1 2 3 13 
13 8 
8 16 
16 9 
9 6 
6 5 
5 11 
11 4 15 
3 19 18 
15 
7 17 
17 
18 
4 
2 
19 
# clone tree 73 objective: 1.49252
0 17 7 14 
14 10 
10 12 
12 1 
1 3 13 
13 8 
8 2 16 
16 19 9 
9 6 
6 5 
5 11 
11 4 15 
3 18 
15 
7 
17 
18 
4 
2 
19 
# clone tree 74 objective: 1.49273
0 15 14 
14 10 
10 12 
12 1 
1 19 17 7 13 
13 8 
8 2 4 16 
16 9 
9 6 
6 11 
5 3 
11 5 
3 18 
15 
7 
17 
18 
4 
2 
19 
# clone tree 75 objective: 1.49281
0 15 14 
14 10 
10 12 
12 1 
1 19 3 13 
13 8 
8 4 16 
16 9 
9 6 
6 5 
5 11 
11 7 
3 18 
15 
7 17 
17 
18 
4 
2 
19 2 
# clone tree 76 objective: 1.49285
0 15 14 
14 10 
10 12 
12 1 
1 3 13 
13 8 
8 2 4 16 
16 9 
9 6 
6 5 
5 11 
11 7 
3 19 18 
15 
7 17 
17 
18 
4 
2 
19 
# clone tree 77 objective: 1.49307
0 15 14 
14 10 
10 12 
12 1 
1 2 7 13 
13 8 
8 19 4 16 
16 9 
9 6 
6 11 
5 3 
11 5 
3 18 
15 
7 17 
17 
18 
4 
2 
19 
# clone tree 78 objective: 1.49327
0 17 14 
14 10 
10 12 
12 1 
1 19 3 13 
13 8 
8 16 
16 9 
9 6 
6 5 
5 11 
11 4 15 
3 2 18 
15 
7 
17 7 
18 
4 
2 
19 
# clone tree 79 objective: 1.49328
0 17 14 
14 10 
10 12 
12 1 
1 3 13 
13 8 
8 19 16 
16 9 
9 6 
6 5 
5 11 
11 4 15 
3 2 18 
15 
7 
17 7 
18 
4 
2 
19 
# clone tree 80 objective: 1.49341
0 7 14 
14 10 
10 12 
12 1 
1 17 3 13 
13 8 
8 2 16 
16 9 
9 6 
6 5 
5 11 
11 4 15 
3 18 
15 
7 
17 19 
18 
4 
2 
19 
# clone tree 81 objective: 1.49342
0 15 14 
14 10 
10 12 
12 1 
1 17 7 13 
13 8 
8 2 4 16 
16 9 
9 6 
6 11 
5 3 
11 5 
3 19 18 
15 
7 
17 
18 
4 
2 
19 
# clone tree 82 objective: 1.49357
0 17 7 14 
14 10 
10 12 
12 1 
1 19 3 13 
13 8 
8 2 4 16 
16 9 
9 6 
6 5 
5 11 
11 15 
3 18 
15 
7 
17 
18 
4 
2 
19 
# clone tree 83 objective: 1.49363
0 15 14 
14 10 
10 12 
12 1 
1 19 17 13 
13 8 
8 4 16 
16 9 
9 6 
6 11 
5 3 
11 5 
3 2 18 
15 
7 
17 7 
18 
4 
2 
19 
# clone tree 84 objective: 1.49369
0 7 14 
14 10 
10 12 
12 1 
1 19 3 13 
13 8 
8 4 16 
16 9 
9 2 6 
6 5 
5 11 
11 15 
3 18 
15 
7 17 
17 
18 
4 
2 
19 
# clone tree 85 objective: 1.49375
0 17 7 14 
14 10 
10 12 
12 1 
1 3 13 
13 8 
8 2 16 
16 9 
9 6 
6 5 
5 11 
11 4 15 
3 19 18 
15 
7 
17 
18 
4 
2 
19 
# clone tree 86 objective: 1.49382
0 7 14 
14 10 
10 12 
12 1 
1 19 3 13 
13 8 
8 2 16 
16 4 9 
9 6 
6 5 
5 11 
11 15 
3 18 
15 
7 17 
17 
18 
4 
2 
19 
# clone tree 87 objective: 1.49395
0 7 14 
14 10 
10 12 
12 1 
1 19 2 15 13 
13 8 
8 4 16 
16 9 
9 6 
6 11 
5 3 
11 5 
3 18 
15 
7 17 
17 
18 
4 
2 
19 
# clone tree 88 objective: 1.49396
0 7 14 
14 10 
10 12 
12 2 1 
1 3 13 
13 8 
8 16 
16 9 
9 6 
6 5 
5 11 
11 4 15 
3 18 
15 
7 17 
17 
18 
4 
2 19 
19 
# clone tree 89 objective: 1.49397
0 7 14 
14 10 
10 12 
12 1 
1 3 13 
13 8 
8 16 
16 9 
9 6 
6 5 
5 11 
11 4 15 
3 2 
15 18 
7 17 
17 
18 
4 
2 19 
19 
# clone tree 90 objective: 1.49403
0 7 14 
14 10 
10 12 
12 1 
1 2 11 13 
13 8 
8 19 16 
16 9 
9 6 
6 5 
5 3 
11 4 15 
3 18 
15 
7 17 
17 
18 
4 
2 
19 
# clone tree 91 objective: 1.49428
0 7 14 
14 10 
10 12 
12 2 1 
1 3 13 
13 8 
8 16 
16 19 9 
9 6 
6 5 
5 11 
11 4 15 
3 18 
15 
7 17 
17 
18 
4 
2 
19 
# clone tree 92 objective: 1.49429
0 7 14 
14 10 
10 12 
12 1 
1 3 13 
13 8 
8 16 
16 19 9 
9 6 
6 5 
5 11 
11 4 15 
3 2 
15 18 
7 17 
17 
18 
4 
2 
19 
# clone tree 93 objective: 1.49438
0 7 14 
14 10 
10 12 
12 1 
1 17 3 13 
13 8 
8 16 
16 9 
9 6 
6 5 
5 11 
11 4 15 
3 2 18 
15 
7 
17 
18 
4 
2 19 
19 
# clone tree 94 objective: 1.4947
0 7 14 
14 10 
10 12 
12 1 
1 17 3 13 
13 8 
8 16 
16 19 9 
9 6 
6 5 
5 11 
11 4 15 
3 2 18 
15 
7 
17 
18 
4 
2 
19 
# clone tree 95 objective: 1.49503
0 15 14 
14 10 
10 12 
12 1 
1 17 13 
13 8 
8 4 16 
16 9 
9 6 
6 11 
5 3 
11 5 
3 2 18 
15 
7 
17 7 
18 
4 
2 19 
19 
# clone tree 96 objective: 1.49513
0 7 14 
14 10 
10 17 12 
12 1 
1 19 3 13 
13 8 
8 2 16 
16 9 
9 6 
6 5 
5 11 
11 4 15 
3 18 
15 
7 
17 
18 
4 
2 
19 
# clone tree 97 objective: 1.49514
0 15 14 
14 10 
10 12 
12 1 
1 19 3 13 
13 8 
8 4 16 
16 9 
9 6 
6 5 
5 11 
11 18 7 
3 2 
15 
7 17 
17 
18 
4 
2 
19 
# clone tree 98 objective: 1.49535
0 15 14 
14 10 
10 12 
12 1 
1 17 13 
13 8 
8 4 16 
16 19 9 
9 6 
6 11 
5 3 
11 5 
3 2 18 
15 
7 
17 7 
18 
4 
2 
19 
# clone tree 99 objective: 1.4954
0 7 14 
14 10 
10 12 
12 1 
1 2 3 13 
13 8 
8 16 
16 9 
9 6 
6 5 
5 11 
11 4 15 
3 18 
15 
7 17 
17 19 
18 
4 
2 
19 
