# clone tree 0 objective: 1.7529
0 15 
15 5 13 
13 4 
4 8 7 
7 3 1 
14 9 
1 14 
9 6 
6 17 18 2 
3 12 
12 10 
2 16 
10 19 11 
16 
5 
18 
8 
11 
17 
19 
# clone tree 1 objective: 1.7529
0 15 
15 5 13 
13 4 
4 8 7 
7 3 1 
14 9 
1 14 
9 6 
6 17 18 2 
3 12 
12 10 
2 16 
10 11 
16 19 
5 
18 
8 
11 
17 
19 
# clone tree 2 objective: 1.75397
0 15 
15 5 13 
13 4 
4 7 
7 3 1 
14 9 
1 14 
9 6 
6 17 18 2 
3 12 
12 10 
2 16 
10 19 11 
16 8 
5 
18 
8 
11 
17 
19 
# clone tree 3 objective: 1.75635
0 15 
15 5 13 
13 4 
4 8 7 
7 3 1 
14 9 
1 14 
9 6 
6 17 18 2 
3 10 
12 16 
2 12 
10 19 11 
16 
5 
18 
8 
11 
17 
19 
# clone tree 4 objective: 1.75635
0 15 
15 5 13 
13 4 
4 8 7 
7 3 1 
14 9 
1 14 
9 6 
6 17 18 2 
3 10 
12 16 
2 12 
10 11 
16 19 
5 
18 
8 
11 
17 
19 
# clone tree 5 objective: 1.75741
0 15 
15 5 13 
13 4 
4 7 
7 3 1 
14 9 
1 14 
9 6 
6 17 18 2 
3 10 
12 16 
2 12 
10 19 11 
16 8 
5 
18 
8 
11 
17 
19 
# clone tree 6 objective: 1.75934
0 15 
15 5 13 
13 4 
4 8 7 
7 3 1 
14 9 
1 14 
9 6 
6 18 2 
3 10 
12 16 
2 12 
10 17 11 
16 19 
5 
18 
8 
11 
17 
19 
# clone tree 7 objective: 1.7594
0 13 
15 5 4 
13 15 
4 8 7 
7 3 1 
14 9 
1 14 
9 6 
6 17 18 2 
3 12 
12 10 
2 16 
10 11 
16 19 
5 
18 
8 
11 
17 
19 
# clone tree 8 objective: 1.7594
0 13 
15 5 4 
13 15 
4 8 7 
7 3 1 
14 9 
1 14 
9 6 
6 17 18 2 
3 12 
12 10 
2 16 
10 19 11 
16 
5 
18 
8 
11 
17 
19 
# clone tree 9 objective: 1.76047
0 13 
15 5 4 
13 15 
4 7 
7 3 1 
14 9 
1 14 
9 6 
6 17 18 2 
3 12 
12 10 
2 16 
10 19 11 
16 8 
5 
18 
8 
11 
17 
19 
# clone tree 10 objective: 1.76175
0 15 
15 5 13 
13 4 
4 7 
7 3 1 
14 9 
1 14 
9 6 
6 17 18 2 
3 10 
12 16 
2 12 
10 11 
16 19 8 
5 
18 
8 
11 
17 
19 
# clone tree 11 objective: 1.76219
0 15 
15 5 13 
13 4 
4 8 7 
7 3 1 
14 9 
1 14 
9 6 
6 18 2 
3 10 
12 16 
2 12 
10 17 
16 19 11 
5 
18 
8 
11 
17 
19 
# clone tree 12 objective: 1.76235
0 15 
15 5 13 
13 4 
4 8 7 
7 3 1 
14 9 
1 14 
9 6 
6 17 18 2 
3 10 
12 19 11 
2 16 
10 12 
16 
5 
18 
8 
11 
17 
19 
# clone tree 13 objective: 1.76245
0 15 
15 5 13 
13 4 
4 8 7 
7 3 1 
14 9 
1 14 
9 6 
6 17 18 2 
3 10 
12 11 
2 16 
10 12 
16 19 
5 
18 
8 
11 
17 
19 
# clone tree 14 objective: 1.76342
0 15 
15 5 13 
13 4 
4 7 
7 3 1 
14 9 
1 14 
9 6 
6 17 18 2 
3 10 
12 19 11 
2 16 
10 12 
16 8 
5 
18 
8 
11 
17 
19 
# clone tree 15 objective: 1.76343
0 15 
15 5 13 
13 4 
4 8 7 
7 3 1 
14 9 
1 14 
9 6 
6 18 2 
3 12 
12 10 
2 16 
10 17 11 
16 19 
5 
18 
8 
11 
17 
19 
# clone tree 16 objective: 1.76473
0 15 
15 5 13 
13 4 
4 7 
7 3 1 
14 9 
1 14 
9 6 
6 18 2 
3 10 
12 16 
2 12 
10 17 11 
16 19 8 
5 
18 
8 
11 
17 
19 
# clone tree 17 objective: 1.76519
0 15 
15 5 13 
13 4 
4 8 7 
7 3 1 
14 9 
1 14 
9 17 6 
6 18 2 
3 10 
12 16 
2 12 
10 11 
16 19 
5 
18 
8 
11 
17 
19 
# clone tree 18 objective: 1.76519
0 15 
15 5 13 
13 4 
4 8 7 
7 3 1 
14 9 
1 14 
9 17 6 
6 18 2 
3 10 
12 16 
2 12 
10 19 11 
16 
5 
18 
8 
11 
17 
19 
# clone tree 19 objective: 1.76523
0 15 
15 5 13 
13 4 
4 18 7 
7 3 1 
14 9 
1 14 
9 6 
6 2 12 
3 10 
12 16 
2 11 
10 17 
16 19 8 
5 
18 
8 
11 
17 
19 
# clone tree 20 objective: 1.7653
0 15 
15 5 13 
13 4 
4 8 7 
7 3 1 
14 9 
1 14 
9 16 6 
6 18 2 
3 12 
12 10 
2 11 
10 17 
16 19 
5 
18 
8 
11 
17 
19 
# clone tree 21 objective: 1.76584
0 15 
15 5 13 
13 4 
4 7 
7 3 1 
14 9 
1 14 
9 6 
6 17 18 2 
3 12 
12 10 
2 16 
10 11 
16 19 8 
5 
18 
8 
11 
17 
19 
# clone tree 22 objective: 1.76625
0 15 
15 5 13 
13 4 
4 7 
7 3 1 
14 9 
1 14 
9 17 6 
6 18 2 
3 10 
12 16 
2 12 
10 19 11 
16 8 
5 
18 
8 
11 
17 
19 
# clone tree 23 objective: 1.76628
0 15 
15 5 13 
13 4 
4 8 7 
7 3 1 
14 9 
1 14 
9 6 
6 18 2 
3 12 
12 10 
2 16 
10 17 
16 19 11 
5 
18 
8 
11 
17 
19 
# clone tree 24 objective: 1.7668
0 15 
15 5 13 
13 4 
4 7 
7 3 1 
14 9 
1 14 
9 8 6 
6 17 18 2 
3 12 
12 10 
2 16 
10 19 11 
16 
5 
18 
8 
11 
17 
19 
# clone tree 25 objective: 1.7668
0 15 
15 5 13 
13 4 
4 7 
7 3 1 
14 9 
1 14 
9 8 6 
6 17 18 2 
3 12 
12 10 
2 16 
10 11 
16 19 
5 
18 
8 
11 
17 
19 
# clone tree 26 objective: 1.76784
0 15 
15 5 13 
13 4 
4 8 7 
7 3 1 
14 9 
1 14 
9 6 
6 18 2 12 
3 10 
12 16 
2 11 
10 17 
16 19 
5 
18 
8 
11 
17 
19 
# clone tree 27 objective: 1.76786
0 15 
15 5 13 
13 4 
4 8 7 
7 3 1 
14 9 
1 14 
9 6 
6 17 18 2 
3 10 
12 16 
2 11 
10 12 
16 19 
5 
18 
8 
11 
17 
19 
# clone tree 28 objective: 1.76883
0 15 
15 5 13 
13 4 
4 7 
7 3 1 
14 9 
1 14 
9 6 
6 18 2 
3 12 
12 10 
2 16 
10 17 11 
16 19 8 
5 
18 
8 
11 
17 
19 
# clone tree 29 objective: 1.76928
0 15 
15 5 13 
13 4 
4 8 7 
7 3 1 
14 9 
1 14 
9 17 6 
6 18 2 
3 12 
12 10 
2 16 
10 11 
16 19 
5 
18 
8 
11 
17 
19 
# clone tree 30 objective: 1.76928
0 15 
15 5 13 
13 4 
4 8 7 
7 3 1 
14 9 
1 14 
9 17 6 
6 18 2 
3 12 
12 10 
2 16 
10 19 11 
16 
5 
18 
8 
11 
17 
19 
# clone tree 31 objective: 1.76993
0 13 
15 5 4 
13 15 
4 8 7 
7 3 1 
14 9 
1 14 
9 6 
6 18 2 
3 12 
12 10 
2 16 
10 17 11 
16 19 
5 
18 
8 
11 
17 
19 
# clone tree 32 objective: 1.77018
0 15 
15 5 13 
13 4 
4 8 7 
7 3 1 
14 9 
1 14 
9 6 
6 17 18 2 
3 12 
12 10 
2 11 
10 16 
16 19 
5 
18 
8 
11 
17 
19 
# clone tree 33 objective: 1.77024
0 15 
15 5 13 
13 4 
4 7 
7 3 1 
14 9 
1 14 
9 8 6 
6 17 18 2 
3 10 
12 16 
2 12 
10 11 
16 19 
5 
18 
8 
11 
17 
19 
# clone tree 34 objective: 1.77024
0 15 
15 5 13 
13 4 
4 7 
7 3 1 
14 9 
1 14 
9 8 6 
6 17 18 2 
3 10 
12 16 
2 12 
10 19 11 
16 
5 
18 
8 
11 
17 
19 
# clone tree 35 objective: 1.77035
0 15 
15 5 13 
13 4 
4 7 
7 3 1 
14 9 
1 14 
9 17 6 
6 18 2 
3 12 
12 10 
2 16 
10 19 11 
16 8 
5 
18 
8 
11 
17 
19 
# clone tree 36 objective: 1.77059
0 15 
15 5 13 
13 4 
4 7 
7 3 1 
14 9 
1 14 
9 17 6 
6 18 2 
3 10 
12 16 
2 12 
10 11 
16 19 8 
5 
18 
8 
11 
17 
19 
# clone tree 37 objective: 1.77069
0 15 
15 5 13 
13 4 
4 7 
7 3 1 
14 9 
1 14 
9 16 6 
6 18 2 
3 12 
12 10 
2 11 
10 17 
16 19 8 
5 
18 
8 
11 
17 
19 
# clone tree 38 objective: 1.77074
0 15 
15 5 13 
13 4 
4 8 7 
7 3 1 
14 9 
1 14 
9 6 
6 18 2 
3 10 
12 16 
2 12 
10 19 17 
16 11 
5 
18 
8 
11 
17 
19 
# clone tree 39 objective: 1.77102
0 15 
15 5 13 
13 4 
4 8 7 
7 3 1 
14 9 
1 14 
9 6 
6 19 18 2 
3 10 
12 16 
2 12 
10 17 
16 11 
5 
18 
8 
11 
17 
19 
# clone tree 40 objective: 1.77102
0 15 
15 5 13 
13 19 4 
4 8 7 
7 3 1 
14 9 
1 14 
9 6 
6 18 2 
3 10 
12 16 
2 12 
10 17 
16 11 
5 
18 
8 
11 
17 
19 
# clone tree 41 objective: 1.77173
0 13 
15 5 4 
13 15 
4 18 7 
7 3 1 
14 9 
1 14 
9 6 
6 2 12 
3 10 
12 16 
2 11 
10 17 
16 19 8 
5 
18 
8 
11 
17 
19 
# clone tree 42 objective: 1.77234
0 13 
15 5 4 
13 15 
4 7 
7 3 1 
14 9 
1 14 
9 6 
6 17 18 2 
3 12 
12 10 
2 16 
10 11 
16 19 8 
5 
18 
8 
11 
17 
19 
# clone tree 43 objective: 1.77278
0 13 
15 5 4 
13 15 
4 8 7 
7 3 1 
14 9 
1 14 
9 6 
6 18 2 
3 12 
12 10 
2 16 
10 17 
16 19 11 
5 
18 
8 
11 
17 
19 
# clone tree 44 objective: 1.77285
0 15 
15 5 13 
13 19 4 
4 8 7 
7 3 1 
14 9 
1 14 
9 6 
6 17 18 2 
3 12 
12 10 
2 16 
10 11 
16 
5 
18 
8 
11 
17 
19 
# clone tree 45 objective: 1.77314
0 15 
15 5 13 
13 4 
4 8 7 
7 3 1 
14 9 
1 14 
9 6 
6 17 18 2 
3 10 
12 16 
2 12 
10 19 
16 11 
5 
18 
8 
11 
17 
19 
# clone tree 46 objective: 1.77318
0 15 
15 5 13 
13 4 
4 8 7 
7 3 1 
14 19 9 
1 14 
9 6 
6 18 2 
3 10 
12 16 
2 12 
10 17 
16 11 
5 
18 
8 
11 
17 
19 
# clone tree 47 objective: 1.77323
0 15 
15 5 13 
13 4 
4 7 
7 3 1 
14 9 
1 14 
9 8 6 
6 18 2 
3 10 
12 16 
2 12 
10 17 11 
16 19 
5 
18 
8 
11 
17 
19 
# clone tree 48 objective: 1.77324
0 15 
15 5 13 
13 4 
4 7 
7 3 1 
14 9 
1 14 
9 6 
6 18 2 12 
3 10 
12 16 
2 11 
10 17 
16 19 8 
5 
18 
8 
11 
17 
19 
# clone tree 49 objective: 1.77329
0 13 
15 5 4 
13 15 
4 7 
7 3 1 
14 9 
1 14 
9 8 6 
6 17 18 2 
3 12 
12 10 
2 16 
10 19 11 
16 
5 
18 
8 
11 
17 
19 
