# clone tree 0 objective: 0.95549
0 2 11 
11 12 9 
9 16 10 
10 18 13 
2 17 6 3 
13 5 
5 14 
14 4 19 
16 1 
12 
3 15 
19 
4 7 
1 
6 8 
18 
15 
17 
8 
7 
# clone tree 1 objective: 0.960054
0 2 11 
11 9 
9 16 10 
10 18 13 
2 17 6 3 
13 5 
5 14 
14 4 19 
16 1 
12 15 
3 12 
19 
4 7 
1 
6 8 
18 
15 
17 
8 
7 
# clone tree 2 objective: 0.969243
0 2 11 
11 12 9 
9 16 10 
10 13 
2 18 6 3 
13 5 
5 14 
14 4 19 
16 17 1 
12 
3 15 
19 
4 7 
1 
6 8 
18 
15 
17 
8 
7 
# clone tree 3 objective: 0.969346
0 7 2 11 
11 12 9 
9 16 10 
10 18 13 
2 17 6 3 
13 5 
5 14 
14 4 19 
16 1 
12 
3 15 
19 
4 
1 
6 8 
18 
15 
17 
8 
7 
# clone tree 4 objective: 0.97391
0 7 2 11 
11 9 
9 16 10 
10 18 13 
2 17 6 3 
13 5 
5 14 
14 4 19 
16 1 
12 15 
3 12 
19 
4 
1 
6 8 
18 
15 
17 
8 
7 
# clone tree 5 objective: 0.977941
0 2 11 
11 12 9 
9 18 6 10 
10 19 5 
2 17 4 3 
13 14 
5 13 
14 7 16 
16 1 
12 
3 15 
19 
4 
1 
6 8 
18 
15 
17 
8 
7 
# clone tree 6 objective: 0.978064
0 2 11 
11 12 9 
9 16 10 
10 18 13 
2 17 6 3 
13 5 
5 14 
14 4 19 
16 1 
12 
3 15 
19 7 
4 
1 
6 8 
18 
15 
17 
8 
7 
# clone tree 7 objective: 0.978914
0 2 11 
11 9 
9 16 10 
10 18 13 
2 17 6 3 
13 5 
5 14 
14 4 19 
16 8 1 
12 15 
3 12 
19 
4 7 
1 
6 
18 
15 
17 
8 
7 
# clone tree 8 objective: 0.979167
0 2 11 
11 12 9 
9 16 10 
10 18 13 
2 17 6 3 
13 5 
5 14 
14 4 19 
16 1 
12 
3 15 
19 
4 7 8 
1 
6 
18 
15 
17 
8 
7 
# clone tree 9 objective: 0.979317
0 2 11 
11 9 
9 16 10 
10 13 
2 18 6 3 
13 5 
5 14 
14 4 19 
16 17 1 
12 15 
3 12 
19 
4 7 
1 
6 8 
18 
15 
17 
8 
7 
# clone tree 10 objective: 0.980338
0 2 11 
11 12 9 
9 16 10 
10 13 
2 17 6 3 
13 5 
5 14 
14 18 4 19 
16 1 
12 
3 15 
19 
4 7 
1 
6 8 
18 
15 
17 
8 
7 
# clone tree 11 objective: 0.980825
0 2 11 
11 12 9 
9 16 10 
10 18 13 
2 17 6 3 
13 5 
5 14 
14 4 19 
16 1 
12 
3 8 15 
19 
4 7 
1 
6 
18 
15 
17 
8 
7 
# clone tree 12 objective: 0.98205
0 2 11 
11 12 9 
9 16 10 
10 7 13 
2 18 6 3 
13 5 
5 14 
14 4 19 
16 17 1 
12 
3 15 
19 
4 
1 
6 8 
18 
15 
17 
8 
7 
# clone tree 13 objective: 0.982562
0 2 11 
11 9 
9 16 10 
10 7 18 13 
2 17 6 3 
13 5 
5 14 
14 4 19 
16 1 
12 15 
3 12 
19 
4 
1 
6 8 
18 
15 
17 
8 
7 
# clone tree 14 objective: 0.982628
0 2 11 
11 9 
9 16 10 
10 18 13 
2 17 6 3 
13 5 
5 14 
14 4 19 
16 1 
12 15 
3 12 
19 7 
4 
1 
6 8 
18 
15 
17 
8 
7 
# clone tree 15 objective: 0.983044
0 2 11 
11 12 9 
9 16 10 
10 7 13 
2 17 6 3 
13 5 
5 14 
14 18 4 19 
16 1 
12 
3 15 
19 
4 
1 
6 8 
18 
15 
17 
8 
7 
# clone tree 16 objective: 0.983068
0 2 11 
11 12 9 
9 16 10 
10 17 13 
2 18 6 3 
13 5 
5 14 
14 4 19 
16 1 
12 
3 15 
19 
4 7 
1 
6 8 
18 
15 
17 
8 
7 
# clone tree 17 objective: 0.983099
0 7 2 11 
11 12 9 
9 16 10 
10 13 
2 18 6 3 
13 5 
5 14 
14 4 19 
16 17 1 
12 
3 15 
19 
4 
1 
6 8 
18 
15 
17 
8 
7 
# clone tree 18 objective: 0.983731
0 2 11 
11 9 
9 16 10 
10 18 13 
2 17 6 3 
13 5 
5 14 
14 4 19 
16 1 
12 15 
3 12 
19 
4 7 8 
1 
6 
18 
15 
17 
8 
7 
# clone tree 19 objective: 0.983887
0 2 11 
11 12 9 
9 18 6 10 
10 19 5 
2 17 4 3 
13 14 
5 13 
14 16 
16 1 
12 
3 15 
19 
4 7 
1 
6 8 
18 
15 
17 
8 
7 
# clone tree 20 objective: 0.983932
0 7 2 11 
11 12 9 
9 16 10 
10 18 13 
2 17 6 3 
13 5 
5 14 
14 4 19 
16 1 
12 
3 15 
19 
4 8 
1 
6 
18 
15 
17 
8 
7 
# clone tree 21 objective: 0.983956
0 2 11 
11 12 9 
9 16 10 
10 18 13 
2 17 6 3 
13 5 
5 14 
14 4 19 
16 1 
12 
3 15 
19 
4 7 
1 
6 
18 
15 
17 8 
8 
7 
# clone tree 22 objective: 0.983956
0 2 11 
11 12 9 
9 16 10 
10 18 13 
2 17 6 3 
13 5 
5 14 
14 4 19 
16 8 1 
12 
3 15 
19 
4 7 
1 
6 
18 
15 
17 
8 
7 
# clone tree 23 objective: 0.986307
0 2 11 
11 9 
9 16 10 
10 13 
2 17 6 3 
13 5 
5 14 
14 4 19 
16 18 1 
12 15 
3 12 
19 
4 7 
1 
6 8 
18 
15 
17 
8 
7 
# clone tree 24 objective: 0.987089
0 2 11 
11 12 9 
9 16 10 
10 7 18 13 
2 17 6 3 
13 5 
5 14 
14 4 19 
16 1 
12 
3 15 
19 
4 
1 
6 8 
18 
15 
17 
8 
7 
# clone tree 25 objective: 0.987608
0 2 11 
11 12 9 
9 16 10 
10 8 13 
2 18 6 3 
13 5 
5 14 
14 4 19 
16 17 1 
12 
3 15 
19 
4 7 
1 
6 
18 
15 
17 
8 
7 
# clone tree 26 objective: 0.987711
0 2 11 
11 15 9 
9 16 10 
10 18 13 
2 17 6 3 
13 5 
5 14 
14 4 19 
16 1 
12 
3 12 
19 
4 7 
1 
6 8 
18 
15 
17 
8 
7 
# clone tree 27 objective: 0.988299
0 2 11 
11 12 9 
9 16 10 
10 18 13 
2 8 17 6 3 
13 5 
5 14 
14 4 19 
16 1 
12 
3 15 
19 
4 7 
1 
6 
18 
15 
17 
8 
7 
# clone tree 28 objective: 0.988496
0 7 2 11 
11 9 
9 16 10 
10 18 13 
2 17 6 3 
13 5 
5 14 
14 4 19 
16 1 
12 15 
3 12 
19 
4 8 
1 
6 
18 
15 
17 
8 
7 
# clone tree 29 objective: 0.98852
0 2 11 
11 9 
9 16 10 
10 18 13 
2 17 6 3 
13 5 
5 14 
14 4 19 
16 1 
12 15 
3 12 
19 
4 7 
1 
6 
18 
15 
17 8 
8 
7 
# clone tree 30 objective: 0.989013
0 2 11 
11 9 
9 16 10 
10 7 13 
2 17 6 3 
13 5 
5 14 
14 4 19 
16 18 1 
12 15 
3 12 
19 
4 
1 
6 8 
18 
15 
17 
8 
7 
# clone tree 31 objective: 0.989649
0 2 11 
11 12 9 
9 16 10 
10 13 
2 8 18 6 3 
13 5 
5 14 
14 4 19 
16 17 1 
12 
3 15 
19 
4 7 
1 
6 
18 
15 
17 
8 
7 
# clone tree 32 objective: 0.990412
0 2 11 
11 9 
9 16 10 
10 13 
2 17 6 3 
13 5 
5 14 
14 18 4 19 
16 1 
12 15 
3 12 
19 
4 7 
1 
6 8 
18 
15 
17 
8 
7 
# clone tree 33 objective: 0.990635
0 2 11 
11 9 
9 16 10 
10 4 13 
2 17 6 3 
13 5 
5 14 
14 15 18 19 
16 1 
12 
3 12 
19 
4 7 
1 
6 8 
18 
15 
17 
8 
7 
# clone tree 34 objective: 0.991817
0 2 11 
11 12 9 
9 16 10 
10 13 
2 18 6 3 
13 5 
5 14 
14 4 19 
16 17 1 
12 
3 15 
19 7 
4 
1 
6 8 
18 
15 
17 
8 
7 
# clone tree 35 objective: 0.992124
0 2 11 
11 9 
9 16 10 
10 7 13 
2 18 6 3 
13 5 
5 14 
14 4 19 
16 17 1 
12 15 
3 12 
19 
4 
1 
6 8 
18 
15 
17 
8 
7 
# clone tree 36 objective: 0.992527
0 2 11 
11 12 9 
9 18 6 10 
10 19 5 
2 17 4 3 
13 14 
5 13 
14 7 16 
16 1 
12 
3 15 
19 
4 8 
1 
6 
18 
15 
17 
8 
7 
# clone tree 37 objective: 0.992594
0 7 2 11 
11 9 
9 16 10 
10 18 13 
2 17 6 3 
13 5 
5 14 
14 4 19 
16 1 
12 
3 12 
19 
4 15 
1 
6 8 
18 
15 
17 
8 
7 
# clone tree 38 objective: 0.99265
0 2 11 
11 12 9 
9 16 10 
10 18 13 
2 17 6 3 
13 5 
5 14 
14 4 19 
16 1 
12 
3 15 
19 7 
4 8 
1 
6 
18 
15 
17 
8 
7 
# clone tree 39 objective: 0.99277
0 7 2 11 
11 9 
9 16 10 
10 18 13 
2 17 6 3 
13 5 
5 14 
14 4 19 
16 8 1 
12 15 
3 12 
19 
4 
1 
6 
18 
15 
17 
8 
7 
# clone tree 40 objective: 0.99292
0 2 11 
11 12 9 
9 16 10 
10 13 
2 18 6 3 
13 5 
5 14 
14 4 19 
16 17 1 
12 
3 15 
19 
4 7 8 
1 
6 
18 
15 
17 
8 
7 
# clone tree 41 objective: 0.993118
0 2 11 
11 9 
9 16 10 
10 7 13 
2 17 6 3 
13 5 
5 14 
14 18 4 19 
16 1 
12 15 
3 12 
19 
4 
1 
6 8 
18 
15 
17 
8 
7 
# clone tree 42 objective: 0.993142
0 2 11 
11 9 
9 16 10 
10 17 13 
2 18 6 3 
13 5 
5 14 
14 4 19 
16 1 
12 15 
3 12 
19 
4 7 
1 
6 8 
18 
15 
17 
8 
7 
# clone tree 43 objective: 0.993173
0 7 2 11 
11 9 
9 16 10 
10 13 
2 18 6 3 
13 5 
5 14 
14 4 19 
16 17 1 
12 15 
3 12 
19 
4 
1 
6 8 
18 
15 
17 
8 
7 
# clone tree 44 objective: 0.993892
0 2 11 
11 9 
9 16 10 
10 18 13 
2 8 17 6 3 
13 5 
5 14 
14 4 19 
16 1 
12 15 
3 12 
19 
4 7 
1 
6 
18 
15 
17 
8 
7 
# clone tree 45 objective: 0.994194
0 7 2 11 
11 12 9 
9 16 10 
10 13 
2 17 6 3 
13 5 
5 14 
14 18 4 19 
16 1 
12 
3 15 
19 
4 
1 
6 8 
18 
15 
17 
8 
7 
# clone tree 46 objective: 0.994578
0 2 11 
11 12 9 
9 16 10 
10 13 
2 18 6 3 
13 5 
5 14 
14 4 19 
16 17 1 
12 
3 8 15 
19 
4 7 
1 
6 
18 
15 
17 
8 
7 
# clone tree 47 objective: 0.994681
0 7 2 11 
11 12 9 
9 16 10 
10 18 13 
2 17 6 3 
13 5 
5 14 
14 4 19 
16 1 
12 
3 8 15 
19 
4 
1 
6 
18 
15 
17 
8 
7 
# clone tree 48 objective: 0.994861
0 2 11 
11 9 
9 18 6 10 
10 19 5 
2 17 4 3 
13 14 
5 13 
14 7 16 
16 1 
12 15 
3 12 
19 
4 
1 
6 8 
18 
15 
17 
8 
7 
# clone tree 49 objective: 0.994907
0 2 11 
11 12 9 
9 16 10 
10 18 13 
2 17 6 3 
13 5 
5 14 
14 4 19 
16 1 
12 8 
3 15 
19 
4 7 
1 
6 
18 
15 
17 
8 
7 
