# clone tree 0 objective: 0.841027
0 6 11 9 13 
13 15 12 
12 14 2 1 
1 18 10 
10 5 
5 7 
7 3 
3 16 
2 4 
16 19 
15 
4 8 
18 
19 17 
14 
9 
11 
17 
6 
8 
# clone tree 1 objective: 0.845876
0 6 11 9 13 
13 15 12 
12 14 2 1 
1 18 10 
10 5 
5 7 
7 3 
3 16 
2 4 
16 19 
15 
4 8 
18 
19 
14 
9 17 
11 
17 
6 
8 
# clone tree 2 objective: 0.846041
0 11 16 13 
13 15 12 
12 9 2 1 
1 10 
10 5 
5 14 7 
7 8 3 
3 18 
2 4 
16 19 
15 
4 6 
18 
19 17 
14 
9 
11 
17 
6 
8 
# clone tree 3 objective: 0.850298
0 6 11 9 13 
13 15 12 
12 14 2 1 
1 10 
10 5 
5 7 
7 8 3 
3 16 
2 4 
16 19 
15 
4 18 
18 
19 17 
14 
9 
11 
17 
6 
8 
# clone tree 4 objective: 0.850324
0 11 16 13 
13 15 12 
12 9 2 1 
1 6 10 
10 5 
5 14 7 
7 8 3 
3 18 
2 4 
16 19 
15 
4 
18 
19 17 
14 
9 
11 
17 
6 
8 
# clone tree 5 objective: 0.850324
0 11 16 13 
13 15 12 
12 9 2 1 
1 6 10 
10 5 
5 14 7 
7 3 
3 18 
2 4 
16 19 
15 
4 8 
18 
19 17 
14 
9 
11 
17 
6 
8 
# clone tree 6 objective: 0.850399
0 6 11 9 13 
13 15 12 
12 14 2 1 
1 18 10 
10 5 
5 7 
7 8 3 
3 16 
2 4 
16 19 
15 
4 
18 
19 17 
14 
9 
11 
17 
6 
8 
# clone tree 7 objective: 0.85089
0 11 16 13 
13 15 12 
12 9 2 1 
1 10 
10 5 
5 14 7 
7 8 3 
3 18 
2 4 
16 19 
15 
4 6 
18 
19 
14 
9 17 
11 
17 
6 
8 
# clone tree 8 objective: 0.850956
0 17 11 16 13 
13 15 12 
12 9 2 1 
1 10 
10 5 
5 14 7 
7 8 3 
3 18 
2 4 
16 19 
15 
4 6 
18 
19 
14 
9 
11 
17 
6 
8 
# clone tree 9 objective: 0.851757
0 11 16 13 
13 15 12 
12 9 2 1 
1 10 
10 19 5 
5 14 7 
7 3 
3 18 
2 4 
16 6 
15 
4 8 
18 
19 17 
14 
9 
11 
17 
6 
8 
# clone tree 10 objective: 0.851757
0 11 16 13 
13 15 12 
12 9 2 1 
1 10 
10 19 5 
5 14 7 
7 8 3 
3 18 
2 4 
16 6 
15 
4 
18 
19 17 
14 
9 
11 
17 
6 
8 
# clone tree 11 objective: 0.851798
0 6 11 9 13 
13 15 12 
12 14 2 1 
1 18 10 
10 17 5 
5 7 
7 3 
3 16 
2 4 
16 19 
15 
4 8 
18 
19 
14 
9 
11 
17 
6 
8 
# clone tree 12 objective: 0.853724
0 11 16 13 
13 15 12 
12 9 2 1 
1 10 
10 19 5 
5 14 7 
7 8 3 
3 18 
2 4 
16 17 
15 
4 6 
18 
19 
14 
9 
11 
17 
6 
8 
# clone tree 13 objective: 0.85469
0 6 11 9 13 
13 17 15 12 
12 14 2 1 
1 18 10 
10 5 
5 7 
7 3 
3 16 
2 4 
16 19 
15 
4 8 
18 
19 
14 
9 
11 
17 
6 
8 
# clone tree 14 objective: 0.854714
0 11 16 13 
13 15 12 
12 9 2 1 
1 10 
10 5 
5 14 7 
7 3 
3 18 
2 4 
16 19 
15 
4 8 6 
18 
19 17 
14 
9 
11 
17 
6 
8 
# clone tree 15 objective: 0.855147
0 6 11 9 13 
13 15 12 
12 14 2 1 
1 10 
10 5 
5 7 
7 8 3 
3 16 
2 4 
16 19 
15 
4 18 
18 
19 
14 
9 17 
11 
17 
6 
8 
# clone tree 16 objective: 0.855173
0 11 16 13 
13 15 12 
12 9 2 1 
1 6 10 
10 5 
5 14 7 
7 8 3 
3 18 
2 4 
16 19 
15 
4 
18 
19 
14 
9 17 
11 
17 
6 
8 
# clone tree 17 objective: 0.855173
0 11 16 13 
13 15 12 
12 9 2 1 
1 6 10 
10 5 
5 14 7 
7 3 
3 18 
2 4 
16 19 
15 
4 8 
18 
19 
14 
9 17 
11 
17 
6 
8 
# clone tree 18 objective: 0.855239
0 17 11 16 13 
13 15 12 
12 9 2 1 
1 6 10 
10 5 
5 14 7 
7 3 
3 18 
2 4 
16 19 
15 
4 8 
18 
19 
14 
9 
11 
17 
6 
8 
# clone tree 19 objective: 0.855239
0 17 11 16 13 
13 15 12 
12 9 2 1 
1 6 10 
10 5 
5 14 7 
7 8 3 
3 18 
2 4 
16 19 
15 
4 
18 
19 
14 
9 
11 
17 
6 
8 
# clone tree 20 objective: 0.855248
0 6 11 9 13 
13 15 12 
12 14 2 1 
1 18 10 
10 5 
5 7 
7 8 3 
3 16 
2 4 
16 19 
15 
4 
18 
19 
14 
9 17 
11 
17 
6 
8 
# clone tree 21 objective: 0.856124
0 17 11 4 13 
13 15 12 
12 9 2 1 
1 6 10 
10 5 
5 14 7 
7 3 
3 16 
2 18 
16 19 
15 
4 8 
18 
19 
14 
9 
11 
17 
6 
8 
# clone tree 22 objective: 0.857002
0 11 9 13 
13 15 12 
12 18 2 1 
1 6 10 
10 5 
5 14 7 
7 3 
3 16 
2 4 
16 19 
15 
4 8 
18 
19 17 
14 
9 
11 
17 
6 
8 
# clone tree 23 objective: 0.857572
0 6 11 9 13 
13 15 12 
12 2 1 
1 10 
10 5 
5 14 7 
7 8 3 
3 16 
2 4 
16 19 
15 
4 18 
18 
19 17 
14 
9 
11 
17 
6 
8 
# clone tree 24 objective: 0.857584
0 11 16 13 
13 15 12 
12 9 2 1 
1 10 
10 5 
5 14 7 
7 3 
3 18 
2 4 
16 8 19 
15 
4 6 
18 
19 17 
14 
9 
11 
17 
6 
8 
# clone tree 25 objective: 0.857648
0 6 11 9 13 
13 15 12 
12 14 2 1 
1 10 
10 5 
5 8 7 
7 3 
3 16 
2 4 
16 19 
15 
4 18 
18 
19 17 
14 
9 
11 
17 
6 
8 
# clone tree 26 objective: 0.858007
0 11 16 13 
13 15 12 
12 9 2 1 
1 6 10 
10 19 5 
5 14 7 
7 3 
3 18 
2 4 
16 17 
15 
4 8 
18 
19 
14 
9 
11 
17 
6 
8 
# clone tree 27 objective: 0.858007
0 11 16 13 
13 15 12 
12 9 2 1 
1 6 10 
10 19 5 
5 14 7 
7 8 3 
3 18 
2 4 
16 17 
15 
4 
18 
19 
14 
9 
11 
17 
6 
8 
# clone tree 28 objective: 0.858541
0 11 16 13 
13 15 12 
12 9 2 1 
1 10 
10 5 
5 14 7 
7 3 
3 18 
2 4 
16 19 
15 
4 8 
18 6 
19 17 
14 
9 
11 
17 
6 
8 
# clone tree 29 objective: 0.858541
0 11 16 13 
13 15 12 
12 9 2 1 
1 10 
10 5 
5 14 7 
7 8 3 
3 18 
2 4 
16 19 
15 
4 
18 6 
19 17 
14 
9 
11 
17 
6 
8 
# clone tree 30 objective: 0.858947
0 6 11 9 13 
13 15 12 
12 14 2 1 
1 10 
10 5 
5 7 
7 3 
3 16 
2 4 
16 19 
15 
4 8 18 
18 
19 17 
14 
9 
11 
17 
6 
8 
# clone tree 31 objective: 0.859563
0 11 16 13 
13 15 12 
12 9 2 1 
1 10 
10 5 
5 14 7 
7 3 
3 18 
2 4 
16 19 
15 
4 8 6 
18 
19 
14 
9 17 
11 
17 
6 
8 
# clone tree 32 objective: 0.859563
0 6 11 9 13 
13 15 12 
12 14 2 1 
1 10 
10 5 
5 7 
7 3 
3 16 
2 4 
16 19 
15 
4 18 
18 
19 17 
14 
9 8 
11 
17 
6 
8 
# clone tree 33 objective: 0.859629
0 17 11 16 13 
13 15 12 
12 9 2 1 
1 10 
10 5 
5 14 7 
7 3 
3 18 
2 4 
16 19 
15 
4 8 6 
18 
19 
14 
9 
11 
17 
6 
8 
# clone tree 34 objective: 0.859664
0 6 11 9 13 
13 15 12 
12 14 2 1 
1 18 10 
10 5 
5 7 
7 3 
3 16 
2 4 
16 19 
15 
4 
18 
19 17 
14 
9 8 
11 
17 
6 
8 
# clone tree 35 objective: 0.859704
0 11 16 13 
13 17 15 12 
12 9 2 1 
1 10 
10 5 
5 14 7 
7 8 3 
3 18 
2 4 
16 19 
15 
4 6 
18 
19 
14 
9 
11 
17 
6 
8 
# clone tree 36 objective: 0.859855
0 6 17 11 9 13 
13 15 12 
12 14 2 1 
1 18 10 
10 5 
5 7 
7 3 
3 16 
2 4 
16 19 
15 
4 8 
18 
19 
14 
9 
11 
17 
6 
8 
# clone tree 37 objective: 0.860217
0 6 11 9 13 
13 15 12 
12 14 2 1 
1 10 
10 5 
5 7 
7 18 3 
3 16 
2 4 
16 19 
15 
4 8 
18 
19 17 
14 
9 
11 
17 
6 
8 
# clone tree 38 objective: 0.860246
0 11 16 13 
13 15 12 
12 9 2 1 
1 10 
10 19 5 
5 14 7 
7 3 
3 18 
2 4 
16 8 6 
15 
4 
18 
19 17 
14 
9 
11 
17 
6 
8 
# clone tree 39 objective: 0.860514
0 17 11 4 13 
13 15 12 
12 9 2 1 
1 10 
10 5 
5 14 7 
7 3 
3 16 
2 18 
16 19 
15 
4 8 6 
18 
19 
14 
9 
11 
17 
6 
8 
# clone tree 40 objective: 0.860918
0 11 16 13 
13 15 12 
12 14 2 1 
1 6 10 
10 5 
5 7 
7 8 3 
3 18 
2 4 
16 19 
15 
4 9 
18 
19 17 
14 
9 
11 
17 
6 
8 
# clone tree 41 objective: 0.861069
0 6 11 9 13 
13 15 12 
12 14 2 1 
1 10 
10 17 5 
5 7 
7 8 3 
3 16 
2 4 
16 19 
15 
4 18 
18 
19 
14 
9 
11 
17 
6 
8 
# clone tree 42 objective: 0.86117
0 6 11 9 13 
13 15 12 
12 14 2 1 
1 18 10 
10 17 5 
5 7 
7 8 3 
3 16 
2 4 
16 19 
15 
4 
18 
19 
14 
9 
11 
17 
6 
8 
# clone tree 43 objective: 0.861213
0 17 11 4 13 
13 15 12 
12 9 2 1 
1 10 
10 5 
5 14 7 
7 8 3 
3 16 
2 18 
16 19 
15 
4 6 
18 
19 
14 
9 
11 
17 
6 
8 
# clone tree 44 objective: 0.861392
0 11 9 13 
13 15 12 
12 18 2 1 
1 10 
10 5 
5 14 7 
7 3 
3 16 
2 4 
16 19 
15 
4 8 6 
18 
19 17 
14 
9 
11 
17 
6 
8 
# clone tree 45 objective: 0.861666
0 6 11 9 13 
13 15 12 
12 8 2 1 
1 10 
10 5 
5 14 7 
7 3 
3 16 
2 4 
16 19 
15 
4 18 
18 
19 17 
14 
9 
11 
17 
6 
8 
# clone tree 46 objective: 0.861841
0 6 11 9 13 
13 15 12 
12 14 2 1 
1 10 
10 5 
5 7 
7 3 
3 16 
2 4 
16 8 19 
15 
4 18 
18 
19 17 
14 
9 
11 
17 
6 
8 
# clone tree 47 objective: 0.861851
0 11 9 13 
13 15 12 
12 18 2 1 
1 6 10 
10 5 
5 14 7 
7 3 
3 16 
2 4 
16 19 
15 
4 8 
18 
19 
14 
9 17 
11 
17 
6 
8 
# clone tree 48 objective: 0.861867
0 11 16 13 
13 15 12 
12 9 2 1 
1 6 10 
10 5 
5 14 7 
7 3 
3 18 
2 4 
16 8 19 
15 
4 
18 
19 17 
14 
9 
11 
17 
6 
8 
# clone tree 49 objective: 0.861942
0 6 11 9 13 
13 15 12 
12 14 2 1 
1 18 10 
10 5 
5 7 
7 3 
3 16 
2 4 
16 8 19 
15 
4 
18 
19 17 
14 
9 
11 
17 
6 
8 
# clone tree 50 objective: 0.862091
0 11 9 13 
13 15 12 
12 18 2 1 
1 10 
10 5 
5 14 7 
7 8 3 
3 16 
2 4 
16 19 
15 
4 6 
18 
19 17 
14 
9 
11 
17 
6 
8 
# clone tree 51 objective: 0.862397
0 11 16 13 
13 15 12 
12 9 2 1 
1 10 
10 19 5 
5 14 7 
7 3 
3 18 
2 4 
16 17 
15 
4 8 6 
18 
19 
14 
9 
11 
17 
6 
8 
# clone tree 52 objective: 0.862421
0 6 11 9 13 
13 15 12 
12 2 1 
1 10 
10 5 
5 14 7 
7 8 3 
3 16 
2 4 
16 19 
15 
4 18 
18 
19 
14 
9 17 
11 
17 
6 
8 
# clone tree 53 objective: 0.862433
0 11 16 13 
13 15 12 
12 9 2 1 
1 10 
10 5 
5 14 7 
7 3 
3 18 
2 4 
16 8 19 
15 
4 6 
18 
19 
14 
9 17 
11 
17 
6 
8 
# clone tree 54 objective: 0.862497
0 6 11 9 13 
13 15 12 
12 14 2 1 
1 10 
10 5 
5 8 7 
7 3 
3 16 
2 4 
16 19 
15 
4 18 
18 
19 
14 
9 17 
11 
17 
6 
8 
# clone tree 55 objective: 0.862499
0 17 11 16 13 
13 15 12 
12 9 2 1 
1 10 
10 5 
5 14 7 
7 3 
3 18 
2 4 
16 8 19 
15 
4 6 
18 
19 
14 
9 
11 
17 
6 
8 
# clone tree 56 objective: 0.862825
0 11 9 13 
13 15 12 
12 18 2 1 
1 10 
10 5 
5 14 7 
7 3 
3 16 
2 4 
16 19 
15 
4 8 
18 6 
19 17 
14 
9 
11 
17 
6 
8 
# clone tree 57 objective: 0.862964
0 17 11 9 13 
13 15 12 
12 18 2 1 
1 6 10 
10 5 
5 14 7 
7 3 
3 16 
2 4 
16 19 
15 
4 8 
18 
19 
14 
9 
11 
17 
6 
8 
# clone tree 58 objective: 0.86339
0 11 16 13 
13 15 12 
12 9 2 1 
1 10 
10 5 
5 14 7 
7 8 3 
3 18 
2 4 
16 19 
15 
4 
18 6 
19 
14 
9 17 
11 
17 
6 
8 
# clone tree 59 objective: 0.86339
0 11 16 13 
13 15 12 
12 9 2 1 
1 10 
10 5 
5 14 7 
7 3 
3 18 
2 4 
16 19 
15 
4 8 
18 6 
19 
14 
9 17 
11 
17 
6 
8 
# clone tree 60 objective: 0.863456
0 17 11 16 13 
13 15 12 
12 9 2 1 
1 10 
10 5 
5 14 7 
7 8 3 
3 18 
2 4 
16 19 
15 
4 
18 6 
19 
14 
9 
11 
17 
6 
8 
# clone tree 61 objective: 0.863456
0 17 11 16 13 
13 15 12 
12 9 2 1 
1 10 
10 5 
5 14 7 
7 3 
3 18 
2 4 
16 19 
15 
4 8 
18 6 
19 
14 
9 
11 
17 
6 
8 
# clone tree 62 objective: 0.863796
0 6 11 9 13 
13 15 12 
12 14 2 1 
1 10 
10 5 
5 7 
7 3 
3 16 
2 4 
16 19 
15 
4 8 18 
18 
19 
14 
9 17 
11 
17 
6 
8 
# clone tree 63 objective: 0.863961
0 6 11 9 13 
13 17 15 12 
12 14 2 1 
1 10 
10 5 
5 7 
7 8 3 
3 16 
2 4 
16 19 
15 
4 18 
18 
19 
14 
9 
11 
17 
6 
8 
# clone tree 64 objective: 0.863987
0 11 16 13 
13 17 15 12 
12 9 2 1 
1 6 10 
10 5 
5 14 7 
7 8 3 
3 18 
2 4 
16 19 
15 
4 
18 
19 
14 
9 
11 
17 
6 
8 
# clone tree 65 objective: 0.863987
0 11 16 13 
13 17 15 12 
12 9 2 1 
1 6 10 
10 5 
5 14 7 
7 3 
3 18 
2 4 
16 19 
15 
4 8 
18 
19 
14 
9 
11 
17 
6 
8 
# clone tree 66 objective: 0.864062
0 6 11 9 13 
13 17 15 12 
12 14 2 1 
1 18 10 
10 5 
5 7 
7 8 3 
3 16 
2 4 
16 19 
15 
4 
18 
19 
14 
9 
11 
17 
6 
8 
# clone tree 67 objective: 0.864678
0 11 16 13 
13 15 12 
12 9 2 1 
1 10 
10 5 
5 14 7 
7 3 
3 18 
2 4 
16 19 
15 
4 6 
18 
19 17 
14 
9 8 
11 
17 
6 
8 
# clone tree 68 objective: 0.865153
0 11 16 13 
13 15 12 
12 9 2 1 
1 6 10 
10 5 
5 14 7 
7 19 3 
3 18 
2 4 
16 17 
15 
4 8 
18 
19 
14 
9 
11 
17 
6 
8 
# clone tree 69 objective: 0.865278
0 11 16 13 
13 15 12 
12 2 1 
1 6 10 
10 5 
5 14 7 
7 8 3 
3 18 
2 4 
16 19 
15 
4 9 
18 
19 17 
14 
9 
11 
17 
6 
8 
# clone tree 70 objective: 0.865496
0 17 11 4 13 
13 15 12 
12 9 2 1 
1 6 10 
10 5 
5 14 7 
7 8 3 
3 16 
2 18 
16 19 
15 
4 
18 
19 
14 
9 
11 
17 
6 
8 
# clone tree 71 objective: 0.865833
0 17 11 16 13 
13 15 12 
12 14 2 1 
1 6 10 
10 5 
5 7 
7 8 3 
3 18 
2 4 
16 19 
15 
4 9 
18 
19 
14 
9 
11 
17 
6 
8 
# clone tree 72 objective: 0.86598
0 11 16 13 
13 15 12 
12 9 2 1 
1 10 
10 5 
5 7 
7 8 3 
3 14 18 
2 4 
16 19 
15 
4 6 
18 
19 17 
14 
9 
11 
17 
6 
8 
# clone tree 73 objective: 0.866094
0 6 11 9 13 
13 15 12 
12 18 2 1 
1 10 
10 5 
5 14 7 
7 3 
3 16 
2 4 
16 19 
15 
4 8 
18 
19 17 
14 
9 
11 
17 
6 
8 
# clone tree 74 objective: 0.866221
0 6 11 9 13 
13 15 12 
12 2 1 
1 10 
10 5 
5 14 7 
7 3 
3 16 
2 4 
16 19 
15 
4 8 18 
18 
19 17 
14 
9 
11 
17 
6 
8 
# clone tree 75 objective: 0.866224
0 11 16 13 
13 15 12 
12 9 2 1 
1 10 
10 19 5 
5 14 7 
7 3 
3 18 
2 4 
16 17 
15 
4 8 
18 6 
19 
14 
9 
11 
17 
6 
8 
# clone tree 76 objective: 0.866224
0 11 16 13 
13 15 12 
12 9 2 1 
1 10 
10 19 5 
5 14 7 
7 8 3 
3 18 
2 4 
16 17 
15 
4 
18 6 
19 
14 
9 
11 
17 
6 
8 
# clone tree 77 objective: 0.866241
0 11 9 13 
13 15 12 
12 18 2 1 
1 10 
10 5 
5 14 7 
7 3 
3 16 
2 4 
16 19 
15 
4 8 6 
18 
19 
14 
9 17 
11 
17 
6 
8 
# clone tree 78 objective: 0.866374
0 11 9 13 
13 15 12 
12 18 2 1 
1 6 10 
10 5 
5 14 7 
7 8 3 
3 16 
2 4 
16 19 
15 
4 
18 
19 17 
14 
9 
11 
17 
6 
8 
# clone tree 79 objective: 0.866498
0 11 16 13 
13 15 12 
12 9 2 1 
1 10 
10 17 5 
5 14 7 
7 8 3 
3 18 
2 4 
16 19 
15 
4 6 
18 
19 
14 
9 
11 
17 
6 
8 
# clone tree 80 objective: 0.866515
0 6 11 9 13 
13 15 12 
12 8 2 1 
1 10 
10 5 
5 14 7 
7 3 
3 16 
2 4 
16 19 
15 
4 18 
18 
19 
14 
9 17 
11 
17 
6 
8 
# clone tree 81 objective: 0.86669
0 6 11 9 13 
13 15 12 
12 14 2 1 
1 10 
10 5 
5 7 
7 3 
3 16 
2 4 
16 8 19 
15 
4 18 
18 
19 
14 
9 17 
11 
17 
6 
8 
# clone tree 82 objective: 0.866716
0 11 16 13 
13 15 12 
12 9 2 1 
1 6 10 
10 5 
5 14 7 
7 3 
3 18 
2 4 
16 8 19 
15 
4 
18 
19 
14 
9 17 
11 
17 
6 
8 
# clone tree 83 objective: 0.866782
0 17 11 16 13 
13 15 12 
12 9 2 1 
1 6 10 
10 5 
5 14 7 
7 3 
3 18 
2 4 
16 8 19 
15 
4 
18 
19 
14 
9 
11 
17 
6 
8 
# clone tree 84 objective: 0.866791
0 6 11 9 13 
13 15 12 
12 14 2 1 
1 18 10 
10 5 
5 7 
7 3 
3 16 
2 4 
16 8 19 
15 
4 
18 
19 
14 
9 17 
11 
17 
6 
8 
# clone tree 85 objective: 0.866837
0 6 11 9 13 
13 15 12 
12 2 1 
1 10 
10 5 
5 14 7 
7 3 
3 16 
2 4 
16 19 
15 
4 18 
18 
19 17 
14 
9 8 
11 
17 
6 
8 
# clone tree 86 objective: 0.86694
0 11 9 13 
13 15 12 
12 18 2 1 
1 10 
10 5 
5 14 7 
7 8 3 
3 16 
2 4 
16 19 
15 
4 6 
18 
19 
14 
9 17 
11 
17 
6 
8 
# clone tree 87 objective: 0.867109
0 11 16 13 
13 15 12 
12 9 2 1 
1 10 
10 19 5 
5 14 7 
7 3 
3 18 
2 4 
16 6 17 
15 
4 8 
18 
19 
14 
9 
11 
17 
6 
8 
# clone tree 88 objective: 0.867109
0 11 16 13 
13 15 12 
12 9 2 1 
1 10 
10 19 5 
5 14 7 
7 8 3 
3 18 
2 4 
16 6 17 
15 
4 
18 
19 
14 
9 
11 
17 
6 
8 
# clone tree 89 objective: 0.867354
0 17 11 9 13 
13 15 12 
12 18 2 1 
1 10 
10 5 
5 14 7 
7 3 
3 16 
2 4 
16 19 
15 
4 8 6 
18 
19 
14 
9 
11 
17 
6 
8 
# clone tree 90 objective: 0.867628
0 11 9 13 
13 15 12 
12 14 2 1 
1 18 10 
10 5 
5 7 
7 3 
3 16 
2 4 
16 19 
15 
4 8 
18 6 
19 17 
14 
9 
11 
17 
6 
8 
# clone tree 91 objective: 0.867674
0 11 9 13 
13 15 12 
12 18 2 1 
1 10 
10 5 
5 14 7 
7 3 
3 16 
2 4 
16 19 
15 
4 8 
18 6 
19 
14 
9 17 
11 
17 
6 
8 
# clone tree 92 objective: 0.867773
0 11 9 13 
13 15 12 
12 18 2 1 
1 6 10 
10 17 5 
5 14 7 
7 3 
3 16 
2 4 
16 19 
15 
4 8 
18 
19 
14 
9 
11 
17 
6 
8 
# clone tree 93 objective: 0.867846
0 6 11 9 13 
13 15 12 
12 17 14 2 1 
1 18 10 
10 5 
5 7 
7 3 
3 16 
2 4 
16 19 
15 
4 8 
18 
19 
14 
9 
11 
17 
6 
8 
# clone tree 94 objective: 0.868053
0 17 11 9 13 
13 15 12 
12 18 2 1 
1 10 
10 5 
5 14 7 
7 8 3 
3 16 
2 4 
16 19 
15 
4 6 
18 
19 
14 
9 
11 
17 
6 
8 
# clone tree 95 objective: 0.868343
0 6 11 9 13 
13 15 12 
12 2 1 
1 10 
10 17 5 
5 14 7 
7 8 3 
3 16 
2 4 
16 19 
15 
4 18 
18 
19 
14 
9 
11 
17 
6 
8 
# clone tree 96 objective: 0.868377
0 11 16 13 
13 17 15 12 
12 9 2 1 
1 10 
10 5 
5 14 7 
7 3 
3 18 
2 4 
16 19 
15 
4 8 6 
18 
19 
14 
9 
11 
17 
6 
8 
# clone tree 97 objective: 0.868419
0 6 11 9 13 
13 15 12 
12 14 2 1 
1 10 
10 17 5 
5 8 7 
7 3 
3 16 
2 4 
16 19 
15 
4 18 
18 
19 
14 
9 
11 
17 
6 
8 
# clone tree 98 objective: 0.868787
0 17 11 9 13 
13 15 12 
12 18 2 1 
1 10 
10 5 
5 14 7 
7 3 
3 16 
2 4 
16 19 
15 
4 8 
18 6 
19 
14 
9 
11 
17 
6 
8 
# clone tree 99 objective: 0.868961
0 11 16 13 
13 15 12 
12 9 2 1 
1 6 10 
10 5 
5 14 7 
7 3 
3 18 
2 4 
16 19 
15 
4 
18 
19 17 
14 
9 8 
11 
17 
6 
8 
