# clone tree 0 objective: 1.49541
0 9 
9 7 6 
6 3 12 
12 4 
4 8 
8 13 5 1 
1 11 14 
5 15 2 
13 16 
14 18 
3 10 
7 19 
16 
18 
10 17 
19 
11 
2 
15 
17 
# clone tree 1 objective: 1.4964
0 9 
9 7 6 
6 3 12 
12 4 
4 8 
8 13 5 1 
1 11 14 
5 10 
13 16 
14 2 
3 18 
7 19 
16 
18 15 
10 17 
19 
11 
2 
15 
17 
# clone tree 2 objective: 1.49653
0 9 
9 7 6 
6 3 12 
12 4 
4 8 
8 13 5 1 
1 11 14 
5 15 2 
13 16 
14 18 
3 10 
7 19 
16 
18 17 
10 
19 
11 
2 
15 
17 
# clone tree 3 objective: 1.50213
0 9 
9 7 6 
6 3 12 
12 4 
4 8 
8 13 5 1 
1 11 14 
5 2 
13 15 16 
14 18 
3 10 
7 19 
16 
18 
10 17 
19 
11 
2 
15 
17 
# clone tree 4 objective: 1.50259
0 9 
9 7 6 
6 3 12 
12 4 
4 8 
8 13 5 1 
1 11 14 
5 15 2 
13 16 
14 18 
3 19 
7 10 
16 
18 17 
10 
19 
11 
2 
15 
17 
# clone tree 5 objective: 1.50325
0 9 
9 7 6 
6 3 12 
12 4 
4 8 
8 13 5 1 
1 11 14 
5 2 
13 15 16 
14 18 
3 10 
7 19 
16 
18 17 
10 
19 
11 
2 
15 
17 
# clone tree 6 objective: 1.50759
0 9 
9 7 6 
6 3 12 
12 4 
4 8 
8 13 5 1 
1 11 14 
5 15 2 
13 17 16 
14 18 
3 10 
7 19 
16 
18 
10 
19 
11 
2 
15 
17 
# clone tree 7 objective: 1.50763
0 9 
9 7 6 
6 3 12 
12 4 
4 8 
8 13 5 1 
1 11 14 
5 10 
13 16 
14 19 
3 18 
7 2 
16 
18 15 
10 17 
19 
11 
2 
15 
17 
# clone tree 8 objective: 1.50858
0 9 
9 7 6 
6 3 12 
12 4 
4 8 
8 13 5 1 
1 11 14 
5 10 
13 17 16 
14 2 
3 18 
7 19 
16 
18 15 
10 
19 
11 
2 
15 
17 
# clone tree 9 objective: 1.50903
0 9 
9 15 7 6 
6 3 12 
12 4 
4 8 
8 13 5 1 
1 11 14 
5 2 
13 16 
14 18 
3 10 
7 19 
16 
18 
10 17 
19 
11 
2 
15 
17 
