# clone tree 0 objective: 1.7529
0 15 
15 5 13 
13 4 
4 8 7 
7 3 1 
14 9 
1 14 
9 6 
6 17 18 2 
3 12 
12 10 
2 16 
10 11 
16 19 
5 
18 
8 
11 
17 
19 
# clone tree 1 objective: 1.7529
0 15 
15 5 13 
13 4 
4 8 7 
7 3 1 
14 9 
1 14 
9 6 
6 17 18 2 
3 12 
12 10 
2 16 
10 19 11 
16 
5 
18 
8 
11 
17 
19 
# clone tree 2 objective: 1.75397
0 15 
15 5 13 
13 4 
4 7 
7 3 1 
14 9 
1 14 
9 6 
6 17 18 2 
3 12 
12 10 
2 16 
10 19 11 
16 8 
5 
18 
8 
11 
17 
19 
# clone tree 3 objective: 1.76343
0 15 
15 5 13 
13 4 
4 8 7 
7 3 1 
14 9 
1 14 
9 6 
6 18 2 
3 12 
12 10 
2 16 
10 17 11 
16 19 
5 
18 
8 
11 
17 
19 
# clone tree 4 objective: 1.76584
0 15 
15 5 13 
13 4 
4 7 
7 3 1 
14 9 
1 14 
9 6 
6 17 18 2 
3 12 
12 10 
2 16 
10 11 
16 19 8 
5 
18 
8 
11 
17 
19 
# clone tree 5 objective: 1.76628
0 15 
15 5 13 
13 4 
4 8 7 
7 3 1 
14 9 
1 14 
9 6 
6 18 2 
3 12 
12 10 
2 16 
10 17 
16 19 11 
5 
18 
8 
11 
17 
19 
# clone tree 6 objective: 1.7668
0 15 
15 5 13 
13 4 
4 7 
7 3 1 
14 9 
1 14 
9 8 6 
6 17 18 2 
3 12 
12 10 
2 16 
10 19 11 
16 
5 
18 
8 
11 
17 
19 
# clone tree 7 objective: 1.7668
0 15 
15 5 13 
13 4 
4 7 
7 3 1 
14 9 
1 14 
9 8 6 
6 17 18 2 
3 12 
12 10 
2 16 
10 11 
16 19 
5 
18 
8 
11 
17 
19 
# clone tree 8 objective: 1.76786
0 15 
15 5 13 
13 4 
4 8 7 
7 3 1 
14 9 
1 14 
9 6 
6 17 18 2 
3 10 
12 16 
2 11 
10 12 
16 19 
5 
18 
8 
11 
17 
19 
# clone tree 9 objective: 1.76883
0 15 
15 5 13 
13 4 
4 7 
7 3 1 
14 9 
1 14 
9 6 
6 18 2 
3 12 
12 10 
2 16 
10 17 11 
16 19 8 
5 
18 
8 
11 
17 
19 
