# clone tree 0 objective: 1.36809
0 8 
8 16 
16 17 9 
9 4 5 
5 12 1 7 2 
2 18 6 
6 15 
7 11 19 
15 3 
3 13 
4 
17 10 
1 
18 
19 14 
13 
11 
12 
14 
10 
# clone tree 1 objective: 1.36936
0 8 
8 16 
16 17 9 
9 4 5 
5 12 1 7 2 
2 18 6 
6 15 
7 11 19 
15 3 
3 13 
4 
17 
1 10 
18 
19 14 
13 
11 
12 
14 
10 
# clone tree 2 objective: 1.37021
0 8 
8 16 
16 17 9 
9 4 5 
5 12 1 7 2 
2 18 6 
6 14 15 
7 11 19 
15 3 
3 13 
4 
17 10 
1 
18 
19 
13 
11 
12 
14 
10 
# clone tree 3 objective: 1.37148
0 8 
8 16 
16 17 9 
9 4 5 
5 12 1 7 2 
2 18 6 
6 14 15 
7 11 19 
15 3 
3 13 
4 
17 
1 10 
18 
19 
13 
11 
12 
14 
10 
# clone tree 4 objective: 1.37302
0 8 
8 16 
16 15 9 
9 4 5 
5 12 7 2 
2 18 6 
6 14 17 3 
7 11 19 
15 1 
3 13 
4 
17 10 
1 
18 
19 
13 
11 
12 
14 
10 
# clone tree 5 objective: 1.37313
0 8 
8 16 
16 15 9 
9 4 5 
5 12 7 2 
2 18 6 
6 14 17 3 
7 11 19 
15 1 
3 13 
4 
17 
1 10 
18 
19 
13 
11 
12 
14 
10 
# clone tree 6 objective: 1.37324
0 8 
8 16 
16 15 9 
9 4 5 
5 12 7 2 
2 18 6 
6 17 3 
7 11 19 
15 1 
3 13 
4 
17 10 
1 
18 
19 14 
13 
11 
12 
14 
10 
# clone tree 7 objective: 1.37335
0 8 
8 16 
16 15 9 
9 4 5 
5 12 7 2 
2 18 6 
6 17 3 
7 11 19 
15 1 
3 13 
4 
17 
1 10 
18 
19 14 
13 
11 
12 
14 
10 
# clone tree 8 objective: 1.37429
0 13 8 
8 16 
16 17 9 
9 4 5 
5 12 7 2 
2 18 6 
6 15 
7 11 19 
15 3 
3 1 
4 
17 10 
1 
18 
19 14 
13 
11 
12 
14 
10 
# clone tree 9 objective: 1.37444
0 8 
8 16 
16 15 9 
9 4 5 
5 14 12 7 2 
2 18 6 
6 17 3 
7 11 19 
15 1 
3 13 
4 
17 10 
1 
18 
19 
13 
11 
12 
14 
10 
# clone tree 10 objective: 1.37455
0 8 
8 16 
16 15 9 
9 4 5 
5 14 12 7 2 
2 18 6 
6 17 3 
7 11 19 
15 1 
3 13 
4 
17 
1 10 
18 
19 
13 
11 
12 
14 
10 
# clone tree 11 objective: 1.37538
0 13 8 
8 16 
16 17 9 
9 4 5 
5 12 7 2 
2 6 
6 11 15 
7 19 18 
15 3 
3 1 
4 
17 10 
1 
18 
19 14 
13 
11 
12 
14 
10 
# clone tree 12 objective: 1.37549
0 13 8 
8 16 
16 17 9 
9 4 5 
5 14 12 7 2 
2 18 6 
6 15 
7 11 19 
15 3 
3 1 
4 
17 10 
1 
18 
19 
13 
11 
12 
14 
10 
# clone tree 13 objective: 1.37556
0 13 8 
8 16 
16 17 9 
9 4 5 
5 12 7 2 
2 18 6 
6 15 
7 11 19 
15 3 
3 1 
4 
17 
1 10 
18 
19 14 
13 
11 
12 
14 
10 
# clone tree 14 objective: 1.37607
0 8 
8 16 
16 15 9 
9 4 5 
5 12 7 2 
2 18 6 
6 17 3 
7 11 19 
15 1 
3 13 
4 
17 14 
1 10 
18 
19 
13 
11 
12 
14 
10 
# clone tree 15 objective: 1.3764
0 13 8 
8 16 
16 17 9 
9 4 5 
5 12 7 2 
2 18 6 
6 14 15 
7 11 19 
15 3 
3 1 
4 
17 10 
1 
18 
19 
13 
11 
12 
14 
10 
# clone tree 16 objective: 1.37659
0 13 8 
8 16 
16 17 9 
9 4 5 
5 14 12 7 2 
2 6 
6 11 15 
7 19 18 
15 3 
3 1 
4 
17 10 
1 
18 
19 
13 
11 
12 
14 
10 
# clone tree 17 objective: 1.37665
0 13 8 
8 16 
16 17 9 
9 4 5 
5 12 7 2 
2 6 
6 11 15 
7 19 18 
15 3 
3 1 
4 
17 
1 10 
18 
19 14 
13 
11 
12 
14 
10 
# clone tree 18 objective: 1.37676
0 13 8 
8 16 
16 17 9 
9 4 5 
5 14 12 7 2 
2 18 6 
6 15 
7 11 19 
15 3 
3 1 
4 
17 
1 10 
18 
19 
13 
11 
12 
14 
10 
# clone tree 19 objective: 1.37692
0 8 
8 16 
16 17 9 
9 4 5 
5 14 12 1 7 2 
2 18 6 
6 15 
7 11 19 
15 3 
3 13 
4 
17 10 
1 
18 
19 
13 
11 
12 
14 
10 
# clone tree 20 objective: 1.37724
0 8 
8 16 
16 13 9 
9 4 5 
5 12 17 7 2 
2 18 6 
6 15 
7 11 19 
15 3 
3 1 
4 
17 10 
1 
18 
19 14 
13 
11 
12 
14 
10 
# clone tree 21 objective: 1.3775
0 13 8 
8 16 
16 17 9 
9 4 5 
5 12 7 2 
2 6 
6 14 11 15 
7 19 18 
15 3 
3 1 
4 
17 10 
1 
18 
19 
13 
11 
12 
14 
10 
# clone tree 22 objective: 1.3775
0 13 8 
8 16 
16 17 9 
9 4 5 
5 12 7 2 
2 6 
6 11 15 
7 14 19 18 
15 3 
3 1 
4 
17 10 
1 
18 
19 
13 
11 
12 
14 
10 
# clone tree 23 objective: 1.37767
0 13 8 
8 16 
16 17 9 
9 4 5 
5 12 7 2 
2 18 6 
6 14 15 
7 11 19 
15 3 
3 1 
4 
17 
1 10 
18 
19 
13 
11 
12 
14 
10 
# clone tree 24 objective: 1.37771
0 8 
8 16 
16 17 9 
9 4 5 
5 12 1 7 2 
2 18 6 
6 15 
7 11 19 
15 3 
3 13 
4 
17 10 
1 
18 
19 
13 14 
11 
12 
14 
10 
# clone tree 25 objective: 1.37786
0 13 8 
8 16 
16 17 9 
9 4 5 
5 14 12 7 2 
2 6 
6 11 15 
7 19 18 
15 3 
3 1 
4 
17 
1 10 
18 
19 
13 
11 
12 
14 
10 
# clone tree 26 objective: 1.37818
0 8 
8 10 16 
16 17 9 
9 4 5 
5 12 1 7 2 
2 18 6 
6 15 
7 11 19 
15 3 
3 13 
4 
17 
1 
18 
19 14 
13 
11 
12 
14 
10 
# clone tree 27 objective: 1.37819
0 8 
8 16 
16 17 9 
9 4 5 
5 14 12 1 7 2 
2 18 6 
6 15 
7 11 19 
15 3 
3 13 
4 
17 
1 10 
18 
19 
13 
11 
12 
14 
10 
# clone tree 28 objective: 1.37829
0 8 
8 16 
16 17 9 
9 4 5 
5 12 1 7 2 
2 18 6 
6 10 15 
7 11 19 
15 3 
3 13 
4 
17 
1 
18 
19 14 
13 
11 
12 
14 
10 
# clone tree 29 objective: 1.37829
0 8 
8 16 
16 17 9 
9 4 5 
5 12 1 7 2 
2 18 6 
6 15 
7 11 19 
15 3 
3 13 
4 
17 
1 
18 
19 14 
13 
11 10 
12 
14 
10 
# clone tree 30 objective: 1.37851
0 8 
8 16 
16 13 9 
9 4 5 
5 12 17 7 2 
2 18 6 
6 15 
7 11 19 
15 3 
3 1 
4 
17 
1 10 
18 
19 14 
13 
11 
12 
14 
10 
# clone tree 31 objective: 1.37873
0 8 
8 14 16 
16 17 9 
9 4 5 
5 12 1 7 2 
2 18 6 
6 15 
7 11 19 
15 3 
3 13 
4 
17 10 
1 
18 
19 
13 
11 
12 
14 
10 
# clone tree 32 objective: 1.37873
0 8 
8 16 
16 17 9 
9 4 5 
5 12 1 7 2 
2 18 6 
6 15 
7 11 19 
15 3 
3 13 
4 
17 10 
1 
18 
19 
13 
11 14 
12 
14 
10 
# clone tree 33 objective: 1.37877
0 13 8 
8 16 
16 17 9 
9 4 5 
5 12 7 2 
2 6 
6 11 15 
7 14 19 18 
15 3 
3 1 
4 
17 
1 10 
18 
19 
13 
11 
12 
14 
10 
# clone tree 34 objective: 1.37877
0 13 8 
8 16 
16 17 9 
9 4 5 
5 12 7 2 
2 6 
6 14 11 15 
7 19 18 
15 3 
3 1 
4 
17 
1 10 
18 
19 
13 
11 
12 
14 
10 
# clone tree 35 objective: 1.37898
0 8 
8 16 
16 17 9 
9 4 5 
5 12 1 7 2 
2 18 6 
6 15 
7 11 19 
15 3 
3 13 
4 
17 
1 10 
18 
19 
13 14 
11 
12 
14 
10 
# clone tree 36 objective: 1.37926
0 8 
8 16 
16 17 9 
9 4 5 
5 12 1 7 2 
2 18 6 
6 15 
7 11 19 
15 3 
3 13 
4 14 
17 10 
1 
18 
19 
13 
11 
12 
14 
10 
# clone tree 37 objective: 1.37936
0 8 
8 16 
16 13 9 
9 4 5 
5 12 17 7 2 
2 18 6 
6 14 15 
7 11 19 
15 3 
3 1 
4 
17 10 
1 
18 
19 
13 
11 
12 
14 
10 
# clone tree 38 objective: 1.37965
0 8 
8 16 
16 17 9 
9 4 5 
5 12 1 7 2 
2 18 6 
6 15 
7 11 19 
15 3 
3 13 
4 
17 10 
1 
18 14 
19 
13 
11 
12 
14 
10 
# clone tree 39 objective: 1.37982
0 14 8 
8 16 
16 17 9 
9 4 5 
5 12 1 7 2 
2 18 6 
6 15 
7 11 19 
15 3 
3 13 
4 
17 10 
1 
18 
19 
13 
11 
12 
14 
10 
# clone tree 40 objective: 1.37998
0 8 
8 16 
16 17 9 
9 4 5 
5 12 13 7 2 
2 18 6 
6 15 
7 11 19 
15 3 
3 1 
4 
17 10 
1 
18 
19 14 
13 
11 
12 
14 
10 
# clone tree 41 objective: 1.38
0 8 
8 16 
16 17 9 
9 4 5 
5 12 1 7 2 
2 18 6 
6 15 
7 11 19 
15 3 
3 13 
4 
17 
1 10 
18 
19 
13 
11 14 
12 
14 
10 
# clone tree 42 objective: 1.38
0 8 
8 14 16 
16 17 9 
9 4 5 
5 12 1 7 2 
2 18 6 
6 15 
7 11 19 
15 3 
3 13 
4 
17 
1 10 
18 
19 
13 
11 
12 
14 
10 
# clone tree 43 objective: 1.38018
0 13 8 
8 16 
16 9 
9 4 5 
5 12 17 7 2 
2 18 6 
6 15 
7 11 19 
15 3 
3 1 
4 
17 10 
1 
18 
19 14 
13 
11 
12 
14 
10 
# clone tree 44 objective: 1.38028
0 8 
8 16 
16 12 9 
9 4 5 
5 3 7 2 
2 18 6 
6 15 
7 11 19 
15 13 17 
3 1 
4 
17 10 
1 
18 
19 14 
13 
11 
12 
14 
10 
# clone tree 45 objective: 1.3803
0 8 
8 10 16 
16 17 9 
9 4 5 
5 12 1 7 2 
2 18 6 
6 14 15 
7 11 19 
15 3 
3 13 
4 
17 
1 
18 
19 
13 
11 
12 
14 
10 
# clone tree 46 objective: 1.38033
0 8 
8 16 
16 15 9 
9 4 5 
5 12 7 2 
2 18 6 
6 14 17 3 
7 11 19 
15 10 1 
3 13 
4 
17 
1 
18 
19 
13 
11 
12 
14 
10 
# clone tree 47 objective: 1.38041
0 8 
8 16 
16 17 9 
9 4 5 
5 12 1 7 2 
2 18 6 
6 10 14 15 
7 11 19 
15 3 
3 13 
4 
17 
1 
18 
19 
13 
11 
12 
14 
10 
# clone tree 48 objective: 1.38041
0 8 
8 16 
16 17 9 
9 4 5 
5 12 1 7 2 
2 18 6 
6 14 15 
7 11 19 
15 3 
3 13 
4 
17 
1 
18 
19 
13 
11 10 
12 
14 
10 
# clone tree 49 objective: 1.38052
0 8 
8 16 
16 17 9 
9 4 5 
5 12 1 7 2 
2 18 6 
6 15 
7 11 19 
15 3 
3 13 
4 14 
17 
1 10 
18 
19 
13 
11 
12 
14 
10 
# clone tree 50 objective: 1.38055
0 8 
8 16 
16 15 9 
9 4 5 
5 12 7 2 
2 18 6 
6 17 3 
7 11 19 
15 10 1 
3 13 
4 
17 
1 
18 
19 14 
13 
11 
12 
14 
10 
# clone tree 51 objective: 1.38063
0 8 
8 16 
16 13 9 
9 4 5 
5 12 17 7 2 
2 18 6 
6 14 15 
7 11 19 
15 3 
3 1 
4 
17 
1 10 
18 
19 
13 
11 
12 
14 
10 
# clone tree 52 objective: 1.38091
0 8 
8 16 
16 17 9 
9 4 5 
5 12 1 7 2 
2 18 6 
6 15 
7 11 19 
15 3 
3 13 
4 
17 
1 10 
18 14 
19 
13 
11 
12 
14 
10 
# clone tree 53 objective: 1.38109
0 8 
8 16 
16 17 9 
9 4 5 
5 12 1 7 2 
2 18 6 
6 14 15 
7 11 19 
15 3 
3 13 
4 
17 
1 
18 
19 10 
13 
11 
12 
14 
10 
# clone tree 54 objective: 1.38109
0 14 8 
8 16 
16 17 9 
9 4 5 
5 12 1 7 2 
2 18 6 
6 15 
7 11 19 
15 3 
3 13 
4 
17 
1 10 
18 
19 
13 
11 
12 
14 
10 
# clone tree 55 objective: 1.38119
0 8 
8 16 
16 17 9 
9 4 5 
5 12 1 7 2 
2 18 6 
6 15 
7 11 19 
15 3 
3 13 
4 
17 10 
1 14 
18 
19 
13 
11 
12 
14 
10 
# clone tree 56 objective: 1.38123
0 8 
8 16 
16 13 9 
9 4 5 
5 12 17 7 2 
2 18 6 
6 15 
7 11 19 
15 3 
3 1 
4 
17 14 
1 10 
18 
19 
13 
11 
12 
14 
10 
# clone tree 57 objective: 1.38125
0 8 
8 16 
16 17 9 
9 4 5 
5 12 13 7 2 
2 18 6 
6 15 
7 11 19 
15 3 
3 1 
4 
17 
1 10 
18 
19 14 
13 
11 
12 
14 
10 
# clone tree 58 objective: 1.38144
0 13 8 
8 16 
16 9 
9 4 5 
5 12 17 7 2 
2 18 6 
6 15 
7 11 19 
15 3 
3 1 
4 
17 
1 10 
18 
19 14 
13 
11 
12 
14 
10 
# clone tree 59 objective: 1.38148
0 8 
8 16 
16 12 9 
9 4 5 
5 14 3 7 2 
2 18 6 
6 15 
7 11 19 
15 13 17 
3 1 
4 
17 10 
1 
18 
19 
13 
11 
12 
14 
10 
# clone tree 60 objective: 1.38176
0 8 
8 16 
16 15 9 
9 4 5 
5 14 12 7 2 
2 18 6 
6 17 3 
7 11 19 
15 10 1 
3 13 
4 
17 
1 
18 
19 
13 
11 
12 
14 
10 
# clone tree 61 objective: 1.38183
0 8 
8 16 
16 13 5 
9 4 7 2 
5 9 
2 17 6 
6 11 15 
7 19 18 
15 3 
3 1 
4 
17 12 
1 10 
18 
19 14 
13 
11 
12 
14 
10 
# clone tree 62 objective: 1.38195
0 8 
8 10 16 
16 15 9 
9 4 5 
5 12 7 2 
2 18 6 
6 14 17 3 
7 11 19 
15 1 
3 13 
4 
17 
1 
18 
19 
13 
11 
12 
14 
10 
# clone tree 63 objective: 1.38206
0 8 
8 16 
16 15 9 
9 4 5 
5 12 7 2 
2 18 6 
6 14 17 3 
7 11 19 
15 1 
3 13 
4 
17 
1 
18 
19 
13 
11 10 
12 
14 
10 
# clone tree 64 objective: 1.3821
0 8 
8 16 
16 17 9 
9 4 5 
5 12 13 7 2 
2 18 6 
6 14 15 
7 11 19 
15 3 
3 1 
4 
17 10 
1 
18 
19 
13 
11 
12 
14 
10 
# clone tree 65 objective: 1.38217
0 8 
8 10 16 
16 15 9 
9 4 5 
5 12 7 2 
2 18 6 
6 17 3 
7 11 19 
15 1 
3 13 
4 
17 
1 
18 
19 14 
13 
11 
12 
14 
10 
# clone tree 66 objective: 1.38223
0 8 
8 16 
16 17 9 
9 4 5 
5 12 1 7 2 
2 18 6 
6 15 
7 14 11 19 
15 3 
3 13 
4 
17 10 
1 
18 
19 
13 
11 
12 
14 
10 
# clone tree 67 objective: 1.38228
0 8 
8 16 
16 15 9 
9 4 5 
5 12 7 2 
2 18 6 
6 17 3 
7 11 19 
15 1 
3 13 
4 
17 
1 
18 
19 14 
13 
11 10 
12 
14 
10 
# clone tree 68 objective: 1.38229
0 13 8 
8 16 
16 9 
9 4 5 
5 12 17 7 2 
2 18 6 
6 14 15 
7 11 19 
15 3 
3 1 
4 
17 10 
1 
18 
19 
13 
11 
12 
14 
10 
# clone tree 69 objective: 1.38239
0 8 
8 16 
16 12 9 
9 4 5 
5 3 7 2 
2 18 6 
6 14 15 
7 11 19 
15 13 17 
3 1 
4 
17 10 
1 
18 
19 
13 
11 
12 
14 
10 
# clone tree 70 objective: 1.38246
0 8 
8 16 
16 17 9 
9 4 5 
5 12 1 7 2 
2 18 6 
6 15 
7 11 19 
15 3 
3 13 
4 
17 
1 10 14 
18 
19 
13 
11 
12 
14 
10 
# clone tree 71 objective: 1.38262
0 8 
8 16 
16 13 9 
9 4 5 
5 12 17 7 2 
2 6 
6 11 15 
7 19 18 
15 3 
3 1 
4 
17 10 
1 
18 
19 14 
13 
11 
12 
14 
10 
# clone tree 72 objective: 1.38274
0 8 
8 16 
16 15 9 
9 4 5 
5 12 7 2 
2 18 6 
6 14 17 3 
7 11 19 
15 1 
3 13 
4 
17 
1 
18 
19 10 
13 
11 
12 
14 
10 
# clone tree 73 objective: 1.38285
0 8 
8 16 
16 15 9 
9 4 5 
5 12 7 2 
2 18 6 
6 17 3 
7 11 19 
15 1 
3 13 
4 
17 10 
1 
18 
19 
13 14 
11 
12 
14 
10 
# clone tree 74 objective: 1.38296
0 8 
8 16 
16 15 9 
9 4 5 
5 12 7 2 
2 18 6 
6 17 3 
7 11 19 
15 1 
3 13 
4 
17 
1 10 
18 
19 
13 14 
11 
12 
14 
10 
# clone tree 75 objective: 1.38299
0 8 
8 16 
16 17 9 
9 4 5 
5 12 1 7 2 
2 18 6 
6 15 
7 11 19 
15 3 
3 10 13 
4 
17 
1 
18 
19 14 
13 
11 
12 
14 
10 
# clone tree 76 objective: 1.38313
0 8 
8 16 
16 17 9 
9 4 5 
5 12 1 7 2 
2 6 
6 15 
7 19 18 
15 3 
3 13 
4 
17 10 
1 11 
18 
19 14 
13 
11 
12 
14 
10 
# clone tree 77 objective: 1.38328
0 8 
8 16 
16 15 9 
9 4 5 
5 12 7 2 
2 18 6 
6 17 3 
7 11 19 
15 10 1 
3 13 
4 
17 14 
1 
18 
19 
13 
11 
12 
14 
10 
# clone tree 78 objective: 1.38336
0 8 
8 16 
16 17 9 
9 4 5 
5 12 13 7 2 
2 18 6 
6 14 15 
7 11 19 
15 3 
3 1 
4 
17 
1 10 
18 
19 
13 
11 
12 
14 
10 
# clone tree 79 objective: 1.38337
0 8 
8 10 16 
16 15 9 
9 4 5 
5 14 12 7 2 
2 18 6 
6 17 3 
7 11 19 
15 1 
3 13 
4 
17 
1 
18 
19 
13 
11 
12 
14 
10 
# clone tree 80 objective: 1.38337
0 8 
8 16 
16 13 5 
9 12 4 7 2 
5 9 
2 18 6 
6 15 
7 11 19 
15 3 
3 1 
4 
17 10 
1 17 
18 
19 14 
13 
11 
12 
14 
10 
# clone tree 81 objective: 1.38348
0 8 
8 16 
16 15 9 
9 4 5 
5 14 12 7 2 
2 18 6 
6 17 3 
7 11 19 
15 1 
3 13 
4 
17 
1 
18 
19 
13 
11 10 
12 
14 
10 
# clone tree 82 objective: 1.3835
0 8 
8 16 
16 17 9 
9 4 5 
5 12 1 7 2 
2 18 6 
6 15 
7 14 11 19 
15 3 
3 13 
4 
17 
1 10 
18 
19 
13 
11 
12 
14 
10 
# clone tree 83 objective: 1.38356
0 13 8 
8 16 
16 9 
9 4 5 
5 12 17 7 2 
2 18 6 
6 14 15 
7 11 19 
15 3 
3 1 
4 
17 
1 10 
18 
19 
13 
11 
12 
14 
10 
# clone tree 84 objective: 1.38367
0 8 
8 16 
16 17 9 
9 4 5 
5 12 1 7 2 
2 6 
6 15 
7 19 18 
15 3 
3 13 
4 11 
17 10 
1 
18 
19 14 
13 
11 
12 
14 
10 
# clone tree 85 objective: 1.3837
0 8 
8 16 
16 17 9 
9 14 4 5 
5 12 1 7 2 
2 18 6 
6 15 
7 11 19 
15 3 
3 13 
4 
17 10 
1 
18 
19 
13 
11 
12 
14 
10 
# clone tree 86 objective: 1.38377
0 8 
8 16 
16 3 9 
9 4 5 
5 12 7 2 
2 6 
6 11 15 
7 19 18 
15 13 17 
3 1 
4 
17 10 
1 
18 
19 14 
13 
11 
12 
14 
10 
# clone tree 87 objective: 1.38386
0 13 8 
8 16 
16 17 9 
9 4 5 
5 12 7 2 
2 10 6 
6 11 15 
7 19 18 
15 3 
3 1 
4 
17 
1 
18 
19 14 
13 
11 
12 
14 
10 
# clone tree 88 objective: 1.38388
0 8 
8 16 
16 15 9 
9 4 5 
5 12 7 2 
2 18 6 
6 17 3 
7 11 19 
15 1 
3 13 
4 
17 10 
1 
18 
19 
13 
11 14 
12 
14 
10 
# clone tree 89 objective: 1.38389
0 8 
8 16 
16 13 9 
9 4 5 
5 12 17 7 2 
2 6 
6 11 15 
7 19 18 
15 3 
3 1 
4 
17 
1 10 
18 
19 14 
13 
11 
12 
14 
10 
# clone tree 90 objective: 1.3839
0 13 8 
8 16 
16 17 9 
9 4 5 
5 12 7 2 
2 18 6 
6 15 
7 11 19 
15 3 
3 1 
4 
17 10 
1 
18 
19 
13 14 
11 
12 
14 
10 
# clone tree 91 objective: 1.38395
0 8 
8 16 
16 13 5 
9 4 7 2 
5 9 
2 17 6 
6 11 15 
7 14 19 18 
15 3 
3 1 
4 
17 12 
1 10 
18 
19 
13 
11 
12 
14 
10 
# clone tree 92 objective: 1.38398
0 8 
8 16 
16 15 9 
9 4 5 
5 12 7 2 
2 18 6 
6 17 3 
7 11 19 
15 1 
3 13 
4 
17 
1 10 
18 
19 
13 
11 14 
12 
14 
10 
# clone tree 93 objective: 1.38401
0 13 8 
8 16 
16 17 9 
9 4 5 
5 12 7 2 
2 6 
6 11 15 
7 10 19 18 
15 3 
3 1 
4 
17 
1 
18 
19 14 
13 
11 
12 
14 
10 
# clone tree 94 objective: 1.38402
0 8 
8 16 
16 17 9 
9 4 5 
5 12 1 7 2 
2 18 6 
6 15 
7 10 11 19 
15 3 
3 13 
4 
17 
1 
18 
19 14 
13 
11 
12 
14 
10 
# clone tree 95 objective: 1.38404
0 8 
8 16 
16 13 9 
9 4 5 
5 17 7 2 
2 18 6 
6 15 
7 11 19 
15 3 
3 1 
4 
17 12 
1 10 
18 
19 14 
13 
11 
12 
14 
10 
# clone tree 96 objective: 1.38416
0 8 
8 16 
16 15 9 
9 4 5 
5 14 12 7 2 
2 18 6 
6 17 3 
7 11 19 
15 1 
3 13 
4 
17 
1 
18 
19 10 
13 
11 
12 
14 
10 
# clone tree 97 objective: 1.38417
0 13 8 
8 16 
16 9 
9 4 5 
5 12 17 7 2 
2 18 6 
6 15 
7 11 19 
15 3 
3 1 
4 
17 14 
1 10 
18 
19 
13 
11 
12 
14 
10 
# clone tree 98 objective: 1.38419
0 8 
8 16 
16 13 5 
9 4 7 2 
5 9 
2 12 6 
6 11 15 
7 19 18 
15 3 
3 1 
4 
17 10 
1 17 
18 
19 14 
13 
11 
12 
14 
10 
# clone tree 99 objective: 1.38438
0 13 8 
8 10 16 
16 17 9 
9 4 5 
5 12 7 2 
2 18 6 
6 15 
7 11 19 
15 3 
3 1 
4 
17 
1 
18 
19 14 
13 
11 
12 
14 
10 
