# clone tree 0 objective: 1.23218
0 8 
8 7 
7 5 3 
3 6 
4 10 
6 4 
10 17 11 
11 12 19 2 15 
5 16 13 
15 14 
13 18 
2 1 
19 
14 
18 9 
16 
1 
17 
9 
12 
# clone tree 1 objective: 1.23796
0 8 
8 7 
7 5 3 
3 6 
4 10 
6 4 
10 11 
11 12 19 2 15 
5 16 13 
15 14 
13 18 
2 1 
19 17 
14 
18 9 
16 
1 
17 
9 
12 
# clone tree 2 objective: 1.23856
0 8 
8 7 
7 5 3 
3 6 
4 10 
6 4 
10 11 
11 12 19 2 15 
5 16 13 
15 1 14 
13 18 
2 17 
19 
14 
18 9 
16 
1 
17 
9 
12 
# clone tree 3 objective: 1.23924
0 8 
8 7 
7 5 3 
3 6 
4 10 
6 4 
10 17 11 
11 12 19 2 15 
5 16 13 
15 9 14 
13 18 
2 1 
19 
14 
18 
16 
1 
17 
9 
12 
# clone tree 4 objective: 1.24191
0 8 
8 7 
7 5 3 
3 6 
4 10 
6 4 
10 17 11 
11 19 2 15 
5 16 13 
15 14 
13 18 
2 1 
19 
14 
18 9 
16 
1 12 
17 
9 
12 
# clone tree 5 objective: 1.24229
0 8 
8 7 
7 5 3 
3 6 
4 10 
6 4 
10 11 
11 12 19 2 15 
5 16 13 
15 14 
13 18 
2 17 
19 
14 1 
18 9 
16 
1 
17 
9 
12 
# clone tree 6 objective: 1.24238
0 1 8 
8 7 
7 5 3 
3 6 
4 10 
6 4 
10 11 
11 12 19 2 15 
5 16 13 
15 14 
13 18 
2 17 
19 
14 
18 9 
16 
1 
17 
9 
12 
# clone tree 7 objective: 1.24453
0 8 
8 7 
7 5 3 
3 12 6 
4 10 
6 4 
10 17 11 
11 19 2 15 
5 16 13 
15 14 
13 18 
2 1 
19 
14 
18 9 
16 
1 
17 
9 
12 
# clone tree 8 objective: 1.24503
0 8 
8 7 
7 5 3 
3 6 
4 10 
6 4 
10 11 
11 12 19 2 15 
5 16 13 
15 9 14 
13 18 
2 1 
19 17 
14 
18 
16 
1 
17 
9 
12 
# clone tree 9 objective: 1.24727
0 8 
8 7 
7 5 3 
3 6 
4 10 
6 4 
10 11 
11 19 2 15 
5 16 13 
15 1 14 
13 18 
2 12 17 
19 
14 
18 9 
16 
1 
17 
9 
12 
# clone tree 10 objective: 1.24766
0 8 
8 7 
7 5 3 
3 6 
4 10 
6 4 
10 11 
11 12 17 19 15 
5 16 18 2 
15 13 
13 9 14 
2 1 
19 
14 
18 
16 
1 
17 
9 
12 
# clone tree 11 objective: 1.2477
0 8 
8 7 
7 5 3 
3 6 
4 10 
6 4 
10 11 
11 19 2 15 
5 16 13 
15 14 
13 18 
2 1 
19 17 
14 
18 9 
16 
1 12 
17 
9 
12 
# clone tree 12 objective: 1.2483
0 8 
8 7 
7 5 3 
3 6 
4 10 
6 4 
10 11 
11 19 2 15 
5 16 13 
15 1 14 
13 18 
2 17 
19 
14 
18 9 
16 
1 12 
17 
9 
12 
# clone tree 13 objective: 1.24857
0 8 
8 7 
7 5 3 
3 6 
4 10 
6 4 
10 17 11 
11 12 19 2 15 
5 16 13 
15 18 
13 9 14 
2 1 
19 
14 
18 
16 
1 
17 
9 
12 
# clone tree 14 objective: 1.24884
0 8 
8 7 
7 5 3 
3 6 
4 10 
6 4 
10 11 
11 12 19 2 15 
5 16 13 
15 17 14 
13 18 
2 1 
19 
14 
18 9 
16 
1 
17 
9 
12 
# clone tree 15 objective: 1.24898
0 8 
8 7 
7 5 3 
3 6 
4 10 
6 4 
10 17 11 
11 19 2 15 
5 16 13 
15 9 14 
13 18 
2 1 
19 
14 
18 
16 
1 12 
17 
9 
12 
# clone tree 16 objective: 1.24935
0 8 
8 7 
7 5 3 
3 6 
4 10 
6 4 
10 11 
11 12 19 2 15 
5 16 13 
15 9 14 
13 18 
2 17 
19 
14 1 
18 
16 
1 
17 
9 
12 
# clone tree 17 objective: 1.24945
0 1 8 
8 7 
7 5 3 
3 6 
4 10 
6 4 
10 11 
11 12 19 2 15 
5 16 13 
15 9 14 
13 18 
2 17 
19 
14 
18 
16 
1 
17 
9 
12 
# clone tree 18 objective: 1.24979
0 8 
8 7 
7 5 3 
3 6 
4 10 
6 4 
10 17 11 
11 12 19 15 
5 16 18 2 
15 13 
13 9 14 
2 1 
19 
14 
18 
16 
1 
17 
9 
12 
# clone tree 19 objective: 1.25032
0 8 
8 7 
7 5 3 
3 12 6 
4 10 
6 4 
10 11 
11 19 2 15 
5 16 13 
15 14 
13 18 
2 1 
19 17 
14 
18 9 
16 
1 
17 
9 
12 
# clone tree 20 objective: 1.25032
0 8 
8 7 
7 5 3 
3 6 
4 9 10 
6 4 
10 17 11 
11 12 19 2 15 
5 16 13 
15 14 
13 18 
2 1 
19 
14 
18 
16 
1 
17 
9 
12 
# clone tree 21 objective: 1.25076
0 8 
8 7 
7 5 3 
3 6 
4 10 
6 4 
10 1 11 
11 12 19 2 15 
5 16 13 
15 14 
13 18 
2 17 
19 
14 
18 9 
16 
1 
17 
9 
12 
# clone tree 22 objective: 1.25091
0 8 
8 7 
7 5 3 
3 12 6 
4 10 
6 4 
10 11 
11 19 2 15 
5 16 13 
15 1 14 
13 18 
2 17 
19 
14 
18 9 
16 
1 
17 
9 
12 
# clone tree 23 objective: 1.251
0 8 
8 7 
7 5 3 
3 6 
4 10 
6 4 
10 11 
11 19 2 15 
5 16 13 
15 14 
13 18 
2 12 17 
19 
14 1 
18 9 
16 
1 
17 
9 
12 
# clone tree 24 objective: 1.25109
0 1 8 
8 7 
7 5 3 
3 6 
4 10 
6 4 
10 11 
11 19 2 15 
5 16 13 
15 14 
13 18 
2 12 17 
19 
14 
18 9 
16 
1 
17 
9 
12 
# clone tree 25 objective: 1.25159
0 8 
8 7 
7 5 3 
3 12 6 
4 10 
6 4 
10 17 11 
11 19 2 15 
5 16 13 
15 9 14 
13 18 
2 1 
19 
14 
18 
16 
1 
17 
9 
12 
# clone tree 26 objective: 1.25212
0 1 8 
8 7 
7 5 3 
3 6 
4 10 
6 4 
10 11 
11 19 2 15 
5 16 13 
15 14 
13 18 
2 17 
19 
14 
18 9 
16 
1 12 
17 
9 
12 
# clone tree 27 objective: 1.25365
0 8 
8 7 
7 5 3 
3 6 
4 10 
6 4 
10 11 
11 12 17 19 15 
5 16 18 2 
15 13 
13 14 
2 1 
19 
14 
18 9 
16 
1 
17 
9 
12 
# clone tree 28 objective: 1.25436
0 8 
8 7 
7 5 3 
3 6 
4 10 
6 4 
10 11 
11 12 19 2 15 
5 16 13 
15 18 
13 9 14 
2 1 
19 17 
14 
18 
16 
1 
17 
9 
12 
# clone tree 29 objective: 1.25464
0 8 
8 7 
7 5 3 
3 12 6 
4 10 
6 4 
10 11 
11 19 2 15 
5 16 13 
15 14 
13 18 
2 17 
19 
14 1 
18 9 
16 
1 
17 
9 
12 
# clone tree 30 objective: 1.25473
0 1 8 
8 7 
7 5 3 
3 12 6 
4 10 
6 4 
10 11 
11 19 2 15 
5 16 13 
15 14 
13 18 
2 17 
19 
14 
18 9 
16 
1 
17 
9 
12 
# clone tree 31 objective: 1.25477
0 8 
8 7 
7 5 3 
3 6 
4 10 
6 4 
10 11 
11 19 2 15 
5 16 13 
15 9 14 
13 18 
2 1 
19 17 
14 
18 
16 
1 12 
17 
9 
12 
# clone tree 32 objective: 1.2548
0 8 
8 7 
7 5 3 
3 17 6 
4 10 
6 4 
10 11 
11 12 19 2 15 
5 16 13 
15 14 
13 18 
2 1 
19 
14 
18 9 
16 
1 
17 
9 
12 
# clone tree 33 objective: 1.25513
0 8 
8 7 
7 5 3 
3 6 
4 10 
6 4 
10 11 
11 12 19 2 15 
5 16 13 
15 14 
13 18 
2 17 
19 
14 
18 9 
16 1 
1 
17 
9 
12 
# clone tree 34 objective: 1.25525
0 8 
8 7 
7 17 5 3 
3 6 
4 10 
6 4 
10 11 
11 12 19 2 15 
5 16 13 
15 14 
13 18 
2 1 
19 
14 
18 9 
16 
1 
17 
9 
12 
# clone tree 35 objective: 1.25528
0 8 
8 7 
7 5 3 
3 6 
4 10 
6 4 
10 11 
11 12 1 19 15 
5 16 18 2 
15 13 
13 9 14 
2 17 
19 
14 
18 
16 
1 
17 
9 
12 
# clone tree 36 objective: 1.25558
0 8 
8 7 
7 5 3 
3 6 
4 10 
6 4 
10 11 
11 12 19 15 
5 16 18 2 
15 13 
13 9 14 
2 1 
19 17 
14 
18 
16 
1 
17 
9 
12 
# clone tree 37 objective: 1.25562
0 8 
8 7 
7 5 3 
3 6 
4 10 
6 4 
10 11 
11 12 19 2 15 
5 16 13 
15 14 
13 17 18 
2 1 
19 
14 
18 9 
16 
1 
17 
9 
12 
# clone tree 38 objective: 1.25578
0 8 
8 7 
7 5 3 
3 6 
4 10 
6 4 
10 17 11 
11 12 19 15 
5 16 18 2 
15 13 
13 14 
2 1 
19 
14 
18 9 
16 
1 
17 
9 
12 
# clone tree 39 objective: 1.25611
0 8 
8 7 
7 5 3 
3 6 
4 9 10 
6 4 
10 11 
11 12 19 2 15 
5 16 13 
15 14 
13 18 
2 1 
19 17 
14 
18 
16 
1 
17 
9 
12 
# clone tree 40 objective: 1.25642
0 8 
8 7 
7 5 3 
3 6 
4 11 
6 4 
10 12 17 19 15 
11 10 
5 16 18 2 
15 13 
13 14 
2 1 
19 
14 
18 9 
16 
1 
17 
9 
12 
# clone tree 41 objective: 1.25671
0 8 
8 7 
7 5 3 
3 6 
4 9 10 
6 4 
10 11 
11 12 19 2 15 
5 16 13 
15 1 14 
13 18 
2 17 
19 
14 
18 
16 
1 
17 
9 
12 
# clone tree 42 objective: 1.25738
0 8 
8 7 
7 5 3 
3 12 6 
4 10 
6 4 
10 11 
11 19 2 15 
5 16 13 
15 9 14 
13 18 
2 1 
19 17 
14 
18 
16 
1 
17 
9 
12 
# clone tree 43 objective: 1.25782
0 8 
8 7 
7 5 3 
3 6 
4 10 
6 4 
10 11 
11 12 19 2 15 
5 16 13 
15 14 
13 18 
2 17 
19 
14 
18 9 
16 
1 
17 1 
9 
12 
# clone tree 44 objective: 1.25782
0 8 
8 7 
7 5 3 
3 6 
4 10 
6 4 
10 1 11 
11 12 19 2 15 
5 16 13 
15 9 14 
13 18 
2 17 
19 
14 
18 
16 
1 
17 
9 
12 
# clone tree 45 objective: 1.25806
0 8 
8 7 
7 5 3 
3 6 
4 10 
6 4 
10 11 
11 19 2 15 
5 16 13 
15 9 14 
13 18 
2 12 17 
19 
14 1 
18 
16 
1 
17 
9 
12 
# clone tree 46 objective: 1.25815
0 1 8 
8 7 
7 5 3 
3 6 
4 10 
6 4 
10 11 
11 19 2 15 
5 16 13 
15 9 14 
13 18 
2 12 17 
19 
14 
18 
16 
1 
17 
9 
12 
# clone tree 47 objective: 1.25831
0 8 
8 7 
7 5 3 
3 6 
4 10 
6 4 
10 17 11 
11 19 2 15 
5 16 13 
15 18 
13 9 14 
2 1 
19 
14 
18 
16 
1 12 
17 
9 
12 
# clone tree 48 objective: 1.25833
0 8 
8 7 
7 5 3 
3 6 
4 9 11 
6 4 
10 12 17 19 15 
11 10 
5 16 18 2 
15 13 
13 14 
2 1 
19 
14 
18 
16 
1 
17 
9 
12 
# clone tree 49 objective: 1.25858
0 8 
8 7 
7 5 3 
3 6 
4 10 
6 4 
10 11 
11 19 2 15 
5 16 13 
15 17 14 
13 18 
2 1 
19 
14 
18 9 
16 
1 12 
17 
9 
12 
# clone tree 50 objective: 1.25869
0 8 
8 7 
7 5 3 
3 6 
4 10 
6 4 
10 11 
11 12 19 2 15 
5 16 13 
15 18 
13 9 14 
2 17 
19 
14 1 
18 
16 
1 
17 
9 
12 
# clone tree 51 objective: 1.25878
0 1 8 
8 7 
7 5 3 
3 6 
4 10 
6 4 
10 11 
11 12 19 2 15 
5 16 13 
15 18 
13 9 14 
2 17 
19 
14 
18 
16 
1 
17 
9 
12 
# clone tree 52 objective: 1.25882
0 8 
8 7 
7 5 3 
3 6 
4 10 
6 4 
10 11 
11 12 19 2 15 
5 16 13 
15 14 
13 18 
2 17 1 
19 
14 
18 9 
16 
1 
17 
9 
12 
# clone tree 53 objective: 1.25918
0 1 8 
8 7 
7 5 3 
3 6 
4 10 
6 4 
10 11 
11 19 2 15 
5 16 13 
15 9 14 
13 18 
2 17 
19 
14 
18 
16 
1 12 
17 
9 
12 
# clone tree 54 objective: 1.25922
0 8 
8 7 
7 5 3 
3 6 
4 10 
6 4 
10 11 
11 1 19 2 15 
5 16 13 
15 14 
13 18 
2 12 17 
19 
14 
18 9 
16 
1 
17 
9 
12 
# clone tree 55 objective: 1.25936
0 8 
8 7 
7 5 3 
3 6 
4 10 
6 4 
10 11 
11 12 19 2 15 
5 16 13 
15 9 14 
13 18 
2 17 
19 
14 
18 1 
16 
1 
17 
9 
12 
# clone tree 56 objective: 1.25947
0 8 
8 7 
7 5 3 
3 6 
4 10 
6 4 
10 1 11 
11 19 2 15 
5 16 13 
15 14 
13 18 
2 12 17 
19 
14 
18 9 
16 
1 
17 
9 
12 
# clone tree 57 objective: 1.25991
0 8 
8 7 
7 5 3 
3 6 
4 10 
6 4 
10 11 
11 12 19 15 
5 16 18 2 
15 13 
13 9 14 
2 17 
19 
14 1 
18 
16 
1 
17 
9 
12 
# clone tree 58 objective: 1.26
0 1 8 
8 7 
7 5 3 
3 6 
4 10 
6 4 
10 11 
11 12 19 15 
5 16 18 2 
15 13 
13 9 14 
2 17 
19 
14 
18 
16 
1 
17 
9 
12 
# clone tree 59 objective: 1.26006
0 8 
8 7 
7 5 3 
3 6 
4 9 10 
6 4 
10 17 11 
11 19 2 15 
5 16 13 
15 14 
13 18 
2 1 
19 
14 
18 
16 
1 12 
17 
9 
12 
# clone tree 60 objective: 1.26014
0 8 
8 7 
7 5 3 
3 6 
4 10 
6 4 
10 17 11 
11 12 19 2 15 
5 16 13 
15 14 
13 18 
2 9 1 
19 
14 
18 
16 
1 
17 
9 
12 
# clone tree 61 objective: 1.26025
0 8 
8 7 
7 5 3 
3 6 
4 10 
6 4 
10 11 
11 1 19 2 15 
5 16 13 
15 14 
13 18 
2 17 
19 
14 
18 9 
16 
1 12 
17 
9 
12 
# clone tree 62 objective: 1.26036
0 8 
8 7 
7 5 3 
3 12 6 
4 10 
6 4 
10 17 11 
11 16 19 2 13 
5 9 15 
15 14 
13 18 
2 1 
19 
14 
18 
16 
1 
17 
9 
12 
# clone tree 63 objective: 1.26043
0 8 
8 7 
7 5 3 
3 6 
4 9 10 
6 4 
10 11 
11 12 19 2 15 
5 16 13 
15 14 
13 18 
2 17 
19 
14 1 
18 
16 
1 
17 
9 
12 
# clone tree 64 objective: 1.2605
0 8 
8 7 
7 5 3 
3 6 
4 10 
6 4 
10 1 11 
11 19 2 15 
5 16 13 
15 14 
13 18 
2 17 
19 
14 
18 9 
16 
1 12 
17 
9 
12 
# clone tree 65 objective: 1.26053
0 1 8 
8 7 
7 5 3 
3 6 
4 9 10 
6 4 
10 11 
11 12 19 2 15 
5 16 13 
15 14 
13 18 
2 17 
19 
14 
18 
16 
1 
17 
9 
12 
# clone tree 66 objective: 1.2607
0 8 
8 7 
7 5 3 
3 6 
4 10 
6 4 
10 11 
11 12 19 2 15 
5 16 13 
15 14 
13 18 
2 1 
19 
14 17 
18 9 
16 
1 
17 
9 
12 
# clone tree 67 objective: 1.26093
0 8 
8 7 
7 5 3 
3 12 6 
4 10 
6 4 
10 17 11 
11 19 2 15 
5 16 13 
15 18 
13 9 14 
2 1 
19 
14 
18 
16 
1 
17 
9 
12 
# clone tree 68 objective: 1.26105
0 8 
8 7 
7 5 3 
3 17 6 
4 10 
6 4 
10 11 
11 19 2 15 
5 16 13 
15 14 
13 18 
2 1 
19 
14 
18 9 
16 
1 12 
17 
9 
12 
# clone tree 69 objective: 1.26109
0 8 
8 7 
7 5 3 
3 6 
4 10 
6 4 
10 11 
11 12 19 2 15 
5 16 13 
15 14 
13 18 
2 1 
19 
14 
18 9 
16 
1 17 
17 
9 
12 
# clone tree 70 objective: 1.26119
0 8 
8 7 
7 5 3 
3 12 6 
4 10 
6 4 
10 11 
11 19 2 15 
5 16 13 
15 17 14 
13 18 
2 1 
19 
14 
18 9 
16 
1 
17 
9 
12 
# clone tree 71 objective: 1.26127
0 8 
8 7 
7 5 3 
3 6 
4 10 
6 4 
10 11 
11 12 1 19 15 
5 16 18 2 
15 13 
13 14 
2 17 
19 
14 
18 9 
16 
1 
17 
9 
12 
# clone tree 72 objective: 1.26143
0 8 
8 7 
7 5 3 
3 6 
4 10 
6 4 
10 17 11 
11 19 2 15 
5 16 13 
15 1 14 
13 18 
2 12 
19 
14 
18 9 
16 
1 
17 
9 
12 
# clone tree 73 objective: 1.26151
0 8 
8 1 7 
7 5 3 
3 6 
4 10 
6 4 
10 11 
11 12 19 2 15 
5 16 13 
15 14 
13 18 
2 17 
19 
14 
18 9 
16 
1 
17 
9 
12 
# clone tree 74 objective: 1.26157
0 8 
8 7 
7 5 3 
3 6 
4 10 
6 4 
10 11 
11 12 19 15 
5 16 18 2 
15 13 
13 14 
2 1 
19 17 
14 
18 9 
16 
1 
17 
9 
12 
# clone tree 75 objective: 1.26167
0 8 
8 17 7 
7 5 3 
3 6 
4 10 
6 4 
10 11 
11 12 19 2 15 
5 16 13 
15 14 
13 18 
2 1 
19 
14 
18 9 
16 
1 
17 
9 
12 
# clone tree 76 objective: 1.2617
0 8 
8 7 
7 5 3 
3 12 6 
4 10 
6 4 
10 11 
11 19 2 15 
5 16 13 
15 9 14 
13 18 
2 17 
19 
14 1 
18 
16 
1 
17 
9 
12 
# clone tree 77 objective: 1.2618
0 1 8 
8 7 
7 5 3 
3 12 6 
4 10 
6 4 
10 11 
11 19 2 15 
5 16 13 
15 9 14 
13 18 
2 17 
19 
14 
18 
16 
1 
17 
9 
12 
# clone tree 78 objective: 1.26182
0 8 
8 7 
7 5 3 
3 16 6 
4 10 
6 4 
10 17 11 
11 12 19 2 13 
5 9 15 
15 14 
13 18 
2 1 
19 
14 
18 
16 
1 
17 
9 
12 
# clone tree 79 objective: 1.26186
0 8 
8 7 
7 5 3 
3 17 6 
4 10 
6 4 
10 11 
11 12 19 2 15 
5 16 13 
15 9 14 
13 18 
2 1 
19 
14 
18 
16 
1 
17 
9 
12 
# clone tree 80 objective: 1.26206
0 8 
8 7 
7 5 3 
3 6 
4 10 
6 4 
10 17 11 
11 19 2 15 
5 16 13 
15 12 14 
13 18 
2 1 
19 
14 
18 9 
16 
1 
17 
9 
12 
# clone tree 81 objective: 1.2622
0 8 
8 7 
7 5 3 
3 6 
4 10 
6 4 
10 11 
11 12 19 2 15 
5 16 13 
15 9 14 
13 18 
2 17 
19 
14 
18 
16 1 
1 
17 
9 
12 
# clone tree 82 objective: 1.26232
0 8 
8 7 
7 17 5 3 
3 6 
4 10 
6 4 
10 11 
11 12 19 2 15 
5 16 13 
15 9 14 
13 18 
2 1 
19 
14 
18 
16 
1 
17 
9 
12 
# clone tree 83 objective: 1.26235
0 8 
8 7 
7 5 3 
3 1 6 
4 10 
6 4 
10 11 
11 19 2 15 
5 16 13 
15 14 
13 18 
2 12 17 
19 
14 
18 9 
16 
1 
17 
9 
12 
# clone tree 84 objective: 1.26256
0 8 
8 7 
7 5 3 
3 12 6 
4 10 
6 4 
10 11 
11 17 19 15 
5 16 18 2 
15 13 
13 9 14 
2 1 
19 
14 
18 
16 
1 
17 
9 
12 
# clone tree 85 objective: 1.26267
0 8 
8 7 
7 5 3 
3 12 6 
4 9 10 
6 4 
10 17 11 
11 19 2 15 
5 16 13 
15 14 
13 18 
2 1 
19 
14 
18 
16 
1 
17 
9 
12 
# clone tree 86 objective: 1.26268
0 8 
8 7 
7 5 3 
3 6 
4 10 
6 4 
10 11 
11 12 19 2 15 
5 16 13 
15 9 14 
13 17 18 
2 1 
19 
14 
18 
16 
1 
17 
9 
12 
# clone tree 87 objective: 1.26293
0 8 
8 7 
7 5 3 
3 16 6 
4 10 
6 4 
10 17 11 
11 19 2 13 
5 9 15 
15 14 
13 18 
2 1 
19 
14 
18 
16 
1 12 
17 
9 
12 
# clone tree 88 objective: 1.26293
0 8 
8 7 
7 5 3 
3 6 
4 10 
6 4 
10 17 11 
11 19 2 15 
5 16 13 
15 14 
13 18 
2 1 
19 
14 12 
18 9 
16 
1 
17 
9 
12 
# clone tree 89 objective: 1.26305
0 8 
8 7 
7 5 3 
3 6 
4 10 
6 4 
10 17 11 
11 19 2 15 
5 16 13 
15 14 
13 18 
2 1 
19 
14 
18 9 
16 12 
1 
17 
9 
12 
# clone tree 90 objective: 1.26311
0 8 
8 7 
7 5 3 
3 6 
4 10 
6 4 
10 11 
11 16 19 2 13 
5 9 15 
15 1 14 
13 18 
2 12 17 
19 
14 
18 
16 
1 
17 
9 
12 
# clone tree 91 objective: 1.26311
0 8 
8 7 
7 5 3 
3 12 6 
4 10 
6 4 
10 1 11 
11 19 2 15 
5 16 13 
15 14 
13 18 
2 17 
19 
14 
18 9 
16 
1 
17 
9 
12 
# clone tree 92 objective: 1.26321
0 8 
8 7 
7 5 3 
3 1 6 
4 10 
6 4 
10 11 
11 12 19 2 15 
5 16 13 
15 14 
13 18 
2 17 
19 
14 
18 9 
16 
1 
17 
9 
12 
# clone tree 93 objective: 1.26351
0 8 
8 7 
7 5 3 
3 6 
4 10 
6 4 
10 17 11 
11 12 19 2 15 
5 16 13 
15 1 14 
13 18 
2 
19 
14 
18 9 
16 
1 
17 
9 
12 
# clone tree 94 objective: 1.26384
0 8 
8 7 
7 5 3 
3 6 
4 10 
6 4 
10 11 
11 19 2 15 
5 16 13 
15 14 
13 18 
2 12 17 
19 
14 
18 9 
16 1 
1 
17 
9 
12 
# clone tree 95 objective: 1.26405
0 8 
8 7 
7 5 3 
3 6 
4 11 
6 4 
10 12 1 19 15 
11 10 
5 16 18 2 
15 13 
13 14 
2 17 
19 
14 
18 9 
16 
1 
17 
9 
12 
# clone tree 96 objective: 1.2641
0 8 
8 7 
7 5 3 
3 6 
4 10 
6 4 
10 11 
11 19 2 15 
5 16 13 
15 18 
13 9 14 
2 1 
19 17 
14 
18 
16 
1 12 
17 
9 
12 
# clone tree 97 objective: 1.26412
0 8 
8 7 
7 5 3 
3 6 
4 10 
6 4 
10 17 11 
11 19 2 15 
5 16 13 
15 14 
13 18 
2 12 1 
19 
14 
18 9 
16 
1 
17 
9 
12 
# clone tree 98 objective: 1.26414
0 8 
8 7 
7 5 3 
3 6 
4 10 
6 4 
10 11 
11 16 19 2 13 
5 9 15 
15 1 14 
13 18 
2 17 
19 
14 
18 
16 
1 12 
17 
9 
12 
# clone tree 99 objective: 1.26419
0 8 
8 7 
7 5 3 
3 6 
4 10 
6 9 4 
10 11 
11 12 19 2 15 
5 16 13 
15 14 
13 18 
2 1 
19 17 
14 
18 
16 
1 
17 
9 
12 
