# clone tree 0 objective: 0.841027
0 6 11 9 13 
13 15 12 
12 14 2 1 
1 18 10 
10 5 
5 7 
7 3 
3 16 
2 4 
16 19 
15 
4 8 
18 
19 17 
14 
9 
11 
17 
6 
8 
# clone tree 1 objective: 0.845876
0 6 11 9 13 
13 15 12 
12 14 2 1 
1 18 10 
10 5 
5 7 
7 3 
3 16 
2 4 
16 19 
15 
4 8 
18 
19 
14 
9 17 
11 
17 
6 
8 
# clone tree 2 objective: 0.846041
0 11 16 13 
13 15 12 
12 9 2 1 
1 10 
10 5 
5 14 7 
7 8 3 
3 18 
2 4 
16 19 
15 
4 6 
18 
19 17 
14 
9 
11 
17 
6 
8 
# clone tree 3 objective: 0.850298
0 6 11 9 13 
13 15 12 
12 14 2 1 
1 10 
10 5 
5 7 
7 8 3 
3 16 
2 4 
16 19 
15 
4 18 
18 
19 17 
14 
9 
11 
17 
6 
8 
# clone tree 4 objective: 0.850324
0 11 16 13 
13 15 12 
12 9 2 1 
1 6 10 
10 5 
5 14 7 
7 8 3 
3 18 
2 4 
16 19 
15 
4 
18 
19 17 
14 
9 
11 
17 
6 
8 
# clone tree 5 objective: 0.850324
0 11 16 13 
13 15 12 
12 9 2 1 
1 6 10 
10 5 
5 14 7 
7 3 
3 18 
2 4 
16 19 
15 
4 8 
18 
19 17 
14 
9 
11 
17 
6 
8 
# clone tree 6 objective: 0.850399
0 6 11 9 13 
13 15 12 
12 14 2 1 
1 18 10 
10 5 
5 7 
7 8 3 
3 16 
2 4 
16 19 
15 
4 
18 
19 17 
14 
9 
11 
17 
6 
8 
# clone tree 7 objective: 0.85089
0 11 16 13 
13 15 12 
12 9 2 1 
1 10 
10 5 
5 14 7 
7 8 3 
3 18 
2 4 
16 19 
15 
4 6 
18 
19 
14 
9 17 
11 
17 
6 
8 
# clone tree 8 objective: 0.850956
0 17 11 16 13 
13 15 12 
12 9 2 1 
1 10 
10 5 
5 14 7 
7 8 3 
3 18 
2 4 
16 19 
15 
4 6 
18 
19 
14 
9 
11 
17 
6 
8 
# clone tree 9 objective: 0.851798
0 6 11 9 13 
13 15 12 
12 14 2 1 
1 18 10 
10 17 5 
5 7 
7 3 
3 16 
2 4 
16 19 
15 
4 8 
18 
19 
14 
9 
11 
17 
6 
8 
# clone tree 10 objective: 0.853724
0 11 16 13 
13 15 12 
12 9 2 1 
1 10 
10 19 5 
5 14 7 
7 8 3 
3 18 
2 4 
16 17 
15 
4 6 
18 
19 
14 
9 
11 
17 
6 
8 
# clone tree 11 objective: 0.85469
0 6 11 9 13 
13 17 15 12 
12 14 2 1 
1 18 10 
10 5 
5 7 
7 3 
3 16 
2 4 
16 19 
15 
4 8 
18 
19 
14 
9 
11 
17 
6 
8 
# clone tree 12 objective: 0.854714
0 11 16 13 
13 15 12 
12 9 2 1 
1 10 
10 5 
5 14 7 
7 3 
3 18 
2 4 
16 19 
15 
4 8 6 
18 
19 17 
14 
9 
11 
17 
6 
8 
# clone tree 13 objective: 0.855147
0 6 11 9 13 
13 15 12 
12 14 2 1 
1 10 
10 5 
5 7 
7 8 3 
3 16 
2 4 
16 19 
15 
4 18 
18 
19 
14 
9 17 
11 
17 
6 
8 
# clone tree 14 objective: 0.855173
0 11 16 13 
13 15 12 
12 9 2 1 
1 6 10 
10 5 
5 14 7 
7 3 
3 18 
2 4 
16 19 
15 
4 8 
18 
19 
14 
9 17 
11 
17 
6 
8 
# clone tree 15 objective: 0.855173
0 11 16 13 
13 15 12 
12 9 2 1 
1 6 10 
10 5 
5 14 7 
7 8 3 
3 18 
2 4 
16 19 
15 
4 
18 
19 
14 
9 17 
11 
17 
6 
8 
# clone tree 16 objective: 0.855239
0 17 11 16 13 
13 15 12 
12 9 2 1 
1 6 10 
10 5 
5 14 7 
7 8 3 
3 18 
2 4 
16 19 
15 
4 
18 
19 
14 
9 
11 
17 
6 
8 
# clone tree 17 objective: 0.855239
0 17 11 16 13 
13 15 12 
12 9 2 1 
1 6 10 
10 5 
5 14 7 
7 3 
3 18 
2 4 
16 19 
15 
4 8 
18 
19 
14 
9 
11 
17 
6 
8 
# clone tree 18 objective: 0.855248
0 6 11 9 13 
13 15 12 
12 14 2 1 
1 18 10 
10 5 
5 7 
7 8 3 
3 16 
2 4 
16 19 
15 
4 
18 
19 
14 
9 17 
11 
17 
6 
8 
# clone tree 19 objective: 0.857002
0 11 9 13 
13 15 12 
12 18 2 1 
1 6 10 
10 5 
5 14 7 
7 3 
3 16 
2 4 
16 19 
15 
4 8 
18 
19 17 
14 
9 
11 
17 
6 
8 
# clone tree 20 objective: 0.857584
0 11 16 13 
13 15 12 
12 9 2 1 
1 10 
10 5 
5 14 7 
7 3 
3 18 
2 4 
16 8 19 
15 
4 6 
18 
19 17 
14 
9 
11 
17 
6 
8 
# clone tree 21 objective: 0.857648
0 6 11 9 13 
13 15 12 
12 14 2 1 
1 10 
10 5 
5 8 7 
7 3 
3 16 
2 4 
16 19 
15 
4 18 
18 
19 17 
14 
9 
11 
17 
6 
8 
# clone tree 22 objective: 0.858007
0 11 16 13 
13 15 12 
12 9 2 1 
1 6 10 
10 19 5 
5 14 7 
7 8 3 
3 18 
2 4 
16 17 
15 
4 
18 
19 
14 
9 
11 
17 
6 
8 
# clone tree 23 objective: 0.858007
0 11 16 13 
13 15 12 
12 9 2 1 
1 6 10 
10 19 5 
5 14 7 
7 3 
3 18 
2 4 
16 17 
15 
4 8 
18 
19 
14 
9 
11 
17 
6 
8 
# clone tree 24 objective: 0.858541
0 11 16 13 
13 15 12 
12 9 2 1 
1 10 
10 5 
5 14 7 
7 8 3 
3 18 
2 4 
16 19 
15 
4 
18 6 
19 17 
14 
9 
11 
17 
6 
8 
# clone tree 25 objective: 0.858541
0 11 16 13 
13 15 12 
12 9 2 1 
1 10 
10 5 
5 14 7 
7 3 
3 18 
2 4 
16 19 
15 
4 8 
18 6 
19 17 
14 
9 
11 
17 
6 
8 
# clone tree 26 objective: 0.858947
0 6 11 9 13 
13 15 12 
12 14 2 1 
1 10 
10 5 
5 7 
7 3 
3 16 
2 4 
16 19 
15 
4 8 18 
18 
19 17 
14 
9 
11 
17 
6 
8 
# clone tree 27 objective: 0.859563
0 6 11 9 13 
13 15 12 
12 14 2 1 
1 10 
10 5 
5 7 
7 3 
3 16 
2 4 
16 19 
15 
4 18 
18 
19 17 
14 
9 8 
11 
17 
6 
8 
# clone tree 28 objective: 0.859563
0 11 16 13 
13 15 12 
12 9 2 1 
1 10 
10 5 
5 14 7 
7 3 
3 18 
2 4 
16 19 
15 
4 8 6 
18 
19 
14 
9 17 
11 
17 
6 
8 
# clone tree 29 objective: 0.859629
0 17 11 16 13 
13 15 12 
12 9 2 1 
1 10 
10 5 
5 14 7 
7 3 
3 18 
2 4 
16 19 
15 
4 8 6 
18 
19 
14 
9 
11 
17 
6 
8 
# clone tree 30 objective: 0.859664
0 6 11 9 13 
13 15 12 
12 14 2 1 
1 18 10 
10 5 
5 7 
7 3 
3 16 
2 4 
16 19 
15 
4 
18 
19 17 
14 
9 8 
11 
17 
6 
8 
# clone tree 31 objective: 0.859704
0 11 16 13 
13 17 15 12 
12 9 2 1 
1 10 
10 5 
5 14 7 
7 8 3 
3 18 
2 4 
16 19 
15 
4 6 
18 
19 
14 
9 
11 
17 
6 
8 
# clone tree 32 objective: 0.859855
0 6 17 11 9 13 
13 15 12 
12 14 2 1 
1 18 10 
10 5 
5 7 
7 3 
3 16 
2 4 
16 19 
15 
4 8 
18 
19 
14 
9 
11 
17 
6 
8 
# clone tree 33 objective: 0.860918
0 11 16 13 
13 15 12 
12 14 2 1 
1 6 10 
10 5 
5 7 
7 8 3 
3 18 
2 4 
16 19 
15 
4 9 
18 
19 17 
14 
9 
11 
17 
6 
8 
# clone tree 34 objective: 0.861069
0 6 11 9 13 
13 15 12 
12 14 2 1 
1 10 
10 17 5 
5 7 
7 8 3 
3 16 
2 4 
16 19 
15 
4 18 
18 
19 
14 
9 
11 
17 
6 
8 
# clone tree 35 objective: 0.86117
0 6 11 9 13 
13 15 12 
12 14 2 1 
1 18 10 
10 17 5 
5 7 
7 8 3 
3 16 
2 4 
16 19 
15 
4 
18 
19 
14 
9 
11 
17 
6 
8 
# clone tree 36 objective: 0.861392
0 11 9 13 
13 15 12 
12 18 2 1 
1 10 
10 5 
5 14 7 
7 3 
3 16 
2 4 
16 19 
15 
4 8 6 
18 
19 17 
14 
9 
11 
17 
6 
8 
# clone tree 37 objective: 0.861841
0 6 11 9 13 
13 15 12 
12 14 2 1 
1 10 
10 5 
5 7 
7 3 
3 16 
2 4 
16 8 19 
15 
4 18 
18 
19 17 
14 
9 
11 
17 
6 
8 
# clone tree 38 objective: 0.861851
0 11 9 13 
13 15 12 
12 18 2 1 
1 6 10 
10 5 
5 14 7 
7 3 
3 16 
2 4 
16 19 
15 
4 8 
18 
19 
14 
9 17 
11 
17 
6 
8 
# clone tree 39 objective: 0.861867
0 11 16 13 
13 15 12 
12 9 2 1 
1 6 10 
10 5 
5 14 7 
7 3 
3 18 
2 4 
16 8 19 
15 
4 
18 
19 17 
14 
9 
11 
17 
6 
8 
# clone tree 40 objective: 0.861942
0 6 11 9 13 
13 15 12 
12 14 2 1 
1 18 10 
10 5 
5 7 
7 3 
3 16 
2 4 
16 8 19 
15 
4 
18 
19 17 
14 
9 
11 
17 
6 
8 
# clone tree 41 objective: 0.862091
0 11 9 13 
13 15 12 
12 18 2 1 
1 10 
10 5 
5 14 7 
7 8 3 
3 16 
2 4 
16 19 
15 
4 6 
18 
19 17 
14 
9 
11 
17 
6 
8 
# clone tree 42 objective: 0.862397
0 11 16 13 
13 15 12 
12 9 2 1 
1 10 
10 19 5 
5 14 7 
7 3 
3 18 
2 4 
16 17 
15 
4 8 6 
18 
19 
14 
9 
11 
17 
6 
8 
# clone tree 43 objective: 0.862433
0 11 16 13 
13 15 12 
12 9 2 1 
1 10 
10 5 
5 14 7 
7 3 
3 18 
2 4 
16 8 19 
15 
4 6 
18 
19 
14 
9 17 
11 
17 
6 
8 
# clone tree 44 objective: 0.862497
0 6 11 9 13 
13 15 12 
12 14 2 1 
1 10 
10 5 
5 8 7 
7 3 
3 16 
2 4 
16 19 
15 
4 18 
18 
19 
14 
9 17 
11 
17 
6 
8 
# clone tree 45 objective: 0.862499
0 17 11 16 13 
13 15 12 
12 9 2 1 
1 10 
10 5 
5 14 7 
7 3 
3 18 
2 4 
16 8 19 
15 
4 6 
18 
19 
14 
9 
11 
17 
6 
8 
# clone tree 46 objective: 0.862825
0 11 9 13 
13 15 12 
12 18 2 1 
1 10 
10 5 
5 14 7 
7 3 
3 16 
2 4 
16 19 
15 
4 8 
18 6 
19 17 
14 
9 
11 
17 
6 
8 
# clone tree 47 objective: 0.862964
0 17 11 9 13 
13 15 12 
12 18 2 1 
1 6 10 
10 5 
5 14 7 
7 3 
3 16 
2 4 
16 19 
15 
4 8 
18 
19 
14 
9 
11 
17 
6 
8 
# clone tree 48 objective: 0.86339
0 11 16 13 
13 15 12 
12 9 2 1 
1 10 
10 5 
5 14 7 
7 8 3 
3 18 
2 4 
16 19 
15 
4 
18 6 
19 
14 
9 17 
11 
17 
6 
8 
# clone tree 49 objective: 0.86339
0 11 16 13 
13 15 12 
12 9 2 1 
1 10 
10 5 
5 14 7 
7 3 
3 18 
2 4 
16 19 
15 
4 8 
18 6 
19 
14 
9 17 
11 
17 
6 
8 
