# clone tree 0 objective: 1.44535
0 14 
14 15 
15 4 7 
7 1 12 
12 10 
10 3 9 2 
1 5 
5 16 
2 8 18 
9 6 11 
16 17 
11 19 
18 13 
17 
19 
13 
8 
4 
6 
3 
# clone tree 1 objective: 1.44911
0 4 14 
14 15 
15 7 
7 1 12 
12 10 
10 3 9 2 
1 5 
5 16 
2 8 18 
9 6 11 
16 17 
11 19 
18 13 
17 
19 
13 
8 
4 
6 
3 
# clone tree 2 objective: 1.45556
0 4 14 
14 15 
15 7 
7 16 9 12 
12 10 
10 3 1 
1 5 
5 2 
2 8 18 
9 6 11 
16 17 
11 19 
18 13 
17 
19 
13 
8 
4 
6 
3 
# clone tree 3 objective: 1.45642
0 14 
14 15 
15 4 7 
7 16 9 12 
12 10 
10 6 1 
1 5 
5 2 
2 8 18 
9 3 11 
16 17 
11 19 
18 13 
17 
19 
13 
8 
4 
6 
3 
# clone tree 4 objective: 1.45982
0 14 
14 15 
15 4 7 
7 1 12 
12 10 
10 3 9 2 
1 5 
5 19 16 
2 8 18 
9 6 11 
16 17 
11 
18 13 
17 
19 
13 
8 
4 
6 
3 
# clone tree 5 objective: 1.46018
0 4 14 
14 15 
15 7 
7 16 9 12 
12 10 
10 6 1 
1 5 
5 2 
2 8 18 
9 3 11 
16 17 
11 19 
18 13 
17 
19 
13 
8 
4 
6 
3 
# clone tree 6 objective: 1.46212
0 14 
14 15 
15 4 7 
7 1 12 
12 10 
10 3 9 2 
1 5 
5 16 
2 8 18 
9 6 11 
16 17 
11 13 
18 19 
17 
19 
13 
8 
4 
6 
3 
# clone tree 7 objective: 1.46359
0 4 14 
14 15 
15 7 
7 1 12 
12 10 
10 3 9 2 
1 5 
5 19 16 
2 8 18 
9 6 11 
16 17 
11 
18 13 
17 
19 
13 
8 
4 
6 
3 
# clone tree 8 objective: 1.46396
0 14 
14 15 
15 4 7 
7 16 9 12 
12 10 
10 6 1 
1 5 
5 2 
2 8 18 
9 11 
16 17 
11 19 
18 13 
17 
19 3 
13 
8 
4 
6 
3 
# clone tree 9 objective: 1.46529
0 14 
14 15 
15 4 7 
7 1 12 
12 10 
10 3 9 2 
1 5 
5 13 16 
2 8 18 
9 6 11 
16 17 
11 19 
18 
17 
19 
13 
8 
4 
6 
3 
# clone tree 10 objective: 1.46588
0 4 14 
14 15 
15 7 
7 1 12 
12 10 
10 3 9 2 
1 5 
5 16 
2 8 18 
9 6 11 
16 17 
11 13 
18 19 
17 
19 
13 
8 
4 
6 
3 
# clone tree 11 objective: 1.466
0 13 14 
14 15 
15 7 
7 1 12 
12 10 
10 3 9 2 
1 5 
5 16 
2 8 18 
9 6 11 
16 17 
11 19 
18 4 
17 
19 
13 
8 
4 
6 
3 
# clone tree 12 objective: 1.46772
0 4 14 
14 15 
15 7 
7 16 9 12 
12 10 
10 6 1 
1 5 
5 2 
2 8 18 
9 11 
16 17 
11 19 
18 13 
17 
19 3 
13 
8 
4 
6 
3 
# clone tree 13 objective: 1.46773
0 14 
14 15 
15 4 7 
7 3 16 9 12 
12 10 
10 6 1 
1 5 
5 2 
2 8 18 
9 11 
16 17 
11 19 
18 13 
17 
19 
13 
8 
4 
6 
3 
# clone tree 14 objective: 1.46776
0 14 
14 15 
15 4 7 
7 1 12 
12 10 
10 3 9 2 
1 5 
5 19 16 
2 8 18 
9 6 11 
16 17 
11 13 
18 
17 
19 
13 
8 
4 
6 
3 
# clone tree 15 objective: 1.46905
0 4 14 
14 15 
15 7 
7 1 12 
12 10 
10 3 9 2 
1 5 
5 13 16 
2 8 18 
9 6 11 
16 17 
11 19 
18 
17 
19 
13 
8 
4 
6 
3 
# clone tree 16 objective: 1.4695
0 13 14 
14 15 
15 4 7 
7 1 12 
12 10 
10 3 9 2 
1 5 
5 16 
2 8 18 
9 6 11 
16 17 
11 19 
18 
17 
19 
13 
8 
4 
6 
3 
# clone tree 17 objective: 1.46987
0 14 
14 15 
15 4 7 
7 1 12 
12 10 
10 3 9 2 
1 5 
5 16 
2 8 18 
9 19 11 
16 17 
11 6 
18 13 
17 
19 
13 
8 
4 
6 
3 
# clone tree 18 objective: 1.47021
0 14 
14 15 
15 7 
7 1 12 
12 10 
10 3 9 2 
1 5 
5 16 
2 8 18 
9 6 11 
16 17 
11 19 
18 13 
17 
19 4 
13 
8 
4 
6 
3 
# clone tree 19 objective: 1.47106
0 14 
14 15 
15 4 7 
7 1 12 
12 10 
10 3 9 2 
1 5 
5 19 16 
2 8 18 
9 11 
16 17 
11 6 
18 13 
17 
19 
13 
8 
4 
6 
3 
# clone tree 20 objective: 1.47149
0 4 14 
14 15 
15 7 
7 3 16 9 12 
12 10 
10 6 1 
1 5 
5 2 
2 8 18 
9 11 
16 17 
11 19 
18 13 
17 
19 
13 
8 
4 
6 
3 
# clone tree 21 objective: 1.47152
0 4 14 
14 15 
15 7 
7 1 12 
12 10 
10 3 9 2 
1 5 
5 19 16 
2 8 18 
9 6 11 
16 17 
11 13 
18 
17 
19 
13 
8 
4 
6 
3 
# clone tree 22 objective: 1.47229
0 14 
14 15 
15 7 
7 1 12 
12 10 
10 3 9 2 
1 5 
5 19 16 
2 8 18 
9 6 11 
16 17 
11 4 
18 13 
17 
19 
13 
8 
4 
6 
3 
# clone tree 23 objective: 1.47229
0 13 14 
14 15 
15 7 
7 1 12 
12 10 
10 3 9 2 
1 5 
5 16 
2 8 18 
9 6 11 
16 17 
11 4 
18 19 
17 
19 
13 
8 
4 
6 
3 
# clone tree 24 objective: 1.47244
0 13 14 
14 15 
15 7 
7 16 9 12 
12 10 
10 3 1 
1 5 
5 2 
2 8 18 
9 6 11 
16 17 
11 19 
18 4 
17 
19 
13 
8 
4 
6 
3 
# clone tree 25 objective: 1.47364
0 4 14 
14 15 
15 7 
7 1 12 
12 10 
10 3 9 2 
1 5 
5 16 
2 8 18 
9 19 11 
16 17 
11 6 
18 13 
17 
19 
13 
8 
4 
6 
3 
# clone tree 26 objective: 1.47412
0 14 
14 15 
15 4 7 
7 1 12 
12 10 
10 3 9 2 
1 5 
5 13 16 
2 8 18 
9 6 11 
16 17 
11 
18 19 
17 
19 
13 
8 
4 
6 
3 
# clone tree 27 objective: 1.47483
0 4 14 
14 15 
15 7 
7 1 12 
12 10 
10 3 9 2 
1 5 
5 19 16 
2 8 18 
9 11 
16 17 
11 6 
18 13 
17 
19 
13 
8 
4 
6 
3 
# clone tree 28 objective: 1.47545
0 14 
14 15 
15 4 7 
7 19 16 9 12 
12 10 
10 6 1 
1 5 
5 2 
2 8 18 
9 3 11 
16 17 
11 
18 13 
17 
19 
13 
8 
4 
6 
3 
# clone tree 29 objective: 1.47585
0 13 14 
14 15 
15 7 
7 1 12 
12 10 
10 3 9 2 
1 5 
5 16 
2 8 18 
9 6 11 
16 17 
11 19 
18 
17 
19 4 
13 
8 
4 
6 
3 
# clone tree 30 objective: 1.47707
0 13 14 
14 15 
15 7 
7 16 9 12 
12 10 
10 6 1 
1 5 
5 2 
2 8 18 
9 3 11 
16 17 
11 19 
18 4 
17 
19 
13 
8 
4 
6 
3 
# clone tree 31 objective: 1.47744
0 13 14 
14 15 
15 4 7 
7 16 9 12 
12 10 
10 6 1 
1 5 
5 2 
2 8 18 
9 3 11 
16 17 
11 19 
18 
17 
19 
13 
8 
4 
6 
3 
# clone tree 32 objective: 1.47788
0 4 14 
14 15 
15 7 
7 1 12 
12 10 
10 3 9 2 
1 5 
5 13 16 
2 8 18 
9 6 11 
16 17 
11 
18 19 
17 
19 
13 
8 
4 
6 
3 
# clone tree 33 objective: 1.47793
0 13 14 
14 15 
15 7 
7 1 12 
12 10 
10 3 9 2 
1 5 
5 19 16 
2 8 18 
9 6 11 
16 17 
11 4 
18 
17 
19 
13 
8 
4 
6 
3 
# clone tree 34 objective: 1.47833
0 13 14 
14 15 
15 4 7 
7 1 12 
12 10 
10 3 9 2 
1 5 
5 16 
2 8 18 
9 6 11 
16 17 
11 
18 19 
17 
19 
13 
8 
4 
6 
3 
# clone tree 35 objective: 1.4784
0 14 
14 15 
15 4 7 
7 16 9 12 
12 10 
10 6 1 
1 5 
5 2 
2 8 18 
9 3 11 
16 17 
11 13 
18 19 
17 
19 
13 
8 
4 
6 
3 
# clone tree 36 objective: 1.47922
0 4 14 
14 15 
15 7 
7 19 16 9 12 
12 10 
10 6 1 
1 5 
5 2 
2 8 18 
9 3 11 
16 17 
11 
18 13 
17 
19 
13 
8 
4 
6 
3 
# clone tree 37 objective: 1.47982
0 14 
14 15 
15 4 7 
7 16 9 12 
12 10 
10 6 1 
1 5 
5 2 
2 8 18 
9 11 
16 17 
11 19 
18 13 
17 
19 
13 
8 3 
4 
6 
3 
# clone tree 38 objective: 1.4803
0 14 
14 15 
15 7 
7 1 12 
12 10 
10 3 9 2 
1 5 
5 13 16 
2 8 18 
9 6 11 
16 17 
11 19 
18 4 
17 
19 
13 
8 
4 
6 
3 
# clone tree 39 objective: 1.48033
0 14 
14 15 
15 4 7 
7 1 12 
12 10 
10 3 9 2 
1 5 
5 16 
2 8 18 
9 11 
16 17 
11 19 
18 13 
17 
19 6 
13 
8 
4 
6 
3 
# clone tree 40 objective: 1.48047
0 13 14 
14 15 
15 7 
7 1 12 
12 10 
10 3 9 2 
1 5 
5 19 16 
2 8 18 
9 6 11 
16 17 
11 
18 4 
17 
19 
13 
8 
4 
6 
3 
# clone tree 41 objective: 1.48048
0 14 
14 15 
15 4 7 
7 1 12 
12 10 
10 9 5 
1 18 16 
5 2 
2 3 8 13 
9 6 11 
16 17 
11 19 
18 
17 
19 
13 
8 
4 
6 
3 
# clone tree 42 objective: 1.48059
0 19 14 
14 15 
15 4 7 
7 1 12 
12 10 
10 3 9 2 
1 5 
5 16 
2 8 18 
9 6 11 
16 17 
11 
18 13 
17 
19 
13 
8 
4 
6 
3 
# clone tree 43 objective: 1.48066
0 14 
14 15 
15 4 7 
7 1 12 
12 10 
10 3 9 2 
1 5 
5 16 
2 8 18 
9 6 11 
16 17 
11 19 
18 
17 
19 13 
13 
8 
4 
6 
3 
# clone tree 44 objective: 1.48071
0 14 
14 15 
15 4 7 
7 16 9 12 
12 10 
10 6 1 
1 5 
5 2 
2 8 18 
9 11 
16 17 
11 19 
18 13 
17 
19 
13 
8 
4 
6 3 
3 
# clone tree 45 objective: 1.4808
0 14 
14 15 
15 4 7 
7 1 12 
12 10 
10 6 9 2 
1 5 
5 16 
2 8 18 
9 3 11 
16 17 
11 19 
18 13 
17 
19 
13 
8 
4 
6 
3 
# clone tree 46 objective: 1.48101
0 4 14 
14 15 
15 7 
7 16 9 12 
12 10 
10 6 1 
1 5 
5 2 
2 8 18 
9 19 11 
16 17 
11 
18 13 
17 
19 3 
13 
8 
4 
6 
3 
# clone tree 47 objective: 1.48128
0 14 
14 15 
15 7 
7 16 9 12 
12 10 
10 6 1 
1 5 
5 2 
2 8 18 
9 3 11 
16 17 
11 19 
18 13 
17 
19 4 
13 
8 
4 
6 
3 
# clone tree 48 objective: 1.48216
0 4 14 
14 15 
15 7 
7 16 9 12 
12 10 
10 6 1 
1 5 
5 2 
2 8 18 
9 3 11 
16 17 
11 13 
18 19 
17 
19 
13 
8 
4 
6 
3 
# clone tree 49 objective: 1.48277
0 14 
14 15 
15 7 
7 1 12 
12 10 
10 3 9 2 
1 5 
5 19 16 
2 8 18 
9 6 11 
16 17 
11 13 
18 4 
17 
19 
13 
8 
4 
6 
3 
# clone tree 50 objective: 1.483
0 14 
14 15 
15 4 7 
7 19 16 9 12 
12 10 
10 6 1 
1 5 
5 2 
2 8 18 
9 11 
16 17 
11 
18 13 
17 
19 3 
13 
8 
4 
6 
3 
# clone tree 51 objective: 1.48336
0 13 14 
14 15 
15 7 
7 16 9 12 
12 10 
10 6 1 
1 5 
5 2 
2 8 18 
9 3 11 
16 17 
11 4 
18 19 
17 
19 
13 
8 
4 
6 
3 
# clone tree 52 objective: 1.48358
0 4 14 
14 15 
15 7 
7 16 9 12 
12 10 
10 6 1 
1 5 
5 2 
2 8 18 
9 11 
16 17 
11 19 
18 13 
17 
19 
13 
8 3 
4 
6 
3 
# clone tree 53 objective: 1.48397
0 13 14 
14 15 
15 4 7 
7 1 12 
12 10 
10 3 9 2 
1 5 
5 19 16 
2 8 18 
9 6 11 
16 17 
11 
18 
17 
19 
13 
8 
4 
6 
3 
# clone tree 54 objective: 1.4841
0 4 14 
14 15 
15 7 
7 1 12 
12 10 
10 3 9 2 
1 5 
5 16 
2 8 18 
9 11 
16 17 
11 19 
18 13 
17 
19 6 
13 
8 
4 
6 
3 
# clone tree 55 objective: 1.48414
0 14 
14 15 
15 4 7 
7 16 9 12 
12 10 
10 3 6 1 
1 5 
5 2 
2 8 18 
9 11 
16 17 
11 19 
18 13 
17 
19 
13 
8 
4 
6 
3 
# clone tree 56 objective: 1.48424
0 4 14 
14 15 
15 7 
7 1 12 
12 10 
10 9 5 
1 18 16 
5 2 
2 3 8 13 
9 6 11 
16 17 
11 19 
18 
17 
19 
13 
8 
4 
6 
3 
# clone tree 57 objective: 1.48442
0 4 14 
14 15 
15 7 
7 1 12 
12 10 
10 3 9 2 
1 5 
5 16 
2 8 18 
9 6 11 
16 17 
11 19 
18 
17 
19 13 
13 
8 
4 
6 
3 
# clone tree 58 objective: 1.48447
0 4 14 
14 15 
15 7 
7 16 9 12 
12 10 
10 6 1 
1 5 
5 2 
2 8 18 
9 11 
16 17 
11 19 
18 13 
17 
19 
13 
8 
4 
6 3 
3 
# clone tree 59 objective: 1.48456
0 4 14 
14 15 
15 7 
7 1 12 
12 10 
10 6 9 2 
1 5 
5 16 
2 8 18 
9 3 11 
16 17 
11 19 
18 13 
17 
19 
13 
8 
4 
6 
3 
# clone tree 60 objective: 1.48461
0 13 14 
14 15 
15 7 
7 16 9 12 
12 10 
10 6 1 
1 5 
5 2 
2 8 18 
9 11 
16 17 
11 19 
18 4 
17 
19 3 
13 
8 
4 
6 
3 
# clone tree 61 objective: 1.48462
0 19 14 
14 15 
15 7 
7 1 12 
12 10 
10 3 9 2 
1 5 
5 16 
2 8 18 
9 6 11 
16 17 
11 4 
18 13 
17 
19 
13 
8 
4 
6 
3 
# clone tree 62 objective: 1.48468
0 14 
14 15 
15 4 7 
7 1 12 
12 10 
10 3 9 2 
1 6 5 
5 16 
2 8 18 
9 11 
16 17 
11 19 
18 13 
17 
19 
13 
8 
4 
6 
3 
# clone tree 63 objective: 1.48469
0 14 
14 15 
15 7 
7 1 12 
12 10 
10 3 9 2 
1 5 
5 19 16 
2 8 18 
9 6 11 
16 17 
11 
18 13 
17 
19 4 
13 
8 
4 
6 
3 
# clone tree 64 objective: 1.48478
0 4 14 
14 15 
15 7 
7 3 16 9 12 
12 10 
10 6 1 
1 5 
5 2 
2 8 18 
9 19 11 
16 17 
11 
18 13 
17 
19 
13 
8 
4 
6 
3 
# clone tree 65 objective: 1.48498
0 13 14 
14 15 
15 4 7 
7 16 9 12 
12 10 
10 6 1 
1 5 
5 2 
2 8 18 
9 11 
16 17 
11 19 
18 
17 
19 3 
13 
8 
4 
6 
3 
# clone tree 66 objective: 1.48536
0 14 
14 15 
15 4 7 
7 1 12 
12 10 
10 3 9 2 
1 5 
5 13 16 
2 8 18 
9 11 
16 17 
11 6 
18 19 
17 
19 
13 
8 
4 
6 
3 
# clone tree 67 objective: 1.48555
0 14 
14 15 
15 4 7 
7 1 12 
12 10 
10 3 9 2 
1 5 
5 16 
2 8 18 
9 11 
16 17 
11 6 13 
18 19 
17 
19 
13 
8 
4 
6 
3 
# clone tree 68 objective: 1.48557
0 14 
14 15 
15 4 7 
7 1 12 
12 10 
10 3 9 2 
1 5 
5 16 
2 8 18 
9 6 11 
16 17 
11 19 
18 
17 
19 
13 
8 
4 13 
6 
3 
# clone tree 69 objective: 1.48571
0 14 
14 15 
15 7 
7 1 12 
12 10 
10 3 9 2 
1 5 
5 16 
2 8 18 
9 6 11 
16 17 
11 19 
18 13 
17 
19 
13 4 
8 
4 
6 
3 
# clone tree 70 objective: 1.48576
0 4 14 
14 15 
15 13 7 
7 1 12 
12 10 
10 3 9 2 
1 5 
5 16 
2 8 18 
9 6 11 
16 17 
11 19 
18 
17 
19 
13 
8 
4 
6 
3 
# clone tree 71 objective: 1.48676
0 4 14 
14 15 
15 7 
7 19 16 9 12 
12 10 
10 6 1 
1 5 
5 2 
2 8 18 
9 11 
16 17 
11 
18 13 
17 
19 3 
13 
8 
4 
6 
3 
# clone tree 72 objective: 1.48701
0 14 
14 15 
15 4 7 
7 1 12 
12 10 
10 3 9 2 
1 5 
5 16 
2 8 18 
9 11 
16 17 
11 19 
18 13 
17 
19 
13 
8 
4 
6 
3 6 
# clone tree 73 objective: 1.48701
0 14 
14 15 
15 4 7 
7 16 9 12 
12 10 
10 6 1 
1 3 5 
5 2 
2 8 18 
9 11 
16 17 
11 19 
18 13 
17 
19 
13 
8 
4 
6 
3 
# clone tree 74 objective: 1.4879
0 4 14 
14 15 
15 7 
7 16 9 12 
12 10 
10 3 6 1 
1 5 
5 2 
2 8 18 
9 11 
16 17 
11 19 
18 13 
17 
19 
13 
8 
4 
6 
3 
# clone tree 75 objective: 1.48834
0 14 
14 15 
15 4 7 
7 1 12 
12 10 
10 6 9 2 
1 5 
5 16 
2 8 18 
9 11 
16 17 
11 19 
18 13 
17 
19 3 
13 
8 
4 
6 
3 
# clone tree 76 objective: 1.48838
0 13 14 
14 15 
15 7 
7 3 16 9 12 
12 10 
10 6 1 
1 5 
5 2 
2 8 18 
9 11 
16 17 
11 19 
18 4 
17 
19 
13 
8 
4 
6 
3 
# clone tree 77 objective: 1.48875
0 13 14 
14 15 
15 4 7 
7 3 16 9 12 
12 10 
10 6 1 
1 5 
5 2 
2 8 18 
9 11 
16 17 
11 19 
18 
17 
19 
13 
8 
4 
6 
3 
# clone tree 78 objective: 1.48931
0 14 
14 15 
15 4 7 
7 1 12 
12 10 
10 9 5 
1 18 16 
5 2 
2 3 8 13 
9 6 11 
16 17 
11 
18 19 
17 
19 
13 
8 
4 
6 
3 
# clone tree 79 objective: 1.48971
0 14 
14 15 
15 4 7 
7 3 16 9 12 
12 10 
10 6 1 
1 5 
5 2 
2 8 18 
9 11 
16 17 
11 13 
18 19 
17 
19 
13 
8 
4 
6 
3 
# clone tree 80 objective: 1.48971
0 14 
14 15 
15 7 
7 16 9 12 
12 10 
10 6 1 
1 5 
5 2 
2 8 18 
9 19 11 
16 17 
11 4 
18 13 
17 
19 3 
13 
8 
4 
6 
3 
# clone tree 81 objective: 1.49017
0 14 
14 15 
15 4 7 
7 1 12 
12 10 
10 9 2 
1 5 
5 3 16 
2 8 18 
9 6 11 
16 17 
11 19 
18 13 
17 
19 
13 
8 
4 
6 
3 
# clone tree 82 objective: 1.49075
0 14 
14 15 
15 4 7 
7 16 9 12 
12 10 
10 3 1 
1 5 
5 2 
2 8 18 
9 11 
16 17 
11 19 
18 13 
17 
19 
13 
8 
4 
6 
3 6 
# clone tree 83 objective: 1.49077
0 4 14 
14 15 
15 7 
7 1 12 
12 10 
10 3 9 2 
1 5 
5 16 
2 8 18 
9 11 
16 17 
11 19 
18 13 
17 
19 
13 
8 
4 
6 
3 6 
# clone tree 84 objective: 1.49078
0 4 14 
14 15 
15 7 
7 16 9 12 
12 10 
10 6 1 
1 3 5 
5 2 
2 8 18 
9 11 
16 17 
11 19 
18 13 
17 
19 
13 
8 
4 
6 
3 
# clone tree 85 objective: 1.4921
0 4 14 
14 15 
15 7 
7 1 12 
12 10 
10 6 9 2 
1 5 
5 16 
2 8 18 
9 11 
16 17 
11 19 
18 13 
17 
19 3 
13 
8 
4 
6 
3 
# clone tree 86 objective: 1.49259
0 14 
14 15 
15 7 
7 3 16 9 12 
12 10 
10 6 1 
1 5 
5 2 
2 8 18 
9 11 
16 17 
11 19 
18 13 
17 
19 4 
13 
8 
4 
6 
3 
# clone tree 87 objective: 1.49307
0 4 14 
14 15 
15 7 
7 1 12 
12 10 
10 9 5 
1 18 16 
5 2 
2 3 8 13 
9 6 11 
16 17 
11 
18 19 
17 
19 
13 
8 
4 
6 
3 
# clone tree 88 objective: 1.49347
0 4 14 
14 15 
15 7 
7 3 16 9 12 
12 10 
10 6 1 
1 5 
5 2 
2 8 18 
9 11 
16 17 
11 13 
18 19 
17 
19 
13 
8 
4 
6 
3 
# clone tree 89 objective: 1.49348
0 14 
14 15 
15 7 
7 3 16 9 12 
12 10 
10 6 1 
1 5 
5 2 
2 8 18 
9 19 11 
16 17 
11 4 
18 13 
17 
19 
13 
8 
4 
6 
3 
# clone tree 90 objective: 1.49393
0 4 14 
14 15 
15 7 
7 1 12 
12 10 
10 9 2 
1 5 
5 3 16 
2 8 18 
9 6 11 
16 17 
11 19 
18 13 
17 
19 
13 
8 
4 
6 
3 
# clone tree 91 objective: 1.49451
0 4 14 
14 15 
15 7 
7 16 9 12 
12 10 
10 3 1 
1 5 
5 2 
2 8 18 
9 11 
16 17 
11 19 
18 13 
17 
19 
13 
8 
4 
6 
3 6 
# clone tree 92 objective: 1.49467
0 13 14 
14 15 
15 7 
7 3 16 9 12 
12 10 
10 6 1 
1 5 
5 2 
2 8 18 
9 11 
16 17 
11 4 
18 19 
17 
19 
13 
8 
4 
6 
3 
# clone tree 93 objective: 1.49516
0 14 
14 15 
15 4 7 
7 1 12 
12 10 
10 9 2 
1 5 
5 19 16 
2 8 18 
9 6 11 
16 17 
11 
18 13 
17 
19 3 
13 
8 
4 
6 
3 
# clone tree 94 objective: 1.49527
0 14 
14 15 
15 4 7 
7 1 12 
12 10 
10 6 9 2 
1 5 
5 19 16 
2 8 18 
9 3 11 
16 17 
11 
18 13 
17 
19 
13 
8 
4 
6 
3 
# clone tree 95 objective: 1.49548
0 14 
14 15 
15 7 
7 1 12 
12 10 
10 9 5 
1 18 16 
5 2 
2 3 8 13 
9 6 11 
16 17 
11 19 
18 4 
17 
19 
13 
8 
4 
6 
3 
# clone tree 96 objective: 1.49654
0 14 
14 15 
15 4 7 
7 1 12 
12 10 
10 9 2 
1 5 
5 16 
2 8 18 
9 6 11 
16 17 
11 19 
18 13 
17 
19 
13 
8 3 
4 
6 
3 
# clone tree 97 objective: 1.49687
0 4 14 
14 15 
15 7 
7 16 9 12 
12 10 
10 6 1 
1 5 
5 2 
2 8 18 
9 19 11 
16 17 
11 
18 13 
17 
19 
13 
8 3 
4 
6 
3 
# clone tree 98 objective: 1.49743
0 14 
14 15 
15 4 7 
7 1 12 
12 10 
10 9 2 
1 5 
5 16 
2 8 18 
9 6 11 
16 17 
11 19 
18 13 
17 
19 
13 
8 
4 
6 3 
3 
# clone tree 99 objective: 1.49757
0 14 
14 15 
15 4 7 
7 1 12 
12 10 
10 6 9 2 
1 5 
5 16 
2 8 18 
9 3 11 
16 17 
11 13 
18 19 
17 
19 
13 
8 
4 
6 
3 
