# clone tree 0 objective: 0.420055
0 6 15 
15 14 10 
10 18 3 13 
13 12 
12 2 11 5 
5 16 7 
7 8 9 
9 19 4 
4 17 
8 1 
19 
16 
11 
3 
18 
1 
2 
14 
6 
17 
# clone tree 1 objective: 0.42088
0 6 15 
15 14 10 
10 18 3 13 
13 12 
12 2 11 5 
5 16 7 
7 8 9 
9 19 4 
4 
8 1 
19 
16 17 
11 
3 
18 
1 
2 
14 
6 
17 
# clone tree 2 objective: 0.428048
0 6 15 
15 14 10 
10 8 13 
13 12 
12 2 11 5 
5 18 16 7 
7 1 9 
9 19 4 
4 17 
8 3 
19 
16 
11 
3 
18 
1 
2 
14 
6 
17 
# clone tree 3 objective: 0.428439
0 6 15 
15 14 10 
10 18 3 13 
13 17 12 
12 2 11 5 
5 16 7 
7 8 9 
9 19 4 
4 
8 1 
19 
16 
11 
3 
18 
1 
2 
14 
6 
17 
# clone tree 4 objective: 0.428873
0 6 15 
15 14 10 
10 8 13 
13 12 
12 2 11 5 
5 18 16 7 
7 1 9 
9 19 4 
4 
8 3 
19 
16 17 
11 
3 
18 
1 
2 
14 
6 
17 
# clone tree 5 objective: 0.430378
0 15 
15 14 10 
10 8 13 
13 12 
12 6 11 5 
5 3 16 7 
7 2 9 
9 19 4 
4 17 
8 1 18 
19 
16 
11 
3 
18 
1 
2 
14 
6 
17 
# clone tree 6 objective: 0.430968
0 15 
15 14 10 
10 18 3 13 
13 12 
12 2 11 5 
5 6 16 7 
7 8 9 
9 19 4 
4 17 
8 1 
19 
16 
11 
3 
18 
1 
2 
14 
6 
17 
# clone tree 7 objective: 0.431203
0 15 
15 14 10 
10 8 13 
13 12 
12 6 11 5 
5 3 16 7 
7 2 9 
9 19 4 
4 
8 1 18 
19 
16 17 
11 
3 
18 
1 
2 
14 
6 
17 
# clone tree 8 objective: 0.431793
0 15 
15 14 10 
10 18 3 13 
13 12 
12 2 11 5 
5 6 16 7 
7 8 9 
9 19 4 
4 
8 1 
19 
16 17 
11 
3 
18 
1 
2 
14 
6 
17 
# clone tree 9 objective: 0.432293
0 6 15 
15 14 10 
10 8 13 
13 12 
12 11 5 
5 3 16 7 
7 2 9 
9 19 4 
4 17 
8 1 18 
19 
16 
11 
3 
18 
1 
2 
14 
6 
17 
# clone tree 10 objective: 0.433118
0 6 15 
15 14 10 
10 8 13 
13 12 
12 11 5 
5 3 16 7 
7 2 9 
9 19 4 
4 
8 1 18 
19 
16 17 
11 
3 
18 
1 
2 
14 
6 
17 
# clone tree 11 objective: 0.433166
0 6 15 
15 14 10 
10 8 13 
13 12 
12 2 11 5 
5 16 7 
7 1 18 9 
9 19 4 
4 17 
8 3 
19 
16 
11 
3 
18 
1 
2 
14 
6 
17 
# clone tree 12 objective: 0.433228
0 6 15 
15 14 10 
10 18 3 13 
13 12 
12 2 11 5 
5 16 7 
7 8 9 
9 19 4 
4 
8 1 
19 
16 
11 
3 
18 
1 
2 17 
14 
6 
17 
# clone tree 13 objective: 0.433991
0 6 15 
15 14 10 
10 8 13 
13 12 
12 2 11 5 
5 16 7 
7 1 18 9 
9 19 4 
4 
8 3 
19 
16 17 
11 
3 
18 
1 
2 
14 
6 
17 
# clone tree 14 objective: 0.434698
0 6 15 
15 14 10 
10 8 13 
13 12 
12 2 11 5 
5 18 16 7 
7 17 1 9 
9 19 4 
4 
8 3 
19 
16 
11 
3 
18 
1 
2 
14 
6 
17 
# clone tree 15 objective: 0.435906
0 6 15 
15 14 10 
10 8 13 
13 12 
12 2 11 5 
5 3 16 7 
7 1 9 
9 19 4 
4 17 
8 18 
19 
16 
11 
3 
18 
1 
2 
14 
6 
17 
# clone tree 16 objective: 0.435947
0 6 15 
15 10 
10 18 3 13 
13 14 12 
12 2 11 5 
5 16 7 
7 8 9 
9 19 4 
4 17 
8 1 
19 
16 
11 
3 
18 
1 
2 
14 
6 
17 
# clone tree 17 objective: 0.436432
0 6 15 
15 14 10 
10 8 13 
13 17 12 
12 2 11 5 
5 18 16 7 
7 1 9 
9 19 4 
4 
8 3 
19 
16 
11 
3 
18 
1 
2 
14 
6 
17 
# clone tree 18 objective: 0.436731
0 6 15 
15 14 10 
10 8 13 
13 12 
12 2 11 5 
5 3 16 7 
7 1 9 
9 19 4 
4 
8 18 
19 
16 17 
11 
3 
18 
1 
2 
14 
6 
17 
# clone tree 19 objective: 0.436772
0 6 15 
15 10 
10 18 3 13 
13 14 12 
12 2 11 5 
5 16 7 
7 8 9 
9 19 4 
4 
8 1 
19 
16 17 
11 
3 
18 
1 
2 
14 
6 
17 
# clone tree 20 objective: 0.437332
0 6 15 
15 14 10 
10 1 18 13 
13 12 
12 2 11 5 
5 16 7 
7 8 9 
9 19 4 
4 17 
8 3 
19 
16 
11 
3 
18 
1 
2 
14 
6 
17 
# clone tree 21 objective: 0.43811
0 6 15 
15 14 10 
10 8 13 
13 12 
12 3 11 5 
5 16 7 
7 2 9 
9 19 4 
4 17 
8 1 18 
19 
16 
11 
3 
18 
1 
2 
14 
6 
17 
# clone tree 22 objective: 0.438157
0 6 15 
15 14 10 
10 1 18 13 
13 12 
12 2 11 5 
5 16 7 
7 8 9 
9 19 4 
4 
8 3 
19 
16 17 
11 
3 
18 
1 
2 
14 
6 
17 
# clone tree 23 objective: 0.438513
0 6 15 
15 14 10 
10 18 3 13 
13 12 
12 2 11 5 
5 16 7 
7 8 9 
9 19 4 
4 
8 1 
19 
16 
11 
3 
18 
1 
2 
14 17 
6 
17 
# clone tree 24 objective: 0.438709
0 6 15 
15 14 10 
10 8 13 
13 12 
12 2 11 5 
5 16 7 
7 1 9 
9 19 4 
4 18 
8 3 
19 
16 17 
11 
3 
18 
1 
2 
14 
6 
17 
# clone tree 25 objective: 0.438762
0 15 
15 14 10 
10 8 13 
13 17 12 
12 6 11 5 
5 3 16 7 
7 2 9 
9 19 4 
4 
8 1 18 
19 
16 
11 
3 
18 
1 
2 
14 
6 
17 
# clone tree 26 objective: 0.438762
0 17 15 
15 14 10 
10 8 13 
13 12 
12 6 11 5 
5 3 16 7 
7 2 9 
9 19 4 
4 
8 1 18 
19 
16 
11 
3 
18 
1 
2 
14 
6 
17 
# clone tree 27 objective: 0.438819
0 15 
15 14 10 
10 8 13 
13 11 12 
12 6 3 5 
5 16 7 
7 2 9 
9 19 4 
4 17 
8 1 18 
19 
16 
11 
3 
18 
1 
2 
14 
6 
17 
# clone tree 28 objective: 0.438912
0 6 18 15 
15 14 10 
10 8 13 
13 12 
12 2 11 5 
5 16 7 
7 1 9 
9 19 4 
4 17 
8 3 
19 
16 
11 
3 
18 
1 
2 
14 
6 
17 
# clone tree 29 objective: 0.438935
0 6 15 
15 14 10 
10 8 13 
13 12 
12 3 11 5 
5 16 7 
7 2 9 
9 19 4 
4 
8 1 18 
19 
16 17 
11 
3 
18 
1 
2 
14 
6 
17 
# clone tree 30 objective: 0.439043
0 6 15 
15 10 
10 18 3 13 
13 12 
12 2 11 5 
5 16 7 
7 8 9 
9 19 4 
4 14 
8 1 
19 
16 17 
11 
3 
18 
1 
2 
14 
6 
17 
# clone tree 31 objective: 0.439352
0 15 
15 14 10 
10 18 3 13 
13 17 12 
12 2 11 5 
5 6 16 7 
7 8 9 
9 19 4 
4 
8 1 
19 
16 
11 
3 
18 
1 
2 
14 
6 
17 
# clone tree 32 objective: 0.439352
0 17 15 
15 14 10 
10 18 3 13 
13 12 
12 2 11 5 
5 6 16 7 
7 8 9 
9 19 4 
4 
8 1 
19 
16 
11 
3 
18 
1 
2 
14 
6 
17 
# clone tree 33 objective: 0.439512
0 6 15 
15 14 10 
10 8 13 
13 12 
12 2 11 5 
5 16 7 
7 1 9 
9 19 4 
4 17 
8 3 
19 18 
16 
11 
3 
18 
1 
2 
14 
6 
17 
# clone tree 34 objective: 0.439644
0 15 
15 14 10 
10 8 13 
13 11 12 
12 6 3 5 
5 16 7 
7 2 9 
9 19 4 
4 
8 1 18 
19 
16 17 
11 
3 
18 
1 
2 
14 
6 
17 
# clone tree 35 objective: 0.439704
0 2 15 
15 14 10 
10 18 3 13 
13 12 
12 6 11 5 
5 16 7 
7 8 9 
9 19 4 
4 17 
8 1 
19 
16 
11 
3 
18 
1 
2 
14 
6 
17 
# clone tree 36 objective: 0.439737
0 6 18 15 
15 14 10 
10 8 13 
13 12 
12 2 11 5 
5 16 7 
7 1 9 
9 19 4 
4 
8 3 
19 
16 17 
11 
3 
18 
1 
2 
14 
6 
17 
# clone tree 37 objective: 0.439762
0 18 15 
15 14 10 
10 8 13 
13 12 
12 6 11 5 
5 3 16 7 
7 2 9 
9 19 4 
4 17 
8 1 
19 
16 
11 
3 
18 
1 
2 
14 
6 
17 
# clone tree 38 objective: 0.439813
0 6 15 
15 14 10 
10 8 13 
13 12 
12 2 11 5 
5 3 16 7 
7 18 9 
9 19 4 
4 17 
8 1 
19 
16 
11 
3 
18 
1 
2 
14 
6 
17 
# clone tree 39 objective: 0.439904
0 6 15 
15 14 10 
10 18 3 13 
13 12 
12 2 11 5 
5 16 7 
7 8 9 
9 19 4 
4 
8 17 1 
19 
16 
11 
3 
18 
1 
2 
14 
6 
17 
# clone tree 40 objective: 0.440053
0 6 15 
15 14 10 
10 8 13 
13 12 
12 2 11 5 
5 16 7 
7 1 9 
9 19 4 
4 17 
8 18 
19 
16 
11 
3 
18 
1 3 
2 
14 
6 
17 
# clone tree 41 objective: 0.440337
0 6 15 
15 14 10 
10 8 13 
13 12 
12 2 11 5 
5 16 7 
7 1 9 
9 19 4 
4 
8 3 
19 18 
16 17 
11 
3 
18 
1 
2 
14 
6 
17 
# clone tree 42 objective: 0.440529
0 2 15 
15 14 10 
10 18 3 13 
13 12 
12 6 11 5 
5 16 7 
7 8 9 
9 19 4 
4 
8 1 
19 
16 17 
11 
3 
18 
1 
2 
14 
6 
17 
# clone tree 43 objective: 0.440545
0 6 15 
15 14 10 
10 8 13 
13 12 
12 3 11 5 
5 18 16 7 
7 2 9 
9 19 4 
4 17 
8 1 
19 
16 
11 
3 
18 
1 
2 
14 
6 
17 
# clone tree 44 objective: 0.440587
0 18 15 
15 14 10 
10 8 13 
13 12 
12 6 11 5 
5 3 16 7 
7 2 9 
9 19 4 
4 
8 1 
19 
16 17 
11 
3 
18 
1 
2 
14 
6 
17 
# clone tree 45 objective: 0.440638
0 6 15 
15 14 10 
10 8 13 
13 12 
12 2 11 5 
5 3 16 7 
7 18 9 
9 19 4 
4 
8 1 
19 
16 17 
11 
3 
18 
1 
2 
14 
6 
17 
# clone tree 46 objective: 0.440677
0 6 15 
15 14 10 
10 8 13 
13 17 12 
12 11 5 
5 3 16 7 
7 2 9 
9 19 4 
4 
8 1 18 
19 
16 
11 
3 
18 
1 
2 
14 
6 
17 
# clone tree 47 objective: 0.440869
0 6 15 
15 10 
10 18 3 13 
13 12 
12 2 11 5 
5 16 7 
7 8 9 
9 19 4 
4 17 
8 1 
19 
16 
11 
3 
18 
1 
2 14 
14 
6 
17 
# clone tree 48 objective: 0.440878
0 6 15 
15 14 10 
10 8 13 
13 12 
12 2 11 5 
5 16 7 
7 1 9 
9 19 4 
4 
8 18 
19 
16 17 
11 
3 
18 
1 3 
2 
14 
6 
17 
# clone tree 49 objective: 0.441145
0 17 6 15 
15 14 10 
10 18 3 13 
13 12 
12 2 11 5 
5 16 7 
7 8 9 
9 19 4 
4 
8 1 
19 
16 
11 
3 
18 
1 
2 
14 
6 
17 
# clone tree 50 objective: 0.441221
0 6 15 
15 14 10 
10 8 13 
13 12 
12 2 11 5 
5 18 16 7 
7 1 9 
9 19 4 
4 
8 3 
19 
16 
11 
3 
18 
1 
2 17 
14 
6 
17 
# clone tree 51 objective: 0.441248
0 15 
15 14 10 
10 8 13 
13 12 
12 6 11 5 
5 16 7 
7 2 9 
9 19 4 
4 3 
8 1 18 
19 
16 17 
11 
3 
18 
1 
2 
14 
6 
17 
# clone tree 52 objective: 0.441254
0 15 
15 14 10 
10 8 13 
13 11 12 
12 6 3 5 
5 18 16 7 
7 2 9 
9 19 4 
4 17 
8 1 
19 
16 
11 
3 
18 
1 
2 
14 
6 
17 
# clone tree 53 objective: 0.441266
0 15 
15 14 10 
10 8 13 
13 12 
12 6 11 5 
5 16 7 
7 2 9 
9 19 4 
4 17 
8 1 18 
19 
16 
11 
3 
18 
1 3 
2 
14 
6 
17 
# clone tree 54 objective: 0.44137
0 6 15 
15 14 10 
10 8 13 
13 12 
12 3 11 5 
5 18 16 7 
7 2 9 
9 19 4 
4 
8 1 
19 
16 17 
11 
3 
18 
1 
2 
14 
6 
17 
# clone tree 55 objective: 0.441484
0 11 15 
15 14 10 
10 8 13 
13 12 
12 6 3 5 
5 16 7 
7 2 9 
9 19 4 
4 17 
8 1 18 
19 
16 
11 
3 
18 
1 
2 
14 
6 
17 
# clone tree 56 objective: 0.4415
0 15 
15 14 10 
10 8 13 
13 12 
12 6 3 5 
5 16 7 
7 2 9 
9 19 4 
4 11 
8 1 18 
19 
16 17 
11 
3 
18 
1 
2 
14 
6 
17 
# clone tree 57 objective: 0.44155
0 6 15 
15 14 10 
10 8 13 
13 17 12 
12 2 11 5 
5 16 7 
7 1 18 9 
9 19 4 
4 
8 3 
19 
16 
11 
3 
18 
1 
2 
14 
6 
17 
# clone tree 58 objective: 0.441694
0 6 15 
15 10 
10 18 3 13 
13 12 
12 2 11 5 
5 16 7 
7 8 9 
9 19 4 
4 
8 1 
19 
16 17 
11 
3 
18 
1 
2 14 
14 
6 
17 
# clone tree 59 objective: 0.441876
0 6 15 
15 14 10 
10 18 3 13 
13 12 
12 2 11 5 
5 17 16 7 
7 8 9 
9 19 4 
4 
8 1 
19 
16 
11 
3 
18 
1 
2 
14 
6 
17 
# clone tree 60 objective: 0.442079
0 15 
15 14 10 
10 8 13 
13 11 12 
12 6 3 5 
5 18 16 7 
7 2 9 
9 19 4 
4 
8 1 
19 
16 17 
11 
3 
18 
1 
2 
14 
6 
17 
# clone tree 61 objective: 0.442091
0 15 
15 14 10 
10 8 13 
13 12 
12 6 11 5 
5 16 7 
7 2 9 
9 19 4 
4 
8 1 18 
19 
16 17 
11 
3 
18 
1 3 
2 
14 
6 
17 
# clone tree 62 objective: 0.44212
0 6 15 
15 14 10 
10 8 13 
13 11 12 
12 18 3 5 
5 16 7 
7 2 9 
9 19 4 
4 17 
8 1 
19 
16 
11 
3 
18 
1 
2 
14 
6 
17 
# clone tree 63 objective: 0.442309
0 11 15 
15 14 10 
10 8 13 
13 12 
12 6 3 5 
5 16 7 
7 2 9 
9 19 4 
4 
8 1 18 
19 
16 17 
11 
3 
18 
1 
2 
14 
6 
17 
# clone tree 64 objective: 0.44251
0 6 15 
15 14 10 
10 18 3 13 
13 12 
12 2 11 5 
5 16 7 
7 8 9 
9 19 4 
4 
8 1 
19 
16 
11 
3 
18 
1 17 
2 
14 
6 
17 
# clone tree 65 objective: 0.442546
0 15 
15 14 10 
10 18 3 13 
13 12 
12 2 11 5 
5 16 7 
7 8 9 
9 19 4 
4 17 
8 1 
19 6 
16 
11 
3 
18 
1 
2 
14 
6 
17 
# clone tree 66 objective: 0.442556
0 6 15 
15 14 10 
10 8 13 
13 12 
12 2 11 5 
5 3 16 7 
7 17 1 9 
9 19 4 
4 
8 18 
19 
16 
11 
3 
18 
1 
2 
14 
6 
17 
# clone tree 67 objective: 0.442677
0 6 15 
15 14 10 
10 8 13 
13 12 
12 2 11 5 
5 3 16 7 
7 9 
9 19 4 
4 17 
8 1 18 
19 
16 
11 
3 
18 
1 
2 
14 
6 
17 
# clone tree 68 objective: 0.442945
0 6 15 
15 14 10 
10 8 13 
13 11 12 
12 18 3 5 
5 16 7 
7 2 9 
9 19 4 
4 
8 1 
19 
16 17 
11 
3 
18 
1 
2 
14 
6 
17 
# clone tree 69 objective: 0.442985
0 6 15 
15 14 10 
10 8 13 
13 12 
12 17 11 5 
5 3 16 7 
7 2 9 
9 19 4 
4 
8 1 18 
19 
16 
11 
3 
18 
1 
2 
14 
6 
17 
# clone tree 70 objective: 0.443163
0 6 15 
15 14 10 
10 8 13 
13 12 
12 11 5 
5 16 7 
7 2 9 
9 19 4 
4 3 
8 1 18 
19 
16 17 
11 
3 
18 
1 
2 
14 
6 
17 
# clone tree 71 objective: 0.443181
0 6 15 
15 14 10 
10 8 13 
13 12 
12 11 5 
5 16 7 
7 2 9 
9 19 4 
4 17 
8 1 18 
19 
16 
11 
3 
18 
1 3 
2 
14 
6 
17 
# clone tree 72 objective: 0.443219
0 6 15 
15 14 10 
10 8 13 
13 11 12 
12 3 5 
5 16 7 
7 2 9 
9 19 4 
4 17 
8 1 18 
19 
16 
11 
3 
18 
1 
2 
14 
6 
17 
# clone tree 73 objective: 0.443371
0 15 
15 14 10 
10 18 3 13 
13 12 
12 2 11 5 
5 16 7 
7 8 9 
9 19 4 
4 
8 1 
19 6 
16 17 
11 
3 
18 
1 
2 
14 
6 
17 
# clone tree 74 objective: 0.443474
0 15 
15 14 10 
10 8 13 
13 12 
12 6 11 5 
5 3 16 7 
7 2 9 
9 19 4 
4 18 
8 1 
19 
16 17 
11 
3 
18 
1 
2 
14 
6 
17 
# clone tree 75 objective: 0.443502
0 6 15 
15 14 10 
10 8 13 
13 12 
12 2 11 5 
5 3 16 7 
7 9 
9 19 4 
4 
8 1 18 
19 
16 17 
11 
3 
18 
1 
2 
14 
6 
17 
# clone tree 76 objective: 0.443551
0 15 
15 14 10 
10 8 13 
13 12 
12 6 11 5 
5 3 16 7 
7 2 9 
9 19 4 
4 
8 1 18 
19 
16 
11 
3 
18 
1 
2 17 
14 
6 
17 
# clone tree 77 objective: 0.443683
0 15 
15 14 10 
10 8 13 
13 12 
12 6 11 5 
5 18 16 7 
7 2 9 
9 19 4 
4 3 
8 1 
19 
16 17 
11 
3 
18 
1 
2 
14 
6 
17 
# clone tree 78 objective: 0.443701
0 15 
15 14 10 
10 8 13 
13 12 
12 6 11 5 
5 18 16 7 
7 2 9 
9 19 4 
4 17 
8 1 
19 
16 
11 
3 
18 
1 3 
2 
14 
6 
17 
# clone tree 79 objective: 0.443919
0 11 15 
15 14 10 
10 8 13 
13 12 
12 6 3 5 
5 18 16 7 
7 2 9 
9 19 4 
4 17 
8 1 
19 
16 
11 
3 
18 
1 
2 
14 
6 
17 
# clone tree 80 objective: 0.443935
0 15 
15 14 10 
10 8 13 
13 12 
12 6 3 5 
5 18 16 7 
7 2 9 
9 19 4 
4 11 
8 1 
19 
16 17 
11 
3 
18 
1 
2 
14 
6 
17 
# clone tree 81 objective: 0.44394
0 6 15 
15 10 
10 8 13 
13 14 12 
12 2 11 5 
5 18 16 7 
7 1 9 
9 19 4 
4 17 
8 3 
19 
16 
11 
3 
18 
1 
2 
14 
6 
17 
# clone tree 82 objective: 0.44399
0 6 15 
15 14 10 
10 8 13 
13 12 
12 2 11 5 
5 18 16 7 
7 1 9 
9 19 4 
4 
8 17 3 
19 
16 
11 
3 
18 
1 
2 
14 
6 
17 
# clone tree 83 objective: 0.444006
0 6 15 
15 14 10 
10 8 13 
13 12 
12 11 5 
5 16 7 
7 2 9 
9 19 4 
4 
8 1 18 
19 
16 17 
11 
3 
18 
1 3 
2 
14 
6 
17 
# clone tree 84 objective: 0.444044
0 6 15 
15 14 10 
10 8 13 
13 11 12 
12 3 5 
5 16 7 
7 2 9 
9 19 4 
4 
8 1 18 
19 
16 17 
11 
3 
18 
1 
2 
14 
6 
17 
# clone tree 85 objective: 0.444079
0 15 
15 14 10 
10 8 13 
13 12 
12 2 11 5 
5 6 16 7 
7 1 18 9 
9 19 4 
4 17 
8 3 
19 
16 
11 
3 
18 
1 
2 
14 
6 
17 
# clone tree 86 objective: 0.444141
0 15 
15 14 10 
10 18 3 13 
13 12 
12 2 11 5 
5 6 16 7 
7 8 9 
9 19 4 
4 
8 1 
19 
16 
11 
3 
18 
1 
2 17 
14 
6 
17 
# clone tree 87 objective: 0.44429
0 6 15 
15 14 10 
10 8 13 
13 17 12 
12 2 11 5 
5 3 16 7 
7 1 9 
9 19 4 
4 
8 18 
19 
16 
11 
3 
18 
1 
2 
14 
6 
17 
# clone tree 88 objective: 0.444331
0 6 15 
15 17 10 
10 18 3 13 
13 14 12 
12 2 11 5 
5 16 7 
7 8 9 
9 19 4 
4 
8 1 
19 
16 
11 
3 
18 
1 
2 
14 
6 
17 
# clone tree 89 objective: 0.444526
0 15 
15 14 10 
10 8 13 
13 12 
12 6 11 5 
5 18 16 7 
7 2 9 
9 19 4 
4 
8 1 
19 
16 17 
11 
3 
18 
1 3 
2 
14 
6 
17 
# clone tree 90 objective: 0.444534
0 6 15 
15 14 10 
10 8 13 
13 12 
12 2 11 5 
5 16 7 
7 17 1 9 
9 19 4 
4 18 
8 3 
19 
16 
11 
3 
18 
1 
2 
14 
6 
17 
# clone tree 91 objective: 0.444744
0 11 15 
15 14 10 
10 8 13 
13 12 
12 6 3 5 
5 18 16 7 
7 2 9 
9 19 4 
4 
8 1 
19 
16 17 
11 
3 
18 
1 
2 
14 
6 
17 
# clone tree 92 objective: 0.444765
0 6 15 
15 10 
10 8 13 
13 14 12 
12 2 11 5 
5 18 16 7 
7 1 9 
9 19 4 
4 
8 3 
19 
16 17 
11 
3 
18 
1 
2 
14 
6 
17 
# clone tree 93 objective: 0.444788
0 15 
15 14 10 
10 8 13 
13 12 
12 6 11 5 
5 16 7 
7 2 9 
9 19 4 
4 17 
8 1 18 
19 
16 
11 3 
3 
18 
1 
2 
14 
6 
17 
# clone tree 94 objective: 0.444801
0 6 15 
15 14 10 
10 8 13 
13 12 
12 18 3 5 
5 16 7 
7 2 9 
9 19 4 
4 11 
8 1 
19 
16 17 
11 
3 
18 
1 
2 
14 
6 
17 
# clone tree 95 objective: 0.444904
0 15 
15 14 10 
10 8 13 
13 12 
12 2 11 5 
5 6 16 7 
7 1 18 9 
9 19 4 
4 
8 3 
19 
16 17 
11 
3 
18 
1 
2 
14 
6 
17 
# clone tree 96 objective: 0.445102
0 15 
15 14 10 
10 8 13 
13 12 
12 6 11 5 
5 3 16 7 
7 2 9 
9 19 4 
4 
8 1 
19 18 
16 17 
11 
3 
18 
1 
2 
14 
6 
17 
# clone tree 97 objective: 0.44532
0 6 15 
15 14 10 
10 8 13 
13 12 
12 2 11 5 
5 16 7 
7 1 9 
9 19 4 
4 17 
8 18 3 
19 
16 
11 
3 
18 
1 
2 
14 
6 
17 
# clone tree 98 objective: 0.445389
0 6 15 
15 14 10 
10 8 13 
13 12 
12 11 5 
5 3 16 7 
7 2 9 
9 19 4 
4 18 
8 1 
19 
16 17 
11 
3 
18 
1 
2 
14 
6 
17 
# clone tree 99 objective: 0.445466
0 6 15 
15 14 10 
10 8 13 
13 12 
12 11 5 
5 3 16 7 
7 2 9 
9 19 4 
4 
8 1 18 
19 
16 
11 
3 
18 
1 
2 17 
14 
6 
17 
