# clone tree 0 objective: 0.752228
0 9 10 
10 6 8 16 
16 1 
1 15 4 
4 14 
15 5 13 
14 3 18 
13 12 
9 2 
12 11 
18 17 
8 19 
11 7 
3 
19 
7 
6 
2 
5 
17 
# clone tree 1 objective: 0.753564
0 9 10 
10 5 8 16 
16 1 
1 15 4 
4 6 14 
15 3 13 
14 7 18 
13 12 
9 2 
12 11 
18 
8 19 
11 17 
3 
19 
7 
6 
2 
5 
17 
# clone tree 2 objective: 0.755337
0 9 10 
10 17 5 8 16 
16 1 
1 15 4 
4 6 14 
15 3 13 
14 18 
13 12 
9 2 
12 11 
18 
8 19 
11 7 
3 
19 
7 
6 
2 
5 
17 
# clone tree 3 objective: 0.757511
0 9 10 
10 17 5 8 16 
16 1 
1 15 4 
4 6 14 
15 13 
14 3 18 
13 12 
9 2 
12 11 
18 
8 19 
11 7 
3 
19 
7 
6 
2 
5 
17 
# clone tree 4 objective: 0.757932
0 9 10 
10 17 5 8 16 
16 1 
1 15 4 
4 6 14 
15 3 13 
14 7 18 
13 12 
9 2 
12 11 
18 
8 19 
11 
3 
19 
7 
6 
2 
5 
17 
# clone tree 5 objective: 0.761278
0 9 10 
10 5 8 16 
16 1 
1 15 4 
4 6 14 
15 3 13 
14 18 
13 12 
9 2 
12 11 
18 17 
8 19 
11 7 
3 
19 
7 
6 
2 
5 
17 
# clone tree 6 objective: 0.763452
0 9 10 
10 5 8 16 
16 1 
1 15 4 
4 6 14 
15 13 
14 3 18 
13 12 
9 2 
12 11 
18 17 
8 19 
11 7 
3 
19 
7 
6 
2 
5 
17 
# clone tree 7 objective: 0.763814
0 9 10 
10 6 8 16 
16 1 
1 15 4 
4 14 
15 5 13 
14 3 18 
13 12 
9 2 7 
12 11 
18 
8 19 
11 17 
3 
19 
7 
6 
2 
5 
17 
# clone tree 8 objective: 0.763873
0 9 10 
10 5 8 16 
16 1 
1 15 4 
4 6 14 
15 3 13 
14 7 18 
13 12 
9 2 
12 11 
18 17 
8 19 
11 
3 
19 
7 
6 
2 
5 
17 
# clone tree 9 objective: 0.764417
0 9 10 
10 17 5 8 16 
16 1 
1 15 4 
4 14 
15 3 13 
14 7 18 
13 12 
9 2 
12 11 
18 
8 19 
11 6 
3 
19 
7 
6 
2 
5 
17 
# clone tree 10 objective: 0.765578
0 9 10 
10 6 8 16 
16 1 
1 15 4 
4 14 
15 5 13 
14 3 18 
13 12 
9 2 
12 11 
18 
8 19 
11 17 7 
3 
19 
7 
6 
2 
5 
17 
# clone tree 11 objective: 0.767718
0 10 
10 6 8 16 
16 1 
1 9 15 4 
4 14 
15 5 13 
14 3 18 
13 12 
9 2 
12 11 
18 17 
8 19 
11 7 
3 
19 
7 
6 
2 
5 
17 
# clone tree 12 objective: 0.770358
0 9 10 
10 5 8 16 
16 1 
1 15 4 
4 14 
15 3 13 
14 7 18 
13 12 
9 2 
12 11 
18 17 
8 19 
11 6 
3 
19 
7 
6 
2 
5 
17 
# clone tree 13 objective: 0.770531
0 9 10 
10 17 5 8 16 
16 1 
1 15 4 
4 14 
15 3 13 
14 18 
13 12 
9 2 
12 11 
18 6 
8 19 
11 7 
3 
19 
7 
6 
2 
5 
17 
# clone tree 14 objective: 0.771077
0 9 10 
10 17 5 8 16 
16 1 
1 15 4 
4 14 
15 6 13 
14 3 18 
13 12 
9 2 
12 11 
18 
8 19 
11 7 
3 
19 
7 
6 
2 
5 
17 
# clone tree 15 objective: 0.771101
0 9 10 
10 17 8 16 
16 1 
1 15 4 
4 6 14 
15 5 13 
14 3 18 
13 12 
9 2 
12 11 
18 
8 19 
11 7 
3 
19 
7 
6 
2 
5 
17 
# clone tree 16 objective: 0.771981
0 9 10 
10 5 6 8 16 
16 1 
1 15 4 
4 14 
15 3 13 
14 7 18 
13 12 
9 2 
12 11 
18 
8 19 
11 17 
3 
19 
7 
6 
2 
5 
17 
# clone tree 17 objective: 0.772864
0 9 10 
10 5 8 16 
16 1 
1 15 4 
4 6 14 
15 3 13 
14 18 
13 12 
9 2 7 
12 11 
18 
8 19 
11 17 
3 
19 
7 
6 
2 
5 
17 
# clone tree 18 objective: 0.773304
0 9 10 
10 6 8 16 
16 1 
1 15 4 
4 14 
15 3 13 
14 7 18 
13 12 
9 2 
12 11 
18 
8 19 
11 17 
3 
19 
7 
6 5 
2 
5 
17 
# clone tree 19 objective: 0.774123
0 9 10 
10 6 8 16 
16 1 
1 15 4 
4 14 
15 5 13 
14 3 18 
13 12 
9 2 7 
12 11 
18 17 
8 19 
11 
3 
19 
7 
6 
2 
5 
17 
# clone tree 20 objective: 0.774628
0 9 10 
10 5 8 16 
16 1 
1 15 4 
4 6 14 
15 3 13 
14 18 
13 12 
9 2 
12 11 
18 
8 19 
11 17 7 
3 
19 
7 
6 
2 
5 
17 
# clone tree 21 objective: 0.775038
0 9 10 
10 5 8 16 
16 1 
1 15 4 
4 6 14 
15 13 
14 3 18 
13 12 
9 2 7 
12 11 
18 
8 19 
11 17 
3 
19 
7 
6 
2 
5 
17 
# clone tree 22 objective: 0.775144
0 9 10 
10 17 6 8 16 
16 1 
1 15 4 
4 14 
15 5 13 
14 3 18 
13 12 
9 2 
12 11 
18 
8 19 
11 7 
3 
19 
7 
6 
2 
5 
17 
# clone tree 23 objective: 0.775825
0 9 10 
10 6 8 16 
16 1 
1 15 4 
4 14 
15 3 13 
14 7 18 
13 12 
9 5 2 
12 11 
18 
8 19 
11 17 
3 
19 
7 
6 
2 
5 
17 
# clone tree 24 objective: 0.775885
0 9 10 
10 5 8 16 
16 1 
1 15 4 
4 14 
15 3 13 
14 7 18 
13 12 
9 2 6 
12 11 
18 
8 19 
11 17 
3 
19 
7 
6 
2 
5 
17 
# clone tree 25 objective: 0.776802
0 9 10 
10 5 8 16 
16 1 
1 15 4 
4 6 14 
15 13 
14 3 18 
13 12 
9 2 
12 11 
18 
8 19 
11 17 7 
3 
19 
7 
6 
2 
5 
17 
# clone tree 26 objective: 0.777018
0 9 10 
10 5 8 16 
16 1 
1 15 4 
4 14 
15 6 13 
14 3 18 
13 12 
9 2 
12 11 
18 17 
8 19 
11 7 
3 
19 
7 
6 
2 
5 
17 
# clone tree 27 objective: 0.777232
0 9 10 
10 17 5 8 16 
16 1 
1 15 4 
4 6 14 
15 3 13 
14 18 
13 12 
9 2 7 
12 11 
18 
8 19 
11 
3 
19 
7 
6 
2 
5 
17 
# clone tree 28 objective: 0.777323
0 9 10 
10 8 16 
16 1 
1 15 4 
4 6 14 
15 5 13 
14 3 18 
13 12 
9 2 
12 11 
18 17 
8 19 
11 7 
3 
19 
7 
6 
2 
5 
17 
# clone tree 29 objective: 0.777658
0 9 10 
10 17 5 8 16 
16 1 
1 15 4 
4 14 
15 3 13 
14 18 
13 12 
9 2 6 
12 11 
18 
8 19 
11 7 
3 
19 
7 
6 
2 
5 
17 
# clone tree 30 objective: 0.778886
0 9 10 
10 6 8 16 
16 1 
1 15 4 
4 14 
15 3 13 
14 7 18 
13 12 
9 2 
12 11 
18 5 
8 19 
11 17 
3 
19 
7 
6 
2 
5 
17 
# clone tree 31 objective: 0.779406
0 9 10 
10 17 5 8 16 
16 1 
1 15 4 
4 6 14 
15 13 
14 3 18 
13 12 
9 2 7 
12 11 
18 
8 19 
11 
3 
19 
7 
6 
2 
5 
17 
# clone tree 32 objective: 0.779695
0 9 10 
10 5 6 8 16 
16 1 
1 15 4 
4 14 
15 3 13 
14 18 
13 12 
9 2 
12 11 
18 17 
8 19 
11 7 
3 
19 
7 
6 
2 
5 
17 
# clone tree 33 objective: 0.779832
0 9 10 
10 17 5 8 16 
16 1 
1 15 4 
4 14 
15 13 
14 3 18 
13 12 
9 2 6 
12 11 
18 
8 19 
11 7 
3 
19 
7 
6 
2 
5 
17 
# clone tree 34 objective: 0.780253
0 9 10 
10 17 5 8 16 
16 1 
1 15 4 
4 14 
15 3 13 
14 7 18 
13 12 
9 2 6 
12 11 
18 
8 19 
11 
3 
19 
7 
6 
2 
5 
17 
# clone tree 35 objective: 0.780353
0 9 10 
10 6 8 16 
16 1 
1 15 4 
4 17 14 
15 5 13 
14 3 18 
13 12 
9 2 
12 11 
18 
8 19 
11 7 
3 
19 
7 
6 
2 
5 
17 
# clone tree 36 objective: 0.781018
0 9 10 
10 6 8 16 
16 1 
1 15 4 
4 14 
15 3 13 
14 18 
13 12 
9 2 
12 11 
18 17 
8 19 
11 7 
3 
19 
7 
6 5 
2 
5 
17 
# clone tree 37 objective: 0.781068
0 10 
10 6 8 16 
16 1 
1 9 15 4 
4 14 
15 5 13 
14 3 18 
13 12 
9 2 
12 11 
18 
8 19 
11 17 7 
3 
19 
7 
6 
2 
5 
17 
# clone tree 38 objective: 0.781237
0 9 10 
10 6 8 16 
16 1 
1 15 4 
4 5 14 
15 13 
14 3 18 
13 12 
9 2 
12 11 
18 17 
8 19 
11 7 
3 
19 
7 
6 
2 
5 
17 
# clone tree 39 objective: 0.781869
0 9 10 
10 5 6 8 16 
16 1 
1 15 4 
4 14 
15 13 
14 3 18 
13 12 
9 2 
12 11 
18 17 
8 19 
11 7 
3 
19 
7 
6 
2 
5 
17 
# clone tree 40 objective: 0.78229
0 9 10 
10 5 6 8 16 
16 1 
1 15 4 
4 14 
15 3 13 
14 7 18 
13 12 
9 2 
12 11 
18 17 
8 19 
11 
3 
19 
7 
6 
2 
5 
17 
# clone tree 41 objective: 0.783173
0 9 10 
10 5 8 16 
16 1 
1 15 4 
4 6 14 
15 3 13 
14 18 
13 12 
9 2 7 
12 11 
18 17 
8 19 
11 
3 
19 
7 
6 
2 
5 
17 
# clone tree 42 objective: 0.783192
0 9 10 
10 6 8 16 
16 1 
1 15 4 
4 14 
15 13 
14 3 18 
13 12 
9 2 
12 11 
18 17 
8 19 
11 7 
3 
19 
7 
6 5 
2 
5 
17 
# clone tree 43 objective: 0.783539
0 9 10 
10 6 8 16 
16 1 
1 15 4 
4 14 
15 3 13 
14 18 
13 12 
9 5 2 
12 11 
18 17 
8 19 
11 7 
3 
19 
7 
6 
2 
5 
17 
# clone tree 44 objective: 0.783599
0 9 10 
10 5 8 16 
16 1 
1 15 4 
4 14 
15 3 13 
14 18 
13 12 
9 2 6 
12 11 
18 17 
8 19 
11 7 
3 
19 
7 
6 
2 
5 
17 
# clone tree 45 objective: 0.783613
0 9 10 
10 6 8 16 
16 1 
1 15 4 
4 14 
15 3 13 
14 7 18 
13 12 
9 2 
12 11 
18 17 
8 19 
11 
3 
19 
7 
6 5 
2 
5 
17 
# clone tree 46 objective: 0.785347
0 9 10 
10 5 8 16 
16 1 
1 15 4 
4 6 14 
15 13 
14 3 18 
13 12 
9 2 7 
12 11 
18 17 
8 19 
11 
3 
19 
7 
6 
2 
5 
17 
# clone tree 47 objective: 0.785713
0 9 10 
10 6 8 16 
16 1 
1 15 4 
4 14 
15 13 
14 3 18 
13 12 
9 5 2 
12 11 
18 17 
8 19 
11 7 
3 
19 
7 
6 
2 
5 
17 
# clone tree 48 objective: 0.785773
0 9 10 
10 5 8 16 
16 1 
1 15 4 
4 14 
15 13 
14 3 18 
13 12 
9 2 6 
12 11 
18 17 
8 19 
11 7 
3 
19 
7 
6 
2 
5 
17 
# clone tree 49 objective: 0.786134
0 9 10 
10 6 8 16 
16 1 
1 15 4 
4 14 
15 3 13 
14 7 18 
13 12 
9 5 2 
12 11 
18 17 
8 19 
11 
3 
19 
7 
6 
2 
5 
17 
