# clone tree 0 objective: 1.47431
0 3 9 
9 7 6 
6 18 12 
12 4 
4 8 
8 13 5 1 
1 11 14 
5 10 
13 16 
14 2 
3 17 
7 15 
16 
18 19 
10 
19 
11 
2 
15 
17 
# clone tree 1 objective: 1.48229
0 9 
9 7 6 
6 3 12 
12 4 
4 8 
8 13 5 1 
1 11 14 
5 10 
13 19 16 
14 2 
3 18 
7 15 
16 
18 17 
10 
19 
11 
2 
15 
17 
# clone tree 2 objective: 1.48524
0 3 9 
9 7 6 
6 18 12 
12 4 
4 8 
8 13 5 1 
1 11 14 
5 10 
13 16 
14 2 
3 17 
7 19 
16 
18 15 
10 
19 
11 
2 
15 
17 
# clone tree 3 objective: 1.48885
0 9 
9 7 6 
6 3 12 
12 4 
4 8 
8 13 5 1 
1 11 14 
5 15 2 
13 19 16 
14 18 
3 17 
7 10 
16 
18 
10 
19 
11 
2 
15 
17 
# clone tree 4 objective: 1.49014
0 9 
9 7 6 
6 3 12 
12 4 
4 8 
8 13 5 1 
1 11 14 
5 15 2 
13 16 
14 19 
3 18 
7 10 
16 
18 17 
10 
19 
11 
2 
15 
17 
# clone tree 5 objective: 1.49072
0 3 9 
9 7 6 
6 18 12 
12 4 
4 8 
8 13 5 1 
1 11 14 
5 15 2 
13 16 
14 
3 17 
7 10 
16 
18 19 
10 
19 
11 
2 
15 
17 
# clone tree 6 objective: 1.49238
0 9 
9 7 6 
6 18 12 
12 4 
4 8 
8 13 5 1 
1 11 14 
5 10 
13 16 3 
14 2 
3 17 
7 19 
16 
18 15 
10 
19 
11 
2 
15 
17 
# clone tree 7 objective: 1.4941
0 3 9 
9 7 6 
6 18 12 
12 4 
4 8 
8 13 5 1 
1 11 14 
5 15 2 
13 16 
14 
3 10 
7 19 
16 
18 17 
10 
19 
11 
2 
15 
17 
# clone tree 8 objective: 1.49541
0 9 
9 7 6 
6 3 12 
12 4 
4 8 
8 13 5 1 
1 11 14 
5 15 2 
13 16 
14 18 
3 10 
7 19 
16 
18 
10 17 
19 
11 
2 
15 
17 
# clone tree 9 objective: 1.4956
0 9 
9 7 6 
6 3 12 
12 4 
4 8 
8 13 5 1 
1 11 14 
5 10 
13 15 16 
14 2 
3 18 
7 19 
16 
18 17 
10 
19 
11 
2 
15 
17 
# clone tree 10 objective: 1.496
0 9 
9 7 6 
6 3 12 
12 4 
4 8 
8 13 5 1 
1 11 14 
5 10 
13 16 
14 2 
3 18 
7 15 
16 
18 19 
10 17 
19 
11 
2 
15 
17 
# clone tree 11 objective: 1.4964
0 9 
9 7 6 
6 3 12 
12 4 
4 8 
8 13 5 1 
1 11 14 
5 10 
13 16 
14 2 
3 18 
7 19 
16 
18 15 
10 17 
19 
11 
2 
15 
17 
# clone tree 12 objective: 1.49653
0 9 
9 7 6 
6 3 12 
12 4 
4 8 
8 13 5 1 
1 11 14 
5 15 2 
13 16 
14 18 
3 10 
7 19 
16 
18 17 
10 
19 
11 
2 
15 
17 
# clone tree 13 objective: 1.49686
0 9 
9 7 6 
6 3 12 
12 4 
4 8 
8 13 5 1 
1 11 14 
5 2 
13 15 16 
14 19 
3 18 
7 10 
16 
18 17 
10 
19 
11 
2 
15 
17 
# clone tree 14 objective: 1.49782
0 3 9 
9 7 6 
6 18 12 
12 4 
4 8 
8 13 5 1 
1 11 14 
5 10 
13 16 
14 2 
3 15 
7 19 
16 
18 17 
10 
19 
11 
2 
15 
17 
# clone tree 15 objective: 1.49968
0 3 9 
9 7 6 
6 18 12 
12 4 
4 8 
8 13 5 1 
1 11 14 
5 10 
13 16 
14 2 
3 
7 15 
16 
18 19 
10 17 
19 
11 
2 
15 
17 
# clone tree 16 objective: 1.50082
0 3 9 
9 7 6 
6 18 12 
12 4 
4 8 
8 13 5 1 
1 11 14 
5 2 
13 15 16 
14 
3 10 
7 19 
16 
18 17 
10 
19 
11 
2 
15 
17 
# clone tree 17 objective: 1.50113
0 9 
9 7 6 
6 3 12 
12 4 
4 8 
8 13 5 1 
1 11 14 
5 10 
13 19 16 
14 2 
3 18 
7 15 
16 
18 
10 17 
19 
11 
2 
15 
17 
# clone tree 18 objective: 1.50213
0 9 
9 7 6 
6 3 12 
12 4 
4 8 
8 13 5 1 
1 11 14 
5 2 
13 15 16 
14 18 
3 10 
7 19 
16 
18 
10 17 
19 
11 
2 
15 
17 
# clone tree 19 objective: 1.50228
0 3 9 
9 7 6 
6 18 12 
12 4 
4 8 
8 13 5 1 
1 11 14 
5 2 
13 16 
14 
3 10 
7 19 
16 
18 15 
10 17 
19 
11 
2 
15 
17 
# clone tree 20 objective: 1.50249
0 9 
9 15 7 6 
6 3 12 
12 4 
4 8 
8 13 5 1 
1 11 14 
5 10 
13 16 
14 2 
3 18 
7 19 
16 
18 17 
10 
19 
11 
2 
15 
17 
# clone tree 21 objective: 1.50259
0 9 
9 7 6 
6 3 12 
12 4 
4 8 
8 13 5 1 
1 11 14 
5 15 2 
13 16 
14 18 
3 19 
7 10 
16 
18 17 
10 
19 
11 
2 
15 
17 
# clone tree 22 objective: 1.50274
0 9 
9 7 6 
6 3 12 
12 4 
4 8 
8 13 5 1 
1 11 14 
5 10 
13 16 
14 19 
3 18 
7 15 2 
16 
18 17 
10 
19 
11 
2 
15 
17 
# clone tree 23 objective: 1.50325
0 9 
9 7 6 
6 3 12 
12 4 
4 8 
8 13 5 1 
1 11 14 
5 2 
13 15 16 
14 18 
3 10 
7 19 
16 
18 17 
10 
19 
11 
2 
15 
17 
# clone tree 24 objective: 1.50724
0 9 
9 7 6 
6 3 12 
12 4 
4 8 
8 13 5 1 
1 11 14 
5 10 
13 16 
14 2 
3 18 
7 15 
16 
18 19 
10 
19 17 
11 
2 
15 
17 
# clone tree 25 objective: 1.50759
0 9 
9 7 6 
6 3 12 
12 4 
4 8 
8 13 5 1 
1 11 14 
5 15 2 
13 17 16 
14 18 
3 10 
7 19 
16 
18 
10 
19 
11 
2 
15 
17 
# clone tree 26 objective: 1.50763
0 9 
9 7 6 
6 3 12 
12 4 
4 8 
8 13 5 1 
1 11 14 
5 10 
13 16 
14 19 
3 18 
7 2 
16 
18 15 
10 17 
19 
11 
2 
15 
17 
# clone tree 27 objective: 1.50818
0 9 
9 7 6 
6 3 12 
12 4 
4 8 
8 13 5 1 
1 11 14 
5 10 
13 17 16 
14 2 
3 18 
7 15 
16 
18 19 
10 
19 
11 
2 
15 
17 
# clone tree 28 objective: 1.50858
0 9 
9 7 6 
6 3 12 
12 4 
4 8 
8 13 5 1 
1 11 14 
5 10 
13 17 16 
14 2 
3 18 
7 19 
16 
18 15 
10 
19 
11 
2 
15 
17 
# clone tree 29 objective: 1.50903
0 9 
9 15 7 6 
6 3 12 
12 4 
4 8 
8 13 5 1 
1 11 14 
5 2 
13 16 
14 18 
3 10 
7 19 
16 
18 
10 17 
19 
11 
2 
15 
17 
# clone tree 30 objective: 1.50931
0 9 
9 7 6 
6 3 12 
12 4 
4 8 
8 13 5 1 
1 11 14 
5 2 
13 15 16 
14 18 
3 19 
7 10 
16 
18 17 
10 
19 
11 
2 
15 
17 
# clone tree 31 objective: 1.50956
0 9 
9 7 6 
6 3 12 
12 4 
4 8 
8 13 5 1 
1 14 
5 2 11 
13 15 16 
14 18 
3 10 
7 19 
16 
18 17 
10 
19 
11 
2 
15 
17 
# clone tree 32 objective: 1.50984
0 9 
9 7 6 
6 3 12 
12 4 
4 8 
8 13 5 1 
1 11 14 
5 2 
13 17 16 
14 19 
3 18 
7 10 
16 
18 15 
10 
19 
11 
2 
15 
17 
# clone tree 33 objective: 1.51014
0 9 
9 15 7 6 
6 3 12 
12 4 
4 8 
8 13 5 1 
1 11 14 
5 2 
13 16 
14 18 
3 10 
7 19 
16 
18 17 
10 
19 
11 
2 
15 
17 
# clone tree 34 objective: 1.51022
0 17 9 
9 7 6 
6 3 12 
12 4 
4 8 
8 13 5 1 
1 11 14 
5 15 2 
13 16 
14 18 
3 10 
7 19 
16 
18 
10 
19 
11 
2 
15 
17 
# clone tree 35 objective: 1.51062
0 3 9 
9 7 6 
6 18 12 
12 4 
4 8 
8 13 5 1 
1 11 14 
5 10 
13 16 
14 2 
3 
7 19 
16 
18 15 
10 17 
19 
11 
2 
15 
17 
# clone tree 36 objective: 1.5108
0 17 9 
9 7 6 
6 3 12 
12 4 
4 8 
8 13 5 1 
1 11 14 
5 10 
13 16 
14 2 
3 18 
7 15 
16 
18 19 
10 
19 
11 
2 
15 
17 
# clone tree 37 objective: 1.51092
0 3 9 
9 7 6 
6 18 12 
12 4 
4 8 
8 13 5 1 
1 11 14 
5 10 
13 16 
14 2 
3 
7 15 
16 
18 19 
10 
19 17 
11 
2 
15 
17 
# clone tree 38 objective: 1.51121
0 17 9 
9 7 6 
6 3 12 
12 4 
4 8 
8 13 5 1 
1 11 14 
5 10 
13 16 
14 2 
3 18 
7 19 
16 
18 15 
10 
19 
11 
2 
15 
17 
# clone tree 39 objective: 1.51143
0 9 
9 7 6 
6 3 12 
12 4 
4 8 
8 13 5 1 
1 11 14 
5 2 
13 16 
14 18 
3 10 
7 19 
16 
18 17 
10 15 
19 
11 
2 
15 
17 
# clone tree 40 objective: 1.51163
0 3 9 
9 7 6 
6 18 12 
12 4 
4 8 
8 13 5 1 
1 11 14 
5 2 
13 16 
14 17 
3 10 
7 19 
16 
18 15 
10 
19 
11 
2 
15 
17 
# clone tree 41 objective: 1.51186
0 3 9 
9 7 6 
6 18 12 
12 4 
4 8 
8 13 5 1 
1 11 14 
5 10 
13 17 16 
14 2 
3 
7 15 
16 
18 19 
10 
19 
11 
2 
15 
17 
# clone tree 42 objective: 1.51213
0 9 
9 7 6 
6 3 12 
12 4 
4 8 
8 13 5 1 
1 11 14 
5 15 2 
13 16 
14 18 
3 17 
7 19 
16 
18 
10 
19 
11 
2 
15 
17 10 
# clone tree 43 objective: 1.51237
0 9 
9 7 6 
6 3 12 
12 4 
4 8 
8 13 5 1 
1 11 14 
5 10 
13 19 16 
14 2 
3 18 
7 15 
16 
18 
10 
19 17 
11 
2 
15 
17 
# clone tree 44 objective: 1.51247
0 17 9 
9 7 6 
6 3 12 
12 4 
4 8 
8 13 5 1 
1 11 14 
5 2 
13 16 
14 19 
3 18 
7 10 
16 
18 15 
10 
19 
11 
2 
15 
17 
# clone tree 45 objective: 1.51271
0 9 
9 7 6 
6 3 12 
12 4 
4 8 
8 13 5 1 
1 11 14 
5 15 2 
13 16 
14 18 
3 19 
7 10 
16 
18 
10 
19 17 
11 
2 
15 
17 
# clone tree 46 objective: 1.51276
0 9 
9 7 6 
6 3 12 
12 4 
4 8 
8 13 5 1 
1 11 14 
5 10 
13 16 
14 2 
3 19 
7 18 
16 
18 15 
10 17 
19 
11 
2 
15 
17 
# clone tree 47 objective: 1.51314
0 9 
9 7 6 
6 3 12 
12 4 
4 8 
8 13 5 1 
1 11 14 
5 10 
13 2 16 
14 
3 18 
7 19 
16 
18 15 
10 17 
19 
11 
2 
15 
17 
# clone tree 48 objective: 1.51351
0 9 
9 7 6 
6 3 12 
12 4 
4 8 
8 13 5 1 
1 11 14 
5 15 2 
13 16 
14 18 
3 10 
7 19 
16 
18 
10 
19 17 
11 
2 
15 
17 
# clone tree 49 objective: 1.5136
0 3 9 
9 7 6 
6 18 12 
12 4 
4 8 
8 13 5 1 
1 11 14 
5 15 2 
13 16 
14 
3 10 
7 19 
16 
18 
10 17 
19 
11 
2 
15 
17 
