# clone tree 0 objective: 1.37538
0 13 8 
8 16 
16 17 9 
9 4 5 
5 12 7 2 
2 6 
6 11 15 
7 19 18 
15 3 
3 1 
4 
17 10 
1 
18 
19 14 
13 
11 
12 
14 
10 
# clone tree 1 objective: 1.37659
0 13 8 
8 16 
16 17 9 
9 4 5 
5 14 12 7 2 
2 6 
6 11 15 
7 19 18 
15 3 
3 1 
4 
17 10 
1 
18 
19 
13 
11 
12 
14 
10 
# clone tree 2 objective: 1.37665
0 13 8 
8 16 
16 17 9 
9 4 5 
5 12 7 2 
2 6 
6 11 15 
7 19 18 
15 3 
3 1 
4 
17 
1 10 
18 
19 14 
13 
11 
12 
14 
10 
# clone tree 3 objective: 1.3775
0 13 8 
8 16 
16 17 9 
9 4 5 
5 12 7 2 
2 6 
6 14 11 15 
7 19 18 
15 3 
3 1 
4 
17 10 
1 
18 
19 
13 
11 
12 
14 
10 
# clone tree 4 objective: 1.3775
0 13 8 
8 16 
16 17 9 
9 4 5 
5 12 7 2 
2 6 
6 11 15 
7 14 19 18 
15 3 
3 1 
4 
17 10 
1 
18 
19 
13 
11 
12 
14 
10 
# clone tree 5 objective: 1.37786
0 13 8 
8 16 
16 17 9 
9 4 5 
5 14 12 7 2 
2 6 
6 11 15 
7 19 18 
15 3 
3 1 
4 
17 
1 10 
18 
19 
13 
11 
12 
14 
10 
# clone tree 6 objective: 1.37877
0 13 8 
8 16 
16 17 9 
9 4 5 
5 12 7 2 
2 6 
6 14 11 15 
7 19 18 
15 3 
3 1 
4 
17 
1 10 
18 
19 
13 
11 
12 
14 
10 
# clone tree 7 objective: 1.37877
0 13 8 
8 16 
16 17 9 
9 4 5 
5 12 7 2 
2 6 
6 11 15 
7 14 19 18 
15 3 
3 1 
4 
17 
1 10 
18 
19 
13 
11 
12 
14 
10 
# clone tree 8 objective: 1.38262
0 8 
8 16 
16 13 9 
9 4 5 
5 12 17 7 2 
2 6 
6 11 15 
7 19 18 
15 3 
3 1 
4 
17 10 
1 
18 
19 14 
13 
11 
12 
14 
10 
# clone tree 9 objective: 1.38386
0 13 8 
8 16 
16 17 9 
9 4 5 
5 12 7 2 
2 10 6 
6 11 15 
7 19 18 
15 3 
3 1 
4 
17 
1 
18 
19 14 
13 
11 
12 
14 
10 
