# clone tree 0 objective: 0.595898
0 18 19 8 11 10 
10 5 13 
13 15 4 
4 16 
16 12 
11 3 1 
5 9 2 
12 6 
6 17 
15 
8 7 
2 14 
19 
7 
9 
17 
1 
18 
14 
3 
# clone tree 1 objective: 0.605734
0 18 19 8 11 10 
10 5 13 
13 15 4 
4 16 
16 12 
11 3 1 
5 2 
12 6 
6 17 
15 
8 7 
2 14 
19 9 
7 
9 
17 
1 
18 
14 
3 
# clone tree 2 objective: 0.606134
0 14 18 19 11 10 
10 5 13 
13 6 4 
4 16 
16 12 
11 1 15 
5 8 
12 2 
6 3 17 
15 
8 7 
2 
19 9 
7 
9 
17 
1 
18 
14 
3 
# clone tree 3 objective: 0.607904
0 18 19 11 10 
10 14 5 13 
13 6 4 
4 16 
16 12 
11 1 15 
5 8 
12 2 
6 3 17 
15 
8 7 
2 
19 9 
7 
9 
17 
1 
18 
14 
3 
# clone tree 4 objective: 0.609047
0 14 18 19 11 10 
10 3 5 13 
13 6 4 
4 16 
16 12 
11 1 15 
5 8 
12 2 
6 17 
15 
8 7 
2 
19 9 
7 
9 
17 
1 
18 
14 
3 
# clone tree 5 objective: 0.60913
0 14 18 19 11 10 
10 5 13 
13 6 4 
4 16 
16 12 
11 1 15 
5 8 
12 2 
6 17 
15 
8 7 
2 
19 9 
7 3 
9 
17 
1 
18 
14 
3 
# clone tree 6 objective: 0.609776
0 14 18 19 11 10 
10 5 13 
13 6 4 
4 16 
16 12 
11 1 15 
5 8 
12 2 
6 17 
15 3 
8 7 
2 
19 9 
7 
9 
17 
1 
18 
14 
3 
# clone tree 7 objective: 0.610039
0 18 19 8 11 10 
10 14 5 13 
13 15 4 
4 16 
16 12 
11 3 1 
5 9 2 
12 6 
6 17 
15 
8 7 
2 
19 
7 
9 
17 
1 
18 
14 
3 
# clone tree 8 objective: 0.610082
0 14 18 19 11 10 
10 5 13 
13 6 4 
4 16 
16 12 
11 1 15 
5 8 
12 2 
6 17 
15 
8 7 
2 3 
19 9 
7 
9 
17 
1 
18 
14 
3 
# clone tree 9 objective: 0.610764
0 18 8 11 10 
10 5 13 
13 19 4 
4 16 
16 12 
11 1 15 
5 9 2 
12 6 
6 3 17 
15 
8 7 
2 14 
19 
7 
9 
17 
1 
18 
14 
3 
# clone tree 10 objective: 0.610817
0 18 19 11 10 
10 3 14 5 13 
13 6 4 
4 16 
16 12 
11 1 15 
5 8 
12 2 
6 17 
15 
8 7 
2 
19 9 
7 
9 
17 
1 
18 
14 
3 
# clone tree 11 objective: 0.6109
0 18 19 11 10 
10 14 5 13 
13 6 4 
4 16 
16 12 
11 1 15 
5 8 
12 2 
6 17 
15 
8 7 
2 
19 9 
7 3 
9 
17 
1 
18 
14 
3 
# clone tree 12 objective: 0.611546
0 18 19 11 10 
10 14 5 13 
13 6 4 
4 16 
16 12 
11 1 15 
5 8 
12 2 
6 17 
15 3 
8 7 
2 
19 9 
7 
9 
17 
1 
18 
14 
3 
# clone tree 13 objective: 0.611852
0 18 19 11 10 
10 14 5 13 
13 6 4 
4 16 
16 12 
11 1 15 
5 8 
12 2 
6 17 
15 
8 7 
2 3 
19 9 
7 
9 
17 
1 
18 
14 
3 
# clone tree 14 objective: 0.613677
0 18 8 11 10 
10 3 5 13 
13 19 4 
4 16 
16 12 
11 1 15 
5 9 2 
12 6 
6 17 
15 
8 7 
2 14 
19 
7 
9 
17 
1 
18 
14 
3 
# clone tree 15 objective: 0.613848
0 18 19 11 10 
10 5 13 
13 6 4 
4 16 
16 12 
11 1 15 
5 8 
12 2 
6 3 17 
15 
8 7 
2 14 
19 9 
7 
9 
17 
1 
18 
14 
3 
# clone tree 16 objective: 0.614406
0 18 8 11 10 
10 5 13 
13 19 4 
4 16 
16 12 
11 1 15 
5 9 2 
12 6 
6 17 
15 3 
8 7 
2 14 
19 
7 
9 
17 
1 
18 
14 
3 
# clone tree 17 objective: 0.616216
0 14 18 19 11 10 
10 5 13 
13 6 4 
4 16 
16 3 12 
11 1 15 
5 8 
12 2 
6 17 
15 
8 7 
2 
19 9 
7 
9 
17 
1 
18 
14 
3 
# clone tree 18 objective: 0.616761
0 18 19 11 10 
10 3 5 13 
13 6 4 
4 16 
16 12 
11 1 15 
5 8 
12 2 
6 17 
15 
8 7 
2 14 
19 9 
7 
9 
17 
1 
18 
14 
3 
# clone tree 19 objective: 0.616844
0 18 19 11 10 
10 5 13 
13 6 4 
4 16 
16 12 
11 1 15 
5 8 
12 2 
6 17 
15 
8 7 
2 14 
19 9 
7 3 
9 
17 
1 
18 
14 
3 
# clone tree 20 objective: 0.617004
0 18 19 8 11 10 
10 14 5 13 
13 6 4 
4 17 16 
16 12 
11 1 15 
5 9 
12 2 
6 3 
15 
8 7 
2 
19 
7 
9 
17 
1 
18 
14 
3 
# clone tree 21 objective: 0.61749
0 18 19 11 10 
10 5 13 
13 6 4 
4 16 
16 12 
11 1 15 
5 8 
12 2 
6 17 
15 3 
8 7 
2 14 
19 9 
7 
9 
17 
1 
18 
14 
3 
# clone tree 22 objective: 0.617561
0 18 8 11 10 
10 5 13 
13 19 4 
4 16 
16 3 12 
11 1 15 
5 9 2 
12 6 
6 17 
15 
8 7 
2 14 
19 
7 
9 
17 
1 
18 
14 
3 
# clone tree 23 objective: 0.617986
0 18 19 11 10 
10 14 5 13 
13 6 4 
4 16 
16 3 12 
11 1 15 
5 8 
12 2 
6 17 
15 
8 7 
2 
19 9 
7 
9 
17 
1 
18 
14 
3 
# clone tree 24 objective: 0.619447
0 18 19 8 11 10 
10 14 5 13 
13 6 4 
4 16 
16 12 
11 1 15 
5 9 
12 2 
6 3 17 
15 
8 7 
2 
19 
7 
9 
17 
1 
18 
14 
3 
# clone tree 25 objective: 0.621307
0 18 19 11 10 
10 14 5 13 
13 6 4 
4 16 
16 12 
11 1 15 
5 8 
12 2 
6 17 
15 
8 7 
2 
19 9 
7 
9 3 
17 
1 
18 
14 
3 
# clone tree 26 objective: 0.62216
0 18 8 11 10 
10 5 13 
13 19 4 
4 16 
16 12 
11 1 15 
5 9 2 
12 6 
6 17 
15 
8 7 
2 14 
19 3 
7 
9 
17 
1 
18 
14 
3 
# clone tree 27 objective: 0.62236
0 18 19 8 11 10 
10 3 14 5 13 
13 6 4 
4 16 
16 12 
11 1 15 
5 9 
12 2 
6 17 
15 
8 7 
2 
19 
7 
9 
17 
1 
18 
14 
3 
# clone tree 28 objective: 0.622467
0 18 9 19 11 10 
10 14 5 13 
13 6 4 
4 16 
16 12 
11 1 15 
5 8 
12 2 
6 3 17 
15 
8 7 
2 
19 
7 
9 
17 
1 
18 
14 
3 
# clone tree 29 objective: 0.622487
0 14 18 19 11 10 
10 5 13 
13 6 4 
4 16 
16 12 
11 1 15 
5 8 
12 2 
6 17 
15 
8 7 
2 
19 9 
7 
9 
17 3 
1 
18 
14 
3 
# clone tree 30 objective: 0.622663
0 14 18 19 11 10 
10 5 13 
13 6 4 
4 16 
16 12 
11 1 15 
5 8 
12 2 
6 17 
15 
8 7 
2 
19 9 
7 
9 3 
17 
1 
18 
14 
3 
# clone tree 31 objective: 0.623089
0 18 19 8 11 10 
10 14 5 13 
13 6 4 
4 16 
16 12 
11 1 15 
5 9 
12 2 
6 17 
15 3 
8 7 
2 
19 
7 
9 
17 
1 
18 
14 
3 
# clone tree 32 objective: 0.623166
0 18 8 11 10 
10 5 13 
13 19 4 
4 16 
16 12 
11 1 15 
5 9 2 
12 6 
6 17 
15 
8 7 
2 14 
19 
7 
9 3 
17 
1 
18 
14 
3 
# clone tree 33 objective: 0.623395
0 18 19 8 11 10 
10 14 5 13 
13 6 4 
4 16 
16 12 
11 1 15 
5 9 
12 2 
6 17 
15 
8 7 
2 3 
19 
7 
9 
17 
1 
18 
14 
3 
# clone tree 34 objective: 0.623489
0 14 18 8 11 10 
10 5 13 
13 19 4 
4 16 
16 12 
11 1 15 
5 9 2 
12 6 
6 3 17 
15 
8 7 
2 
19 
7 
9 
17 
1 
18 
14 
3 
# clone tree 35 objective: 0.623612
0 18 19 11 10 
10 14 5 13 
13 15 4 
4 16 
16 12 
11 1 6 
5 8 
12 2 
6 3 17 
15 
8 7 
2 
19 9 
7 
9 
17 
1 
18 
14 
3 
# clone tree 36 objective: 0.62393
0 18 19 11 10 
10 5 13 
13 6 4 
4 16 
16 3 12 
11 1 15 
5 8 
12 2 
6 17 
15 
8 7 
2 14 
19 9 
7 
9 
17 
1 
18 
14 
3 
# clone tree 37 objective: 0.624052
0 19 8 11 10 
10 14 5 13 
13 6 4 
4 16 
16 12 
11 1 15 
5 18 9 
12 2 
6 3 17 
15 
8 7 
2 
19 
7 
9 
17 
1 
18 
14 
3 
# clone tree 38 objective: 0.624171
0 18 19 8 11 10 
10 5 13 
13 15 4 
4 16 
16 12 
11 1 
5 9 2 
12 6 
6 3 17 
15 
8 7 
2 14 
19 
7 
9 
17 
1 
18 
14 
3 
# clone tree 39 objective: 0.624257
0 18 19 11 10 
10 14 5 13 
13 6 4 
4 16 
16 12 
11 1 15 
5 8 
12 2 
6 17 
15 
8 7 
2 
19 9 
7 
9 
17 3 
1 
18 
14 
3 
# clone tree 40 objective: 0.624905
0 18 8 11 10 
10 14 5 13 
13 19 4 
4 16 
16 12 
11 1 15 
5 9 2 
12 6 
6 3 17 
15 
8 7 
2 
19 
7 
9 
17 
1 
18 
14 
3 
# clone tree 41 objective: 0.625011
0 18 19 11 10 
10 1 9 2 13 
13 15 4 
4 16 
16 12 
11 5 
5 8 
12 6 
6 3 17 
15 
8 7 
2 14 
19 
7 
9 
17 
1 
18 
14 
3 
# clone tree 42 objective: 0.62538
0 18 9 19 11 10 
10 3 14 5 13 
13 6 4 
4 16 
16 12 
11 1 15 
5 8 
12 2 
6 17 
15 
8 7 
2 
19 
7 
9 
17 
1 
18 
14 
3 
# clone tree 43 objective: 0.625391
0 18 19 8 11 10 
10 5 13 
13 6 4 
4 16 
16 12 
11 1 15 
5 9 
12 2 
6 3 17 
15 
8 7 
2 14 
19 
7 
9 
17 
1 
18 
14 
3 
# clone tree 44 objective: 0.625434
0 14 18 19 11 10 
10 3 5 13 
13 6 4 
4 17 16 
16 12 
11 1 15 
5 8 
12 2 
6 9 
15 
8 7 
2 
19 
7 
9 
17 
1 
18 
14 
3 
# clone tree 45 objective: 0.625463
0 18 9 19 11 10 
10 14 5 13 
13 6 4 
4 16 
16 12 
11 1 15 
5 8 
12 2 
6 17 
15 
8 7 
2 
19 
7 3 
9 
17 
1 
18 
14 
3 
# clone tree 46 objective: 0.625517
0 14 18 19 11 10 
10 5 13 
13 6 4 
4 17 16 
16 12 
11 1 15 
5 8 
12 2 
6 9 
15 
8 7 
2 
19 
7 3 
9 
17 
1 
18 
14 
3 
# clone tree 47 objective: 0.625912
0 14 18 19 11 10 
10 9 5 13 
13 6 4 
4 16 
16 12 
11 1 15 
5 8 
12 2 
6 3 17 
15 
8 7 
2 
19 
7 
9 
17 
1 
18 
14 
3 
# clone tree 48 objective: 0.626109
0 18 9 19 11 10 
10 14 5 13 
13 6 4 
4 16 
16 12 
11 1 15 
5 8 
12 2 
6 17 
15 3 
8 7 
2 
19 
7 
9 
17 
1 
18 
14 
3 
# clone tree 49 objective: 0.626163
0 14 18 19 11 10 
10 5 13 
13 6 4 
4 17 16 
16 12 
11 1 15 
5 8 
12 2 
6 9 
15 3 
8 7 
2 
19 
7 
9 
17 
1 
18 
14 
3 
