# clone tree 0 objective: 0.796029
0 2 10 
10 9 16 
16 1 
1 15 4 
4 6 14 
15 5 13 
14 3 18 
13 12 
9 8 
12 11 
18 17 
8 19 
11 7 
3 
19 
7 
6 
2 
5 
17 
# clone tree 1 objective: 0.809379
0 2 10 
10 9 16 
16 1 
1 15 4 
4 6 14 
15 5 13 
14 3 18 
13 12 
9 8 
12 11 
18 
8 19 
11 17 7 
3 
19 
7 
6 
2 
5 
17 
# clone tree 2 objective: 0.817105
0 2 10 
10 9 16 
16 1 
1 15 4 
4 6 14 
15 3 13 
14 7 18 
13 12 
9 8 
12 11 
18 
8 19 
11 17 
3 
19 
7 
6 5 
2 
5 
17 
# clone tree 3 objective: 0.819389
0 2 10 
10 13 16 
16 1 
1 15 4 
4 6 14 
15 5 9 
14 3 18 
13 12 
9 8 
12 11 
18 17 
8 19 
11 7 
3 
19 
7 
6 
2 
5 
17 
# clone tree 4 objective: 0.821457
0 2 10 
10 17 9 16 
16 1 
1 15 4 
4 6 14 
15 5 13 
14 3 18 
13 12 
9 8 
12 11 
18 
8 19 
11 7 
3 
19 
7 
6 
2 
5 
17 
# clone tree 5 objective: 0.8227
0 2 10 
10 5 9 16 
16 1 
1 15 4 
4 6 14 
15 3 13 
14 7 18 
13 12 
9 8 
12 11 
18 
8 19 
11 17 
3 
19 
7 
6 
2 
5 
17 
# clone tree 6 objective: 0.823632
0 2 10 
10 13 16 
16 1 
1 15 4 
4 6 14 
15 17 5 9 
14 3 18 
13 12 
9 8 
12 11 
18 
8 19 
11 7 
3 
19 
7 
6 
2 
5 
17 
# clone tree 7 objective: 0.824819
0 2 10 
10 9 16 
16 1 
1 15 4 
4 6 14 
15 3 13 
14 18 
13 12 
9 8 
12 11 
18 17 
8 19 
11 7 
3 
19 
7 
6 5 
2 
5 
17 
# clone tree 8 objective: 0.826993
0 2 10 
10 9 16 
16 1 
1 15 4 
4 6 14 
15 13 
14 3 18 
13 12 
9 8 
12 11 
18 17 
8 19 
11 7 
3 
19 
7 
6 5 
2 
5 
17 
# clone tree 9 objective: 0.827414
0 2 10 
10 9 16 
16 1 
1 15 4 
4 6 14 
15 3 13 
14 7 18 
13 12 
9 8 
12 11 
18 17 
8 19 
11 
3 
19 
7 
6 5 
2 
5 
17 
