# clone tree 0 objective: 0.994861
0 2 11 
11 9 
9 18 6 10 
10 19 5 
2 17 4 3 
13 14 
5 13 
14 7 16 
16 1 
12 15 
3 12 
19 
4 
1 
6 8 
18 
15 
17 
8 
7 
# clone tree 1 objective: 1.00081
0 2 11 
11 9 
9 18 6 10 
10 19 5 
2 17 4 3 
13 14 
5 13 
14 16 
16 1 
12 15 
3 12 
19 
4 7 
1 
6 8 
18 
15 
17 
8 
7 
# clone tree 2 objective: 1.00945
0 2 11 
11 9 
9 18 6 10 
10 19 5 
2 17 4 3 
13 14 
5 13 
14 7 16 
16 1 
12 15 
3 12 
19 
4 8 
1 
6 
18 
15 
17 
8 
7 
# clone tree 3 objective: 1.01021
0 2 11 
11 9 
9 18 6 10 
10 19 5 
2 17 4 3 
13 14 
5 13 
14 7 16 
16 1 
12 
3 12 
19 
4 15 
1 
6 8 
18 
15 
17 
8 
7 
# clone tree 4 objective: 1.01372
0 2 11 
11 9 
9 18 6 10 
10 19 5 
2 17 4 3 
13 14 
5 13 
14 7 16 
16 8 1 
12 15 
3 12 
19 
4 
1 
6 
18 
15 
17 
8 
7 
# clone tree 5 objective: 1.01466
0 7 2 11 
11 9 
9 18 6 10 
10 19 5 
2 17 4 3 
13 14 
5 13 
14 16 
16 1 
12 15 
3 12 
19 
4 
1 
6 8 
18 
15 
17 
8 
7 
# clone tree 6 objective: 1.01573
0 2 11 
11 9 
9 18 6 10 
10 19 5 
2 17 4 3 
13 14 
5 13 
14 15 16 
16 1 
12 
3 12 
19 
4 7 
1 
6 8 
18 
15 
17 
8 
7 
# clone tree 7 objective: 1.01825
0 2 11 
11 9 
9 18 6 10 
10 19 5 
2 8 17 4 3 
13 14 
5 13 
14 7 16 
16 1 
12 15 
3 12 
19 
4 
1 
6 
18 
15 
17 
8 
7 
# clone tree 8 objective: 1.01879
0 2 11 
11 9 
9 18 6 10 
10 19 5 
2 4 3 
13 14 
5 13 
14 7 16 
16 17 1 
12 15 
3 12 
19 
4 
1 
6 8 
18 
15 
17 
8 
7 
# clone tree 9 objective: 1.01918
0 2 11 
11 15 9 
9 18 6 10 
10 19 5 
2 17 4 3 
13 14 
5 13 
14 7 16 
16 1 
12 
3 12 
19 
4 
1 
6 8 
18 
15 
17 
8 
7 
