# clone tree 0 objective: 1.72639
0 3 
3 5 
5 8 
8 16 
16 13 
13 11 12 9 
9 4 14 
6 2 
14 6 
12 10 
2 1 18 
4 15 
15 7 
10 17 
7 19 
11 
19 
18 
17 
1 
# clone tree 1 objective: 1.73566
0 3 
3 5 
5 8 
8 16 
16 13 
13 11 12 9 
9 4 14 
6 2 
14 6 
12 10 
2 1 18 
4 7 
15 19 
10 17 
7 15 
11 
19 
18 
17 
1 
# clone tree 2 objective: 1.75329
0 3 
3 5 
5 17 8 
8 16 
16 13 
13 11 12 9 
9 4 14 
6 2 
14 6 
12 10 
2 1 18 
4 15 
15 7 
10 
7 19 
11 
19 
18 
17 
1 
# clone tree 3 objective: 1.75706
0 3 
3 17 5 
5 8 
8 16 
16 13 
13 11 12 9 
9 4 14 
6 2 
14 6 
12 10 
2 1 18 
4 15 
15 7 
10 
7 19 
11 
19 
18 
17 
1 
# clone tree 4 objective: 1.76042
0 3 
3 5 
5 8 
8 16 
16 13 
13 11 12 9 
9 4 14 
6 2 
14 6 
12 10 
2 18 19 
4 15 
15 7 
10 17 
7 1 
11 
19 
18 
17 
1 
# clone tree 5 objective: 1.76063
0 3 
3 5 
5 8 
8 16 
16 13 
13 11 12 9 
9 4 14 
6 2 
14 6 
12 10 
2 18 
4 15 
15 7 
10 17 
7 19 
11 1 
19 
18 
17 
1 
# clone tree 6 objective: 1.76255
0 3 
3 5 
5 17 8 
8 16 
16 13 
13 11 12 9 
9 4 14 
6 2 
14 6 
12 10 
2 1 18 
4 7 
15 19 
10 
7 15 
11 
19 
18 
17 
1 
# clone tree 7 objective: 1.76339
0 3 
3 5 
5 8 
8 16 
16 13 
13 11 12 9 
9 4 14 
6 2 
14 6 
12 10 
2 15 
4 7 
15 18 
10 17 
7 19 
11 1 
19 
18 
17 
1 
# clone tree 8 objective: 1.76633
0 3 
3 17 5 
5 8 
8 16 
16 13 
13 11 12 9 
9 4 14 
6 2 
14 6 
12 10 
2 1 18 
4 7 
15 19 
10 
7 15 
11 
19 
18 
17 
1 
# clone tree 9 objective: 1.76797
0 3 
3 5 
5 8 
8 16 
16 13 
13 11 12 9 
9 4 14 
6 2 
14 6 
12 10 
2 1 19 
4 15 
15 7 
10 17 
7 18 
11 
19 
18 
17 
1 
# clone tree 10 objective: 1.7699
0 3 
3 5 
5 8 
8 16 
16 13 
13 11 12 9 
9 4 14 
6 2 
14 6 
12 10 
2 18 
4 7 
15 19 
10 17 
7 15 
11 1 
19 
18 
17 
1 
# clone tree 11 objective: 1.77165
0 3 
3 5 
5 8 
8 16 
16 13 
13 11 12 9 
9 4 14 
6 2 
14 6 
12 10 
2 1 18 
4 15 
15 7 
10 
7 19 
11 
19 17 
18 
17 
1 
# clone tree 12 objective: 1.77421
0 1 3 
3 5 
5 8 
8 16 
16 13 
13 11 12 9 
9 4 14 
6 2 
14 6 
12 10 
2 18 
4 15 
15 7 
10 17 
7 19 
11 
19 
18 
17 
1 
# clone tree 13 objective: 1.77436
0 3 
3 5 
5 8 
8 16 
16 13 
13 11 12 9 
9 4 14 
6 2 
14 6 
12 10 
2 1 15 
4 7 
15 18 
10 17 
7 19 
11 
19 
18 
17 
1 
# clone tree 14 objective: 1.77632
0 3 
3 5 
5 8 
8 16 
16 13 
13 11 12 9 
9 4 14 
6 2 
14 6 
12 10 
2 18 
4 15 
15 7 
10 1 17 
7 19 
11 
19 
18 
17 
1 
# clone tree 15 objective: 1.77655
0 3 
3 5 
5 8 
8 16 
16 13 
13 11 12 9 
9 4 14 
6 2 
14 6 
12 10 
2 18 19 
4 7 
15 1 
10 17 
7 15 
11 
19 
18 
17 
1 
# clone tree 16 objective: 1.77697
0 1 3 
3 5 
5 8 
8 16 
16 13 
13 11 12 9 
9 4 14 
6 2 
14 6 
12 10 
2 15 
4 7 
15 18 
10 17 
7 19 
11 
19 
18 
17 
1 
# clone tree 17 objective: 1.77761
0 3 
3 5 
5 8 
8 16 
16 13 
13 11 12 9 
9 4 14 
6 2 
14 6 
12 10 
2 1 19 
4 7 
15 18 
10 17 
7 15 
11 
19 
18 
17 
1 
# clone tree 18 objective: 1.77785
0 3 
3 5 
5 8 
8 16 
16 13 
13 11 12 9 
9 4 14 
6 2 
14 6 
12 10 
2 18 7 
4 15 
15 19 
10 17 
7 1 
11 
19 
18 
17 
1 
# clone tree 19 objective: 1.77907
0 3 
3 5 
5 8 
8 16 
16 13 
13 11 12 9 
9 4 14 
6 2 
14 6 
12 10 
2 15 
4 7 
15 18 
10 1 17 
7 19 
11 
19 
18 
17 
1 
# clone tree 20 objective: 1.78051
0 3 
3 5 
5 8 
8 16 
16 13 
13 11 12 9 
9 4 14 
6 2 
14 6 
12 10 
2 18 
4 15 
15 7 
10 17 
7 19 
11 
19 
18 1 
17 
1 
# clone tree 21 objective: 1.78092
0 3 
3 5 
5 8 
8 16 
16 13 
13 11 12 9 
9 4 14 
6 2 
14 6 
12 10 
2 1 18 
4 7 
15 19 
10 
7 15 
11 
19 17 
18 
17 
1 
# clone tree 22 objective: 1.78184
0 3 
3 5 
5 8 
8 16 
16 13 
13 11 12 9 
9 4 14 
6 2 
14 6 
12 19 10 
2 1 18 
4 15 
15 7 
10 17 
7 
11 
19 
18 
17 
1 
# clone tree 23 objective: 1.78327
0 3 
3 5 
5 8 
8 16 
16 13 
13 11 12 9 
9 4 14 
6 2 
14 6 
12 10 
2 15 
4 7 
15 18 
10 17 
7 19 
11 
19 
18 1 
17 
1 
# clone tree 24 objective: 1.78348
0 1 3 
3 5 
5 8 
8 16 
16 13 
13 11 12 9 
9 4 14 
6 2 
14 6 
12 10 
2 18 
4 7 
15 19 
10 17 
7 15 
11 
19 
18 
17 
1 
# clone tree 25 objective: 1.78416
0 3 
3 5 
5 17 8 
8 16 
16 13 
13 11 12 9 
9 4 14 
6 2 
14 6 
12 10 
2 18 
4 15 
15 7 
10 1 
7 19 
11 
19 
18 
17 
1 
# clone tree 26 objective: 1.78558
0 3 
3 5 
5 8 
8 16 
16 13 
13 11 12 9 
9 4 14 
6 2 
14 6 
12 10 
2 18 
4 7 
15 19 
10 1 17 
7 15 
11 
19 
18 
17 
1 
# clone tree 27 objective: 1.78633
0 3 
3 5 
5 8 
8 16 
16 13 
13 11 12 9 
9 4 14 
6 2 
14 6 
12 19 10 
2 18 
4 15 
15 7 
10 17 
7 1 
11 
19 
18 
17 
1 
# clone tree 28 objective: 1.78692
0 3 
3 5 
5 17 8 
8 16 
16 13 
13 11 12 9 
9 4 14 
6 2 
14 6 
12 10 
2 15 
4 7 
15 18 
10 1 
7 19 
11 
19 
18 
17 
1 
# clone tree 29 objective: 1.78731
0 3 
3 5 
5 17 8 
8 16 
16 13 
13 11 12 9 
9 4 14 
6 2 
14 6 
12 10 
2 18 19 
4 15 
15 7 
10 
7 1 
11 
19 
18 
17 
1 
# clone tree 30 objective: 1.78753
0 3 
3 5 
5 17 8 
8 16 
16 13 
13 11 12 9 
9 4 14 
6 2 
14 6 
12 10 
2 18 
4 15 
15 7 
10 
7 19 
11 1 
19 
18 
17 
1 
# clone tree 31 objective: 1.78794
0 3 
3 17 5 
5 8 
8 16 
16 13 
13 11 12 9 
9 4 14 
6 2 
14 6 
12 10 
2 18 
4 15 
15 7 
10 1 
7 19 
11 
19 
18 
17 
1 
# clone tree 32 objective: 1.78833
0 3 
3 5 
5 8 
8 16 
16 13 
13 11 12 9 
9 4 14 
6 17 2 
14 6 
12 10 
2 1 18 
4 15 
15 7 
10 
7 19 
11 
19 
18 
17 
1 
# clone tree 33 objective: 1.78844
0 3 
3 5 
5 8 
8 16 
16 13 
13 11 12 9 
9 4 14 
6 2 
14 6 
12 10 
2 1 18 
4 15 
15 7 
10 
7 19 
11 17 
19 
18 
17 
1 
# clone tree 34 objective: 1.78854
0 3 
3 5 
5 8 
8 16 
16 13 
13 11 12 9 
9 4 14 
6 2 
14 6 
12 17 10 
2 1 18 
4 15 
15 7 
10 
7 19 
11 
19 
18 
17 
1 
# clone tree 35 objective: 1.78978
0 3 
3 5 
5 8 
8 16 
16 13 
13 11 12 9 
9 4 14 
6 2 
14 6 
12 10 
2 18 
4 7 
15 19 
10 17 
7 15 
11 
19 
18 1 
17 
1 
# clone tree 36 objective: 1.79017
0 3 
3 5 
5 8 
8 16 
16 13 
13 11 12 9 
9 4 14 
6 2 
14 6 
12 10 
2 18 19 
4 15 
15 7 
10 17 
7 
11 1 
19 
18 
17 
1 
# clone tree 37 objective: 1.79028
0 3 
3 5 
5 17 8 
8 16 
16 13 
13 11 12 9 
9 4 14 
6 2 
14 6 
12 10 
2 15 
4 7 
15 18 
10 
7 19 
11 1 
19 
18 
17 
1 
# clone tree 38 objective: 1.79069
0 3 
3 17 5 
5 8 
8 16 
16 13 
13 11 12 9 
9 4 14 
6 2 
14 6 
12 10 
2 15 
4 7 
15 18 
10 1 
7 19 
11 
19 
18 
17 
1 
# clone tree 39 objective: 1.79109
0 3 
3 17 5 
5 8 
8 16 
16 13 
13 11 12 9 
9 4 14 
6 2 
14 6 
12 10 
2 18 19 
4 15 
15 7 
10 
7 1 
11 
19 
18 
17 
1 
# clone tree 40 objective: 1.7913
0 3 
3 17 5 
5 8 
8 16 
16 13 
13 11 12 9 
9 4 14 
6 2 
14 6 
12 10 
2 18 
4 15 
15 7 
10 
7 19 
11 1 
19 
18 
17 
1 
# clone tree 41 objective: 1.79145
0 3 
3 5 
5 8 
8 16 
16 13 
13 11 12 9 
9 4 14 
6 2 
14 6 
12 10 
2 18 7 
4 15 
15 1 
10 17 
7 19 
11 
19 
18 
17 
1 
# clone tree 42 objective: 1.79148
0 3 
3 5 
5 8 
8 16 
16 13 
13 11 12 9 
9 4 14 
6 2 
14 6 
12 19 10 
2 1 18 
4 7 
15 
10 17 
7 15 
11 
19 
18 
17 
1 
# clone tree 43 objective: 1.79246
0 3 
3 5 
5 8 
8 16 
16 13 
13 11 12 9 
9 4 14 
6 2 
14 6 
12 10 
2 18 
4 15 
15 7 
10 17 
7 1 19 
11 
19 
18 
17 
1 
# clone tree 44 objective: 1.79315
0 3 
3 5 
5 8 
8 16 
16 13 
13 11 12 9 
9 4 14 
6 2 
14 6 
12 10 
2 1 7 
4 15 
15 19 
10 17 
7 18 
11 
19 
18 
17 
1 
# clone tree 45 objective: 1.79343
0 3 
3 5 
5 17 8 
8 16 
16 13 
13 11 12 9 
9 4 14 
6 2 
14 6 
12 10 
2 18 
4 7 
15 19 
10 1 
7 15 
11 
19 
18 
17 
1 
# clone tree 46 objective: 1.79406
0 3 
3 17 5 
5 8 
8 16 
16 13 
13 11 12 9 
9 4 14 
6 2 
14 6 
12 10 
2 15 
4 7 
15 18 
10 
7 19 
11 1 
19 
18 
17 
1 
# clone tree 47 objective: 1.79416
0 3 
3 5 
5 8 
8 16 
16 13 
13 11 12 9 
9 4 14 
6 2 
14 6 
12 10 
2 15 
4 7 
15 19 
10 17 
7 18 
11 1 
19 
18 
17 
1 
# clone tree 48 objective: 1.79465
0 3 
3 5 
5 8 
8 16 
16 13 
13 11 12 9 
9 4 14 
6 2 
14 6 
12 10 
2 7 
4 15 
15 19 
10 17 
7 18 
11 1 
19 
18 
17 
1 
# clone tree 49 objective: 1.79471
0 3 
3 5 
5 8 
8 16 
16 13 
13 11 12 9 
9 4 14 
6 2 
14 6 
12 10 
2 1 7 
4 15 
15 18 
10 17 
7 19 
11 
19 
18 
17 
1 
