# clone tree 0 objective: 1.30324
0 19 10 
10 18 12 4 11 
11 16 1 
1 3 
3 9 
9 5 
5 6 2 
2 15 
4 8 
15 14 
8 13 
14 7 
6 17 
7 
19 
17 
13 
12 
18 
16 
# clone tree 1 objective: 1.30389
0 19 10 
10 4 11 
11 16 1 
1 3 
3 9 
9 5 
5 8 2 
2 15 
4 18 6 
15 14 
8 12 13 
14 7 
6 17 
7 
19 
17 
13 
12 
18 
16 
# clone tree 2 objective: 1.30493
0 19 10 
10 12 4 11 
11 16 1 
1 3 
3 9 
9 5 
5 8 2 
2 15 
4 18 6 
15 14 
8 13 
14 7 
6 17 
7 
19 
17 
13 
12 
18 
16 
# clone tree 3 objective: 1.30864
0 19 10 
10 18 4 11 
11 16 1 
1 3 
3 9 
9 5 
5 6 2 
2 15 
4 8 
15 14 
8 12 13 
14 7 
6 17 
7 
19 
17 
13 
12 
18 
16 
# clone tree 4 objective: 1.31027
0 19 10 
10 18 4 11 
11 16 1 
1 3 
3 9 
9 5 
5 15 2 
2 12 6 
4 8 
15 14 
8 13 
14 7 
6 17 
7 
19 
17 
13 
12 
18 
16 
# clone tree 5 objective: 1.31085
0 19 10 
10 12 4 11 
11 16 1 
1 18 3 
3 9 
9 5 
5 6 2 
2 15 
4 8 
15 14 
8 13 
14 7 
6 17 
7 
19 
17 
13 
12 
18 
16 
# clone tree 6 objective: 1.31093
0 19 10 
10 18 12 4 11 
11 1 
1 3 
3 9 
9 5 
5 6 2 
2 16 15 
4 8 
15 14 
8 13 
14 7 
6 17 
7 
19 
17 
13 
12 
18 
16 
# clone tree 7 objective: 1.31095
0 19 10 
10 4 11 
11 1 
1 3 
3 9 
9 5 
5 15 2 
2 16 8 
4 18 6 
15 14 
8 12 13 
14 7 
6 17 
7 
19 
17 
13 
12 
18 
16 
# clone tree 8 objective: 1.3113
0 19 10 
10 18 12 4 11 
11 1 
1 3 
3 9 
9 5 
5 6 2 
2 15 
4 8 
15 14 
8 13 
14 7 
6 17 
7 
19 
17 16 
13 
12 
18 
16 
# clone tree 9 objective: 1.31157
0 19 10 
10 4 11 
11 1 
1 3 
3 9 
9 5 
5 8 2 
2 16 15 
4 18 6 
15 14 
8 12 13 
14 7 
6 17 
7 
19 
17 
13 
12 
18 
16 
# clone tree 10 objective: 1.3117
0 19 10 
10 4 11 
11 1 
1 3 
3 9 
9 5 
5 8 2 
2 15 
4 18 6 
15 14 
8 12 13 
14 7 
6 17 
7 
19 
17 16 
13 
12 
18 
16 
# clone tree 11 objective: 1.31199
0 19 10 
10 12 4 11 
11 1 
1 3 
3 9 
9 5 
5 15 2 
2 16 8 
4 18 6 
15 14 
8 13 
14 7 
6 17 
7 
19 
17 
13 
12 
18 
16 
# clone tree 12 objective: 1.31261
0 19 10 
10 12 4 11 
11 1 
1 3 
3 9 
9 5 
5 8 2 
2 16 15 
4 18 6 
15 14 
8 13 
14 7 
6 17 
7 
19 
17 
13 
12 
18 
16 
# clone tree 13 objective: 1.31274
0 19 10 
10 12 4 11 
11 1 
1 3 
3 9 
9 5 
5 8 2 
2 15 
4 18 6 
15 14 
8 13 
14 7 
6 17 
7 
19 
17 16 
13 
12 
18 
16 
# clone tree 14 objective: 1.31298
0 19 10 
10 18 4 11 
11 16 1 
1 3 
3 9 
9 5 
5 8 2 
2 15 
4 6 
15 14 
8 12 13 
14 7 
6 17 
7 
19 
17 
13 
12 
18 
16 
# clone tree 15 objective: 1.31314
0 19 10 
10 4 11 
11 16 1 
1 3 
3 9 
9 5 
5 15 2 
2 8 
4 18 6 
15 14 
8 12 13 
14 7 
6 17 
7 
19 
17 
13 
12 
18 
16 
# clone tree 16 objective: 1.31321
0 19 10 
10 18 12 4 11 
11 1 
1 3 
3 9 
9 5 
5 6 2 
2 15 
4 16 8 
15 14 
8 13 
14 7 
6 17 
7 
19 
17 
13 
12 
18 
16 
# clone tree 17 objective: 1.31418
0 19 10 
10 12 4 11 
11 16 1 
1 3 
3 9 
9 5 
5 15 2 
2 8 
4 18 6 
15 14 
8 13 
14 7 
6 17 
7 
19 
17 
13 
12 
18 
16 
# clone tree 18 objective: 1.3149
0 19 10 
10 18 12 4 11 
11 1 
1 3 
3 9 
9 5 
5 6 2 
2 15 
4 8 
15 14 
8 13 
14 7 
6 17 
7 16 
19 
17 
13 
12 
18 
16 
# clone tree 19 objective: 1.31541
0 19 10 
10 18 12 4 11 
11 16 1 
1 3 
3 9 
9 5 
5 8 2 
2 15 
4 6 
15 14 
8 13 
14 7 
6 17 
7 
19 
17 
13 
12 
18 
16 
# clone tree 20 objective: 1.31555
0 19 10 
10 4 11 
11 1 
1 3 
3 9 
9 5 
5 8 2 
2 15 
4 18 6 
15 14 
8 12 13 
14 7 
6 17 
7 16 
19 
17 
13 
12 
18 
16 
# clone tree 21 objective: 1.31567
0 19 10 
10 18 4 11 
11 16 1 
1 3 
3 9 
9 5 
5 6 2 
2 12 15 
4 8 
15 14 
8 13 
14 7 
6 17 
7 
19 
17 
13 
12 
18 
16 
# clone tree 22 objective: 1.31633
0 19 10 
10 18 4 11 
11 1 
1 3 
3 9 
9 5 
5 6 2 
2 16 15 
4 8 
15 14 
8 12 13 
14 7 
6 17 
7 
19 
17 
13 
12 
18 
16 
# clone tree 23 objective: 1.31658
0 19 10 
10 12 4 11 
11 1 
1 3 
3 9 
9 5 
5 8 2 
2 15 
4 18 6 
15 14 
8 13 
14 7 
6 17 
7 16 
19 
17 
13 
12 
18 
16 
# clone tree 24 objective: 1.3167
0 19 10 
10 18 4 11 
11 1 
1 3 
3 9 
9 5 
5 6 2 
2 15 
4 8 
15 14 
8 12 13 
14 7 
6 17 
7 
19 
17 16 
13 
12 
18 
16 
# clone tree 25 objective: 1.31706
0 19 10 
10 18 4 11 
11 1 
1 3 
3 9 
9 5 
5 8 2 
2 15 
4 16 6 
15 14 
8 12 13 
14 7 
6 17 
7 
19 
17 
13 
12 
18 
16 
# clone tree 26 objective: 1.31765
0 19 10 
10 4 11 
11 16 1 
1 18 3 
3 9 
9 5 
5 6 2 
2 15 
4 8 
15 14 
8 12 13 
14 7 
6 17 
7 
19 
17 
13 
12 
18 
16 
# clone tree 27 objective: 1.31807
0 19 10 
10 4 11 
11 1 
1 3 
3 9 
9 5 
5 8 2 
2 15 
4 16 18 6 
15 14 
8 12 13 
14 7 
6 17 
7 
19 
17 
13 
12 
18 
16 
# clone tree 28 objective: 1.31808
0 19 10 
10 18 4 11 
11 1 
1 3 
3 9 
9 5 
5 15 2 
2 12 6 
4 8 
15 14 
8 13 
14 7 
6 17 
7 
19 
17 16 
13 
12 
18 
16 
# clone tree 29 objective: 1.31854
0 19 10 
10 12 4 11 
11 1 
1 18 3 
3 9 
9 5 
5 6 2 
2 16 15 
4 8 
15 14 
8 13 
14 7 
6 17 
7 
19 
17 
13 
12 
18 
16 
# clone tree 30 objective: 1.31861
0 19 10 
10 18 4 11 
11 1 
1 3 
3 9 
9 5 
5 6 2 
2 15 
4 16 8 
15 14 
8 12 13 
14 7 
6 17 
7 
19 
17 
13 
12 
18 
16 
# clone tree 31 objective: 1.31875
0 19 10 
10 4 11 
11 16 1 
1 3 
3 9 
9 5 
5 8 2 
2 12 15 
4 18 6 
15 14 
8 13 
14 7 
6 17 
7 
19 
17 
13 
12 
18 
16 
# clone tree 32 objective: 1.31891
0 19 10 
10 12 4 11 
11 1 
1 18 3 
3 9 
9 5 
5 6 2 
2 15 
4 8 
15 14 
8 13 
14 7 
6 17 
7 
19 
17 16 
13 
12 
18 
16 
# clone tree 33 objective: 1.31911
0 19 10 
10 12 4 11 
11 1 
1 3 
3 9 
9 5 
5 8 2 
2 15 
4 16 18 6 
15 14 
8 13 
14 7 
6 17 
7 
19 
17 
13 
12 
18 
16 
# clone tree 34 objective: 1.31928
0 19 10 
10 4 11 
11 16 1 
1 18 3 
3 9 
9 5 
5 15 2 
2 12 6 
4 8 
15 14 
8 13 
14 7 
6 17 
7 
19 
17 
13 
12 
18 
16 
# clone tree 35 objective: 1.3195
0 19 10 
10 18 12 4 11 
11 1 
1 3 
3 9 
9 5 
5 8 2 
2 15 
4 16 6 
15 14 
8 13 
14 7 
6 17 
7 
19 
17 
13 
12 
18 
16 
# clone tree 36 objective: 1.32004
0 19 10 
10 18 4 11 
11 1 
1 3 
3 9 
9 5 
5 15 2 
2 16 8 
4 6 
15 14 
8 12 13 
14 7 
6 17 
7 
19 
17 
13 
12 
18 
16 
# clone tree 37 objective: 1.3201
0 19 10 
10 18 12 4 11 
11 1 
1 16 3 
3 9 
9 5 
5 6 2 
2 15 
4 8 
15 14 
8 13 
14 7 
6 17 
7 
19 
17 
13 
12 
18 
16 
# clone tree 38 objective: 1.32024
0 19 10 
10 18 4 11 
11 1 
1 3 
3 9 
9 5 
5 15 2 
2 12 6 
4 16 8 
15 14 
8 13 
14 7 
6 17 
7 
19 
17 
13 
12 
18 
16 
# clone tree 39 objective: 1.3203
0 19 10 
10 18 4 11 
11 16 1 
1 3 
3 9 
9 12 5 
5 6 2 
2 15 
4 8 
15 14 
8 13 
14 7 
6 17 
7 
19 
17 
13 
12 
18 
16 
# clone tree 40 objective: 1.3203
0 19 10 
10 18 4 11 
11 1 
1 3 
3 9 
9 5 
5 6 2 
2 15 
4 8 
15 14 
8 12 13 
14 7 
6 17 
7 16 
19 
17 
13 
12 
18 
16 
# clone tree 41 objective: 1.32066
0 19 10 
10 18 4 11 
11 1 
1 3 
3 9 
9 5 
5 8 2 
2 16 15 
4 6 
15 14 
8 12 13 
14 7 
6 17 
7 
19 
17 
13 
12 
18 
16 
# clone tree 42 objective: 1.32067
0 19 10 
10 18 12 4 11 
11 16 1 
1 3 
3 9 
9 5 
5 6 2 
2 15 
4 17 8 
15 14 
8 13 
14 7 
6 
7 
19 
17 
13 
12 
18 
16 
# clone tree 43 objective: 1.32075
0 19 10 
10 16 4 11 
11 1 
1 3 
3 9 
9 5 
5 8 2 
2 15 
4 18 6 
15 14 
8 12 13 
14 7 
6 17 
7 
19 
17 
13 
12 
18 
16 
# clone tree 44 objective: 1.32075
0 19 10 
10 4 11 
11 1 
1 16 3 
3 9 
9 5 
5 8 2 
2 15 
4 18 6 
15 14 
8 12 13 
14 7 
6 17 
7 
19 
17 
13 
12 
18 
16 
# clone tree 45 objective: 1.32079
0 19 10 
10 18 4 11 
11 1 
1 3 
3 9 
9 5 
5 8 2 
2 15 
4 6 
15 14 
8 12 13 
14 7 
6 17 
7 
19 
17 16 
13 
12 
18 
16 
# clone tree 46 objective: 1.32083
0 19 10 
10 12 4 11 
11 1 
1 18 3 
3 9 
9 5 
5 6 2 
2 15 
4 16 8 
15 14 
8 13 
14 7 
6 17 
7 
19 
17 
13 
12 
18 
16 
# clone tree 47 objective: 1.32095
0 19 10 
10 4 11 
11 1 
1 3 
3 9 
9 5 
5 15 2 
2 8 
4 18 6 
15 14 
8 12 13 
14 7 
6 17 
7 
19 
17 16 
13 
12 
18 
16 
# clone tree 48 objective: 1.32096
0 10 
10 18 12 4 11 
11 16 1 
1 3 
3 9 
9 5 
5 19 6 2 
2 15 
4 8 
15 14 
8 13 
14 7 
6 17 
7 
19 
17 
13 
12 
18 
16 
# clone tree 49 objective: 1.32098
0 19 10 
10 18 12 15 11 
11 16 1 
1 3 
3 9 
9 5 
5 6 2 
2 4 
4 8 
15 14 
8 13 
14 7 
6 17 
7 
19 
17 
13 
12 
18 
16 
# clone tree 50 objective: 1.32133
0 19 10 
10 12 4 11 
11 16 1 
1 3 
3 9 
9 5 
5 6 2 
2 15 
4 18 8 
15 14 
8 13 
14 7 
6 17 
7 
19 
17 
13 
12 
18 
16 
# clone tree 51 objective: 1.32154
0 19 10 
10 18 12 4 11 
11 1 
1 3 
3 9 
9 5 
5 6 2 
2 15 
4 8 
15 14 
8 16 13 
14 7 
6 17 
7 
19 
17 
13 
12 
18 
16 
# clone tree 52 objective: 1.32166
0 19 10 
10 18 12 4 11 
11 17 1 
1 3 
3 9 
9 5 
5 6 2 
2 16 15 
4 8 
15 14 
8 13 
14 7 
6 
7 
19 
17 
13 
12 
18 
16 
# clone tree 53 objective: 1.32168
0 19 10 
10 4 11 
11 17 1 
1 3 
3 9 
9 5 
5 15 2 
2 16 8 
4 18 6 
15 14 
8 12 13 
14 7 
6 
7 
19 
17 
13 
12 
18 
16 
# clone tree 54 objective: 1.32171
0 10 
10 18 12 4 11 
11 16 1 
1 3 
3 19 9 
9 5 
5 6 2 
2 15 
4 8 
15 14 
8 13 
14 7 
6 17 
7 
19 
17 
13 
12 
18 
16 
# clone tree 55 objective: 1.32178
0 19 10 
10 16 12 4 11 
11 1 
1 3 
3 9 
9 5 
5 8 2 
2 15 
4 18 6 
15 14 
8 13 
14 7 
6 17 
7 
19 
17 
13 
12 
18 
16 
# clone tree 56 objective: 1.32178
0 19 10 
10 12 4 11 
11 1 
1 16 3 
3 9 
9 5 
5 8 2 
2 15 
4 18 6 
15 14 
8 13 
14 7 
6 17 
7 
19 
17 
13 
12 
18 
16 
# clone tree 57 objective: 1.32179
0 19 10 
10 18 12 4 11 
11 17 1 
1 3 
3 9 
9 5 
5 6 2 
2 15 
4 8 
15 14 
8 13 
14 7 
6 
7 
19 
17 16 
13 
12 
18 
16 
# clone tree 58 objective: 1.32193
0 19 10 
10 18 4 11 
11 1 
1 3 
3 9 
9 5 
5 15 2 
2 12 6 
4 8 
15 14 
8 13 
14 7 
6 17 
7 16 
19 
17 
13 
12 
18 
16 
# clone tree 59 objective: 1.32198
0 19 10 
10 18 12 4 11 
11 3 
1 9 
3 1 
9 5 
5 16 6 2 
2 15 
4 8 
15 14 
8 13 
14 7 
6 17 
7 
19 
17 
13 
12 
18 
16 
# clone tree 60 objective: 1.32198
0 19 10 
10 18 12 4 11 
11 3 
1 9 
3 1 
9 5 
5 6 2 
2 16 15 
4 8 
15 14 
8 13 
14 7 
6 17 
7 
19 
17 
13 
12 
18 
16 
# clone tree 61 objective: 1.32199
0 19 10 
10 4 11 
11 16 1 
1 18 3 
3 9 
9 5 
5 8 2 
2 15 
4 6 
15 14 
8 12 13 
14 7 
6 17 
7 
19 
17 
13 
12 
18 
16 
# clone tree 62 objective: 1.32199
0 19 10 
10 12 4 11 
11 1 
1 3 
3 9 
9 5 
5 15 2 
2 8 
4 18 6 
15 14 
8 13 
14 7 
6 17 
7 
19 
17 16 
13 
12 
18 
16 
# clone tree 63 objective: 1.32204
0 19 10 
10 18 12 4 11 
11 17 1 
1 3 
3 9 
9 5 
5 6 2 
2 15 
4 8 
15 14 
8 13 
14 7 
6 16 
7 
19 
17 
13 
12 
18 
16 
# clone tree 64 objective: 1.32206
0 19 10 
10 16 18 12 4 11 
11 1 
1 3 
3 9 
9 5 
5 6 2 
2 15 
4 8 
15 14 
8 13 
14 7 
6 17 
7 
19 
17 
13 
12 
18 
16 
# clone tree 65 objective: 1.32223
0 19 10 
10 18 4 11 
11 16 1 
1 3 
3 9 
9 5 
5 15 2 
2 8 
4 6 
15 14 
8 12 13 
14 7 
6 17 
7 
19 
17 
13 
12 
18 
16 
# clone tree 66 objective: 1.32231
0 19 10 
10 4 11 
11 17 1 
1 3 
3 9 
9 5 
5 8 2 
2 16 15 
4 18 6 
15 14 
8 12 13 
14 7 
6 
7 
19 
17 
13 
12 
18 
16 
# clone tree 67 objective: 1.32235
0 19 10 
10 18 12 4 11 
11 3 
1 9 
3 1 
9 5 
5 6 2 
2 15 
4 8 
15 14 
8 13 
14 7 
6 17 
7 
19 
17 16 
13 
12 
18 
16 
# clone tree 68 objective: 1.32235
0 10 
10 4 11 
11 16 1 
1 3 
3 19 9 
9 5 
5 8 2 
2 15 
4 18 6 
15 14 
8 12 13 
14 7 
6 17 
7 
19 
17 
13 
12 
18 
16 
# clone tree 69 objective: 1.32244
0 19 10 
10 4 11 
11 17 1 
1 3 
3 9 
9 5 
5 8 2 
2 15 
4 18 6 
15 14 
8 12 13 
14 7 
6 
7 
19 
17 16 
13 
12 
18 
16 
# clone tree 70 objective: 1.32247
0 19 10 
10 18 12 4 11 
11 1 
1 3 
3 9 
9 5 
5 15 2 
2 16 8 
4 6 
15 14 
8 13 
14 7 
6 17 
7 
19 
17 
13 
12 
18 
16 
# clone tree 71 objective: 1.32251
0 19 10 
10 12 4 11 
11 1 
1 18 3 
3 9 
9 5 
5 6 2 
2 15 
4 8 
15 14 
8 13 
14 7 
6 17 
7 16 
19 
17 
13 
12 
18 
16 
# clone tree 72 objective: 1.32268
0 19 10 
10 4 11 
11 17 1 
1 3 
3 9 
9 5 
5 8 2 
2 15 
4 18 6 
15 14 
8 12 13 
14 7 
6 16 
7 
19 
17 
13 
12 
18 
16 
# clone tree 73 objective: 1.32272
0 19 10 
10 12 4 11 
11 17 1 
1 3 
3 9 
9 5 
5 15 2 
2 16 8 
4 18 6 
15 14 
8 13 
14 7 
6 
7 
19 
17 
13 
12 
18 
16 
# clone tree 74 objective: 1.32294
0 19 10 
10 4 11 
11 1 
1 3 
3 9 
9 5 
5 16 8 2 
2 15 
4 18 6 
15 14 
8 12 13 
14 7 
6 17 
7 
19 
17 
13 
12 
18 
16 
# clone tree 75 objective: 1.32303
0 19 10 
10 12 4 11 
11 16 1 
1 18 3 
3 9 
9 5 
5 8 2 
2 15 
4 6 
15 14 
8 13 
14 7 
6 17 
7 
19 
17 
13 
12 
18 
16 
# clone tree 76 objective: 1.3231
0 19 10 
10 18 12 4 11 
11 1 
1 3 
3 9 
9 5 
5 8 2 
2 16 15 
4 6 
15 14 
8 13 
14 7 
6 17 
7 
19 
17 
13 
12 
18 
16 
# clone tree 77 objective: 1.32323
0 19 10 
10 18 12 4 11 
11 1 
1 3 
3 9 
9 5 
5 8 2 
2 15 
4 6 
15 14 
8 13 
14 7 
6 17 
7 
19 
17 16 
13 
12 
18 
16 
# clone tree 78 objective: 1.32323
0 19 10 
10 12 4 11 
11 1 
1 3 
3 9 
9 5 
5 8 2 
2 15 
4 18 6 
15 14 
8 16 13 
14 7 
6 17 
7 
19 
17 
13 
12 
18 
16 
# clone tree 79 objective: 1.32335
0 19 10 
10 12 4 11 
11 17 1 
1 3 
3 9 
9 5 
5 8 2 
2 16 15 
4 18 6 
15 14 
8 13 
14 7 
6 
7 
19 
17 
13 
12 
18 
16 
# clone tree 80 objective: 1.32335
0 19 10 
10 18 4 11 
11 1 
1 3 
3 9 
9 5 
5 6 2 
2 16 12 15 
4 8 
15 14 
8 13 
14 7 
6 17 
7 
19 
17 
13 
12 
18 
16 
# clone tree 81 objective: 1.32338
0 19 10 
10 4 11 
11 16 1 
1 3 
3 9 
9 12 5 
5 8 2 
2 15 
4 18 6 
15 14 
8 13 
14 7 
6 17 
7 
19 
17 
13 
12 
18 
16 
# clone tree 82 objective: 1.32339
0 10 
10 12 4 11 
11 16 1 
1 3 
3 19 9 
9 5 
5 8 2 
2 15 
4 18 6 
15 14 
8 13 
14 7 
6 17 
7 
19 
17 
13 
12 
18 
16 
# clone tree 83 objective: 1.32347
0 19 10 
10 18 12 4 11 
11 16 3 
1 9 
3 1 
9 5 
5 6 2 
2 15 
4 8 
15 14 
8 13 
14 7 
6 17 
7 
19 
17 
13 
12 
18 
16 
# clone tree 84 objective: 1.32348
0 19 10 
10 12 4 11 
11 17 1 
1 3 
3 9 
9 5 
5 8 2 
2 15 
4 18 6 
15 14 
8 13 
14 7 
6 
7 
19 
17 16 
13 
12 
18 
16 
# clone tree 85 objective: 1.32371
0 19 10 
10 18 4 11 
11 16 1 
1 12 3 
3 9 
9 5 
5 6 2 
2 15 
4 8 
15 14 
8 13 
14 7 
6 17 
7 
19 
17 
13 
12 
18 
16 
# clone tree 86 objective: 1.32372
0 19 10 
10 12 4 11 
11 17 1 
1 3 
3 9 
9 5 
5 8 2 
2 15 
4 18 6 
15 14 
8 13 
14 7 
6 16 
7 
19 
17 
13 
12 
18 
16 
# clone tree 87 objective: 1.32373
0 19 10 
10 18 4 11 
11 1 
1 3 
3 9 
9 5 
5 6 2 
2 12 15 
4 8 
15 14 
8 13 
14 7 
6 17 
7 
19 
17 16 
13 
12 
18 
16 
# clone tree 88 objective: 1.32376
0 19 10 
10 18 4 11 
11 16 1 
1 3 
3 9 
9 5 
5 6 2 
2 15 
4 8 
15 14 
8 13 
14 12 7 
6 17 
7 
19 
17 
13 
12 
18 
16 
# clone tree 89 objective: 1.32395
0 19 10 
10 18 12 4 11 
11 17 1 
1 3 
3 9 
9 5 
5 6 2 
2 15 
4 16 8 
15 14 
8 13 
14 7 
6 
7 
19 
17 
13 
12 
18 
16 
# clone tree 90 objective: 1.32397
0 19 10 
10 12 4 11 
11 1 
1 3 
3 9 
9 5 
5 16 8 2 
2 15 
4 18 6 
15 14 
8 13 
14 7 
6 17 
7 
19 
17 
13 
12 
18 
16 
# clone tree 91 objective: 1.32425
0 19 10 
10 12 4 11 
11 1 
1 3 
3 9 
9 5 
5 8 2 
2 15 
4 18 13 6 
15 14 
8 16 
14 7 
6 17 
7 
19 
17 
13 
12 
18 
16 
# clone tree 92 objective: 1.32426
0 19 10 
10 18 12 4 11 
11 3 
1 9 
3 1 
9 5 
5 6 2 
2 15 
4 16 8 
15 14 
8 13 
14 7 
6 17 
7 
19 
17 
13 
12 
18 
16 
# clone tree 93 objective: 1.32429
0 19 10 
10 4 11 
11 16 1 
1 3 
3 9 
9 5 
5 17 8 2 
2 15 
4 18 6 
15 14 
8 12 13 
14 7 
6 
7 
19 
17 
13 
12 
18 
16 
# clone tree 94 objective: 1.32464
0 19 10 
10 18 4 11 
11 1 
1 3 
3 9 
9 5 
5 8 2 
2 15 
4 6 
15 14 
8 12 13 
14 7 
6 17 
7 16 
19 
17 
13 
12 
18 
16 
# clone tree 95 objective: 1.32466
0 19 10 
10 18 12 4 11 
11 16 1 
1 3 
3 9 
9 5 
5 15 2 
2 8 
4 6 
15 14 
8 13 
14 7 
6 17 
7 
19 
17 
13 
12 
18 
16 
# clone tree 96 objective: 1.32468
0 19 10 
10 4 11 
11 16 1 
1 18 3 
3 9 
9 5 
5 6 2 
2 12 15 
4 8 
15 14 
8 13 
14 7 
6 17 
7 
19 
17 
13 
12 
18 
16 
# clone tree 97 objective: 1.3248
0 19 10 
10 4 11 
11 1 
1 3 
3 9 
9 5 
5 15 2 
2 8 
4 18 6 
15 14 
8 12 13 
14 7 
6 17 
7 16 
19 
17 
13 
12 
18 
16 
# clone tree 98 objective: 1.3249
0 10 
10 18 12 4 11 
11 16 1 
1 3 
3 9 
9 5 
5 6 2 
2 15 
4 8 
15 14 
8 13 
14 7 
6 17 
7 19 
19 
17 
13 
12 
18 
16 
# clone tree 99 objective: 1.32513
0 19 10 
10 18 12 4 11 
11 13 3 
1 9 
3 1 
9 5 
5 6 2 
2 15 
4 8 
15 14 
8 16 
14 7 
6 17 
7 
19 
17 
13 
12 
18 
16 
