# clone tree 0 objective: 0.428048
0 6 15 
15 14 10 
10 8 13 
13 12 
12 2 11 5 
5 18 16 7 
7 1 9 
9 19 4 
4 17 
8 3 
19 
16 
11 
3 
18 
1 
2 
14 
6 
17 
# clone tree 1 objective: 0.428873
0 6 15 
15 14 10 
10 8 13 
13 12 
12 2 11 5 
5 18 16 7 
7 1 9 
9 19 4 
4 
8 3 
19 
16 17 
11 
3 
18 
1 
2 
14 
6 
17 
# clone tree 2 objective: 0.430378
0 15 
15 14 10 
10 8 13 
13 12 
12 6 11 5 
5 3 16 7 
7 2 9 
9 19 4 
4 17 
8 1 18 
19 
16 
11 
3 
18 
1 
2 
14 
6 
17 
# clone tree 3 objective: 0.431203
0 15 
15 14 10 
10 8 13 
13 12 
12 6 11 5 
5 3 16 7 
7 2 9 
9 19 4 
4 
8 1 18 
19 
16 17 
11 
3 
18 
1 
2 
14 
6 
17 
# clone tree 4 objective: 0.432293
0 6 15 
15 14 10 
10 8 13 
13 12 
12 11 5 
5 3 16 7 
7 2 9 
9 19 4 
4 17 
8 1 18 
19 
16 
11 
3 
18 
1 
2 
14 
6 
17 
# clone tree 5 objective: 0.433118
0 6 15 
15 14 10 
10 8 13 
13 12 
12 11 5 
5 3 16 7 
7 2 9 
9 19 4 
4 
8 1 18 
19 
16 17 
11 
3 
18 
1 
2 
14 
6 
17 
# clone tree 6 objective: 0.433166
0 6 15 
15 14 10 
10 8 13 
13 12 
12 2 11 5 
5 16 7 
7 1 18 9 
9 19 4 
4 17 
8 3 
19 
16 
11 
3 
18 
1 
2 
14 
6 
17 
# clone tree 7 objective: 0.433991
0 6 15 
15 14 10 
10 8 13 
13 12 
12 2 11 5 
5 16 7 
7 1 18 9 
9 19 4 
4 
8 3 
19 
16 17 
11 
3 
18 
1 
2 
14 
6 
17 
# clone tree 8 objective: 0.434698
0 6 15 
15 14 10 
10 8 13 
13 12 
12 2 11 5 
5 18 16 7 
7 17 1 9 
9 19 4 
4 
8 3 
19 
16 
11 
3 
18 
1 
2 
14 
6 
17 
# clone tree 9 objective: 0.435906
0 6 15 
15 14 10 
10 8 13 
13 12 
12 2 11 5 
5 3 16 7 
7 1 9 
9 19 4 
4 17 
8 18 
19 
16 
11 
3 
18 
1 
2 
14 
6 
17 
