# clone tree 0 objective: 1.44577
0 1 
1 16 
16 4 14 12 
12 13 
13 7 
7 6 
6 5 
5 2 17 9 11 
11 10 15 
9 8 
15 3 
10 19 
17 18 
8 
2 
14 
4 
18 
19 
3 
# clone tree 1 objective: 1.44737
0 1 
1 16 
16 19 4 12 
12 13 
13 7 
7 6 
6 5 
5 2 17 9 11 
11 10 15 
9 8 
15 3 
10 14 
17 18 
8 
2 
14 
4 
18 
19 
3 
# clone tree 2 objective: 1.45198
0 1 
1 16 
16 4 14 12 
12 13 
13 7 
7 5 
6 2 17 9 11 
5 6 
11 10 15 
9 8 
15 3 
10 19 
17 18 
8 
2 
14 
4 
18 
19 
3 
# clone tree 3 objective: 1.45358
0 1 
1 16 
16 19 4 12 
12 13 
13 7 
7 5 
6 2 17 9 11 
5 6 
11 10 15 
9 8 
15 3 
10 14 
17 18 
8 
2 
14 
4 
18 
19 
3 
# clone tree 4 objective: 1.45789
0 1 
1 16 
16 4 12 
12 13 
13 7 
7 6 
6 5 
5 2 17 9 11 
11 10 15 
9 8 
15 3 
10 14 
17 18 
8 
2 
14 19 
4 
18 
19 
3 
# clone tree 5 objective: 1.46163
0 1 
1 16 
16 4 12 
12 13 
13 7 
7 6 
6 5 
5 2 17 9 11 
11 10 15 
9 8 
15 3 
10 14 
17 18 
8 19 
2 
14 
4 
18 
19 
3 
# clone tree 6 objective: 1.46384
0 1 
1 16 
16 9 12 
12 13 
13 7 
7 6 
6 5 
5 4 14 2 17 11 
11 10 15 
9 8 
15 3 
10 19 
17 18 
8 
2 
14 
4 
18 
19 
3 
# clone tree 7 objective: 1.46399
0 1 
1 16 
16 4 12 
12 13 
13 7 
7 6 
6 5 
5 19 2 17 9 11 
11 10 15 
9 8 
15 3 
10 14 
17 18 
8 
2 
14 
4 
18 
19 
3 
# clone tree 8 objective: 1.4641
0 1 
1 16 
16 4 12 
12 13 
13 7 
7 5 
6 2 17 9 11 
5 6 
11 10 15 
9 8 
15 3 
10 14 
17 18 
8 
2 
14 19 
4 
18 
19 
3 
# clone tree 9 objective: 1.46451
0 1 
1 16 
16 4 12 
12 13 
13 7 
7 6 
6 5 
5 14 2 17 9 11 
11 10 15 
9 8 
15 3 
10 19 
17 18 
8 
2 
14 
4 
18 
19 
3 
# clone tree 10 objective: 1.46531
0 1 
1 16 
16 4 14 12 
12 13 
13 7 
7 6 
6 5 
5 2 17 9 11 
11 10 15 
9 8 
15 3 
10 
17 18 
8 
2 
14 19 
4 
18 
19 
3 
# clone tree 11 objective: 1.46567
0 1 
1 16 
16 3 19 4 12 
12 13 
13 7 
7 6 
6 5 
5 2 17 9 11 
11 10 15 
9 8 
15 
10 14 
17 18 
8 
2 
14 
4 
18 
19 
3 
# clone tree 12 objective: 1.46783
0 1 
1 16 
16 4 12 
12 13 
13 7 
7 5 
6 2 17 9 11 
5 6 
11 10 15 
9 8 
15 3 
10 14 
17 18 
8 19 
2 
14 
4 
18 
19 
3 
# clone tree 13 objective: 1.46905
0 1 
1 16 
16 4 14 12 
12 13 
13 7 
7 6 
6 5 
5 2 17 9 11 
11 10 15 
9 8 
15 3 
10 
17 18 
8 19 
2 
14 
4 
18 
19 
3 
# clone tree 14 objective: 1.47013
0 1 
1 16 
16 4 14 12 
12 13 
13 7 
7 6 
6 5 
5 2 17 9 11 
11 10 15 
9 3 8 
15 
10 19 
17 18 
8 
2 
14 
4 
18 
19 
3 
# clone tree 15 objective: 1.47089
0 1 
1 16 
16 4 14 12 
12 13 
13 7 
7 6 
6 5 
5 2 17 9 11 
11 10 15 
9 8 
15 
10 19 
17 18 
8 
2 
14 3 
4 
18 
19 
3 
# clone tree 16 objective: 1.47125
0 1 
1 16 
16 9 12 
12 13 
13 7 
7 6 
6 5 
5 19 4 2 17 11 
11 10 15 
9 8 
15 3 
10 14 
17 18 
8 
2 
14 
4 
18 
19 
3 
# clone tree 17 objective: 1.47141
0 1 
1 16 
16 4 14 12 
12 13 
13 7 
7 6 
6 5 
5 19 2 17 9 11 
11 10 15 
9 8 
15 3 
10 
17 18 
8 
2 
14 
4 
18 
19 
3 
# clone tree 18 objective: 1.47152
0 1 
1 16 
16 4 14 12 
12 13 
13 7 
7 5 
6 2 17 9 11 
5 6 
11 10 15 
9 8 
15 3 
10 
17 18 
8 
2 
14 19 
4 
18 
19 
3 
# clone tree 19 objective: 1.47163
0 1 
1 16 
16 4 14 12 
12 13 
13 7 
7 6 
6 5 
5 2 17 9 11 
11 10 15 
9 8 
15 
10 19 
17 18 
8 
2 3 
14 
4 
18 
19 
3 
# clone tree 20 objective: 1.47174
0 1 
1 16 
16 19 4 12 
12 13 
13 7 
7 6 
6 5 
5 2 17 9 11 
11 10 15 
9 3 8 
15 
10 14 
17 18 
8 
2 
14 
4 
18 
19 
3 
# clone tree 21 objective: 1.47182
0 1 
1 16 
16 4 12 
12 19 13 
13 7 
7 6 
6 5 
5 2 17 9 11 
11 10 15 
9 8 
15 3 
10 14 
17 18 
8 
2 
14 
4 
18 
19 
3 
# clone tree 22 objective: 1.47188
0 1 
1 16 
16 3 19 4 12 
12 13 
13 7 
7 5 
6 2 17 9 11 
5 6 
11 10 15 
9 8 
15 
10 14 
17 18 
8 
2 
14 
4 
18 
19 
3 
# clone tree 23 objective: 1.47224
0 1 
1 16 
16 4 14 12 
12 13 
13 7 
7 6 
6 5 
5 2 17 9 11 
11 10 15 
9 8 
15 
10 19 
17 18 
8 3 
2 
14 
4 
18 
19 
3 
# clone tree 24 objective: 1.4725
0 1 
1 16 
16 19 4 12 
12 13 
13 7 
7 6 
6 5 
5 2 17 9 11 
11 10 15 
9 8 
15 
10 14 
17 18 
8 
2 
14 3 
4 
18 
19 
3 
# clone tree 25 objective: 1.47324
0 1 
1 16 
16 19 4 12 
12 13 
13 7 
7 6 
6 5 
5 2 17 9 11 
11 10 15 
9 8 
15 
10 14 
17 18 
8 
2 3 
14 
4 
18 
19 
3 
# clone tree 26 objective: 1.47354
0 1 
1 16 
16 19 4 12 
12 13 
13 7 
7 6 
6 5 
5 14 2 17 9 11 
11 10 15 
9 8 
15 3 
10 
17 18 
8 
2 
14 
4 
18 
19 
3 
# clone tree 27 objective: 1.47371
0 1 
1 16 
16 4 12 
12 13 
13 7 
7 5 
6 2 17 9 11 
5 19 6 
11 10 15 
9 8 
15 3 
10 14 
17 18 
8 
2 
14 
4 
18 
19 
3 
# clone tree 28 objective: 1.47384
0 1 
1 16 
16 19 4 12 
12 13 
13 7 
7 6 
6 5 
5 2 17 9 11 
11 10 15 
9 8 
15 
10 14 
17 18 
8 3 
2 
14 
4 
18 
19 
3 
# clone tree 29 objective: 1.47526
0 1 
1 16 
16 4 14 12 
12 13 
13 7 
7 5 
6 2 17 9 11 
5 6 
11 10 15 
9 8 
15 3 
10 
17 18 
8 19 
2 
14 
4 
18 
19 
3 
# clone tree 30 objective: 1.47619
0 1 
1 16 
16 3 4 12 
12 13 
13 7 
7 6 
6 5 
5 2 17 9 11 
11 10 15 
9 8 
15 
10 14 
17 18 
8 
2 
14 19 
4 
18 
19 
3 
# clone tree 31 objective: 1.47634
0 1 
1 16 
16 4 14 12 
12 13 
13 7 
7 5 
6 2 17 9 11 
5 6 
11 10 15 
9 3 8 
15 
10 19 
17 18 
8 
2 
14 
4 
18 
19 
3 
# clone tree 32 objective: 1.47703
0 1 
1 16 
16 4 12 
12 13 
13 7 
7 6 
6 5 
5 2 17 9 11 
11 10 15 
9 8 
15 3 
10 19 14 
17 18 
8 
2 
14 
4 
18 
19 
3 
# clone tree 33 objective: 1.4771
0 1 
1 16 
16 4 14 12 
12 13 
13 7 
7 5 
6 2 17 9 11 
5 6 
11 10 15 
9 8 
15 
10 19 
17 18 
8 
2 
14 3 
4 
18 
19 
3 
# clone tree 34 objective: 1.47784
0 1 
1 16 
16 4 14 12 
12 13 
13 7 
7 5 
6 2 17 9 11 
5 6 
11 10 15 
9 8 
15 
10 19 
17 18 
8 
2 3 
14 
4 
18 
19 
3 
# clone tree 35 objective: 1.47795
0 1 
1 16 
16 19 4 12 
12 13 
13 7 
7 5 
6 2 17 9 11 
5 6 
11 10 15 
9 3 8 
15 
10 14 
17 18 
8 
2 
14 
4 
18 
19 
3 
# clone tree 36 objective: 1.47842
0 1 
1 16 
16 4 12 
12 13 
13 7 
7 5 
6 19 2 17 9 11 
5 6 
11 10 15 
9 8 
15 3 
10 14 
17 18 
8 
2 
14 
4 
18 
19 
3 
# clone tree 37 objective: 1.47845
0 1 
1 16 
16 4 14 12 
12 13 
13 7 
7 5 
6 2 17 9 11 
5 6 
11 10 15 
9 8 
15 
10 19 
17 18 
8 3 
2 
14 
4 
18 
19 
3 
# clone tree 38 objective: 1.47871
0 1 
1 16 
16 19 4 12 
12 13 
13 7 
7 5 
6 2 17 9 11 
5 6 
11 10 15 
9 8 
15 
10 14 
17 18 
8 
2 
14 3 
4 
18 
19 
3 
# clone tree 39 objective: 1.47925
0 1 
1 16 
16 4 14 12 
12 19 13 
13 7 
7 6 
6 5 
5 2 17 9 11 
11 10 15 
9 8 
15 3 
10 
17 18 
8 
2 
14 
4 
18 
19 
3 
# clone tree 40 objective: 1.47944
0 1 
1 16 
16 19 4 12 
12 13 
13 7 
7 5 
6 2 17 9 11 
5 6 
11 10 15 
9 8 
15 
10 14 
17 18 
8 
2 3 
14 
4 
18 
19 
3 
# clone tree 41 objective: 1.47952
0 1 
1 16 
16 4 10 12 
12 13 
13 7 
7 6 
6 5 
5 2 17 9 11 
11 14 15 
9 8 
15 3 
10 19 
17 18 
8 
2 
14 
4 
18 
19 
3 
# clone tree 42 objective: 1.47992
0 1 
1 16 
16 3 4 12 
12 13 
13 7 
7 6 
6 5 
5 2 17 9 11 
11 10 15 
9 8 
15 
10 14 
17 18 
8 19 
2 
14 
4 
18 
19 
3 
# clone tree 43 objective: 1.48005
0 1 
1 16 
16 19 4 12 
12 13 
13 7 
7 5 
6 2 17 9 11 
5 6 
11 10 15 
9 8 
15 
10 14 
17 18 
8 3 
2 
14 
4 
18 
19 
3 
# clone tree 44 objective: 1.48049
0 1 
1 16 
16 14 12 
12 13 
13 7 
7 4 5 
6 2 17 9 11 
5 6 
11 10 15 
9 8 
15 3 
10 19 
17 18 
8 
2 
14 
4 
18 
19 
3 
# clone tree 45 objective: 1.48067
0 1 
1 16 
16 4 14 12 
12 7 
13 5 
7 13 
6 2 17 9 11 
5 6 
11 10 15 
9 8 
15 3 
10 19 
17 18 
8 
2 
14 
4 
18 
19 
3 
# clone tree 46 objective: 1.48069
0 1 
1 16 
16 15 12 
12 13 
13 7 
7 6 
6 5 
5 4 14 17 11 
11 3 2 10 
9 8 
15 9 
10 19 
17 18 
8 
2 
14 
4 
18 
19 
3 
# clone tree 47 objective: 1.48093
0 1 
1 16 
16 4 12 
12 19 13 
13 7 
7 5 
6 2 17 9 11 
5 6 
11 10 15 
9 8 
15 3 
10 14 
17 18 
8 
2 
14 
4 
18 
19 
3 
# clone tree 48 objective: 1.48114
0 1 
1 16 
16 4 14 12 
12 13 
13 7 
7 5 
6 2 17 9 11 
5 19 6 
11 10 15 
9 8 
15 3 
10 
17 18 
8 
2 
14 
4 
18 
19 
3 
# clone tree 49 objective: 1.48126
0 1 
1 16 
16 4 14 12 
12 13 
13 7 
7 6 
6 5 
5 2 17 9 11 
11 10 15 
9 8 
15 
10 3 
17 18 
8 
2 
14 19 
4 
18 
19 
3 
# clone tree 50 objective: 1.48164
0 1 
1 16 
16 4 14 12 
12 13 
13 7 
7 6 
6 5 
5 2 17 9 11 
11 10 15 
9 8 
15 
10 3 19 
17 18 
8 
2 
14 
4 
18 
19 
3 
# clone tree 51 objective: 1.48226
0 1 
1 16 
16 4 12 
12 13 
13 7 
7 6 
6 5 
5 2 17 9 11 
11 10 15 
9 3 8 
15 
10 14 
17 18 
8 
2 
14 19 
4 
18 
19 
3 
# clone tree 52 objective: 1.48226
0 1 
1 16 
16 15 12 
12 13 
13 7 
7 6 
6 5 
5 4 14 17 11 
11 2 10 
9 3 8 
15 9 
10 19 
17 18 
8 
2 
14 
4 
18 
19 
3 
# clone tree 53 objective: 1.48228
0 1 
1 16 
16 3 4 12 
12 13 
13 7 
7 6 
6 5 
5 19 2 17 9 11 
11 10 15 
9 8 
15 
10 14 
17 18 
8 
2 
14 
4 
18 
19 
3 
# clone tree 54 objective: 1.48239
0 1 
1 16 
16 3 4 12 
12 13 
13 7 
7 5 
6 2 17 9 11 
5 6 
11 10 15 
9 8 
15 
10 14 
17 18 
8 
2 
14 19 
4 
18 
19 
3 
# clone tree 55 objective: 1.48243
0 1 
1 16 
16 4 10 12 
12 13 
13 7 
7 6 
6 5 
5 2 17 9 11 
11 15 
9 8 
15 3 
10 14 
17 18 
8 
2 
14 19 
4 
18 
19 
3 
# clone tree 56 objective: 1.48262
0 1 
1 16 
16 4 14 12 
12 13 
13 7 
7 6 
6 5 
5 2 17 9 11 
11 8 10 
9 15 
15 3 
10 19 
17 18 
8 
2 
14 
4 
18 
19 
3 
# clone tree 57 objective: 1.48281
0 1 
1 16 
16 3 4 12 
12 13 
13 7 
7 6 
6 5 
5 14 2 17 9 11 
11 10 15 
9 8 
15 
10 19 
17 18 
8 
2 
14 
4 
18 
19 
3 
# clone tree 58 objective: 1.48302
0 1 
1 16 
16 15 12 
12 13 
13 7 
7 6 
6 5 
5 4 14 17 11 
11 2 10 
9 8 
15 9 
10 19 
17 18 
8 
2 
14 3 
4 
18 
19 
3 
# clone tree 59 objective: 1.48318
0 1 
1 16 
16 9 12 
12 13 
13 7 
7 6 
6 5 
5 4 14 17 11 
11 10 15 
9 2 
15 8 
10 19 
17 18 
8 
2 
14 3 
4 
18 
19 
3 
# clone tree 60 objective: 1.48324
0 1 
1 16 
16 4 12 
12 13 
13 7 
7 5 
6 2 17 9 11 
5 6 
11 10 15 
9 8 
15 3 
10 19 14 
17 18 
8 
2 
14 
4 
18 
19 
3 
# clone tree 61 objective: 1.48338
0 1 
1 16 
16 9 12 
12 13 
13 7 
7 6 
6 5 
5 4 14 2 17 11 
11 10 15 
9 8 
15 3 
10 
17 18 
8 
2 
14 19 
4 
18 
19 
3 
# clone tree 62 objective: 1.48342
0 1 
1 16 
16 19 4 12 
12 13 
13 7 
7 6 
6 5 
5 2 17 9 11 
11 10 15 
9 14 
15 8 
10 3 
17 18 
8 
2 
14 
4 
18 
19 
3 
# clone tree 63 objective: 1.48375
0 1 
1 16 
16 4 12 
12 13 
13 7 
7 6 
6 5 
5 2 17 9 11 
11 10 15 
9 8 
15 
10 14 
17 18 
8 
2 3 
14 19 
4 
18 
19 
3 
# clone tree 64 objective: 1.48375
0 1 
1 16 
16 15 12 
12 13 
13 7 
7 6 
6 5 
5 4 14 17 11 
11 2 10 
9 8 
15 9 
10 19 
17 18 
8 
2 3 
14 
4 
18 
19 
3 
# clone tree 65 objective: 1.48391
0 1 
1 16 
16 9 12 
12 13 
13 7 
7 6 
6 5 
5 4 14 17 11 
11 10 15 
9 2 
15 8 
10 19 
17 18 
8 
2 3 
14 
4 
18 
19 
3 
# clone tree 66 objective: 1.48405
0 1 
1 16 
16 3 4 12 
12 13 
13 7 
7 6 
6 5 
5 2 17 9 11 
11 10 15 
9 14 
15 8 
10 19 
17 18 
8 
2 
14 
4 
18 
19 
3 
# clone tree 67 objective: 1.48406
0 1 
1 16 
16 4 12 
12 13 
13 7 
7 6 
6 5 
5 14 2 17 9 11 
11 10 15 
9 8 
15 3 
10 
17 18 
8 
2 
14 19 
4 
18 
19 
3 
# clone tree 68 objective: 1.48422
0 1 
1 16 
16 19 4 12 
12 13 
13 7 
7 6 
6 5 
5 2 17 9 11 
11 8 10 
9 15 
15 3 
10 14 
17 18 
8 
2 
14 
4 
18 
19 
3 
# clone tree 69 objective: 1.48436
0 1 
1 16 
16 4 12 
12 13 
13 7 
7 6 
6 5 
5 2 17 9 11 
11 10 15 
9 8 
15 
10 14 
17 18 
8 3 
2 
14 19 
4 
18 
19 
3 
# clone tree 70 objective: 1.48436
0 1 
1 16 
16 15 12 
12 13 
13 7 
7 6 
6 5 
5 4 14 17 11 
11 2 10 
9 8 
15 9 
10 19 
17 18 
8 3 
2 
14 
4 
18 
19 
3 
# clone tree 71 objective: 1.48452
0 1 
1 16 
16 9 12 
12 13 
13 7 
7 6 
6 5 
5 4 14 17 11 
11 10 15 
9 2 
15 8 
10 19 
17 18 
8 3 
2 
14 
4 
18 
19 
3 
# clone tree 72 objective: 1.48499
0 1 
1 16 
16 4 14 12 
12 13 
13 7 
7 6 
6 5 
5 2 17 9 11 
11 10 15 
9 8 
15 
10 3 
17 18 
8 19 
2 
14 
4 
18 
19 
3 
# clone tree 73 objective: 1.48573
0 1 
1 16 
16 4 10 12 
12 13 
13 7 
7 5 
6 2 17 9 11 
5 6 
11 14 15 
9 8 
15 3 
10 19 
17 18 
8 
2 
14 
4 
18 
19 
3 
# clone tree 74 objective: 1.48578
0 1 
1 16 
16 3 19 4 12 
12 13 
13 7 
7 6 
6 5 
5 2 17 9 11 
11 10 15 
9 14 
15 8 
10 
17 18 
8 
2 
14 
4 
18 
19 
3 
# clone tree 75 objective: 1.48582
0 1 
1 16 
16 19 4 12 
12 13 
13 7 
7 6 
6 5 
5 14 2 17 11 
11 10 15 
9 8 
15 9 
10 3 
17 18 
8 
2 
14 
4 
18 
19 
3 
# clone tree 76 objective: 1.48584
0 1 
1 16 
16 4 14 12 
12 13 
13 7 
7 5 
6 19 2 17 9 11 
5 6 
11 10 15 
9 8 
15 3 
10 
17 18 
8 
2 
14 
4 
18 
19 
3 
# clone tree 77 objective: 1.48599
0 1 
1 16 
16 4 12 
12 13 
13 7 
7 6 
6 5 
5 2 17 9 11 
11 10 15 
9 3 8 
15 
10 14 
17 18 
8 19 
2 
14 
4 
18 
19 
3 
# clone tree 78 objective: 1.48604
0 1 
1 16 
16 3 4 14 12 
12 13 
13 7 
7 6 
6 5 
5 2 17 9 11 
11 10 15 
9 8 
15 
10 19 
17 18 
8 
2 
14 
4 
18 
19 
3 
# clone tree 79 objective: 1.48607
0 1 
1 16 
16 9 12 
12 13 
13 7 
7 6 
6 5 
5 4 2 17 11 
11 10 15 
9 8 
15 3 
10 14 
17 18 
8 
2 
14 19 
4 
18 
19 
3 
# clone tree 80 objective: 1.48613
0 1 
1 16 
16 3 4 12 
12 13 
13 7 
7 5 
6 2 17 9 11 
5 6 
11 10 15 
9 8 
15 
10 14 
17 18 
8 19 
2 
14 
4 
18 
19 
3 
# clone tree 81 objective: 1.48617
0 1 
1 16 
16 4 10 12 
12 13 
13 7 
7 6 
6 5 
5 2 17 9 11 
11 15 
9 8 
15 3 
10 14 
17 18 
8 19 
2 
14 
4 
18 
19 
3 
# clone tree 82 objective: 1.48675
0 1 
1 16 
16 4 12 
12 13 
13 7 
7 6 
6 5 
5 2 17 9 11 
11 10 15 
9 8 
15 
10 14 
17 18 
8 19 
2 
14 3 
4 
18 
19 
3 
# clone tree 83 objective: 1.48712
0 1 
1 16 
16 9 12 
12 13 
13 7 
7 6 
6 5 
5 4 14 2 17 11 
11 10 15 
9 8 
15 3 
10 
17 18 
8 19 
2 
14 
4 
18 
19 
3 
# clone tree 84 objective: 1.48735
0 1 
1 16 
16 4 14 12 
12 13 
13 7 
7 6 
6 5 
5 19 2 17 9 11 
11 10 15 
9 8 
15 
10 3 
17 18 
8 
2 
14 
4 
18 
19 
3 
# clone tree 85 objective: 1.48746
0 1 
1 16 
16 4 14 12 
12 13 
13 7 
7 5 
6 2 17 9 11 
5 6 
11 10 15 
9 8 
15 
10 3 
17 18 
8 
2 
14 19 
4 
18 
19 
3 
# clone tree 86 objective: 1.48749
0 1 
1 16 
16 4 12 
12 13 
13 7 
7 6 
6 5 
5 2 17 9 11 
11 10 15 
9 8 
15 
10 14 
17 18 
8 19 
2 3 
14 
4 
18 
19 
3 
# clone tree 87 objective: 1.48766
0 1 
1 16 
16 14 12 
12 13 
13 7 
7 5 
6 4 2 17 9 11 
5 6 
11 10 15 
9 8 
15 3 
10 19 
17 18 
8 
2 
14 
4 
18 
19 
3 
# clone tree 88 objective: 1.48768
0 1 
1 16 
16 15 12 
12 13 
13 7 
7 6 
6 5 
5 4 14 2 17 11 
11 3 10 
9 8 
15 9 
10 19 
17 18 
8 
2 
14 
4 
18 
19 
3 
# clone tree 89 objective: 1.48779
0 1 
1 16 
16 4 12 
12 13 
13 7 
7 6 
6 5 
5 14 2 17 9 11 
11 10 15 
9 8 
15 3 
10 
17 18 
8 19 
2 
14 
4 
18 
19 
3 
# clone tree 90 objective: 1.48785
0 1 
1 16 
16 4 14 12 
12 13 
13 7 
7 5 
6 2 17 9 11 
5 6 
11 10 15 
9 8 
15 
10 3 19 
17 18 
8 
2 
14 
4 
18 
19 
3 
# clone tree 91 objective: 1.48818
0 1 
1 16 
16 3 19 4 12 
12 13 
13 7 
7 6 
6 5 
5 14 2 17 11 
11 10 15 
9 8 
15 9 
10 
17 18 
8 
2 
14 
4 
18 
19 
3 
# clone tree 92 objective: 1.4882
0 1 
1 16 
16 9 12 
12 13 
13 7 
7 6 
6 5 
5 4 14 2 17 11 
11 10 15 
9 3 8 
15 
10 19 
17 18 
8 
2 
14 
4 
18 
19 
3 
# clone tree 93 objective: 1.48835
0 1 
1 16 
16 4 14 12 
12 19 13 
13 7 
7 5 
6 2 17 9 11 
5 6 
11 10 15 
9 8 
15 3 
10 
17 18 
8 
2 
14 
4 
18 
19 
3 
# clone tree 94 objective: 1.48835
0 1 
1 16 
16 4 12 
12 13 
13 7 
7 6 
6 5 
5 19 2 17 9 11 
11 10 15 
9 3 8 
15 
10 14 
17 18 
8 
2 
14 
4 
18 
19 
3 
# clone tree 95 objective: 1.48846
0 1 
1 16 
16 4 12 
12 13 
13 7 
7 5 
6 2 17 9 11 
5 6 
11 10 15 
9 3 8 
15 
10 14 
17 18 
8 
2 
14 19 
4 
18 
19 
3 
# clone tree 96 objective: 1.48853
0 1 
1 16 
16 4 10 12 
12 13 
13 7 
7 6 
6 5 
5 19 2 17 9 11 
11 15 
9 8 
15 3 
10 14 
17 18 
8 
2 
14 
4 
18 
19 
3 
# clone tree 97 objective: 1.48864
0 1 
1 16 
16 4 10 12 
12 13 
13 7 
7 5 
6 2 17 9 11 
5 6 
11 15 
9 8 
15 3 
10 14 
17 18 
8 
2 
14 19 
4 
18 
19 
3 
# clone tree 98 objective: 1.48888
0 1 
1 16 
16 4 12 
12 13 
13 7 
7 6 
6 5 
5 14 2 17 9 11 
11 10 15 
9 3 8 
15 
10 19 
17 18 
8 
2 
14 
4 
18 
19 
3 
# clone tree 99 objective: 1.48896
0 1 
1 16 
16 9 12 
12 13 
13 7 
7 6 
6 5 
5 4 14 2 17 11 
11 10 15 
9 8 
15 
10 19 
17 18 
8 
2 
14 3 
4 
18 
19 
3 
