# clone tree 0 objective: 0.752228
0 9 10 
10 6 8 16 
16 1 
1 15 4 
4 14 
15 5 13 
14 3 18 
13 12 
9 2 
12 11 
18 17 
8 19 
11 7 
3 
19 
7 
6 
2 
5 
17 
# clone tree 1 objective: 0.753564
0 9 10 
10 5 8 16 
16 1 
1 15 4 
4 6 14 
15 3 13 
14 7 18 
13 12 
9 2 
12 11 
18 
8 19 
11 17 
3 
19 
7 
6 
2 
5 
17 
# clone tree 2 objective: 0.755337
0 9 10 
10 17 5 8 16 
16 1 
1 15 4 
4 6 14 
15 3 13 
14 18 
13 12 
9 2 
12 11 
18 
8 19 
11 7 
3 
19 
7 
6 
2 
5 
17 
# clone tree 3 objective: 0.757511
0 9 10 
10 17 5 8 16 
16 1 
1 15 4 
4 6 14 
15 13 
14 3 18 
13 12 
9 2 
12 11 
18 
8 19 
11 7 
3 
19 
7 
6 
2 
5 
17 
# clone tree 4 objective: 0.757932
0 9 10 
10 17 5 8 16 
16 1 
1 15 4 
4 6 14 
15 3 13 
14 7 18 
13 12 
9 2 
12 11 
18 
8 19 
11 
3 
19 
7 
6 
2 
5 
17 
# clone tree 5 objective: 0.761278
0 9 10 
10 5 8 16 
16 1 
1 15 4 
4 6 14 
15 3 13 
14 18 
13 12 
9 2 
12 11 
18 17 
8 19 
11 7 
3 
19 
7 
6 
2 
5 
17 
# clone tree 6 objective: 0.763452
0 9 10 
10 5 8 16 
16 1 
1 15 4 
4 6 14 
15 13 
14 3 18 
13 12 
9 2 
12 11 
18 17 
8 19 
11 7 
3 
19 
7 
6 
2 
5 
17 
# clone tree 7 objective: 0.763814
0 9 10 
10 6 8 16 
16 1 
1 15 4 
4 14 
15 5 13 
14 3 18 
13 12 
9 2 7 
12 11 
18 
8 19 
11 17 
3 
19 
7 
6 
2 
5 
17 
# clone tree 8 objective: 0.763873
0 9 10 
10 5 8 16 
16 1 
1 15 4 
4 6 14 
15 3 13 
14 7 18 
13 12 
9 2 
12 11 
18 17 
8 19 
11 
3 
19 
7 
6 
2 
5 
17 
# clone tree 9 objective: 0.764417
0 9 10 
10 17 5 8 16 
16 1 
1 15 4 
4 14 
15 3 13 
14 7 18 
13 12 
9 2 
12 11 
18 
8 19 
11 6 
3 
19 
7 
6 
2 
5 
17 
# clone tree 10 objective: 0.765578
0 9 10 
10 6 8 16 
16 1 
1 15 4 
4 14 
15 5 13 
14 3 18 
13 12 
9 2 
12 11 
18 
8 19 
11 17 7 
3 
19 
7 
6 
2 
5 
17 
# clone tree 11 objective: 0.767718
0 10 
10 6 8 16 
16 1 
1 9 15 4 
4 14 
15 5 13 
14 3 18 
13 12 
9 2 
12 11 
18 17 
8 19 
11 7 
3 
19 
7 
6 
2 
5 
17 
# clone tree 12 objective: 0.768758
0 9 10 
10 5 8 16 
16 1 
1 15 4 
4 14 
15 3 13 
14 7 18 
13 12 
9 2 
12 11 
18 6 
8 19 
11 17 
3 
19 
7 
6 
2 
5 
17 
# clone tree 13 objective: 0.770358
0 9 10 
10 5 8 16 
16 1 
1 15 4 
4 14 
15 3 13 
14 7 18 
13 12 
9 2 
12 11 
18 17 
8 19 
11 6 
3 
19 
7 
6 
2 
5 
17 
# clone tree 14 objective: 0.770531
0 9 10 
10 17 5 8 16 
16 1 
1 15 4 
4 14 
15 3 13 
14 18 
13 12 
9 2 
12 11 
18 6 
8 19 
11 7 
3 
19 
7 
6 
2 
5 
17 
# clone tree 15 objective: 0.771077
0 9 10 
10 17 5 8 16 
16 1 
1 15 4 
4 14 
15 6 13 
14 3 18 
13 12 
9 2 
12 11 
18 
8 19 
11 7 
3 
19 
7 
6 
2 
5 
17 
# clone tree 16 objective: 0.771101
0 9 10 
10 17 8 16 
16 1 
1 15 4 
4 6 14 
15 5 13 
14 3 18 
13 12 
9 2 
12 11 
18 
8 19 
11 7 
3 
19 
7 
6 
2 
5 
17 
# clone tree 17 objective: 0.771422
0 9 10 
10 17 5 8 16 
16 1 
1 15 4 
4 14 
15 3 13 
14 6 18 
13 12 
9 2 
12 11 
18 
8 19 
11 7 
3 
19 
7 
6 
2 
5 
17 
# clone tree 18 objective: 0.771981
0 9 10 
10 5 6 8 16 
16 1 
1 15 4 
4 14 
15 3 13 
14 7 18 
13 12 
9 2 
12 11 
18 
8 19 
11 17 
3 
19 
7 
6 
2 
5 
17 
# clone tree 19 objective: 0.772377
0 10 
10 17 5 8 16 
16 1 
1 9 15 4 
4 6 14 
15 13 
14 3 18 
13 12 
9 2 
12 11 
18 
8 19 
11 7 
3 
19 
7 
6 
2 
5 
17 
# clone tree 20 objective: 0.772705
0 9 10 
10 17 5 8 16 
16 1 
1 15 4 
4 14 
15 13 
14 3 18 
13 12 
9 2 
12 11 
18 6 
8 19 
11 7 
3 
19 
7 
6 
2 
5 
17 
# clone tree 21 objective: 0.772864
0 9 10 
10 5 8 16 
16 1 
1 15 4 
4 6 14 
15 3 13 
14 18 
13 12 
9 2 7 
12 11 
18 
8 19 
11 17 
3 
19 
7 
6 
2 
5 
17 
# clone tree 22 objective: 0.773126
0 9 10 
10 17 5 8 16 
16 1 
1 15 4 
4 14 
15 3 13 
14 7 18 
13 12 
9 2 
12 11 
18 6 
8 19 
11 
3 
19 
7 
6 
2 
5 
17 
# clone tree 23 objective: 0.773304
0 9 10 
10 6 8 16 
16 1 
1 15 4 
4 14 
15 3 13 
14 7 18 
13 12 
9 2 
12 11 
18 
8 19 
11 17 
3 
19 
7 
6 5 
2 
5 
17 
# clone tree 24 objective: 0.774123
0 9 10 
10 6 8 16 
16 1 
1 15 4 
4 14 
15 5 13 
14 3 18 
13 12 
9 2 7 
12 11 
18 17 
8 19 
11 
3 
19 
7 
6 
2 
5 
17 
# clone tree 25 objective: 0.774628
0 9 10 
10 5 8 16 
16 1 
1 15 4 
4 6 14 
15 3 13 
14 18 
13 12 
9 2 
12 11 
18 
8 19 
11 17 7 
3 
19 
7 
6 
2 
5 
17 
# clone tree 26 objective: 0.775038
0 9 10 
10 5 8 16 
16 1 
1 15 4 
4 6 14 
15 13 
14 3 18 
13 12 
9 2 7 
12 11 
18 
8 19 
11 17 
3 
19 
7 
6 
2 
5 
17 
# clone tree 27 objective: 0.775144
0 9 10 
10 17 6 8 16 
16 1 
1 15 4 
4 14 
15 5 13 
14 3 18 
13 12 
9 2 
12 11 
18 
8 19 
11 7 
3 
19 
7 
6 
2 
5 
17 
# clone tree 28 objective: 0.775825
0 9 10 
10 6 8 16 
16 1 
1 15 4 
4 14 
15 3 13 
14 7 18 
13 12 
9 5 2 
12 11 
18 
8 19 
11 17 
3 
19 
7 
6 
2 
5 
17 
# clone tree 29 objective: 0.775885
0 9 10 
10 5 8 16 
16 1 
1 15 4 
4 14 
15 3 13 
14 7 18 
13 12 
9 2 6 
12 11 
18 
8 19 
11 17 
3 
19 
7 
6 
2 
5 
17 
# clone tree 30 objective: 0.776802
0 9 10 
10 5 8 16 
16 1 
1 15 4 
4 6 14 
15 13 
14 3 18 
13 12 
9 2 
12 11 
18 
8 19 
11 17 7 
3 
19 
7 
6 
2 
5 
17 
# clone tree 31 objective: 0.777018
0 9 10 
10 5 8 16 
16 1 
1 15 4 
4 14 
15 6 13 
14 3 18 
13 12 
9 2 
12 11 
18 17 
8 19 
11 7 
3 
19 
7 
6 
2 
5 
17 
# clone tree 32 objective: 0.777232
0 9 10 
10 17 5 8 16 
16 1 
1 15 4 
4 6 14 
15 3 13 
14 18 
13 12 
9 2 7 
12 11 
18 
8 19 
11 
3 
19 
7 
6 
2 
5 
17 
# clone tree 33 objective: 0.777323
0 9 10 
10 8 16 
16 1 
1 15 4 
4 6 14 
15 5 13 
14 3 18 
13 12 
9 2 
12 11 
18 17 
8 19 
11 7 
3 
19 
7 
6 
2 
5 
17 
# clone tree 34 objective: 0.777363
0 9 10 
10 5 8 16 
16 1 
1 15 4 
4 14 
15 3 13 
14 6 18 
13 12 
9 2 
12 11 
18 17 
8 19 
11 7 
3 
19 
7 
6 
2 
5 
17 
# clone tree 35 objective: 0.777658
0 9 10 
10 17 5 8 16 
16 1 
1 15 4 
4 14 
15 3 13 
14 18 
13 12 
9 2 6 
12 11 
18 
8 19 
11 7 
3 
19 
7 
6 
2 
5 
17 
# clone tree 36 objective: 0.778318
0 10 
10 5 8 16 
16 1 
1 9 15 4 
4 6 14 
15 13 
14 3 18 
13 12 
9 2 
12 11 
18 17 
8 19 
11 7 
3 
19 
7 
6 
2 
5 
17 
# clone tree 37 objective: 0.778886
0 9 10 
10 6 8 16 
16 1 
1 15 4 
4 14 
15 3 13 
14 7 18 
13 12 
9 2 
12 11 
18 5 
8 19 
11 17 
3 
19 
7 
6 
2 
5 
17 
# clone tree 38 objective: 0.779406
0 9 10 
10 17 5 8 16 
16 1 
1 15 4 
4 6 14 
15 13 
14 3 18 
13 12 
9 2 7 
12 11 
18 
8 19 
11 
3 
19 
7 
6 
2 
5 
17 
# clone tree 39 objective: 0.779695
0 9 10 
10 5 6 8 16 
16 1 
1 15 4 
4 14 
15 3 13 
14 18 
13 12 
9 2 
12 11 
18 17 
8 19 
11 7 
3 
19 
7 
6 
2 
5 
17 
# clone tree 40 objective: 0.779832
0 9 10 
10 17 5 8 16 
16 1 
1 15 4 
4 14 
15 13 
14 3 18 
13 12 
9 2 6 
12 11 
18 
8 19 
11 7 
3 
19 
7 
6 
2 
5 
17 
# clone tree 41 objective: 0.780253
0 9 10 
10 17 5 8 16 
16 1 
1 15 4 
4 14 
15 3 13 
14 7 18 
13 12 
9 2 6 
12 11 
18 
8 19 
11 
3 
19 
7 
6 
2 
5 
17 
# clone tree 42 objective: 0.780353
0 9 10 
10 6 8 16 
16 1 
1 15 4 
4 17 14 
15 5 13 
14 3 18 
13 12 
9 2 
12 11 
18 
8 19 
11 7 
3 
19 
7 
6 
2 
5 
17 
# clone tree 43 objective: 0.781018
0 9 10 
10 6 8 16 
16 1 
1 15 4 
4 14 
15 3 13 
14 18 
13 12 
9 2 
12 11 
18 17 
8 19 
11 7 
3 
19 
7 
6 5 
2 
5 
17 
# clone tree 44 objective: 0.781068
0 10 
10 6 8 16 
16 1 
1 9 15 4 
4 14 
15 5 13 
14 3 18 
13 12 
9 2 
12 11 
18 
8 19 
11 17 7 
3 
19 
7 
6 
2 
5 
17 
# clone tree 45 objective: 0.781237
0 9 10 
10 6 8 16 
16 1 
1 15 4 
4 5 14 
15 13 
14 3 18 
13 12 
9 2 
12 11 
18 17 
8 19 
11 7 
3 
19 
7 
6 
2 
5 
17 
# clone tree 46 objective: 0.781371
0 10 
10 17 5 8 16 
16 1 
1 9 15 4 
4 14 
15 3 13 
14 7 18 
13 12 
9 2 
12 11 
18 
8 19 
11 6 
3 
19 
7 
6 
2 
5 
17 
# clone tree 47 objective: 0.781869
0 9 10 
10 5 6 8 16 
16 1 
1 15 4 
4 14 
15 13 
14 3 18 
13 12 
9 2 
12 11 
18 17 
8 19 
11 7 
3 
19 
7 
6 
2 
5 
17 
# clone tree 48 objective: 0.78229
0 9 10 
10 5 6 8 16 
16 1 
1 15 4 
4 14 
15 3 13 
14 7 18 
13 12 
9 2 
12 11 
18 17 
8 19 
11 
3 
19 
7 
6 
2 
5 
17 
# clone tree 49 objective: 0.783173
0 9 10 
10 5 8 16 
16 1 
1 15 4 
4 6 14 
15 3 13 
14 18 
13 12 
9 2 7 
12 11 
18 17 
8 19 
11 
3 
19 
7 
6 
2 
5 
17 
# clone tree 50 objective: 0.783192
0 9 10 
10 6 8 16 
16 1 
1 15 4 
4 14 
15 13 
14 3 18 
13 12 
9 2 
12 11 
18 17 
8 19 
11 7 
3 
19 
7 
6 5 
2 
5 
17 
# clone tree 51 objective: 0.783539
0 9 10 
10 6 8 16 
16 1 
1 15 4 
4 14 
15 3 13 
14 18 
13 12 
9 5 2 
12 11 
18 17 
8 19 
11 7 
3 
19 
7 
6 
2 
5 
17 
# clone tree 52 objective: 0.783599
0 9 10 
10 5 8 16 
16 1 
1 15 4 
4 14 
15 3 13 
14 18 
13 12 
9 2 6 
12 11 
18 17 
8 19 
11 7 
3 
19 
7 
6 
2 
5 
17 
# clone tree 53 objective: 0.783613
0 9 10 
10 6 8 16 
16 1 
1 15 4 
4 14 
15 3 13 
14 7 18 
13 12 
9 2 
12 11 
18 17 
8 19 
11 
3 
19 
7 
6 5 
2 
5 
17 
# clone tree 54 objective: 0.783717
0 9 10 
10 17 5 8 16 
16 1 
1 15 4 
4 14 
15 3 13 
14 18 
13 12 
9 2 7 
12 11 
18 
8 19 
11 6 
3 
19 
7 
6 
2 
5 
17 
# clone tree 55 objective: 0.784968
0 9 10 
10 6 8 16 
16 1 
1 15 4 
4 14 
15 5 7 13 
14 3 18 
13 12 
9 2 
12 11 
18 
8 19 
11 17 
3 
19 
7 
6 
2 
5 
17 
# clone tree 56 objective: 0.785347
0 9 10 
10 5 8 16 
16 1 
1 15 4 
4 6 14 
15 13 
14 3 18 
13 12 
9 2 7 
12 11 
18 17 
8 19 
11 
3 
19 
7 
6 
2 
5 
17 
# clone tree 57 objective: 0.785713
0 9 10 
10 6 8 16 
16 1 
1 15 4 
4 14 
15 13 
14 3 18 
13 12 
9 5 2 
12 11 
18 17 
8 19 
11 7 
3 
19 
7 
6 
2 
5 
17 
# clone tree 58 objective: 0.785773
0 9 10 
10 5 8 16 
16 1 
1 15 4 
4 14 
15 13 
14 3 18 
13 12 
9 2 6 
12 11 
18 17 
8 19 
11 7 
3 
19 
7 
6 
2 
5 
17 
# clone tree 59 objective: 0.785891
0 9 10 
10 17 5 8 16 
16 1 
1 15 4 
4 14 
15 13 
14 3 18 
13 12 
9 2 7 
12 11 
18 
8 19 
11 6 
3 
19 
7 
6 
2 
5 
17 
# clone tree 60 objective: 0.786134
0 9 10 
10 6 8 16 
16 1 
1 15 4 
4 14 
15 3 13 
14 7 18 
13 12 
9 5 2 
12 11 
18 17 
8 19 
11 
3 
19 
7 
6 
2 
5 
17 
# clone tree 61 objective: 0.786149
0 9 10 
10 6 8 16 
16 1 
1 15 4 
4 14 
15 3 13 
14 7 18 
13 12 
9 5 
12 11 
18 2 
8 19 
11 17 
3 
19 
7 
6 
2 
5 
17 
# clone tree 62 objective: 0.786194
0 9 10 
10 5 8 16 
16 1 
1 15 4 
4 14 
15 3 13 
14 7 18 
13 12 
9 2 6 
12 11 
18 17 
8 19 
11 
3 
19 
7 
6 
2 
5 
17 
# clone tree 63 objective: 0.786295
0 9 10 
10 17 8 16 
16 1 
1 15 4 
4 14 
15 5 13 
14 3 18 
13 12 
9 2 
12 11 
18 6 
8 19 
11 7 
3 
19 
7 
6 
2 
5 
17 
# clone tree 64 objective: 0.786613
0 9 10 
10 6 8 16 
16 1 
1 15 4 
4 14 
15 3 13 
14 5 18 
13 12 
9 2 
12 11 
18 17 
8 19 
11 7 
3 
19 
7 
6 
2 
5 
17 
# clone tree 65 objective: 0.786815
0 9 10 
10 6 8 16 
16 1 
1 15 4 
4 14 
15 3 13 
14 18 
13 12 
9 2 
12 11 
18 17 5 
8 19 
11 7 
3 
19 
7 
6 
2 
5 
17 
# clone tree 66 objective: 0.787312
0 10 
10 5 8 16 
16 1 
1 9 15 4 
4 14 
15 3 13 
14 7 18 
13 12 
9 2 
12 11 
18 17 
8 19 
11 6 
3 
19 
7 
6 
2 
5 
17 
# clone tree 67 objective: 0.788385
0 9 10 
10 6 8 16 
16 1 
1 2 15 4 
4 14 
15 3 13 
14 7 18 
13 12 
9 5 
12 11 
18 
8 19 
11 17 
3 
19 
7 
6 
2 
5 
17 
# clone tree 68 objective: 0.788909
0 9 10 
10 8 16 
16 1 
1 15 4 
4 6 14 
15 5 13 
14 3 18 
13 12 
9 2 7 
12 11 
18 
8 19 
11 17 
3 
19 
7 
6 
2 
5 
17 
# clone tree 69 objective: 0.788935
0 10 
10 5 6 8 16 
16 1 
1 9 15 4 
4 14 
15 3 13 
14 7 18 
13 12 
9 2 
12 11 
18 
8 19 
11 17 
3 
19 
7 
6 
2 
5 
17 
# clone tree 70 objective: 0.788989
0 9 10 
10 6 8 16 
16 1 
1 15 4 
4 14 
15 13 
14 3 18 
13 12 
9 2 
12 11 
18 17 5 
8 19 
11 7 
3 
19 
7 
6 
2 
5 
17 
# clone tree 71 objective: 0.78941
0 9 10 
10 6 8 16 
16 1 
1 15 4 
4 14 
15 3 13 
14 7 18 
13 12 
9 2 
12 11 
18 17 5 
8 19 
11 
3 
19 
7 
6 
2 
5 
17 
# clone tree 72 objective: 0.789658
0 9 10 
10 5 8 16 
16 1 
1 15 4 
4 14 
15 3 13 
14 18 
13 12 
9 2 7 
12 11 
18 17 
8 19 
11 6 
3 
19 
7 
6 
2 
5 
17 
# clone tree 73 objective: 0.789822
0 9 10 
10 5 8 16 
16 1 
1 15 4 
4 14 
15 3 13 
14 18 
13 12 
9 2 
12 11 
18 6 
8 19 
11 17 7 
3 
19 
7 
6 
2 
5 
17 
# clone tree 74 objective: 0.790258
0 10 
10 6 8 16 
16 1 
1 9 15 4 
4 14 
15 3 13 
14 7 18 
13 12 
9 2 
12 11 
18 
8 19 
11 17 
3 
19 
7 
6 5 
2 
5 
17 
# clone tree 75 objective: 0.790368
0 9 10 
10 5 8 16 
16 1 
1 15 4 
4 14 
15 6 13 
14 3 18 
13 12 
9 2 
12 11 
18 
8 19 
11 17 7 
3 
19 
7 
6 
2 
5 
17 
# clone tree 76 objective: 0.790634
0 10 
10 17 6 8 16 
16 1 
1 9 15 4 
4 14 
15 5 13 
14 3 18 
13 12 
9 2 
12 11 
18 
8 19 
11 7 
3 
19 
7 
6 
2 
5 
17 
# clone tree 77 objective: 0.790673
0 9 10 
10 8 16 
16 1 
1 15 4 
4 6 14 
15 5 13 
14 3 18 
13 12 
9 2 
12 11 
18 
8 19 
11 17 7 
3 
19 
7 
6 
2 
5 
17 
# clone tree 78 objective: 0.790713
0 9 10 
10 5 8 16 
16 1 
1 15 4 
4 14 
15 3 13 
14 6 18 
13 12 
9 2 
12 11 
18 
8 19 
11 17 7 
3 
19 
7 
6 
2 
5 
17 
# clone tree 79 objective: 0.791191
0 10 
10 8 9 16 
16 1 
1 15 4 
4 6 14 
15 5 13 
14 3 18 
13 12 
9 2 
12 11 
18 17 
8 19 
11 7 
3 
19 
7 
6 
2 
5 
17 
# clone tree 80 objective: 0.791281
0 9 10 
10 5 6 8 16 
16 1 
1 15 4 
4 14 
15 3 13 
14 18 
13 12 
9 2 7 
12 11 
18 
8 19 
11 17 
3 
19 
7 
6 
2 
5 
17 
# clone tree 81 objective: 0.791571
0 10 
10 5 8 16 
16 1 
1 9 15 4 
4 6 14 
15 3 13 
14 7 18 
13 12 
9 2 
12 11 
18 
8 19 
11 17 
3 
19 
7 
6 
2 
5 
17 
# clone tree 82 objective: 0.791668
0 10 
10 5 8 16 
16 1 
1 9 15 4 
4 6 14 
15 13 
14 3 18 
13 12 
9 2 
12 11 
18 
8 19 
11 17 7 
3 
19 
7 
6 
2 
5 
17 
# clone tree 83 objective: 0.79181
0 9 10 
10 5 8 16 
16 1 
1 15 4 
4 14 
15 3 13 
14 7 18 
13 12 
9 2 
12 11 
18 
8 19 
11 17 6 
3 
19 
7 
6 
2 
5 
17 
# clone tree 84 objective: 0.791832
0 9 10 
10 5 8 16 
16 1 
1 15 4 
4 14 
15 13 
14 3 18 
13 12 
9 2 7 
12 11 
18 17 
8 19 
11 6 
3 
19 
7 
6 
2 
5 
17 
# clone tree 85 objective: 0.791996
0 9 10 
10 5 8 16 
16 1 
1 15 4 
4 14 
15 13 
14 3 18 
13 12 
9 2 
12 11 
18 6 
8 19 
11 17 7 
3 
19 
7 
6 
2 
5 
17 
# clone tree 86 objective: 0.792181
0 9 10 
10 6 8 16 
16 1 
1 15 4 
4 14 
15 3 13 
14 7 18 
13 12 
9 2 
12 11 
18 
8 19 
11 17 
3 5 
19 
7 
6 
2 
5 
17 
# clone tree 87 objective: 0.792604
0 9 10 
10 6 8 16 
16 1 
1 15 4 
4 14 
15 3 13 
14 18 
13 12 
9 2 7 
12 11 
18 
8 19 
11 17 
3 
19 
7 
6 5 
2 
5 
17 
# clone tree 88 objective: 0.792606
0 9 10 
10 6 8 16 
16 1 
1 15 4 
4 14 
15 5 13 
14 3 18 
13 12 
9 
12 11 
18 17 2 
8 19 
11 7 
3 
19 
7 
6 
2 
5 
17 
# clone tree 89 objective: 0.792823
0 9 10 
10 6 8 16 
16 1 
1 15 4 
4 5 14 
15 13 
14 3 18 
13 12 
9 2 7 
12 11 
18 
8 19 
11 17 
3 
19 
7 
6 
2 
5 
17 
# clone tree 90 objective: 0.792996
0 9 10 
10 17 8 16 
16 1 
1 15 4 
4 6 14 
15 5 13 
14 3 18 
13 12 
9 2 7 
12 11 
18 
8 19 
11 
3 
19 
7 
6 
2 
5 
17 
# clone tree 91 objective: 0.793045
0 9 10 
10 5 6 8 16 
16 1 
1 15 4 
4 14 
15 3 13 
14 18 
13 12 
9 2 
12 11 
18 
8 19 
11 17 7 
3 
19 
7 
6 
2 
5 
17 
# clone tree 92 objective: 0.793253
0 9 10 
10 6 8 16 
16 1 
1 15 4 
4 14 
15 5 13 
14 3 18 
13 12 
9 7 
12 11 
18 2 
8 19 
11 17 
3 
19 
7 
6 
2 
5 
17 
# clone tree 93 objective: 0.793344
0 10 
10 17 5 8 16 
16 1 
1 9 15 4 
4 6 14 
15 3 13 
14 18 
13 12 
9 2 
12 11 
18 
8 19 
11 7 
3 
19 
7 
6 
2 
5 
17 
# clone tree 94 objective: 0.79338
0 9 10 
10 6 8 16 
16 1 
1 15 4 
4 5 14 
15 3 13 
14 7 18 
13 12 
9 2 
12 11 
18 
8 19 
11 17 
3 
19 
7 
6 
2 
5 
17 
# clone tree 95 objective: 0.793422
0 9 10 
10 17 8 16 
16 1 
1 15 4 
4 14 
15 5 13 
14 3 18 
13 12 
9 2 6 
12 11 
18 
8 19 
11 7 
3 
19 
7 
6 
2 
5 
17 
# clone tree 96 objective: 0.793455
0 9 10 
10 5 6 8 16 
16 1 
1 15 4 
4 14 
15 13 
14 3 18 
13 12 
9 2 7 
12 11 
18 
8 19 
11 17 
3 
19 
7 
6 
2 
5 
17 
# clone tree 97 objective: 0.793863
0 9 10 
10 6 8 16 
16 1 
1 15 4 
4 14 
15 3 13 
14 18 
13 12 
9 5 
12 11 
18 17 2 
8 19 
11 7 
3 
19 
7 
6 
2 
5 
17 
# clone tree 98 objective: 0.79388
0 2 10 
10 6 8 16 
16 1 
1 9 15 4 
4 14 
15 5 13 
14 3 18 
13 12 
9 
12 11 
18 17 
8 19 
11 7 
3 
19 
7 
6 
2 
5 
17 
# clone tree 99 objective: 0.793985
0 9 10 
10 6 8 16 
16 1 
1 15 4 
4 14 
15 5 13 
14 3 18 
13 12 
9 2 19 
12 11 
18 17 
8 
11 7 
3 
19 
7 
6 
2 
5 
17 
