# clone tree 0 objective: 2.66899
0 26 40 
40 21 2 32 
32 10 4 
4 41 1 11 33 
33 30 25 
25 46 
45 27 
27 15 9 6 
46 45 
6 36 20 
20 28 16 
16 22 
22 18 
18 43 13 
13 47 44 12 
12 35 
35 3 
30 17 34 
3 39 5 
10 23 29 38 
11 31 7 
34 48 
5 
9 42 
2 49 
36 
1 
17 
15 24 
42 
43 
44 14 
24 8 
48 37 
38 
41 
7 
28 
29 19 
8 
31 
19 
23 
37 
39 
49 
14 
21 
47 
26 
# clone tree 1 objective: 2.66899
0 26 40 
40 2 32 
32 10 4 
4 41 1 11 33 
33 30 25 
25 46 
45 27 
27 15 9 6 
46 45 
6 36 20 
20 28 16 
16 22 
22 18 
18 43 13 
13 47 44 12 
12 35 
35 3 
30 17 34 
3 5 
10 23 29 38 
11 31 7 
34 48 
5 
9 42 
2 49 
36 21 
1 
17 39 
15 24 
42 
43 
44 14 
24 8 
48 37 
38 
41 
7 
28 
29 19 
8 
31 
19 
23 
37 
39 
49 
14 
21 
47 
26 
# clone tree 2 objective: 2.66899
0 26 40 
40 21 2 32 
32 10 4 
4 41 1 11 33 
33 30 25 
25 46 
45 27 
27 15 9 6 
46 45 
6 36 20 
20 28 16 
16 22 
22 18 
18 43 13 
13 47 44 12 
12 35 
35 3 
30 17 34 
3 5 
10 23 29 38 
11 31 7 
34 48 
5 
9 42 
2 49 
36 
1 
17 39 
15 24 
42 
43 
44 14 
24 8 
48 37 
38 
41 
7 
28 
29 19 
8 
31 
19 
23 
37 
39 
49 
14 
21 
47 
26 
# clone tree 3 objective: 2.66899
0 26 40 
40 2 32 
32 10 4 
4 41 1 11 33 
33 30 25 
25 46 
45 27 
27 15 9 6 
46 45 
6 36 20 
20 28 16 
16 22 
22 18 
18 43 13 
13 47 44 12 
12 35 
35 3 
30 17 34 
3 39 5 
10 23 29 38 
11 31 7 
34 48 
5 
9 42 
2 49 
36 21 
1 
17 
15 24 
42 
43 
44 14 
24 8 
48 37 
38 
41 
7 
28 
29 19 
8 
31 
19 
23 
37 
39 
49 
14 
21 
47 
26 
# clone tree 4 objective: 2.66899
0 26 40 
40 2 32 
32 10 4 
4 41 1 11 33 
33 30 25 
25 46 
45 27 
27 15 9 6 
46 45 
6 36 20 
20 28 16 
16 22 
22 18 
18 43 13 
13 47 44 12 
12 35 
35 3 
30 17 34 
3 21 5 
10 23 29 38 
11 31 7 
34 48 
5 
9 42 
2 49 
36 
1 
17 39 
15 24 
42 
43 
44 14 
24 8 
48 37 
38 
41 
7 
28 
29 19 
8 
31 
19 
23 
37 
39 
49 
14 
21 
47 
26 
# clone tree 5 objective: 2.66935
0 26 40 
40 2 32 
32 10 4 
4 41 1 11 33 
33 30 25 
25 46 
45 27 
27 15 9 6 
46 45 
6 36 20 
20 28 16 
16 22 
22 18 
18 43 13 
13 47 44 12 
12 35 
35 3 
30 17 34 
3 39 5 
10 23 29 38 
11 31 7 
34 48 
5 
9 42 
2 49 
36 
1 
17 21 
15 24 
42 
43 
44 14 
24 8 
48 37 
38 
41 
7 
28 
29 19 
8 
31 
19 
23 
37 
39 
49 
14 
21 
47 
26 
# clone tree 6 objective: 2.66981
0 40 
40 21 2 32 
32 10 4 
4 41 1 11 33 
33 30 25 
25 46 
45 27 
27 15 9 6 
46 45 
6 36 20 
20 28 16 
16 22 
22 18 
18 43 13 
13 47 44 12 
12 35 
35 3 
30 17 34 
3 5 
10 23 29 38 
11 31 7 
34 48 
5 
9 42 
2 49 
36 
1 
17 26 39 
15 24 
42 
43 
44 14 
24 8 
48 37 
38 
41 
7 
28 
29 19 
8 
31 
19 
23 
37 
39 
49 
14 
21 
47 
26 
# clone tree 7 objective: 2.66981
0 40 
40 2 32 
32 10 4 
4 41 1 11 33 
33 30 25 
25 46 
45 27 
27 15 9 6 
46 45 
6 36 20 
20 28 16 
16 22 
22 18 
18 43 13 
13 47 44 12 
12 35 
35 3 
30 17 34 
3 21 5 
10 23 29 38 
11 31 7 
34 48 
5 
9 42 
2 49 
36 
1 
17 26 39 
15 24 
42 
43 
44 14 
24 8 
48 37 
38 
41 
7 
28 
29 19 
8 
31 
19 
23 
37 
39 
49 
14 
21 
47 
26 
# clone tree 8 objective: 2.66981
0 40 
40 21 2 32 
32 10 4 
4 41 1 11 33 
33 30 25 
25 46 
45 27 
27 15 9 6 
46 45 
6 36 20 
20 28 16 
16 22 
22 18 
18 43 13 
13 47 44 12 
12 35 
35 3 
30 17 34 
3 39 5 
10 23 29 38 
11 31 7 
34 48 
5 
9 42 
2 49 
36 
1 
17 26 
15 24 
42 
43 
44 14 
24 8 
48 37 
38 
41 
7 
28 
29 19 
8 
31 
19 
23 
37 
39 
49 
14 
21 
47 
26 
# clone tree 9 objective: 2.66981
0 40 
40 2 32 
32 10 4 
4 41 1 11 33 
33 30 25 
25 46 
45 27 
27 15 9 6 
46 45 
6 36 20 
20 28 16 
16 22 
22 18 
18 43 13 
13 47 44 12 
12 35 
35 3 
30 17 34 
3 5 
10 23 29 38 
11 31 7 
34 48 
5 
9 42 
2 49 
36 21 
1 
17 26 39 
15 24 
42 
43 
44 14 
24 8 
48 37 
38 
41 
7 
28 
29 19 
8 
31 
19 
23 
37 
39 
49 
14 
21 
47 
26 
# clone tree 10 objective: 2.66981
0 40 
40 2 32 
32 10 4 
4 41 1 11 33 
33 30 25 
25 46 
45 27 
27 15 9 6 
46 45 
6 36 20 
20 28 16 
16 22 
22 18 
18 43 13 
13 47 44 12 
12 35 
35 3 
30 17 34 
3 39 5 
10 23 29 38 
11 31 7 
34 48 
5 
9 42 
2 49 
36 21 
1 
17 26 
15 24 
42 
43 
44 14 
24 8 
48 37 
38 
41 
7 
28 
29 19 
8 
31 
19 
23 
37 
39 
49 
14 
21 
47 
26 
# clone tree 11 objective: 2.6703
0 26 40 
40 21 2 32 
32 10 4 
4 41 1 11 33 
33 30 25 
25 46 
45 27 
27 15 9 6 
46 45 
6 36 20 
20 28 16 
16 22 
22 18 
18 43 13 
13 47 44 12 
12 35 
35 3 
30 17 34 
3 5 
10 23 29 38 
11 31 7 
34 48 
5 
9 42 
2 
36 
1 
17 39 
15 24 
42 
43 49 
44 14 
24 8 
48 37 
38 
41 
7 
28 
29 19 
8 
31 
19 
23 
37 
39 
49 
14 
21 
47 
26 
# clone tree 12 objective: 2.6703
0 26 40 
40 2 32 
32 10 4 
4 41 1 11 33 
33 30 25 
25 46 
45 27 
27 15 9 6 
46 45 
6 36 20 
20 28 16 
16 22 
22 18 
18 43 13 
13 47 44 12 
12 35 
35 3 
30 17 34 
3 21 5 
10 23 29 38 
11 31 7 
34 48 
5 
9 42 
2 
36 
1 
17 39 
15 24 
42 
43 49 
44 14 
24 8 
48 37 
38 
41 
7 
28 
29 19 
8 
31 
19 
23 
37 
39 
49 
14 
21 
47 
26 
# clone tree 13 objective: 2.6703
0 26 40 
40 2 32 
32 10 4 
4 41 1 11 33 
33 30 25 
25 46 
45 27 
27 15 9 6 
46 45 
6 36 20 
20 28 16 
16 22 
22 18 
18 43 13 
13 47 44 12 
12 35 
35 3 
30 17 34 
3 39 5 
10 23 29 38 
11 31 7 
34 48 
5 
9 42 
2 
36 21 
1 
17 
15 24 
42 
43 49 
44 14 
24 8 
48 37 
38 
41 
7 
28 
29 19 
8 
31 
19 
23 
37 
39 
49 
14 
21 
47 
26 
# clone tree 14 objective: 2.6703
0 26 40 
40 2 32 
32 10 4 
4 41 1 11 33 
33 30 25 
25 46 
45 27 
27 15 9 6 
46 45 
6 36 20 
20 28 16 
16 22 
22 18 
18 43 13 
13 47 44 12 
12 35 
35 3 
30 17 34 
3 5 
10 23 29 38 
11 31 7 
34 48 
5 
9 42 
2 
36 21 
1 
17 39 
15 24 
42 
43 49 
44 14 
24 8 
48 37 
38 
41 
7 
28 
29 19 
8 
31 
19 
23 
37 
39 
49 
14 
21 
47 
26 
# clone tree 15 objective: 2.6703
0 26 40 
40 21 2 32 
32 10 4 
4 41 1 11 33 
33 30 25 
25 46 
45 27 
27 15 9 6 
46 45 
6 36 20 
20 28 16 
16 22 
22 18 
18 43 13 
13 47 44 12 
12 35 
35 3 
30 17 34 
3 39 5 
10 23 29 38 
11 31 7 
34 48 
5 
9 42 
2 
36 
1 
17 
15 24 
42 
43 49 
44 14 
24 8 
48 37 
38 
41 
7 
28 
29 19 
8 
31 
19 
23 
37 
39 
49 
14 
21 
47 
26 
# clone tree 16 objective: 2.67067
0 26 40 
40 2 32 
32 10 4 
4 41 1 11 33 
33 30 25 
25 46 
45 27 
27 15 9 6 
46 45 
6 36 20 
20 28 16 
16 22 
22 18 
18 43 13 
13 47 44 12 
12 35 
35 3 
30 17 34 
3 39 5 
10 23 29 38 
11 31 7 
34 48 
5 
9 42 
2 
36 
1 
17 21 
15 24 
42 
43 49 
44 14 
24 8 
48 37 
38 
41 
7 
28 
29 19 
8 
31 
19 
23 
37 
39 
49 
14 
21 
47 
26 
# clone tree 17 objective: 2.67069
0 26 40 
40 2 32 
32 10 4 
4 41 1 11 33 
33 30 25 
25 46 
45 27 
27 15 9 6 
46 45 
6 36 20 
20 28 16 
16 22 
22 18 
18 43 13 
13 19 44 12 
12 35 
35 3 
30 17 34 
3 21 5 
10 23 29 38 
11 31 7 
34 48 
5 
9 42 
2 49 
36 
1 
17 39 
15 24 
42 
43 
44 14 
24 8 
48 37 
38 
41 
7 
28 
29 
8 
31 
19 47 
23 
37 
39 
49 
14 
21 
47 
26 
# clone tree 18 objective: 2.67069
0 26 40 
40 2 32 
32 10 4 
4 41 1 11 33 
33 30 25 
25 46 
45 27 
27 15 9 6 
46 45 
6 36 20 
20 28 16 
16 22 
22 18 
18 43 13 
13 19 44 12 
12 35 
35 3 
30 17 34 
3 39 5 
10 23 29 38 
11 31 7 
34 48 
5 
9 42 
2 49 
36 21 
1 
17 
15 24 
42 
43 
44 14 
24 8 
48 37 
38 
41 
7 
28 
29 
8 
31 
19 47 
23 
37 
39 
49 
14 
21 
47 
26 
# clone tree 19 objective: 2.67069
0 26 40 
40 21 2 32 
32 10 4 
4 41 1 11 33 
33 30 25 
25 46 
45 27 
27 15 9 6 
46 45 
6 36 20 
20 28 16 
16 22 
22 18 
18 43 13 
13 19 44 12 
12 35 
35 3 
30 17 34 
3 5 
10 23 29 38 
11 31 7 
34 48 
5 
9 42 
2 49 
36 
1 
17 39 
15 24 
42 
43 
44 14 
24 8 
48 37 
38 
41 
7 
28 
29 
8 
31 
19 47 
23 
37 
39 
49 
14 
21 
47 
26 
# clone tree 20 objective: 2.67069
0 26 40 
40 2 32 
32 10 4 
4 41 1 11 33 
33 30 25 
25 46 
45 27 
27 15 9 6 
46 45 
6 36 20 
20 28 16 
16 22 
22 18 
18 43 13 
13 19 44 12 
12 35 
35 3 
30 17 34 
3 5 
10 23 29 38 
11 31 7 
34 48 
5 
9 42 
2 49 
36 21 
1 
17 39 
15 24 
42 
43 
44 14 
24 8 
48 37 
38 
41 
7 
28 
29 
8 
31 
19 47 
23 
37 
39 
49 
14 
21 
47 
26 
# clone tree 21 objective: 2.67069
0 26 40 
40 21 2 32 
32 10 4 
4 41 1 11 33 
33 30 25 
25 46 
45 27 
27 15 9 6 
46 45 
6 36 20 
20 28 16 
16 22 
22 18 
18 43 13 
13 19 44 12 
12 35 
35 3 
30 17 34 
3 39 5 
10 23 29 38 
11 31 7 
34 48 
5 
9 42 
2 49 
36 
1 
17 
15 24 
42 
43 
44 14 
24 8 
48 37 
38 
41 
7 
28 
29 
8 
31 
19 47 
23 
37 
39 
49 
14 
21 
47 
26 
# clone tree 22 objective: 2.6707
0 26 40 
40 21 2 32 
32 10 4 
4 41 1 11 33 
33 30 25 
25 46 
45 27 
27 15 9 6 
46 45 
6 36 20 
20 28 16 
16 22 
22 18 
18 43 13 
13 44 12 
12 35 
35 3 
30 17 34 
3 39 5 
10 23 29 38 
11 31 7 
34 48 
5 
9 42 
2 49 
36 
1 
17 
15 24 
42 
43 
44 14 
24 8 
48 37 
38 
41 
7 
28 
29 19 
8 
31 
19 47 
23 
37 
39 
49 
14 
21 
47 
26 
# clone tree 23 objective: 2.6707
0 26 40 
40 2 32 
32 10 4 
4 41 1 11 33 
33 30 25 
25 46 
45 27 
27 15 9 6 
46 45 
6 36 20 
20 28 16 
16 22 
22 18 
18 43 13 
13 44 12 
12 35 
35 3 
30 17 34 
3 21 5 
10 23 29 38 
11 31 7 
34 48 
5 
9 42 
2 49 
36 
1 
17 39 
15 24 
42 
43 
44 14 
24 8 
48 37 
38 
41 
7 
28 
29 19 
8 
31 
19 47 
23 
37 
39 
49 
14 
21 
47 
26 
# clone tree 24 objective: 2.6707
0 26 40 
40 2 32 
32 10 4 
4 41 1 11 33 
33 30 25 
25 46 
45 27 
27 15 9 6 
46 45 
6 36 20 
20 28 16 
16 22 
22 18 
18 43 13 
13 44 12 
12 35 
35 3 
30 17 34 
3 39 5 
10 23 29 38 
11 31 7 
34 48 
5 
9 42 
2 49 
36 21 
1 
17 
15 24 
42 
43 
44 14 
24 8 
48 37 
38 
41 
7 
28 
29 19 
8 
31 
19 47 
23 
37 
39 
49 
14 
21 
47 
26 
# clone tree 25 objective: 2.6707
0 26 40 
40 2 32 
32 10 4 
4 41 1 11 33 
33 30 25 
25 46 
45 27 
27 15 9 6 
46 45 
6 36 20 
20 28 16 
16 22 
22 18 
18 43 13 
13 44 12 
12 35 
35 3 
30 17 34 
3 5 
10 23 29 38 
11 31 7 
34 48 
5 
9 42 
2 49 
36 21 
1 
17 39 
15 24 
42 
43 
44 14 
24 8 
48 37 
38 
41 
7 
28 
29 19 
8 
31 
19 47 
23 
37 
39 
49 
14 
21 
47 
26 
# clone tree 26 objective: 2.6707
0 26 40 
40 21 2 32 
32 10 4 
4 41 1 11 33 
33 30 25 
25 46 
45 27 
27 15 9 6 
46 45 
6 36 20 
20 28 16 
16 22 
22 18 
18 43 13 
13 44 12 
12 35 
35 3 
30 17 34 
3 5 
10 23 29 38 
11 31 7 
34 48 
5 
9 42 
2 49 
36 
1 
17 39 
15 24 
42 
43 
44 14 
24 8 
48 37 
38 
41 
7 
28 
29 19 
8 
31 
19 47 
23 
37 
39 
49 
14 
21 
47 
26 
# clone tree 27 objective: 2.67106
0 26 40 
40 2 32 
32 10 4 
4 41 1 11 33 
33 30 25 
25 46 
45 27 
27 15 9 6 
46 45 
6 36 20 
20 28 16 
16 22 
22 18 
18 43 13 
13 19 44 12 
12 35 
35 3 
30 17 34 
3 39 5 
10 23 29 38 
11 31 7 
34 48 
5 
9 42 
2 49 
36 
1 
17 21 
15 24 
42 
43 
44 14 
24 8 
48 37 
38 
41 
7 
28 
29 
8 
31 
19 47 
23 
37 
39 
49 
14 
21 
47 
26 
# clone tree 28 objective: 2.67107
0 26 40 
40 2 32 
32 10 4 
4 41 1 11 33 
33 30 25 
25 46 
45 27 
27 15 9 6 
46 45 
6 36 20 
20 28 16 
16 22 
22 18 
18 43 13 
13 44 12 
12 35 
35 3 
30 17 34 
3 39 5 
10 23 29 38 
11 31 7 
34 48 
5 
9 42 
2 49 
36 
1 
17 21 
15 24 
42 
43 
44 14 
24 8 
48 37 
38 
41 
7 
28 
29 19 
8 
31 
19 47 
23 
37 
39 
49 
14 
21 
47 
26 
# clone tree 29 objective: 2.67112
0 40 
40 2 32 
32 10 4 
4 41 1 11 33 
33 30 25 
25 46 
45 27 
27 15 9 6 
46 45 
6 36 20 
20 28 16 
16 22 
22 18 
18 43 13 
13 47 44 12 
12 35 
35 3 
30 17 34 
3 39 5 
10 23 29 38 
11 31 7 
34 48 
5 
9 42 
2 
36 21 
1 
17 26 
15 24 
42 
43 49 
44 14 
24 8 
48 37 
38 
41 
7 
28 
29 19 
8 
31 
19 
23 
37 
39 
49 
14 
21 
47 
26 
# clone tree 30 objective: 2.67112
0 40 
40 21 2 32 
32 10 4 
4 41 1 11 33 
33 30 25 
25 46 
45 27 
27 15 9 6 
46 45 
6 36 20 
20 28 16 
16 22 
22 18 
18 43 13 
13 47 44 12 
12 35 
35 3 
30 17 34 
3 39 5 
10 23 29 38 
11 31 7 
34 48 
5 
9 42 
2 
36 
1 
17 26 
15 24 
42 
43 49 
44 14 
24 8 
48 37 
38 
41 
7 
28 
29 19 
8 
31 
19 
23 
37 
39 
49 
14 
21 
47 
26 
# clone tree 31 objective: 2.67112
0 40 
40 2 32 
32 10 4 
4 41 1 11 33 
33 30 25 
25 46 
45 27 
27 15 9 6 
46 45 
6 36 20 
20 28 16 
16 22 
22 18 
18 43 13 
13 47 44 12 
12 35 
35 3 
30 17 34 
3 5 
10 23 29 38 
11 31 7 
34 48 
5 
9 42 
2 
36 21 
1 
17 26 39 
15 24 
42 
43 49 
44 14 
24 8 
48 37 
38 
41 
7 
28 
29 19 
8 
31 
19 
23 
37 
39 
49 
14 
21 
47 
26 
# clone tree 32 objective: 2.67112
0 40 
40 21 2 32 
32 10 4 
4 41 1 11 33 
33 30 25 
25 46 
45 27 
27 15 9 6 
46 45 
6 36 20 
20 28 16 
16 22 
22 18 
18 43 13 
13 47 44 12 
12 35 
35 3 
30 17 34 
3 5 
10 23 29 38 
11 31 7 
34 48 
5 
9 42 
2 
36 
1 
17 26 39 
15 24 
42 
43 49 
44 14 
24 8 
48 37 
38 
41 
7 
28 
29 19 
8 
31 
19 
23 
37 
39 
49 
14 
21 
47 
26 
# clone tree 33 objective: 2.67112
0 40 
40 2 32 
32 10 4 
4 41 1 11 33 
33 30 25 
25 46 
45 27 
27 15 9 6 
46 45 
6 36 20 
20 28 16 
16 22 
22 18 
18 43 13 
13 47 44 12 
12 35 
35 3 
30 17 34 
3 21 5 
10 23 29 38 
11 31 7 
34 48 
5 
9 42 
2 
36 
1 
17 26 39 
15 24 
42 
43 49 
44 14 
24 8 
48 37 
38 
41 
7 
28 
29 19 
8 
31 
19 
23 
37 
39 
49 
14 
21 
47 
26 
# clone tree 34 objective: 2.67151
0 40 
40 2 32 
32 10 4 
4 41 1 11 33 
33 30 25 
25 46 
45 27 
27 15 9 6 
46 45 
6 36 20 
20 28 16 
16 22 
22 18 
18 43 13 
13 19 44 12 
12 35 
35 3 
30 17 34 
3 21 5 
10 23 29 38 
11 31 7 
34 48 
5 
9 42 
2 49 
36 
1 
17 26 39 
15 24 
42 
43 
44 14 
24 8 
48 37 
38 
41 
7 
28 
29 
8 
31 
19 47 
23 
37 
39 
49 
14 
21 
47 
26 
# clone tree 35 objective: 2.67151
0 40 
40 21 2 32 
32 10 4 
4 41 1 11 33 
33 30 25 
25 46 
45 27 
27 15 9 6 
46 45 
6 36 20 
20 28 16 
16 22 
22 18 
18 43 13 
13 19 44 12 
12 35 
35 3 
30 17 34 
3 5 
10 23 29 38 
11 31 7 
34 48 
5 
9 42 
2 49 
36 
1 
17 26 39 
15 24 
42 
43 
44 14 
24 8 
48 37 
38 
41 
7 
28 
29 
8 
31 
19 47 
23 
37 
39 
49 
14 
21 
47 
26 
# clone tree 36 objective: 2.67151
0 40 
40 2 32 
32 10 4 
4 41 1 11 33 
33 30 25 
25 46 
45 27 
27 15 9 6 
46 45 
6 36 20 
20 28 16 
16 22 
22 18 
18 43 13 
13 19 44 12 
12 35 
35 3 
30 17 34 
3 39 5 
10 23 29 38 
11 31 7 
34 48 
5 
9 42 
2 49 
36 21 
1 
17 26 
15 24 
42 
43 
44 14 
24 8 
48 37 
38 
41 
7 
28 
29 
8 
31 
19 47 
23 
37 
39 
49 
14 
21 
47 
26 
# clone tree 37 objective: 2.67151
0 40 
40 21 2 32 
32 10 4 
4 41 1 11 33 
33 30 25 
25 46 
45 27 
27 15 9 6 
46 45 
6 36 20 
20 28 16 
16 22 
22 18 
18 43 13 
13 19 44 12 
12 35 
35 3 
30 17 34 
3 39 5 
10 23 29 38 
11 31 7 
34 48 
5 
9 42 
2 49 
36 
1 
17 26 
15 24 
42 
43 
44 14 
24 8 
48 37 
38 
41 
7 
28 
29 
8 
31 
19 47 
23 
37 
39 
49 
14 
21 
47 
26 
# clone tree 38 objective: 2.67151
0 40 
40 2 32 
32 10 4 
4 41 1 11 33 
33 30 25 
25 46 
45 27 
27 15 9 6 
46 45 
6 36 20 
20 28 16 
16 22 
22 18 
18 43 13 
13 19 44 12 
12 35 
35 3 
30 17 34 
3 5 
10 23 29 38 
11 31 7 
34 48 
5 
9 42 
2 49 
36 21 
1 
17 26 39 
15 24 
42 
43 
44 14 
24 8 
48 37 
38 
41 
7 
28 
29 
8 
31 
19 47 
23 
37 
39 
49 
14 
21 
47 
26 
# clone tree 39 objective: 2.67152
0 40 
40 21 2 32 
32 10 4 
4 41 1 11 33 
33 30 25 
25 46 
45 27 
27 15 9 6 
46 45 
6 36 20 
20 28 16 
16 22 
22 18 
18 43 13 
13 44 12 
12 35 
35 3 
30 17 34 
3 39 5 
10 23 29 38 
11 31 7 
34 48 
5 
9 42 
2 49 
36 
1 
17 26 
15 24 
42 
43 
44 14 
24 8 
48 37 
38 
41 
7 
28 
29 19 
8 
31 
19 47 
23 
37 
39 
49 
14 
21 
47 
26 
# clone tree 40 objective: 2.67152
0 40 
40 2 32 
32 10 4 
4 41 1 11 33 
33 30 25 
25 46 
45 27 
27 15 9 6 
46 45 
6 36 20 
20 28 16 
16 22 
22 18 
18 43 13 
13 44 12 
12 35 
35 3 
30 17 34 
3 39 5 
10 23 29 38 
11 31 7 
34 48 
5 
9 42 
2 49 
36 21 
1 
17 26 
15 24 
42 
43 
44 14 
24 8 
48 37 
38 
41 
7 
28 
29 19 
8 
31 
19 47 
23 
37 
39 
49 
14 
21 
47 
26 
# clone tree 41 objective: 2.67152
0 40 
40 2 32 
32 10 4 
4 41 1 11 33 
33 30 25 
25 46 
45 27 
27 15 9 6 
46 45 
6 36 20 
20 28 16 
16 22 
22 18 
18 43 13 
13 44 12 
12 35 
35 3 
30 17 34 
3 5 
10 23 29 38 
11 31 7 
34 48 
5 
9 42 
2 49 
36 21 
1 
17 26 39 
15 24 
42 
43 
44 14 
24 8 
48 37 
38 
41 
7 
28 
29 19 
8 
31 
19 47 
23 
37 
39 
49 
14 
21 
47 
26 
# clone tree 42 objective: 2.67152
0 40 
40 2 32 
32 10 4 
4 41 1 11 33 
33 30 25 
25 46 
45 27 
27 15 9 6 
46 45 
6 36 20 
20 28 16 
16 22 
22 18 
18 43 13 
13 44 12 
12 35 
35 3 
30 17 34 
3 21 5 
10 23 29 38 
11 31 7 
34 48 
5 
9 42 
2 49 
36 
1 
17 26 39 
15 24 
42 
43 
44 14 
24 8 
48 37 
38 
41 
7 
28 
29 19 
8 
31 
19 47 
23 
37 
39 
49 
14 
21 
47 
26 
# clone tree 43 objective: 2.67152
0 40 
40 21 2 32 
32 10 4 
4 41 1 11 33 
33 30 25 
25 46 
45 27 
27 15 9 6 
46 45 
6 36 20 
20 28 16 
16 22 
22 18 
18 43 13 
13 44 12 
12 35 
35 3 
30 17 34 
3 5 
10 23 29 38 
11 31 7 
34 48 
5 
9 42 
2 49 
36 
1 
17 26 39 
15 24 
42 
43 
44 14 
24 8 
48 37 
38 
41 
7 
28 
29 19 
8 
31 
19 47 
23 
37 
39 
49 
14 
21 
47 
26 
# clone tree 44 objective: 2.67162
0 26 40 
40 2 32 
32 10 4 
4 41 1 11 33 
33 30 25 
25 46 
45 27 
27 9 6 
46 45 
6 36 20 
20 28 16 
16 22 
22 18 
18 43 13 
13 15 12 
12 35 
35 3 
30 17 34 
3 39 5 
10 23 29 38 
11 31 7 
34 48 44 
5 
9 42 
2 49 
36 21 
1 
17 
15 24 
42 
43 
44 14 
24 8 
48 37 
38 
41 
7 
28 
29 19 
8 
31 
19 47 
23 
37 
39 
49 
14 
21 
47 
26 
# clone tree 45 objective: 2.67162
0 26 40 
40 2 32 
32 10 4 
4 41 1 11 33 
33 30 25 
25 46 
45 27 
27 9 6 
46 45 
6 36 20 
20 28 16 
16 22 
22 18 
18 43 13 
13 15 12 
12 35 
35 3 
30 17 34 
3 21 5 
10 23 29 38 
11 31 7 
34 48 44 
5 
9 42 
2 49 
36 
1 
17 39 
15 24 
42 
43 
44 14 
24 8 
48 37 
38 
41 
7 
28 
29 19 
8 
31 
19 47 
23 
37 
39 
49 
14 
21 
47 
26 
# clone tree 46 objective: 2.67162
0 26 40 
40 2 32 
32 10 4 
4 41 1 11 33 
33 30 25 
25 46 
45 27 
27 9 6 
46 45 
6 36 20 
20 28 16 
16 22 
22 18 
18 43 13 
13 15 12 
12 35 
35 3 
30 17 34 
3 5 
10 23 29 38 
11 31 7 
34 48 44 
5 
9 42 
2 49 
36 21 
1 
17 39 
15 24 
42 
43 
44 14 
24 8 
48 37 
38 
41 
7 
28 
29 19 
8 
31 
19 47 
23 
37 
39 
49 
14 
21 
47 
26 
# clone tree 47 objective: 2.67162
0 26 40 
40 21 2 32 
32 10 4 
4 41 1 11 33 
33 30 25 
25 46 
45 27 
27 9 6 
46 45 
6 36 20 
20 28 16 
16 22 
22 18 
18 43 13 
13 15 12 
12 35 
35 3 
30 17 34 
3 39 5 
10 23 29 38 
11 31 7 
34 48 44 
5 
9 42 
2 49 
36 
1 
17 
15 24 
42 
43 
44 14 
24 8 
48 37 
38 
41 
7 
28 
29 19 
8 
31 
19 47 
23 
37 
39 
49 
14 
21 
47 
26 
# clone tree 48 objective: 2.67162
0 26 40 
40 21 2 32 
32 10 4 
4 41 1 11 33 
33 30 25 
25 46 
45 27 
27 9 6 
46 45 
6 36 20 
20 28 16 
16 22 
22 18 
18 43 13 
13 15 12 
12 35 
35 3 
30 17 34 
3 5 
10 23 29 38 
11 31 7 
34 48 44 
5 
9 42 
2 49 
36 
1 
17 39 
15 24 
42 
43 
44 14 
24 8 
48 37 
38 
41 
7 
28 
29 19 
8 
31 
19 47 
23 
37 
39 
49 
14 
21 
47 
26 
# clone tree 49 objective: 2.67199
0 26 40 
40 2 32 
32 10 4 
4 41 1 11 33 
33 30 25 
25 46 
45 27 
27 9 6 
46 45 
6 36 20 
20 28 16 
16 22 
22 18 
18 43 13 
13 15 12 
12 35 
35 3 
30 17 34 
3 39 5 
10 23 29 38 
11 31 7 
34 48 44 
5 
9 42 
2 49 
36 
1 
17 21 
15 24 
42 
43 
44 14 
24 8 
48 37 
38 
41 
7 
28 
29 19 
8 
31 
19 47 
23 
37 
39 
49 
14 
21 
47 
26 
