# clone tree 0 objective: 1.89292
0 33 24 42 13 37 
37 14 31 
31 26 5 21 
21 27 18 39 
39 25 15 44 
8 12 16 
44 30 8 
16 22 1 40 
40 17 46 
36 28 
46 36 
17 49 7 32 
28 41 
41 47 34 
13 29 
32 4 
1 10 
18 
14 20 43 6 3 
29 9 35 
4 38 11 
34 
5 45 23 
10 48 
15 2 19 
30 
47 
25 
35 
7 
26 
23 
42 
24 
33 
9 
11 
3 
48 
49 
27 
19 
6 
12 
2 
43 
20 
22 
38 
45 
# clone tree 1 objective: 1.89292
0 33 24 42 13 37 
37 14 31 
31 26 5 21 
21 27 18 39 
39 25 15 44 
8 12 16 
44 38 30 8 
16 22 1 40 
40 17 46 
36 28 
46 36 
17 49 7 32 
28 41 
41 47 34 
13 29 
32 4 
1 10 
18 
14 43 6 3 
29 9 35 
4 11 
34 20 
5 45 23 
10 48 
15 2 19 
30 
47 
25 
35 
7 
26 
23 
42 
24 
33 
9 
11 
3 
48 
49 
27 
19 
6 
12 
2 
43 
20 
22 
38 
45 
# clone tree 2 objective: 1.89292
0 33 24 42 13 37 
37 14 31 
31 26 5 21 
21 27 18 39 
39 25 15 44 
8 12 16 
44 30 8 
16 22 1 40 
40 17 46 
36 28 
46 36 
17 49 7 32 
28 41 
41 47 34 
13 29 
32 4 
1 10 
18 
14 43 6 3 
29 9 35 
4 38 11 
34 20 
5 45 23 
10 48 
15 2 19 
30 
47 
25 
35 
7 
26 
23 
42 
24 
33 
9 
11 
3 
48 
49 
27 
19 
6 
12 
2 
43 
20 
22 
38 
45 
# clone tree 3 objective: 1.89292
0 33 24 42 13 37 
37 14 31 
31 26 5 21 
21 27 18 39 
39 25 15 44 
8 12 16 
44 38 30 8 
16 22 1 40 
40 17 46 
36 28 
46 36 
17 49 7 32 
28 41 
41 47 34 
13 29 
32 4 
1 10 
18 
14 20 43 6 3 
29 9 35 
4 11 
34 
5 45 23 
10 48 
15 2 19 
30 
47 
25 
35 
7 
26 
23 
42 
24 
33 
9 
11 
3 
48 
49 
27 
19 
6 
12 
2 
43 
20 
22 
38 
45 
# clone tree 4 objective: 1.89298
0 33 24 42 13 37 
37 14 31 
31 26 5 21 
21 27 18 39 
39 25 15 44 
8 16 
44 30 8 
16 22 1 40 
40 17 46 
36 28 
46 36 
17 49 7 32 
28 41 
41 47 34 
13 29 
32 4 
1 10 
18 12 
14 20 43 6 3 
29 9 35 
4 38 11 
34 
5 45 23 
10 48 
15 2 19 
30 
47 
25 
35 
7 
26 
23 
42 
24 
33 
9 
11 
3 
48 
49 
27 
19 
6 
12 
2 
43 
20 
22 
38 
45 
# clone tree 5 objective: 1.89298
0 33 24 42 13 37 
37 14 31 
31 26 5 21 
21 27 18 39 
39 25 15 44 
8 16 
44 30 8 
16 22 1 40 
40 17 46 
36 28 
46 36 
17 49 7 32 
28 41 
41 47 34 
13 29 
32 4 
1 10 
18 12 
14 43 6 3 
29 9 35 
4 38 11 
34 20 
5 45 23 
10 48 
15 2 19 
30 
47 
25 
35 
7 
26 
23 
42 
24 
33 
9 
11 
3 
48 
49 
27 
19 
6 
12 
2 
43 
20 
22 
38 
45 
# clone tree 6 objective: 1.89298
0 33 24 42 13 37 
37 14 31 
31 26 5 21 
21 27 18 39 
39 25 15 44 
8 16 
44 38 30 8 
16 22 1 40 
40 17 46 
36 28 
46 36 
17 49 7 32 
28 41 
41 47 34 
13 29 
32 4 
1 10 
18 12 
14 20 43 6 3 
29 9 35 
4 11 
34 
5 45 23 
10 48 
15 2 19 
30 
47 
25 
35 
7 
26 
23 
42 
24 
33 
9 
11 
3 
48 
49 
27 
19 
6 
12 
2 
43 
20 
22 
38 
45 
# clone tree 7 objective: 1.89298
0 33 24 42 13 37 
37 14 31 
31 26 5 21 
21 27 18 39 
39 25 15 44 
8 16 
44 38 30 8 
16 22 1 40 
40 17 46 
36 28 
46 36 
17 49 7 32 
28 41 
41 47 34 
13 29 
32 4 
1 10 
18 12 
14 43 6 3 
29 9 35 
4 11 
34 20 
5 45 23 
10 48 
15 2 19 
30 
47 
25 
35 
7 
26 
23 
42 
24 
33 
9 
11 
3 
48 
49 
27 
19 
6 
12 
2 
43 
20 
22 
38 
45 
# clone tree 8 objective: 1.89362
0 33 24 42 13 37 
37 14 31 
31 26 5 21 
21 27 18 39 
39 25 15 44 
8 12 16 
44 30 8 
16 22 1 40 
40 17 46 
36 28 
46 36 
17 49 7 32 
28 41 
41 47 34 
13 29 
32 4 
1 10 
18 
14 20 43 6 3 
29 9 35 
4 38 11 
34 
5 45 23 
10 48 
15 19 
30 
47 
25 
35 
7 
26 
23 
42 
24 2 
33 
9 
11 
3 
48 
49 
27 
19 
6 
12 
2 
43 
20 
22 
38 
45 
# clone tree 9 objective: 1.89362
0 33 24 42 13 37 
37 14 31 
31 26 5 21 
21 27 18 39 
39 25 15 44 
8 12 16 
44 38 30 8 
16 22 1 40 
40 17 46 
36 28 
46 36 
17 49 7 32 
28 41 
41 47 34 
13 29 
32 4 
1 10 
18 
14 20 43 6 3 
29 9 35 
4 11 
34 
5 45 23 
10 48 
15 19 
30 
47 
25 
35 
7 
26 
23 
42 2 
24 
33 
9 
11 
3 
48 
49 
27 
19 
6 
12 
2 
43 
20 
22 
38 
45 
# clone tree 10 objective: 1.89362
0 33 24 42 13 37 
37 14 31 
31 26 5 21 
21 27 18 39 
39 25 15 44 
8 12 16 
44 30 8 
16 22 1 40 
40 17 46 
36 28 
46 36 
17 49 7 32 
28 41 
41 47 34 
13 29 
32 4 
1 10 
18 
14 20 43 6 3 
29 9 35 
4 38 11 
34 
5 45 23 
10 48 
15 19 
30 
47 
25 
35 
7 2 
26 
23 
42 
24 
33 
9 
11 
3 
48 
49 
27 
19 
6 
12 
2 
43 
20 
22 
38 
45 
# clone tree 11 objective: 1.89362
0 33 24 42 13 37 
37 14 31 
31 26 5 21 
21 27 18 39 
39 25 15 44 
8 12 16 
44 38 30 8 
16 22 1 40 
40 17 46 
36 28 
46 36 
17 49 7 32 
28 41 
41 47 34 
13 29 
32 4 
1 10 
18 
14 20 43 6 3 
29 9 35 
4 11 
34 
5 45 23 
10 48 
15 19 
30 
47 
25 
35 
7 2 
26 
23 
42 
24 
33 
9 
11 
3 
48 
49 
27 
19 
6 
12 
2 
43 
20 
22 
38 
45 
# clone tree 12 objective: 1.89362
0 33 24 42 13 37 
37 14 31 
31 26 5 21 
21 27 18 39 
39 25 15 44 
8 12 16 
44 38 30 8 
16 22 1 40 
40 17 46 
36 28 
46 36 
17 49 7 32 
28 41 
41 47 34 
13 29 
32 4 
1 10 
18 
14 43 6 3 
29 9 35 
4 11 
34 20 
5 45 23 
10 48 
15 19 
30 
47 
25 
35 
7 
26 
23 
42 2 
24 
33 
9 
11 
3 
48 
49 
27 
19 
6 
12 
2 
43 
20 
22 
38 
45 
# clone tree 13 objective: 1.89362
0 33 24 42 13 37 
37 14 31 
31 26 5 21 
21 27 18 39 
39 25 15 44 
8 12 16 
44 30 8 
16 22 1 40 
40 17 46 
36 28 
46 36 
17 49 7 32 
28 41 
41 47 34 
13 29 
32 4 
1 10 
18 
14 43 6 3 
29 9 35 
4 38 11 
34 20 
5 45 23 
10 48 
15 19 
30 
47 
25 
35 
7 
26 
23 
42 
24 2 
33 
9 
11 
3 
48 
49 
27 
19 
6 
12 
2 
43 
20 
22 
38 
45 
# clone tree 14 objective: 1.89362
0 33 24 42 13 37 
37 14 31 
31 26 5 21 
21 27 18 39 
39 25 15 44 
8 12 16 
44 30 8 
16 22 1 40 
40 17 46 
36 28 
46 36 
17 49 7 32 
28 41 
41 47 34 
13 29 
32 4 
1 10 
18 
14 43 6 3 
29 9 35 
4 38 11 
34 20 
5 45 23 
10 48 
15 19 
30 
47 
25 
35 
7 2 
26 
23 
42 
24 
33 
9 
11 
3 
48 
49 
27 
19 
6 
12 
2 
43 
20 
22 
38 
45 
# clone tree 15 objective: 1.89362
0 33 24 42 13 37 
37 14 31 
31 26 5 21 
21 27 18 39 
39 25 15 44 
8 12 16 
44 38 30 8 
16 22 1 40 
40 17 46 
36 28 
46 36 
17 49 7 32 
28 41 
41 47 34 
13 29 
32 4 
1 10 
18 
14 43 6 3 
29 9 35 
4 11 
34 20 
5 45 23 
10 48 
15 19 
30 
47 
25 
35 
7 2 
26 
23 
42 
24 
33 
9 
11 
3 
48 
49 
27 
19 
6 
12 
2 
43 
20 
22 
38 
45 
# clone tree 16 objective: 1.89362
0 33 24 42 13 37 
37 14 31 
31 26 5 21 
21 27 18 39 
39 25 15 44 
8 12 16 
44 30 8 
16 22 1 40 
40 17 46 
36 28 
46 36 
17 49 7 32 
28 41 
41 47 34 
13 29 
32 4 
1 10 
18 
14 43 6 3 
29 9 35 
4 38 11 
34 20 
5 45 23 
10 48 
15 19 
30 
47 
25 
35 
7 
26 
23 
42 2 
24 
33 
9 
11 
3 
48 
49 
27 
19 
6 
12 
2 
43 
20 
22 
38 
45 
# clone tree 17 objective: 1.89362
0 33 24 42 13 37 
37 14 31 
31 26 5 21 
21 27 18 39 
39 25 15 44 
8 12 16 
44 38 30 8 
16 22 1 40 
40 17 46 
36 28 
46 36 
17 49 7 32 
28 41 
41 47 34 
13 29 
32 4 
1 10 
18 
14 20 43 6 3 
29 9 35 
4 11 
34 
5 45 23 
10 48 
15 19 
30 
47 
25 
35 
7 
26 
23 
42 
24 2 
33 
9 
11 
3 
48 
49 
27 
19 
6 
12 
2 
43 
20 
22 
38 
45 
# clone tree 18 objective: 1.89362
0 33 24 42 13 37 
37 14 31 
31 26 5 21 
21 27 18 39 
39 25 15 44 
8 12 16 
44 30 8 
16 22 1 40 
40 17 46 
36 28 
46 36 
17 49 7 32 
28 41 
41 47 34 
13 29 
32 4 
1 10 
18 
14 20 43 6 3 
29 9 35 
4 38 11 
34 
5 45 23 
10 48 
15 19 
30 
47 
25 
35 
7 
26 
23 
42 2 
24 
33 
9 
11 
3 
48 
49 
27 
19 
6 
12 
2 
43 
20 
22 
38 
45 
# clone tree 19 objective: 1.89362
0 33 24 42 13 37 
37 14 31 
31 26 5 21 
21 27 18 39 
39 25 15 44 
8 12 16 
44 38 30 8 
16 22 1 40 
40 17 46 
36 28 
46 36 
17 49 7 32 
28 41 
41 47 34 
13 29 
32 4 
1 10 
18 
14 43 6 3 
29 9 35 
4 11 
34 20 
5 45 23 
10 48 
15 19 
30 
47 
25 
35 
7 
26 
23 
42 
24 2 
33 
9 
11 
3 
48 
49 
27 
19 
6 
12 
2 
43 
20 
22 
38 
45 
# clone tree 20 objective: 1.89367
0 33 24 42 13 37 
37 14 31 
31 26 5 21 
21 27 18 39 
39 25 15 44 
8 16 
44 30 8 
16 22 1 40 
40 17 46 
36 28 
46 36 
17 49 7 32 
28 41 
41 47 34 
13 29 
32 4 
1 10 
18 12 
14 20 43 6 3 
29 9 35 
4 38 11 
34 
5 45 23 
10 48 
15 19 
30 
47 
25 
35 
7 2 
26 
23 
42 
24 
33 
9 
11 
3 
48 
49 
27 
19 
6 
12 
2 
43 
20 
22 
38 
45 
# clone tree 21 objective: 1.89367
0 33 24 42 13 37 
37 14 31 
31 26 5 21 
21 27 18 39 
39 25 15 44 
8 16 
44 30 8 
16 22 1 40 
40 17 46 
36 28 
46 36 
17 49 7 32 
28 41 
41 47 34 
13 29 
32 4 
1 10 
18 12 
14 20 43 6 3 
29 9 35 
4 38 11 
34 
5 45 23 
10 48 
15 19 
30 
47 
25 
35 
7 
26 
23 
42 2 
24 
33 
9 
11 
3 
48 
49 
27 
19 
6 
12 
2 
43 
20 
22 
38 
45 
# clone tree 22 objective: 1.89367
0 33 24 42 13 37 
37 14 31 
31 26 5 21 
21 27 18 39 
39 25 15 44 
8 16 
44 38 30 8 
16 22 1 40 
40 17 46 
36 28 
46 36 
17 49 7 32 
28 41 
41 47 34 
13 29 
32 4 
1 10 
18 12 
14 20 43 6 3 
29 9 35 
4 11 
34 
5 45 23 
10 48 
15 19 
30 
47 
25 
35 
7 
26 
23 
42 
24 2 
33 
9 
11 
3 
48 
49 
27 
19 
6 
12 
2 
43 
20 
22 
38 
45 
# clone tree 23 objective: 1.89367
0 33 24 42 13 37 
37 14 31 
31 26 5 21 
21 27 18 39 
39 25 15 44 
8 16 
44 30 8 
16 22 1 40 
40 17 46 
36 28 
46 36 
17 49 7 32 
28 41 
41 47 34 
13 29 
32 4 
1 10 
18 12 
14 20 43 6 3 
29 9 35 
4 38 11 
34 
5 45 23 
10 48 
15 19 
30 
47 
25 
35 
7 
26 
23 
42 
24 2 
33 
9 
11 
3 
48 
49 
27 
19 
6 
12 
2 
43 
20 
22 
38 
45 
# clone tree 24 objective: 1.89367
0 33 24 42 13 37 
37 14 31 
31 26 5 21 
21 27 18 39 
39 25 15 44 
8 16 
44 38 30 8 
16 22 1 40 
40 17 46 
36 28 
46 36 
17 49 7 32 
28 41 
41 47 34 
13 29 
32 4 
1 10 
18 12 
14 20 43 6 3 
29 9 35 
4 11 
34 
5 45 23 
10 48 
15 19 
30 
47 
25 
35 
7 
26 
23 
42 2 
24 
33 
9 
11 
3 
48 
49 
27 
19 
6 
12 
2 
43 
20 
22 
38 
45 
# clone tree 25 objective: 1.89367
0 33 24 42 13 37 
37 14 31 
31 26 5 21 
21 27 18 39 
39 25 15 44 
8 16 
44 30 8 
16 22 1 40 
40 17 46 
36 28 
46 36 
17 49 7 32 
28 41 
41 47 34 
13 29 
32 4 
1 10 
18 12 
14 43 6 3 
29 9 35 
4 38 11 
34 20 
5 45 23 
10 48 
15 19 
30 
47 
25 
35 
7 2 
26 
23 
42 
24 
33 
9 
11 
3 
48 
49 
27 
19 
6 
12 
2 
43 
20 
22 
38 
45 
# clone tree 26 objective: 1.89367
0 33 24 42 13 37 
37 14 31 
31 26 5 21 
21 27 18 39 
39 25 15 44 
8 16 
44 38 30 8 
16 22 1 40 
40 17 46 
36 28 
46 36 
17 49 7 32 
28 41 
41 47 34 
13 29 
32 4 
1 10 
18 12 
14 43 6 3 
29 9 35 
4 11 
34 20 
5 45 23 
10 48 
15 19 
30 
47 
25 
35 
7 
26 
23 
42 2 
24 
33 
9 
11 
3 
48 
49 
27 
19 
6 
12 
2 
43 
20 
22 
38 
45 
# clone tree 27 objective: 1.89367
0 33 24 42 13 37 
37 14 31 
31 26 5 21 
21 27 18 39 
39 25 15 44 
8 16 
44 38 30 8 
16 22 1 40 
40 17 46 
36 28 
46 36 
17 49 7 32 
28 41 
41 47 34 
13 29 
32 4 
1 10 
18 12 
14 43 6 3 
29 9 35 
4 11 
34 20 
5 45 23 
10 48 
15 19 
30 
47 
25 
35 
7 
26 
23 
42 
24 2 
33 
9 
11 
3 
48 
49 
27 
19 
6 
12 
2 
43 
20 
22 
38 
45 
# clone tree 28 objective: 1.89367
0 33 24 42 13 37 
37 14 31 
31 26 5 21 
21 27 18 39 
39 25 15 44 
8 16 
44 38 30 8 
16 22 1 40 
40 17 46 
36 28 
46 36 
17 49 7 32 
28 41 
41 47 34 
13 29 
32 4 
1 10 
18 12 
14 43 6 3 
29 9 35 
4 11 
34 20 
5 45 23 
10 48 
15 19 
30 
47 
25 
35 
7 2 
26 
23 
42 
24 
33 
9 
11 
3 
48 
49 
27 
19 
6 
12 
2 
43 
20 
22 
38 
45 
# clone tree 29 objective: 1.89367
0 33 24 42 13 37 
37 14 31 
31 26 5 21 
21 27 18 39 
39 25 15 44 
8 16 
44 30 8 
16 22 1 40 
40 17 46 
36 28 
46 36 
17 49 7 32 
28 41 
41 47 34 
13 29 
32 4 
1 10 
18 12 
14 43 6 3 
29 9 35 
4 38 11 
34 20 
5 45 23 
10 48 
15 19 
30 
47 
25 
35 
7 
26 
23 
42 2 
24 
33 
9 
11 
3 
48 
49 
27 
19 
6 
12 
2 
43 
20 
22 
38 
45 
# clone tree 30 objective: 1.89367
0 33 24 42 13 37 
37 14 31 
31 26 5 21 
21 27 18 39 
39 25 15 44 
8 16 
44 30 8 
16 22 1 40 
40 17 46 
36 28 
46 36 
17 49 7 32 
28 41 
41 47 34 
13 29 
32 4 
1 10 
18 12 
14 43 6 3 
29 9 35 
4 38 11 
34 20 
5 45 23 
10 48 
15 19 
30 
47 
25 
35 
7 
26 
23 
42 
24 2 
33 
9 
11 
3 
48 
49 
27 
19 
6 
12 
2 
43 
20 
22 
38 
45 
# clone tree 31 objective: 1.89367
0 33 24 42 13 37 
37 14 31 
31 26 5 21 
21 27 18 39 
39 25 15 44 
8 16 
44 38 30 8 
16 22 1 40 
40 17 46 
36 28 
46 36 
17 49 7 32 
28 41 
41 47 34 
13 29 
32 4 
1 10 
18 12 
14 20 43 6 3 
29 9 35 
4 11 
34 
5 45 23 
10 48 
15 19 
30 
47 
25 
35 
7 2 
26 
23 
42 
24 
33 
9 
11 
3 
48 
49 
27 
19 
6 
12 
2 
43 
20 
22 
38 
45 
# clone tree 32 objective: 1.89369
0 33 24 42 13 37 
37 2 14 31 
31 26 5 21 
21 27 18 39 
39 25 15 44 
8 12 16 
44 38 30 8 
16 22 1 40 
40 17 46 
36 28 
46 36 
17 49 7 32 
28 41 
41 47 34 
13 29 
32 4 
1 10 
18 23 
14 43 6 3 
29 9 35 
4 11 
34 20 
5 45 
10 48 
15 19 
30 
47 
25 
35 
7 
26 
23 
42 
24 
33 
9 
11 
3 
48 
49 
27 
19 
6 
12 
2 
43 
20 
22 
38 
45 
# clone tree 33 objective: 1.89369
0 33 24 42 13 37 
37 14 31 
31 26 5 21 
21 27 18 39 
39 25 15 44 
8 12 16 
44 30 8 
16 22 1 40 
40 17 46 
36 28 
46 36 
17 49 7 32 
28 41 
41 47 34 
13 29 
32 4 
1 10 
18 23 
14 20 43 6 3 
29 9 35 
4 38 11 
34 
5 45 2 
10 48 
15 19 
30 
47 
25 
35 
7 
26 
23 
42 
24 
33 
9 
11 
3 
48 
49 
27 
19 
6 
12 
2 
43 
20 
22 
38 
45 
# clone tree 34 objective: 1.89369
0 33 24 42 13 37 
37 14 31 
31 26 5 21 
21 27 18 39 
39 25 15 44 
8 12 16 
44 30 8 
16 22 1 40 
40 17 46 
36 28 
46 36 
17 49 7 32 
28 41 
41 47 34 
13 29 
32 4 
1 10 
18 23 
14 43 6 3 
29 9 35 
4 38 11 
34 20 
5 45 2 
10 48 
15 19 
30 
47 
25 
35 
7 
26 
23 
42 
24 
33 
9 
11 
3 
48 
49 
27 
19 
6 
12 
2 
43 
20 
22 
38 
45 
# clone tree 35 objective: 1.89369
0 33 24 42 13 37 
37 38 14 31 
31 26 5 21 
21 27 18 39 
39 25 15 44 
8 12 16 
44 30 8 
16 22 1 40 
40 17 46 
36 28 
46 36 
17 49 7 32 
28 41 
41 47 34 
13 29 
32 4 
1 10 
18 23 
14 43 6 3 
29 9 35 
4 11 
34 20 
5 45 2 
10 48 
15 19 
30 
47 
25 
35 
7 
26 
23 
42 
24 
33 
9 
11 
3 
48 
49 
27 
19 
6 
12 
2 
43 
20 
22 
38 
45 
# clone tree 36 objective: 1.89369
0 33 24 42 13 37 
37 38 2 14 31 
31 26 5 21 
21 27 18 39 
39 25 15 44 
8 12 16 
44 30 8 
16 22 1 40 
40 17 46 
36 28 
46 36 
17 49 7 32 
28 41 
41 47 34 
13 29 
32 4 
1 10 
18 23 
14 20 43 6 3 
29 9 35 
4 11 
34 
5 45 
10 48 
15 19 
30 
47 
25 
35 
7 
26 
23 
42 
24 
33 
9 
11 
3 
48 
49 
27 
19 
6 
12 
2 
43 
20 
22 
38 
45 
# clone tree 37 objective: 1.89369
0 33 24 42 13 37 
37 14 31 
31 26 5 21 
21 27 18 39 
39 25 15 44 
8 12 16 
44 38 30 8 
16 22 1 40 
40 17 46 
36 28 
46 36 
17 49 7 32 
28 41 
41 47 34 
13 29 
32 4 
1 10 
18 23 
14 20 43 6 3 
29 9 35 
4 11 
34 
5 45 2 
10 48 
15 19 
30 
47 
25 
35 
7 
26 
23 
42 
24 
33 
9 
11 
3 
48 
49 
27 
19 
6 
12 
2 
43 
20 
22 
38 
45 
# clone tree 38 objective: 1.89369
0 33 24 42 13 37 
37 2 14 31 
31 26 5 21 
21 27 18 39 
39 25 15 44 
8 12 16 
44 30 8 
16 22 1 40 
40 17 46 
36 28 
46 36 
17 49 7 32 
28 41 
41 47 34 
13 29 
32 4 
1 10 
18 23 
14 43 6 3 
29 9 35 
4 38 11 
34 20 
5 45 
10 48 
15 19 
30 
47 
25 
35 
7 
26 
23 
42 
24 
33 
9 
11 
3 
48 
49 
27 
19 
6 
12 
2 
43 
20 
22 
38 
45 
# clone tree 39 objective: 1.89369
0 33 24 42 13 37 
37 38 2 14 31 
31 26 5 21 
21 27 18 39 
39 25 15 44 
8 12 16 
44 30 8 
16 22 1 40 
40 17 46 
36 28 
46 36 
17 49 7 32 
28 41 
41 47 34 
13 29 
32 4 
1 10 
18 23 
14 43 6 3 
29 9 35 
4 11 
34 20 
5 45 
10 48 
15 19 
30 
47 
25 
35 
7 
26 
23 
42 
24 
33 
9 
11 
3 
48 
49 
27 
19 
6 
12 
2 
43 
20 
22 
38 
45 
# clone tree 40 objective: 1.89369
0 33 24 42 13 37 
37 2 14 31 
31 26 5 21 
21 27 18 39 
39 25 15 44 
8 12 16 
44 30 8 
16 22 1 40 
40 17 46 
36 28 
46 36 
17 49 7 32 
28 41 
41 47 34 
13 29 
32 4 
1 10 
18 23 
14 20 43 6 3 
29 9 35 
4 38 11 
34 
5 45 
10 48 
15 19 
30 
47 
25 
35 
7 
26 
23 
42 
24 
33 
9 
11 
3 
48 
49 
27 
19 
6 
12 
2 
43 
20 
22 
38 
45 
# clone tree 41 objective: 1.89369
0 33 24 42 13 37 
37 38 14 31 
31 26 5 21 
21 27 18 39 
39 25 15 44 
8 12 16 
44 30 8 
16 22 1 40 
40 17 46 
36 28 
46 36 
17 49 7 32 
28 41 
41 47 34 
13 29 
32 4 
1 10 
18 23 
14 20 43 6 3 
29 9 35 
4 11 
34 
5 45 2 
10 48 
15 19 
30 
47 
25 
35 
7 
26 
23 
42 
24 
33 
9 
11 
3 
48 
49 
27 
19 
6 
12 
2 
43 
20 
22 
38 
45 
# clone tree 42 objective: 1.89369
0 33 24 42 13 37 
37 2 14 31 
31 26 5 21 
21 27 18 39 
39 25 15 44 
8 12 16 
44 38 30 8 
16 22 1 40 
40 17 46 
36 28 
46 36 
17 49 7 32 
28 41 
41 47 34 
13 29 
32 4 
1 10 
18 23 
14 20 43 6 3 
29 9 35 
4 11 
34 
5 45 
10 48 
15 19 
30 
47 
25 
35 
7 
26 
23 
42 
24 
33 
9 
11 
3 
48 
49 
27 
19 
6 
12 
2 
43 
20 
22 
38 
45 
# clone tree 43 objective: 1.89369
0 33 24 42 13 37 
37 14 31 
31 26 5 21 
21 27 18 39 
39 25 15 44 
8 12 16 
44 38 30 8 
16 22 1 40 
40 17 46 
36 28 
46 36 
17 49 7 32 
28 41 
41 47 34 
13 29 
32 4 
1 10 
18 23 
14 43 6 3 
29 9 35 
4 11 
34 20 
5 45 2 
10 48 
15 19 
30 
47 
25 
35 
7 
26 
23 
42 
24 
33 
9 
11 
3 
48 
49 
27 
19 
6 
12 
2 
43 
20 
22 
38 
45 
# clone tree 44 objective: 1.89381
0 33 24 42 13 37 
37 14 31 
31 26 5 21 
21 27 18 39 
39 25 15 44 
8 12 16 
44 30 8 
16 22 1 40 
40 17 46 
36 28 
46 36 
17 49 7 32 
28 41 
41 47 34 
13 29 
32 4 
1 10 
18 23 
14 43 6 3 
29 9 35 
4 38 11 
34 20 
5 45 
10 48 
15 2 19 
30 
47 
25 
35 
7 
26 
23 
42 
24 
33 
9 
11 
3 
48 
49 
27 
19 
6 
12 
2 
43 
20 
22 
38 
45 
# clone tree 45 objective: 1.89381
0 33 24 42 13 37 
37 38 14 31 
31 26 5 21 
21 27 18 39 
39 25 15 44 
8 12 16 
44 30 8 
16 22 1 40 
40 17 46 
36 28 
46 36 
17 49 7 32 
28 41 
41 47 34 
13 29 
32 4 
1 10 
18 23 
14 20 43 6 3 
29 9 35 
4 11 
34 
5 45 
10 48 
15 2 19 
30 
47 
25 
35 
7 
26 
23 
42 
24 
33 
9 
11 
3 
48 
49 
27 
19 
6 
12 
2 
43 
20 
22 
38 
45 
# clone tree 46 objective: 1.89381
0 33 24 42 13 37 
37 14 31 
31 26 5 21 
21 27 18 39 
39 25 15 44 
8 12 16 
44 30 8 
16 22 1 40 
40 17 46 
36 28 
46 36 
17 49 7 32 
28 41 
41 47 34 
13 29 
32 4 
1 10 
18 23 
14 20 43 6 3 
29 9 35 
4 38 11 
34 
5 45 
10 48 
15 2 19 
30 
47 
25 
35 
7 
26 
23 
42 
24 
33 
9 
11 
3 
48 
49 
27 
19 
6 
12 
2 
43 
20 
22 
38 
45 
# clone tree 47 objective: 1.89381
0 33 24 42 13 37 
37 14 31 
31 26 5 21 
21 27 18 39 
39 25 15 44 
8 12 16 
44 38 30 8 
16 22 1 40 
40 17 46 
36 28 
46 36 
17 49 7 32 
28 41 
41 47 34 
13 29 
32 4 
1 10 
18 23 
14 43 6 3 
29 9 35 
4 11 
34 20 
5 45 
10 48 
15 2 19 
30 
47 
25 
35 
7 
26 
23 
42 
24 
33 
9 
11 
3 
48 
49 
27 
19 
6 
12 
2 
43 
20 
22 
38 
45 
# clone tree 48 objective: 1.89381
0 33 24 42 13 37 
37 14 31 
31 26 5 21 
21 27 18 39 
39 25 15 44 
8 12 16 
44 38 30 8 
16 22 1 40 
40 17 46 
36 28 
46 36 
17 49 7 32 
28 41 
41 47 34 
13 29 
32 4 
1 10 
18 23 
14 20 43 6 3 
29 9 35 
4 11 
34 
5 45 
10 48 
15 2 19 
30 
47 
25 
35 
7 
26 
23 
42 
24 
33 
9 
11 
3 
48 
49 
27 
19 
6 
12 
2 
43 
20 
22 
38 
45 
# clone tree 49 objective: 1.89381
0 33 24 42 13 37 
37 38 14 31 
31 26 5 21 
21 27 18 39 
39 25 15 44 
8 12 16 
44 30 8 
16 22 1 40 
40 17 46 
36 28 
46 36 
17 49 7 32 
28 41 
41 47 34 
13 29 
32 4 
1 10 
18 23 
14 43 6 3 
29 9 35 
4 11 
34 20 
5 45 
10 48 
15 2 19 
30 
47 
25 
35 
7 
26 
23 
42 
24 
33 
9 
11 
3 
48 
49 
27 
19 
6 
12 
2 
43 
20 
22 
38 
45 
# clone tree 50 objective: 1.89391
0 33 24 42 13 37 
37 14 31 
31 26 5 21 
21 27 18 39 
39 25 15 44 
8 12 16 
44 30 8 
16 22 1 40 
40 17 46 
36 28 
46 36 
17 49 7 32 
28 41 
41 47 34 
13 29 
32 4 
1 10 
18 
14 20 43 6 3 
29 9 35 
4 11 
34 
5 45 23 
10 48 
15 2 19 
30 38 
47 
25 
35 
7 
26 
23 
42 
24 
33 
9 
11 
3 
48 
49 
27 
19 
6 
12 
2 
43 
20 
22 
38 
45 
# clone tree 51 objective: 1.89391
0 33 24 42 13 37 
37 14 31 
31 26 5 21 
21 27 18 39 
39 25 15 44 
8 12 16 
44 30 8 
16 22 1 40 
40 17 46 
36 28 
46 36 
17 49 7 32 
28 41 
41 47 34 
13 29 
32 4 
1 10 
18 
14 43 6 3 
29 9 35 
4 11 
34 20 
5 45 23 
10 48 
15 2 19 
30 38 
47 
25 
35 
7 
26 
23 
42 
24 
33 
9 
11 
3 
48 
49 
27 
19 
6 
12 
2 
43 
20 
22 
38 
45 
# clone tree 52 objective: 1.89397
0 33 24 42 13 37 
37 14 31 
31 26 5 21 
21 27 18 39 
39 25 15 44 
8 16 
44 30 8 
16 22 1 40 
40 17 46 
36 28 
46 36 
17 49 7 32 
28 41 
41 47 34 
13 29 
32 4 
1 10 
18 12 
14 20 43 6 3 
29 9 35 
4 11 
34 
5 45 23 
10 48 
15 2 19 
30 38 
47 
25 
35 
7 
26 
23 
42 
24 
33 
9 
11 
3 
48 
49 
27 
19 
6 
12 
2 
43 
20 
22 
38 
45 
# clone tree 53 objective: 1.89397
0 33 24 42 13 37 
37 14 31 
31 26 5 21 
21 27 18 39 
39 25 15 44 
8 16 
44 30 8 
16 22 1 40 
40 17 46 
36 28 
46 36 
17 49 7 32 
28 41 
41 47 34 
13 29 
32 4 
1 10 
18 12 
14 43 6 3 
29 9 35 
4 11 
34 20 
5 45 23 
10 48 
15 2 19 
30 38 
47 
25 
35 
7 
26 
23 
42 
24 
33 
9 
11 
3 
48 
49 
27 
19 
6 
12 
2 
43 
20 
22 
38 
45 
# clone tree 54 objective: 1.89398
0 33 24 42 13 37 
37 14 31 
31 26 5 21 
21 27 18 39 
39 25 15 44 
8 12 16 
44 38 30 8 
16 22 1 40 
40 17 46 
36 28 
46 36 
17 49 7 32 
28 41 
41 47 34 
13 29 
32 4 
1 2 10 
18 
14 43 6 3 
29 9 35 
4 11 
34 20 
5 45 23 
10 48 
15 19 
30 
47 
25 
35 
7 
26 
23 
42 
24 
33 
9 
11 
3 
48 
49 
27 
19 
6 
12 
2 
43 
20 
22 
38 
45 
# clone tree 55 objective: 1.89398
0 33 24 42 13 37 
37 14 31 
31 26 5 21 
21 27 18 39 
39 25 15 44 
8 12 16 
44 38 30 8 
16 22 1 40 
40 17 46 
36 28 
46 36 
17 49 7 32 
28 41 
41 47 34 
13 29 
32 4 
1 2 10 
18 
14 20 43 6 3 
29 9 35 
4 11 
34 
5 45 23 
10 48 
15 19 
30 
47 
25 
35 
7 
26 
23 
42 
24 
33 
9 
11 
3 
48 
49 
27 
19 
6 
12 
2 
43 
20 
22 
38 
45 
# clone tree 56 objective: 1.89398
0 33 24 42 13 37 
37 14 31 
31 26 5 21 
21 27 18 39 
39 25 15 44 
8 12 16 
44 30 8 
16 22 1 40 
40 17 46 
36 28 
46 36 
17 49 7 32 
28 41 
41 47 34 
13 29 
32 4 
1 2 10 
18 
14 20 43 6 3 
29 9 35 
4 38 11 
34 
5 45 23 
10 48 
15 19 
30 
47 
25 
35 
7 
26 
23 
42 
24 
33 
9 
11 
3 
48 
49 
27 
19 
6 
12 
2 
43 
20 
22 
38 
45 
# clone tree 57 objective: 1.89398
0 33 24 42 13 37 
37 14 31 
31 26 5 21 
21 27 18 39 
39 25 15 44 
8 12 16 
44 30 8 
16 22 1 40 
40 17 46 
36 28 
46 36 
17 49 7 32 
28 41 
41 47 34 
13 29 
32 4 
1 2 10 
18 
14 43 6 3 
29 9 35 
4 38 11 
34 20 
5 45 23 
10 48 
15 19 
30 
47 
25 
35 
7 
26 
23 
42 
24 
33 
9 
11 
3 
48 
49 
27 
19 
6 
12 
2 
43 
20 
22 
38 
45 
# clone tree 58 objective: 1.89404
0 33 24 42 13 37 
37 14 31 
31 26 5 21 
21 27 18 39 
39 25 15 44 
8 16 
44 30 8 
16 22 1 40 
40 17 46 
36 28 
46 36 
17 49 7 32 
28 41 
41 47 34 
13 29 
32 4 
1 2 10 
18 12 
14 20 43 6 3 
29 9 35 
4 38 11 
34 
5 45 23 
10 48 
15 19 
30 
47 
25 
35 
7 
26 
23 
42 
24 
33 
9 
11 
3 
48 
49 
27 
19 
6 
12 
2 
43 
20 
22 
38 
45 
# clone tree 59 objective: 1.89404
0 33 24 42 13 37 
37 14 31 
31 26 5 21 
21 27 18 39 
39 25 15 44 
8 16 
44 38 30 8 
16 22 1 40 
40 17 46 
36 28 
46 36 
17 49 7 32 
28 41 
41 47 34 
13 29 
32 4 
1 2 10 
18 12 
14 43 6 3 
29 9 35 
4 11 
34 20 
5 45 23 
10 48 
15 19 
30 
47 
25 
35 
7 
26 
23 
42 
24 
33 
9 
11 
3 
48 
49 
27 
19 
6 
12 
2 
43 
20 
22 
38 
45 
# clone tree 60 objective: 1.89404
0 33 24 42 13 37 
37 14 31 
31 26 5 21 
21 27 18 39 
39 25 15 44 
8 16 
44 38 30 8 
16 22 1 40 
40 17 46 
36 28 
46 36 
17 49 7 32 
28 41 
41 47 34 
13 29 
32 4 
1 2 10 
18 12 
14 20 43 6 3 
29 9 35 
4 11 
34 
5 45 23 
10 48 
15 19 
30 
47 
25 
35 
7 
26 
23 
42 
24 
33 
9 
11 
3 
48 
49 
27 
19 
6 
12 
2 
43 
20 
22 
38 
45 
# clone tree 61 objective: 1.89404
0 33 24 42 13 37 
37 14 31 
31 26 5 21 
21 27 18 39 
39 25 15 44 
8 16 
44 30 8 
16 22 1 40 
40 17 46 
36 28 
46 36 
17 49 7 32 
28 41 
41 47 34 
13 29 
32 4 
1 2 10 
18 12 
14 43 6 3 
29 9 35 
4 38 11 
34 20 
5 45 23 
10 48 
15 19 
30 
47 
25 
35 
7 
26 
23 
42 
24 
33 
9 
11 
3 
48 
49 
27 
19 
6 
12 
2 
43 
20 
22 
38 
45 
# clone tree 62 objective: 1.8945
0 33 24 42 13 37 
37 38 14 31 
31 26 5 21 
21 27 18 39 
39 25 15 44 
8 12 16 
44 30 8 
16 22 1 40 
40 17 46 
36 28 
46 36 
17 49 7 32 
28 41 
41 47 34 
13 29 
32 4 
1 10 
18 23 
14 43 6 3 
29 9 35 
4 11 
34 20 
5 45 
10 48 
15 19 
30 
47 
25 
35 
7 
26 
23 
42 
24 2 
33 
9 
11 
3 
48 
49 
27 
19 
6 
12 
2 
43 
20 
22 
38 
45 
# clone tree 63 objective: 1.8945
0 33 24 42 13 37 
37 14 31 
31 26 5 21 
21 27 18 39 
39 25 15 44 
8 12 16 
44 30 8 
16 22 1 40 
40 17 46 
36 28 
46 36 
17 49 7 32 
28 41 
41 47 34 
13 29 
32 4 
1 10 
18 23 
14 43 6 3 
29 9 35 
4 38 11 
34 20 
5 45 
10 48 
15 19 
30 
47 
25 
35 
7 
26 
23 
42 2 
24 
33 
9 
11 
3 
48 
49 
27 
19 
6 
12 
2 
43 
20 
22 
38 
45 
# clone tree 64 objective: 1.8945
0 33 24 42 13 37 
37 38 14 31 
31 26 5 21 
21 27 18 39 
39 25 15 44 
8 12 16 
44 30 8 
16 22 1 40 
40 17 46 
36 28 
46 36 
17 49 7 32 
28 41 
41 47 34 
13 29 
32 4 
1 10 
18 23 
14 43 6 3 
29 9 35 
4 11 
34 20 
5 45 
10 48 
15 19 
30 
47 
25 
35 
7 
26 
23 
42 2 
24 
33 
9 
11 
3 
48 
49 
27 
19 
6 
12 
2 
43 
20 
22 
38 
45 
# clone tree 65 objective: 1.8945
0 33 24 42 13 37 
37 14 31 
31 26 5 21 
21 27 18 39 
39 25 15 44 
8 12 16 
44 38 30 8 
16 22 1 40 
40 17 46 
36 28 
46 36 
17 49 7 32 
28 41 
41 47 34 
13 29 
32 4 
1 10 
18 23 
14 20 43 6 3 
29 9 35 
4 11 
34 
5 45 
10 48 
15 19 
30 
47 
25 
35 
7 2 
26 
23 
42 
24 
33 
9 
11 
3 
48 
49 
27 
19 
6 
12 
2 
43 
20 
22 
38 
45 
# clone tree 66 objective: 1.8945
0 33 24 42 13 37 
37 38 14 31 
31 26 5 21 
21 27 18 39 
39 25 15 44 
8 12 16 
44 30 8 
16 22 1 40 
40 17 46 
36 28 
46 36 
17 49 7 32 
28 41 
41 47 34 
13 29 
32 4 
1 10 
18 23 
14 43 6 3 
29 9 35 
4 11 
34 20 
5 45 
10 48 
15 19 
30 
47 
25 
35 
7 2 
26 
23 
42 
24 
33 
9 
11 
3 
48 
49 
27 
19 
6 
12 
2 
43 
20 
22 
38 
45 
# clone tree 67 objective: 1.8945
0 33 24 42 13 37 
37 14 31 
31 26 5 21 
21 27 18 39 
39 25 15 44 
8 12 16 
44 30 8 
16 22 1 40 
40 17 46 
36 28 
46 36 
17 49 7 32 
28 41 
41 47 34 
13 29 
32 4 
1 10 
18 23 
14 20 43 6 3 
29 9 35 
4 38 11 
34 
5 45 
10 48 
15 19 
30 
47 
25 
35 
7 2 
26 
23 
42 
24 
33 
9 
11 
3 
48 
49 
27 
19 
6 
12 
2 
43 
20 
22 
38 
45 
# clone tree 68 objective: 1.8945
0 33 24 42 13 37 
37 14 31 
31 26 5 21 
21 27 18 39 
39 25 15 44 
8 12 16 
44 38 30 8 
16 22 1 40 
40 17 46 
36 28 
46 36 
17 49 7 32 
28 41 
41 47 34 
13 29 
32 4 
1 10 
18 23 
14 43 6 3 
29 9 35 
4 11 
34 20 
5 45 
10 48 
15 19 
30 
47 
25 
35 
7 
26 
23 
42 2 
24 
33 
9 
11 
3 
48 
49 
27 
19 
6 
12 
2 
43 
20 
22 
38 
45 
# clone tree 69 objective: 1.8945
0 33 24 42 13 37 
37 14 31 
31 26 5 21 
21 27 18 39 
39 25 15 44 
8 12 16 
44 38 30 8 
16 22 1 40 
40 17 46 
36 28 
46 36 
17 49 7 32 
28 41 
41 47 34 
13 29 
32 4 
1 10 
18 23 
14 20 43 6 3 
29 9 35 
4 11 
34 
5 45 
10 48 
15 19 
30 
47 
25 
35 
7 
26 
23 
42 
24 2 
33 
9 
11 
3 
48 
49 
27 
19 
6 
12 
2 
43 
20 
22 
38 
45 
# clone tree 70 objective: 1.8945
0 33 24 42 13 37 
37 14 31 
31 26 5 21 
21 27 18 39 
39 25 15 44 
8 12 16 
44 30 8 
16 22 1 40 
40 17 46 
36 28 
46 36 
17 49 7 32 
28 41 
41 47 34 
13 29 
32 4 
1 10 
18 23 
14 20 43 6 3 
29 9 35 
4 38 11 
34 
5 45 
10 48 
15 19 
30 
47 
25 
35 
7 
26 
23 
42 
24 2 
33 
9 
11 
3 
48 
49 
27 
19 
6 
12 
2 
43 
20 
22 
38 
45 
# clone tree 71 objective: 1.8945
0 33 24 42 13 37 
37 38 14 31 
31 26 5 21 
21 27 18 39 
39 25 15 44 
8 12 16 
44 30 8 
16 22 1 40 
40 17 46 
36 28 
46 36 
17 49 7 32 
28 41 
41 47 34 
13 29 
32 4 
1 10 
18 23 
14 20 43 6 3 
29 9 35 
4 11 
34 
5 45 
10 48 
15 19 
30 
47 
25 
35 
7 
26 
23 
42 2 
24 
33 
9 
11 
3 
48 
49 
27 
19 
6 
12 
2 
43 
20 
22 
38 
45 
# clone tree 72 objective: 1.8945
0 33 24 42 13 37 
37 14 31 
31 26 5 21 
21 27 18 39 
39 25 15 44 
8 12 16 
44 30 8 
16 22 1 40 
40 17 46 
36 28 
46 36 
17 49 7 32 
28 41 
41 47 34 
13 29 
32 4 
1 10 
18 23 
14 20 43 6 3 
29 9 35 
4 38 11 
34 
5 45 
10 48 
15 19 
30 
47 
25 
35 
7 
26 
23 
42 2 
24 
33 
9 
11 
3 
48 
49 
27 
19 
6 
12 
2 
43 
20 
22 
38 
45 
# clone tree 73 objective: 1.8945
0 33 24 42 13 37 
37 14 31 
31 26 5 21 
21 27 18 39 
39 25 15 44 
8 12 16 
44 38 30 8 
16 22 1 40 
40 17 46 
36 28 
46 36 
17 49 7 32 
28 41 
41 47 34 
13 29 
32 4 
1 10 
18 23 
14 43 6 3 
29 9 35 
4 11 
34 20 
5 45 
10 48 
15 19 
30 
47 
25 
35 
7 2 
26 
23 
42 
24 
33 
9 
11 
3 
48 
49 
27 
19 
6 
12 
2 
43 
20 
22 
38 
45 
# clone tree 74 objective: 1.8945
0 33 24 42 13 37 
37 38 14 31 
31 26 5 21 
21 27 18 39 
39 25 15 44 
8 12 16 
44 30 8 
16 22 1 40 
40 17 46 
36 28 
46 36 
17 49 7 32 
28 41 
41 47 34 
13 29 
32 4 
1 10 
18 23 
14 20 43 6 3 
29 9 35 
4 11 
34 
5 45 
10 48 
15 19 
30 
47 
25 
35 
7 2 
26 
23 
42 
24 
33 
9 
11 
3 
48 
49 
27 
19 
6 
12 
2 
43 
20 
22 
38 
45 
# clone tree 75 objective: 1.8945
0 33 24 42 13 37 
37 14 31 
31 26 5 21 
21 27 18 39 
39 25 15 44 
8 12 16 
44 30 8 
16 22 1 40 
40 17 46 
36 28 
46 36 
17 49 7 32 
28 41 
41 47 34 
13 29 
32 4 
1 10 
18 23 
14 43 6 3 
29 9 35 
4 38 11 
34 20 
5 45 
10 48 
15 19 
30 
47 
25 
35 
7 2 
26 
23 
42 
24 
33 
9 
11 
3 
48 
49 
27 
19 
6 
12 
2 
43 
20 
22 
38 
45 
# clone tree 76 objective: 1.8945
0 33 24 42 13 37 
37 14 31 
31 26 5 21 
21 27 18 39 
39 25 15 44 
8 12 16 
44 38 30 8 
16 22 1 40 
40 17 46 
36 28 
46 36 
17 49 7 32 
28 41 
41 47 34 
13 29 
32 4 
1 10 
18 23 
14 43 6 3 
29 9 35 
4 11 
34 20 
5 45 
10 48 
15 19 
30 
47 
25 
35 
7 
26 
23 
42 
24 2 
33 
9 
11 
3 
48 
49 
27 
19 
6 
12 
2 
43 
20 
22 
38 
45 
# clone tree 77 objective: 1.8945
0 33 24 42 13 37 
37 14 31 
31 26 5 21 
21 27 18 39 
39 25 15 44 
8 12 16 
44 30 8 
16 22 1 40 
40 17 46 
36 28 
46 36 
17 49 7 32 
28 41 
41 47 34 
13 29 
32 4 
1 10 
18 23 
14 43 6 3 
29 9 35 
4 38 11 
34 20 
5 45 
10 48 
15 19 
30 
47 
25 
35 
7 
26 
23 
42 
24 2 
33 
9 
11 
3 
48 
49 
27 
19 
6 
12 
2 
43 
20 
22 
38 
45 
# clone tree 78 objective: 1.8945
0 33 24 42 13 37 
37 38 14 31 
31 26 5 21 
21 27 18 39 
39 25 15 44 
8 12 16 
44 30 8 
16 22 1 40 
40 17 46 
36 28 
46 36 
17 49 7 32 
28 41 
41 47 34 
13 29 
32 4 
1 10 
18 23 
14 20 43 6 3 
29 9 35 
4 11 
34 
5 45 
10 48 
15 19 
30 
47 
25 
35 
7 
26 
23 
42 
24 2 
33 
9 
11 
3 
48 
49 
27 
19 
6 
12 
2 
43 
20 
22 
38 
45 
# clone tree 79 objective: 1.8945
0 33 24 42 13 37 
37 14 31 
31 26 5 21 
21 27 18 39 
39 25 15 44 
8 12 16 
44 38 30 8 
16 22 1 40 
40 17 46 
36 28 
46 36 
17 49 7 32 
28 41 
41 47 34 
13 29 
32 4 
1 10 
18 23 
14 20 43 6 3 
29 9 35 
4 11 
34 
5 45 
10 48 
15 19 
30 
47 
25 
35 
7 
26 
23 
42 2 
24 
33 
9 
11 
3 
48 
49 
27 
19 
6 
12 
2 
43 
20 
22 
38 
45 
# clone tree 80 objective: 1.89458
0 33 24 42 13 37 
37 14 31 
31 26 5 21 
21 27 18 39 
39 25 15 44 
8 12 16 
44 38 30 8 
16 22 1 40 
40 17 46 
36 28 
46 36 
17 49 7 32 
28 41 
41 47 34 
13 29 
32 4 
1 10 
18 
14 20 43 6 3 
29 9 35 
4 11 
34 
5 23 
10 45 48 
15 2 19 
30 
47 
25 
35 
7 
26 
23 
42 
24 
33 
9 
11 
3 
48 
49 
27 
19 
6 
12 
2 
43 
20 
22 
38 
45 
# clone tree 81 objective: 1.89458
0 33 24 42 13 37 
37 14 31 
31 26 5 21 
21 27 18 39 
39 25 15 44 
8 12 16 
44 38 30 8 
16 22 1 40 
40 17 46 
36 28 
46 36 
17 49 7 32 
28 41 
41 47 34 
13 29 
32 4 
1 10 
18 
14 43 6 3 
29 9 35 
4 11 
34 20 
5 23 
10 45 48 
15 2 19 
30 
47 
25 
35 
7 
26 
23 
42 
24 
33 
9 
11 
3 
48 
49 
27 
19 
6 
12 
2 
43 
20 
22 
38 
45 
# clone tree 82 objective: 1.89458
0 33 24 42 13 37 
37 14 31 
31 26 5 21 
21 27 18 39 
39 25 15 44 
8 12 16 
44 30 8 
16 22 1 40 
40 17 46 
36 28 
46 36 
17 49 7 32 
28 41 
41 47 34 
13 29 
32 4 
1 10 
18 
14 43 6 3 
29 9 35 
4 38 11 
34 20 
5 23 
10 45 48 
15 2 19 
30 
47 
25 
35 
7 
26 
23 
42 
24 
33 
9 
11 
3 
48 
49 
27 
19 
6 
12 
2 
43 
20 
22 
38 
45 
# clone tree 83 objective: 1.89458
0 33 24 42 13 37 
37 14 31 
31 26 5 21 
21 27 18 39 
39 25 15 44 
8 12 16 
44 30 8 
16 22 1 40 
40 17 46 
36 28 
46 36 
17 49 7 32 
28 41 
41 47 34 
13 29 
32 4 
1 10 
18 
14 20 43 6 3 
29 9 35 
4 38 11 
34 
5 23 
10 45 48 
15 2 19 
30 
47 
25 
35 
7 
26 
23 
42 
24 
33 
9 
11 
3 
48 
49 
27 
19 
6 
12 
2 
43 
20 
22 
38 
45 
# clone tree 84 objective: 1.89459
0 33 24 42 13 37 
37 14 31 
31 26 5 21 
21 27 18 39 
39 25 15 44 
8 12 16 
44 30 8 
16 22 1 40 
40 17 46 
36 28 
46 36 
17 49 7 32 
28 41 
41 47 34 
13 20 29 
32 4 
1 10 
18 
14 43 6 3 
29 9 35 
4 38 11 
34 
5 45 23 
10 48 
15 2 19 
30 
47 
25 
35 
7 
26 
23 
42 
24 
33 
9 
11 
3 
48 
49 
27 
19 
6 
12 
2 
43 
20 
22 
38 
45 
# clone tree 85 objective: 1.89459
0 33 24 42 13 37 
37 14 31 
31 26 5 21 
21 27 18 39 
39 25 15 44 
8 12 16 
44 38 30 8 
16 22 1 40 
40 17 46 
36 28 
46 36 
17 49 7 32 
28 41 
41 47 34 
13 20 29 
32 4 
1 10 
18 
14 43 6 3 
29 9 35 
4 11 
34 
5 45 23 
10 48 
15 2 19 
30 
47 
25 
35 
7 
26 
23 
42 
24 
33 
9 
11 
3 
48 
49 
27 
19 
6 
12 
2 
43 
20 
22 
38 
45 
# clone tree 86 objective: 1.89461
0 33 24 42 13 37 
37 14 31 
31 26 5 21 
21 27 18 39 
39 25 15 44 
8 12 16 
44 30 8 
16 22 1 40 
40 17 46 
36 28 
46 36 
17 49 7 32 
28 41 
41 47 34 
13 29 
32 4 
1 10 
18 
14 20 43 6 3 
29 9 35 
4 11 
34 
5 45 23 
10 48 
15 19 
30 38 
47 
25 
35 
7 2 
26 
23 
42 
24 
33 
9 
11 
3 
48 
49 
27 
19 
6 
12 
2 
43 
20 
22 
38 
45 
# clone tree 87 objective: 1.89461
0 33 24 42 13 37 
37 14 31 
31 26 5 21 
21 27 18 39 
39 25 15 44 
8 12 16 
44 30 8 
16 22 1 40 
40 17 46 
36 28 
46 36 
17 49 7 32 
28 41 
41 47 34 
13 29 
32 4 
1 10 
18 
14 20 43 6 3 
29 9 35 
4 11 
34 
5 45 23 
10 48 
15 19 
30 38 
47 
25 
35 
7 
26 
23 
42 2 
24 
33 
9 
11 
3 
48 
49 
27 
19 
6 
12 
2 
43 
20 
22 
38 
45 
# clone tree 88 objective: 1.89461
0 33 24 42 13 37 
37 14 31 
31 26 5 21 
21 27 18 39 
39 25 15 44 
8 12 16 
44 30 8 
16 22 1 40 
40 17 46 
36 28 
46 36 
17 49 7 32 
28 41 
41 47 34 
13 29 
32 4 
1 10 
18 
14 43 6 3 
29 9 35 
4 11 
34 20 
5 45 23 
10 48 
15 19 
30 38 
47 
25 
35 
7 
26 
23 
42 
24 2 
33 
9 
11 
3 
48 
49 
27 
19 
6 
12 
2 
43 
20 
22 
38 
45 
# clone tree 89 objective: 1.89461
0 33 24 42 13 37 
37 14 31 
31 26 5 21 
21 27 18 39 
39 25 15 44 
8 12 16 
44 30 8 
16 22 1 40 
40 17 46 
36 28 
46 36 
17 49 7 32 
28 41 
41 47 34 
13 29 
32 4 
1 10 
18 
14 43 6 3 
29 9 35 
4 11 
34 20 
5 45 23 
10 48 
15 19 
30 38 
47 
25 
35 
7 
26 
23 
42 2 
24 
33 
9 
11 
3 
48 
49 
27 
19 
6 
12 
2 
43 
20 
22 
38 
45 
# clone tree 90 objective: 1.89461
0 33 24 42 13 37 
37 14 31 
31 26 5 21 
21 27 18 39 
39 25 15 44 
8 12 16 
44 30 8 
16 22 1 40 
40 17 46 
36 28 
46 36 
17 49 7 32 
28 41 
41 47 34 
13 29 
32 4 
1 10 
18 
14 43 6 3 
29 9 35 
4 11 
34 20 
5 45 23 
10 48 
15 19 
30 38 
47 
25 
35 
7 2 
26 
23 
42 
24 
33 
9 
11 
3 
48 
49 
27 
19 
6 
12 
2 
43 
20 
22 
38 
45 
# clone tree 91 objective: 1.89461
0 33 24 42 13 37 
37 14 31 
31 26 5 21 
21 27 18 39 
39 25 15 44 
8 12 16 
44 30 8 
16 22 1 40 
40 17 46 
36 28 
46 36 
17 49 7 32 
28 41 
41 47 34 
13 29 
32 4 
1 10 
18 
14 20 43 6 3 
29 9 35 
4 11 
34 
5 45 23 
10 48 
15 19 
30 38 
47 
25 
35 
7 
26 
23 
42 
24 2 
33 
9 
11 
3 
48 
49 
27 
19 
6 
12 
2 
43 
20 
22 
38 
45 
# clone tree 92 objective: 1.89464
0 33 24 42 13 37 
37 14 31 
31 26 5 21 
21 27 18 39 
39 25 15 44 
8 16 
44 30 8 
16 22 1 40 
40 17 46 
36 28 
46 36 
17 49 7 32 
28 41 
41 47 34 
13 29 
32 4 
1 10 
18 12 
14 20 43 6 3 
29 9 35 
4 38 11 
34 
5 23 
10 45 48 
15 2 19 
30 
47 
25 
35 
7 
26 
23 
42 
24 
33 
9 
11 
3 
48 
49 
27 
19 
6 
12 
2 
43 
20 
22 
38 
45 
# clone tree 93 objective: 1.89464
0 33 24 42 13 37 
37 14 31 
31 26 5 21 
21 27 18 39 
39 25 15 44 
8 16 
44 38 30 8 
16 22 1 40 
40 17 46 
36 28 
46 36 
17 49 7 32 
28 41 
41 47 34 
13 29 
32 4 
1 10 
18 12 
14 43 6 3 
29 9 35 
4 11 
34 20 
5 23 
10 45 48 
15 2 19 
30 
47 
25 
35 
7 
26 
23 
42 
24 
33 
9 
11 
3 
48 
49 
27 
19 
6 
12 
2 
43 
20 
22 
38 
45 
# clone tree 94 objective: 1.89464
0 33 24 42 13 37 
37 14 31 
31 26 5 21 
21 27 18 39 
39 25 15 44 
8 16 
44 30 8 
16 22 1 40 
40 17 46 
36 28 
46 36 
17 49 7 32 
28 41 
41 47 34 
13 29 
32 4 
1 10 
18 12 
14 43 6 3 
29 9 35 
4 38 11 
34 20 
5 23 
10 45 48 
15 2 19 
30 
47 
25 
35 
7 
26 
23 
42 
24 
33 
9 
11 
3 
48 
49 
27 
19 
6 
12 
2 
43 
20 
22 
38 
45 
# clone tree 95 objective: 1.89464
0 33 24 42 13 37 
37 14 31 
31 26 5 21 
21 27 18 39 
39 25 15 44 
8 16 
44 38 30 8 
16 22 1 40 
40 17 46 
36 28 
46 36 
17 49 7 32 
28 41 
41 47 34 
13 29 
32 4 
1 10 
18 12 
14 20 43 6 3 
29 9 35 
4 11 
34 
5 23 
10 45 48 
15 2 19 
30 
47 
25 
35 
7 
26 
23 
42 
24 
33 
9 
11 
3 
48 
49 
27 
19 
6 
12 
2 
43 
20 
22 
38 
45 
# clone tree 96 objective: 1.89464
0 33 24 42 13 37 
37 14 31 
31 26 5 21 
21 27 18 39 
39 25 15 44 
8 16 
44 38 30 8 
16 22 1 40 
40 17 46 
36 28 
46 36 
17 49 7 32 
28 41 
41 47 34 
13 20 29 
32 4 
1 10 
18 12 
14 43 6 3 
29 9 35 
4 11 
34 
5 45 23 
10 48 
15 2 19 
30 
47 
25 
35 
7 
26 
23 
42 
24 
33 
9 
11 
3 
48 
49 
27 
19 
6 
12 
2 
43 
20 
22 
38 
45 
# clone tree 97 objective: 1.89464
0 33 24 42 13 37 
37 14 31 
31 26 5 21 
21 27 18 39 
39 25 15 44 
8 16 
44 30 8 
16 22 1 40 
40 17 46 
36 28 
46 36 
17 49 7 32 
28 41 
41 47 34 
13 20 29 
32 4 
1 10 
18 12 
14 43 6 3 
29 9 35 
4 38 11 
34 
5 45 23 
10 48 
15 2 19 
30 
47 
25 
35 
7 
26 
23 
42 
24 
33 
9 
11 
3 
48 
49 
27 
19 
6 
12 
2 
43 
20 
22 
38 
45 
# clone tree 98 objective: 1.89467
0 33 24 42 13 37 
37 14 31 
31 26 5 21 
21 27 18 39 
39 25 15 44 
8 16 
44 30 8 
16 22 1 40 
40 17 46 
36 28 
46 36 
17 49 7 32 
28 41 
41 47 34 
13 29 
32 4 
1 10 
18 12 
14 20 43 6 3 
29 9 35 
4 11 
34 
5 45 23 
10 48 
15 19 
30 38 
47 
25 
35 
7 
26 
23 
42 2 
24 
33 
9 
11 
3 
48 
49 
27 
19 
6 
12 
2 
43 
20 
22 
38 
45 
# clone tree 99 objective: 1.89467
0 33 24 42 13 37 
37 14 31 
31 26 5 21 
21 27 18 39 
39 25 15 44 
8 16 
44 30 8 
16 22 1 40 
40 17 46 
36 28 
46 36 
17 49 7 32 
28 41 
41 47 34 
13 29 
32 4 
1 10 
18 12 
14 20 43 6 3 
29 9 35 
4 11 
34 
5 45 23 
10 48 
15 19 
30 38 
47 
25 
35 
7 2 
26 
23 
42 
24 
33 
9 
11 
3 
48 
49 
27 
19 
6 
12 
2 
43 
20 
22 
38 
45 
