# clone tree 0 objective: 3.10999
0 41 
41 26 
3 12 47 2 
26 49 3 
2 13 38 
38 42 9 
9 17 46 
46 36 37 
37 33 1 43 
43 27 
27 14 31 
22 23 28 
31 22 
28 6 11 29 8 
8 10 21 
21 25 44 45 
17 7 15 
45 16 5 
14 39 18 
42 20 
20 
29 4 
15 40 
7 30 
5 35 
18 19 
11 34 
4 32 
40 48 
35 
34 
10 
36 
32 24 
44 
47 
25 
49 
30 
19 
39 
6 
13 
16 
1 
23 
33 
12 
48 
24 
# clone tree 1 objective: 3.10999
0 41 
41 23 26 
3 47 2 
26 49 3 
2 13 38 
38 42 9 
9 33 17 46 
46 36 37 
37 12 1 43 
43 27 
27 14 31 
22 48 28 
31 22 
28 6 11 29 8 
8 10 21 
21 25 44 45 
17 7 15 
45 16 5 
14 39 18 
42 20 
20 
29 4 
15 40 
7 24 30 
5 35 
18 19 
11 34 
4 32 
40 
35 
34 
10 
36 
32 
44 
47 
25 
49 
30 
19 
39 
6 
13 
16 
1 
23 
33 
12 
48 
24 
# clone tree 2 objective: 3.10999
0 41 
41 26 
3 47 2 
26 49 3 
2 13 38 
38 42 9 
9 33 17 46 
46 36 37 
37 12 1 43 
43 27 
27 14 31 
22 23 28 
31 22 
28 24 6 11 29 8 
8 10 21 
21 25 44 45 
17 7 15 
45 16 5 
14 39 18 
42 20 
20 
29 4 
15 40 
7 30 
5 35 
18 19 
11 34 
4 32 
40 48 
35 
34 
10 
36 
32 
44 
47 
25 
49 
30 
19 
39 
6 
13 
16 
1 
23 
33 
12 
48 
24 
# clone tree 3 objective: 3.10999
0 41 
41 26 
3 12 47 2 
26 49 3 
2 13 38 
38 42 9 
9 17 46 
46 36 37 
37 33 1 43 
43 27 
27 14 31 
22 28 
31 22 
28 6 11 29 8 
8 10 21 
21 25 44 45 
17 7 15 
45 16 5 
14 39 18 
42 20 
20 
29 48 4 
15 40 
7 30 
5 35 
18 19 
11 34 
4 32 
40 23 
35 
34 
10 
36 
32 24 
44 
47 
25 
49 
30 
19 
39 
6 
13 
16 
1 
23 
33 
12 
48 
24 
# clone tree 4 objective: 3.10999
0 41 
41 26 
3 47 2 
26 49 3 
2 13 38 
38 42 9 
9 33 17 46 
46 36 37 
37 1 43 
43 27 
27 14 31 
22 23 28 
31 22 
28 6 11 29 8 
8 10 21 
21 25 44 45 
17 7 15 
45 16 5 
14 39 18 
42 20 
20 
29 4 
15 40 
7 30 
5 35 
18 24 19 
11 34 
4 32 
40 48 
35 
34 
10 12 
36 
32 
44 
47 
25 
49 
30 
19 
39 
6 
13 
16 
1 
23 
33 
12 
48 
24 
# clone tree 5 objective: 3.10999
0 41 
41 26 
3 47 2 
26 49 3 
2 13 38 
38 42 9 
9 33 17 46 
46 36 37 
37 12 1 43 
43 27 
27 14 31 
22 23 28 
31 22 
28 6 11 29 8 
8 10 21 
21 25 44 45 
17 7 15 
45 16 5 
14 39 18 
42 20 
20 
29 4 
15 24 40 
7 30 
5 35 
18 19 
11 34 
4 32 
40 48 
35 
34 
10 
36 
32 
44 
47 
25 
49 
30 
19 
39 
6 
13 
16 
1 
23 
33 
12 
48 
24 
# clone tree 6 objective: 3.10999
0 41 
41 26 
3 47 2 
26 49 3 
2 13 38 
38 42 9 
9 33 17 46 
46 36 37 
37 12 1 43 
43 27 
27 14 31 
22 48 28 
31 22 
28 6 11 29 8 
8 10 21 
21 25 44 45 
17 7 15 
45 16 5 
14 39 18 
42 20 
20 
29 4 
15 40 
7 24 30 
5 35 
18 19 
11 34 
4 32 
40 23 
35 
34 
10 
36 
32 
44 
47 
25 
49 
30 
19 
39 
6 
13 
16 
1 
23 
33 
12 
48 
24 
# clone tree 7 objective: 3.10999
0 41 
41 26 
3 12 47 2 
26 49 3 
2 13 38 
38 42 9 
9 17 46 
46 36 37 
37 33 1 43 
43 27 
27 14 31 
22 28 
31 22 
28 6 11 29 8 
8 10 21 
21 25 44 45 
17 7 15 
45 16 5 
14 39 18 
42 20 
20 
29 48 4 
15 40 
7 24 30 
5 35 
18 19 
11 34 
4 32 
40 23 
35 
34 
10 
36 
32 
44 
47 
25 
49 
30 
19 
39 
6 
13 
16 
1 
23 
33 
12 
48 
24 
# clone tree 8 objective: 3.10999
0 41 
41 26 
3 12 47 2 
26 49 3 
2 13 38 
38 42 9 
9 33 17 46 
46 36 37 
37 1 43 
43 27 
27 14 31 
22 23 28 
31 22 
28 6 11 29 8 
8 10 21 
21 25 44 45 
17 7 15 
45 16 5 
14 39 18 
42 20 
20 
29 4 
15 40 
7 30 
5 35 
18 19 
11 34 
4 32 
40 48 
35 
34 
10 24 
36 
32 
44 
47 
25 
49 
30 
19 
39 
6 
13 
16 
1 
23 
33 
12 
48 
24 
# clone tree 9 objective: 3.10999
0 41 
41 26 
3 12 47 2 
26 49 3 
2 13 38 
38 42 9 
9 33 17 46 
46 36 37 
37 1 43 
43 27 
27 14 31 
22 48 28 
31 22 
28 6 11 29 8 
8 10 21 
21 25 44 45 
17 7 15 
45 16 5 
14 39 18 
42 20 
20 
29 4 
15 40 
7 30 
5 35 
18 19 
11 34 
4 32 
40 23 
35 
34 
10 
36 
32 24 
44 
47 
25 
49 
30 
19 
39 
6 
13 
16 
1 
23 
33 
12 
48 
24 
# clone tree 10 objective: 3.10999
0 41 
41 26 
3 12 47 2 
26 49 3 
2 13 38 
38 42 9 
9 17 46 
46 36 37 
37 33 1 43 
43 27 
27 14 31 
22 28 
31 22 
28 24 6 11 29 8 
8 10 21 
21 25 44 45 
17 7 15 
45 16 5 
14 39 18 
42 20 
20 
29 48 4 
15 40 
7 30 
5 35 
18 19 
11 34 
4 32 
40 23 
35 
34 
10 
36 
32 
44 
47 
25 
49 
30 
19 
39 
6 
13 
16 
1 
23 
33 
12 
48 
24 
# clone tree 11 objective: 3.10999
0 41 
41 12 23 26 
3 47 2 
26 49 3 
2 13 38 
38 42 9 
9 33 17 46 
46 36 37 
37 1 43 
43 27 
27 14 31 
22 28 
31 22 
28 6 11 29 8 
8 10 21 
21 25 44 45 
17 7 15 
45 16 5 
14 39 18 
42 20 
20 
29 4 
15 40 
7 30 
5 35 
18 24 19 
11 34 
4 32 
40 48 
35 
34 
10 
36 
32 
44 
47 
25 
49 
30 
19 
39 
6 
13 
16 
1 
23 
33 
12 
48 
24 
# clone tree 12 objective: 3.10999
0 41 
41 26 
3 47 2 
26 49 3 
2 13 38 
38 24 42 9 
9 33 17 46 
46 36 37 
37 12 1 43 
43 27 
27 14 31 
22 23 28 
31 22 
28 6 11 29 8 
8 10 21 
21 25 44 45 
17 7 15 
45 16 5 
14 39 18 
42 20 
20 
29 4 
15 40 
7 30 
5 35 
18 19 
11 34 
4 32 
40 48 
35 
34 
10 
36 
32 
44 
47 
25 
49 
30 
19 
39 
6 
13 
16 
1 
23 
33 
12 
48 
24 
# clone tree 13 objective: 3.10999
0 41 
41 26 
3 12 47 2 
26 49 3 
2 13 38 
38 24 42 9 
9 33 17 46 
46 36 37 
37 1 43 
43 27 
27 14 31 
22 23 28 
31 22 
28 6 11 29 8 
8 10 21 
21 25 44 45 
17 7 15 
45 16 5 
14 39 18 
42 20 
20 
29 4 
15 40 
7 30 
5 35 
18 19 
11 34 
4 32 
40 48 
35 
34 
10 
36 
32 
44 
47 
25 
49 
30 
19 
39 
6 
13 
16 
1 
23 
33 
12 
48 
24 
# clone tree 14 objective: 3.10999
0 41 
41 26 
3 12 47 2 
26 49 3 
2 13 38 
38 42 9 
9 33 17 46 
46 36 37 
37 1 43 
43 27 
27 14 31 
22 48 28 
31 22 
28 6 11 29 8 
8 10 21 
21 25 44 45 
17 7 15 
45 16 5 
14 39 18 
42 20 
20 
29 4 
15 40 
7 24 30 
5 35 
18 19 
11 34 
4 32 
40 23 
35 
34 
10 
36 
32 
44 
47 
25 
49 
30 
19 
39 
6 
13 
16 
1 
23 
33 
12 
48 
24 
# clone tree 15 objective: 3.10999
0 41 
41 26 
3 12 47 2 
26 49 3 
2 13 38 
38 42 9 
9 17 46 
46 36 37 
37 33 1 43 
43 27 
27 14 31 
22 23 28 
31 22 
28 6 11 29 8 
8 10 21 
21 25 44 45 
17 7 15 
45 16 5 
14 39 18 
42 20 
20 
29 48 4 
15 40 
7 30 
5 35 
18 24 19 
11 34 
4 32 
40 
35 
34 
10 
36 
32 
44 
47 
25 
49 
30 
19 
39 
6 
13 
16 
1 
23 
33 
12 
48 
24 
# clone tree 16 objective: 3.10999
0 41 
41 26 
3 12 47 2 
26 49 3 
2 13 38 
38 42 9 
9 17 46 
46 36 37 
37 33 1 43 
43 27 
27 14 31 
22 28 
31 22 
28 6 11 29 8 
8 10 21 
21 25 44 45 
17 7 15 
45 16 5 
14 39 18 
42 20 
20 
29 48 4 
15 40 
7 30 
5 35 
18 19 
11 34 
4 32 
40 23 
35 
34 
10 
36 
32 
44 
47 
25 
49 
30 
19 
39 
6 24 
13 
16 
1 
23 
33 
12 
48 
24 
# clone tree 17 objective: 3.10999
0 41 
41 23 26 
3 47 2 
26 49 3 
2 13 38 
38 42 9 
9 33 17 46 
46 36 37 
37 1 43 
43 27 
27 14 31 
22 28 
31 22 
28 6 11 29 8 
8 10 21 
21 25 44 45 
17 7 15 
45 16 5 
14 39 18 
42 20 
20 
29 4 
15 40 
7 30 
5 35 
18 19 
11 34 
4 32 
40 48 
35 
34 
10 12 
36 
32 
44 
47 
25 
49 
30 
19 
39 
6 24 
13 
16 
1 
23 
33 
12 
48 
24 
# clone tree 18 objective: 3.10999
0 41 
41 12 23 26 
3 47 2 
26 49 3 
2 13 38 
38 42 9 
9 33 17 46 
46 36 37 
37 1 43 
43 27 
27 14 31 
22 28 
31 22 
28 24 6 11 29 8 
8 10 21 
21 25 44 45 
17 7 15 
45 16 5 
14 39 18 
42 20 
20 
29 4 
15 40 
7 30 
5 35 
18 19 
11 34 
4 32 
40 48 
35 
34 
10 
36 
32 
44 
47 
25 
49 
30 
19 
39 
6 
13 
16 
1 
23 
33 
12 
48 
24 
# clone tree 19 objective: 3.10999
0 41 
41 12 23 26 
3 47 2 
26 49 3 
2 13 38 
38 42 9 
9 33 17 46 
46 36 37 
37 1 43 
43 27 
27 14 31 
22 28 
31 22 
28 6 11 29 8 
8 10 21 
21 25 44 45 
17 7 15 
45 16 5 
14 39 18 
42 20 
20 
29 4 
15 40 
7 30 
5 35 
18 19 
11 24 34 
4 32 
40 48 
35 
34 
10 
36 
32 
44 
47 
25 
49 
30 
19 
39 
6 
13 
16 
1 
23 
33 
12 
48 
24 
# clone tree 20 objective: 3.10999
0 41 
41 26 
3 47 2 
26 49 3 
2 13 38 
38 24 42 9 
9 17 46 
46 36 37 
37 33 1 43 
43 27 
27 14 31 
22 23 28 
31 22 
28 6 11 29 8 
8 10 21 
21 25 44 45 
17 7 15 
45 16 5 
14 39 18 
42 20 
20 
29 4 
15 40 
7 30 
5 35 
18 19 
11 34 
4 32 
40 
35 
34 
10 12 
36 
32 48 
44 
47 
25 
49 
30 
19 
39 
6 
13 
16 
1 
23 
33 
12 
48 
24 
# clone tree 21 objective: 3.10999
0 41 
41 12 23 26 
3 47 2 
26 49 3 
2 13 38 
38 42 9 
9 33 17 46 
46 36 37 
37 1 43 
43 27 
27 14 31 
22 28 
31 22 
28 6 11 29 8 
8 10 21 
21 25 44 45 
17 7 15 
45 16 5 
14 39 18 
42 20 
20 
29 4 
15 40 
7 24 30 
5 35 
18 19 
11 34 
4 32 
40 48 
35 
34 
10 
36 
32 
44 
47 
25 
49 
30 
19 
39 
6 
13 
16 
1 
23 
33 
12 
48 
24 
# clone tree 22 objective: 3.10999
0 41 
41 23 26 
3 12 47 2 
26 49 3 
2 13 38 
38 42 9 
9 17 46 
46 36 37 
37 33 1 43 
43 27 
27 14 31 
22 28 
31 22 
28 6 11 29 8 
8 10 21 
21 25 44 45 
17 7 15 
45 16 5 
14 39 18 
42 20 
20 
29 48 4 
15 24 40 
7 30 
5 35 
18 19 
11 34 
4 32 
40 
35 
34 
10 
36 
32 
44 
47 
25 
49 
30 
19 
39 
6 
13 
16 
1 
23 
33 
12 
48 
24 
# clone tree 23 objective: 3.10999
0 41 
41 26 
3 47 2 
26 49 3 
2 13 38 
38 42 9 
9 33 17 46 
46 36 37 
37 1 43 
43 27 
27 14 31 
22 28 
31 22 
28 6 11 29 8 
8 10 21 
21 25 44 45 
17 7 15 
45 16 5 
14 39 18 
42 20 
20 
29 48 4 
15 40 
7 30 
5 35 
18 19 
11 24 34 
4 32 
40 23 
35 
34 
10 12 
36 
32 
44 
47 
25 
49 
30 
19 
39 
6 
13 
16 
1 
23 
33 
12 
48 
24 
# clone tree 24 objective: 3.10999
0 41 
41 26 
3 12 47 2 
26 49 3 
2 13 38 
38 42 9 
9 17 46 
46 36 37 
37 33 1 43 
43 27 
27 14 31 
22 28 
31 22 
28 6 11 29 8 
8 10 21 
21 25 44 45 
17 7 15 
45 16 5 
14 39 18 
42 20 
20 
29 48 4 
15 40 
7 30 
5 35 
18 19 
11 34 
4 32 
40 23 
35 
34 
10 24 
36 
32 
44 
47 
25 
49 
30 
19 
39 
6 
13 
16 
1 
23 
33 
12 
48 
24 
# clone tree 25 objective: 3.10999
0 41 
41 26 
3 12 47 2 
26 49 3 
2 13 38 
38 42 9 
9 33 17 46 
46 36 37 
37 1 43 
43 27 
27 14 31 
22 23 28 
31 22 
28 6 11 29 8 
8 10 21 
21 25 44 45 
17 7 15 
45 16 5 
14 39 18 
42 20 
20 
29 4 
15 24 40 
7 30 
5 35 
18 19 
11 34 
4 32 
40 48 
35 
34 
10 
36 
32 
44 
47 
25 
49 
30 
19 
39 
6 
13 
16 
1 
23 
33 
12 
48 
24 
# clone tree 26 objective: 3.10999
0 41 
41 26 
3 12 47 2 
26 49 3 
2 13 38 
38 42 9 
9 17 46 
46 36 37 
37 33 1 43 
43 27 
27 14 31 
22 23 28 
31 22 
28 6 11 29 8 
8 10 21 
21 25 44 45 
17 7 15 
45 16 5 
14 39 18 
42 20 
20 
29 48 4 
15 40 
7 30 
5 35 
18 19 
11 34 
4 32 
40 
35 
34 
10 
36 
32 
44 
47 
25 
49 
30 
19 
39 
6 24 
13 
16 
1 
23 
33 
12 
48 
24 
# clone tree 27 objective: 3.10999
0 41 
41 26 
3 12 47 2 
26 49 3 
2 13 38 
38 42 9 
9 33 17 46 
46 36 37 
37 1 43 
43 27 
27 14 31 
22 23 28 
31 22 
28 6 11 29 8 
8 10 21 
21 25 44 45 
17 7 15 
45 16 5 
14 39 18 
42 20 
20 
29 4 
15 40 
7 30 
5 35 
18 19 
11 34 
4 32 
40 48 
35 
34 
10 
36 
32 
44 
47 
25 
49 
30 
19 
39 
6 24 
13 
16 
1 
23 
33 
12 
48 
24 
# clone tree 28 objective: 3.10999
0 41 
41 26 
3 12 47 2 
26 49 3 
2 13 38 
38 42 9 
9 33 17 46 
46 36 37 
37 1 43 
43 27 
27 14 31 
22 48 28 
31 22 
28 24 6 11 29 8 
8 10 21 
21 25 44 45 
17 7 15 
45 16 5 
14 39 18 
42 20 
20 
29 4 
15 40 
7 30 
5 35 
18 19 
11 34 
4 32 
40 23 
35 
34 
10 
36 
32 
44 
47 
25 
49 
30 
19 
39 
6 
13 
16 
1 
23 
33 
12 
48 
24 
# clone tree 29 objective: 3.10999
0 41 
41 23 26 
3 12 47 2 
26 49 3 
2 13 38 
38 24 42 9 
9 17 46 
46 36 37 
37 33 1 43 
43 27 
27 14 31 
22 28 
31 22 
28 6 11 29 8 
8 10 21 
21 25 44 45 
17 7 15 
45 16 5 
14 39 18 
42 20 
20 
29 48 4 
15 40 
7 30 
5 35 
18 19 
11 34 
4 32 
40 
35 
34 
10 
36 
32 
44 
47 
25 
49 
30 
19 
39 
6 
13 
16 
1 
23 
33 
12 
48 
24 
# clone tree 30 objective: 3.10999
0 41 
41 23 26 
3 47 2 
26 49 3 
2 13 38 
38 24 42 9 
9 17 46 
46 36 37 
37 33 1 43 
43 27 
27 14 31 
22 28 
31 22 
28 6 11 29 8 
8 10 21 
21 25 44 45 
17 7 15 
45 16 5 
14 39 18 
42 20 
20 
29 48 4 
15 40 
7 30 
5 35 
18 19 
11 34 
4 32 
40 
35 
34 
10 12 
36 
32 
44 
47 
25 
49 
30 
19 
39 
6 
13 
16 
1 
23 
33 
12 
48 
24 
# clone tree 31 objective: 3.10999
0 41 
41 12 23 26 
3 47 2 
26 49 3 
2 13 38 
38 42 9 
9 33 17 46 
46 36 37 
37 1 43 
43 27 
27 14 31 
22 28 
31 22 
28 6 11 29 8 
8 10 21 
21 25 44 45 
17 7 15 
45 16 5 
14 39 18 
42 20 
20 
29 4 
15 40 
7 30 
5 35 
18 19 
11 34 
4 32 
40 48 
35 
34 
10 
36 
32 24 
44 
47 
25 
49 
30 
19 
39 
6 
13 
16 
1 
23 
33 
12 
48 
24 
# clone tree 32 objective: 3.10999
0 41 
41 26 
3 12 47 2 
26 49 3 
2 13 38 
38 42 9 
9 17 46 
46 36 37 
37 33 1 43 
43 27 
27 14 31 
22 23 28 
31 22 
28 24 6 11 29 8 
8 10 21 
21 25 44 45 
17 7 15 
45 16 5 
14 39 18 
42 20 
20 
29 48 4 
15 40 
7 30 
5 35 
18 19 
11 34 
4 32 
40 
35 
34 
10 
36 
32 
44 
47 
25 
49 
30 
19 
39 
6 
13 
16 
1 
23 
33 
12 
48 
24 
# clone tree 33 objective: 3.10999
0 41 
41 26 
3 12 47 2 
26 49 3 
2 13 38 
38 24 42 9 
9 17 46 
46 36 37 
37 33 1 43 
43 27 
27 14 31 
22 28 
31 22 
28 6 11 29 8 
8 10 21 
21 25 44 45 
17 7 15 
45 16 5 
14 39 18 
42 20 
20 
29 48 4 
15 40 
7 30 
5 35 
18 19 
11 34 
4 32 
40 23 
35 
34 
10 
36 
32 
44 
47 
25 
49 
30 
19 
39 
6 
13 
16 
1 
23 
33 
12 
48 
24 
# clone tree 34 objective: 3.10999
0 41 
41 26 
3 12 47 2 
26 49 3 
2 13 38 
38 42 9 
9 17 46 
46 36 37 
37 33 1 43 
43 27 
27 14 31 
22 23 28 
31 22 
28 6 11 29 8 
8 10 21 
21 25 44 45 
17 7 15 
45 16 5 
14 39 18 
42 20 
20 
29 48 4 
15 40 
7 24 30 
5 35 
18 19 
11 34 
4 32 
40 
35 
34 
10 
36 
32 
44 
47 
25 
49 
30 
19 
39 
6 
13 
16 
1 
23 
33 
12 
48 
24 
# clone tree 35 objective: 3.10999
0 41 
41 26 
3 12 47 2 
26 49 3 
2 13 38 
38 42 9 
9 17 46 
46 36 37 
37 33 1 43 
43 27 
27 14 31 
22 23 28 
31 22 
28 6 11 29 8 
8 10 21 
21 25 44 45 
17 7 15 
45 16 5 
14 39 18 
42 20 
20 
29 48 4 
15 40 
7 30 
5 35 
18 19 
11 34 
4 32 
40 
35 
34 
10 24 
36 
32 
44 
47 
25 
49 
30 
19 
39 
6 
13 
16 
1 
23 
33 
12 
48 
24 
# clone tree 36 objective: 3.10999
0 41 
41 26 
3 12 47 2 
26 49 3 
2 13 38 
38 42 9 
9 33 17 46 
46 36 37 
37 1 43 
43 27 
27 14 31 
22 23 28 
31 22 
28 6 11 29 8 
8 10 21 
21 25 44 45 
17 7 15 
45 16 5 
14 39 18 
42 20 
20 
29 4 
15 40 
7 30 
5 35 
18 19 
11 24 34 
4 32 
40 48 
35 
34 
10 
36 
32 
44 
47 
25 
49 
30 
19 
39 
6 
13 
16 
1 
23 
33 
12 
48 
24 
# clone tree 37 objective: 3.10999
0 41 
41 23 26 
3 12 47 2 
26 49 3 
2 13 38 
38 42 9 
9 17 46 
46 36 37 
37 33 1 43 
43 27 
27 14 31 
22 28 
31 22 
28 6 11 29 8 
8 10 21 
21 25 44 45 
17 7 15 
45 16 5 
14 39 18 
42 20 
20 
29 48 4 
15 40 
7 30 
5 35 
18 19 
11 34 
4 32 
40 
35 
34 
10 24 
36 
32 
44 
47 
25 
49 
30 
19 
39 
6 
13 
16 
1 
23 
33 
12 
48 
24 
# clone tree 38 objective: 3.10999
0 41 
41 26 
3 12 47 2 
26 49 3 
2 13 38 
38 42 9 
9 17 46 
46 36 37 
37 33 1 43 
43 27 
27 14 31 
22 28 
31 22 
28 6 11 29 8 
8 10 21 
21 25 44 45 
17 7 15 
45 16 5 
14 39 18 
42 20 
20 
29 48 4 
15 24 40 
7 30 
5 35 
18 19 
11 34 
4 32 
40 23 
35 
34 
10 
36 
32 
44 
47 
25 
49 
30 
19 
39 
6 
13 
16 
1 
23 
33 
12 
48 
24 
# clone tree 39 objective: 3.10999
0 41 
41 23 26 
3 47 2 
26 49 3 
2 13 38 
38 42 9 
9 33 17 46 
46 36 37 
37 1 43 
43 27 
27 14 31 
22 28 
31 22 
28 6 11 29 8 
8 10 21 
21 25 44 45 
17 7 15 
45 16 5 
14 39 18 
42 20 
20 
29 4 
15 24 40 
7 30 
5 35 
18 19 
11 34 
4 32 
40 48 
35 
34 
10 12 
36 
32 
44 
47 
25 
49 
30 
19 
39 
6 
13 
16 
1 
23 
33 
12 
48 
24 
# clone tree 40 objective: 3.10999
0 41 
41 26 
3 12 47 2 
26 49 3 
2 13 38 
38 42 9 
9 17 46 
46 36 37 
37 33 1 43 
43 27 
27 14 31 
22 23 28 
31 22 
28 6 11 29 8 
8 10 21 
21 25 44 45 
17 7 15 
45 16 5 
14 39 18 
42 20 
20 
29 48 4 
15 40 
7 30 
5 35 
18 19 
11 34 
4 32 
40 
35 
34 
10 
36 
32 24 
44 
47 
25 
49 
30 
19 
39 
6 
13 
16 
1 
23 
33 
12 
48 
24 
# clone tree 41 objective: 3.10999
0 41 
41 26 
3 12 47 2 
26 49 3 
2 13 38 
38 42 9 
9 17 46 
46 36 37 
37 33 1 43 
43 27 
27 14 31 
22 28 
31 22 
28 6 11 29 8 
8 10 21 
21 25 44 45 
17 7 15 
45 16 5 
14 39 18 
42 20 
20 
29 48 4 
15 40 
7 30 
5 35 
18 19 
11 24 34 
4 32 
40 23 
35 
34 
10 
36 
32 
44 
47 
25 
49 
30 
19 
39 
6 
13 
16 
1 
23 
33 
12 
48 
24 
# clone tree 42 objective: 3.10999
0 41 
41 26 
3 47 2 
26 49 3 
2 13 38 
38 42 9 
9 33 17 46 
46 36 37 
37 1 43 
43 27 
27 14 31 
22 28 
31 22 
28 6 11 29 8 
8 10 21 
21 25 44 45 
17 7 15 
45 16 5 
14 39 18 
42 20 
20 
29 48 4 
15 40 
7 30 
5 35 
18 19 
11 34 
4 32 
40 23 
35 
34 
10 12 
36 
32 24 
44 
47 
25 
49 
30 
19 
39 
6 
13 
16 
1 
23 
33 
12 
48 
24 
# clone tree 43 objective: 3.10999
0 41 
41 23 26 
3 12 47 2 
26 49 3 
2 13 38 
38 42 9 
9 17 46 
46 36 37 
37 33 1 43 
43 27 
27 14 31 
22 28 
31 22 
28 6 11 29 8 
8 10 21 
21 25 44 45 
17 7 15 
45 16 5 
14 39 18 
42 20 
20 
29 48 4 
15 40 
7 30 
5 35 
18 19 
11 34 
4 32 
40 
35 
34 
10 
36 
32 
44 
47 
25 
49 
30 
19 
39 
6 24 
13 
16 
1 
23 
33 
12 
48 
24 
# clone tree 44 objective: 3.10999
0 41 
41 26 
3 12 47 2 
26 49 3 
2 13 38 
38 42 9 
9 33 17 46 
46 36 37 
37 1 43 
43 27 
27 14 31 
22 23 28 
31 22 
28 6 11 29 8 
8 10 21 
21 25 44 45 
17 7 15 
45 16 5 
14 39 18 
42 20 
20 
29 4 
15 40 
7 30 
5 35 
18 24 19 
11 34 
4 32 
40 48 
35 
34 
10 
36 
32 
44 
47 
25 
49 
30 
19 
39 
6 
13 
16 
1 
23 
33 
12 
48 
24 
# clone tree 45 objective: 3.10999
0 41 
41 26 
3 12 47 2 
26 49 3 
2 13 38 
38 42 9 
9 17 46 
46 36 37 
37 33 1 43 
43 27 
27 14 31 
22 23 28 
31 22 
28 6 11 29 8 
8 10 21 
21 25 44 45 
17 7 15 
45 16 5 
14 39 18 
42 20 
20 
29 48 4 
15 24 40 
7 30 
5 35 
18 19 
11 34 
4 32 
40 
35 
34 
10 
36 
32 
44 
47 
25 
49 
30 
19 
39 
6 
13 
16 
1 
23 
33 
12 
48 
24 
# clone tree 46 objective: 3.10999
0 41 
41 26 
3 47 2 
26 49 3 
2 13 38 
38 42 9 
9 33 17 46 
46 36 37 
37 1 43 
43 27 
27 14 31 
22 23 28 
31 22 
28 6 11 29 8 
8 10 21 
21 25 44 45 
17 7 15 
45 16 5 
14 39 18 
42 20 
20 
29 4 
15 40 
7 30 
5 35 
18 19 
11 34 
4 32 
40 
35 
34 
10 12 
36 
32 24 48 
44 
47 
25 
49 
30 
19 
39 
6 
13 
16 
1 
23 
33 
12 
48 
24 
# clone tree 47 objective: 3.10999
0 41 
41 23 26 
3 47 2 
26 49 3 
2 13 38 
38 42 9 
9 17 46 
46 36 37 
37 33 1 43 
43 27 
27 14 31 
22 28 
31 22 
28 6 11 29 8 
8 10 21 
21 25 44 45 
17 7 15 
45 16 5 
14 39 18 
42 20 
20 
29 4 
15 40 
7 30 
5 35 
18 19 
11 24 34 
4 32 
40 48 
35 
34 
10 12 
36 
32 
44 
47 
25 
49 
30 
19 
39 
6 
13 
16 
1 
23 
33 
12 
48 
24 
# clone tree 48 objective: 3.10999
0 41 
41 23 26 
3 47 2 
26 49 3 
2 13 38 
38 42 9 
9 17 46 
46 36 37 
37 33 1 43 
43 27 
27 14 31 
22 28 
31 22 
28 6 11 29 8 
8 10 21 
21 25 44 45 
17 7 15 
45 16 5 
14 39 18 
42 20 
20 
29 4 
15 40 
7 30 
5 35 
18 19 
11 34 
4 32 
40 
35 
34 
10 12 
36 
32 48 
44 
47 
25 
49 
30 
19 
39 
6 24 
13 
16 
1 
23 
33 
12 
48 
24 
# clone tree 49 objective: 3.10999
0 41 
41 26 
3 12 47 2 
26 49 3 
2 13 38 
38 42 9 
9 17 46 
46 36 37 
37 33 1 43 
43 27 
27 14 31 
22 23 28 
31 22 
28 6 11 29 8 
8 10 21 
21 25 44 45 
17 7 15 
45 16 5 
14 39 18 
42 20 
20 
29 4 
15 40 
7 24 30 
5 35 
18 19 
11 34 
4 32 
40 48 
35 
34 
10 
36 
32 
44 
47 
25 
49 
30 
19 
39 
6 
13 
16 
1 
23 
33 
12 
48 
24 
