# clone tree 0 objective: 2.648
0 49 25 9 
31 29 27 
9 31 
27 26 
26 21 43 
43 1 
1 8 40 
40 7 
7 46 28 41 10 
10 47 45 
45 19 20 4 
41 30 37 
37 36 13 
13 3 16 
4 32 15 
5 22 
20 5 
16 12 
15 23 
22 11 
3 39 
23 33 
28 38 
39 17 
42 2 
47 18 
29 48 
19 42 
32 35 
30 
33 14 
35 
17 44 
36 34 
12 24 
18 
14 
48 
38 
24 6 
25 
2 
11 
44 
49 
21 
8 
34 
46 
6 
# clone tree 1 objective: 2.648
0 49 25 9 
31 29 27 
9 31 
27 26 
26 6 21 43 
43 1 
1 8 40 
40 7 
7 46 28 41 10 
10 47 45 
45 19 20 4 
41 30 37 
37 36 13 
13 3 16 
4 32 15 
5 22 
20 5 
16 12 
15 23 
22 11 
3 39 
23 33 
28 38 
39 17 
42 2 
47 18 
29 48 
19 42 
32 35 
30 
33 14 
35 
17 44 
36 34 
12 24 
18 
14 
48 
38 
24 
25 
2 
11 
44 
49 
21 
8 
34 
46 
6 
# clone tree 2 objective: 2.648
0 25 9 
31 29 27 
9 31 
27 26 
26 6 21 43 
43 1 
1 8 40 
40 7 
7 46 28 41 10 
10 47 45 
45 19 20 4 
41 30 37 
37 36 13 
13 3 16 
4 32 15 
5 22 
20 5 
16 12 
15 23 
22 11 
3 39 
23 33 
28 38 
39 17 
42 2 
47 18 
29 48 
19 42 
32 35 
30 49 
33 14 
35 
17 44 
36 34 
12 24 
18 
14 
48 
38 
24 
25 
2 
11 
44 
49 
21 
8 
34 
46 
6 
# clone tree 3 objective: 2.648
0 25 9 
31 29 27 
9 31 
27 26 
26 21 43 
43 1 
1 8 40 
40 7 
7 46 28 41 10 
10 47 45 
45 19 20 4 
41 30 37 
37 36 13 
13 3 16 
4 32 15 
5 22 
20 5 
16 12 
15 23 
22 11 
3 39 
23 33 
28 38 
39 17 
42 2 
47 18 
29 48 
19 42 
32 35 
30 49 
33 14 
35 
17 44 
36 34 
12 24 
18 
14 
48 
38 
24 6 
25 
2 
11 
44 
49 
21 
8 
34 
46 
6 
# clone tree 4 objective: 2.64818
0 49 25 9 
31 29 27 
9 31 
27 26 
26 6 21 43 
43 1 
1 8 40 
40 7 
7 46 28 41 10 
10 47 45 
45 19 20 4 
41 30 37 
37 36 13 
13 3 16 
4 32 15 
5 22 
20 5 
16 12 
15 23 
22 11 14 
3 39 
23 33 
28 38 
39 17 
42 2 
47 18 
29 48 
19 42 
32 35 
30 
33 
35 
17 44 
36 34 
12 24 
18 
14 
48 
38 
24 
25 
2 
11 
44 
49 
21 
8 
34 
46 
6 
# clone tree 5 objective: 2.64818
0 25 9 
31 29 27 
9 31 
27 26 
26 21 43 
43 1 
1 8 40 
40 7 
7 46 28 41 10 
10 47 45 
45 19 20 4 
41 30 37 
37 36 13 
13 3 16 
4 32 15 
5 22 
20 5 
16 12 
15 23 
22 11 14 
3 39 
23 33 
28 38 
39 17 
42 2 
47 18 
29 48 
19 42 
32 35 
30 49 
33 6 
35 
17 44 
36 34 
12 24 
18 
14 
48 
38 
24 
25 
2 
11 
44 
49 
21 
8 
34 
46 
6 
# clone tree 6 objective: 2.64818
0 25 9 
31 29 27 
9 31 
27 26 
26 21 43 
43 1 
1 8 40 
40 7 
7 46 28 41 10 
10 47 45 
45 19 20 4 
41 30 37 
37 36 13 
13 3 16 
4 32 15 
5 22 
20 5 
16 12 
15 23 
22 11 14 
3 39 
23 33 
28 38 
39 17 
42 2 
47 18 
29 48 
19 42 
32 35 
30 49 
33 
35 
17 44 
36 34 
12 24 
18 
14 
48 
38 
24 6 
25 
2 
11 
44 
49 
21 
8 
34 
46 
6 
# clone tree 7 objective: 2.64818
0 49 25 9 
31 29 27 
9 31 
27 26 
26 21 43 
43 1 
1 8 40 
40 7 
7 46 28 41 10 
10 47 45 
45 19 20 4 
41 30 37 
37 36 13 
13 3 16 
4 32 15 
5 22 
20 5 
16 12 
15 23 
22 11 14 
3 39 
23 33 
28 38 
39 17 
42 2 
47 18 
29 48 
19 42 
32 35 
30 
33 6 
35 
17 44 
36 34 
12 24 
18 
14 
48 
38 
24 
25 
2 
11 
44 
49 
21 
8 
34 
46 
6 
# clone tree 8 objective: 2.64818
0 25 9 
31 29 27 
9 31 
27 26 
26 6 21 43 
43 1 
1 8 40 
40 7 
7 46 28 41 10 
10 47 45 
45 19 20 4 
41 30 37 
37 36 13 
13 3 16 
4 32 15 
5 22 
20 5 
16 12 
15 23 
22 11 14 
3 39 
23 33 
28 38 
39 17 
42 2 
47 18 
29 48 
19 42 
32 35 
30 49 
33 
35 
17 44 
36 34 
12 24 
18 
14 
48 
38 
24 
25 
2 
11 
44 
49 
21 
8 
34 
46 
6 
# clone tree 9 objective: 2.64818
0 49 25 9 
31 29 27 
9 31 
27 26 
26 21 43 
43 1 
1 8 40 
40 7 
7 46 28 41 10 
10 47 45 
45 19 20 4 
41 30 37 
37 36 13 
13 3 16 
4 32 15 
5 22 
20 5 
16 12 
15 23 
22 11 14 
3 39 
23 33 
28 38 
39 17 
42 2 
47 18 
29 48 
19 42 
32 35 
30 
33 
35 
17 44 
36 34 
12 24 
18 
14 
48 
38 
24 6 
25 
2 
11 
44 
49 
21 
8 
34 
46 
6 
# clone tree 10 objective: 2.64823
0 25 9 
31 29 27 
9 31 
27 26 
26 6 21 43 
43 1 
1 8 40 
40 7 
7 46 28 41 10 
10 47 45 
45 19 20 4 
41 30 37 
37 36 13 
13 3 16 
4 32 15 
5 22 
20 5 
16 12 
15 23 
22 44 11 
3 39 
23 33 
28 38 
39 17 
42 2 
47 18 
29 48 
19 42 
32 35 
30 49 
33 14 
35 
17 34 
36 
12 24 
18 
14 
48 
38 
24 
25 
2 
11 
44 
49 
21 
8 
34 
46 
6 
# clone tree 11 objective: 2.64823
0 49 25 9 
31 29 27 
9 31 
27 26 
26 6 21 43 
43 1 
1 8 40 
40 7 
7 46 28 41 10 
10 47 45 
45 19 20 4 
41 30 37 
37 36 13 
13 3 16 
4 32 15 
5 22 
20 5 
16 12 
15 23 
22 44 11 
3 39 
23 33 
28 38 
39 17 
42 2 
47 18 
29 48 
19 42 
32 35 
30 
33 14 
35 
17 34 
36 
12 24 
18 
14 
48 
38 
24 
25 
2 
11 
44 
49 
21 
8 
34 
46 
6 
# clone tree 12 objective: 2.64823
0 25 9 
31 29 27 
9 31 
27 26 
26 21 43 
43 1 
1 8 40 
40 7 
7 46 28 41 10 
10 47 45 
45 19 20 4 
41 30 37 
37 36 13 
13 3 16 
4 32 15 
5 22 
20 5 
16 12 
15 23 
22 44 11 
3 39 
23 33 
28 38 
39 17 
42 2 
47 18 
29 48 
19 42 
32 35 
30 49 
33 14 
35 
17 34 
36 
12 24 
18 
14 
48 
38 
24 6 
25 
2 
11 
44 
49 
21 
8 
34 
46 
6 
# clone tree 13 objective: 2.64823
0 49 25 9 
31 29 27 
9 31 
27 26 
26 21 43 
43 1 
1 8 40 
40 7 
7 46 28 41 10 
10 47 45 
45 19 20 4 
41 30 37 
37 36 13 
13 3 16 
4 32 15 
5 22 
20 5 
16 12 
15 23 
22 44 11 
3 39 
23 33 
28 38 
39 17 
42 2 
47 18 
29 48 
19 42 
32 35 
30 
33 14 
35 
17 34 
36 
12 24 
18 
14 
48 
38 
24 6 
25 
2 
11 
44 
49 
21 
8 
34 
46 
6 
# clone tree 14 objective: 2.64841
0 25 9 
31 29 27 
9 31 
27 26 
26 6 21 43 
43 1 
1 8 40 
40 7 
7 28 41 10 
10 47 45 
45 19 20 4 
41 30 37 
37 36 13 
13 3 16 
4 32 15 
5 22 
20 5 
16 12 
15 23 
22 11 
3 39 
23 33 
28 46 38 
39 17 
42 2 
47 18 
29 48 
19 42 
32 35 
30 49 
33 14 
35 
17 44 
36 34 
12 24 
18 
14 
48 
38 
24 
25 
2 
11 
44 
49 
21 
8 
34 
46 
6 
# clone tree 15 objective: 2.64841
0 49 25 9 
31 29 27 
9 31 
27 26 
26 21 43 
43 1 
1 8 40 
40 7 
7 28 41 10 
10 47 45 
45 19 20 4 
41 30 37 
37 36 13 
13 3 16 
4 32 15 
5 22 
20 5 
16 12 
15 23 
22 11 
3 39 
23 33 
28 46 38 
39 17 
42 2 
47 18 
29 48 
19 42 
32 35 
30 
33 14 
35 
17 44 
36 34 
12 24 
18 
14 
48 
38 
24 6 
25 
2 
11 
44 
49 
21 
8 
34 
46 
6 
# clone tree 16 objective: 2.64841
0 25 9 
31 29 27 
9 31 
27 26 
26 21 43 
43 1 
1 8 40 
40 7 
7 28 41 10 
10 47 45 
45 19 20 4 
41 30 37 
37 36 13 
13 3 16 
4 32 15 
5 22 
20 5 
16 12 
15 23 
22 11 
3 39 
23 33 
28 46 38 
39 17 
42 2 
47 18 
29 48 
19 42 
32 35 
30 49 
33 14 
35 
17 44 
36 34 
12 24 
18 
14 
48 
38 
24 6 
25 
2 
11 
44 
49 
21 
8 
34 
46 
6 
# clone tree 17 objective: 2.64841
0 49 25 9 
31 29 27 
9 31 
27 26 
26 6 21 43 
43 1 
1 8 40 
40 7 
7 28 41 10 
10 47 45 
45 19 20 4 
41 30 37 
37 36 13 
13 3 16 
4 32 15 
5 22 
20 5 
16 12 
15 23 
22 11 
3 39 
23 33 
28 46 38 
39 17 
42 2 
47 18 
29 48 
19 42 
32 35 
30 
33 14 
35 
17 44 
36 34 
12 24 
18 
14 
48 
38 
24 
25 
2 
11 
44 
49 
21 
8 
34 
46 
6 
# clone tree 18 objective: 2.64859
0 25 9 
31 29 27 
9 31 
27 26 
26 21 43 
43 1 
1 8 40 
40 7 
7 28 41 10 
10 47 45 
45 19 20 4 
41 30 37 
37 36 13 
13 3 16 
4 32 15 
5 22 
20 5 
16 12 
15 23 
22 11 14 
3 39 
23 33 
28 46 38 
39 17 
42 2 
47 18 
29 48 
19 42 
32 35 
30 49 
33 6 
35 
17 44 
36 34 
12 24 
18 
14 
48 
38 
24 
25 
2 
11 
44 
49 
21 
8 
34 
46 
6 
# clone tree 19 objective: 2.64859
0 49 25 9 
31 29 27 
9 31 
27 26 
26 21 43 
43 1 
1 8 40 
40 7 
7 28 41 10 
10 47 45 
45 19 20 4 
41 30 37 
37 36 13 
13 3 16 
4 32 15 
5 22 
20 5 
16 12 
15 23 
22 11 14 
3 39 
23 33 
28 46 38 
39 17 
42 2 
47 18 
29 48 
19 42 
32 35 
30 
33 6 
35 
17 44 
36 34 
12 24 
18 
14 
48 
38 
24 
25 
2 
11 
44 
49 
21 
8 
34 
46 
6 
# clone tree 20 objective: 2.64859
0 25 9 
31 29 27 
9 31 
27 26 
26 6 21 43 
43 1 
1 8 40 
40 7 
7 28 41 10 
10 47 45 
45 19 20 4 
41 30 37 
37 36 13 
13 3 16 
4 32 15 
5 22 
20 5 
16 12 
15 23 
22 11 14 
3 39 
23 33 
28 46 38 
39 17 
42 2 
47 18 
29 48 
19 42 
32 35 
30 49 
33 
35 
17 44 
36 34 
12 24 
18 
14 
48 
38 
24 
25 
2 
11 
44 
49 
21 
8 
34 
46 
6 
# clone tree 21 objective: 2.64859
0 49 25 9 
31 29 27 
9 31 
27 26 
26 6 21 43 
43 1 
1 8 40 
40 7 
7 28 41 10 
10 47 45 
45 19 20 4 
41 30 37 
37 36 13 
13 3 16 
4 32 15 
5 22 
20 5 
16 12 
15 23 
22 11 14 
3 39 
23 33 
28 46 38 
39 17 
42 2 
47 18 
29 48 
19 42 
32 35 
30 
33 
35 
17 44 
36 34 
12 24 
18 
14 
48 
38 
24 
25 
2 
11 
44 
49 
21 
8 
34 
46 
6 
# clone tree 22 objective: 2.64859
0 49 25 9 
31 29 27 
9 31 
27 26 
26 21 43 
43 1 
1 8 40 
40 7 
7 28 41 10 
10 47 45 
45 19 20 4 
41 30 37 
37 36 13 
13 3 16 
4 32 15 
5 22 
20 5 
16 12 
15 23 
22 11 14 
3 39 
23 33 
28 46 38 
39 17 
42 2 
47 18 
29 48 
19 42 
32 35 
30 
33 
35 
17 44 
36 34 
12 24 
18 
14 
48 
38 
24 6 
25 
2 
11 
44 
49 
21 
8 
34 
46 
6 
# clone tree 23 objective: 2.64859
0 25 9 
31 29 27 
9 31 
27 26 
26 21 43 
43 1 
1 8 40 
40 7 
7 28 41 10 
10 47 45 
45 19 20 4 
41 30 37 
37 36 13 
13 3 16 
4 32 15 
5 22 
20 5 
16 12 
15 23 
22 11 14 
3 39 
23 33 
28 46 38 
39 17 
42 2 
47 18 
29 48 
19 42 
32 35 
30 49 
33 
35 
17 44 
36 34 
12 24 
18 
14 
48 
38 
24 6 
25 
2 
11 
44 
49 
21 
8 
34 
46 
6 
# clone tree 24 objective: 2.64864
0 49 25 9 
31 29 27 
9 31 
27 26 
26 21 43 
43 1 
1 8 40 
40 7 
7 28 41 10 
10 47 45 
45 19 20 4 
41 30 37 
37 36 13 
13 3 16 
4 32 15 
5 22 
20 5 
16 12 
15 23 
22 44 11 
3 39 
23 33 
28 46 38 
39 17 
42 2 
47 18 
29 48 
19 42 
32 35 
30 
33 14 
35 
17 34 
36 
12 24 
18 
14 
48 
38 
24 6 
25 
2 
11 
44 
49 
21 
8 
34 
46 
6 
# clone tree 25 objective: 2.64864
0 25 9 
31 29 27 
9 31 
27 26 
26 6 21 43 
43 1 
1 8 40 
40 7 
7 28 41 10 
10 47 45 
45 19 20 4 
41 30 37 
37 36 13 
13 3 16 
4 32 15 
5 22 
20 5 
16 12 
15 23 
22 44 11 
3 39 
23 33 
28 46 38 
39 17 
42 2 
47 18 
29 48 
19 42 
32 35 
30 49 
33 14 
35 
17 34 
36 
12 24 
18 
14 
48 
38 
24 
25 
2 
11 
44 
49 
21 
8 
34 
46 
6 
# clone tree 26 objective: 2.64864
0 49 25 9 
31 29 27 
9 31 
27 26 
26 6 21 43 
43 1 
1 8 40 
40 7 
7 28 41 10 
10 47 45 
45 19 20 4 
41 30 37 
37 36 13 
13 3 16 
4 32 15 
5 22 
20 5 
16 12 
15 23 
22 44 11 
3 39 
23 33 
28 46 38 
39 17 
42 2 
47 18 
29 48 
19 42 
32 35 
30 
33 14 
35 
17 34 
36 
12 24 
18 
14 
48 
38 
24 
25 
2 
11 
44 
49 
21 
8 
34 
46 
6 
# clone tree 27 objective: 2.64864
0 25 9 
31 29 27 
9 31 
27 26 
26 21 43 
43 1 
1 8 40 
40 7 
7 28 41 10 
10 47 45 
45 19 20 4 
41 30 37 
37 36 13 
13 3 16 
4 32 15 
5 22 
20 5 
16 12 
15 23 
22 44 11 
3 39 
23 33 
28 46 38 
39 17 
42 2 
47 18 
29 48 
19 42 
32 35 
30 49 
33 14 
35 
17 34 
36 
12 24 
18 
14 
48 
38 
24 6 
25 
2 
11 
44 
49 
21 
8 
34 
46 
6 
# clone tree 28 objective: 2.64983
0 49 25 9 
31 29 27 
9 31 
27 26 
26 21 43 
43 1 
1 8 40 
40 7 
7 28 41 10 
10 47 45 
45 19 20 4 
41 30 37 
37 36 13 
13 3 16 
4 32 15 
5 22 
20 5 
16 12 
15 23 
22 11 
3 39 
23 33 
28 46 38 
39 17 
42 2 
47 18 
29 48 
19 42 
32 35 
30 44 
33 14 
35 
17 34 
36 
12 24 
18 
14 
48 
38 
24 6 
25 
2 
11 
44 
49 
21 
8 
34 
46 
6 
# clone tree 29 objective: 2.64983
0 49 25 9 
31 29 27 
9 31 
27 26 
26 6 21 43 
43 1 
1 8 40 
40 7 
7 28 41 10 
10 47 45 
45 19 20 4 
41 30 37 
37 36 13 
13 3 16 
4 32 15 
5 22 
20 5 
16 12 
15 23 
22 11 
3 39 
23 33 
28 46 38 
39 17 
42 2 
47 18 
29 48 
19 42 
32 35 
30 44 
33 14 
35 
17 34 
36 
12 24 
18 
14 
48 
38 
24 
25 
2 
11 
44 
49 
21 
8 
34 
46 
6 
# clone tree 30 objective: 2.65001
0 49 25 9 
31 29 27 
9 31 
27 26 
26 6 21 43 
43 1 
1 8 40 
40 7 
7 28 41 10 
10 47 45 
45 19 20 4 
41 30 37 
37 36 13 
13 3 16 
4 32 15 
5 22 
20 5 
16 12 
15 23 
22 11 14 
3 39 
23 33 
28 46 38 
39 17 
42 2 
47 18 
29 48 
19 42 
32 35 
30 44 
33 
35 
17 34 
36 
12 24 
18 
14 
48 
38 
24 
25 
2 
11 
44 
49 
21 
8 
34 
46 
6 
# clone tree 31 objective: 2.65001
0 49 25 9 
31 29 27 
9 31 
27 26 
26 21 43 
43 1 
1 8 40 
40 7 
7 28 41 10 
10 47 45 
45 19 20 4 
41 30 37 
37 36 13 
13 3 16 
4 32 15 
5 22 
20 5 
16 12 
15 23 
22 11 14 
3 39 
23 33 
28 46 38 
39 17 
42 2 
47 18 
29 48 
19 42 
32 35 
30 44 
33 
35 
17 34 
36 
12 24 
18 
14 
48 
38 
24 6 
25 
2 
11 
44 
49 
21 
8 
34 
46 
6 
# clone tree 32 objective: 2.65001
0 49 25 9 
31 29 27 
9 31 
27 26 
26 21 43 
43 1 
1 8 40 
40 7 
7 28 41 10 
10 47 45 
45 19 20 4 
41 30 37 
37 36 13 
13 3 16 
4 32 15 
5 22 
20 5 
16 12 
15 23 
22 11 14 
3 39 
23 33 
28 46 38 
39 17 
42 2 
47 18 
29 48 
19 42 
32 35 
30 44 
33 6 
35 
17 34 
36 
12 24 
18 
14 
48 
38 
24 
25 
2 
11 
44 
49 
21 
8 
34 
46 
6 
# clone tree 33 objective: 2.65016
0 49 25 9 
31 29 27 
9 31 
27 26 
26 21 43 
43 1 
1 8 40 
40 7 
7 46 28 41 10 
10 47 45 
45 19 20 4 
41 30 37 
37 36 13 
13 3 16 
4 32 15 
5 22 
20 5 
16 12 
15 23 
22 11 
3 6 39 
23 33 
28 38 
39 17 
42 2 
47 18 
29 48 
19 42 
32 35 
30 
33 14 
35 
17 44 
36 34 
12 24 
18 
14 
48 
38 
24 
25 
2 
11 
44 
49 
21 
8 
34 
46 
6 
# clone tree 34 objective: 2.65016
0 25 9 
31 29 27 
9 31 
27 26 
26 21 43 
43 1 
1 8 40 
40 7 
7 46 28 41 10 
10 47 45 
45 19 20 4 
41 30 37 
37 36 13 
13 3 16 
4 32 15 
5 22 
20 5 
16 12 
15 23 
22 11 
3 6 39 
23 33 
28 38 
39 17 
42 2 
47 18 
29 48 
19 42 
32 35 
30 49 
33 14 
35 
17 44 
36 34 
12 24 
18 
14 
48 
38 
24 
25 
2 
11 
44 
49 
21 
8 
34 
46 
6 
# clone tree 35 objective: 2.65026
0 49 25 9 
31 29 27 
9 31 
27 26 
26 21 43 
43 1 
1 8 40 
40 7 
7 46 28 41 10 
10 47 45 
45 19 20 4 
41 30 37 
37 36 13 
13 3 16 
4 32 15 
5 22 
20 5 
16 12 
15 23 
22 11 
3 39 
23 33 
28 38 
39 17 
42 2 
47 18 
29 48 
19 42 
32 35 
30 
33 14 
35 
17 34 
36 
12 24 
18 44 
14 
48 
38 
24 6 
25 
2 
11 
44 
49 
21 
8 
34 
46 
6 
# clone tree 36 objective: 2.65026
0 25 9 
31 29 27 
9 31 
27 26 
26 6 21 43 
43 1 
1 8 40 
40 7 
7 46 28 41 10 
10 47 45 
45 19 20 4 
41 30 37 
37 36 13 
13 3 16 
4 32 15 
5 22 
20 5 
16 12 
15 23 
22 11 
3 39 
23 33 
28 38 
39 17 
42 2 
47 18 
29 48 
19 42 
32 35 
30 49 
33 14 
35 
17 34 
36 
12 24 
18 44 
14 
48 
38 
24 
25 
2 
11 
44 
49 
21 
8 
34 
46 
6 
# clone tree 37 objective: 2.65026
0 49 25 9 
31 29 27 
9 31 
27 26 
26 6 21 43 
43 1 
1 8 40 
40 7 
7 46 28 41 10 
10 47 45 
45 19 20 4 
41 30 37 
37 36 13 
13 3 16 
4 32 15 
5 22 
20 5 
16 12 
15 23 
22 11 
3 39 
23 33 
28 38 
39 17 
42 2 
47 18 
29 48 
19 42 
32 35 
30 
33 14 
35 
17 34 
36 
12 24 
18 44 
14 
48 
38 
24 
25 
2 
11 
44 
49 
21 
8 
34 
46 
6 
# clone tree 38 objective: 2.65026
0 25 9 
31 29 27 
9 31 
27 26 
26 21 43 
43 1 
1 8 40 
40 7 
7 46 28 41 10 
10 47 45 
45 19 20 4 
41 30 37 
37 36 13 
13 3 16 
4 32 15 
5 22 
20 5 
16 12 
15 23 
22 11 
3 39 
23 33 
28 38 
39 17 
42 2 
47 18 
29 48 
19 42 
32 35 
30 49 
33 14 
35 
17 34 
36 
12 24 
18 44 
14 
48 
38 
24 6 
25 
2 
11 
44 
49 
21 
8 
34 
46 
6 
# clone tree 39 objective: 2.65035
0 25 9 
31 29 27 
9 31 
27 26 
26 21 43 
43 1 
1 8 40 
40 7 
7 46 28 41 10 
10 47 45 
45 19 20 4 
41 30 37 
37 36 13 
13 3 16 
4 32 15 
5 22 
20 5 
16 12 
15 23 
22 11 14 
3 6 39 
23 33 
28 38 
39 17 
42 2 
47 18 
29 48 
19 42 
32 35 
30 49 
33 
35 
17 44 
36 34 
12 24 
18 
14 
48 
38 
24 
25 
2 
11 
44 
49 
21 
8 
34 
46 
6 
# clone tree 40 objective: 2.65035
0 49 25 9 
31 29 27 
9 31 
27 26 
26 21 43 
43 1 
1 8 40 
40 7 
7 46 28 41 10 
10 47 45 
45 19 20 4 
41 30 37 
37 36 13 
13 3 16 
4 32 15 
5 22 
20 5 
16 12 
15 23 
22 11 14 
3 6 39 
23 33 
28 38 
39 17 
42 2 
47 18 
29 48 
19 42 
32 35 
30 
33 
35 
17 44 
36 34 
12 24 
18 
14 
48 
38 
24 
25 
2 
11 
44 
49 
21 
8 
34 
46 
6 
# clone tree 41 objective: 2.65037
0 49 25 9 
31 29 27 
9 31 
27 26 
26 6 21 43 
43 1 
1 8 40 
40 7 
7 28 41 10 
10 47 45 
45 19 20 4 
41 30 37 
37 36 13 
13 3 16 
4 32 15 
5 22 
20 5 
16 12 
15 23 
22 11 
3 39 
23 33 
28 38 
39 17 
42 2 
47 18 
29 48 
19 42 
32 35 
30 
33 14 
35 46 
17 44 
36 34 
12 24 
18 
14 
48 
38 
24 
25 
2 
11 
44 
49 
21 
8 
34 
46 
6 
# clone tree 42 objective: 2.65037
0 25 9 
31 29 27 
9 31 
27 26 
26 6 21 43 
43 1 
1 8 40 
40 7 
7 28 41 10 
10 47 45 
45 19 20 4 
41 30 37 
37 36 13 
13 3 16 
4 32 15 
5 22 
20 5 
16 12 
15 23 
22 11 
3 39 
23 33 
28 38 
39 17 
42 2 
47 18 
29 48 
19 42 
32 35 
30 49 
33 14 
35 46 
17 44 
36 34 
12 24 
18 
14 
48 
38 
24 
25 
2 
11 
44 
49 
21 
8 
34 
46 
6 
# clone tree 43 objective: 2.65037
0 25 9 
31 29 27 
9 31 
27 26 
26 21 43 
43 1 
1 8 40 
40 7 
7 28 41 10 
10 47 45 
45 19 20 4 
41 30 37 
37 36 13 
13 3 16 
4 32 15 
5 22 
20 5 
16 12 
15 23 
22 11 
3 39 
23 33 
28 38 
39 17 
42 2 
47 18 
29 48 
19 42 
32 35 
30 49 
33 14 
35 46 
17 44 
36 34 
12 24 
18 
14 
48 
38 
24 6 
25 
2 
11 
44 
49 
21 
8 
34 
46 
6 
# clone tree 44 objective: 2.65037
0 49 25 9 
31 29 27 
9 31 
27 26 
26 21 43 
43 1 
1 8 40 
40 7 
7 28 41 10 
10 47 45 
45 19 20 4 
41 30 37 
37 36 13 
13 3 16 
4 32 15 
5 22 
20 5 
16 12 
15 23 
22 11 
3 39 
23 33 
28 38 
39 17 
42 2 
47 18 
29 48 
19 42 
32 35 
30 
33 14 
35 46 
17 44 
36 34 
12 24 
18 
14 
48 
38 
24 6 
25 
2 
11 
44 
49 
21 
8 
34 
46 
6 
# clone tree 45 objective: 2.65039
0 25 9 
31 29 27 
9 31 
27 26 
26 21 43 
43 1 
1 8 40 
40 7 
7 46 28 41 10 
10 47 45 
45 19 20 4 
41 30 37 
37 36 13 
13 3 16 
4 32 15 
5 22 
20 5 
16 12 
15 23 
22 44 11 
3 6 39 
23 33 
28 38 
39 17 
42 2 
47 18 
29 48 
19 42 
32 35 
30 49 
33 14 
35 
17 34 
36 
12 24 
18 
14 
48 
38 
24 
25 
2 
11 
44 
49 
21 
8 
34 
46 
6 
# clone tree 46 objective: 2.65039
0 49 25 9 
31 29 27 
9 31 
27 26 
26 21 43 
43 1 
1 8 40 
40 7 
7 46 28 41 10 
10 47 45 
45 19 20 4 
41 30 37 
37 36 13 
13 3 16 
4 32 15 
5 22 
20 5 
16 12 
15 23 
22 44 11 
3 6 39 
23 33 
28 38 
39 17 
42 2 
47 18 
29 48 
19 42 
32 35 
30 
33 14 
35 
17 34 
36 
12 24 
18 
14 
48 
38 
24 
25 
2 
11 
44 
49 
21 
8 
34 
46 
6 
# clone tree 47 objective: 2.65045
0 25 9 
31 29 27 
9 31 
27 26 
26 6 21 43 
43 1 
1 8 40 
40 7 
7 46 28 41 10 
10 47 45 
45 19 20 4 
41 30 37 
37 36 13 
13 3 16 
4 32 15 
5 22 
20 5 
16 12 
15 23 
22 11 14 
3 39 
23 33 
28 38 
39 17 
42 2 
47 18 
29 48 
19 42 
32 35 
30 49 
33 
35 
17 34 
36 
12 24 
18 44 
14 
48 
38 
24 
25 
2 
11 
44 
49 
21 
8 
34 
46 
6 
# clone tree 48 objective: 2.65045
0 25 9 
31 29 27 
9 31 
27 26 
26 21 43 
43 1 
1 8 40 
40 7 
7 46 28 41 10 
10 47 45 
45 19 20 4 
41 30 37 
37 36 13 
13 3 16 
4 32 15 
5 22 
20 5 
16 12 
15 23 
22 11 14 
3 39 
23 33 
28 38 
39 17 
42 2 
47 18 
29 48 
19 42 
32 35 
30 49 
33 6 
35 
17 34 
36 
12 24 
18 44 
14 
48 
38 
24 
25 
2 
11 
44 
49 
21 
8 
34 
46 
6 
# clone tree 49 objective: 2.65045
0 49 25 9 
31 29 27 
9 31 
27 26 
26 6 21 43 
43 1 
1 8 40 
40 7 
7 46 28 41 10 
10 47 45 
45 19 20 4 
41 30 37 
37 36 13 
13 3 16 
4 32 15 
5 22 
20 5 
16 12 
15 23 
22 11 14 
3 39 
23 33 
28 38 
39 17 
42 2 
47 18 
29 48 
19 42 
32 35 
30 
33 
35 
17 34 
36 
12 24 
18 44 
14 
48 
38 
24 
25 
2 
11 
44 
49 
21 
8 
34 
46 
6 
