# clone tree 0 objective: 2.21694
0 48 40 
40 41 22 39 
39 26 15 
15 13 46 
46 10 12 4 
26 21 16 
4 20 45 24 
24 17 3 
16 19 31 
3 33 
2 34 8 
31 29 5 
5 2 
42 36 37 38 
33 42 
8 43 
38 7 
21 11 
43 1 6 
11 27 
12 9 
45 23 
6 28 
48 18 
37 44 
7 25 
20 
34 35 
22 
17 32 
25 30 
19 
44 
41 
10 47 
35 14 
18 49 
27 
13 
36 
28 
30 
9 
14 
23 
32 
1 
47 
49 
29 
# clone tree 1 objective: 2.21694
0 48 40 
40 41 22 39 
39 26 15 
15 13 46 
46 10 12 4 
26 21 16 
4 20 45 24 
24 17 3 
16 19 31 
3 33 
2 34 8 
31 5 
5 2 
42 36 37 38 
33 42 
8 43 
38 7 
21 11 
43 1 6 
11 27 
12 9 
45 23 
6 28 
48 18 
37 44 
7 25 
20 
34 35 
22 
17 32 
25 30 
19 
44 
41 
10 47 
35 14 
18 49 
27 
13 
36 
28 
30 
9 
14 
23 
32 
1 29 
47 
49 
29 
# clone tree 2 objective: 2.21694
0 48 40 
40 41 22 39 
39 26 15 
15 13 46 
46 10 12 4 
26 21 16 
4 20 45 24 
24 17 3 
16 19 31 
3 33 
2 34 8 
31 5 
5 2 
42 36 37 38 
33 42 
8 43 
38 7 
21 11 
43 1 6 
11 27 
12 9 
45 23 
6 28 
48 18 
37 44 
7 25 
20 
34 35 
22 
17 32 
25 30 
19 
44 
41 
10 47 
35 14 
18 
27 
13 29 
36 
28 49 
30 
9 
14 
23 
32 
1 
47 
49 
29 
# clone tree 3 objective: 2.21694
0 48 40 
40 41 22 39 
39 26 15 
15 13 46 
46 10 12 4 
26 21 16 
4 20 45 24 
24 17 3 
16 19 31 
3 33 
2 34 8 
31 5 
5 2 
42 36 37 38 
33 42 
8 43 
38 7 
21 11 
43 29 1 6 
11 27 
12 9 
45 23 
6 28 
48 18 
37 44 
7 25 
20 
34 35 
22 
17 32 
25 30 
19 
44 
41 
10 47 
35 14 
18 
27 
13 
36 
28 49 
30 
9 
14 
23 
32 
1 
47 
49 
29 
# clone tree 4 objective: 2.21694
0 48 40 
40 41 22 39 
39 26 15 
15 13 46 
46 10 12 4 
26 21 16 
4 20 45 24 
24 17 3 
16 19 31 
3 33 
2 34 8 
31 5 
5 2 
42 36 37 38 
33 42 
8 43 
38 7 
21 11 
43 1 6 
11 27 
12 9 
45 23 
6 28 
48 18 
37 44 
7 25 
20 
34 35 
22 
17 32 
25 30 
19 
44 
41 
10 47 
35 14 
18 
27 
13 
36 
28 49 
30 
9 
14 29 
23 
32 
1 
47 
49 
29 
# clone tree 5 objective: 2.21694
0 48 40 
40 41 22 39 
39 26 15 
15 13 46 
46 10 12 4 
26 21 16 
4 20 45 24 
24 17 3 
16 29 19 31 
3 33 
2 34 8 
31 5 
5 2 
42 36 37 38 
33 42 
8 43 
38 7 
21 11 
43 1 6 
11 27 
12 9 
45 23 
6 28 
48 18 
37 44 
7 25 
20 
34 35 
22 
17 32 
25 30 
19 
44 
41 
10 47 
35 14 
18 
27 
13 
36 
28 49 
30 
9 
14 
23 
32 
1 
47 
49 
29 
# clone tree 6 objective: 2.21694
0 48 40 
40 41 22 39 
39 26 15 
15 13 46 
46 10 12 4 
26 21 16 
4 20 45 24 
24 17 3 
16 19 31 
3 33 
2 34 8 
31 5 
5 2 
42 36 37 38 
33 42 
8 43 
38 7 
21 11 
43 1 6 
11 27 
12 9 
45 23 
6 28 
48 18 
37 44 
7 25 
20 
34 35 
22 
17 32 
25 30 
19 
44 
41 
10 47 
35 14 
18 
27 
13 
36 
28 49 
30 
9 
14 
23 
32 
1 29 
47 
49 
29 
# clone tree 7 objective: 2.21694
0 48 40 
40 41 22 39 
39 26 15 
15 13 46 
46 10 12 4 
26 21 16 
4 20 45 24 
24 17 3 
16 19 31 
3 33 
2 34 8 
31 5 
5 2 
42 36 37 38 
33 42 
8 43 
38 7 
21 29 11 
43 1 6 
11 27 
12 9 
45 23 
6 28 
48 18 
37 44 
7 25 
20 
34 35 
22 
17 32 
25 30 
19 
44 
41 
10 47 
35 14 
18 
27 
13 
36 
28 49 
30 
9 
14 
23 
32 
1 
47 
49 
29 
# clone tree 8 objective: 2.21694
0 48 40 
40 41 22 39 
39 26 15 
15 13 46 
46 10 12 4 
26 21 16 
4 20 45 24 
24 17 3 
16 19 31 
3 33 
2 34 8 
31 5 
5 2 
42 36 37 38 
33 42 
8 43 
38 7 
21 11 
43 1 6 
11 27 
12 9 
45 23 
6 28 
48 18 
37 44 
7 25 
20 
34 35 
22 
17 32 
25 29 30 
19 
44 
41 
10 47 
35 14 
18 
27 
13 
36 
28 49 
30 
9 
14 
23 
32 
1 
47 
49 
29 
# clone tree 9 objective: 2.21694
0 48 40 
40 41 22 39 
39 26 15 
15 13 46 
46 10 12 4 
26 21 16 
4 20 45 24 
24 17 3 
16 19 31 
3 33 
2 34 8 
31 5 
5 2 
42 36 37 38 
33 42 
8 43 
38 7 
21 11 
43 1 6 
11 27 
12 9 
45 23 
6 28 
48 18 
37 44 
7 25 
20 
34 35 
22 
17 32 
25 30 
19 
44 
41 
10 47 
35 14 
18 
27 
13 
36 
28 49 
30 29 
9 
14 
23 
32 
1 
47 
49 
29 
# clone tree 10 objective: 2.21694
0 48 40 
40 41 22 39 
39 26 15 
15 13 46 
46 10 12 4 
26 21 16 
4 20 45 24 
24 17 3 
16 19 31 
3 33 
2 34 8 
31 5 
5 2 
42 36 37 38 
33 42 
8 43 
38 7 
21 11 
43 1 6 
11 27 
12 9 
45 23 
6 28 
48 18 
37 44 
7 25 
20 
34 35 
22 
17 32 
25 30 
19 
44 
41 
10 47 
35 14 
18 29 
27 
13 
36 
28 49 
30 
9 
14 
23 
32 
1 
47 
49 
29 
# clone tree 11 objective: 2.21694
0 48 40 
40 41 22 39 
39 26 15 
15 13 46 
46 10 12 4 
26 21 16 
4 20 45 24 
24 17 3 
16 19 31 
3 33 
2 34 8 
31 5 
5 2 
42 36 37 38 
33 42 
8 43 
38 7 
21 11 
43 1 6 
11 27 
12 9 
45 23 
6 28 
48 18 
37 44 
7 25 
20 29 
34 35 
22 
17 32 
25 30 
19 
44 
41 
10 47 
35 14 
18 
27 
13 
36 
28 49 
30 
9 
14 
23 
32 
1 
47 
49 
29 
# clone tree 12 objective: 2.21694
0 48 40 
40 41 22 39 
39 26 15 
15 13 46 
46 10 12 4 
26 21 16 
4 20 45 24 
24 17 3 
16 19 31 
3 33 
2 34 8 
31 5 
5 2 
42 36 37 38 
33 42 
8 43 
38 7 
21 11 
43 1 6 
11 27 
12 9 
45 23 
6 28 
48 18 
37 44 
7 25 
20 
34 35 
22 
17 32 
25 30 
19 29 
44 
41 
10 47 
35 14 
18 
27 
13 
36 
28 49 
30 
9 
14 
23 
32 
1 
47 
49 
29 
# clone tree 13 objective: 2.21694
0 48 40 
40 41 22 39 
39 26 15 
15 13 46 
46 10 12 4 
26 21 16 
4 20 45 24 
24 17 3 
16 19 31 
3 33 
2 34 8 
31 5 
5 2 
42 36 37 38 
33 42 
8 43 
38 7 
21 11 
43 1 6 
11 27 
12 9 
45 23 
6 28 
48 18 
37 44 
7 25 
20 
34 35 
22 
17 32 
25 30 
19 
44 
41 
10 47 
35 14 
18 
27 
13 
36 29 
28 49 
30 
9 
14 
23 
32 
1 
47 
49 
29 
# clone tree 14 objective: 2.21694
0 48 40 
40 41 22 39 
39 26 15 
15 13 46 
46 10 12 4 
26 21 16 
4 20 45 24 
24 17 3 
16 19 31 
3 33 
2 34 8 
31 5 
5 2 
42 29 36 37 38 
33 42 
8 43 
38 7 
21 11 
43 1 6 
11 27 
12 9 
45 23 
6 28 
48 18 
37 44 
7 25 
20 
34 35 
22 
17 32 
25 30 
19 
44 
41 
10 47 
35 14 
18 
27 
13 
36 
28 49 
30 
9 
14 
23 
32 
1 
47 
49 
29 
# clone tree 15 objective: 2.21694
0 48 40 
40 41 22 39 
39 26 15 
15 13 46 
46 10 12 4 
26 21 16 
4 20 45 24 
24 17 3 
16 19 31 
3 33 
2 34 8 
31 5 
5 2 
42 36 37 38 
33 42 
8 43 
38 7 
21 11 
43 1 6 
11 27 
12 9 
45 29 23 
6 28 
48 18 
37 44 
7 25 
20 
34 35 
22 
17 32 
25 30 
19 
44 
41 
10 47 
35 14 
18 
27 
13 
36 
28 49 
30 
9 
14 
23 
32 
1 
47 
49 
29 
# clone tree 16 objective: 2.21694
0 48 40 
40 41 22 39 
39 26 15 
15 13 46 
46 10 12 4 
26 21 16 
4 20 45 24 
24 17 3 
16 19 31 
3 33 
2 34 8 
31 5 
5 2 
42 36 37 38 
33 42 
8 43 
38 29 7 
21 11 
43 1 6 
11 27 
12 9 
45 23 
6 28 
48 18 
37 44 
7 25 
20 
34 35 
22 
17 32 
25 30 
19 
44 
41 
10 47 
35 14 
18 
27 
13 
36 
28 49 
30 
9 
14 
23 
32 
1 
47 
49 
29 
# clone tree 17 objective: 2.21694
0 48 40 
40 41 22 39 
39 26 15 
15 13 46 
46 10 12 4 
26 21 16 
4 20 45 24 
24 17 3 
16 19 31 
3 33 
2 34 8 
31 5 
5 2 
42 36 37 38 
33 29 42 
8 43 
38 7 
21 11 
43 1 6 
11 27 
12 9 
45 23 
6 28 
48 18 
37 44 
7 25 
20 
34 35 
22 
17 32 
25 30 
19 
44 
41 
10 47 
35 14 
18 
27 
13 
36 
28 49 
30 
9 
14 
23 
32 
1 
47 
49 
29 
# clone tree 18 objective: 2.21694
0 48 40 
40 41 22 39 
39 26 15 
15 13 46 
46 10 12 4 
26 21 16 
4 20 45 24 
24 17 3 
16 19 31 
3 33 
2 34 8 
31 29 5 
5 2 
42 36 37 38 
33 42 
8 43 
38 7 
21 11 
43 1 6 
11 27 
12 9 
45 23 
6 28 
48 18 
37 44 
7 25 
20 
34 35 
22 
17 32 
25 30 
19 
44 
41 
10 47 
35 14 
18 
27 
13 
36 
28 49 
30 
9 
14 
23 
32 
1 
47 
49 
29 
# clone tree 19 objective: 2.21694
0 48 40 
40 41 22 39 
39 26 15 
15 13 46 
46 10 12 4 
26 21 16 
4 20 45 24 
24 17 3 
16 19 31 
3 33 
2 34 8 
31 5 
5 2 
42 36 37 38 
33 42 
8 29 43 
38 7 
21 11 
43 1 6 
11 27 
12 9 
45 23 
6 28 
48 18 
37 44 
7 25 
20 
34 35 
22 
17 32 
25 30 
19 
44 
41 
10 47 
35 14 
18 
27 
13 
36 
28 49 
30 
9 
14 
23 
32 
1 
47 
49 
29 
# clone tree 20 objective: 2.21694
0 48 40 
40 41 22 39 
39 26 15 
15 13 46 
46 10 12 4 
26 29 21 16 
4 20 45 24 
24 17 3 
16 19 31 
3 33 
2 34 8 
31 5 
5 2 
42 36 37 38 
33 42 
8 43 
38 7 
21 11 
43 1 6 
11 27 
12 9 
45 23 
6 28 
48 18 
37 44 
7 25 
20 
34 35 
22 
17 32 
25 30 
19 
44 
41 
10 47 
35 14 
18 
27 
13 
36 
28 49 
30 
9 
14 
23 
32 
1 
47 
49 
29 
# clone tree 21 objective: 2.21694
0 48 40 
40 41 22 39 
39 26 15 
15 13 46 
46 10 12 4 
26 21 16 
4 20 45 24 
24 17 3 
16 19 31 
3 33 
2 34 8 
31 5 
5 2 
42 36 37 38 
33 42 
8 43 
38 7 
21 11 
43 1 6 
11 27 
12 9 
45 23 
6 28 
48 18 
37 44 
7 25 
20 
34 35 
22 
17 32 
25 30 
19 
44 
41 
10 47 
35 14 
18 
27 
13 29 
36 
28 
30 49 
9 
14 
23 
32 
1 
47 
49 
29 
# clone tree 22 objective: 2.21694
0 48 40 
40 41 22 39 
39 26 15 
15 13 46 
46 10 12 4 
26 21 16 
4 20 45 24 
24 17 3 
16 19 31 
3 33 
2 34 8 
31 5 
5 2 
42 36 37 38 
33 42 
8 43 
38 7 
21 11 
43 1 6 
11 27 
12 9 
45 23 
6 28 
48 18 
37 44 
7 25 
20 
34 35 
22 
17 32 
25 30 
19 
44 
41 
10 47 
35 14 
18 
27 
13 
36 
28 
30 49 
9 
14 29 
23 
32 
1 
47 
49 
29 
# clone tree 23 objective: 2.21694
0 48 40 
40 41 22 39 
39 26 15 
15 13 46 
46 10 12 4 
26 21 16 
4 20 45 24 
24 17 3 
16 19 31 
3 33 
2 34 8 
31 5 
5 2 
42 36 37 38 
33 42 
8 43 
38 7 
21 29 11 
43 1 6 
11 27 
12 9 
45 23 
6 28 
48 18 
37 44 
7 25 
20 
34 35 
22 
17 32 
25 30 
19 
44 
41 
10 47 
35 14 
18 
27 
13 
36 
28 
30 49 
9 
14 
23 
32 
1 
47 
49 
29 
# clone tree 24 objective: 2.21694
0 48 40 
40 41 22 39 
39 26 15 
15 13 46 
46 10 12 4 
26 21 16 
4 20 45 24 
24 17 3 
16 19 31 
3 33 
2 34 8 
31 5 
5 2 
42 36 37 38 
33 42 
8 43 
38 7 
21 11 
43 1 6 
11 27 
12 9 
45 23 
6 28 
48 18 
37 44 
7 25 
20 
34 35 
22 
17 32 
25 30 
19 
44 
41 
10 47 
35 14 
18 
27 
13 
36 
28 
30 49 
9 
14 
23 
32 
1 29 
47 
49 
29 
# clone tree 25 objective: 2.21694
0 48 40 
40 41 22 39 
39 26 15 
15 13 46 
46 10 12 4 
26 29 21 16 
4 20 45 24 
24 17 3 
16 19 31 
3 33 
2 34 8 
31 5 
5 2 
42 36 37 38 
33 42 
8 43 
38 7 
21 11 
43 1 6 
11 27 
12 9 
45 23 
6 28 
48 18 
37 49 44 
7 25 
20 
34 35 
22 
17 32 
25 30 
19 
44 
41 
10 47 
35 14 
18 
27 
13 
36 
28 
30 
9 
14 
23 
32 
1 
47 
49 
29 
# clone tree 26 objective: 2.21694
0 48 40 
40 41 22 39 
39 26 15 
15 13 46 
46 10 12 4 
26 21 16 
4 20 45 24 
24 17 3 
16 19 31 
3 33 
2 34 8 
31 5 
5 2 
42 36 37 38 
33 42 
8 43 
38 7 
21 11 
43 1 6 
11 27 
12 9 
45 23 
6 28 
48 18 
37 44 
7 25 
20 
34 35 
22 
17 32 
25 30 
19 
44 
41 
10 47 
35 14 
18 
27 
13 
36 
28 
30 29 49 
9 
14 
23 
32 
1 
47 
49 
29 
# clone tree 27 objective: 2.21694
0 48 40 
40 41 22 39 
39 26 15 
15 13 46 
46 10 12 4 
26 21 16 
4 20 45 24 
24 17 3 
16 19 31 
3 33 
2 34 8 
31 29 5 
5 2 
42 36 37 38 
33 42 
8 43 
38 7 
21 11 
43 1 6 
11 27 
12 9 
45 23 
6 28 
48 18 
37 49 44 
7 25 
20 
34 35 
22 
17 32 
25 30 
19 
44 
41 
10 47 
35 14 
18 
27 
13 
36 
28 
30 
9 
14 
23 
32 
1 
47 
49 
29 
# clone tree 28 objective: 2.21694
0 48 40 
40 41 22 39 
39 26 15 
15 13 46 
46 10 12 4 
26 21 16 
4 20 45 24 
24 17 3 
16 19 31 
3 33 
2 34 8 
31 5 
5 2 
42 36 37 38 
33 42 
8 43 
38 7 
21 11 
43 29 1 6 
11 27 
12 9 
45 23 
6 28 
48 18 
37 44 
7 25 
20 
34 35 
22 
17 32 
25 30 
19 
44 
41 
10 47 
35 14 
18 
27 
13 
36 
28 
30 49 
9 
14 
23 
32 
1 
47 
49 
29 
# clone tree 29 objective: 2.21694
0 48 40 
40 41 22 39 
39 26 15 
15 13 46 
46 10 12 4 
26 21 16 
4 20 45 24 
24 17 3 
16 19 31 
3 33 
2 34 8 
31 5 
5 2 
42 36 37 38 
33 42 
8 43 
38 7 
21 11 
43 1 6 
11 27 
12 9 
45 23 
6 28 
48 18 
37 44 
7 25 
20 
34 35 
22 
17 32 
25 30 
19 
44 
41 
10 47 
35 14 
18 29 
27 
13 
36 
28 
30 49 
9 
14 
23 
32 
1 
47 
49 
29 
# clone tree 30 objective: 2.21694
0 48 40 
40 41 22 39 
39 26 15 
15 13 46 
46 10 12 4 
26 21 16 
4 20 45 24 
24 17 3 
16 19 31 
3 33 
2 34 8 
31 5 
5 2 
42 36 37 38 
33 42 
8 43 
38 7 
21 11 
43 1 6 
11 27 
12 9 
45 23 
6 28 
48 18 
37 44 
7 25 
20 
34 35 
22 
17 32 
25 29 30 
19 
44 
41 
10 47 
35 14 
18 
27 
13 
36 
28 
30 49 
9 
14 
23 
32 
1 
47 
49 
29 
# clone tree 31 objective: 2.21694
0 48 40 
40 41 22 39 
39 26 15 
15 13 46 
46 10 12 4 
26 21 16 
4 20 45 24 
24 17 3 
16 19 31 
3 33 
2 34 8 
31 5 
5 2 
42 36 37 38 
33 42 
8 43 
38 7 
21 11 
43 1 6 
11 27 
12 9 
45 23 
6 28 
48 18 
37 44 
7 25 
20 
34 35 
22 
17 32 
25 30 
19 29 
44 
41 
10 47 
35 14 
18 
27 
13 
36 
28 
30 49 
9 
14 
23 
32 
1 
47 
49 
29 
# clone tree 32 objective: 2.21694
0 48 40 
40 41 22 39 
39 26 15 
15 13 46 
46 10 12 4 
26 21 16 
4 20 45 24 
24 17 3 
16 19 31 
3 33 
2 34 8 
31 5 
5 2 
42 36 37 38 
33 42 
8 43 
38 7 
21 11 
43 1 6 
11 27 
12 9 
45 23 
6 28 
48 18 
37 44 
7 25 
20 29 
34 35 
22 
17 32 
25 30 
19 
44 
41 
10 47 
35 14 
18 
27 
13 
36 
28 
30 49 
9 
14 
23 
32 
1 
47 
49 
29 
# clone tree 33 objective: 2.21694
0 48 40 
40 41 22 39 
39 26 15 
15 13 46 
46 10 12 4 
26 21 16 
4 20 45 24 
24 17 3 
16 19 31 
3 33 
2 34 8 
31 5 
5 2 
42 36 37 38 
33 42 
8 43 
38 7 
21 11 
43 1 6 
11 27 
12 9 
45 23 
6 28 
48 18 
37 44 
7 25 
20 
34 35 
22 
17 32 
25 30 
19 
44 
41 
10 47 
35 14 
18 
27 
13 
36 29 
28 
30 49 
9 
14 
23 
32 
1 
47 
49 
29 
# clone tree 34 objective: 2.21694
0 48 40 
40 41 22 39 
39 26 15 
15 13 46 
46 10 12 4 
26 21 16 
4 20 45 24 
24 17 3 
16 19 31 
3 33 
2 34 8 
31 5 
5 2 
42 29 36 37 38 
33 42 
8 43 
38 7 
21 11 
43 1 6 
11 27 
12 9 
45 23 
6 28 
48 18 
37 44 
7 25 
20 
34 35 
22 
17 32 
25 30 
19 
44 
41 
10 47 
35 14 
18 
27 
13 
36 
28 
30 49 
9 
14 
23 
32 
1 
47 
49 
29 
# clone tree 35 objective: 2.21694
0 48 40 
40 41 22 39 
39 26 15 
15 13 46 
46 10 12 4 
26 21 16 
4 20 45 24 
24 17 3 
16 19 31 
3 33 
2 34 8 
31 5 
5 2 
42 36 37 38 
33 42 
8 43 
38 29 7 
21 11 
43 1 6 
11 27 
12 9 
45 23 
6 28 
48 18 
37 44 
7 25 
20 
34 35 
22 
17 32 
25 30 
19 
44 
41 
10 47 
35 14 
18 
27 
13 
36 
28 
30 49 
9 
14 
23 
32 
1 
47 
49 
29 
# clone tree 36 objective: 2.21694
0 48 40 
40 41 22 39 
39 26 15 
15 13 46 
46 10 12 4 
26 21 16 
4 20 45 24 
24 17 3 
16 19 31 
3 33 
2 34 8 
31 5 
5 2 
42 36 37 38 
33 42 
8 43 
38 7 
21 11 
43 1 6 
11 27 
12 9 
45 29 23 
6 28 
48 18 
37 44 
7 25 
20 
34 35 
22 
17 32 
25 30 
19 
44 
41 
10 47 
35 14 
18 
27 
13 
36 
28 
30 49 
9 
14 
23 
32 
1 
47 
49 
29 
# clone tree 37 objective: 2.21694
0 48 40 
40 41 22 39 
39 26 15 
15 13 46 
46 10 12 4 
26 21 16 
4 20 45 24 
24 17 3 
16 19 31 
3 33 
2 34 8 
31 5 
5 2 
42 36 37 38 
33 42 
8 29 43 
38 7 
21 11 
43 1 6 
11 27 
12 9 
45 23 
6 28 
48 18 
37 49 44 
7 25 
20 
34 35 
22 
17 32 
25 30 
19 
44 
41 
10 47 
35 14 
18 
27 
13 
36 
28 
30 
9 
14 
23 
32 
1 
47 
49 
29 
# clone tree 38 objective: 2.21694
0 48 40 
40 41 22 39 
39 26 15 
15 13 46 
46 10 12 4 
26 21 16 
4 20 45 24 
24 17 3 
16 19 31 
3 33 
2 34 8 
31 5 
5 2 
42 36 37 38 
33 29 42 
8 43 
38 7 
21 11 
43 1 6 
11 27 
12 9 
45 23 
6 28 
48 18 
37 44 
7 25 
20 
34 35 
22 
17 32 
25 30 
19 
44 
41 
10 47 
35 14 
18 
27 
13 
36 
28 
30 49 
9 
14 
23 
32 
1 
47 
49 
29 
# clone tree 39 objective: 2.21694
0 48 40 
40 41 22 39 
39 26 15 
15 13 46 
46 10 12 4 
26 21 16 
4 20 45 24 
24 17 3 
16 29 19 31 
3 33 
2 34 8 
31 5 
5 2 
42 36 37 38 
33 42 
8 43 
38 7 
21 11 
43 1 6 
11 27 
12 9 
45 23 
6 28 
48 18 
37 44 
7 25 
20 
34 35 
22 
17 32 
25 30 
19 
44 
41 
10 47 
35 14 
18 
27 
13 
36 
28 
30 49 
9 
14 
23 
32 
1 
47 
49 
29 
# clone tree 40 objective: 2.21694
0 48 40 
40 41 22 39 
39 26 15 
15 13 46 
46 10 12 4 
26 21 16 
4 20 45 24 
24 17 3 
16 19 31 
3 33 
2 34 8 
31 5 
5 2 
42 36 37 38 
33 42 
8 29 43 
38 7 
21 11 
43 1 6 
11 27 
12 9 
45 23 
6 28 
48 18 
37 44 
7 25 
20 
34 35 
22 
17 32 
25 30 
19 
44 
41 
10 47 
35 14 
18 
27 
13 
36 
28 
30 49 
9 
14 
23 
32 
1 
47 
49 
29 
# clone tree 41 objective: 2.21694
0 48 40 
40 41 22 39 
39 26 15 
15 13 46 
46 10 12 4 
26 21 16 
4 20 45 24 
24 17 3 
16 19 31 
3 33 
2 34 8 
31 29 5 
5 2 
42 36 37 38 
33 42 
8 43 
38 7 
21 11 
43 1 6 
11 27 
12 9 
45 23 
6 28 
48 18 
37 44 
7 25 
20 
34 35 
22 
17 32 
25 30 
19 
44 
41 
10 47 
35 14 
18 
27 
13 
36 
28 
30 49 
9 
14 
23 
32 
1 
47 
49 
29 
# clone tree 42 objective: 2.21694
0 48 40 
40 41 22 39 
39 26 15 
15 13 46 
46 10 12 4 
26 29 21 16 
4 20 45 24 
24 17 3 
16 19 31 
3 33 
2 34 8 
31 5 
5 2 
42 36 37 38 
33 42 
8 43 
38 7 
21 11 
43 1 6 
11 27 
12 9 
45 23 
6 28 
48 18 
37 44 
7 25 
20 
34 35 
22 
17 32 
25 30 
19 
44 
41 
10 47 
35 14 
18 
27 
13 
36 
28 
30 49 
9 
14 
23 
32 
1 
47 
49 
29 
# clone tree 43 objective: 2.21694
0 48 40 
40 41 22 39 
39 26 15 
15 13 46 
46 10 12 4 
26 21 16 
4 20 45 24 
24 17 3 
16 19 31 
3 33 
2 34 8 
31 5 
5 2 
42 36 37 38 
33 42 
8 43 
38 7 
21 11 
43 1 6 
11 27 
12 9 
45 23 
6 28 
48 18 
37 44 
7 25 
20 
34 35 
22 
17 32 
25 30 
19 
44 49 
41 
10 47 
35 14 
18 
27 
13 29 
36 
28 
30 
9 
14 
23 
32 
1 
47 
49 
29 
# clone tree 44 objective: 2.21694
0 48 40 
40 41 22 39 
39 26 15 
15 13 46 
46 10 12 4 
26 21 16 
4 20 45 24 
24 17 3 
16 19 31 
3 33 
2 34 8 
31 5 
5 2 
42 36 37 38 
33 42 
8 43 
38 7 
21 11 
43 1 6 
11 27 
12 9 
45 23 
6 28 
48 18 
37 44 
7 25 
20 
34 35 
22 
17 32 
25 30 
19 
44 49 
41 
10 47 
35 14 
18 
27 
13 
36 
28 
30 
9 
14 29 
23 
32 
1 
47 
49 
29 
# clone tree 45 objective: 2.21694
0 48 40 
40 41 22 39 
39 26 15 
15 13 46 
46 10 12 4 
26 21 16 
4 20 45 24 
24 17 3 
16 19 31 
3 33 
2 34 8 
31 5 
5 2 
42 36 37 38 
33 42 
8 43 
38 7 
21 11 
43 1 6 
11 27 
12 9 
45 23 
6 28 
48 18 
37 44 
7 25 
20 
34 35 
22 
17 32 
25 30 
19 
44 49 
41 
10 47 
35 14 
18 
27 
13 
36 
28 
30 
9 
14 
23 
32 
1 29 
47 
49 
29 
# clone tree 46 objective: 2.21694
0 48 40 
40 41 22 39 
39 26 15 
15 13 46 
46 10 12 4 
26 21 16 
4 20 45 24 
24 17 3 
16 19 31 
3 33 
2 34 8 
31 5 
5 2 
42 36 37 38 
33 42 
8 43 
38 7 
21 11 
43 29 1 6 
11 27 
12 9 
45 23 
6 28 
48 18 
37 44 
7 25 
20 
34 35 
22 
17 32 
25 30 
19 
44 49 
41 
10 47 
35 14 
18 
27 
13 
36 
28 
30 
9 
14 
23 
32 
1 
47 
49 
29 
# clone tree 47 objective: 2.21694
0 48 40 
40 41 22 39 
39 26 15 
15 13 46 
46 10 12 4 
26 21 16 
4 20 45 24 
24 17 3 
16 19 31 
3 33 
2 34 8 
31 5 
5 2 
42 36 37 38 
33 42 
8 43 
38 7 
21 11 
43 1 6 
11 27 
12 9 
45 29 23 
6 28 
48 18 
37 49 44 
7 25 
20 
34 35 
22 
17 32 
25 30 
19 
44 
41 
10 47 
35 14 
18 
27 
13 
36 
28 
30 
9 
14 
23 
32 
1 
47 
49 
29 
# clone tree 48 objective: 2.21694
0 48 40 
40 41 22 39 
39 26 15 
15 13 46 
46 10 12 4 
26 21 16 
4 20 45 24 
24 17 3 
16 19 31 
3 33 
2 34 8 
31 5 
5 2 
42 36 37 38 
33 42 
8 43 
38 7 
21 29 11 
43 1 6 
11 27 
12 9 
45 23 
6 28 
48 18 
37 44 
7 25 
20 
34 35 
22 
17 32 
25 30 
19 
44 49 
41 
10 47 
35 14 
18 
27 
13 
36 
28 
30 
9 
14 
23 
32 
1 
47 
49 
29 
# clone tree 49 objective: 2.21694
0 48 40 
40 41 22 39 
39 26 15 
15 13 46 
46 10 12 4 
26 21 16 
4 20 45 24 
24 17 3 
16 19 31 
3 33 
2 34 8 
31 5 
5 2 
42 36 37 38 
33 42 
8 43 
38 7 
21 11 
43 1 6 
11 27 
12 9 
45 23 
6 28 
48 18 
37 44 
7 25 
20 
34 35 
22 
17 32 
25 30 
19 
44 49 
41 
10 47 
35 14 
18 29 
27 
13 
36 
28 
30 
9 
14 
23 
32 
1 
47 
49 
29 
