# clone tree 0 objective: 2.15031
0 48 40 
40 41 22 39 
39 42 16 15 
15 46 
46 47 26 
26 18 10 4 
4 20 45 24 
24 3 
16 13 12 8 
3 31 
2 23 25 37 21 
31 29 5 
5 2 
42 33 
33 36 38 
8 19 43 
38 7 
21 11 
43 6 
11 27 
12 17 
45 
6 28 
48 9 
37 44 
7 34 
20 1 
34 35 
22 
17 32 
25 30 
19 
44 49 
41 
10 
35 14 
18 
27 
13 
36 
28 
30 
9 
14 
23 
32 
1 
47 
49 
29 
# clone tree 1 objective: 2.15031
0 48 40 
40 32 41 22 39 
39 42 16 15 
15 46 
46 47 26 
26 18 10 4 
4 20 45 24 
24 3 
16 13 12 8 
3 29 31 
2 23 25 37 21 
31 1 5 
5 2 
42 33 
33 36 38 
8 19 43 
38 7 
21 11 
43 6 
11 27 
12 17 
45 
6 28 
48 9 
37 44 
7 34 
20 
34 49 35 
22 
17 
25 30 
19 
44 
41 
10 
35 14 
18 
27 
13 
36 
28 
30 
9 
14 
23 
32 
1 
47 
49 
29 
# clone tree 2 objective: 2.15031
0 48 40 
40 32 41 22 39 
39 42 16 15 
15 46 
46 26 
26 18 10 4 
4 20 45 24 
24 3 
16 13 12 8 
3 31 
2 23 25 37 21 
31 1 5 
5 2 
42 33 
33 36 38 
8 19 43 
38 7 
21 11 
43 6 
11 27 
12 17 
45 
6 28 
48 9 
37 44 
7 34 
20 
34 35 
22 
17 
25 30 
19 
44 
41 
10 47 
35 14 
18 49 
27 
13 
36 
28 
30 
9 
14 
23 
32 
1 29 
47 
49 
29 
# clone tree 3 objective: 2.15031
0 48 40 
40 41 22 39 
39 42 16 15 
15 46 
46 26 
26 18 10 4 
4 20 45 24 
24 3 
16 13 12 8 
3 31 
2 23 25 37 21 
31 1 5 
5 2 
42 33 
33 36 38 
8 19 43 
38 7 
21 11 
43 6 
11 27 
12 17 
45 
6 28 
48 9 
37 44 
7 34 
20 
34 35 
22 
17 32 
25 30 
19 
44 
41 
10 47 
35 14 
18 49 
27 
13 
36 
28 
30 29 
9 
14 
23 
32 
1 
47 
49 
29 
# clone tree 4 objective: 2.15031
0 48 40 
40 32 41 22 39 
39 42 16 15 
15 46 
46 26 
26 18 10 4 
4 20 45 24 
24 3 
16 13 12 8 
3 31 
2 23 25 37 21 
31 1 5 
5 2 
42 33 
33 36 38 
8 19 43 
38 7 
21 11 
43 6 
11 27 
12 17 
45 
6 28 
48 9 
37 44 
7 34 
20 
34 35 
22 
17 
25 30 
19 
44 
41 
10 47 
35 14 
18 49 
27 
13 
36 
28 
30 29 
9 
14 
23 
32 
1 
47 
49 
29 
# clone tree 5 objective: 2.15031
0 48 40 
40 41 22 39 
39 42 16 15 
15 29 46 
46 26 
26 18 10 4 
4 20 45 24 
24 3 
16 13 12 8 
3 31 
2 23 25 37 21 
31 1 5 
5 2 
42 47 33 
33 36 38 
8 19 43 
38 7 
21 11 
43 6 
11 27 
12 17 
45 
6 28 
48 9 
37 44 
7 34 
20 
34 35 
22 
17 32 
25 30 
19 
44 
41 
10 
35 14 
18 49 
27 
13 
36 
28 
30 
9 
14 
23 
32 
1 
47 
49 
29 
# clone tree 6 objective: 2.15031
0 48 40 
40 41 22 39 
39 42 16 15 
15 46 
46 47 26 
26 29 18 10 4 
4 20 45 24 
24 3 
16 13 12 8 
3 31 
2 23 25 37 21 
31 5 
5 2 
42 33 
33 36 38 
8 19 43 
38 7 
21 11 
43 6 
11 27 
12 17 
45 
6 28 
48 9 
37 44 
7 34 
20 1 
34 35 
22 
17 32 
25 30 
19 
44 49 
41 
10 
35 14 
18 
27 
13 
36 
28 
30 
9 
14 
23 
32 
1 
47 
49 
29 
# clone tree 7 objective: 2.15031
0 48 40 
40 41 22 39 
39 42 16 15 
15 46 
46 26 
26 18 10 4 
4 20 45 24 
24 3 
16 13 12 8 
3 31 
2 23 25 37 21 
31 1 5 
5 2 
42 33 
33 36 38 
8 19 43 
38 7 
21 11 
43 6 
11 27 
12 17 
45 
6 28 
48 9 
37 44 
7 34 
20 
34 35 
22 
17 32 
25 30 
19 29 
44 
41 
10 47 
35 14 
18 49 
27 
13 
36 
28 
30 
9 
14 
23 
32 
1 
47 
49 
29 
# clone tree 8 objective: 2.15031
0 48 40 
40 41 22 39 
39 42 16 15 
15 46 
46 47 26 
26 18 10 4 
4 20 45 24 
24 3 
16 13 12 8 
3 31 
2 23 25 37 21 
31 5 
5 2 
42 33 
33 29 36 38 
8 19 43 
38 7 
21 11 
43 6 
11 27 
12 17 
45 
6 28 
48 9 
37 44 
7 34 
20 1 
34 35 
22 
17 32 
25 30 
19 
44 49 
41 
10 
35 14 
18 
27 
13 
36 
28 
30 
9 
14 
23 
32 
1 
47 
49 
29 
# clone tree 9 objective: 2.15031
0 48 40 
40 41 22 39 
39 42 16 15 
15 46 
46 26 
26 18 10 4 
4 20 45 24 
24 3 
16 13 12 8 
3 29 31 
2 23 25 37 21 
31 1 5 
5 2 
42 47 33 
33 36 38 
8 19 43 
38 7 
21 11 
43 6 
11 27 
12 17 
45 
6 28 
48 9 
37 44 
7 34 
20 
34 35 
22 
17 32 
25 30 
19 
44 
41 
10 
35 14 
18 49 
27 
13 
36 
28 
30 
9 
14 
23 
32 
1 
47 
49 
29 
# clone tree 10 objective: 2.15031
0 48 40 
40 41 22 39 
39 42 16 15 
15 46 
46 47 26 
26 18 10 4 
4 20 45 24 
24 3 
16 32 13 12 8 
3 31 
2 23 25 37 21 
31 1 5 
5 2 
42 33 
33 49 36 38 
8 19 43 
38 7 
21 11 
43 6 
11 27 
12 17 
45 
6 28 
48 9 
37 44 
7 34 
20 
34 35 
22 
17 
25 30 
19 
44 
41 
10 
35 14 
18 
27 
13 
36 
28 
30 
9 
14 29 
23 
32 
1 
47 
49 
29 
# clone tree 11 objective: 2.15031
0 48 40 
40 41 22 39 
39 42 16 15 
15 46 
46 26 
26 18 10 4 
4 20 45 24 
24 3 
16 13 12 8 
3 31 
2 23 25 37 21 
31 1 5 
5 2 
42 33 
33 36 38 
8 19 43 
38 7 
21 11 
43 6 
11 27 
12 17 
45 29 
6 28 
48 9 
37 44 
7 34 
20 
34 35 
22 
17 32 
25 30 
19 
44 
41 
10 47 
35 14 
18 49 
27 
13 
36 
28 
30 
9 
14 
23 
32 
1 
47 
49 
29 
# clone tree 12 objective: 2.15031
0 48 40 
40 41 22 39 
39 42 16 15 
15 46 
46 47 26 
26 18 10 4 
4 20 45 24 
24 3 
16 13 12 8 
3 31 
2 23 25 37 21 
31 5 
5 2 
42 33 
33 36 38 
8 19 43 
38 7 
21 11 
43 29 6 
11 27 
12 17 
45 
6 28 
48 9 
37 44 
7 34 
20 1 
34 35 
22 
17 32 
25 30 
19 
44 49 
41 
10 
35 14 
18 
27 
13 
36 
28 
30 
9 
14 
23 
32 
1 
47 
49 
29 
# clone tree 13 objective: 2.15031
0 48 40 
40 41 22 39 
39 42 16 15 
15 46 
46 26 
26 18 10 4 
4 20 45 24 
24 3 
16 13 12 8 
3 31 
2 23 25 37 21 
31 1 5 
5 2 
42 33 
33 36 38 
8 19 43 
38 7 
21 29 11 
43 6 
11 27 
12 17 
45 
6 28 
48 9 
37 44 
7 34 
20 
34 35 
22 
17 32 
25 30 
19 
44 
41 
10 47 
35 14 
18 49 
27 
13 
36 
28 
30 
9 
14 
23 
32 
1 
47 
49 
29 
# clone tree 14 objective: 2.15031
0 48 40 
40 41 22 39 
39 42 16 15 
15 46 
46 47 26 
26 18 10 4 
4 20 45 24 
24 3 
16 32 13 12 8 
3 31 
2 23 25 37 21 
31 1 5 
5 2 
42 33 
33 29 49 36 38 
8 19 43 
38 7 
21 11 
43 6 
11 27 
12 17 
45 
6 28 
48 9 
37 44 
7 34 
20 
34 35 
22 
17 
25 30 
19 
44 
41 
10 
35 14 
18 
27 
13 
36 
28 
30 
9 
14 
23 
32 
1 
47 
49 
29 
# clone tree 15 objective: 2.15031
0 48 40 
40 41 22 39 
39 42 16 15 
15 46 
46 26 
26 18 10 4 
4 20 45 24 
24 3 
16 13 12 8 
3 31 
2 23 25 37 21 
31 1 5 
5 2 
42 33 
33 36 38 
8 19 43 
38 7 
21 11 
43 29 6 
11 27 
12 17 
45 
6 28 
48 9 
37 44 
7 34 
20 
34 35 
22 
17 32 
25 30 
19 
44 
41 
10 47 
35 14 
18 49 
27 
13 
36 
28 
30 
9 
14 
23 
32 
1 
47 
49 
29 
# clone tree 16 objective: 2.15031
0 48 40 
40 41 22 39 
39 42 16 15 
15 46 
46 47 26 
26 18 10 4 
4 20 45 24 
24 3 
16 13 12 8 
3 31 
2 23 25 37 21 
31 5 
5 2 
42 33 
33 36 38 
8 19 43 
38 7 
21 11 
43 6 
11 27 
12 17 
45 29 
6 28 
48 9 
37 44 
7 34 
20 1 
34 35 
22 
17 32 
25 30 
19 
44 49 
41 
10 
35 14 
18 
27 
13 
36 
28 
30 
9 
14 
23 
32 
1 
47 
49 
29 
# clone tree 17 objective: 2.15031
0 48 40 
40 32 41 22 39 
39 42 16 15 
15 46 
46 26 
26 18 10 4 
4 20 45 24 
24 3 
16 13 12 8 
3 31 
2 23 25 37 21 
31 5 
5 2 
42 33 
33 36 38 
8 19 43 
38 7 
21 11 
43 6 
11 27 
12 17 
45 
6 28 
48 9 
37 44 
7 34 
20 1 
34 49 35 
22 
17 
25 30 
19 
44 
41 
10 47 
35 14 
18 
27 
13 
36 
28 
30 29 
9 
14 
23 
32 
1 
47 
49 
29 
# clone tree 18 objective: 2.15031
0 48 40 
40 32 41 22 39 
39 42 16 15 
15 46 
46 47 26 
26 18 10 4 
4 20 45 24 
24 3 
16 13 12 8 
3 31 
2 23 25 37 21 
31 5 
5 2 
42 33 
33 36 38 
8 19 43 
38 7 
21 11 
43 6 
11 27 
12 17 
45 29 
6 28 
48 49 9 
37 44 
7 34 
20 1 
34 35 
22 
17 
25 30 
19 
44 
41 
10 
35 14 
18 
27 
13 
36 
28 
30 
9 
14 
23 
32 
1 
47 
49 
29 
# clone tree 19 objective: 2.15031
0 48 40 
40 41 22 39 
39 42 16 15 
15 46 
46 26 
26 18 10 4 
4 20 45 24 
24 3 
16 13 12 8 
3 31 
2 23 25 37 21 
31 1 5 
5 2 
42 33 
33 36 38 
8 19 43 
38 7 
21 11 
43 6 
11 27 
12 17 
45 
6 28 
48 29 9 
37 44 
7 34 
20 
34 35 
22 
17 32 
25 30 
19 
44 
41 
10 47 
35 14 
18 49 
27 
13 
36 
28 
30 
9 
14 
23 
32 
1 
47 
49 
29 
# clone tree 20 objective: 2.15031
0 48 40 
40 41 22 39 
39 42 16 15 
15 46 
46 47 26 
26 18 10 4 
4 20 45 24 
24 3 
16 13 12 8 
3 31 
2 23 25 37 21 
31 5 
5 2 
42 33 
33 36 38 
8 19 43 
38 7 
21 11 
43 6 
11 27 
12 17 
45 
6 28 
48 9 
37 44 
7 34 
20 1 
34 35 
22 
17 32 
25 30 
19 
44 49 
41 
10 
35 14 
18 
27 
13 
36 
28 
30 
9 
14 29 
23 
32 
1 
47 
49 
29 
# clone tree 21 objective: 2.15031
0 48 40 
40 41 22 39 
39 42 16 15 
15 46 
46 26 
26 18 10 4 
4 20 45 24 
24 3 
16 13 12 8 
3 31 
2 23 25 37 21 
31 1 5 
5 2 
42 33 
33 36 38 
8 19 43 
38 7 
21 11 
43 6 
11 27 
12 17 
45 
6 28 
48 9 
37 44 
7 34 
20 29 
34 35 
22 
17 32 
25 30 
19 
44 
41 
10 47 
35 14 
18 49 
27 
13 
36 
28 
30 
9 
14 
23 
32 
1 
47 
49 
29 
# clone tree 22 objective: 2.15031
0 48 40 
40 32 41 22 39 
39 42 16 15 
15 46 
46 26 
26 18 10 4 
4 20 45 24 
24 3 
16 13 12 8 
3 31 
2 23 25 37 21 
31 1 5 
5 2 
42 33 
33 36 38 
8 19 43 
38 7 
21 11 
43 6 
11 27 
12 17 
45 
6 28 
48 9 
37 44 
7 34 
20 
34 35 
22 
17 
25 30 
19 
44 
41 
10 47 
35 14 
18 29 49 
27 
13 
36 
28 
30 
9 
14 
23 
32 
1 
47 
49 
29 
# clone tree 23 objective: 2.15031
0 48 40 
40 41 22 39 
39 42 16 15 
15 46 
46 26 
26 18 10 4 
4 20 45 24 
24 3 
16 13 12 8 
3 31 
2 23 25 37 21 
31 1 5 
5 2 
42 33 
33 36 38 
8 19 43 
38 7 
21 11 
43 6 
11 27 
12 17 
45 
6 28 
48 9 
37 44 
7 34 
20 
34 35 
22 
17 32 
25 30 
19 
44 
41 
10 47 
35 14 
18 49 
27 
13 
36 29 
28 
30 
9 
14 
23 
32 
1 
47 
49 
29 
# clone tree 24 objective: 2.15031
0 48 40 
40 32 41 22 39 
39 42 16 15 
15 46 
46 47 26 
26 18 10 4 
4 20 45 24 
24 3 
16 13 12 8 
3 31 
2 23 25 37 21 
31 5 
5 2 
42 33 
33 36 38 
8 19 43 
38 7 
21 11 
43 6 
11 27 
12 17 
45 
6 28 
48 29 9 
37 44 
7 34 
20 1 
34 35 
22 
17 
25 30 
19 
44 49 
41 
10 
35 14 
18 
27 
13 
36 
28 
30 
9 
14 
23 
32 
1 
47 
49 
29 
# clone tree 25 objective: 2.15031
0 48 40 
40 41 22 39 
39 42 16 15 
15 46 
46 26 
26 18 10 4 
4 20 45 24 
24 3 
16 13 12 8 
3 29 31 
2 23 25 37 21 
31 5 
5 2 
42 33 
33 36 38 
8 19 43 
38 7 
21 11 
43 6 
11 27 
12 17 
45 
6 28 
48 49 9 
37 44 
7 34 
20 1 
34 35 
22 
17 32 
25 30 
19 
44 
41 
10 47 
35 14 
18 
27 
13 
36 
28 
30 
9 
14 
23 
32 
1 
47 
49 
29 
# clone tree 26 objective: 2.15031
0 48 40 
40 41 22 39 
39 42 16 15 
15 46 
46 47 26 
26 18 10 4 
4 20 45 24 
24 3 
16 13 12 8 
3 31 
2 23 25 37 21 
31 5 
5 2 
42 33 
33 49 36 38 
8 19 43 
38 7 
21 11 
43 6 
11 27 
12 17 
45 
6 28 
48 9 
37 44 
7 34 
20 1 
34 35 
22 
17 32 
25 30 
19 
44 
41 
10 
35 14 
18 29 
27 
13 
36 
28 
30 
9 
14 
23 
32 
1 
47 
49 
29 
# clone tree 27 objective: 2.15031
0 48 40 
40 32 41 22 39 
39 42 16 15 
15 46 
46 47 26 
26 18 10 4 
4 20 45 24 
24 3 
16 13 12 8 
3 31 
2 23 25 37 21 
31 1 5 
5 2 
42 33 
33 36 38 
8 19 43 
38 7 
21 11 
43 6 
11 27 
12 17 
45 
6 28 
48 9 
37 44 
7 34 
20 
34 35 
22 
17 
25 30 
19 29 
44 
41 
10 
35 14 
18 
27 
13 
36 
28 
30 49 
9 
14 
23 
32 
1 
47 
49 
29 
# clone tree 28 objective: 2.15031
0 48 40 
40 41 22 39 
39 42 16 15 
15 29 46 
46 47 26 
26 18 10 4 
4 20 45 24 
24 3 
16 13 12 8 
3 31 
2 23 25 37 21 
31 1 5 
5 2 
42 33 
33 36 38 
8 19 43 
38 7 
21 11 
43 6 
11 27 
12 17 
45 
6 28 
48 9 
37 49 44 
7 34 
20 
34 35 
22 
17 32 
25 30 
19 
44 
41 
10 
35 14 
18 
27 
13 
36 
28 
30 
9 
14 
23 
32 
1 
47 
49 
29 
# clone tree 29 objective: 2.15031
0 48 40 
40 41 22 39 
39 42 16 15 
15 46 
46 26 
26 29 18 10 4 
4 20 45 24 
24 3 
16 13 12 8 
3 31 
2 23 25 37 21 
31 5 
5 2 
42 33 
33 36 38 
8 19 43 
38 7 
21 11 
43 6 
11 27 
12 17 
45 
6 28 
48 9 
37 44 
7 34 
20 1 
34 35 
22 
17 32 
25 30 
19 
44 
41 
10 47 
35 14 
18 
27 
13 
36 
28 49 
30 
9 
14 
23 
32 
1 
47 
49 
29 
# clone tree 30 objective: 2.15031
0 48 40 
40 32 41 22 39 
39 42 16 15 
15 46 
46 47 26 
26 29 18 10 4 
4 20 45 24 
24 3 
16 13 12 8 
3 31 
2 23 25 37 21 
31 5 
5 2 
42 33 
33 36 38 
8 19 43 
38 7 
21 11 
43 6 
11 27 
12 17 
45 
6 28 
48 9 
37 49 44 
7 34 
20 1 
34 35 
22 
17 
25 30 
19 
44 
41 
10 
35 14 
18 
27 
13 
36 
28 
30 
9 
14 
23 
32 
1 
47 
49 
29 
# clone tree 31 objective: 2.15031
0 48 40 
40 41 22 39 
39 42 16 15 
15 46 
46 26 
26 18 10 4 
4 20 45 24 
24 3 
16 13 12 8 
3 31 
2 23 25 37 21 
31 1 5 
5 2 
42 33 
33 36 38 
8 19 43 
38 7 
21 11 
43 6 
11 27 
12 17 
45 
6 28 
48 9 
37 44 
7 34 
20 29 
34 49 35 
22 
17 32 
25 30 
19 
44 
41 
10 47 
35 14 
18 
27 
13 
36 
28 
30 
9 
14 
23 
32 
1 
47 
49 
29 
# clone tree 32 objective: 2.15031
0 48 40 
40 41 22 39 
39 42 16 15 
15 46 
46 47 26 
26 18 10 4 
4 20 45 24 
24 3 
16 13 12 8 
3 31 
2 23 25 37 21 
31 5 
5 2 
42 33 
33 36 38 
8 19 43 
38 7 
21 11 
43 6 
11 27 
12 17 
45 29 
6 28 
48 9 
37 49 44 
7 34 
20 1 
34 35 
22 
17 32 
25 30 
19 
44 
41 
10 
35 14 
18 
27 
13 
36 
28 
30 
9 
14 
23 
32 
1 
47 
49 
29 
# clone tree 33 objective: 2.15031
0 48 40 
40 41 22 39 
39 42 16 15 
15 46 
46 47 26 
26 29 18 10 4 
4 20 45 24 
24 3 
16 13 12 8 
3 31 
2 23 25 37 21 
31 5 
5 2 
42 33 
33 36 38 
8 19 43 
38 7 
21 11 
43 6 
11 27 
12 17 
45 
6 28 
48 9 
37 44 
7 34 
20 1 
34 35 
22 
17 32 
25 30 
19 
44 
41 
10 
35 14 
18 
27 
13 
36 
28 
30 49 
9 
14 
23 
32 
1 
47 
49 
29 
# clone tree 34 objective: 2.15031
0 48 40 
40 41 22 39 
39 42 16 15 
15 29 46 
46 47 26 
26 18 10 4 
4 20 45 24 
24 3 
16 32 13 12 8 
3 31 
2 23 25 37 21 
31 1 5 
5 2 
42 33 
33 36 38 
8 19 43 
38 7 
21 11 
43 6 
11 27 
12 17 
45 
6 28 
48 49 9 
37 44 
7 34 
20 
34 35 
22 
17 
25 30 
19 
44 
41 
10 
35 14 
18 
27 
13 
36 
28 
30 
9 
14 
23 
32 
1 
47 
49 
29 
# clone tree 35 objective: 2.15031
0 48 40 
40 41 22 39 
39 42 16 15 
15 46 
46 47 26 
26 18 10 4 
4 29 20 45 24 
24 3 
16 32 13 12 8 
3 31 
2 23 25 37 21 
31 1 5 
5 2 
42 33 
33 36 38 
8 19 43 
38 7 
21 11 
43 6 
11 27 
12 17 
45 
6 28 
48 9 
37 44 
7 34 
20 
34 35 
22 
17 
25 30 
19 
44 
41 
10 
35 14 
18 
27 
13 
36 
28 49 
30 
9 
14 
23 
32 
1 
47 
49 
29 
# clone tree 36 objective: 2.15031
0 48 40 
40 41 22 39 
39 42 16 15 
15 46 
46 47 26 
26 18 10 4 
4 20 45 24 
24 3 
16 13 12 8 
3 31 
2 23 25 37 21 
31 5 
5 2 
42 33 
33 36 38 
8 19 43 
38 7 
21 11 
43 29 6 
11 27 
12 17 
45 
6 28 
48 49 9 
37 44 
7 34 
20 1 
34 35 
22 
17 32 
25 30 
19 
44 
41 
10 
35 14 
18 
27 
13 
36 
28 
30 
9 
14 
23 
32 
1 
47 
49 
29 
# clone tree 37 objective: 2.15031
0 48 40 
40 41 22 39 
39 42 16 15 
15 46 
46 26 
26 18 10 4 
4 20 45 24 
24 3 
16 13 12 8 
3 31 
2 23 25 37 21 
31 1 5 
5 2 
42 33 
33 36 38 
8 19 43 
38 7 
21 11 
43 6 
11 27 
12 17 
45 
6 28 
48 9 
37 44 
7 34 
20 
34 35 
22 
17 32 
25 30 
19 
44 
41 
10 47 
35 14 
18 
27 
13 
36 29 
28 49 
30 
9 
14 
23 
32 
1 
47 
49 
29 
# clone tree 38 objective: 2.15031
0 48 40 
40 41 22 39 
39 42 16 15 
15 46 
46 26 
26 18 10 4 
4 20 45 24 
24 3 
16 13 12 8 
3 31 
2 23 25 37 21 
31 1 5 
5 2 
42 33 
33 36 38 
8 19 43 
38 7 
21 11 
43 6 
11 27 
12 17 
45 
6 28 
48 9 
37 44 
7 34 
20 
34 49 35 
22 
17 32 
25 30 
19 
44 
41 
10 47 
35 14 
18 
27 
13 
36 
28 
30 
9 
14 29 
23 
32 
1 
47 
49 
29 
# clone tree 39 objective: 2.15031
0 48 40 
40 41 22 39 
39 42 16 15 
15 46 
46 26 
26 18 10 4 
4 20 45 24 
24 3 
16 13 12 8 
3 31 
2 23 25 37 21 
31 5 
5 2 
42 33 
33 36 38 
8 19 43 
38 7 
21 11 
43 29 6 
11 27 
12 17 
45 
6 28 
48 9 
37 44 
7 34 
20 1 
34 49 35 
22 
17 32 
25 30 
19 
44 
41 
10 47 
35 14 
18 
27 
13 
36 
28 
30 
9 
14 
23 
32 
1 
47 
49 
29 
# clone tree 40 objective: 2.15031
0 48 40 
40 32 41 22 39 
39 42 16 15 
15 46 
46 26 
26 18 10 4 
4 20 45 24 
24 3 
16 13 12 8 
3 31 
2 23 25 37 21 
31 1 5 
5 2 
42 47 33 
33 36 38 
8 19 43 
38 7 
21 11 
43 6 
11 27 
12 17 
45 
6 28 
48 9 
37 44 
7 34 
20 
34 35 
22 
17 
25 30 
19 
44 
41 
10 
35 14 
18 49 
27 
13 29 
36 
28 
30 
9 
14 
23 
32 
1 
47 
49 
29 
# clone tree 41 objective: 2.15031
0 48 40 
40 41 22 39 
39 42 16 15 
15 46 
46 26 
26 18 10 4 
4 20 45 24 
24 3 
16 32 13 12 8 
3 31 
2 23 25 37 21 
31 5 
5 2 
42 33 
33 36 38 
8 19 43 
38 7 
21 11 
43 6 
11 27 
12 17 
45 
6 28 
48 9 
37 44 
7 34 
20 1 
34 35 
22 
17 
25 30 
19 
44 
41 
10 47 
35 14 
18 
27 
13 
36 
28 
30 29 49 
9 
14 
23 
32 
1 
47 
49 
29 
# clone tree 42 objective: 2.15031
0 48 40 
40 41 22 39 
39 42 16 15 
15 46 
46 47 26 
26 18 10 4 
4 20 45 24 
24 3 
16 32 13 12 8 
3 29 31 
2 23 25 37 21 
31 1 5 
5 2 
42 33 
33 36 38 
8 19 43 
38 7 
21 11 
43 6 
11 27 
12 17 
45 
6 28 
48 9 
37 49 44 
7 34 
20 
34 35 
22 
17 
25 30 
19 
44 
41 
10 
35 14 
18 
27 
13 
36 
28 
30 
9 
14 
23 
32 
1 
47 
49 
29 
# clone tree 43 objective: 2.15031
0 49 48 40 
40 41 22 39 
39 42 16 15 
15 46 
46 47 26 
26 18 10 4 
4 20 45 24 
24 3 
16 13 12 8 
3 31 
2 23 25 37 21 
31 1 5 
5 2 
42 33 
33 29 36 38 
8 19 43 
38 7 
21 11 
43 6 
11 27 
12 17 
45 
6 28 
48 9 
37 44 
7 34 
20 
34 35 
22 
17 32 
25 30 
19 
44 
41 
10 
35 14 
18 
27 
13 
36 
28 
30 
9 
14 
23 
32 
1 
47 
49 
29 
# clone tree 44 objective: 2.15031
0 48 40 
40 32 41 22 39 
39 42 16 15 
15 46 
46 26 
26 18 10 4 
4 20 45 24 
24 3 
16 13 12 8 
3 31 
2 23 25 37 21 
31 1 5 
5 2 
42 47 33 
33 36 38 
8 19 43 
38 7 
21 11 
43 29 6 
11 27 
12 17 
45 
6 28 
48 9 
37 49 44 
7 34 
20 
34 35 
22 
17 
25 30 
19 
44 
41 
10 
35 14 
18 
27 
13 
36 
28 
30 
9 
14 
23 
32 
1 
47 
49 
29 
# clone tree 45 objective: 2.15031
0 48 40 
40 41 22 39 
39 42 16 15 
15 46 
46 47 26 
26 18 10 4 
4 20 45 24 
24 3 
16 32 13 12 8 
3 31 
2 23 25 37 21 
31 1 5 
5 2 
42 33 
33 36 38 
8 19 43 
38 7 
21 11 
43 6 
11 27 
12 17 
45 
6 28 
48 9 
37 44 
7 34 
20 
34 35 
22 
17 
25 29 30 
19 
44 
41 
10 
35 14 
18 
27 
13 
36 
28 
30 49 
9 
14 
23 
32 
1 
47 
49 
29 
# clone tree 46 objective: 2.15031
0 48 40 
40 41 22 39 
39 42 16 15 
15 46 
46 26 
26 18 10 4 
4 20 45 24 
24 3 
16 13 12 8 
3 31 
2 23 25 37 21 
31 5 
5 2 
42 33 
33 36 38 
8 19 43 
38 7 
21 11 
43 6 
11 27 
12 17 
45 
6 28 
48 9 
37 44 
7 34 
20 1 
34 35 
22 
17 32 
25 29 30 
19 
44 
41 
10 47 
35 14 
18 
27 
13 
36 
28 
30 49 
9 
14 
23 
32 
1 
47 
49 
29 
# clone tree 47 objective: 2.15031
0 48 40 
40 41 22 39 
39 42 16 15 
15 46 
46 47 26 
26 18 10 4 
4 20 45 24 
24 3 
16 32 13 12 8 
3 31 
2 23 25 37 21 
31 1 5 
5 2 
42 33 
33 36 38 
8 19 43 
38 7 
21 11 
43 6 
11 27 
12 17 
45 
6 28 
48 49 9 
37 44 
7 34 
20 
34 35 
22 
17 
25 30 
19 
44 
41 
10 
35 14 
18 29 
27 
13 
36 
28 
30 
9 
14 
23 
32 
1 
47 
49 
29 
# clone tree 48 objective: 2.15031
0 48 40 
40 32 41 22 39 
39 42 16 15 
15 46 
46 47 26 
26 18 10 4 
4 20 45 24 
24 3 
16 13 12 8 
3 31 
2 23 25 37 21 
31 1 5 
5 2 
42 33 
33 49 36 38 
8 19 43 
38 7 
21 11 
43 6 
11 27 
12 17 
45 
6 28 
48 9 
37 44 
7 34 
20 
34 35 
22 
17 
25 30 
19 
44 
41 
10 
35 14 
18 
27 
13 
36 
28 
30 29 
9 
14 
23 
32 
1 
47 
49 
29 
# clone tree 49 objective: 2.15031
0 48 40 
40 32 41 22 39 
39 42 16 15 
15 46 
46 47 26 
26 18 10 4 
4 20 45 24 
24 3 
16 29 13 12 8 
3 31 
2 23 25 37 21 
31 1 5 
5 2 
42 33 
33 36 38 
8 19 43 
38 7 
21 11 
43 6 
11 27 
12 17 
45 
6 28 
48 9 
37 44 
7 34 
20 
34 35 
22 
17 
25 30 
19 
44 
41 
10 
35 14 
18 49 
27 
13 
36 
28 
30 
9 
14 
23 
32 
1 
47 
49 
29 
# clone tree 50 objective: 2.15031
0 48 40 
40 32 41 22 39 
39 42 16 15 
15 46 
46 26 
26 18 10 4 
4 20 45 24 
24 3 
16 13 12 8 
3 31 
2 23 25 37 21 
31 1 5 
5 2 
42 33 
33 49 36 38 
8 19 43 
38 7 
21 11 
43 6 
11 27 
12 17 
45 
6 28 
48 9 
37 44 
7 34 
20 
34 35 
22 
17 
25 30 
19 
44 
41 
10 47 
35 14 
18 29 
27 
13 
36 
28 
30 
9 
14 
23 
32 
1 
47 
49 
29 
# clone tree 51 objective: 2.15031
0 48 40 
40 41 22 39 
39 42 16 15 
15 46 
46 26 
26 18 10 4 
4 20 45 24 
24 3 
16 13 12 8 
3 31 
2 23 25 37 21 
31 1 5 
5 2 
42 33 
33 36 38 
8 19 43 
38 7 
21 11 
43 6 
11 27 
12 17 
45 
6 28 
48 9 
37 44 
7 34 
20 29 
34 35 
22 
17 32 
25 30 
19 
44 
41 
10 47 
35 14 
18 
27 
13 
36 
28 49 
30 
9 
14 
23 
32 
1 
47 
49 
29 
# clone tree 52 objective: 2.15031
0 48 40 
40 41 22 39 
39 42 16 15 
15 46 
46 26 
26 18 10 4 
4 20 45 24 
24 3 
16 13 12 8 
3 31 
2 23 25 37 21 
31 5 
5 2 
42 47 33 
33 49 36 38 
8 19 43 
38 7 
21 11 
43 6 
11 27 
12 17 
45 
6 28 
48 9 
37 44 
7 34 
20 1 
34 35 
22 
17 32 
25 30 
19 29 
44 
41 
10 
35 14 
18 
27 
13 
36 
28 
30 
9 
14 
23 
32 
1 
47 
49 
29 
# clone tree 53 objective: 2.15031
0 49 48 40 
40 32 41 22 39 
39 42 16 15 
15 46 
46 47 26 
26 18 10 4 
4 20 45 24 
24 3 
16 29 13 12 8 
3 31 
2 23 25 37 21 
31 1 5 
5 2 
42 33 
33 36 38 
8 19 43 
38 7 
21 11 
43 6 
11 27 
12 17 
45 
6 28 
48 9 
37 44 
7 34 
20 
34 35 
22 
17 
25 30 
19 
44 
41 
10 
35 14 
18 
27 
13 
36 
28 
30 
9 
14 
23 
32 
1 
47 
49 
29 
# clone tree 54 objective: 2.15031
0 48 40 
40 32 41 22 39 
39 42 16 15 
15 46 
46 26 
26 18 10 4 
4 20 45 24 
24 3 
16 13 12 8 
3 31 
2 23 25 37 21 
31 5 
5 2 
42 33 
33 36 38 
8 19 43 
38 7 
21 11 
43 6 
11 27 
12 17 
45 
6 28 
48 9 
37 44 
7 34 
20 1 
34 49 35 
22 
17 
25 30 
19 
44 
41 
10 47 
35 14 
18 
27 
13 
36 
28 
30 
9 
14 
23 
32 
1 29 
47 
49 
29 
# clone tree 55 objective: 2.15031
0 49 48 40 
40 32 41 22 39 
39 42 16 15 
15 46 
46 47 26 
26 29 18 10 4 
4 20 45 24 
24 3 
16 13 12 8 
3 31 
2 23 25 37 21 
31 1 5 
5 2 
42 33 
33 36 38 
8 19 43 
38 7 
21 11 
43 6 
11 27 
12 17 
45 
6 28 
48 9 
37 44 
7 34 
20 
34 35 
22 
17 
25 30 
19 
44 
41 
10 
35 14 
18 
27 
13 
36 
28 
30 
9 
14 
23 
32 
1 
47 
49 
29 
# clone tree 56 objective: 2.15031
0 48 40 
40 41 22 39 
39 42 16 15 
15 46 
46 26 
26 18 10 4 
4 20 45 24 
24 3 
16 13 12 8 
3 31 
2 23 25 37 21 
31 5 
5 2 
42 33 
33 36 38 
8 19 43 
38 7 
21 11 
43 29 6 
11 27 
12 17 
45 
6 28 
48 49 9 
37 44 
7 34 
20 1 
34 35 
22 
17 32 
25 30 
19 
44 
41 
10 47 
35 14 
18 
27 
13 
36 
28 
30 
9 
14 
23 
32 
1 
47 
49 
29 
# clone tree 57 objective: 2.15031
0 48 40 
40 32 41 22 39 
39 42 16 15 
15 46 
46 26 
26 18 10 4 
4 20 45 24 
24 3 
16 13 12 8 
3 31 
2 23 25 37 21 
31 29 5 
5 2 
42 33 
33 36 38 
8 19 43 
38 7 
21 11 
43 6 
11 27 
12 17 
45 
6 28 
48 9 
37 44 
7 34 
20 1 
34 49 35 
22 
17 
25 30 
19 
44 
41 
10 47 
35 14 
18 
27 
13 
36 
28 
30 
9 
14 
23 
32 
1 
47 
49 
29 
# clone tree 58 objective: 2.15031
0 48 40 
40 32 41 22 39 
39 42 16 15 
15 46 
46 26 
26 18 10 4 
4 20 45 24 
24 3 
16 13 12 8 
3 31 
2 23 25 37 21 
31 1 5 
5 2 
42 33 
33 29 36 38 
8 19 43 
38 7 
21 11 
43 6 
11 27 
12 17 
45 
6 28 
48 9 
37 44 
7 34 
20 
34 35 
22 
17 
25 30 
19 
44 49 
41 
10 47 
35 14 
18 
27 
13 
36 
28 
30 
9 
14 
23 
32 
1 
47 
49 
29 
# clone tree 59 objective: 2.15031
0 48 40 
40 32 41 22 39 
39 42 16 15 
15 46 
46 26 
26 18 10 4 
4 20 45 24 
24 3 
16 13 12 8 
3 31 
2 23 25 37 21 
31 1 5 
5 2 
42 47 33 
33 36 38 
8 19 43 
38 7 
21 11 
43 6 
11 27 
12 17 
45 
6 28 
48 9 
37 44 
7 34 
20 
34 35 
22 
17 
25 30 
19 
44 
41 
10 
35 14 
18 49 
27 
13 
36 
28 
30 
9 
14 
23 
32 
1 29 
47 
49 
29 
# clone tree 60 objective: 2.15031
0 48 40 
40 41 22 39 
39 42 16 15 
15 46 
46 47 26 
26 18 10 4 
4 20 45 24 
24 3 
16 32 13 12 8 
3 31 
2 23 25 37 21 
31 1 5 
5 2 
42 33 
33 36 38 
8 19 43 
38 29 7 
21 11 
43 6 
11 27 
12 17 
45 
6 28 
48 9 
37 44 
7 34 
20 
34 49 35 
22 
17 
25 30 
19 
44 
41 
10 
35 14 
18 
27 
13 
36 
28 
30 
9 
14 
23 
32 
1 
47 
49 
29 
# clone tree 61 objective: 2.15031
0 48 40 
40 41 22 39 
39 42 16 15 
15 46 
46 26 
26 18 10 4 
4 20 45 24 
24 3 
16 13 12 8 
3 31 
2 23 25 37 21 
31 1 5 
5 2 
42 47 33 
33 36 38 
8 19 43 
38 7 
21 11 
43 6 
11 27 
12 17 
45 
6 28 
48 9 
37 44 
7 34 
20 29 
34 35 
22 
17 32 
25 30 
19 
44 
41 
10 
35 14 
18 49 
27 
13 
36 
28 
30 
9 
14 
23 
32 
1 
47 
49 
29 
# clone tree 62 objective: 2.15031
0 48 40 
40 32 41 22 39 
39 42 16 15 
15 46 
46 47 26 
26 18 10 4 
4 20 45 24 
24 3 
16 13 12 8 
3 31 
2 23 25 37 21 
31 5 
5 2 
42 33 
33 36 38 
8 19 43 
38 7 
21 11 
43 6 
11 27 
12 17 
45 
6 28 
48 9 
37 49 44 
7 34 
20 1 
34 35 
22 
17 
25 30 
19 
44 
41 
10 
35 14 
18 
27 
13 
36 
28 
30 
9 
14 29 
23 
32 
1 
47 
49 
29 
# clone tree 63 objective: 2.15031
0 49 48 40 
40 41 22 39 
39 42 16 15 
15 46 
46 47 26 
26 18 10 4 
4 20 45 24 
24 3 
16 13 12 8 
3 31 
2 23 25 37 21 
31 5 
5 2 
42 33 
33 36 38 
8 19 43 
38 7 
21 11 
43 6 
11 27 
12 17 
45 
6 28 
48 9 
37 44 
7 34 
20 1 
34 35 
22 
17 32 
25 30 
19 
44 
41 
10 
35 14 
18 
27 
13 
36 
28 
30 
9 
14 
23 
32 
1 29 
47 
49 
29 
# clone tree 64 objective: 2.15031
0 48 40 
40 32 41 22 39 
39 42 16 15 
15 46 
46 47 26 
26 18 10 4 
4 20 45 24 
24 3 
16 13 12 8 
3 31 
2 23 25 37 21 
31 5 
5 2 
42 33 
33 36 38 
8 19 43 
38 7 
21 11 
43 6 
11 27 
12 17 
45 
6 28 
48 9 
37 49 44 
7 34 
20 1 
34 35 
22 
17 
25 30 
19 
44 
41 
10 
35 14 
18 
27 
13 29 
36 
28 
30 
9 
14 
23 
32 
1 
47 
49 
29 
# clone tree 65 objective: 2.15031
0 48 40 
40 41 22 39 
39 42 16 15 
15 46 
46 26 
26 18 10 4 
4 20 45 24 
24 3 
16 13 12 8 
3 31 
2 23 25 37 21 
31 5 
5 2 
42 47 33 
33 36 38 
8 19 43 
38 7 
21 29 11 
43 6 
11 27 
12 17 
45 
6 28 
48 49 9 
37 44 
7 34 
20 1 
34 35 
22 
17 32 
25 30 
19 
44 
41 
10 
35 14 
18 
27 
13 
36 
28 
30 
9 
14 
23 
32 
1 
47 
49 
29 
# clone tree 66 objective: 2.15031
0 49 48 40 
40 41 22 39 
39 42 16 15 
15 46 
46 26 
26 18 10 4 
4 20 45 24 
24 3 
16 13 12 8 
3 31 
2 23 25 37 21 
31 1 5 
5 2 
42 33 
33 36 38 
8 19 43 
38 7 
21 11 
43 6 
11 27 
12 17 
45 
6 28 
48 9 
37 44 
7 34 
20 
34 35 
22 
17 32 
25 30 
19 29 
44 
41 
10 47 
35 14 
18 
27 
13 
36 
28 
30 
9 
14 
23 
32 
1 
47 
49 
29 
# clone tree 67 objective: 2.15031
0 49 48 40 
40 41 22 39 
39 42 16 15 
15 46 
46 26 
26 18 10 4 
4 29 20 45 24 
24 3 
16 13 12 8 
3 31 
2 23 25 37 21 
31 1 5 
5 2 
42 33 
33 36 38 
8 19 43 
38 7 
21 11 
43 6 
11 27 
12 17 
45 
6 28 
48 9 
37 44 
7 34 
20 
34 35 
22 
17 32 
25 30 
19 
44 
41 
10 47 
35 14 
18 
27 
13 
36 
28 
30 
9 
14 
23 
32 
1 
47 
49 
29 
# clone tree 68 objective: 2.15031
0 48 40 
40 41 22 39 
39 42 16 15 
15 46 
46 26 
26 18 10 4 
4 20 45 24 
24 3 
16 32 13 12 8 
3 31 
2 23 25 37 21 
31 29 5 
5 2 
42 33 
33 36 38 
8 19 43 
38 7 
21 11 
43 6 
11 27 
12 17 
45 
6 28 
48 49 9 
37 44 
7 34 
20 1 
34 35 
22 
17 
25 30 
19 
44 
41 
10 47 
35 14 
18 
27 
13 
36 
28 
30 
9 
14 
23 
32 
1 
47 
49 
29 
# clone tree 69 objective: 2.15031
0 48 40 
40 41 22 39 
39 42 16 15 
15 46 
46 26 
26 18 10 4 
4 20 45 24 
24 3 
16 13 12 8 
3 31 
2 23 25 37 21 
31 1 5 
5 2 
42 33 
33 36 38 
8 19 43 
38 7 
21 11 
43 6 
11 27 
12 17 
45 
6 28 
48 9 
37 44 
7 34 
20 
34 35 
22 
17 32 
25 30 
19 29 
44 
41 
10 47 
35 14 
18 
27 
13 
36 
28 
30 49 
9 
14 
23 
32 
1 
47 
49 
29 
# clone tree 70 objective: 2.15031
0 48 40 
40 32 41 22 39 
39 42 16 15 
15 46 
46 26 
26 18 10 4 
4 20 45 24 
24 3 
16 13 12 8 
3 31 
2 23 25 37 21 
31 1 5 
5 2 
42 47 33 
33 36 38 
8 19 43 
38 7 
21 11 
43 6 
11 27 
12 17 
45 
6 28 
48 9 
37 44 
7 34 
20 
34 35 
22 
17 
25 30 
19 
44 
41 
10 
35 14 
18 
27 
13 
36 
28 49 
30 
9 
14 29 
23 
32 
1 
47 
49 
29 
# clone tree 71 objective: 2.15031
0 48 40 
40 41 22 39 
39 42 16 15 
15 46 
46 47 26 
26 18 10 4 
4 20 45 24 
24 3 
16 13 12 8 
3 31 
2 23 25 37 21 
31 5 
5 2 
42 33 
33 36 38 
8 19 43 
38 29 7 
21 11 
43 6 
11 27 
12 17 
45 
6 28 
48 9 
37 49 44 
7 34 
20 1 
34 35 
22 
17 32 
25 30 
19 
44 
41 
10 
35 14 
18 
27 
13 
36 
28 
30 
9 
14 
23 
32 
1 
47 
49 
29 
# clone tree 72 objective: 2.15031
0 49 48 40 
40 41 22 39 
39 42 16 15 
15 29 46 
46 26 
26 18 10 4 
4 20 45 24 
24 3 
16 32 13 12 8 
3 31 
2 23 25 37 21 
31 1 5 
5 2 
42 33 
33 36 38 
8 19 43 
38 7 
21 11 
43 6 
11 27 
12 17 
45 
6 28 
48 9 
37 44 
7 34 
20 
34 35 
22 
17 
25 30 
19 
44 
41 
10 47 
35 14 
18 
27 
13 
36 
28 
30 
9 
14 
23 
32 
1 
47 
49 
29 
# clone tree 73 objective: 2.15031
0 49 48 40 
40 32 41 22 39 
39 42 16 15 
15 46 
46 47 26 
26 18 10 4 
4 20 45 24 
24 3 
16 13 12 8 
3 31 
2 23 25 37 21 
31 1 5 
5 2 
42 33 
33 36 38 
8 19 43 
38 7 
21 11 
43 6 
11 27 
12 17 
45 29 
6 28 
48 9 
37 44 
7 34 
20 
34 35 
22 
17 
25 30 
19 
44 
41 
10 
35 14 
18 
27 
13 
36 
28 
30 
9 
14 
23 
32 
1 
47 
49 
29 
# clone tree 74 objective: 2.15031
0 48 40 
40 41 22 39 
39 42 16 15 
15 46 
46 26 
26 18 10 4 
4 20 45 24 
24 3 
16 13 12 8 
3 31 
2 23 25 37 21 
31 5 
5 2 
42 47 33 
33 29 36 38 
8 19 43 
38 7 
21 11 
43 6 
11 27 
12 17 
45 
6 28 
48 9 
37 44 
7 34 
20 1 
34 35 
22 
17 32 
25 30 
19 
44 
41 
10 
35 14 
18 
27 
13 
36 
28 
30 49 
9 
14 
23 
32 
1 
47 
49 
29 
# clone tree 75 objective: 2.15031
0 48 40 
40 32 41 22 39 
39 42 16 15 
15 46 
46 26 
26 18 10 4 
4 20 45 24 
24 3 
16 13 12 8 
3 29 31 
2 23 25 37 21 
31 5 
5 2 
42 33 
33 36 38 
8 19 43 
38 7 
21 11 
43 6 
11 27 
12 17 
45 
6 28 
48 49 9 
37 44 
7 34 
20 1 
34 35 
22 
17 
25 30 
19 
44 
41 
10 47 
35 14 
18 
27 
13 
36 
28 
30 
9 
14 
23 
32 
1 
47 
49 
29 
# clone tree 76 objective: 2.15031
0 48 40 
40 41 22 39 
39 42 16 15 
15 46 
46 47 26 
26 18 10 4 
4 20 45 24 
24 3 
16 13 12 8 
3 31 
2 23 25 37 21 
31 5 
5 2 
42 33 
33 36 38 
8 19 43 
38 7 
21 11 
43 6 
11 27 
12 17 
45 
6 28 
48 9 
37 44 
7 34 
20 1 
34 35 
22 
17 32 
25 30 
19 
44 
41 
10 
35 14 
18 29 
27 
13 
36 
28 
30 49 
9 
14 
23 
32 
1 
47 
49 
29 
# clone tree 77 objective: 2.15031
0 49 48 40 
40 41 22 39 
39 42 16 15 
15 46 
46 26 
26 18 10 4 
4 20 45 24 
24 3 
16 13 12 8 
3 31 
2 23 25 37 21 
31 5 
5 2 
42 33 
33 36 38 
8 19 43 
38 7 
21 11 
43 6 
11 27 
12 17 
45 
6 28 
48 9 
37 44 
7 34 
20 1 
34 35 
22 
17 32 
25 30 
19 
44 
41 
10 47 
35 14 
18 
27 
13 
36 
28 
30 
9 
14 
23 
32 
1 29 
47 
49 
29 
# clone tree 78 objective: 2.15031
0 48 40 
40 41 22 39 
39 42 16 15 
15 46 
46 26 
26 18 10 4 
4 20 45 24 
24 3 
16 13 12 8 
3 31 
2 23 25 37 21 
31 5 
5 2 
42 47 33 
33 29 36 38 
8 19 43 
38 7 
21 11 
43 6 
11 27 
12 17 
45 
6 28 
48 9 
37 49 44 
7 34 
20 1 
34 35 
22 
17 32 
25 30 
19 
44 
41 
10 
35 14 
18 
27 
13 
36 
28 
30 
9 
14 
23 
32 
1 
47 
49 
29 
# clone tree 79 objective: 2.15031
0 48 40 
40 32 41 22 39 
39 42 16 15 
15 46 
46 47 26 
26 18 10 4 
4 20 45 24 
24 3 
16 13 12 8 
3 31 
2 23 25 37 21 
31 5 
5 2 
42 33 
33 29 49 36 38 
8 19 43 
38 7 
21 11 
43 6 
11 27 
12 17 
45 
6 28 
48 9 
37 44 
7 34 
20 1 
34 35 
22 
17 
25 30 
19 
44 
41 
10 
35 14 
18 
27 
13 
36 
28 
30 
9 
14 
23 
32 
1 
47 
49 
29 
# clone tree 80 objective: 2.15031
0 48 40 
40 32 41 22 39 
39 42 16 15 
15 46 
46 47 26 
26 18 10 4 
4 20 45 24 
24 3 
16 29 13 12 8 
3 31 
2 23 25 37 21 
31 1 5 
5 2 
42 33 
33 49 36 38 
8 19 43 
38 7 
21 11 
43 6 
11 27 
12 17 
45 
6 28 
48 9 
37 44 
7 34 
20 
34 35 
22 
17 
25 30 
19 
44 
41 
10 
35 14 
18 
27 
13 
36 
28 
30 
9 
14 
23 
32 
1 
47 
49 
29 
# clone tree 81 objective: 2.15031
0 48 40 
40 32 41 22 39 
39 42 16 15 
15 46 
46 26 
26 18 10 4 
4 29 20 45 24 
24 3 
16 13 12 8 
3 31 
2 23 25 37 21 
31 1 5 
5 2 
42 33 
33 36 38 
8 19 43 
38 7 
21 11 
43 6 
11 27 
12 17 
45 
6 28 
48 9 
37 44 
7 34 
20 
34 35 
22 
17 
25 30 
19 
44 
41 
10 47 
35 14 
18 
27 
13 
36 
28 49 
30 
9 
14 
23 
32 
1 
47 
49 
29 
# clone tree 82 objective: 2.15031
0 49 48 40 
40 32 41 22 39 
39 42 16 15 
15 46 
46 26 
26 18 10 4 
4 29 20 45 24 
24 3 
16 13 12 8 
3 31 
2 23 25 37 21 
31 1 5 
5 2 
42 47 33 
33 36 38 
8 19 43 
38 7 
21 11 
43 6 
11 27 
12 17 
45 
6 28 
48 9 
37 44 
7 34 
20 
34 35 
22 
17 
25 30 
19 
44 
41 
10 
35 14 
18 
27 
13 
36 
28 
30 
9 
14 
23 
32 
1 
47 
49 
29 
# clone tree 83 objective: 2.15031
0 48 40 
40 41 22 39 
39 42 16 15 
15 46 
46 26 
26 18 10 4 
4 20 45 24 
24 3 
16 13 12 8 
3 31 
2 23 25 37 21 
31 5 
5 2 
42 33 
33 49 36 38 
8 19 43 
38 7 
21 11 
43 6 
11 27 
12 17 
45 
6 28 
48 9 
37 44 
7 34 
20 1 
34 35 
22 
17 32 
25 30 
19 
44 
41 
10 47 
35 14 
18 29 
27 
13 
36 
28 
30 
9 
14 
23 
32 
1 
47 
49 
29 
# clone tree 84 objective: 2.15031
0 48 40 
40 32 41 22 39 
39 42 16 15 
15 46 
46 26 
26 18 10 4 
4 20 45 24 
24 3 
16 13 12 8 
3 31 
2 23 25 37 21 
31 1 5 
5 2 
42 47 33 
33 36 38 
8 19 43 
38 7 
21 29 11 
43 6 
11 27 
12 17 
45 
6 28 
48 49 9 
37 44 
7 34 
20 
34 35 
22 
17 
25 30 
19 
44 
41 
10 
35 14 
18 
27 
13 
36 
28 
30 
9 
14 
23 
32 
1 
47 
49 
29 
# clone tree 85 objective: 2.15031
0 48 40 
40 41 22 39 
39 42 16 15 
15 46 
46 47 26 
26 18 10 4 
4 20 45 24 
24 3 
16 29 32 13 12 8 
3 31 
2 23 25 37 21 
31 1 5 
5 2 
42 33 
33 36 38 
8 19 43 
38 7 
21 11 
43 6 
11 27 
12 17 
45 
6 28 
48 9 
37 44 
7 34 
20 
34 35 
22 
17 
25 30 
19 
44 
41 
10 
35 14 
18 
27 
13 
36 
28 49 
30 
9 
14 
23 
32 
1 
47 
49 
29 
# clone tree 86 objective: 2.15031
0 49 48 40 
40 32 41 22 39 
39 42 16 15 
15 46 
46 26 
26 18 10 4 
4 20 45 24 
24 3 
16 13 12 8 
3 31 
2 23 25 37 21 
31 29 5 
5 2 
42 33 
33 36 38 
8 19 43 
38 7 
21 11 
43 6 
11 27 
12 17 
45 
6 28 
48 9 
37 44 
7 34 
20 1 
34 35 
22 
17 
25 30 
19 
44 
41 
10 47 
35 14 
18 
27 
13 
36 
28 
30 
9 
14 
23 
32 
1 
47 
49 
29 
# clone tree 87 objective: 2.15031
0 48 40 
40 32 41 22 39 
39 42 16 15 
15 46 
46 47 26 
26 18 10 4 
4 20 45 24 
24 3 
16 13 12 8 
3 31 
2 23 25 37 21 
31 1 5 
5 2 
42 33 
33 36 38 
8 19 43 
38 7 
21 11 
43 6 
11 27 
12 17 
45 
6 28 
48 9 
37 44 
7 34 
20 
34 49 35 
22 
17 
25 30 
19 
44 
41 
10 
35 14 
18 
27 
13 
36 
28 
30 
9 
14 
23 
32 
1 29 
47 
49 
29 
# clone tree 88 objective: 2.15031
0 48 40 
40 32 41 22 39 
39 42 16 15 
15 46 
46 47 26 
26 18 10 4 
4 20 45 24 
24 3 
16 13 12 8 
3 31 
2 23 25 37 21 
31 5 
5 2 
42 33 
33 36 38 
8 19 43 
38 7 
21 11 
43 6 
11 27 
12 17 
45 
6 28 
48 49 9 
37 44 
7 34 
20 1 
34 35 
22 
17 
25 30 
19 
44 
41 
10 
35 14 
18 
27 
13 
36 
28 
30 
9 
14 29 
23 
32 
1 
47 
49 
29 
# clone tree 89 objective: 2.15031
0 48 40 
40 41 22 39 
39 42 16 15 
15 46 
46 47 26 
26 18 10 4 
4 20 45 24 
24 3 
16 32 13 12 8 
3 31 
2 23 25 37 21 
31 1 5 
5 2 
42 33 
33 49 36 38 
8 19 43 
38 7 
21 11 
43 6 
11 27 
12 17 
45 
6 28 
48 9 
37 44 
7 34 
20 
34 35 
22 
17 
25 29 30 
19 
44 
41 
10 
35 14 
18 
27 
13 
36 
28 
30 
9 
14 
23 
32 
1 
47 
49 
29 
# clone tree 90 objective: 2.15031
0 48 40 
40 32 41 22 39 
39 42 16 15 
15 29 46 
46 26 
26 18 10 4 
4 20 45 24 
24 3 
16 13 12 8 
3 31 
2 23 25 37 21 
31 1 5 
5 2 
42 47 33 
33 36 38 
8 19 43 
38 7 
21 11 
43 6 
11 27 
12 17 
45 
6 28 
48 9 
37 44 
7 34 
20 
34 35 
22 
17 
25 30 
19 
44 49 
41 
10 
35 14 
18 
27 
13 
36 
28 
30 
9 
14 
23 
32 
1 
47 
49 
29 
# clone tree 91 objective: 2.15031
0 48 40 
40 32 41 22 39 
39 42 16 15 
15 46 
46 47 26 
26 18 10 4 
4 20 45 24 
24 3 
16 13 12 8 
3 31 
2 23 25 37 21 
31 5 
5 2 
42 33 
33 36 38 
8 19 43 
38 7 
21 11 
43 6 
11 27 
12 17 
45 
6 28 
48 49 9 
37 44 
7 34 
20 1 
34 35 
22 
17 
25 30 
19 
44 
41 
10 
35 14 
18 
27 
13 
36 
28 
30 
9 
14 
23 
32 
1 29 
47 
49 
29 
# clone tree 92 objective: 2.15031
0 48 40 
40 32 41 22 39 
39 42 16 15 
15 46 
46 47 26 
26 18 10 4 
4 20 45 24 
24 3 
16 13 12 8 
3 31 
2 23 25 37 21 
31 1 5 
5 2 
42 33 
33 36 38 
8 19 43 
38 7 
21 11 
43 6 
11 27 
12 17 
45 29 
6 28 
48 9 
37 44 
7 34 
20 
34 49 35 
22 
17 
25 30 
19 
44 
41 
10 
35 14 
18 
27 
13 
36 
28 
30 
9 
14 
23 
32 
1 
47 
49 
29 
# clone tree 93 objective: 2.15031
0 48 40 
40 41 22 39 
39 42 16 15 
15 29 46 
46 47 26 
26 18 10 4 
4 20 45 24 
24 3 
16 13 12 8 
3 31 
2 23 25 37 21 
31 5 
5 2 
42 33 
33 36 38 
8 19 43 
38 7 
21 11 
43 6 
11 27 
12 17 
45 
6 28 
48 9 
37 44 
7 34 
20 1 
34 35 
22 
17 32 
25 30 
19 
44 
41 
10 
35 14 
18 49 
27 
13 
36 
28 
30 
9 
14 
23 
32 
1 
47 
49 
29 
# clone tree 94 objective: 2.15031
0 48 40 
40 41 22 39 
39 42 16 15 
15 46 
46 26 
26 18 10 4 
4 20 45 24 
24 3 
16 13 12 8 
3 31 
2 23 25 37 21 
31 5 
5 2 
42 33 
33 36 38 
8 19 43 
38 29 7 
21 11 
43 6 
11 27 
12 17 
45 
6 28 
48 9 
37 44 
7 34 
20 1 
34 35 
22 
17 32 
25 30 
19 
44 
41 
10 47 
35 14 
18 
27 
13 
36 
28 49 
30 
9 
14 
23 
32 
1 
47 
49 
29 
# clone tree 95 objective: 2.15031
0 48 40 
40 41 22 39 
39 42 16 15 
15 46 
46 26 
26 18 10 4 
4 20 45 24 
24 3 
16 32 13 12 8 
3 31 
2 23 25 37 21 
31 5 
5 2 
42 33 
33 36 38 
8 19 43 
38 7 
21 11 
43 6 
11 27 
12 17 
45 29 
6 28 
48 9 
37 49 44 
7 34 
20 1 
34 35 
22 
17 
25 30 
19 
44 
41 
10 47 
35 14 
18 
27 
13 
36 
28 
30 
9 
14 
23 
32 
1 
47 
49 
29 
# clone tree 96 objective: 2.15031
0 49 48 40 
40 32 41 22 39 
39 42 16 15 
15 46 
46 26 
26 18 10 4 
4 20 45 24 
24 3 
16 13 12 8 
3 31 
2 23 25 37 21 
31 1 5 
5 2 
42 47 33 
33 36 38 
8 19 43 
38 7 
21 11 
43 6 
11 27 
12 17 
45 
6 28 
48 9 
37 44 
7 34 
20 
34 35 
22 
17 
25 29 30 
19 
44 
41 
10 
35 14 
18 
27 
13 
36 
28 
30 
9 
14 
23 
32 
1 
47 
49 
29 
# clone tree 97 objective: 2.15031
0 48 40 
40 32 41 22 39 
39 42 16 15 
15 46 
46 26 
26 18 10 4 
4 20 45 24 
24 3 
16 13 12 8 
3 31 
2 23 25 37 21 
31 1 5 
5 2 
42 33 
33 36 38 
8 19 43 
38 29 7 
21 11 
43 6 
11 27 
12 17 
45 
6 28 
48 9 
37 44 
7 34 
20 
34 35 
22 
17 
25 30 
19 
44 49 
41 
10 47 
35 14 
18 
27 
13 
36 
28 
30 
9 
14 
23 
32 
1 
47 
49 
29 
# clone tree 98 objective: 2.15031
0 48 40 
40 41 22 39 
39 42 16 15 
15 46 
46 26 
26 18 10 4 
4 20 45 24 
24 3 
16 13 12 8 
3 31 
2 23 25 37 21 
31 1 5 
5 2 
42 33 
33 36 38 
8 19 43 
38 7 
21 11 
43 6 
11 27 
12 17 
45 
6 28 
48 29 49 9 
37 44 
7 34 
20 
34 35 
22 
17 32 
25 30 
19 
44 
41 
10 47 
35 14 
18 
27 
13 
36 
28 
30 
9 
14 
23 
32 
1 
47 
49 
29 
# clone tree 99 objective: 2.15031
0 48 40 
40 41 22 39 
39 42 16 15 
15 46 
46 26 
26 18 10 4 
4 20 45 24 
24 3 
16 13 12 8 
3 31 
2 23 25 37 21 
31 5 
5 2 
42 33 
33 36 38 
8 19 43 
38 7 
21 11 
43 6 
11 27 
12 17 
45 
6 28 
48 9 
37 44 
7 34 
20 1 
34 49 35 
22 
17 32 
25 30 
19 
44 
41 
10 47 
35 14 
18 
27 
13 
36 
28 
30 
9 
14 29 
23 
32 
1 
47 
49 
29 
