# clone tree 0 objective: 3.0359
0 27 9 
21 12 17 
9 13 21 
17 49 31 
25 3 
31 10 34 
15 28 
34 25 
3 15 
28 19 5 45 
12 26 23 
45 47 30 42 
23 2 
40 44 46 
2 40 
42 33 32 
32 38 
30 41 8 
46 14 22 
38 4 1 
8 37 
27 35 
44 20 
33 18 
22 39 
37 16 
1 48 
39 36 
10 
4 24 
35 
26 
36 7 
18 
48 6 11 
41 29 
5 
20 43 
13 
16 
47 
24 
43 
7 
14 
11 
29 
49 
6 
19 
# clone tree 1 objective: 3.0359
0 27 9 
21 12 17 
9 13 21 
17 31 
25 3 
31 34 
15 28 
34 25 
3 15 
28 5 45 
12 26 23 
45 47 30 42 
23 2 
40 44 46 
2 19 10 40 
42 33 32 
32 38 
30 41 8 
46 14 22 
38 4 1 
8 37 
27 35 
44 20 
33 49 18 
22 39 
37 16 
1 48 
39 36 
10 
4 24 
35 
26 
36 7 
18 
48 6 11 
41 29 
5 
20 43 
13 
16 
47 
24 
43 
7 
14 
11 
29 
49 
6 
19 
# clone tree 2 objective: 3.0359
0 27 9 
21 12 17 
9 13 21 
17 31 
25 3 
31 34 
15 28 
34 25 
3 15 
28 5 45 
12 26 23 
45 47 30 42 
23 19 2 
40 44 46 
2 10 40 
42 6 33 32 
32 38 
30 41 8 
46 14 22 
38 4 1 
8 37 
27 35 
44 20 
33 49 18 
22 39 
37 16 
1 48 
39 36 
10 
4 24 
35 
26 
36 7 
18 
48 11 
41 29 
5 
20 43 
13 
16 
47 
24 
43 
7 
14 
11 
29 
49 
6 
19 
# clone tree 3 objective: 3.0359
0 27 9 
21 12 17 
9 13 21 
17 6 31 
25 3 
31 34 
15 28 
34 25 
3 15 
28 5 45 
12 26 23 
45 47 30 42 
23 2 
40 44 46 
2 10 40 
42 33 32 
32 38 
30 41 8 
46 14 22 
38 4 1 
8 49 37 
27 35 
44 20 
33 18 
22 39 
37 16 
1 48 
39 19 36 
10 
4 24 
35 
26 
36 7 
18 
48 11 
41 29 
5 
20 43 
13 
16 
47 
24 
43 
7 
14 
11 
29 
49 
6 
19 
# clone tree 4 objective: 3.0359
0 27 9 
21 12 17 
9 13 21 
17 31 
25 3 
31 34 
15 28 
34 25 
3 15 
28 19 5 45 
12 26 23 
45 47 30 42 
23 2 
40 44 46 
2 10 40 
42 33 32 
32 38 
30 41 8 
46 6 14 22 
38 4 1 
8 49 37 
27 35 
44 20 
33 18 
22 39 
37 16 
1 48 
39 36 
10 
4 24 
35 
26 
36 7 
18 
48 11 
41 29 
5 
20 43 
13 
16 
47 
24 
43 
7 
14 
11 
29 
49 
6 
19 
# clone tree 5 objective: 3.0359
0 27 9 
21 12 17 
9 13 21 
17 6 31 
25 3 
31 34 
15 28 
34 25 
3 15 
28 5 45 
12 26 23 
45 47 30 42 
23 2 
40 44 46 
2 10 40 
42 33 32 
32 38 
30 41 8 
46 14 22 
38 4 1 
8 49 37 
27 35 
44 20 
33 18 
22 39 
37 16 
1 19 48 
39 36 
10 
4 24 
35 
26 
36 7 
18 
48 11 
41 29 
5 
20 43 
13 
16 
47 
24 
43 
7 
14 
11 
29 
49 
6 
19 
# clone tree 6 objective: 3.0359
0 27 9 
21 12 17 
9 13 21 
17 49 31 
25 3 
31 10 34 
15 28 
34 25 
3 15 
28 5 45 
12 26 23 
45 47 30 42 
23 2 
40 44 46 
2 40 
42 33 32 
32 38 
30 41 8 
46 14 22 
38 4 1 
8 37 
27 35 
44 20 
33 18 
22 39 
37 16 
1 48 
39 36 
10 19 
4 24 
35 
26 
36 7 
18 
48 6 11 
41 29 
5 
20 43 
13 
16 
47 
24 
43 
7 
14 
11 
29 
49 
6 
19 
# clone tree 7 objective: 3.0359
0 27 9 
21 12 17 
9 13 21 
17 6 31 
25 3 
31 34 
15 28 
34 25 
3 15 
28 5 45 
12 26 23 
45 47 30 42 
23 2 
40 44 46 
2 10 40 
42 33 32 
32 38 
30 41 8 
46 14 22 
38 4 1 
8 49 37 
27 35 
44 20 
33 18 
22 39 
37 19 16 
1 48 
39 36 
10 
4 24 
35 
26 
36 7 
18 
48 11 
41 29 
5 
20 43 
13 
16 
47 
24 
43 
7 
14 
11 
29 
49 
6 
19 
# clone tree 8 objective: 3.0359
0 27 9 
21 12 17 
9 13 21 
17 31 
25 3 
31 34 
15 28 
34 25 
3 15 
28 5 45 
12 26 23 
45 47 30 42 
23 2 
40 44 46 
2 19 10 40 
42 6 33 32 
32 38 
30 41 8 
46 14 22 
38 4 1 
8 37 
27 35 
44 20 
33 49 18 
22 39 
37 16 
1 48 
39 36 
10 
4 24 
35 
26 
36 7 
18 
48 11 
41 29 
5 
20 43 
13 
16 
47 
24 
43 
7 
14 
11 
29 
49 
6 
19 
# clone tree 9 objective: 3.0359
0 27 9 
21 12 17 
9 13 21 
17 6 31 
25 3 
31 34 
15 28 
34 25 
3 15 
28 5 45 
12 26 23 
45 47 30 42 
23 2 
40 44 46 
2 10 40 
42 33 32 
32 38 
30 41 8 
46 14 22 
38 4 1 
8 49 37 
27 35 
44 20 
33 18 
22 39 
37 16 
1 48 
39 36 
10 
4 24 
35 
26 
36 7 
18 
48 11 
41 29 
5 
20 19 43 
13 
16 
47 
24 
43 
7 
14 
11 
29 
49 
6 
19 
