# clone tree 0 objective: 2.34737
0 44 35 
35 23 24 38 
38 12 16 37 
37 36 34 
34 6 
6 43 11 
11 10 18 
18 3 
3 15 13 
13 5 21 26 
10 39 49 32 
43 8 25 46 
26 14 7 
32 48 9 41 
7 22 
46 30 
30 19 
16 2 
41 28 
21 27 
22 20 
25 17 
19 31 
17 40 
20 1 
49 
12 29 
15 42 
27 45 33 
40 
44 
14 
31 4 
8 
2 47 
28 
39 
36 
33 
42 
1 
9 
29 
4 
48 
45 
5 
24 
23 
47 
# clone tree 1 objective: 2.34737
0 44 35 
35 23 24 38 
38 12 16 37 
37 36 34 
34 6 
6 43 11 
11 10 18 
18 3 
3 15 13 
13 21 26 
10 39 49 32 
43 8 25 46 
26 14 7 
32 48 9 41 
7 22 
46 30 
30 19 
16 5 2 
41 28 
21 27 
22 20 
25 17 
19 31 
17 40 
20 1 
49 
12 29 
15 42 
27 45 33 
40 
44 
14 
31 4 
8 
2 47 
28 
39 
36 
33 
42 
1 
9 
29 
4 
48 
45 
5 
24 
23 
47 
# clone tree 2 objective: 2.34737
0 44 35 
35 24 38 
38 12 16 37 
37 36 34 
34 6 
6 43 11 
11 10 18 
18 3 
3 15 13 
13 5 21 26 
10 39 49 32 
43 8 25 46 
26 14 7 
32 48 9 41 
7 22 
46 30 
30 19 
16 2 
41 28 
21 27 
22 20 
25 17 
19 31 
17 40 
20 1 
49 
12 29 
15 42 
27 45 33 
40 
44 
14 
31 4 
8 23 
2 47 
28 
39 
36 
33 
42 
1 
9 
29 
4 
48 
45 
5 
24 
23 
47 
# clone tree 3 objective: 2.34737
0 44 35 
35 24 38 
38 12 16 37 
37 36 34 
34 6 
6 43 11 
11 10 18 
18 3 
3 15 13 
13 21 26 
10 39 49 32 
43 8 25 46 
26 14 7 
32 48 9 41 
7 22 
46 30 
30 19 
16 5 2 
41 28 
21 27 
22 20 
25 17 
19 31 
17 40 
20 1 
49 
12 29 
15 42 
27 45 33 
40 
44 
14 
31 4 
8 23 
2 47 
28 
39 
36 
33 
42 
1 
9 
29 
4 
48 
45 
5 
24 
23 
47 
# clone tree 4 objective: 2.34754
0 44 35 
35 23 24 38 
38 12 16 37 
37 36 34 
34 6 
6 43 11 
11 10 18 
18 3 
3 15 13 
13 5 21 26 
10 39 49 32 
43 8 25 46 
26 14 7 
32 48 9 41 
7 22 
46 30 
30 19 
16 2 
41 28 
21 27 
22 20 
25 17 
19 31 
17 40 
20 1 
49 
12 29 
15 42 
27 45 33 
40 
44 
14 4 
31 
8 
2 47 
28 
39 
36 
33 
42 
1 
9 
29 
4 
48 
45 
5 
24 
23 
47 
# clone tree 5 objective: 2.34754
0 44 35 
35 24 38 
38 12 16 37 
37 36 34 
34 6 
6 43 11 
11 10 18 
18 3 
3 15 13 
13 5 21 26 
10 39 49 32 
43 8 25 46 
26 14 7 
32 48 9 41 
7 22 
46 30 
30 19 
16 2 
41 28 
21 27 
22 20 
25 17 
19 31 
17 40 
20 1 
49 
12 29 
15 42 
27 45 33 
40 
44 
14 4 
31 
8 23 
2 47 
28 
39 
36 
33 
42 
1 
9 
29 
4 
48 
45 
5 
24 
23 
47 
# clone tree 6 objective: 2.34754
0 44 35 
35 24 38 
38 12 16 37 
37 36 34 
34 6 
6 43 11 
11 10 18 
18 3 
3 15 13 
13 21 26 
10 39 49 32 
43 8 25 46 
26 14 7 
32 48 9 41 
7 22 
46 30 
30 19 
16 5 2 
41 28 
21 27 
22 20 
25 17 
19 31 
17 40 
20 1 
49 
12 29 
15 42 
27 45 33 
40 
44 
14 4 
31 
8 23 
2 47 
28 
39 
36 
33 
42 
1 
9 
29 
4 
48 
45 
5 
24 
23 
47 
# clone tree 7 objective: 2.34754
0 44 35 
35 23 24 38 
38 12 16 37 
37 36 34 
34 6 
6 43 11 
11 10 18 
18 3 
3 15 13 
13 21 26 
10 39 49 32 
43 8 25 46 
26 14 7 
32 48 9 41 
7 22 
46 30 
30 19 
16 5 2 
41 28 
21 27 
22 20 
25 17 
19 31 
17 40 
20 1 
49 
12 29 
15 42 
27 45 33 
40 
44 
14 4 
31 
8 
2 47 
28 
39 
36 
33 
42 
1 
9 
29 
4 
48 
45 
5 
24 
23 
47 
# clone tree 8 objective: 2.34758
0 44 35 
35 23 38 
38 12 16 37 
37 36 34 
34 6 
6 43 11 
11 10 18 
18 3 
3 15 13 
13 24 21 26 
10 39 49 32 
43 8 25 46 
26 14 7 
32 48 9 41 
7 22 
46 30 
30 19 
16 5 2 
41 28 
21 27 
22 20 
25 17 
19 31 
17 40 
20 1 
49 
12 29 
15 42 
27 45 33 
40 
44 
14 
31 4 
8 
2 47 
28 
39 
36 
33 
42 
1 
9 
29 
4 
48 
45 
5 
24 
23 
47 
# clone tree 9 objective: 2.34758
0 44 35 
35 23 38 
38 12 16 37 
37 36 34 
34 6 
6 43 11 
11 10 18 
18 3 
3 15 13 
13 24 5 21 26 
10 39 49 32 
43 8 25 46 
26 14 7 
32 48 9 41 
7 22 
46 30 
30 19 
16 2 
41 28 
21 27 
22 20 
25 17 
19 31 
17 40 
20 1 
49 
12 29 
15 42 
27 45 33 
40 
44 
14 
31 4 
8 
2 47 
28 
39 
36 
33 
42 
1 
9 
29 
4 
48 
45 
5 
24 
23 
47 
# clone tree 10 objective: 2.34758
0 44 35 
35 38 
38 12 16 37 
37 36 34 
34 6 
6 43 11 
11 10 18 
18 3 
3 15 13 
13 24 21 26 
10 39 49 32 
43 8 25 46 
26 14 7 
32 48 9 41 
7 22 
46 30 
30 19 
16 5 2 
41 28 
21 27 
22 20 
25 17 
19 31 
17 40 
20 1 
49 
12 29 
15 42 
27 45 33 
40 
44 
14 
31 4 
8 23 
2 47 
28 
39 
36 
33 
42 
1 
9 
29 
4 
48 
45 
5 
24 
23 
47 
# clone tree 11 objective: 2.34758
0 44 35 
35 38 
38 12 16 37 
37 36 34 
34 6 
6 43 11 
11 10 18 
18 3 
3 15 13 
13 24 5 21 26 
10 39 49 32 
43 8 25 46 
26 14 7 
32 48 9 41 
7 22 
46 30 
30 19 
16 2 
41 28 
21 27 
22 20 
25 17 
19 31 
17 40 
20 1 
49 
12 29 
15 42 
27 45 33 
40 
44 
14 
31 4 
8 23 
2 47 
28 
39 
36 
33 
42 
1 
9 
29 
4 
48 
45 
5 
24 
23 
47 
# clone tree 12 objective: 2.34776
0 44 35 
35 23 38 
38 12 16 37 
37 36 34 
34 6 
6 43 11 
11 10 18 
18 3 
3 15 13 
13 24 5 21 26 
10 39 49 32 
43 8 25 46 
26 14 7 
32 48 9 41 
7 22 
46 30 
30 19 
16 2 
41 28 
21 27 
22 20 
25 17 
19 31 
17 40 
20 1 
49 
12 29 
15 42 
27 45 33 
40 
44 
14 4 
31 
8 
2 47 
28 
39 
36 
33 
42 
1 
9 
29 
4 
48 
45 
5 
24 
23 
47 
# clone tree 13 objective: 2.34776
0 44 35 
35 23 38 
38 12 16 37 
37 36 34 
34 6 
6 43 11 
11 10 18 
18 3 
3 15 13 
13 24 21 26 
10 39 49 32 
43 8 25 46 
26 14 7 
32 48 9 41 
7 22 
46 30 
30 19 
16 5 2 
41 28 
21 27 
22 20 
25 17 
19 31 
17 40 
20 1 
49 
12 29 
15 42 
27 45 33 
40 
44 
14 4 
31 
8 
2 47 
28 
39 
36 
33 
42 
1 
9 
29 
4 
48 
45 
5 
24 
23 
47 
# clone tree 14 objective: 2.34776
0 44 35 
35 38 
38 12 16 37 
37 36 34 
34 6 
6 43 11 
11 10 18 
18 3 
3 15 13 
13 24 5 21 26 
10 39 49 32 
43 8 25 46 
26 14 7 
32 48 9 41 
7 22 
46 30 
30 19 
16 2 
41 28 
21 27 
22 20 
25 17 
19 31 
17 40 
20 1 
49 
12 29 
15 42 
27 45 33 
40 
44 
14 4 
31 
8 23 
2 47 
28 
39 
36 
33 
42 
1 
9 
29 
4 
48 
45 
5 
24 
23 
47 
# clone tree 15 objective: 2.34776
0 44 35 
35 38 
38 12 16 37 
37 36 34 
34 6 
6 43 11 
11 10 18 
18 3 
3 15 13 
13 24 21 26 
10 39 49 32 
43 8 25 46 
26 14 7 
32 48 9 41 
7 22 
46 30 
30 19 
16 5 2 
41 28 
21 27 
22 20 
25 17 
19 31 
17 40 
20 1 
49 
12 29 
15 42 
27 45 33 
40 
44 
14 4 
31 
8 23 
2 47 
28 
39 
36 
33 
42 
1 
9 
29 
4 
48 
45 
5 
24 
23 
47 
# clone tree 16 objective: 2.34789
0 44 35 
35 24 38 
38 12 16 37 
37 36 34 
34 6 
6 43 11 
11 10 18 
18 3 
3 15 13 
13 5 21 26 
10 39 49 32 
43 8 25 46 
26 14 7 
32 48 9 41 
7 22 
46 30 
30 33 19 
16 2 
41 28 
21 27 
22 20 
25 17 
19 31 
17 40 
20 1 
49 
12 29 
15 42 
27 45 
40 
44 
14 
31 4 
8 23 
2 47 
28 
39 
36 
33 
42 
1 
9 
29 
4 
48 
45 
5 
24 
23 
47 
# clone tree 17 objective: 2.34789
0 44 35 
35 23 24 38 
38 12 16 37 
37 36 34 
34 6 
6 43 11 
11 10 18 
18 3 
3 15 13 
13 21 26 
10 39 49 32 
43 8 25 46 
26 14 7 
32 48 9 41 
7 22 
46 30 
30 33 19 
16 5 2 
41 28 
21 27 
22 20 
25 17 
19 31 
17 40 
20 1 
49 
12 29 
15 42 
27 45 
40 
44 
14 
31 4 
8 
2 47 
28 
39 
36 
33 
42 
1 
9 
29 
4 
48 
45 
5 
24 
23 
47 
# clone tree 18 objective: 2.34789
0 44 35 
35 24 38 
38 12 16 37 
37 36 34 
34 6 
6 43 11 
11 10 18 
18 3 
3 15 13 
13 21 26 
10 39 49 32 
43 8 25 46 
26 14 7 
32 48 9 41 
7 22 
46 30 
30 33 19 
16 5 2 
41 28 
21 27 
22 20 
25 17 
19 31 
17 40 
20 1 
49 
12 29 
15 42 
27 45 
40 
44 
14 
31 4 
8 23 
2 47 
28 
39 
36 
33 
42 
1 
9 
29 
4 
48 
45 
5 
24 
23 
47 
# clone tree 19 objective: 2.34789
0 44 35 
35 23 24 38 
38 12 16 37 
37 36 34 
34 6 
6 43 11 
11 10 18 
18 3 
3 15 13 
13 5 21 26 
10 39 49 32 
43 8 25 46 
26 14 7 
32 48 9 41 
7 22 
46 30 
30 33 19 
16 2 
41 28 
21 27 
22 20 
25 17 
19 31 
17 40 
20 1 
49 
12 29 
15 42 
27 45 
40 
44 
14 
31 4 
8 
2 47 
28 
39 
36 
33 
42 
1 
9 
29 
4 
48 
45 
5 
24 
23 
47 
# clone tree 20 objective: 2.34806
0 44 35 
35 23 24 38 
38 12 16 37 
37 36 34 
34 6 
6 43 11 
11 10 18 
18 3 
3 15 13 
13 21 26 
10 39 49 32 
43 8 25 46 
26 14 7 
32 48 9 41 
7 22 
46 30 
30 33 19 
16 5 2 
41 28 
21 27 
22 20 
25 17 
19 31 
17 40 
20 1 
49 
12 29 
15 42 
27 45 
40 
44 
14 4 
31 
8 
2 47 
28 
39 
36 
33 
42 
1 
9 
29 
4 
48 
45 
5 
24 
23 
47 
# clone tree 21 objective: 2.34806
0 44 35 
35 24 38 
38 12 16 37 
37 36 34 
34 6 
6 43 11 
11 10 18 
18 3 
3 15 13 
13 5 21 26 
10 39 49 32 
43 8 25 46 
26 14 7 
32 48 9 41 
7 22 
46 30 
30 33 19 
16 2 
41 28 
21 27 
22 20 
25 17 
19 31 
17 40 
20 1 
49 
12 29 
15 42 
27 45 
40 
44 
14 4 
31 
8 23 
2 47 
28 
39 
36 
33 
42 
1 
9 
29 
4 
48 
45 
5 
24 
23 
47 
# clone tree 22 objective: 2.34806
0 44 35 
35 24 38 
38 12 16 37 
37 36 34 
34 6 
6 43 11 
11 10 18 
18 3 
3 15 13 
13 21 26 
10 39 49 32 
43 8 25 46 
26 14 7 
32 48 9 41 
7 22 
46 30 
30 33 19 
16 5 2 
41 28 
21 27 
22 20 
25 17 
19 31 
17 40 
20 1 
49 
12 29 
15 42 
27 45 
40 
44 
14 4 
31 
8 23 
2 47 
28 
39 
36 
33 
42 
1 
9 
29 
4 
48 
45 
5 
24 
23 
47 
# clone tree 23 objective: 2.34806
0 44 35 
35 23 24 38 
38 12 16 37 
37 36 34 
34 6 
6 43 11 
11 10 18 
18 3 
3 15 13 
13 5 21 26 
10 39 49 32 
43 8 25 46 
26 14 7 
32 48 9 41 
7 22 
46 30 
30 33 19 
16 2 
41 28 
21 27 
22 20 
25 17 
19 31 
17 40 
20 1 
49 
12 29 
15 42 
27 45 
40 
44 
14 4 
31 
8 
2 47 
28 
39 
36 
33 
42 
1 
9 
29 
4 
48 
45 
5 
24 
23 
47 
# clone tree 24 objective: 2.34809
0 44 35 
35 24 38 
38 12 16 37 
37 36 34 
34 6 
6 43 11 
11 10 18 
18 3 
3 15 13 
13 21 26 
10 39 49 32 
43 8 25 46 
26 14 7 
32 48 9 41 
7 22 
46 30 
30 19 
16 5 2 
41 28 
21 29 27 
22 20 
25 17 
19 31 
17 40 
20 1 
49 
12 
15 42 
27 45 33 
40 
44 
14 
31 4 
8 23 
2 47 
28 
39 
36 
33 
42 
1 
9 
29 
4 
48 
45 
5 
24 
23 
47 
# clone tree 25 objective: 2.34809
0 44 35 
35 23 24 38 
38 12 16 37 
37 36 34 
34 6 
6 43 11 
11 10 18 
18 3 
3 15 13 
13 5 21 26 
10 39 49 32 
43 8 25 46 
26 14 7 
32 48 9 41 
7 22 
46 30 
30 19 
16 2 
41 28 
21 29 27 
22 20 
25 17 
19 31 
17 40 
20 1 
49 
12 
15 42 
27 45 33 
40 
44 
14 
31 4 
8 
2 47 
28 
39 
36 
33 
42 
1 
9 
29 
4 
48 
45 
5 
24 
23 
47 
# clone tree 26 objective: 2.34809
0 44 35 
35 23 24 38 
38 12 16 37 
37 36 34 
34 6 
6 43 11 
11 10 18 
18 3 
3 15 13 
13 21 26 
10 39 49 32 
43 8 25 46 
26 14 7 
32 48 9 41 
7 22 
46 30 
30 19 
16 5 2 
41 28 
21 29 27 
22 20 
25 17 
19 31 
17 40 
20 1 
49 
12 
15 42 
27 45 33 
40 
44 
14 
31 4 
8 
2 47 
28 
39 
36 
33 
42 
1 
9 
29 
4 
48 
45 
5 
24 
23 
47 
# clone tree 27 objective: 2.34809
0 44 35 
35 24 38 
38 12 16 37 
37 36 34 
34 6 
6 43 11 
11 10 18 
18 3 
3 15 13 
13 5 21 26 
10 39 49 32 
43 8 25 46 
26 14 7 
32 48 9 41 
7 22 
46 30 
30 19 
16 2 
41 28 
21 29 27 
22 20 
25 17 
19 31 
17 40 
20 1 
49 
12 
15 42 
27 45 33 
40 
44 
14 
31 4 
8 23 
2 47 
28 
39 
36 
33 
42 
1 
9 
29 
4 
48 
45 
5 
24 
23 
47 
# clone tree 28 objective: 2.34811
0 44 35 
35 23 38 
38 12 16 37 
37 36 34 
34 6 
6 43 11 
11 10 18 
18 3 
3 15 13 
13 24 21 26 
10 39 49 32 
43 8 25 46 
26 14 7 
32 48 9 41 
7 22 
46 30 
30 33 19 
16 5 2 
41 28 
21 27 
22 20 
25 17 
19 31 
17 40 
20 1 
49 
12 29 
15 42 
27 45 
40 
44 
14 
31 4 
8 
2 47 
28 
39 
36 
33 
42 
1 
9 
29 
4 
48 
45 
5 
24 
23 
47 
# clone tree 29 objective: 2.34811
0 44 35 
35 23 38 
38 12 16 37 
37 36 34 
34 6 
6 43 11 
11 10 18 
18 3 
3 15 13 
13 24 5 21 26 
10 39 49 32 
43 8 25 46 
26 14 7 
32 48 9 41 
7 22 
46 30 
30 33 19 
16 2 
41 28 
21 27 
22 20 
25 17 
19 31 
17 40 
20 1 
49 
12 29 
15 42 
27 45 
40 
44 
14 
31 4 
8 
2 47 
28 
39 
36 
33 
42 
1 
9 
29 
4 
48 
45 
5 
24 
23 
47 
# clone tree 30 objective: 2.34811
0 44 35 
35 38 
38 12 16 37 
37 36 34 
34 6 
6 43 11 
11 10 18 
18 3 
3 15 13 
13 24 21 26 
10 39 49 32 
43 8 25 46 
26 14 7 
32 48 9 41 
7 22 
46 30 
30 33 19 
16 5 2 
41 28 
21 27 
22 20 
25 17 
19 31 
17 40 
20 1 
49 
12 29 
15 42 
27 45 
40 
44 
14 
31 4 
8 23 
2 47 
28 
39 
36 
33 
42 
1 
9 
29 
4 
48 
45 
5 
24 
23 
47 
# clone tree 31 objective: 2.34811
0 44 35 
35 38 
38 12 16 37 
37 36 34 
34 6 
6 43 11 
11 10 18 
18 3 
3 15 13 
13 24 5 21 26 
10 39 49 32 
43 8 25 46 
26 14 7 
32 48 9 41 
7 22 
46 30 
30 33 19 
16 2 
41 28 
21 27 
22 20 
25 17 
19 31 
17 40 
20 1 
49 
12 29 
15 42 
27 45 
40 
44 
14 
31 4 
8 23 
2 47 
28 
39 
36 
33 
42 
1 
9 
29 
4 
48 
45 
5 
24 
23 
47 
# clone tree 32 objective: 2.34827
0 44 35 
35 23 24 38 
38 12 16 37 
37 36 34 
34 6 
6 43 11 
11 10 18 
18 3 
3 15 13 
13 21 26 
10 39 49 32 
43 8 25 46 
26 14 7 
32 48 9 41 
7 22 
46 30 
30 19 
16 5 2 
41 28 
21 29 27 
22 20 
25 17 
19 31 
17 40 
20 1 
49 
12 
15 42 
27 45 33 
40 
44 
14 4 
31 
8 
2 47 
28 
39 
36 
33 
42 
1 
9 
29 
4 
48 
45 
5 
24 
23 
47 
# clone tree 33 objective: 2.34827
0 44 35 
35 23 24 38 
38 12 16 37 
37 36 34 
34 6 
6 43 11 
11 10 18 
18 3 
3 15 13 
13 5 21 26 
10 39 49 32 
43 8 25 46 
26 14 7 
32 48 9 41 
7 22 
46 30 
30 19 
16 2 
41 28 
21 29 27 
22 20 
25 17 
19 31 
17 40 
20 1 
49 
12 
15 42 
27 45 33 
40 
44 
14 4 
31 
8 
2 47 
28 
39 
36 
33 
42 
1 
9 
29 
4 
48 
45 
5 
24 
23 
47 
# clone tree 34 objective: 2.34827
0 44 35 
35 24 38 
38 12 16 37 
37 36 34 
34 6 
6 43 11 
11 10 18 
18 3 
3 15 13 
13 21 26 
10 39 49 32 
43 8 25 46 
26 14 7 
32 48 9 41 
7 22 
46 30 
30 19 
16 5 2 
41 28 
21 29 27 
22 20 
25 17 
19 31 
17 40 
20 1 
49 
12 
15 42 
27 45 33 
40 
44 
14 4 
31 
8 23 
2 47 
28 
39 
36 
33 
42 
1 
9 
29 
4 
48 
45 
5 
24 
23 
47 
# clone tree 35 objective: 2.34827
0 44 35 
35 24 38 
38 12 16 37 
37 36 34 
34 6 
6 43 11 
11 10 18 
18 3 
3 15 13 
13 5 21 26 
10 39 49 32 
43 8 25 46 
26 14 7 
32 48 9 41 
7 22 
46 30 
30 19 
16 2 
41 28 
21 29 27 
22 20 
25 17 
19 31 
17 40 
20 1 
49 
12 
15 42 
27 45 33 
40 
44 
14 4 
31 
8 23 
2 47 
28 
39 
36 
33 
42 
1 
9 
29 
4 
48 
45 
5 
24 
23 
47 
# clone tree 36 objective: 2.34828
0 44 35 
35 38 
38 12 16 37 
37 36 34 
34 6 
6 43 11 
11 10 18 
18 3 
3 15 13 
13 24 21 26 
10 39 49 32 
43 8 25 46 
26 14 7 
32 48 9 41 
7 22 
46 30 
30 33 19 
16 5 2 
41 28 
21 27 
22 20 
25 17 
19 31 
17 40 
20 1 
49 
12 29 
15 42 
27 45 
40 
44 
14 4 
31 
8 23 
2 47 
28 
39 
36 
33 
42 
1 
9 
29 
4 
48 
45 
5 
24 
23 
47 
# clone tree 37 objective: 2.34828
0 44 35 
35 23 38 
38 12 16 37 
37 36 34 
34 6 
6 43 11 
11 10 18 
18 3 
3 15 13 
13 24 5 21 26 
10 39 49 32 
43 8 25 46 
26 14 7 
32 48 9 41 
7 22 
46 30 
30 33 19 
16 2 
41 28 
21 27 
22 20 
25 17 
19 31 
17 40 
20 1 
49 
12 29 
15 42 
27 45 
40 
44 
14 4 
31 
8 
2 47 
28 
39 
36 
33 
42 
1 
9 
29 
4 
48 
45 
5 
24 
23 
47 
# clone tree 38 objective: 2.34828
0 44 35 
35 23 38 
38 12 16 37 
37 36 34 
34 6 
6 43 11 
11 10 18 
18 3 
3 15 13 
13 24 21 26 
10 39 49 32 
43 8 25 46 
26 14 7 
32 48 9 41 
7 22 
46 30 
30 33 19 
16 5 2 
41 28 
21 27 
22 20 
25 17 
19 31 
17 40 
20 1 
49 
12 29 
15 42 
27 45 
40 
44 
14 4 
31 
8 
2 47 
28 
39 
36 
33 
42 
1 
9 
29 
4 
48 
45 
5 
24 
23 
47 
# clone tree 39 objective: 2.34828
0 44 35 
35 38 
38 12 16 37 
37 36 34 
34 6 
6 43 11 
11 10 18 
18 3 
3 15 13 
13 24 5 21 26 
10 39 49 32 
43 8 25 46 
26 14 7 
32 48 9 41 
7 22 
46 30 
30 33 19 
16 2 
41 28 
21 27 
22 20 
25 17 
19 31 
17 40 
20 1 
49 
12 29 
15 42 
27 45 
40 
44 
14 4 
31 
8 23 
2 47 
28 
39 
36 
33 
42 
1 
9 
29 
4 
48 
45 
5 
24 
23 
47 
# clone tree 40 objective: 2.34831
0 44 35 
35 23 38 
38 12 16 37 
37 36 34 
34 6 
6 43 11 
11 10 18 
18 3 
3 15 13 
13 24 21 26 
10 39 49 32 
43 8 25 46 
26 14 7 
32 48 9 41 
7 22 
46 30 
30 19 
16 5 2 
41 28 
21 29 27 
22 20 
25 17 
19 31 
17 40 
20 1 
49 
12 
15 42 
27 45 33 
40 
44 
14 
31 4 
8 
2 47 
28 
39 
36 
33 
42 
1 
9 
29 
4 
48 
45 
5 
24 
23 
47 
# clone tree 41 objective: 2.34831
0 44 35 
35 38 
38 12 16 37 
37 36 34 
34 6 
6 43 11 
11 10 18 
18 3 
3 15 13 
13 24 21 26 
10 39 49 32 
43 8 25 46 
26 14 7 
32 48 9 41 
7 22 
46 30 
30 19 
16 5 2 
41 28 
21 29 27 
22 20 
25 17 
19 31 
17 40 
20 1 
49 
12 
15 42 
27 45 33 
40 
44 
14 
31 4 
8 23 
2 47 
28 
39 
36 
33 
42 
1 
9 
29 
4 
48 
45 
5 
24 
23 
47 
# clone tree 42 objective: 2.34831
0 44 35 
35 23 38 
38 12 16 37 
37 36 34 
34 6 
6 43 11 
11 10 18 
18 3 
3 15 13 
13 24 5 21 26 
10 39 49 32 
43 8 25 46 
26 14 7 
32 48 9 41 
7 22 
46 30 
30 19 
16 2 
41 28 
21 29 27 
22 20 
25 17 
19 31 
17 40 
20 1 
49 
12 
15 42 
27 45 33 
40 
44 
14 
31 4 
8 
2 47 
28 
39 
36 
33 
42 
1 
9 
29 
4 
48 
45 
5 
24 
23 
47 
# clone tree 43 objective: 2.34831
0 44 35 
35 38 
38 12 16 37 
37 36 34 
34 6 
6 43 11 
11 10 18 
18 3 
3 15 13 
13 24 5 21 26 
10 39 49 32 
43 8 25 46 
26 14 7 
32 48 9 41 
7 22 
46 30 
30 19 
16 2 
41 28 
21 29 27 
22 20 
25 17 
19 31 
17 40 
20 1 
49 
12 
15 42 
27 45 33 
40 
44 
14 
31 4 
8 23 
2 47 
28 
39 
36 
33 
42 
1 
9 
29 
4 
48 
45 
5 
24 
23 
47 
# clone tree 44 objective: 2.34849
0 44 35 
35 38 
38 12 16 37 
37 36 34 
34 6 
6 43 11 
11 10 18 
18 3 
3 15 13 
13 24 5 21 26 
10 39 49 32 
43 8 25 46 
26 14 7 
32 48 9 41 
7 22 
46 30 
30 19 
16 2 
41 28 
21 29 27 
22 20 
25 17 
19 31 
17 40 
20 1 
49 
12 
15 42 
27 45 33 
40 
44 
14 4 
31 
8 23 
2 47 
28 
39 
36 
33 
42 
1 
9 
29 
4 
48 
45 
5 
24 
23 
47 
# clone tree 45 objective: 2.34849
0 44 35 
35 38 
38 12 16 37 
37 36 34 
34 6 
6 43 11 
11 10 18 
18 3 
3 15 13 
13 24 21 26 
10 39 49 32 
43 8 25 46 
26 14 7 
32 48 9 41 
7 22 
46 30 
30 19 
16 5 2 
41 28 
21 29 27 
22 20 
25 17 
19 31 
17 40 
20 1 
49 
12 
15 42 
27 45 33 
40 
44 
14 4 
31 
8 23 
2 47 
28 
39 
36 
33 
42 
1 
9 
29 
4 
48 
45 
5 
24 
23 
47 
# clone tree 46 objective: 2.34849
0 44 35 
35 23 38 
38 12 16 37 
37 36 34 
34 6 
6 43 11 
11 10 18 
18 3 
3 15 13 
13 24 21 26 
10 39 49 32 
43 8 25 46 
26 14 7 
32 48 9 41 
7 22 
46 30 
30 19 
16 5 2 
41 28 
21 29 27 
22 20 
25 17 
19 31 
17 40 
20 1 
49 
12 
15 42 
27 45 33 
40 
44 
14 4 
31 
8 
2 47 
28 
39 
36 
33 
42 
1 
9 
29 
4 
48 
45 
5 
24 
23 
47 
# clone tree 47 objective: 2.34849
0 44 35 
35 23 38 
38 12 16 37 
37 36 34 
34 6 
6 43 11 
11 10 18 
18 3 
3 15 13 
13 24 5 21 26 
10 39 49 32 
43 8 25 46 
26 14 7 
32 48 9 41 
7 22 
46 30 
30 19 
16 2 
41 28 
21 29 27 
22 20 
25 17 
19 31 
17 40 
20 1 
49 
12 
15 42 
27 45 33 
40 
44 
14 4 
31 
8 
2 47 
28 
39 
36 
33 
42 
1 
9 
29 
4 
48 
45 
5 
24 
23 
47 
# clone tree 48 objective: 2.34858
0 44 35 
35 38 
38 12 16 37 
37 36 34 
34 6 
6 43 11 
11 10 18 
18 3 
3 15 13 
13 5 21 26 
10 39 49 32 
43 8 25 46 
26 14 7 
32 48 9 41 
7 22 
46 30 
30 19 
16 2 
41 28 
21 27 
22 20 
25 17 
19 31 
17 40 
20 1 
49 
12 29 
15 42 
27 45 33 
40 24 
44 
14 
31 4 
8 23 
2 47 
28 
39 
36 
33 
42 
1 
9 
29 
4 
48 
45 
5 
24 
23 
47 
# clone tree 49 objective: 2.34858
0 44 35 
35 23 38 
38 12 16 37 
37 36 34 
34 6 
6 43 11 
11 10 18 
18 3 
3 15 13 
13 5 21 26 
10 39 49 32 
43 8 25 46 
26 14 7 
32 48 9 41 
7 22 
46 30 
30 19 
16 2 
41 28 
21 27 
22 20 
25 17 
19 31 
17 40 
20 1 
49 
12 29 
15 42 
27 45 33 
40 24 
44 
14 
31 4 
8 
2 47 
28 
39 
36 
33 
42 
1 
9 
29 
4 
48 
45 
5 
24 
23 
47 
# clone tree 50 objective: 2.34858
0 44 35 
35 38 
38 12 16 37 
37 36 34 
34 6 
6 43 11 
11 10 18 
18 3 
3 15 13 
13 21 26 
10 39 49 32 
43 8 25 46 
26 14 7 
32 48 9 41 
7 22 
46 30 
30 19 
16 5 2 
41 28 
21 27 
22 20 
25 17 
19 31 
17 40 
20 1 
49 
12 29 
15 42 
27 45 33 
40 24 
44 
14 
31 4 
8 23 
2 47 
28 
39 
36 
33 
42 
1 
9 
29 
4 
48 
45 
5 
24 
23 
47 
# clone tree 51 objective: 2.34858
0 44 35 
35 23 38 
38 12 16 37 
37 36 34 
34 6 
6 43 11 
11 10 18 
18 3 
3 15 13 
13 21 26 
10 39 49 32 
43 8 25 46 
26 14 7 
32 48 9 41 
7 22 
46 30 
30 19 
16 5 2 
41 28 
21 27 
22 20 
25 17 
19 31 
17 40 
20 1 
49 
12 29 
15 42 
27 45 33 
40 24 
44 
14 
31 4 
8 
2 47 
28 
39 
36 
33 
42 
1 
9 
29 
4 
48 
45 
5 
24 
23 
47 
# clone tree 52 objective: 2.34861
0 44 35 
35 23 24 38 
38 12 16 37 
37 36 34 
34 6 
6 43 11 
11 10 18 
18 3 
3 15 13 
13 5 21 26 
10 39 49 32 
43 8 25 46 
26 14 7 
32 48 9 41 
7 22 
46 30 
30 33 19 
16 2 
41 28 
21 29 27 
22 20 
25 17 
19 31 
17 40 
20 1 
49 
12 
15 42 
27 45 
40 
44 
14 
31 4 
8 
2 47 
28 
39 
36 
33 
42 
1 
9 
29 
4 
48 
45 
5 
24 
23 
47 
# clone tree 53 objective: 2.34861
0 44 35 
35 24 38 
38 12 16 37 
37 36 34 
34 6 
6 43 11 
11 10 18 
18 3 
3 15 13 
13 21 26 
10 39 49 32 
43 8 25 46 
26 14 7 
32 48 9 41 
7 22 
46 30 
30 33 19 
16 5 2 
41 28 
21 29 27 
22 20 
25 17 
19 31 
17 40 
20 1 
49 
12 
15 42 
27 45 
40 
44 
14 
31 4 
8 23 
2 47 
28 
39 
36 
33 
42 
1 
9 
29 
4 
48 
45 
5 
24 
23 
47 
# clone tree 54 objective: 2.34861
0 44 35 
35 24 38 
38 12 16 37 
37 36 34 
34 6 
6 43 11 
11 10 18 
18 3 
3 15 13 
13 5 21 26 
10 39 49 32 
43 8 25 46 
26 14 7 
32 48 9 41 
7 22 
46 30 
30 33 19 
16 2 
41 28 
21 29 27 
22 20 
25 17 
19 31 
17 40 
20 1 
49 
12 
15 42 
27 45 
40 
44 
14 
31 4 
8 23 
2 47 
28 
39 
36 
33 
42 
1 
9 
29 
4 
48 
45 
5 
24 
23 
47 
# clone tree 55 objective: 2.34861
0 44 35 
35 23 24 38 
38 12 16 37 
37 36 34 
34 6 
6 43 11 
11 10 18 
18 3 
3 15 13 
13 21 26 
10 39 49 32 
43 8 25 46 
26 14 7 
32 48 9 41 
7 22 
46 30 
30 33 19 
16 5 2 
41 28 
21 29 27 
22 20 
25 17 
19 31 
17 40 
20 1 
49 
12 
15 42 
27 45 
40 
44 
14 
31 4 
8 
2 47 
28 
39 
36 
33 
42 
1 
9 
29 
4 
48 
45 
5 
24 
23 
47 
# clone tree 56 objective: 2.34996
0 44 35 
35 23 24 38 
38 15 16 37 
37 36 34 
34 6 
6 43 11 
11 10 18 
18 3 
3 12 13 
13 21 26 
10 39 49 32 
43 8 25 46 
26 14 7 
32 48 9 41 
7 22 
46 30 
30 19 
16 5 2 
41 28 
21 27 
22 20 
25 17 
19 31 
17 40 
20 1 
49 
12 29 
15 42 
27 45 33 
40 
44 
14 
31 4 
8 
2 47 
28 
39 
36 
33 
42 
1 
9 
29 
4 
48 
45 
5 
24 
23 
47 
# clone tree 57 objective: 2.34996
0 44 35 
35 24 38 
38 15 16 37 
37 36 34 
34 6 
6 43 11 
11 10 18 
18 3 
3 12 13 
13 21 26 
10 39 49 32 
43 8 25 46 
26 14 7 
32 48 9 41 
7 22 
46 30 
30 19 
16 5 2 
41 28 
21 27 
22 20 
25 17 
19 31 
17 40 
20 1 
49 
12 29 
15 42 
27 45 33 
40 
44 
14 
31 4 
8 23 
2 47 
28 
39 
36 
33 
42 
1 
9 
29 
4 
48 
45 
5 
24 
23 
47 
# clone tree 58 objective: 2.34996
0 44 35 
35 23 24 38 
38 15 16 37 
37 36 34 
34 6 
6 43 11 
11 10 18 
18 3 
3 12 13 
13 5 21 26 
10 39 49 32 
43 8 25 46 
26 14 7 
32 48 9 41 
7 22 
46 30 
30 19 
16 2 
41 28 
21 27 
22 20 
25 17 
19 31 
17 40 
20 1 
49 
12 29 
15 42 
27 45 33 
40 
44 
14 
31 4 
8 
2 47 
28 
39 
36 
33 
42 
1 
9 
29 
4 
48 
45 
5 
24 
23 
47 
# clone tree 59 objective: 2.34996
0 44 35 
35 24 38 
38 15 16 37 
37 36 34 
34 6 
6 43 11 
11 10 18 
18 3 
3 12 13 
13 5 21 26 
10 39 49 32 
43 8 25 46 
26 14 7 
32 48 9 41 
7 22 
46 30 
30 19 
16 2 
41 28 
21 27 
22 20 
25 17 
19 31 
17 40 
20 1 
49 
12 29 
15 42 
27 45 33 
40 
44 
14 
31 4 
8 23 
2 47 
28 
39 
36 
33 
42 
1 
9 
29 
4 
48 
45 
5 
24 
23 
47 
# clone tree 60 objective: 2.35013
0 44 35 
35 24 38 
38 15 16 37 
37 36 34 
34 6 
6 43 11 
11 10 18 
18 3 
3 12 13 
13 21 26 
10 39 49 32 
43 8 25 46 
26 14 7 
32 48 9 41 
7 22 
46 30 
30 19 
16 5 2 
41 28 
21 27 
22 20 
25 17 
19 31 
17 40 
20 1 
49 
12 29 
15 42 
27 45 33 
40 
44 
14 4 
31 
8 23 
2 47 
28 
39 
36 
33 
42 
1 
9 
29 
4 
48 
45 
5 
24 
23 
47 
# clone tree 61 objective: 2.35013
0 44 35 
35 23 24 38 
38 15 16 37 
37 36 34 
34 6 
6 43 11 
11 10 18 
18 3 
3 12 13 
13 21 26 
10 39 49 32 
43 8 25 46 
26 14 7 
32 48 9 41 
7 22 
46 30 
30 19 
16 5 2 
41 28 
21 27 
22 20 
25 17 
19 31 
17 40 
20 1 
49 
12 29 
15 42 
27 45 33 
40 
44 
14 4 
31 
8 
2 47 
28 
39 
36 
33 
42 
1 
9 
29 
4 
48 
45 
5 
24 
23 
47 
# clone tree 62 objective: 2.35013
0 44 35 
35 24 38 
38 15 16 37 
37 36 34 
34 6 
6 43 11 
11 10 18 
18 3 
3 12 13 
13 5 21 26 
10 39 49 32 
43 8 25 46 
26 14 7 
32 48 9 41 
7 22 
46 30 
30 19 
16 2 
41 28 
21 27 
22 20 
25 17 
19 31 
17 40 
20 1 
49 
12 29 
15 42 
27 45 33 
40 
44 
14 4 
31 
8 23 
2 47 
28 
39 
36 
33 
42 
1 
9 
29 
4 
48 
45 
5 
24 
23 
47 
# clone tree 63 objective: 2.35013
0 44 35 
35 23 24 38 
38 15 16 37 
37 36 34 
34 6 
6 43 11 
11 10 18 
18 3 
3 12 13 
13 5 21 26 
10 39 49 32 
43 8 25 46 
26 14 7 
32 48 9 41 
7 22 
46 30 
30 19 
16 2 
41 28 
21 27 
22 20 
25 17 
19 31 
17 40 
20 1 
49 
12 29 
15 42 
27 45 33 
40 
44 
14 4 
31 
8 
2 47 
28 
39 
36 
33 
42 
1 
9 
29 
4 
48 
45 
5 
24 
23 
47 
# clone tree 64 objective: 2.35017
0 44 35 
35 38 
38 15 16 37 
37 36 34 
34 6 
6 43 11 
11 10 18 
18 3 
3 12 13 
13 24 21 26 
10 39 49 32 
43 8 25 46 
26 14 7 
32 48 9 41 
7 22 
46 30 
30 19 
16 5 2 
41 28 
21 27 
22 20 
25 17 
19 31 
17 40 
20 1 
49 
12 29 
15 42 
27 45 33 
40 
44 
14 
31 4 
8 23 
2 47 
28 
39 
36 
33 
42 
1 
9 
29 
4 
48 
45 
5 
24 
23 
47 
# clone tree 65 objective: 2.35017
0 44 35 
35 38 
38 15 16 37 
37 36 34 
34 6 
6 43 11 
11 10 18 
18 3 
3 12 13 
13 24 5 21 26 
10 39 49 32 
43 8 25 46 
26 14 7 
32 48 9 41 
7 22 
46 30 
30 19 
16 2 
41 28 
21 27 
22 20 
25 17 
19 31 
17 40 
20 1 
49 
12 29 
15 42 
27 45 33 
40 
44 
14 
31 4 
8 23 
2 47 
28 
39 
36 
33 
42 
1 
9 
29 
4 
48 
45 
5 
24 
23 
47 
# clone tree 66 objective: 2.35017
0 44 35 
35 23 38 
38 15 16 37 
37 36 34 
34 6 
6 43 11 
11 10 18 
18 3 
3 12 13 
13 24 21 26 
10 39 49 32 
43 8 25 46 
26 14 7 
32 48 9 41 
7 22 
46 30 
30 19 
16 5 2 
41 28 
21 27 
22 20 
25 17 
19 31 
17 40 
20 1 
49 
12 29 
15 42 
27 45 33 
40 
44 
14 
31 4 
8 
2 47 
28 
39 
36 
33 
42 
1 
9 
29 
4 
48 
45 
5 
24 
23 
47 
# clone tree 67 objective: 2.35017
0 44 35 
35 23 38 
38 15 16 37 
37 36 34 
34 6 
6 43 11 
11 10 18 
18 3 
3 12 13 
13 24 5 21 26 
10 39 49 32 
43 8 25 46 
26 14 7 
32 48 9 41 
7 22 
46 30 
30 19 
16 2 
41 28 
21 27 
22 20 
25 17 
19 31 
17 40 
20 1 
49 
12 29 
15 42 
27 45 33 
40 
44 
14 
31 4 
8 
2 47 
28 
39 
36 
33 
42 
1 
9 
29 
4 
48 
45 
5 
24 
23 
47 
# clone tree 68 objective: 2.35035
0 44 35 
35 38 
38 15 16 37 
37 36 34 
34 6 
6 43 11 
11 10 18 
18 3 
3 12 13 
13 24 5 21 26 
10 39 49 32 
43 8 25 46 
26 14 7 
32 48 9 41 
7 22 
46 30 
30 19 
16 2 
41 28 
21 27 
22 20 
25 17 
19 31 
17 40 
20 1 
49 
12 29 
15 42 
27 45 33 
40 
44 
14 4 
31 
8 23 
2 47 
28 
39 
36 
33 
42 
1 
9 
29 
4 
48 
45 
5 
24 
23 
47 
# clone tree 69 objective: 2.35035
0 44 35 
35 23 38 
38 15 16 37 
37 36 34 
34 6 
6 43 11 
11 10 18 
18 3 
3 12 13 
13 24 21 26 
10 39 49 32 
43 8 25 46 
26 14 7 
32 48 9 41 
7 22 
46 30 
30 19 
16 5 2 
41 28 
21 27 
22 20 
25 17 
19 31 
17 40 
20 1 
49 
12 29 
15 42 
27 45 33 
40 
44 
14 4 
31 
8 
2 47 
28 
39 
36 
33 
42 
1 
9 
29 
4 
48 
45 
5 
24 
23 
47 
# clone tree 70 objective: 2.35035
0 44 35 
35 38 
38 15 16 37 
37 36 34 
34 6 
6 43 11 
11 10 18 
18 3 
3 12 13 
13 24 21 26 
10 39 49 32 
43 8 25 46 
26 14 7 
32 48 9 41 
7 22 
46 30 
30 19 
16 5 2 
41 28 
21 27 
22 20 
25 17 
19 31 
17 40 
20 1 
49 
12 29 
15 42 
27 45 33 
40 
44 
14 4 
31 
8 23 
2 47 
28 
39 
36 
33 
42 
1 
9 
29 
4 
48 
45 
5 
24 
23 
47 
# clone tree 71 objective: 2.35035
0 44 35 
35 23 38 
38 15 16 37 
37 36 34 
34 6 
6 43 11 
11 10 18 
18 3 
3 12 13 
13 24 5 21 26 
10 39 49 32 
43 8 25 46 
26 14 7 
32 48 9 41 
7 22 
46 30 
30 19 
16 2 
41 28 
21 27 
22 20 
25 17 
19 31 
17 40 
20 1 
49 
12 29 
15 42 
27 45 33 
40 
44 
14 4 
31 
8 
2 47 
28 
39 
36 
33 
42 
1 
9 
29 
4 
48 
45 
5 
24 
23 
47 
# clone tree 72 objective: 2.35048
0 44 35 
35 23 24 38 
38 15 16 37 
37 36 34 
34 6 
6 43 11 
11 10 18 
18 3 
3 12 13 
13 21 26 
10 39 49 32 
43 8 25 46 
26 14 7 
32 48 9 41 
7 22 
46 30 
30 33 19 
16 5 2 
41 28 
21 27 
22 20 
25 17 
19 31 
17 40 
20 1 
49 
12 29 
15 42 
27 45 
40 
44 
14 
31 4 
8 
2 47 
28 
39 
36 
33 
42 
1 
9 
29 
4 
48 
45 
5 
24 
23 
47 
# clone tree 73 objective: 2.35048
0 44 35 
35 24 38 
38 15 16 37 
37 36 34 
34 6 
6 43 11 
11 10 18 
18 3 
3 12 13 
13 21 26 
10 39 49 32 
43 8 25 46 
26 14 7 
32 48 9 41 
7 22 
46 30 
30 33 19 
16 5 2 
41 28 
21 27 
22 20 
25 17 
19 31 
17 40 
20 1 
49 
12 29 
15 42 
27 45 
40 
44 
14 
31 4 
8 23 
2 47 
28 
39 
36 
33 
42 
1 
9 
29 
4 
48 
45 
5 
24 
23 
47 
# clone tree 74 objective: 2.35048
0 44 35 
35 23 24 38 
38 15 16 37 
37 36 34 
34 6 
6 43 11 
11 10 18 
18 3 
3 12 13 
13 5 21 26 
10 39 49 32 
43 8 25 46 
26 14 7 
32 48 9 41 
7 22 
46 30 
30 33 19 
16 2 
41 28 
21 27 
22 20 
25 17 
19 31 
17 40 
20 1 
49 
12 29 
15 42 
27 45 
40 
44 
14 
31 4 
8 
2 47 
28 
39 
36 
33 
42 
1 
9 
29 
4 
48 
45 
5 
24 
23 
47 
# clone tree 75 objective: 2.35048
0 44 35 
35 24 38 
38 15 16 37 
37 36 34 
34 6 
6 43 11 
11 10 18 
18 3 
3 12 13 
13 5 21 26 
10 39 49 32 
43 8 25 46 
26 14 7 
32 48 9 41 
7 22 
46 30 
30 33 19 
16 2 
41 28 
21 27 
22 20 
25 17 
19 31 
17 40 
20 1 
49 
12 29 
15 42 
27 45 
40 
44 
14 
31 4 
8 23 
2 47 
28 
39 
36 
33 
42 
1 
9 
29 
4 
48 
45 
5 
24 
23 
47 
# clone tree 76 objective: 2.35065
0 44 35 
35 24 38 
38 15 16 37 
37 36 34 
34 6 
6 43 11 
11 10 18 
18 3 
3 12 13 
13 21 26 
10 39 49 32 
43 8 25 46 
26 14 7 
32 48 9 41 
7 22 
46 30 
30 33 19 
16 5 2 
41 28 
21 27 
22 20 
25 17 
19 31 
17 40 
20 1 
49 
12 29 
15 42 
27 45 
40 
44 
14 4 
31 
8 23 
2 47 
28 
39 
36 
33 
42 
1 
9 
29 
4 
48 
45 
5 
24 
23 
47 
# clone tree 77 objective: 2.35065
0 44 35 
35 23 24 38 
38 15 16 37 
37 36 34 
34 6 
6 43 11 
11 10 18 
18 3 
3 12 13 
13 21 26 
10 39 49 32 
43 8 25 46 
26 14 7 
32 48 9 41 
7 22 
46 30 
30 33 19 
16 5 2 
41 28 
21 27 
22 20 
25 17 
19 31 
17 40 
20 1 
49 
12 29 
15 42 
27 45 
40 
44 
14 4 
31 
8 
2 47 
28 
39 
36 
33 
42 
1 
9 
29 
4 
48 
45 
5 
24 
23 
47 
# clone tree 78 objective: 2.35065
0 44 35 
35 24 38 
38 15 16 37 
37 36 34 
34 6 
6 43 11 
11 10 18 
18 3 
3 12 13 
13 5 21 26 
10 39 49 32 
43 8 25 46 
26 14 7 
32 48 9 41 
7 22 
46 30 
30 33 19 
16 2 
41 28 
21 27 
22 20 
25 17 
19 31 
17 40 
20 1 
49 
12 29 
15 42 
27 45 
40 
44 
14 4 
31 
8 23 
2 47 
28 
39 
36 
33 
42 
1 
9 
29 
4 
48 
45 
5 
24 
23 
47 
# clone tree 79 objective: 2.35065
0 44 35 
35 23 24 38 
38 15 16 37 
37 36 34 
34 6 
6 43 11 
11 10 18 
18 3 
3 12 13 
13 5 21 26 
10 39 49 32 
43 8 25 46 
26 14 7 
32 48 9 41 
7 22 
46 30 
30 33 19 
16 2 
41 28 
21 27 
22 20 
25 17 
19 31 
17 40 
20 1 
49 
12 29 
15 42 
27 45 
40 
44 
14 4 
31 
8 
2 47 
28 
39 
36 
33 
42 
1 
9 
29 
4 
48 
45 
5 
24 
23 
47 
# clone tree 80 objective: 2.35068
0 44 35 
35 24 38 
38 15 16 37 
37 36 34 
34 6 
6 43 11 
11 10 18 
18 3 
3 12 13 
13 5 21 26 
10 39 49 32 
43 8 25 46 
26 14 7 
32 48 9 41 
7 22 
46 30 
30 19 
16 2 
41 28 
21 29 27 
22 20 
25 17 
19 31 
17 40 
20 1 
49 
12 
15 42 
27 45 33 
40 
44 
14 
31 4 
8 23 
2 47 
28 
39 
36 
33 
42 
1 
9 
29 
4 
48 
45 
5 
24 
23 
47 
# clone tree 81 objective: 2.35068
0 44 35 
35 23 24 38 
38 15 16 37 
37 36 34 
34 6 
6 43 11 
11 10 18 
18 3 
3 12 13 
13 5 21 26 
10 39 49 32 
43 8 25 46 
26 14 7 
32 48 9 41 
7 22 
46 30 
30 19 
16 2 
41 28 
21 29 27 
22 20 
25 17 
19 31 
17 40 
20 1 
49 
12 
15 42 
27 45 33 
40 
44 
14 
31 4 
8 
2 47 
28 
39 
36 
33 
42 
1 
9 
29 
4 
48 
45 
5 
24 
23 
47 
# clone tree 82 objective: 2.35068
0 44 35 
35 23 24 38 
38 15 16 37 
37 36 34 
34 6 
6 43 11 
11 10 18 
18 3 
3 12 13 
13 21 26 
10 39 49 32 
43 8 25 46 
26 14 7 
32 48 9 41 
7 22 
46 30 
30 19 
16 5 2 
41 28 
21 29 27 
22 20 
25 17 
19 31 
17 40 
20 1 
49 
12 
15 42 
27 45 33 
40 
44 
14 
31 4 
8 
2 47 
28 
39 
36 
33 
42 
1 
9 
29 
4 
48 
45 
5 
24 
23 
47 
# clone tree 83 objective: 2.35068
0 44 35 
35 24 38 
38 15 16 37 
37 36 34 
34 6 
6 43 11 
11 10 18 
18 3 
3 12 13 
13 21 26 
10 39 49 32 
43 8 25 46 
26 14 7 
32 48 9 41 
7 22 
46 30 
30 19 
16 5 2 
41 28 
21 29 27 
22 20 
25 17 
19 31 
17 40 
20 1 
49 
12 
15 42 
27 45 33 
40 
44 
14 
31 4 
8 23 
2 47 
28 
39 
36 
33 
42 
1 
9 
29 
4 
48 
45 
5 
24 
23 
47 
# clone tree 84 objective: 2.35069
0 44 35 
35 23 38 
38 15 16 37 
37 36 34 
34 6 
6 43 11 
11 10 18 
18 3 
3 12 13 
13 24 5 21 26 
10 39 49 32 
43 8 25 46 
26 14 7 
32 48 9 41 
7 22 
46 30 
30 33 19 
16 2 
41 28 
21 27 
22 20 
25 17 
19 31 
17 40 
20 1 
49 
12 29 
15 42 
27 45 
40 
44 
14 
31 4 
8 
2 47 
28 
39 
36 
33 
42 
1 
9 
29 
4 
48 
45 
5 
24 
23 
47 
# clone tree 85 objective: 2.35069
0 44 35 
35 23 38 
38 15 16 37 
37 36 34 
34 6 
6 43 11 
11 10 18 
18 3 
3 12 13 
13 24 21 26 
10 39 49 32 
43 8 25 46 
26 14 7 
32 48 9 41 
7 22 
46 30 
30 33 19 
16 5 2 
41 28 
21 27 
22 20 
25 17 
19 31 
17 40 
20 1 
49 
12 29 
15 42 
27 45 
40 
44 
14 
31 4 
8 
2 47 
28 
39 
36 
33 
42 
1 
9 
29 
4 
48 
45 
5 
24 
23 
47 
# clone tree 86 objective: 2.35069
0 44 35 
35 38 
38 15 16 37 
37 36 34 
34 6 
6 43 11 
11 10 18 
18 3 
3 12 13 
13 24 21 26 
10 39 49 32 
43 8 25 46 
26 14 7 
32 48 9 41 
7 22 
46 30 
30 33 19 
16 5 2 
41 28 
21 27 
22 20 
25 17 
19 31 
17 40 
20 1 
49 
12 29 
15 42 
27 45 
40 
44 
14 
31 4 
8 23 
2 47 
28 
39 
36 
33 
42 
1 
9 
29 
4 
48 
45 
5 
24 
23 
47 
# clone tree 87 objective: 2.35069
0 44 35 
35 38 
38 15 16 37 
37 36 34 
34 6 
6 43 11 
11 10 18 
18 3 
3 12 13 
13 24 5 21 26 
10 39 49 32 
43 8 25 46 
26 14 7 
32 48 9 41 
7 22 
46 30 
30 33 19 
16 2 
41 28 
21 27 
22 20 
25 17 
19 31 
17 40 
20 1 
49 
12 29 
15 42 
27 45 
40 
44 
14 
31 4 
8 23 
2 47 
28 
39 
36 
33 
42 
1 
9 
29 
4 
48 
45 
5 
24 
23 
47 
# clone tree 88 objective: 2.35086
0 44 35 
35 23 24 38 
38 15 16 37 
37 36 34 
34 6 
6 43 11 
11 10 18 
18 3 
3 12 13 
13 21 26 
10 39 49 32 
43 8 25 46 
26 14 7 
32 48 9 41 
7 22 
46 30 
30 19 
16 5 2 
41 28 
21 29 27 
22 20 
25 17 
19 31 
17 40 
20 1 
49 
12 
15 42 
27 45 33 
40 
44 
14 4 
31 
8 
2 47 
28 
39 
36 
33 
42 
1 
9 
29 
4 
48 
45 
5 
24 
23 
47 
# clone tree 89 objective: 2.35086
0 44 35 
35 24 38 
38 15 16 37 
37 36 34 
34 6 
6 43 11 
11 10 18 
18 3 
3 12 13 
13 21 26 
10 39 49 32 
43 8 25 46 
26 14 7 
32 48 9 41 
7 22 
46 30 
30 19 
16 5 2 
41 28 
21 29 27 
22 20 
25 17 
19 31 
17 40 
20 1 
49 
12 
15 42 
27 45 33 
40 
44 
14 4 
31 
8 23 
2 47 
28 
39 
36 
33 
42 
1 
9 
29 
4 
48 
45 
5 
24 
23 
47 
# clone tree 90 objective: 2.35086
0 44 35 
35 24 38 
38 15 16 37 
37 36 34 
34 6 
6 43 11 
11 10 18 
18 3 
3 12 13 
13 5 21 26 
10 39 49 32 
43 8 25 46 
26 14 7 
32 48 9 41 
7 22 
46 30 
30 19 
16 2 
41 28 
21 29 27 
22 20 
25 17 
19 31 
17 40 
20 1 
49 
12 
15 42 
27 45 33 
40 
44 
14 4 
31 
8 23 
2 47 
28 
39 
36 
33 
42 
1 
9 
29 
4 
48 
45 
5 
24 
23 
47 
# clone tree 91 objective: 2.35086
0 44 35 
35 23 24 38 
38 15 16 37 
37 36 34 
34 6 
6 43 11 
11 10 18 
18 3 
3 12 13 
13 5 21 26 
10 39 49 32 
43 8 25 46 
26 14 7 
32 48 9 41 
7 22 
46 30 
30 19 
16 2 
41 28 
21 29 27 
22 20 
25 17 
19 31 
17 40 
20 1 
49 
12 
15 42 
27 45 33 
40 
44 
14 4 
31 
8 
2 47 
28 
39 
36 
33 
42 
1 
9 
29 
4 
48 
45 
5 
24 
23 
47 
# clone tree 92 objective: 2.35087
0 44 35 
35 38 
38 15 16 37 
37 36 34 
34 6 
6 43 11 
11 10 18 
18 3 
3 12 13 
13 24 21 26 
10 39 49 32 
43 8 25 46 
26 14 7 
32 48 9 41 
7 22 
46 30 
30 33 19 
16 5 2 
41 28 
21 27 
22 20 
25 17 
19 31 
17 40 
20 1 
49 
12 29 
15 42 
27 45 
40 
44 
14 4 
31 
8 23 
2 47 
28 
39 
36 
33 
42 
1 
9 
29 
4 
48 
45 
5 
24 
23 
47 
# clone tree 93 objective: 2.35087
0 44 35 
35 23 38 
38 15 16 37 
37 36 34 
34 6 
6 43 11 
11 10 18 
18 3 
3 12 13 
13 24 21 26 
10 39 49 32 
43 8 25 46 
26 14 7 
32 48 9 41 
7 22 
46 30 
30 33 19 
16 5 2 
41 28 
21 27 
22 20 
25 17 
19 31 
17 40 
20 1 
49 
12 29 
15 42 
27 45 
40 
44 
14 4 
31 
8 
2 47 
28 
39 
36 
33 
42 
1 
9 
29 
4 
48 
45 
5 
24 
23 
47 
# clone tree 94 objective: 2.35087
0 44 35 
35 38 
38 15 16 37 
37 36 34 
34 6 
6 43 11 
11 10 18 
18 3 
3 12 13 
13 24 5 21 26 
10 39 49 32 
43 8 25 46 
26 14 7 
32 48 9 41 
7 22 
46 30 
30 33 19 
16 2 
41 28 
21 27 
22 20 
25 17 
19 31 
17 40 
20 1 
49 
12 29 
15 42 
27 45 
40 
44 
14 4 
31 
8 23 
2 47 
28 
39 
36 
33 
42 
1 
9 
29 
4 
48 
45 
5 
24 
23 
47 
# clone tree 95 objective: 2.35087
0 44 35 
35 23 38 
38 15 16 37 
37 36 34 
34 6 
6 43 11 
11 10 18 
18 3 
3 12 13 
13 24 5 21 26 
10 39 49 32 
43 8 25 46 
26 14 7 
32 48 9 41 
7 22 
46 30 
30 33 19 
16 2 
41 28 
21 27 
22 20 
25 17 
19 31 
17 40 
20 1 
49 
12 29 
15 42 
27 45 
40 
44 
14 4 
31 
8 
2 47 
28 
39 
36 
33 
42 
1 
9 
29 
4 
48 
45 
5 
24 
23 
47 
# clone tree 96 objective: 2.3509
0 44 35 
35 23 38 
38 15 16 37 
37 36 34 
34 6 
6 43 11 
11 10 18 
18 3 
3 12 13 
13 24 21 26 
10 39 49 32 
43 8 25 46 
26 14 7 
32 48 9 41 
7 22 
46 30 
30 19 
16 5 2 
41 28 
21 29 27 
22 20 
25 17 
19 31 
17 40 
20 1 
49 
12 
15 42 
27 45 33 
40 
44 
14 
31 4 
8 
2 47 
28 
39 
36 
33 
42 
1 
9 
29 
4 
48 
45 
5 
24 
23 
47 
# clone tree 97 objective: 2.3509
0 44 35 
35 23 38 
38 15 16 37 
37 36 34 
34 6 
6 43 11 
11 10 18 
18 3 
3 12 13 
13 24 5 21 26 
10 39 49 32 
43 8 25 46 
26 14 7 
32 48 9 41 
7 22 
46 30 
30 19 
16 2 
41 28 
21 29 27 
22 20 
25 17 
19 31 
17 40 
20 1 
49 
12 
15 42 
27 45 33 
40 
44 
14 
31 4 
8 
2 47 
28 
39 
36 
33 
42 
1 
9 
29 
4 
48 
45 
5 
24 
23 
47 
# clone tree 98 objective: 2.3509
0 44 35 
35 38 
38 15 16 37 
37 36 34 
34 6 
6 43 11 
11 10 18 
18 3 
3 12 13 
13 24 21 26 
10 39 49 32 
43 8 25 46 
26 14 7 
32 48 9 41 
7 22 
46 30 
30 19 
16 5 2 
41 28 
21 29 27 
22 20 
25 17 
19 31 
17 40 
20 1 
49 
12 
15 42 
27 45 33 
40 
44 
14 
31 4 
8 23 
2 47 
28 
39 
36 
33 
42 
1 
9 
29 
4 
48 
45 
5 
24 
23 
47 
# clone tree 99 objective: 2.3509
0 44 35 
35 38 
38 15 16 37 
37 36 34 
34 6 
6 43 11 
11 10 18 
18 3 
3 12 13 
13 24 5 21 26 
10 39 49 32 
43 8 25 46 
26 14 7 
32 48 9 41 
7 22 
46 30 
30 19 
16 2 
41 28 
21 29 27 
22 20 
25 17 
19 31 
17 40 
20 1 
49 
12 
15 42 
27 45 33 
40 
44 
14 
31 4 
8 23 
2 47 
28 
39 
36 
33 
42 
1 
9 
29 
4 
48 
45 
5 
24 
23 
47 
