# clone tree 0 objective: 2.0078
0 24 46 1 
1 43 19 
19 20 26 8 
8 21 40 3 
3 39 9 
35 23 
9 35 
23 14 29 
46 27 41 16 
16 47 4 
29 31 
31 44 
44 28 
4 48 38 
38 33 6 
28 15 22 7 
14 45 25 
6 30 36 
7 11 
11 37 5 
26 34 
25 10 42 
39 18 
36 13 
34 32 
5 17 
24 49 
48 
13 
42 12 
22 
41 
47 2 
32 
27 
49 
20 
37 
33 
40 
12 
43 
18 
10 
17 
2 
30 
21 
45 
15 
# clone tree 1 objective: 2.0078
0 24 46 1 
1 43 19 
19 20 26 8 
8 21 40 3 
3 39 9 
35 15 23 
9 35 
23 14 29 
46 27 41 16 
16 47 4 
29 31 
31 44 
44 28 
4 48 38 
38 33 6 
28 22 7 
14 45 25 
6 30 36 
7 11 
11 37 5 
26 34 
25 10 42 
39 18 
36 13 
34 32 
5 17 
24 49 
48 
13 
42 12 
22 
41 
47 2 
32 
27 
49 
20 
37 
33 
40 
12 
43 
18 
10 
17 
2 
30 
21 
45 
15 
# clone tree 2 objective: 2.0078
0 24 46 1 
1 43 19 
19 15 20 26 8 
8 21 40 3 
3 39 9 
35 23 
9 35 
23 14 29 
46 27 41 16 
16 47 4 
29 31 
31 44 
44 28 
4 48 38 
38 33 6 
28 22 7 
14 45 25 
6 30 36 
7 11 
11 37 5 
26 34 
25 10 42 
39 18 
36 13 
34 32 
5 17 
24 49 
48 
13 
42 12 
22 
41 
47 2 
32 
27 
49 
20 
37 
33 
40 
12 
43 
18 
10 
17 
2 
30 
21 
45 
15 
# clone tree 3 objective: 2.00837
0 24 46 1 
1 43 19 
19 20 26 8 
8 21 40 3 
3 39 9 
35 15 23 
9 35 
23 14 29 
46 27 41 16 
16 47 4 
29 31 
31 44 
44 45 28 
4 48 38 
38 33 6 
28 22 7 
14 25 
6 30 36 
7 11 
11 37 5 
26 34 
25 10 42 
39 18 
36 13 
34 32 
5 17 
24 49 
48 
13 
42 12 
22 
41 
47 2 
32 
27 
49 
20 
37 
33 
40 
12 
43 
18 
10 
17 
2 
30 
21 
45 
15 
# clone tree 4 objective: 2.00837
0 24 46 1 
1 43 19 
19 15 20 26 8 
8 21 40 3 
3 39 9 
35 23 
9 35 
23 14 29 
46 27 41 16 
16 47 4 
29 31 
31 44 
44 45 28 
4 48 38 
38 33 6 
28 22 7 
14 25 
6 30 36 
7 11 
11 37 5 
26 34 
25 10 42 
39 18 
36 13 
34 32 
5 17 
24 49 
48 
13 
42 12 
22 
41 
47 2 
32 
27 
49 
20 
37 
33 
40 
12 
43 
18 
10 
17 
2 
30 
21 
45 
15 
# clone tree 5 objective: 2.00837
0 24 46 1 
1 43 19 
19 20 26 8 
8 21 40 3 
3 39 9 
35 23 
9 35 
23 14 29 
46 27 41 16 
16 47 4 
29 31 
31 44 
44 45 28 
4 48 38 
38 33 6 
28 15 22 7 
14 25 
6 30 36 
7 11 
11 37 5 
26 34 
25 10 42 
39 18 
36 13 
34 32 
5 17 
24 49 
48 
13 
42 12 
22 
41 
47 2 
32 
27 
49 
20 
37 
33 
40 
12 
43 
18 
10 
17 
2 
30 
21 
45 
15 
# clone tree 6 objective: 2.00921
0 24 46 1 
1 43 19 
19 20 26 8 
8 21 40 3 
3 39 9 
35 15 23 
9 35 
23 14 29 
46 27 41 16 
16 47 4 
29 31 
31 44 
44 28 
4 48 38 
38 33 6 
28 22 7 
14 45 25 
6 30 36 
7 18 11 
11 37 5 
26 34 
25 10 42 
39 
36 13 
34 32 
5 17 
24 49 
48 
13 
42 12 
22 
41 
47 2 
32 
27 
49 
20 
37 
33 
40 
12 
43 
18 
10 
17 
2 
30 
21 
45 
15 
# clone tree 7 objective: 2.00921
0 24 46 1 
1 43 19 
19 15 20 26 8 
8 21 40 3 
3 39 9 
35 23 
9 35 
23 14 29 
46 27 41 16 
16 47 4 
29 31 
31 44 
44 28 
4 48 38 
38 33 6 
28 22 7 
14 45 25 
6 30 36 
7 18 11 
11 37 5 
26 34 
25 10 42 
39 
36 13 
34 32 
5 17 
24 49 
48 
13 
42 12 
22 
41 
47 2 
32 
27 
49 
20 
37 
33 
40 
12 
43 
18 
10 
17 
2 
30 
21 
45 
15 
# clone tree 8 objective: 2.00921
0 24 46 1 
1 43 19 
19 20 26 8 
8 21 40 3 
3 39 9 
35 23 
9 35 
23 14 29 
46 27 41 16 
16 47 4 
29 31 
31 44 
44 28 
4 48 38 
38 33 6 
28 22 7 
14 45 25 
6 30 36 
7 18 11 
11 37 5 
26 34 
25 10 42 
39 15 
36 13 
34 32 
5 17 
24 49 
48 
13 
42 12 
22 
41 
47 2 
32 
27 
49 
20 
37 
33 
40 
12 
43 
18 
10 
17 
2 
30 
21 
45 
15 
# clone tree 9 objective: 2.00921
0 24 46 1 
1 43 19 
19 20 26 8 
8 21 40 3 
3 39 9 
35 23 
9 35 
23 14 29 
46 27 41 16 
16 47 4 
29 31 
31 44 
44 28 
4 48 38 
38 33 6 
28 15 22 7 
14 45 25 
6 30 36 
7 18 11 
11 37 5 
26 34 
25 10 42 
39 
36 13 
34 32 
5 17 
24 49 
48 
13 
42 12 
22 
41 
47 2 
32 
27 
49 
20 
37 
33 
40 
12 
43 
18 
10 
17 
2 
30 
21 
45 
15 
