# clone tree 0 objective: 1.65344
0 30 16 
16 40 44 38 39 
39 4 
4 49 36 18 
38 12 41 
18 33 22 31 
41 15 5 
31 10 24 2 
2 27 
27 37 1 
42 9 
36 48 47 26 
1 14 
5 11 
15 42 
22 17 
30 20 
12 6 25 
14 45 19 
13 7 
9 13 
20 29 
11 46 
7 8 
8 35 
19 43 
44 34 
46 3 
35 23 
25 
34 
40 21 
26 32 
6 
29 
47 
17 28 
49 
24 
37 
48 
3 
33 
23 
10 
43 
32 
28 
45 
21 
# clone tree 1 objective: 1.65344
0 30 16 
16 40 44 38 39 
39 4 
4 49 36 18 
38 12 41 
18 33 22 31 
41 28 15 5 
31 10 24 2 
2 27 
27 37 1 
42 9 
36 48 47 26 
1 14 
5 11 
15 42 
22 17 
30 20 
12 6 25 
14 19 
13 7 
9 13 
20 29 
11 46 
7 8 
8 35 
19 21 43 
44 34 
46 3 
35 23 
25 
34 32 
40 
26 45 
6 
29 
47 
17 
49 
24 
37 
48 
3 
33 
23 
10 
43 
32 
28 
45 
21 
# clone tree 2 objective: 1.65344
0 30 16 
16 40 44 38 39 
39 4 
4 49 36 18 
38 12 41 
18 33 22 31 
41 15 5 
31 10 24 2 
2 27 
27 37 1 
42 9 
36 45 48 47 26 
1 14 
5 11 
15 42 
22 21 17 
30 20 
12 6 25 
14 19 
13 7 
9 13 
20 29 
11 46 
7 8 
8 35 
19 43 
44 34 
46 3 
35 23 
25 
34 
40 
26 28 
6 
29 32 
47 
17 
49 
24 
37 
48 
3 
33 
23 
10 
43 
32 
28 
45 
21 
# clone tree 3 objective: 1.65344
0 30 16 
16 21 40 44 38 39 
39 4 
4 49 36 18 
38 12 41 
18 33 22 31 
41 28 15 5 
31 10 24 2 
2 27 
27 37 1 
42 9 
36 48 47 26 
1 14 
5 11 
15 42 
22 45 17 
30 20 
12 6 25 
14 19 
13 7 
9 13 
20 32 29 
11 46 
7 8 
8 35 
19 43 
44 34 
46 3 
35 23 
25 
34 
40 
26 
6 
29 
47 
17 
49 
24 
37 
48 
3 
33 
23 
10 
43 
32 
28 
45 
21 
# clone tree 4 objective: 1.65344
0 32 30 16 
16 45 40 44 38 39 
39 4 
4 49 36 18 
38 21 12 41 
18 33 22 31 
41 15 5 
31 10 24 2 
2 27 
27 37 1 
42 9 
36 48 47 26 
1 14 
5 11 
15 42 
22 17 
30 20 
12 6 25 
14 19 
13 7 
9 13 
20 29 
11 46 
7 8 
8 35 
19 43 
44 34 
46 3 
35 23 
25 
34 28 
40 
26 
6 
29 
47 
17 
49 
24 
37 
48 
3 
33 
23 
10 
43 
32 
28 
45 
21 
# clone tree 5 objective: 1.65344
0 30 16 
16 40 44 38 39 
39 4 
4 49 36 18 
38 12 41 
18 33 22 31 
41 15 5 
31 10 24 2 
2 27 
27 37 1 
42 9 
36 28 48 47 26 
1 14 
5 11 
15 42 
22 17 
30 20 
12 6 25 
14 19 
13 7 
9 13 
20 29 
11 46 
7 8 
8 35 
19 43 
44 34 
46 3 
35 23 
25 
34 
40 
26 45 
6 
29 
47 
17 
49 21 
24 
37 
48 
3 
33 
23 32 
10 
43 
32 
28 
45 
21 
# clone tree 6 objective: 1.65344
0 30 16 
16 40 44 38 39 
39 4 
4 49 36 18 
38 12 41 
18 33 22 31 
41 28 15 5 
31 10 24 2 
2 27 
27 37 1 
42 9 
36 48 47 26 
1 14 
5 11 
15 42 
22 17 
30 20 
12 6 25 
14 19 
13 7 
9 13 
20 29 
11 46 
7 8 
8 35 
19 43 
44 34 
46 3 
35 23 
25 
34 32 
40 
26 45 
6 
29 
47 
17 
49 
24 
37 
48 
3 
33 
23 21 
10 
43 
32 
28 
45 
21 
# clone tree 7 objective: 1.65344
0 30 16 
16 28 40 44 38 39 
39 4 
4 49 36 18 
38 12 41 
18 33 22 31 
41 15 5 
31 10 24 2 
2 27 
27 37 1 
42 9 
36 48 47 26 
1 14 
5 11 
15 42 
22 21 17 
30 20 
12 6 25 
14 19 
13 7 
9 13 
20 29 
11 46 
7 8 
8 35 
19 43 
44 34 
46 3 
35 23 
25 
34 32 
40 
26 
6 
29 
47 
17 
49 
24 
37 
48 
3 
33 
23 
10 
43 
32 
28 45 
45 
21 
# clone tree 8 objective: 1.65344
0 30 16 
16 40 44 38 39 
39 4 
4 49 36 18 
38 12 41 
18 33 22 31 
41 15 5 
31 10 24 2 
2 27 
27 37 1 
42 9 
36 48 47 26 
1 14 
5 11 
15 42 
22 17 
30 20 
12 6 25 
14 45 19 
13 7 
9 13 
20 29 
11 46 
7 8 
8 35 
19 43 
44 21 34 
46 3 
35 23 
25 
34 
40 
26 32 
6 
29 
47 
17 28 
49 
24 
37 
48 
3 
33 
23 
10 
43 
32 
28 
45 
21 
# clone tree 9 objective: 1.65344
0 30 16 
16 40 44 38 39 
39 4 
4 49 36 18 
38 12 41 
18 33 22 31 
41 21 15 5 
31 10 24 2 
2 27 
27 37 1 
42 9 
36 48 47 26 
1 14 
5 11 
15 42 
22 23 17 
30 20 
12 6 25 
14 19 
13 7 
9 13 
20 29 
11 46 
7 8 
8 35 
19 43 
44 34 
46 3 
35 32 
25 
34 45 
40 
26 28 
6 
29 
47 
17 
49 
24 
37 
48 
3 
33 
23 
10 
43 
32 
28 
45 
21 
# clone tree 10 objective: 1.65344
0 32 30 16 
16 40 44 38 39 
39 4 
4 49 36 18 
38 12 41 
18 33 22 31 
41 15 5 
31 10 24 2 
2 27 
27 37 1 
42 9 
36 48 47 26 
1 14 
5 11 
15 42 
22 23 17 
30 20 
12 6 25 
14 19 
13 7 
9 13 
20 29 
11 46 
7 8 
8 35 
19 43 
44 34 
46 3 
35 21 
25 
34 
40 
26 28 
6 
29 
47 
17 45 
49 
24 
37 
48 
3 
33 
23 
10 
43 
32 
28 
45 
21 
# clone tree 11 objective: 1.65344
0 32 30 16 
16 40 44 38 39 
39 4 
4 49 36 18 
38 12 41 
18 33 22 31 
41 15 5 
31 10 24 2 
2 27 
27 37 1 
42 9 
36 48 47 26 
1 14 
5 11 
15 42 
22 17 
30 20 
12 6 25 
14 45 19 
13 7 
9 13 
20 29 
11 46 
7 8 
8 35 
19 43 
44 34 
46 3 
35 23 
25 
34 
40 
26 
6 
29 
47 
17 28 
49 21 
24 
37 
48 
3 
33 
23 
10 
43 
32 
28 
45 
21 
# clone tree 12 objective: 1.65344
0 30 16 
16 45 40 44 38 39 
39 4 
4 49 36 18 
38 12 41 
18 33 22 31 
41 15 5 
31 10 24 2 
2 27 
27 37 1 
42 9 
36 48 47 26 
1 14 
5 11 
15 42 
22 23 17 
30 20 
12 6 25 
14 19 
13 7 
9 13 
20 29 
11 46 
7 8 
8 35 
19 43 
44 34 
46 3 
35 32 
25 
34 
40 21 
26 28 
6 
29 
47 
17 
49 
24 
37 
48 
3 
33 
23 
10 
43 
32 
28 
45 
21 
# clone tree 13 objective: 1.65344
0 30 16 
16 28 40 44 38 39 
39 4 
4 49 36 18 
38 12 41 
18 33 22 31 
41 15 5 
31 10 24 2 
2 27 
27 37 1 
42 9 
36 48 47 26 
1 14 
5 11 
15 42 
22 17 
30 20 
12 6 25 
14 19 
13 7 
9 13 
20 29 
11 46 
7 8 
8 35 
19 43 
44 21 34 
46 3 
35 23 
25 
34 32 
40 
26 
6 
29 
47 
17 
49 
24 
37 
48 
3 
33 
23 
10 
43 
32 
28 45 
45 
21 
# clone tree 14 objective: 1.65344
0 30 16 
16 40 44 38 39 
39 4 
4 49 36 18 
38 21 12 41 
18 33 22 31 
41 15 5 
31 10 24 2 
2 27 
27 37 1 
42 9 
36 48 47 26 
1 14 
5 11 
15 42 
22 23 17 
30 20 
12 6 25 
14 19 
13 7 
9 13 
20 29 
11 46 
7 8 
8 35 
19 43 
44 34 
46 3 
35 
25 
34 28 32 
40 
26 45 
6 
29 
47 
17 
49 
24 
37 
48 
3 
33 
23 
10 
43 
32 
28 
45 
21 
# clone tree 15 objective: 1.65344
0 30 16 
16 40 44 38 39 
39 4 
4 49 36 18 
38 12 41 
18 33 22 31 
41 45 15 5 
31 10 24 2 
2 27 
27 37 1 
42 9 
36 48 47 26 
1 14 
5 11 
15 42 
22 23 17 
30 20 
12 6 25 
14 28 19 
13 7 
9 13 
20 29 
11 46 
7 8 
8 35 
19 43 
44 34 
46 3 
35 
25 
34 
40 
26 
6 
29 
47 
17 
49 21 
24 
37 
48 
3 
33 32 
23 
10 
43 
32 
28 
45 
21 
# clone tree 16 objective: 1.65344
0 30 16 
16 21 40 44 38 39 
39 4 
4 49 36 18 
38 12 41 
18 33 22 31 
41 15 5 
31 10 24 2 
2 27 
27 37 1 
42 9 
36 48 47 26 
1 14 
5 11 
15 42 
22 17 
30 20 
12 6 25 
14 19 
13 7 
9 13 
20 32 29 
11 46 
7 8 
8 35 
19 43 
44 34 
46 3 
35 23 
25 
34 
40 
26 28 
6 
29 
47 
17 
49 
24 
37 
48 
3 
33 
23 
10 
43 
32 
28 45 
45 
21 
# clone tree 17 objective: 1.65344
0 30 16 
16 40 44 38 39 
39 4 
4 49 36 18 
38 12 41 
18 33 22 31 
41 45 15 5 
31 10 24 2 
2 27 
27 37 1 
42 9 
36 48 47 26 
1 14 
5 11 
15 42 
22 23 17 
30 20 
12 6 25 
14 28 19 
13 7 
9 13 
20 29 
11 46 
7 8 
8 35 
19 21 43 
44 34 
46 3 
35 
25 
34 
40 
26 
6 
29 
47 
17 
49 
24 
37 
48 
3 
33 32 
23 
10 
43 
32 
28 
45 
21 
# clone tree 18 objective: 1.65344
0 30 16 
16 40 44 38 39 
39 4 
4 49 36 18 
38 12 41 
18 33 22 31 
41 15 5 
31 10 24 2 
2 27 
27 37 1 
42 9 
36 48 47 26 
1 14 
5 11 
15 42 
22 17 
30 20 
12 6 25 
14 19 
13 7 
9 13 
20 45 32 29 
11 46 
7 8 
8 35 
19 43 
44 34 
46 3 
35 23 
25 
34 28 
40 
26 
6 
29 
47 
17 
49 21 
24 
37 
48 
3 
33 
23 
10 
43 
32 
28 
45 
21 
# clone tree 19 objective: 1.65344
0 30 16 
16 40 44 38 39 
39 4 
4 21 49 36 18 
38 12 41 
18 33 22 31 
41 15 5 
31 10 24 2 
2 27 
27 37 1 
42 9 
36 48 47 26 
1 14 
5 11 
15 42 
22 23 17 
30 20 
12 6 25 
14 19 
13 7 
9 13 
20 29 
11 46 
7 8 
8 35 
19 43 
44 34 
46 3 
35 32 
25 
34 45 
40 
26 28 
6 
29 
47 
17 
49 
24 
37 
48 
3 
33 
23 
10 
43 
32 
28 
45 
21 
# clone tree 20 objective: 1.65344
0 30 16 
16 40 44 38 39 
39 4 
4 49 36 18 
38 12 41 
18 33 22 31 
41 15 5 
31 10 24 2 
2 27 
27 37 1 
42 9 
36 48 47 26 
1 14 
5 11 
15 42 
22 17 
30 20 
12 6 25 
14 19 
13 7 
9 13 
20 45 32 29 
11 46 
7 8 
8 35 
19 43 
44 34 
46 3 
35 23 
25 
34 28 
40 21 
26 
6 
29 
47 
17 
49 
24 
37 
48 
3 
33 
23 
10 
43 
32 
28 
45 
21 
# clone tree 21 objective: 1.65344
0 30 16 
16 21 28 40 44 38 39 
39 4 
4 49 36 18 
38 12 41 
18 33 22 31 
41 15 5 
31 10 24 2 
2 27 
27 37 1 
42 9 
36 48 47 26 
1 14 
5 11 
15 42 
22 17 
30 20 
12 6 25 
14 19 
13 7 
9 13 
20 29 
11 46 
7 8 
8 35 
19 43 
44 34 
46 3 
35 23 
25 
34 32 
40 
26 
6 
29 
47 
17 
49 
24 
37 
48 
3 
33 
23 
10 
43 
32 
28 45 
45 
21 
# clone tree 22 objective: 1.65344
0 30 16 
16 40 44 38 39 
39 4 
4 49 36 18 
38 12 41 
18 33 22 31 
41 15 5 
31 10 24 2 
2 27 
27 37 1 
42 9 
36 48 47 26 
1 14 
5 11 
15 42 
22 17 
30 20 
12 6 25 
14 19 
13 7 
9 13 
20 45 32 29 
11 46 
7 8 
8 35 
19 43 
44 21 34 
46 3 
35 23 
25 
34 28 
40 
26 
6 
29 
47 
17 
49 
24 
37 
48 
3 
33 
23 
10 
43 
32 
28 
45 
21 
# clone tree 23 objective: 1.65344
0 30 16 
16 40 44 38 39 
39 4 
4 49 36 18 
38 12 41 
18 33 22 31 
41 15 5 
31 10 24 2 
2 27 
27 37 1 
42 9 
36 48 47 26 
1 14 
5 11 
15 42 
22 17 
30 20 
12 6 25 
14 19 
13 7 
9 13 
20 29 
11 46 
7 8 
8 35 
19 43 
44 34 
46 3 
35 23 
25 
34 28 
40 
26 32 
6 
29 
47 
17 
49 21 
24 
37 
48 
3 
33 
23 
10 
43 
32 
28 45 
45 
21 
# clone tree 24 objective: 1.65344
0 30 16 
16 40 44 38 39 
39 4 
4 49 36 18 
38 12 41 
18 33 22 31 
41 45 15 5 
31 10 24 2 
2 27 
27 37 1 
42 9 
36 48 47 26 
1 14 
5 11 
15 42 
22 17 
30 20 
12 6 25 
14 19 
13 7 
9 13 
20 21 32 29 
11 46 
7 8 
8 35 
19 43 
44 34 
46 3 
35 23 
25 
34 
40 
26 
6 
29 
47 
17 28 
49 
24 
37 
48 
3 
33 
23 
10 
43 
32 
28 
45 
21 
# clone tree 25 objective: 1.65344
0 32 30 16 
16 28 40 44 38 39 
39 4 
4 49 36 18 
38 12 41 
18 33 22 31 
41 15 5 
31 10 24 2 
2 27 
27 37 1 
42 9 
36 45 48 47 26 
1 14 
5 21 11 
15 42 
22 17 
30 20 
12 6 25 
14 19 
13 7 
9 13 
20 29 
11 46 
7 8 
8 35 
19 43 
44 34 
46 3 
35 23 
25 
34 
40 
26 
6 
29 
47 
17 
49 
24 
37 
48 
3 
33 
23 
10 
43 
32 
28 
45 
21 
# clone tree 26 objective: 1.65344
0 32 30 16 
16 45 40 44 38 39 
39 4 
4 49 36 18 
38 12 41 
18 33 22 31 
41 15 5 
31 10 24 2 
2 27 
27 37 1 
42 9 
36 48 47 26 
1 14 
5 21 11 
15 42 
22 17 
30 20 
12 6 25 
14 19 
13 7 
9 13 
20 29 
11 46 
7 8 
8 35 
19 43 
44 34 
46 3 
35 23 
25 
34 28 
40 
26 
6 
29 
47 
17 
49 
24 
37 
48 
3 
33 
23 
10 
43 
32 
28 
45 
21 
# clone tree 27 objective: 1.65344
0 32 30 16 
16 40 44 38 39 
39 4 
4 49 36 18 
38 12 41 
18 33 22 31 
41 15 5 
31 10 24 2 
2 27 
27 37 1 
42 9 
36 28 48 47 26 
1 14 
5 21 11 
15 42 
22 45 23 17 
30 20 
12 6 25 
14 19 
13 7 
9 13 
20 29 
11 46 
7 8 
8 35 
19 43 
44 34 
46 3 
35 
25 
34 
40 
26 
6 
29 
47 
17 
49 
24 
37 
48 
3 
33 
23 
10 
43 
32 
28 
45 
21 
# clone tree 28 objective: 1.65344
0 30 16 
16 40 44 38 39 
39 4 
4 49 36 18 
38 12 41 
18 33 22 31 
41 28 15 5 
31 10 24 2 
2 27 
27 37 1 
42 9 
36 45 48 47 26 
1 14 
5 11 
15 42 
22 17 
30 20 
12 6 25 
14 19 
13 7 
9 13 
20 29 
11 46 
7 8 
8 35 
19 43 
44 34 
46 3 
35 23 
25 
34 32 
40 
26 
6 
29 
47 
17 
49 
24 
37 
48 
3 
33 
23 21 
10 
43 
32 
28 
45 
21 
# clone tree 29 objective: 1.65344
0 30 16 
16 40 44 38 39 
39 4 
4 49 36 18 
38 12 41 
18 33 22 31 
41 15 5 
31 10 24 2 
2 27 
27 37 1 
42 9 
36 48 47 26 
1 14 
5 11 
15 42 
22 17 
30 20 
12 6 25 
14 19 
13 7 
9 13 
20 45 29 
11 46 
7 8 
8 35 
19 43 
44 34 
46 3 
35 23 
25 
34 28 32 
40 
26 
6 
29 
47 
17 
49 
24 
37 
48 
3 
33 
23 21 
10 
43 
32 
28 
45 
21 
# clone tree 30 objective: 1.65344
0 30 16 
16 40 44 38 39 
39 4 
4 49 36 18 
38 12 41 
18 33 22 31 
41 15 5 
31 10 24 2 
2 27 
27 37 1 
42 9 
36 48 47 26 
1 14 
5 21 11 
15 42 
22 23 17 
30 20 
12 6 25 
14 19 
13 7 
9 13 
20 29 
11 46 
7 8 
8 35 
19 43 
44 34 
46 3 
35 32 
25 
34 45 
40 
26 
6 
29 
47 
17 28 
49 
24 
37 
48 
3 
33 
23 
10 
43 
32 
28 
45 
21 
# clone tree 31 objective: 1.65344
0 30 16 
16 40 44 38 39 
39 4 
4 49 36 18 
38 12 41 
18 33 22 31 
41 28 15 5 
31 10 24 2 
2 27 
27 37 1 
42 9 
36 48 47 26 
1 14 
5 11 
15 42 
22 21 17 
30 20 
12 6 25 
14 19 
13 7 
9 13 
20 29 
11 46 
7 8 
8 35 
19 43 
44 34 
46 3 
35 23 
25 
34 32 
40 
26 
6 
29 
47 
17 45 
49 
24 
37 
48 
3 
33 
23 
10 
43 
32 
28 
45 
21 
# clone tree 32 objective: 1.65344
0 30 16 
16 40 44 38 39 
39 4 
4 49 36 18 
38 12 41 
18 33 22 31 
41 15 5 
31 10 24 2 
2 27 
27 37 1 
42 9 
36 48 47 26 
1 14 
5 11 
15 42 
22 23 17 
30 20 
12 6 25 
14 19 
13 7 
9 13 
20 29 
11 46 
7 8 
8 35 
19 21 43 
44 34 
46 3 
35 
25 
34 45 
40 
26 
6 
29 
47 
17 28 
49 
24 
37 
48 
3 
33 
23 32 
10 
43 
32 
28 
45 
21 
# clone tree 33 objective: 1.65344
0 30 16 
16 40 44 38 39 
39 4 
4 49 36 18 
38 12 41 
18 33 22 31 
41 15 5 
31 10 24 2 
2 27 
27 37 1 
42 9 
36 45 48 47 26 
1 14 
5 11 
15 42 
22 23 17 
30 20 
12 6 25 
14 19 
13 7 
9 13 
20 29 
11 46 
7 8 
8 35 
19 21 43 
44 34 
46 3 
35 
25 
34 
40 
26 32 
6 
29 
47 
17 28 
49 
24 
37 
48 
3 
33 
23 
10 
43 
32 
28 
45 
21 
# clone tree 34 objective: 1.65344
0 30 16 
16 28 40 44 38 39 
39 4 
4 49 36 18 
38 12 41 
18 33 22 31 
41 15 5 
31 10 24 2 
2 27 
27 37 1 
42 9 
36 48 47 26 
1 14 
5 11 
15 42 
22 17 
30 20 
12 6 25 
14 19 
13 7 
9 13 
20 21 29 
11 46 
7 8 
8 35 
19 43 
44 34 
46 3 
35 23 
25 
34 45 
40 
26 
6 
29 32 
47 
17 
49 
24 
37 
48 
3 
33 
23 
10 
43 
32 
28 
45 
21 
# clone tree 35 objective: 1.65344
0 30 16 
16 40 44 38 39 
39 4 
4 49 36 18 
38 21 12 41 
18 33 22 31 
41 15 5 
31 10 24 2 
2 27 
27 37 1 
42 9 
36 48 47 26 
1 14 
5 11 
15 42 
22 23 17 
30 20 
12 6 25 
14 28 19 
13 7 
9 13 
20 29 
11 46 
7 8 
8 35 
19 43 
44 34 
46 3 
35 32 
25 
34 
40 
26 
6 
29 
47 
17 45 
49 
24 
37 
48 
3 
33 
23 
10 
43 
32 
28 
45 
21 
# clone tree 36 objective: 1.65344
0 30 16 
16 40 44 38 39 
39 4 
4 49 36 18 
38 12 41 
18 33 22 31 
41 15 5 
31 10 24 2 
2 27 
27 37 1 
42 9 
36 48 47 26 
1 14 
5 11 
15 42 
22 17 
30 20 
12 6 25 
14 28 19 
13 7 
9 13 
20 45 29 
11 46 
7 8 
8 35 
19 43 
44 34 
46 3 
35 23 
25 
34 
40 21 
26 
6 
29 
47 
17 
49 
24 
37 
48 
3 
33 32 
23 
10 
43 
32 
28 
45 
21 
# clone tree 37 objective: 1.65344
0 30 16 
16 40 44 38 39 
39 4 
4 49 36 18 
38 12 41 
18 33 22 31 
41 15 5 
31 10 24 2 
2 27 
27 37 1 
42 9 
36 28 48 47 26 
1 14 
5 11 
15 42 
22 21 23 17 
30 20 
12 6 25 
14 19 
13 7 
9 13 
20 29 
11 46 
7 8 
8 35 
19 43 
44 34 
46 3 
35 32 
25 
34 
40 
26 
6 
29 
47 
17 45 
49 
24 
37 
48 
3 
33 
23 
10 
43 
32 
28 
45 
21 
# clone tree 38 objective: 1.65344
0 30 16 
16 40 44 38 39 
39 4 
4 49 36 18 
38 21 12 41 
18 33 22 31 
41 28 15 5 
31 10 24 2 
2 27 
27 37 1 
42 9 
36 48 47 26 
1 14 
5 11 
15 42 
22 32 17 
30 20 
12 6 25 
14 19 
13 7 
9 13 
20 29 
11 46 
7 8 
8 35 
19 43 
44 34 
46 3 
35 23 
25 
34 
40 
26 45 
6 
29 
47 
17 
49 
24 
37 
48 
3 
33 
23 
10 
43 
32 
28 
45 
21 
# clone tree 39 objective: 1.65344
0 30 16 
16 45 40 44 38 39 
39 4 
4 49 36 18 
38 12 41 
18 33 22 31 
41 15 5 
31 10 24 2 
2 27 
27 37 1 
42 9 
36 48 47 26 
1 14 
5 11 
15 42 
22 21 23 17 
30 20 
12 6 25 
14 19 
13 7 
9 13 
20 29 
11 46 
7 8 
8 35 
19 43 
44 34 
46 3 
35 32 
25 
34 
40 
26 28 
6 
29 
47 
17 
49 
24 
37 
48 
3 
33 
23 
10 
43 
32 
28 
45 
21 
# clone tree 40 objective: 1.65344
0 30 16 
16 40 44 38 39 
39 4 
4 49 36 18 
38 12 41 
18 33 22 31 
41 21 15 5 
31 10 24 2 
2 27 
27 37 1 
42 9 
36 48 47 26 
1 14 
5 11 
15 42 
22 17 
30 20 
12 6 25 
14 19 
13 7 
9 13 
20 29 
11 46 
7 8 
8 35 
19 43 
44 34 
46 3 
35 23 
25 
34 
40 
26 28 
6 
29 32 
47 
17 45 
49 
24 
37 
48 
3 
33 
23 
10 
43 
32 
28 
45 
21 
# clone tree 41 objective: 1.65344
0 30 16 
16 28 40 44 38 39 
39 4 
4 49 36 18 
38 12 41 
18 33 22 31 
41 15 5 
31 10 24 2 
2 27 
27 37 1 
42 9 
36 48 47 26 
1 14 
5 11 
15 42 
22 17 
30 20 
12 6 25 
14 19 
13 7 
9 13 
20 21 29 
11 46 
7 8 
8 35 
19 43 
44 34 
46 3 
35 23 
25 
34 32 
40 
26 
6 
29 
47 
17 
49 
24 
37 
48 
3 
33 
23 
10 
43 
32 
28 45 
45 
21 
# clone tree 42 objective: 1.65344
0 30 16 
16 45 40 44 38 39 
39 4 
4 49 36 18 
38 12 41 
18 33 22 31 
41 15 5 
31 10 24 2 
2 27 
27 37 1 
42 9 
36 28 48 47 26 
1 14 
5 11 
15 42 
22 23 17 
30 20 
12 6 25 
14 19 
13 7 
9 21 13 
20 32 29 
11 46 
7 8 
8 35 
19 43 
44 34 
46 3 
35 
25 
34 
40 
26 
6 
29 
47 
17 
49 
24 
37 
48 
3 
33 
23 
10 
43 
32 
28 
45 
21 
# clone tree 43 objective: 1.65344
0 30 16 
16 40 44 38 39 
39 4 
4 21 49 36 18 
38 12 41 
18 33 22 31 
41 15 5 
31 10 24 2 
2 27 
27 37 1 
42 9 
36 48 47 26 
1 14 
5 11 
15 42 
22 17 
30 20 
12 6 25 
14 19 
13 7 
9 13 
20 29 
11 46 
7 8 
8 35 
19 43 
44 34 
46 3 
35 23 
25 
34 28 
40 
26 32 
6 
29 
47 
17 
49 
24 
37 
48 
3 
33 
23 
10 
43 
32 
28 45 
45 
21 
# clone tree 44 objective: 1.65344
0 30 16 
16 40 44 38 39 
39 4 
4 21 49 36 18 
38 12 41 
18 33 22 31 
41 15 5 
31 10 24 2 
2 27 
27 37 1 
42 9 
36 28 48 47 26 
1 14 
5 11 
15 42 
22 17 
30 20 
12 6 25 
14 19 
13 7 
9 13 
20 32 29 
11 46 
7 8 
8 35 
19 43 
44 34 
46 3 
35 23 
25 
34 
40 
26 
6 
29 
47 
17 
49 
24 
37 
48 
3 
33 
23 
10 
43 
32 
28 45 
45 
21 
# clone tree 45 objective: 1.65344
0 32 30 16 
16 40 44 38 39 
39 4 
4 49 36 18 
38 12 41 
18 33 22 31 
41 15 5 
31 10 24 2 
2 27 
27 37 1 
42 9 
36 48 47 26 
1 14 
5 11 
15 42 
22 21 17 
30 20 
12 6 25 
14 28 19 
13 7 
9 13 
20 29 
11 46 
7 8 
8 35 
19 43 
44 34 
46 3 
35 23 
25 
34 
40 
26 
6 
29 
47 
17 
49 
24 
37 
48 
3 
33 
23 
10 
43 
32 
28 45 
45 
21 
# clone tree 46 objective: 1.65344
0 30 16 
16 28 40 44 38 39 
39 4 
4 49 36 18 
38 12 41 
18 33 22 31 
41 21 15 5 
31 10 24 2 
2 27 
27 37 1 
42 9 
36 48 47 26 
1 14 
5 11 
15 42 
22 17 
30 20 
12 6 25 
14 19 
13 7 
9 13 
20 29 
11 46 
7 8 
8 35 
19 43 
44 34 
46 3 
35 23 
25 
34 
40 
26 45 
6 
29 
47 
17 
49 
24 
37 
48 
3 
33 
23 32 
10 
43 
32 
28 
45 
21 
# clone tree 47 objective: 1.65344
0 30 16 
16 28 40 44 38 39 
39 4 
4 49 36 18 
38 12 41 
18 33 22 31 
41 15 5 
31 10 24 2 
2 27 
27 37 1 
42 9 
36 48 47 26 
1 14 
5 11 
15 42 
22 23 17 
30 20 
12 6 25 
14 45 19 
13 7 
9 13 
20 29 
11 46 
7 8 
8 35 
19 43 
44 34 
46 3 
35 
25 
34 
40 21 
26 
6 
29 
47 
17 
49 
24 
37 
48 
3 
33 32 
23 
10 
43 
32 
28 
45 
21 
# clone tree 48 objective: 1.65344
0 30 16 
16 28 40 44 38 39 
39 4 
4 49 36 18 
38 12 41 
18 33 22 31 
41 15 5 
31 10 24 2 
2 27 
27 37 1 
42 9 
36 48 47 26 
1 14 
5 11 
15 42 
22 23 17 
30 20 
12 6 25 
14 19 
13 7 
9 13 
20 45 29 
11 46 
7 8 
8 35 
19 43 
44 34 
46 3 
35 
25 
34 
40 
26 
6 
29 32 
47 
17 
49 
24 
37 
48 
3 
33 
23 21 
10 
43 
32 
28 
45 
21 
# clone tree 49 objective: 1.65344
0 30 16 
16 40 44 38 39 
39 4 
4 49 36 18 
38 12 41 
18 33 22 31 
41 28 15 5 
31 10 24 2 
2 27 
27 37 1 
42 9 
36 48 47 26 
1 14 
5 11 
15 42 
22 21 23 17 
30 20 
12 6 25 
14 45 19 
13 7 
9 13 
20 29 
11 46 
7 8 
8 35 
19 43 
44 34 
46 3 
35 
25 
34 32 
40 
26 
6 
29 
47 
17 
49 
24 
37 
48 
3 
33 
23 
10 
43 
32 
28 
45 
21 
# clone tree 50 objective: 1.65344
0 30 16 
16 40 44 38 39 
39 4 
4 49 36 18 
38 12 41 
18 33 22 31 
41 15 5 
31 10 24 2 
2 27 
27 37 1 
42 9 
36 48 47 26 
1 14 
5 11 
15 42 
22 23 17 
30 20 
12 6 25 
14 28 19 
13 7 
9 13 
20 21 29 
11 46 
7 8 
8 35 
19 43 
44 34 
46 3 
35 
25 
34 45 32 
40 
26 
6 
29 
47 
17 
49 
24 
37 
48 
3 
33 
23 
10 
43 
32 
28 
45 
21 
# clone tree 51 objective: 1.65344
0 30 16 
16 40 44 38 39 
39 4 
4 49 36 18 
38 12 41 
18 33 22 31 
41 45 15 5 
31 10 24 2 
2 27 
27 37 1 
42 9 
36 48 47 26 
1 14 
5 11 
15 42 
22 17 
30 20 
12 6 25 
14 28 19 
13 7 
9 13 
20 29 
11 46 
7 8 
8 35 
19 43 
44 34 
46 3 
35 23 
25 
34 
40 
26 
6 
29 32 
47 
17 
49 
24 
37 
48 
3 
33 
23 21 
10 
43 
32 
28 
45 
21 
# clone tree 52 objective: 1.65344
0 30 16 
16 40 44 38 39 
39 4 
4 49 36 18 
38 12 41 
18 33 22 31 
41 15 5 
31 10 24 2 
2 27 
27 37 1 
42 9 
36 28 48 47 26 
1 14 
5 11 
15 42 
22 17 
30 20 
12 6 25 
14 19 
13 7 
9 13 
20 29 
11 46 
7 8 
8 35 
19 43 
44 34 
46 3 
35 23 
25 
34 32 
40 
26 45 
6 
29 
47 
17 
49 
24 
37 
48 
3 
33 
23 21 
10 
43 
32 
28 
45 
21 
# clone tree 53 objective: 1.65344
0 30 16 
16 40 44 38 39 
39 4 
4 49 36 18 
38 12 41 
18 33 22 31 
41 15 5 
31 10 24 2 
2 27 
27 37 1 
42 9 
36 45 48 47 26 
1 14 
5 11 
15 42 
22 23 17 
30 20 
12 6 25 
14 28 19 
13 7 
9 13 
20 29 
11 46 
7 8 
8 35 
19 43 
44 34 
46 3 
35 21 32 
25 
34 
40 
26 
6 
29 
47 
17 
49 
24 
37 
48 
3 
33 
23 
10 
43 
32 
28 
45 
21 
# clone tree 54 objective: 1.65344
0 32 30 16 
16 28 40 44 38 39 
39 4 
4 49 36 18 
38 12 41 
18 33 22 31 
41 21 45 15 5 
31 10 24 2 
2 27 
27 37 1 
42 9 
36 48 47 26 
1 14 
5 11 
15 42 
22 17 
30 20 
12 6 25 
14 19 
13 7 
9 13 
20 29 
11 46 
7 8 
8 35 
19 43 
44 34 
46 3 
35 23 
25 
34 
40 
26 
6 
29 
47 
17 
49 
24 
37 
48 
3 
33 
23 
10 
43 
32 
28 
45 
21 
# clone tree 55 objective: 1.65344
0 30 16 
16 45 40 44 38 39 
39 4 
4 49 36 18 
38 12 41 
18 33 22 31 
41 15 5 
31 10 24 2 
2 27 
27 37 1 
42 9 
36 28 48 47 26 
1 14 
5 11 
15 42 
22 23 17 
30 20 
12 6 25 
14 19 
13 7 
9 13 
20 29 
11 46 
7 8 
8 35 
19 43 
44 21 34 
46 3 
35 
25 
34 
40 
26 32 
6 
29 
47 
17 
49 
24 
37 
48 
3 
33 
23 
10 
43 
32 
28 
45 
21 
# clone tree 56 objective: 1.65344
0 30 16 
16 40 44 38 39 
39 4 
4 49 36 18 
38 12 41 
18 33 22 31 
41 15 5 
31 10 24 2 
2 27 
27 37 1 
42 9 
36 48 47 26 
1 14 
5 11 
15 42 
22 23 17 
30 20 
12 6 25 
14 19 
13 7 
9 13 
20 29 
11 46 
7 8 
8 35 
19 43 
44 34 
46 3 
35 32 
25 
34 45 
40 21 
26 
6 
29 
47 
17 28 
49 
24 
37 
48 
3 
33 
23 
10 
43 
32 
28 
45 
21 
# clone tree 57 objective: 1.65344
0 30 16 
16 40 44 38 39 
39 4 
4 49 36 18 
38 12 41 
18 33 22 31 
41 15 5 
31 10 24 2 
2 27 
27 37 1 
42 9 
36 28 48 47 26 
1 14 
5 11 
15 42 
22 32 17 
30 20 
12 6 25 
14 19 
13 7 
9 13 
20 21 29 
11 46 
7 8 
8 35 
19 43 
44 34 
46 3 
35 23 
25 
34 
40 
26 45 
6 
29 
47 
17 
49 
24 
37 
48 
3 
33 
23 
10 
43 
32 
28 
45 
21 
# clone tree 58 objective: 1.65344
0 30 16 
16 40 44 38 39 
39 4 
4 49 36 18 
38 12 41 
18 33 22 31 
41 15 5 
31 10 24 2 
2 27 
27 37 1 
42 9 
36 48 47 26 
1 14 
5 11 
15 42 
22 21 23 17 
30 20 
12 6 25 
14 19 
13 7 
9 13 
20 29 
11 46 
7 8 
8 35 
19 43 
44 34 
46 3 
35 
25 
34 28 
40 
26 
6 
29 
47 
17 
49 
24 
37 
48 
3 
33 
23 32 
10 
43 
32 
28 45 
45 
21 
# clone tree 59 objective: 1.65344
0 30 16 
16 40 44 38 39 
39 4 
4 49 36 18 
38 12 41 
18 33 22 31 
41 15 5 
31 10 24 2 
2 27 
27 37 1 
42 9 
36 48 47 26 
1 14 
5 11 
15 42 
22 17 
30 20 
12 6 25 
14 28 19 
13 7 
9 13 
20 29 
11 46 
7 8 
8 35 
19 43 
44 21 34 
46 3 
35 23 
25 
34 
40 
26 
6 
29 
47 
17 
49 
24 
37 
48 
3 
33 32 
23 
10 
43 
32 
28 45 
45 
21 
# clone tree 60 objective: 1.65344
0 30 16 
16 40 44 38 39 
39 4 
4 49 36 18 
38 12 41 
18 33 22 31 
41 15 5 
31 10 24 2 
2 27 
27 37 1 
42 9 
36 48 47 26 
1 14 
5 11 
15 42 
22 17 
30 20 
12 6 25 
14 45 19 
13 7 
9 13 
20 21 29 
11 46 
7 8 
8 35 
19 43 
44 34 
46 3 
35 23 
25 
34 
40 
26 
6 
29 
47 
17 28 
49 
24 
37 
48 
3 
33 
23 32 
10 
43 
32 
28 
45 
21 
# clone tree 61 objective: 1.65344
0 30 16 
16 40 44 38 39 
39 4 
4 49 36 18 
38 12 41 
18 33 22 31 
41 15 5 
31 10 24 2 
2 27 
27 37 1 
42 9 
36 48 47 26 
1 14 
5 21 11 
15 42 
22 17 
30 20 
12 6 25 
14 19 
13 7 
9 13 
20 45 32 29 
11 46 
7 8 
8 35 
19 43 
44 34 
46 3 
35 23 
25 
34 28 
40 
26 
6 
29 
47 
17 
49 
24 
37 
48 
3 
33 
23 
10 
43 
32 
28 
45 
21 
# clone tree 62 objective: 1.65344
0 30 16 
16 40 44 38 39 
39 4 
4 49 36 18 
38 12 41 
18 33 22 31 
41 21 45 15 5 
31 10 24 2 
2 27 
27 37 1 
42 9 
36 48 47 26 
1 14 
5 11 
15 42 
22 17 
30 20 
12 6 25 
14 28 19 
13 7 
9 13 
20 29 
11 46 
7 8 
8 35 
19 43 
44 34 
46 3 
35 23 
25 
34 
40 
26 
6 
29 
47 
17 
49 
24 
37 
48 
3 
33 32 
23 
10 
43 
32 
28 
45 
21 
# clone tree 63 objective: 1.65344
0 30 16 
16 40 44 38 39 
39 4 
4 49 36 18 
38 12 41 
18 33 22 31 
41 15 5 
31 10 24 2 
2 27 
27 37 1 
42 9 
36 48 47 26 
1 14 
5 11 
15 42 
22 17 
30 20 
12 6 25 
14 19 
13 7 
9 13 
20 29 
11 46 
7 8 
8 35 
19 21 43 
44 34 
46 3 
35 23 
25 
34 45 
40 
26 28 
6 
29 32 
47 
17 
49 
24 
37 
48 
3 
33 
23 
10 
43 
32 
28 
45 
21 
# clone tree 64 objective: 1.65344
0 30 16 
16 40 44 38 39 
39 4 
4 49 36 18 
38 12 41 
18 33 22 31 
41 15 5 
31 10 24 2 
2 27 
27 37 1 
42 9 
36 48 47 26 
1 14 
5 11 
15 42 
22 23 17 
30 20 
12 6 25 
14 19 
13 7 
9 13 
20 29 
11 46 
7 8 
8 35 
19 43 
44 21 34 
46 3 
35 32 
25 
34 45 
40 
26 28 
6 
29 
47 
17 
49 
24 
37 
48 
3 
33 
23 
10 
43 
32 
28 
45 
21 
# clone tree 65 objective: 1.65344
0 30 16 
16 40 44 38 39 
39 4 
4 49 36 18 
38 12 41 
18 33 22 31 
41 28 15 5 
31 10 24 2 
2 27 
27 37 1 
42 9 
36 48 47 26 
1 14 
5 11 
15 42 
22 23 17 
30 20 
12 6 25 
14 19 
13 7 
9 13 
20 21 32 29 
11 46 
7 8 
8 35 
19 43 
44 34 
46 3 
35 
25 
34 
40 
26 
6 
29 
47 
17 
49 
24 
37 
48 
3 
33 
23 
10 
43 
32 
28 45 
45 
21 
# clone tree 66 objective: 1.65344
0 30 16 
16 40 44 38 39 
39 4 
4 49 36 18 
38 12 41 
18 33 22 31 
41 15 5 
31 10 24 2 
2 27 
27 37 1 
42 9 
36 48 47 26 
1 14 
5 11 
15 42 
22 23 17 
30 20 
12 6 25 
14 19 
13 7 
9 13 
20 21 45 29 
11 46 
7 8 
8 35 
19 43 
44 34 
46 3 
35 
25 
34 
40 
26 28 
6 
29 
47 
17 
49 
24 
37 
48 
3 
33 32 
23 
10 
43 
32 
28 
45 
21 
# clone tree 67 objective: 1.65344
0 32 30 16 
16 40 44 38 39 
39 4 
4 49 36 18 
38 12 41 
18 33 22 31 
41 15 5 
31 10 24 2 
2 27 
27 37 1 
42 9 
36 48 47 26 
1 14 
5 11 
15 42 
22 17 
30 20 
12 6 25 
14 19 
13 7 
9 13 
20 29 
11 46 
7 8 
8 35 
19 21 43 
44 34 
46 3 
35 23 
25 
34 45 
40 
26 
6 
29 
47 
17 28 
49 
24 
37 
48 
3 
33 
23 
10 
43 
32 
28 
45 
21 
# clone tree 68 objective: 1.65344
0 30 16 
16 40 44 38 39 
39 4 
4 49 36 18 
38 12 41 
18 33 22 31 
41 45 15 5 
31 10 24 2 
2 27 
27 37 1 
42 9 
36 28 48 47 26 
1 14 
5 11 
15 42 
22 21 17 
30 20 
12 6 25 
14 19 
13 7 
9 13 
20 29 
11 46 
7 8 
8 35 
19 43 
44 34 
46 3 
35 23 
25 
34 
40 
26 
6 
29 
47 
17 
49 
24 
37 
48 
3 
33 32 
23 
10 
43 
32 
28 
45 
21 
# clone tree 69 objective: 1.65344
0 30 16 
16 40 44 38 39 
39 4 
4 49 36 18 
38 12 41 
18 33 22 31 
41 15 5 
31 10 24 2 
2 27 
27 37 1 
42 9 
36 28 48 47 26 
1 14 
5 11 
15 42 
22 17 
30 20 
12 6 25 
14 19 
13 7 
9 13 
20 32 29 
11 46 
7 8 
8 35 
19 43 
44 34 
46 3 
35 23 
25 
34 
40 
26 
6 
29 
47 
17 
49 21 
24 
37 
48 
3 
33 
23 
10 
43 
32 
28 45 
45 
21 
# clone tree 70 objective: 1.65344
0 30 16 
16 40 44 38 39 
39 4 
4 49 36 18 
38 21 12 41 
18 33 22 31 
41 15 5 
31 10 24 2 
2 27 
27 37 1 
42 9 
36 48 47 26 
1 14 
5 11 
15 42 
22 23 17 
30 20 
12 6 25 
14 28 19 
13 7 
9 13 
20 29 
11 46 
7 8 
8 35 
19 43 
44 34 
46 3 
35 
25 
34 45 32 
40 
26 
6 
29 
47 
17 
49 
24 
37 
48 
3 
33 
23 
10 
43 
32 
28 
45 
21 
# clone tree 71 objective: 1.65344
0 30 16 
16 28 40 44 38 39 
39 4 
4 49 36 18 
38 12 41 
18 33 22 31 
41 15 5 
31 10 24 2 
2 27 
27 37 1 
42 9 
36 48 47 26 
1 14 
5 21 11 
15 42 
22 17 
30 20 
12 6 25 
14 19 
13 7 
9 13 
20 29 
11 46 
7 8 
8 35 
19 43 
44 34 
46 3 
35 23 
25 
34 32 
40 
26 
6 
29 
47 
17 
49 
24 
37 
48 
3 
33 
23 
10 
43 
32 
28 45 
45 
21 
# clone tree 72 objective: 1.65344
0 30 16 
16 40 44 38 39 
39 4 
4 49 36 18 
38 12 41 
18 33 22 31 
41 28 15 5 
31 10 24 2 
2 27 
27 37 1 
42 9 
36 48 47 26 
1 14 
5 21 11 
15 42 
22 17 
30 20 
12 6 25 
14 19 
13 7 
9 13 
20 45 29 
11 46 
7 8 
8 35 
19 43 
44 34 
46 3 
35 23 
25 
34 32 
40 
26 
6 
29 
47 
17 
49 
24 
37 
48 
3 
33 
23 
10 
43 
32 
28 
45 
21 
# clone tree 73 objective: 1.65344
0 30 16 
16 40 44 38 39 
39 4 
4 49 36 18 
38 12 41 
18 33 22 31 
41 15 5 
31 10 24 2 
2 27 
27 37 1 
42 9 
36 28 48 47 26 
1 14 
5 21 11 
15 42 
22 23 17 
30 20 
12 6 25 
14 19 
13 7 
9 13 
20 29 
11 46 
7 8 
8 35 
19 43 
44 34 
46 3 
35 32 
25 
34 
40 
26 
6 
29 
47 
17 
49 
24 
37 
48 
3 
33 
23 
10 
43 
32 
28 45 
45 
21 
# clone tree 74 objective: 1.65344
0 30 16 
16 40 44 38 39 
39 4 
4 49 36 18 
38 12 41 
18 33 22 31 
41 21 15 5 
31 10 24 2 
2 27 
27 37 1 
42 9 
36 48 47 26 
1 14 
5 11 
15 42 
22 23 17 
30 20 
12 6 25 
14 19 
13 7 
9 13 
20 29 
11 46 
7 8 
8 35 
19 43 
44 34 
46 3 
35 
25 
34 45 
40 
26 
6 
29 
47 
17 28 
49 
24 
37 
48 
3 
33 
23 32 
10 
43 
32 
28 
45 
21 
# clone tree 75 objective: 1.65344
0 30 16 
16 45 40 44 38 39 
39 4 
4 49 36 18 
38 12 41 
18 33 22 31 
41 15 5 
31 10 24 2 
2 27 
27 37 1 
42 9 
36 48 47 26 
1 14 
5 11 
15 42 
22 17 
30 20 
12 6 25 
14 19 
13 7 
9 13 
20 21 29 
11 46 
7 8 
8 35 
19 43 
44 34 
46 3 
35 23 
25 
34 
40 
26 
6 
29 32 
47 
17 28 
49 
24 
37 
48 
3 
33 
23 
10 
43 
32 
28 
45 
21 
# clone tree 76 objective: 1.65344
0 32 30 16 
16 40 44 38 39 
39 4 
4 49 36 18 
38 21 12 41 
18 33 22 31 
41 15 5 
31 10 24 2 
2 27 
27 37 1 
42 9 
36 48 47 26 
1 14 
5 11 
15 42 
22 17 
30 20 
12 6 25 
14 28 19 
13 7 
9 13 
20 29 
11 46 
7 8 
8 35 
19 43 
44 34 
46 3 
35 23 
25 
34 
40 
26 
6 
29 
47 
17 
49 
24 
37 
48 
3 
33 
23 
10 
43 
32 
28 45 
45 
21 
# clone tree 77 objective: 1.65344
0 30 16 
16 45 40 44 38 39 
39 4 
4 49 36 18 
38 21 12 41 
18 33 22 31 
41 15 5 
31 10 24 2 
2 27 
27 37 1 
42 9 
36 48 47 26 
1 14 
5 11 
15 42 
22 17 
30 20 
12 6 25 
14 19 
13 7 
9 13 
20 29 
11 46 
7 8 
8 35 
19 43 
44 34 
46 3 
35 23 
25 
34 
40 
26 
6 
29 32 
47 
17 28 
49 
24 
37 
48 
3 
33 
23 
10 
43 
32 
28 
45 
21 
# clone tree 78 objective: 1.65344
0 30 16 
16 28 40 44 38 39 
39 4 
4 49 36 18 
38 12 41 
18 33 22 31 
41 15 5 
31 10 24 2 
2 27 
27 37 1 
42 9 
36 48 47 26 
1 14 
5 21 11 
15 42 
22 23 17 
30 20 
12 6 25 
14 45 19 
13 7 
9 13 
20 29 
11 46 
7 8 
8 35 
19 43 
44 34 
46 3 
35 
25 
34 
40 
26 
6 
29 
47 
17 
49 
24 
37 
48 
3 
33 32 
23 
10 
43 
32 
28 
45 
21 
# clone tree 79 objective: 1.65344
0 30 16 
16 45 40 44 38 39 
39 4 
4 49 36 18 
38 12 41 
18 33 22 31 
41 15 5 
31 10 24 2 
2 27 
27 37 1 
42 9 
36 48 47 26 
1 14 
5 11 
15 42 
22 23 17 
30 20 
12 6 25 
14 28 19 
13 7 
9 13 
20 29 
11 46 
7 8 
8 35 
19 43 
44 34 
46 3 
35 21 
25 
34 32 
40 
26 
6 
29 
47 
17 
49 
24 
37 
48 
3 
33 
23 
10 
43 
32 
28 
45 
21 
# clone tree 80 objective: 1.65344
0 30 16 
16 40 44 38 39 
39 4 
4 49 36 18 
38 12 41 
18 33 22 31 
41 15 5 
31 10 24 2 
2 27 
27 37 1 
42 9 
36 48 47 26 
1 14 
5 11 
15 42 
22 17 
30 20 
12 6 25 
14 28 19 
13 7 
9 13 
20 29 
11 46 
7 8 
8 35 
19 43 
44 34 
46 3 
35 23 
25 
34 32 
40 
26 45 
6 
29 
47 
17 
49 21 
24 
37 
48 
3 
33 
23 
10 
43 
32 
28 
45 
21 
# clone tree 81 objective: 1.65344
0 30 16 
16 40 44 38 39 
39 4 
4 49 36 18 
38 12 41 
18 33 22 31 
41 15 5 
31 10 24 2 
2 27 
27 37 1 
42 9 
36 48 47 26 
1 14 
5 11 
15 42 
22 17 
30 20 
12 6 25 
14 19 
13 7 
9 13 
20 21 45 29 
11 46 
7 8 
8 35 
19 43 
44 34 
46 3 
35 23 
25 
34 
40 
26 28 
6 
29 32 
47 
17 
49 
24 
37 
48 
3 
33 
23 
10 
43 
32 
28 
45 
21 
# clone tree 82 objective: 1.65344
0 30 16 
16 45 40 44 38 39 
39 4 
4 49 36 18 
38 12 41 
18 33 22 31 
41 15 5 
31 10 24 2 
2 27 
27 37 1 
42 9 
36 48 47 26 
1 14 
5 11 
15 42 
22 23 17 
30 20 
12 6 25 
14 28 19 
13 7 
9 13 
20 29 
11 46 
7 8 
8 35 
19 43 
44 34 
46 3 
35 
25 
34 32 
40 21 
26 
6 
29 
47 
17 
49 
24 
37 
48 
3 
33 
23 
10 
43 
32 
28 
45 
21 
# clone tree 83 objective: 1.65344
0 30 16 
16 40 44 38 39 
39 4 
4 49 36 18 
38 12 41 
18 33 22 31 
41 28 15 5 
31 10 24 2 
2 27 
27 37 1 
42 9 
36 48 47 26 
1 14 
5 11 
15 42 
22 17 
30 20 
12 6 25 
14 19 
13 7 
9 13 
20 45 29 
11 46 
7 8 
8 35 
19 43 
44 34 
46 3 
35 23 
25 
34 32 
40 
26 
6 
29 
47 
17 
49 
24 
37 
48 
3 
33 
23 21 
10 
43 
32 
28 
45 
21 
# clone tree 84 objective: 1.65344
0 30 16 
16 40 44 38 39 
39 4 
4 49 36 18 
38 12 41 
18 33 22 31 
41 45 15 5 
31 10 24 2 
2 27 
27 37 1 
42 9 
36 48 47 26 
1 14 
5 11 
15 42 
22 17 
30 20 
12 6 25 
14 28 19 
13 7 
9 13 
20 29 
11 46 
7 8 
8 35 
19 21 43 
44 34 
46 3 
35 23 
25 
34 
40 
26 
6 
29 32 
47 
17 
49 
24 
37 
48 
3 
33 
23 
10 
43 
32 
28 
45 
21 
# clone tree 85 objective: 1.65344
0 30 16 
16 21 40 44 38 39 
39 4 
4 49 36 18 
38 12 41 
18 33 22 31 
41 45 15 5 
31 10 24 2 
2 27 
27 37 1 
42 9 
36 48 47 26 
1 14 
5 11 
15 42 
22 17 
30 20 
12 6 25 
14 28 19 
13 7 
9 13 
20 29 
11 46 
7 8 
8 35 
19 43 
44 34 
46 3 
35 23 
25 
34 32 
40 
26 
6 
29 
47 
17 
49 
24 
37 
48 
3 
33 
23 
10 
43 
32 
28 
45 
21 
# clone tree 86 objective: 1.65344
0 30 16 
16 40 44 38 39 
39 4 
4 21 49 36 18 
38 12 41 
18 33 22 31 
41 15 5 
31 10 24 2 
2 27 
27 37 1 
42 9 
36 48 47 26 
1 14 
5 11 
15 42 
22 45 23 17 
30 20 
12 6 25 
14 28 19 
13 7 
9 13 
20 29 
11 46 
7 8 
8 35 
19 43 
44 34 
46 3 
35 
25 
34 32 
40 
26 
6 
29 
47 
17 
49 
24 
37 
48 
3 
33 
23 
10 
43 
32 
28 
45 
21 
# clone tree 87 objective: 1.65344
0 30 16 
16 40 44 38 39 
39 4 
4 49 36 18 
38 12 41 
18 33 22 31 
41 15 5 
31 10 24 2 
2 27 
27 37 1 
42 9 
36 48 47 26 
1 14 
5 11 
15 42 
22 23 17 
30 20 
12 6 25 
14 19 
13 7 
9 13 
20 29 
11 46 
7 8 
8 35 
19 43 
44 34 
46 3 
35 
25 
34 45 
40 21 
26 28 32 
6 
29 
47 
17 
49 
24 
37 
48 
3 
33 
23 
10 
43 
32 
28 
45 
21 
# clone tree 88 objective: 1.65344
0 30 16 
16 40 44 38 39 
39 4 
4 49 36 18 
38 12 41 
18 33 22 31 
41 15 5 
31 10 24 2 
2 27 
27 37 1 
42 9 
36 48 47 26 
1 14 
5 11 
15 42 
22 17 
30 20 
12 6 25 
14 45 19 
13 7 
9 13 
20 32 29 
11 46 
7 8 
8 35 
19 43 
44 34 
46 3 
35 23 
25 
34 
40 
26 
6 
29 
47 
17 28 
49 
24 
37 
48 
3 
33 
23 21 
10 
43 
32 
28 
45 
21 
# clone tree 89 objective: 1.65344
0 30 16 
16 40 44 38 39 
39 4 
4 49 36 18 
38 12 41 
18 33 22 31 
41 28 15 5 
31 10 24 2 
2 27 
27 37 1 
42 9 
36 45 48 47 26 
1 14 
5 11 
15 42 
22 21 17 
30 20 
12 6 25 
14 19 
13 7 
9 13 
20 29 
11 46 
7 8 
8 35 
19 43 
44 34 
46 3 
35 23 
25 
34 32 
40 
26 
6 
29 
47 
17 
49 
24 
37 
48 
3 
33 
23 
10 
43 
32 
28 
45 
21 
# clone tree 90 objective: 1.65344
0 30 16 
16 21 40 44 38 39 
39 4 
4 49 36 18 
38 12 41 
18 33 22 31 
41 15 5 
31 10 24 2 
2 27 
27 37 1 
42 9 
36 48 47 26 
1 14 
5 11 
15 42 
22 45 23 17 
30 20 
12 6 25 
14 28 19 
13 7 
9 13 
20 29 
11 46 
7 8 
8 35 
19 43 
44 34 
46 3 
35 
25 
34 32 
40 
26 
6 
29 
47 
17 
49 
24 
37 
48 
3 
33 
23 
10 
43 
32 
28 
45 
21 
# clone tree 91 objective: 1.65344
0 30 16 
16 40 44 38 39 
39 4 
4 49 36 18 
38 12 41 
18 33 22 31 
41 28 15 5 
31 10 24 2 
2 27 
27 37 1 
42 9 
36 48 47 26 
1 14 
5 11 
15 42 
22 17 
30 20 
12 6 25 
14 19 
13 7 
9 13 
20 45 29 
11 46 
7 8 
8 35 
19 21 43 
44 34 
46 3 
35 23 
25 
34 32 
40 
26 
6 
29 
47 
17 
49 
24 
37 
48 
3 
33 
23 
10 
43 
32 
28 
45 
21 
# clone tree 92 objective: 1.65344
0 32 30 16 
16 40 44 38 39 
39 4 
4 49 36 18 
38 12 41 
18 33 22 31 
41 21 15 5 
31 10 24 2 
2 27 
27 37 1 
42 9 
36 48 47 26 
1 14 
5 11 
15 42 
22 17 
30 20 
12 6 25 
14 28 19 
13 7 
9 13 
20 29 
11 46 
7 8 
8 35 
19 43 
44 34 
46 3 
35 23 
25 
34 
40 
26 
6 
29 
47 
17 45 
49 
24 
37 
48 
3 
33 
23 
10 
43 
32 
28 
45 
21 
# clone tree 93 objective: 1.65344
0 30 16 
16 40 44 38 39 
39 4 
4 49 36 18 
38 12 41 
18 33 22 31 
41 15 5 
31 10 24 2 
2 27 
27 37 1 
42 9 
36 48 47 26 
1 14 
5 11 
15 42 
22 23 17 
30 20 
12 6 25 
14 28 19 
13 7 
9 13 
20 45 29 
11 46 
7 8 
8 35 
19 21 43 
44 34 
46 3 
35 
25 
34 
40 
26 32 
6 
29 
47 
17 
49 
24 
37 
48 
3 
33 
23 
10 
43 
32 
28 
45 
21 
# clone tree 94 objective: 1.65344
0 30 16 
16 45 40 44 38 39 
39 4 
4 49 36 18 
38 12 41 
18 33 22 31 
41 21 15 5 
31 10 24 2 
2 27 
27 37 1 
42 9 
36 28 48 47 26 
1 14 
5 11 
15 42 
22 23 17 
30 20 
12 6 25 
14 19 
13 7 
9 13 
20 29 
11 46 
7 8 
8 35 
19 43 
44 34 
46 3 
35 
25 
34 
40 
26 32 
6 
29 
47 
17 
49 
24 
37 
48 
3 
33 
23 
10 
43 
32 
28 
45 
21 
# clone tree 95 objective: 1.65344
0 30 16 
16 40 44 38 39 
39 4 
4 49 36 18 
38 12 41 
18 33 22 31 
41 15 5 
31 10 24 2 
2 27 
27 37 1 
42 9 
36 48 47 26 
1 14 
5 21 11 
15 42 
22 23 17 
30 20 
12 6 25 
14 19 
13 7 
9 13 
20 29 
11 46 
7 8 
8 35 
19 43 
44 34 
46 3 
35 32 
25 
34 45 
40 
26 28 
6 
29 
47 
17 
49 
24 
37 
48 
3 
33 
23 
10 
43 
32 
28 
45 
21 
# clone tree 96 objective: 1.65344
0 30 16 
16 21 40 44 38 39 
39 4 
4 49 36 18 
38 12 41 
18 33 22 31 
41 15 5 
31 10 24 2 
2 27 
27 37 1 
42 9 
36 48 47 26 
1 14 
5 11 
15 42 
22 17 
30 20 
12 6 25 
14 19 
13 7 
9 13 
20 45 32 29 
11 46 
7 8 
8 35 
19 43 
44 34 
46 3 
35 23 
25 
34 
40 
26 
6 
29 
47 
17 28 
49 
24 
37 
48 
3 
33 
23 
10 
43 
32 
28 
45 
21 
# clone tree 97 objective: 1.65344
0 30 16 
16 40 44 38 39 
39 4 
4 49 36 18 
38 12 41 
18 33 22 31 
41 28 15 5 
31 10 24 2 
2 27 
27 37 1 
42 9 
36 45 48 47 26 
1 14 
5 11 
15 42 
22 17 
30 20 
12 6 25 
14 19 
13 7 
9 13 
20 29 
11 46 
7 8 
8 35 
19 43 
44 21 34 
46 3 
35 23 
25 
34 32 
40 
26 
6 
29 
47 
17 
49 
24 
37 
48 
3 
33 
23 
10 
43 
32 
28 
45 
21 
# clone tree 98 objective: 1.65344
0 30 16 
16 40 44 38 39 
39 4 
4 49 36 18 
38 12 41 
18 33 22 31 
41 15 5 
31 10 24 2 
2 27 
27 37 1 
42 9 
36 28 48 47 26 
1 14 
5 11 
15 42 
22 32 17 
30 20 
12 6 25 
14 19 
13 7 
9 21 13 
20 29 
11 46 
7 8 
8 35 
19 43 
44 34 
46 3 
35 23 
25 
34 
40 
26 45 
6 
29 
47 
17 
49 
24 
37 
48 
3 
33 
23 
10 
43 
32 
28 
45 
21 
# clone tree 99 objective: 1.65344
0 32 30 16 
16 28 40 44 38 39 
39 4 
4 49 36 18 
38 12 41 
18 33 22 31 
41 15 5 
31 10 24 2 
2 27 
27 37 1 
42 9 
36 45 48 47 26 
1 14 
5 11 
15 42 
22 17 
30 20 
12 6 25 
14 19 
13 7 
9 13 
20 29 
11 46 
7 8 
8 35 
19 43 
44 34 
46 3 
35 23 
25 
34 
40 
26 
6 
29 
47 
17 
49 21 
24 
37 
48 
3 
33 
23 
10 
43 
32 
28 
45 
21 
