# clone tree 0 objective: 2.4219
0 7 15 
15 29 
29 39 
33 14 36 43 28 
39 33 
28 13 23 9 17 
17 8 12 19 
19 48 10 5 
5 31 37 
37 45 47 4 
35 40 
40 2 
4 35 
2 11 44 
44 38 1 18 25 
9 22 
22 24 16 
10 32 
34 20 
25 34 
12 27 
16 46 
27 30 
7 21 
21 42 
32 3 
20 
11 41 
43 49 
46 
31 6 
8 
47 
36 
23 26 
45 
42 
49 
18 
13 
6 
24 
3 
30 
48 
26 
14 
1 
38 
41 
# clone tree 1 objective: 2.4219
0 7 15 
15 29 
29 39 
33 38 36 43 28 
39 33 
28 13 23 9 17 
17 8 12 19 
19 48 10 5 
5 31 37 
37 45 47 4 
35 40 
40 2 
4 35 
2 11 44 
44 18 25 
9 22 
22 24 16 
10 32 
34 20 
25 34 
12 27 
16 46 
27 30 
7 21 
21 42 
32 3 
20 1 
11 41 
43 49 
46 14 
31 6 
8 
47 
36 
23 26 
45 
42 
49 
18 
13 
6 
24 
3 
30 
48 
26 
14 
1 
38 
41 
# clone tree 2 objective: 2.4219
0 7 15 
15 29 
29 39 
33 36 43 28 
39 33 
28 13 23 9 17 
17 8 12 19 
19 10 5 
5 31 37 
37 45 47 4 
35 40 
40 41 2 
4 35 
2 11 44 
44 38 1 18 25 
9 22 
22 24 16 
10 32 
34 20 
25 34 
12 27 
16 46 
27 30 
7 21 
21 42 
32 3 
20 48 
11 
43 49 
46 14 
31 6 
8 
47 
36 
23 26 
45 
42 
49 
18 
13 
6 
24 
3 
30 
48 
26 
14 
1 
38 
41 
# clone tree 3 objective: 2.4219
0 7 15 
15 29 
29 39 
33 38 14 36 43 28 
39 33 
28 13 23 9 17 
17 8 12 19 
19 48 10 5 
5 31 37 
37 45 47 4 
35 40 
40 2 
4 35 
2 11 44 
44 18 25 
9 22 
22 24 16 
10 32 
34 20 
25 34 
12 27 
16 46 
27 30 
7 21 
21 42 
32 3 
20 1 
11 41 
43 49 
46 
31 6 
8 
47 
36 
23 26 
45 
42 
49 
18 
13 
6 
24 
3 
30 
48 
26 
14 
1 
38 
41 
# clone tree 4 objective: 2.4219
0 7 15 
15 29 
29 39 
33 38 36 43 28 
39 33 
28 13 23 9 17 
17 8 12 19 
19 10 5 
5 31 37 
37 45 47 4 
35 40 
40 41 2 
4 35 
2 11 44 
44 1 18 25 
9 22 
22 24 16 
10 32 
34 20 
25 34 
12 27 
16 46 
27 30 
7 21 
21 42 
32 3 
20 48 
11 
43 49 
46 14 
31 6 
8 
47 
36 
23 26 
45 
42 
49 
18 
13 
6 
24 
3 
30 
48 
26 
14 
1 
38 
41 
# clone tree 5 objective: 2.4219
0 7 15 
15 29 
29 39 
33 14 36 43 28 
39 33 
28 13 23 9 17 
17 8 12 19 
19 48 10 5 
5 31 37 
37 45 47 4 
35 40 
40 41 2 
4 35 
2 11 44 
44 38 18 25 
9 22 
22 24 16 
10 32 
34 20 
25 34 
12 27 
16 46 
27 30 
7 21 
21 42 
32 3 
20 1 
11 
43 49 
46 
31 6 
8 
47 
36 
23 26 
45 
42 
49 
18 
13 
6 
24 
3 
30 
48 
26 
14 
1 
38 
41 
# clone tree 6 objective: 2.4219
0 7 15 
15 29 
29 39 
33 36 43 28 
39 33 
28 13 23 9 17 
17 8 12 19 
19 48 10 5 
5 31 37 
37 45 47 4 
35 40 
40 2 
4 35 
2 11 44 
44 38 1 18 25 
9 22 
22 24 16 
10 32 
34 20 
25 34 
12 27 
16 46 
27 30 
7 21 
21 42 
32 3 
20 
11 41 
43 49 
46 14 
31 6 
8 
47 
36 
23 26 
45 
42 
49 
18 
13 
6 
24 
3 
30 
48 
26 
14 
1 
38 
41 
# clone tree 7 objective: 2.4219
0 7 15 
15 29 
29 39 
33 38 14 36 43 28 
39 33 
28 13 23 9 17 
17 8 12 19 
19 48 10 5 
5 31 37 
37 45 47 4 
35 40 
40 2 
4 35 
2 11 44 
44 1 18 25 
9 22 
22 24 16 
10 32 
34 20 
25 34 
12 27 
16 46 
27 30 
7 21 
21 42 
32 3 
20 
11 41 
43 49 
46 
31 6 
8 
47 
36 
23 26 
45 
42 
49 
18 
13 
6 
24 
3 
30 
48 
26 
14 
1 
38 
41 
# clone tree 8 objective: 2.4219
0 7 15 
15 29 
29 39 
33 38 36 43 28 
39 33 
28 13 23 9 17 
17 8 12 19 
19 48 10 5 
5 31 37 
37 45 47 4 
35 40 
40 41 2 
4 35 
2 11 44 
44 1 18 25 
9 22 
22 24 16 
10 32 
34 20 
25 34 
12 27 
16 46 
27 30 
7 21 
21 42 
32 3 
20 
11 
43 49 
46 14 
31 6 
8 
47 
36 
23 26 
45 
42 
49 
18 
13 
6 
24 
3 
30 
48 
26 
14 
1 
38 
41 
# clone tree 9 objective: 2.4219
0 7 15 
15 29 
29 39 
33 36 43 28 
39 33 
28 13 23 9 17 
17 8 12 19 
19 10 5 
5 31 37 
37 45 47 4 
35 40 
40 2 
4 35 
2 11 44 
44 38 1 18 25 
9 22 
22 24 16 
10 32 
34 20 
25 34 
12 27 
16 46 
27 30 
7 21 
21 42 
32 3 
20 48 
11 41 
43 49 
46 14 
31 6 
8 
47 
36 
23 26 
45 
42 
49 
18 
13 
6 
24 
3 
30 
48 
26 
14 
1 
38 
41 
