# clone tree 0 objective: 2.69408
0 47 26 18 
18 48 21 24 
24 11 7 
7 20 45 
45 15 
15 6 
22 42 28 38 
6 22 
38 33 19 
19 9 32 35 
35 5 
40 12 
5 40 
11 39 
12 8 10 
32 2 
39 4 34 
34 46 
2 1 
10 30 25 
46 16 3 
26 44 
1 14 
21 31 29 
28 13 
25 49 37 
37 43 
44 41 
9 
20 27 
43 
3 36 
29 
13 
31 
33 
23 
30 23 
14 
42 17 
16 
41 
27 
8 
48 
4 
36 
17 
47 
49 
# clone tree 1 objective: 2.69408
0 49 26 18 
18 48 21 24 
24 47 11 7 
7 20 45 
45 15 
15 6 
22 42 28 38 
6 22 
38 33 19 
19 9 32 35 
35 5 
40 12 
5 40 
11 39 
12 8 10 
32 2 
39 4 34 
34 46 
2 1 
10 30 25 
46 16 3 
26 44 
1 14 
21 31 29 
28 13 
25 37 
37 43 
44 41 
9 
20 27 
43 
3 36 
29 
13 
31 
33 
23 
30 23 
14 
42 17 
16 
41 
27 
8 
48 
4 
36 
17 
47 
49 
# clone tree 2 objective: 2.69408
0 26 18 
18 48 21 24 
24 11 7 
7 20 45 
45 15 
15 6 
22 42 28 38 
6 22 
38 33 19 
19 9 32 35 
35 5 
40 12 
5 40 
11 39 
12 8 10 
32 2 
39 4 34 
34 46 
2 1 
10 30 25 
46 16 3 
26 44 
1 14 
21 31 29 
28 13 
25 37 
37 43 
44 41 
9 49 
20 47 27 
43 
3 36 
29 
13 
31 
33 
23 
30 23 
14 
42 17 
16 
41 
27 
8 
48 
4 
36 
17 
47 
49 
# clone tree 3 objective: 2.69408
0 26 18 
18 48 21 24 
24 11 7 
7 20 45 
45 15 
15 47 6 
22 42 28 38 
6 22 
38 33 19 
19 9 32 35 
35 5 
40 12 
5 40 
11 39 
12 8 10 
32 2 
39 4 34 
34 46 
2 1 
10 30 25 
46 16 3 
26 44 
1 14 
21 31 29 
28 13 
25 49 37 
37 43 
44 41 
9 
20 27 
43 
3 36 
29 
13 
31 
33 
23 
30 23 
14 
42 17 
16 
41 
27 
8 
48 
4 
36 
17 
47 
49 
# clone tree 4 objective: 2.69408
0 26 18 
18 48 21 24 
24 11 7 
7 20 45 
45 15 
15 47 6 
22 42 28 38 
6 22 
38 33 19 
19 9 32 35 
35 5 
40 12 
5 40 
11 39 
12 8 10 
32 2 
39 4 34 
34 46 
2 1 
10 30 25 
46 16 3 
26 44 
1 14 
21 31 29 
28 13 
25 37 
37 43 
44 41 
9 
20 27 
43 
3 36 
29 
13 
31 
33 
23 
30 23 
14 49 
42 17 
16 
41 
27 
8 
48 
4 
36 
17 
47 
49 
# clone tree 5 objective: 2.69408
0 26 18 
18 48 21 24 
24 11 7 
7 20 45 
45 15 
15 6 
22 42 28 38 
6 22 
38 33 19 
19 9 32 35 
35 5 
40 12 
5 40 
11 39 
12 8 10 
32 2 
39 4 34 
34 46 
2 1 
10 30 25 
46 16 3 
26 49 44 
1 14 
21 31 29 
28 13 
25 37 
37 43 
44 41 
9 
20 47 27 
43 
3 36 
29 
13 
31 
33 
23 
30 23 
14 
42 17 
16 
41 
27 
8 
48 
4 
36 
17 
47 
49 
# clone tree 6 objective: 2.69408
0 26 18 
18 48 21 24 
24 11 7 
7 20 45 
45 15 
15 6 
22 42 28 38 
6 22 
38 33 19 
19 9 32 35 
35 5 
40 12 
5 40 
11 39 
12 8 10 
32 2 
39 4 34 
34 46 
2 1 
10 30 25 
46 16 3 
26 47 44 
1 14 
21 31 29 
28 13 
25 37 
37 43 
44 41 
9 
20 27 
43 
3 36 
29 
13 
31 
33 
23 
30 23 
14 49 
42 17 
16 
41 
27 
8 
48 
4 
36 
17 
47 
49 
# clone tree 7 objective: 2.69408
0 26 18 
18 48 21 24 
24 11 7 
7 20 45 
45 15 
15 47 6 
22 42 28 38 
6 22 
38 33 19 
19 9 32 35 
35 5 
40 12 
5 40 
11 39 
12 8 10 
32 2 
39 4 34 
34 46 
2 1 
10 30 25 
46 16 3 
26 44 
1 14 
21 31 29 
28 13 
25 37 
37 43 
44 41 
9 
20 27 
43 
3 36 
29 
13 
31 
33 
23 
30 23 
14 
42 17 
16 
41 49 
27 
8 
48 
4 
36 
17 
47 
49 
# clone tree 8 objective: 2.69408
0 26 18 
18 48 21 24 
24 11 7 
7 20 45 
45 15 
15 6 
22 42 28 38 
6 22 
38 33 19 
19 9 32 35 
35 5 
40 12 
5 40 
11 39 
12 8 10 
32 47 2 
39 4 34 
34 46 
2 1 
10 30 25 
46 16 3 
26 44 
1 14 
21 31 29 
28 13 
25 37 
37 43 
44 41 
9 
20 27 
43 
3 36 
29 
13 
31 
33 
23 
30 23 
14 49 
42 17 
16 
41 
27 
8 
48 
4 
36 
17 
47 
49 
# clone tree 9 objective: 2.69408
0 26 18 
18 48 21 24 
24 11 7 
7 20 45 
45 15 
15 6 
22 42 28 38 
6 22 
38 33 19 
19 9 32 35 
35 47 5 
40 12 
5 40 
11 39 
12 8 10 
32 2 
39 4 34 
34 46 
2 1 
10 30 25 
46 16 3 
26 49 44 
1 14 
21 31 29 
28 13 
25 37 
37 43 
44 41 
9 
20 27 
43 
3 36 
29 
13 
31 
33 
23 
30 23 
14 
42 17 
16 
41 
27 
8 
48 
4 
36 
17 
47 
49 
