# clone tree 0 objective: 1.73066
0 1 17 
17 38 25 27 22 8 
8 7 30 
30 3 42 
7 13 41 
42 16 9 
9 15 23 
41 49 20 
1 44 11 
23 4 
11 40 21 24 
4 33 29 
20 14 
13 12 
22 39 32 
14 35 18 
29 10 5 
12 45 19 
18 34 43 
15 6 
16 37 
24 28 
37 2 
32 
27 
25 36 
44 
3 26 48 
21 
28 
33 46 
43 31 
6 47 
39 
5 
19 
35 
40 
38 
36 
45 
31 
48 
2 
46 
49 
10 
26 
34 
47 
# clone tree 1 objective: 1.73066
0 1 17 
17 38 25 27 22 8 
8 7 30 
30 3 42 
7 13 41 
42 16 9 
9 15 23 
41 49 20 
1 44 11 
23 4 
11 40 21 24 
4 33 29 
20 14 
13 12 
22 39 32 
14 35 18 
29 10 5 
12 45 19 
18 34 43 
15 6 
16 37 
24 28 
37 2 
32 
27 
25 36 
44 
3 26 48 
21 
28 
33 46 
43 31 
6 
39 
5 47 
19 
35 
40 
38 
36 
45 
31 
48 
2 
46 
49 
10 
26 
34 
47 
# clone tree 2 objective: 1.73066
0 1 17 
17 38 25 27 22 8 
8 7 30 
30 3 42 
7 13 41 
42 16 9 
9 15 23 
41 49 20 
1 44 11 
23 47 4 
11 40 21 24 
4 33 29 
20 14 
13 12 
22 39 32 
14 35 18 
29 10 5 
12 45 19 
18 34 43 
15 6 
16 37 
24 28 
37 2 
32 
27 
25 36 
44 
3 26 48 
21 
28 
33 46 
43 31 
6 
39 
5 
19 
35 
40 
38 
36 
45 
31 
48 
2 
46 
49 
10 
26 
34 
47 
# clone tree 3 objective: 1.73066
0 1 17 
17 38 25 27 22 8 
8 7 30 
30 3 42 
7 13 41 
42 16 9 
9 15 23 
41 49 20 
1 44 11 
23 4 
11 40 21 24 
4 33 29 
20 14 
13 12 
22 39 32 
14 35 18 
29 10 5 
12 45 19 
18 34 43 
15 6 
16 37 
24 28 
37 2 
32 
27 
25 36 
44 
3 26 48 
21 47 
28 
33 46 
43 31 
6 
39 
5 
19 
35 
40 
38 
36 
45 
31 
48 
2 
46 
49 
10 
26 
34 
47 
# clone tree 4 objective: 1.73066
0 1 17 
17 38 25 27 22 8 
8 7 30 
30 3 42 
7 13 41 
42 16 9 
9 15 23 
41 49 20 
1 44 11 
23 4 
11 40 21 24 
4 33 29 
20 14 
13 12 
22 39 32 
14 35 18 
29 10 5 
12 45 19 
18 34 43 
15 47 6 
16 37 
24 28 
37 2 
32 
27 
25 36 
44 
3 26 48 
21 
28 
33 46 
43 31 
6 
39 
5 
19 
35 
40 
38 
36 
45 
31 
48 
2 
46 
49 
10 
26 
34 
47 
# clone tree 5 objective: 1.73066
0 1 17 
17 38 25 27 22 8 
8 7 30 
30 3 42 
7 13 41 
42 16 9 
9 15 23 
41 49 20 
1 44 11 
23 4 
11 40 21 24 
4 33 29 
20 14 
13 12 
22 39 32 
14 35 18 
29 10 5 
12 45 19 
18 34 43 
15 6 
16 37 
24 28 
37 2 
32 
27 
25 36 
44 
3 26 48 
21 
28 
33 46 
43 31 
6 
39 
5 
19 
35 
40 
38 
36 
45 
31 47 
48 
2 
46 
49 
10 
26 
34 
47 
# clone tree 6 objective: 1.73066
0 1 17 
17 38 25 27 22 8 
8 7 30 
30 3 42 
7 13 41 
42 16 9 
9 15 23 
41 49 20 
1 44 11 
23 4 
11 40 21 24 
4 33 29 
20 14 
13 12 
22 39 32 
14 35 18 
29 10 5 
12 45 19 
18 34 43 
15 6 
16 37 
24 28 
37 2 
32 
27 
25 36 
44 
3 26 48 
21 
28 
33 46 
43 31 
6 
39 47 
5 
19 
35 
40 
38 
36 
45 
31 
48 
2 
46 
49 
10 
26 
34 
47 
# clone tree 7 objective: 1.73139
0 1 17 
17 38 25 27 22 8 
8 7 30 
30 3 42 
7 13 41 
42 16 9 
9 15 23 
41 49 20 
1 44 11 
23 47 4 
11 40 21 24 
4 33 29 
20 14 
13 12 
22 39 32 
14 35 18 
29 5 
12 45 19 
18 34 43 
15 6 
16 37 
24 28 
37 2 
32 
27 
25 36 
44 
3 26 48 
21 
28 
33 46 
43 31 
6 
39 
5 
19 
35 10 
40 
38 
36 
45 
31 
48 
2 
46 
49 
10 
26 
34 
47 
# clone tree 8 objective: 1.73139
0 1 17 
17 38 25 27 22 8 
8 7 30 
30 3 42 
7 13 41 
42 16 9 
9 15 23 
41 49 20 
1 44 11 
23 4 
11 40 21 24 
4 33 29 
20 14 
13 12 
22 39 32 
14 35 18 
29 5 
12 45 19 
18 34 43 
15 6 
16 37 
24 28 
37 2 
32 
27 
25 36 
44 
3 26 48 
21 
28 
33 46 
43 31 
6 
39 47 
5 
19 
35 10 
40 
38 
36 
45 
31 
48 
2 
46 
49 
10 
26 
34 
47 
# clone tree 9 objective: 1.73139
0 1 17 
17 38 25 27 22 8 
8 7 30 
30 3 42 
7 13 41 
42 16 9 
9 15 23 
41 49 20 
1 44 11 
23 4 
11 40 21 24 
4 33 29 
20 14 
13 12 
22 39 32 
14 35 18 
29 5 
12 45 19 
18 34 43 
15 47 6 
16 37 
24 28 
37 2 
32 
27 
25 36 
44 
3 26 48 
21 
28 
33 46 
43 31 
6 
39 
5 
19 
35 10 
40 
38 
36 
45 
31 
48 
2 
46 
49 
10 
26 
34 
47 
# clone tree 10 objective: 1.73139
0 1 17 
17 38 25 27 22 8 
8 7 30 
30 3 42 
7 13 41 
42 16 9 
9 15 23 
41 49 20 
1 44 11 
23 4 
11 40 21 24 
4 33 29 
20 14 
13 12 
22 39 32 
14 35 18 
29 5 
12 45 19 
18 34 43 
15 6 
16 37 
24 28 
37 2 
32 
27 
25 36 
44 
3 26 48 
21 
28 
33 46 
43 31 
6 
39 
5 
19 
35 10 
40 
38 
36 
45 
31 47 
48 
2 
46 
49 
10 
26 
34 
47 
# clone tree 11 objective: 1.73139
0 1 17 
17 38 25 27 22 8 
8 7 30 
30 3 42 
7 13 41 
42 16 9 
9 15 23 
41 49 20 
1 44 11 
23 4 
11 40 21 24 
4 33 29 
20 14 
13 12 
22 39 32 
14 35 18 
29 5 
12 45 19 
18 34 43 
15 6 
16 37 
24 28 
37 2 
32 
27 
25 36 
44 
3 26 48 
21 47 
28 
33 46 
43 31 
6 
39 
5 
19 
35 10 
40 
38 
36 
45 
31 
48 
2 
46 
49 
10 
26 
34 
47 
# clone tree 12 objective: 1.73139
0 1 17 
17 38 25 27 22 8 
8 7 30 
30 3 42 
7 13 41 
42 16 9 
9 15 23 
41 49 20 
1 44 11 
23 4 
11 40 21 24 
4 33 29 
20 14 
13 12 
22 39 32 
14 35 18 
29 5 
12 45 19 
18 34 43 
15 6 
16 37 
24 28 
37 2 
32 
27 
25 36 
44 
3 26 48 
21 
28 
33 46 
43 31 
6 47 
39 
5 
19 
35 10 
40 
38 
36 
45 
31 
48 
2 
46 
49 
10 
26 
34 
47 
# clone tree 13 objective: 1.73139
0 1 17 
17 38 25 27 22 8 
8 7 30 
30 3 42 
7 13 41 
42 16 9 
9 15 23 
41 49 20 
1 44 11 
23 4 
11 40 21 24 
4 33 29 
20 14 
13 12 
22 39 32 
14 35 18 
29 5 
12 45 19 
18 34 43 
15 6 
16 37 
24 28 
37 2 
32 
27 
25 36 
44 
3 26 48 
21 
28 
33 46 
43 31 
6 
39 
5 47 
19 
35 10 
40 
38 
36 
45 
31 
48 
2 
46 
49 
10 
26 
34 
47 
# clone tree 14 objective: 1.73139
0 1 17 
17 36 27 16 8 
8 7 30 
30 15 42 
7 48 19 28 9 
42 21 13 23 
9 41 
41 20 
1 24 22 
23 45 4 
11 5 14 
4 33 29 
20 10 11 
13 12 
22 32 
14 47 18 
29 35 39 
12 34 37 
18 3 
15 6 
16 25 
24 40 
37 2 
32 44 
27 
25 
44 
3 38 
21 43 
28 
33 46 
43 31 
6 
39 49 
5 26 
19 
35 
40 
38 
36 
45 
31 
48 
2 
46 
49 
10 
26 
34 
47 
# clone tree 15 objective: 1.73139
0 1 17 
17 36 27 16 8 
8 7 30 
30 15 42 
7 48 19 28 9 
42 21 13 23 
9 41 
41 20 
1 47 24 22 
23 45 4 
11 5 14 
4 33 29 
20 10 11 
13 12 
22 32 
14 18 
29 35 39 
12 34 37 
18 3 
15 6 
16 25 
24 40 
37 2 
32 44 
27 
25 
44 
3 38 
21 43 
28 
33 46 
43 31 
6 
39 49 
5 26 
19 
35 
40 
38 
36 
45 
31 
48 
2 
46 
49 
10 
26 
34 
47 
# clone tree 16 objective: 1.73139
0 1 17 
17 36 27 16 8 
8 7 30 
30 15 42 
7 48 19 28 9 
42 21 13 23 
9 41 
41 20 
1 24 22 
23 45 4 
11 5 14 
4 33 29 
20 10 11 
13 12 
22 32 
14 18 
29 35 39 
12 34 37 
18 3 
15 6 
16 25 
24 40 
37 2 
32 44 
27 
25 
44 
3 38 
21 43 
28 
33 46 
43 31 
6 
39 49 
5 26 
19 
35 
40 
38 
36 
45 
31 47 
48 
2 
46 
49 
10 
26 
34 
47 
# clone tree 17 objective: 1.73139
0 1 17 
17 36 27 16 8 
8 7 30 
30 15 42 
7 48 19 28 9 
42 21 13 23 
9 41 
41 20 
1 24 22 
23 45 4 
11 5 14 
4 33 29 
20 10 11 
13 12 
22 32 
14 18 
29 35 39 
12 34 37 
18 3 
15 47 6 
16 25 
24 40 
37 2 
32 44 
27 
25 
44 
3 38 
21 43 
28 
33 46 
43 31 
6 
39 49 
5 26 
19 
35 
40 
38 
36 
45 
31 
48 
2 
46 
49 
10 
26 
34 
47 
# clone tree 18 objective: 1.73139
0 1 17 
17 36 27 16 8 
8 7 30 
30 15 42 
7 48 19 28 9 
42 21 13 23 
9 41 
41 20 
1 24 22 
23 45 4 
11 5 14 
4 33 29 
20 10 11 
13 12 
22 32 
14 18 
29 35 39 
12 34 37 
18 3 
15 6 
16 25 
24 40 
37 2 
32 44 
27 
25 
44 
3 38 
21 43 
28 
33 46 
43 31 
6 47 
39 49 
5 26 
19 
35 
40 
38 
36 
45 
31 
48 
2 
46 
49 
10 
26 
34 
47 
# clone tree 19 objective: 1.73139
0 1 17 
17 36 27 16 8 
8 7 30 
30 15 42 
7 48 19 28 9 
42 21 13 23 
9 41 
41 20 
1 24 22 
23 47 45 4 
11 5 14 
4 33 29 
20 10 11 
13 12 
22 32 
14 18 
29 35 39 
12 34 37 
18 3 
15 6 
16 25 
24 40 
37 2 
32 44 
27 
25 
44 
3 38 
21 43 
28 
33 46 
43 31 
6 
39 49 
5 26 
19 
35 
40 
38 
36 
45 
31 
48 
2 
46 
49 
10 
26 
34 
47 
# clone tree 20 objective: 1.73139
0 1 17 
17 36 27 16 8 
8 7 30 
30 15 42 
7 48 19 28 9 
42 21 13 23 
9 41 
41 20 
1 24 22 
23 45 4 
11 5 14 
4 33 29 
20 10 11 
13 12 
22 47 32 
14 18 
29 35 39 
12 34 37 
18 3 
15 6 
16 25 
24 40 
37 2 
32 44 
27 
25 
44 
3 38 
21 43 
28 
33 46 
43 31 
6 
39 49 
5 26 
19 
35 
40 
38 
36 
45 
31 
48 
2 
46 
49 
10 
26 
34 
47 
# clone tree 21 objective: 1.73139
0 1 17 
17 36 27 16 8 
8 7 30 
30 15 42 
7 48 19 28 9 
42 21 13 23 
9 41 
41 20 
1 24 22 
23 45 4 
11 5 14 
4 33 29 
20 10 11 
13 12 
22 32 
14 18 
29 35 39 
12 34 37 
18 3 
15 6 
16 25 
24 40 
37 2 
32 44 
27 
25 47 
44 
3 38 
21 43 
28 
33 46 
43 31 
6 
39 49 
5 26 
19 
35 
40 
38 
36 
45 
31 
48 
2 
46 
49 
10 
26 
34 
47 
# clone tree 22 objective: 1.73143
0 1 17 
17 38 25 27 22 8 
8 7 30 
30 3 42 
7 13 41 
42 16 9 
9 15 23 
41 49 20 
1 44 11 
23 4 
11 40 21 24 
4 33 29 
20 14 
13 12 
22 39 32 
14 35 18 
29 10 5 
12 45 19 
18 34 43 
15 6 
16 37 
24 28 
37 2 
32 
27 
25 47 36 
44 
3 26 48 
21 
28 
33 46 
43 31 
6 
39 
5 
19 
35 
40 
38 
36 
45 
31 
48 
2 
46 
49 
10 
26 
34 
47 
# clone tree 23 objective: 1.73152
0 1 17 
17 38 25 27 22 8 
8 7 30 
30 3 42 
7 13 41 
42 16 9 
9 15 23 
41 49 20 
1 44 11 
23 4 
11 40 21 24 
4 33 29 
20 14 
13 12 
22 39 32 
14 35 18 
29 10 5 
12 45 19 
18 34 43 
15 6 
16 37 
24 47 28 
37 2 
32 
27 
25 36 
44 
3 26 48 
21 
28 
33 46 
43 31 
6 
39 
5 
19 
35 
40 
38 
36 
45 
31 
48 
2 
46 
49 
10 
26 
34 
47 
# clone tree 24 objective: 1.73178
0 1 17 
17 38 25 27 22 8 
8 7 30 
30 3 42 
7 13 41 
42 16 9 
9 15 23 
41 49 20 
1 44 11 
23 4 
11 40 21 24 
4 33 29 
20 26 14 
13 12 
22 39 32 
14 35 18 
29 10 5 
12 45 19 
18 34 43 
15 6 
16 37 
24 28 
37 2 
32 
27 
25 36 
44 
3 48 
21 47 
28 
33 46 
43 31 
6 
39 
5 
19 
35 
40 
38 
36 
45 
31 
48 
2 
46 
49 
10 
26 
34 
47 
# clone tree 25 objective: 1.73178
0 1 17 
17 38 25 27 22 8 
8 7 30 
30 3 42 
7 13 41 
42 16 9 
9 15 23 
41 49 20 
1 44 11 
23 4 
11 40 21 24 
4 33 29 
20 26 14 
13 12 
22 39 32 
14 35 18 
29 10 5 
12 45 19 
18 34 43 
15 47 6 
16 37 
24 28 
37 2 
32 
27 
25 36 
44 
3 48 
21 
28 
33 46 
43 31 
6 
39 
5 
19 
35 
40 
38 
36 
45 
31 
48 
2 
46 
49 
10 
26 
34 
47 
# clone tree 26 objective: 1.73178
0 1 17 
17 38 25 27 22 8 
8 7 30 
30 3 42 
7 13 41 
42 16 9 
9 15 23 
41 49 20 
1 44 11 
23 4 
11 40 21 24 
4 33 29 
20 26 14 
13 12 
22 39 32 
14 35 18 
29 10 5 
12 45 19 
18 34 43 
15 6 
16 37 
24 28 
37 2 
32 
27 
25 36 
44 
3 48 
21 
28 
33 46 
43 31 
6 
39 47 
5 
19 
35 
40 
38 
36 
45 
31 
48 
2 
46 
49 
10 
26 
34 
47 
# clone tree 27 objective: 1.73178
0 1 17 
17 38 25 27 22 8 
8 7 30 
30 3 42 
7 13 41 
42 16 9 
9 15 23 
41 49 20 
1 44 11 
23 4 
11 40 21 24 
4 33 29 
20 26 14 
13 12 
22 39 32 
14 35 18 
29 10 5 
12 45 19 
18 34 43 
15 6 
16 37 
24 28 
37 2 
32 
27 
25 36 
44 
3 48 
21 
28 
33 46 
43 31 
6 47 
39 
5 
19 
35 
40 
38 
36 
45 
31 
48 
2 
46 
49 
10 
26 
34 
47 
# clone tree 28 objective: 1.73178
0 1 17 
17 38 25 27 22 8 
8 7 30 
30 3 42 
7 13 41 
42 16 9 
9 15 23 
41 49 20 
1 44 11 
23 4 
11 40 21 24 
4 33 29 
20 26 14 
13 12 
22 39 32 
14 35 18 
29 10 5 
12 45 19 
18 34 43 
15 6 
16 37 
24 28 
37 2 
32 
27 
25 36 
44 
3 48 
21 
28 
33 46 
43 31 
6 
39 
5 
19 
35 
40 
38 
36 
45 
31 47 
48 
2 
46 
49 
10 
26 
34 
47 
# clone tree 29 objective: 1.73178
0 1 17 
17 38 25 27 22 8 
8 7 30 
30 3 42 
7 13 41 
42 16 9 
9 15 23 
41 49 20 
1 44 11 
23 47 4 
11 40 21 24 
4 33 29 
20 26 14 
13 12 
22 39 32 
14 35 18 
29 10 5 
12 45 19 
18 34 43 
15 6 
16 37 
24 28 
37 2 
32 
27 
25 36 
44 
3 48 
21 
28 
33 46 
43 31 
6 
39 
5 
19 
35 
40 
38 
36 
45 
31 
48 
2 
46 
49 
10 
26 
34 
47 
# clone tree 30 objective: 1.73178
0 1 17 
17 38 25 27 22 8 
8 7 30 
30 3 42 
7 13 41 
42 16 9 
9 15 23 
41 49 20 
1 44 11 
23 4 
11 40 21 24 
4 33 29 
20 26 14 
13 12 
22 39 32 
14 35 18 
29 10 5 
12 45 19 
18 34 43 
15 6 
16 37 
24 28 
37 2 
32 
27 
25 36 
44 
3 48 
21 
28 
33 46 
43 31 
6 
39 
5 47 
19 
35 
40 
38 
36 
45 
31 
48 
2 
46 
49 
10 
26 
34 
47 
# clone tree 31 objective: 1.73194
0 1 17 
17 38 25 27 22 8 
8 7 30 
30 3 42 
7 13 41 
42 16 9 
9 15 23 
41 49 20 
1 44 11 
23 4 
11 40 21 24 
4 33 29 
20 14 
13 12 
22 39 32 
14 35 18 
29 10 5 
12 45 19 
18 34 43 
15 6 
16 37 
24 28 
37 2 
32 
27 
25 36 
44 
3 26 48 
21 
28 
33 46 
43 31 
6 
39 
5 
19 
35 
40 
38 
36 
45 
31 
48 
2 
46 
49 47 
10 
26 
34 
47 
# clone tree 32 objective: 1.73204
0 1 17 
17 38 25 27 22 8 
8 7 30 
30 3 42 
7 13 41 
42 16 9 
9 15 23 
41 49 20 
1 44 11 
23 4 
11 40 21 24 
4 33 29 
20 14 
13 12 
22 39 32 
14 35 18 
29 5 
12 45 19 
18 34 10 43 
15 47 6 
16 37 
24 28 
37 2 
32 
27 
25 36 
44 
3 26 48 
21 
28 
33 46 
43 31 
6 
39 
5 
19 
35 
40 
38 
36 
45 
31 
48 
2 
46 
49 
10 
26 
34 
47 
# clone tree 33 objective: 1.73204
0 1 17 
17 38 25 27 22 8 
8 7 30 
30 3 42 
7 13 41 
42 16 9 
9 15 23 
41 49 20 
1 44 11 
23 4 
11 40 21 24 
4 33 29 
20 14 
13 12 
22 39 32 
14 35 18 
29 5 
12 45 19 
18 34 10 43 
15 6 
16 37 
24 28 
37 2 
32 
27 
25 36 
44 
3 26 48 
21 
28 
33 46 
43 31 
6 
39 
5 
19 
35 
40 
38 
36 
45 
31 47 
48 
2 
46 
49 
10 
26 
34 
47 
# clone tree 34 objective: 1.73204
0 1 17 
17 38 25 27 22 8 
8 7 30 
30 3 42 
7 13 41 
42 16 9 
9 15 23 
41 49 20 
1 44 11 
23 4 
11 40 21 24 
4 33 29 
20 14 
13 12 
22 39 32 
14 35 18 
29 5 
12 45 19 
18 34 10 43 
15 6 
16 37 
24 28 
37 2 
32 
27 
25 36 
44 
3 26 48 
21 
28 
33 46 
43 31 
6 
39 47 
5 
19 
35 
40 
38 
36 
45 
31 
48 
2 
46 
49 
10 
26 
34 
47 
# clone tree 35 objective: 1.73204
0 1 17 
17 38 25 27 22 8 
8 7 30 
30 3 42 
7 13 41 
42 16 9 
9 15 23 
41 49 20 
1 44 11 
23 4 
11 40 21 24 
4 33 29 
20 14 
13 12 
22 39 32 
14 35 18 
29 5 
12 45 19 
18 34 10 43 
15 6 
16 37 
24 28 
37 2 
32 
27 
25 36 
44 
3 26 48 
21 
28 
33 46 
43 31 
6 
39 
5 47 
19 
35 
40 
38 
36 
45 
31 
48 
2 
46 
49 
10 
26 
34 
47 
# clone tree 36 objective: 1.73204
0 1 17 
17 38 25 27 22 8 
8 7 30 
30 3 42 
7 13 41 
42 16 9 
9 15 23 
41 49 20 
1 44 11 
23 4 
11 40 21 24 
4 33 29 
20 14 
13 12 
22 39 32 
14 35 18 
29 5 
12 45 19 
18 34 10 43 
15 6 
16 37 
24 28 
37 2 
32 
27 
25 36 
44 
3 26 48 
21 47 
28 
33 46 
43 31 
6 
39 
5 
19 
35 
40 
38 
36 
45 
31 
48 
2 
46 
49 
10 
26 
34 
47 
# clone tree 37 objective: 1.73204
0 1 17 
17 38 25 27 22 8 
8 7 30 
30 3 42 
7 13 41 
42 16 9 
9 15 23 
41 49 20 
1 44 11 
23 4 
11 40 21 24 
4 33 29 
20 14 
13 12 
22 39 32 
14 35 18 
29 5 
12 45 19 
18 34 10 43 
15 6 
16 37 
24 28 
37 2 
32 
27 
25 36 
44 
3 26 48 
21 
28 
33 46 
43 31 
6 47 
39 
5 
19 
35 
40 
38 
36 
45 
31 
48 
2 
46 
49 
10 
26 
34 
47 
# clone tree 38 objective: 1.73204
0 1 17 
17 38 25 27 22 8 
8 7 30 
30 3 42 
7 13 41 
42 16 9 
9 15 23 
41 49 20 
1 44 11 
23 47 4 
11 40 21 24 
4 33 29 
20 14 
13 12 
22 39 32 
14 35 18 
29 5 
12 45 19 
18 34 10 43 
15 6 
16 37 
24 28 
37 2 
32 
27 
25 36 
44 
3 26 48 
21 
28 
33 46 
43 31 
6 
39 
5 
19 
35 
40 
38 
36 
45 
31 
48 
2 
46 
49 
10 
26 
34 
47 
# clone tree 39 objective: 1.73209
0 1 17 
17 38 25 27 22 8 
8 7 30 
30 3 42 
7 13 41 
42 16 9 
9 15 23 
41 49 20 
1 44 11 
23 4 
11 40 21 24 
4 33 29 
20 14 
13 12 
22 39 32 
14 35 18 
29 10 5 
12 45 19 
18 34 43 
15 6 
16 37 
24 28 
37 47 2 
32 
27 
25 36 
44 
3 26 48 
21 
28 
33 46 
43 31 
6 
39 
5 
19 
35 
40 
38 
36 
45 
31 
48 
2 
46 
49 
10 
26 
34 
47 
# clone tree 40 objective: 1.73209
0 1 17 
17 36 27 16 8 
8 7 30 
30 15 42 
7 48 19 28 9 
42 21 13 23 
9 41 
41 20 
1 24 22 
23 4 
11 45 5 14 
4 33 29 
20 10 11 
13 12 
22 32 
14 18 
29 35 39 
12 34 37 
18 3 
15 6 
16 25 
24 40 
37 2 
32 44 
27 
25 
44 
3 38 
21 43 
28 
33 46 
43 31 
6 
39 49 
5 26 
19 
35 
40 
38 
36 
45 
31 47 
48 
2 
46 
49 
10 
26 
34 
47 
# clone tree 41 objective: 1.73209
0 1 17 
17 36 27 16 8 
8 7 30 
30 15 42 
7 48 19 28 9 
42 21 13 23 
9 41 
41 20 
1 24 22 
23 4 
11 45 5 14 
4 33 29 
20 10 11 
13 12 
22 47 32 
14 18 
29 35 39 
12 34 37 
18 3 
15 6 
16 25 
24 40 
37 2 
32 44 
27 
25 
44 
3 38 
21 43 
28 
33 46 
43 31 
6 
39 49 
5 26 
19 
35 
40 
38 
36 
45 
31 
48 
2 
46 
49 
10 
26 
34 
47 
# clone tree 42 objective: 1.73209
0 1 17 
17 36 27 16 8 
8 7 30 
30 15 42 
7 48 19 28 9 
42 21 13 23 
9 41 
41 20 
1 24 22 
23 34 4 
11 45 5 14 
4 33 29 
20 10 11 
13 12 
22 47 32 
14 18 
29 35 39 
12 37 
18 3 
15 6 
16 25 
24 40 
37 2 
32 44 
27 
25 
44 
3 38 
21 43 
28 
33 46 
43 31 
6 
39 49 
5 26 
19 
35 
40 
38 
36 
45 
31 
48 
2 
46 
49 
10 
26 
34 
47 
# clone tree 43 objective: 1.73209
0 1 17 
17 36 27 16 8 
8 7 30 
30 15 42 
7 48 19 28 9 
42 21 13 23 
9 41 
41 20 
1 24 22 
23 34 4 
11 45 5 14 
4 33 29 
20 10 11 
13 12 
22 32 
14 18 
29 35 39 
12 37 
18 3 
15 47 6 
16 25 
24 40 
37 2 
32 44 
27 
25 
44 
3 38 
21 43 
28 
33 46 
43 31 
6 
39 49 
5 26 
19 
35 
40 
38 
36 
45 
31 
48 
2 
46 
49 
10 
26 
34 
47 
# clone tree 44 objective: 1.73209
0 1 17 
17 36 27 16 8 
8 7 30 
30 15 42 
7 48 19 28 9 
42 21 13 23 
9 41 
41 20 
1 24 22 
23 4 
11 45 5 14 
4 33 29 
20 10 11 
13 12 
22 32 
14 47 18 
29 35 39 
12 34 37 
18 3 
15 6 
16 25 
24 40 
37 2 
32 44 
27 
25 
44 
3 38 
21 43 
28 
33 46 
43 31 
6 
39 49 
5 26 
19 
35 
40 
38 
36 
45 
31 
48 
2 
46 
49 
10 
26 
34 
47 
# clone tree 45 objective: 1.73209
0 1 17 
17 36 27 16 8 
8 7 30 
30 15 42 
7 48 19 28 9 
42 21 13 23 
9 41 
41 20 
1 24 22 
23 34 4 
11 45 5 14 
4 33 29 
20 10 11 
13 12 
22 32 
14 47 18 
29 35 39 
12 37 
18 3 
15 6 
16 25 
24 40 
37 2 
32 44 
27 
25 
44 
3 38 
21 43 
28 
33 46 
43 31 
6 
39 49 
5 26 
19 
35 
40 
38 
36 
45 
31 
48 
2 
46 
49 
10 
26 
34 
47 
# clone tree 46 objective: 1.73209
0 1 17 
17 36 27 16 8 
8 7 30 
30 15 42 
7 48 19 28 9 
42 21 13 23 
9 41 
41 20 
1 24 22 
23 47 4 
11 45 5 14 
4 33 29 
20 10 11 
13 12 
22 32 
14 18 
29 35 39 
12 34 37 
18 3 
15 6 
16 25 
24 40 
37 2 
32 44 
27 
25 
44 
3 38 
21 43 
28 
33 46 
43 31 
6 
39 49 
5 26 
19 
35 
40 
38 
36 
45 
31 
48 
2 
46 
49 
10 
26 
34 
47 
# clone tree 47 objective: 1.73209
0 1 17 
17 36 27 16 8 
8 7 30 
30 15 42 
7 48 19 28 9 
42 21 13 23 
9 41 
41 20 
1 24 22 
23 4 
11 45 5 14 
4 33 29 
20 10 11 
13 12 
22 32 
14 18 
29 35 39 
12 34 37 
18 3 
15 47 6 
16 25 
24 40 
37 2 
32 44 
27 
25 
44 
3 38 
21 43 
28 
33 46 
43 31 
6 
39 49 
5 26 
19 
35 
40 
38 
36 
45 
31 
48 
2 
46 
49 
10 
26 
34 
47 
# clone tree 48 objective: 1.73209
0 1 17 
17 36 27 16 8 
8 7 30 
30 15 42 
7 48 19 28 9 
42 21 13 23 
9 41 
41 20 
1 47 24 22 
23 34 4 
11 45 5 14 
4 33 29 
20 10 11 
13 12 
22 32 
14 18 
29 35 39 
12 37 
18 3 
15 6 
16 25 
24 40 
37 2 
32 44 
27 
25 
44 
3 38 
21 43 
28 
33 46 
43 31 
6 
39 49 
5 26 
19 
35 
40 
38 
36 
45 
31 
48 
2 
46 
49 
10 
26 
34 
47 
# clone tree 49 objective: 1.73209
0 1 17 
17 36 27 16 8 
8 7 30 
30 15 42 
7 48 19 28 9 
42 21 13 23 
9 41 
41 20 
1 24 22 
23 4 
11 45 5 14 
4 33 29 
20 10 11 
13 12 
22 32 
14 18 
29 35 39 
12 34 37 
18 3 
15 6 
16 25 
24 40 
37 2 
32 44 
27 
25 47 
44 
3 38 
21 43 
28 
33 46 
43 31 
6 
39 49 
5 26 
19 
35 
40 
38 
36 
45 
31 
48 
2 
46 
49 
10 
26 
34 
47 
# clone tree 50 objective: 1.73209
0 1 17 
17 36 27 16 8 
8 7 30 
30 15 42 
7 48 19 28 9 
42 21 13 23 
9 41 
41 20 
1 24 22 
23 47 34 4 
11 45 5 14 
4 33 29 
20 10 11 
13 12 
22 32 
14 18 
29 35 39 
12 37 
18 3 
15 6 
16 25 
24 40 
37 2 
32 44 
27 
25 
44 
3 38 
21 43 
28 
33 46 
43 31 
6 
39 49 
5 26 
19 
35 
40 
38 
36 
45 
31 
48 
2 
46 
49 
10 
26 
34 
47 
# clone tree 51 objective: 1.73209
0 1 17 
17 36 27 16 8 
8 7 30 
30 15 42 
7 48 19 28 9 
42 21 13 23 
9 41 
41 20 
1 47 24 22 
23 4 
11 45 5 14 
4 33 29 
20 10 11 
13 12 
22 32 
14 18 
29 35 39 
12 34 37 
18 3 
15 6 
16 25 
24 40 
37 2 
32 44 
27 
25 
44 
3 38 
21 43 
28 
33 46 
43 31 
6 
39 49 
5 26 
19 
35 
40 
38 
36 
45 
31 
48 
2 
46 
49 
10 
26 
34 
47 
# clone tree 52 objective: 1.73209
0 1 17 
17 36 27 16 8 
8 7 30 
30 15 42 
7 48 19 28 9 
42 21 13 23 
9 41 
41 20 
1 24 22 
23 4 
11 45 5 14 
4 33 29 
20 10 11 
13 12 
22 32 
14 18 
29 35 39 
12 34 37 
18 3 
15 6 
16 25 
24 40 
37 2 
32 44 
27 
25 
44 
3 38 
21 43 
28 
33 46 
43 31 
6 47 
39 49 
5 26 
19 
35 
40 
38 
36 
45 
31 
48 
2 
46 
49 
10 
26 
34 
47 
# clone tree 53 objective: 1.73209
0 1 17 
17 36 27 16 8 
8 7 30 
30 15 42 
7 48 19 28 9 
42 21 13 23 
9 41 
41 20 
1 24 22 
23 34 4 
11 45 5 14 
4 33 29 
20 10 11 
13 12 
22 32 
14 18 
29 35 39 
12 37 
18 3 
15 6 
16 25 
24 40 
37 2 
32 44 
27 
25 47 
44 
3 38 
21 43 
28 
33 46 
43 31 
6 
39 49 
5 26 
19 
35 
40 
38 
36 
45 
31 
48 
2 
46 
49 
10 
26 
34 
47 
# clone tree 54 objective: 1.73209
0 1 17 
17 36 27 16 8 
8 7 30 
30 15 42 
7 48 19 28 9 
42 21 13 23 
9 41 
41 20 
1 24 22 
23 34 4 
11 45 5 14 
4 33 29 
20 10 11 
13 12 
22 32 
14 18 
29 35 39 
12 37 
18 3 
15 6 
16 25 
24 40 
37 2 
32 44 
27 
25 
44 
3 38 
21 43 
28 
33 46 
43 31 
6 
39 49 
5 26 
19 
35 
40 
38 
36 
45 
31 47 
48 
2 
46 
49 
10 
26 
34 
47 
# clone tree 55 objective: 1.73209
0 1 17 
17 36 27 16 8 
8 7 30 
30 15 42 
7 48 19 28 9 
42 21 13 23 
9 41 
41 20 
1 24 22 
23 34 4 
11 45 5 14 
4 33 29 
20 10 11 
13 12 
22 32 
14 18 
29 35 39 
12 37 
18 3 
15 6 
16 25 
24 40 
37 2 
32 44 
27 
25 
44 
3 38 
21 43 
28 
33 46 
43 31 
6 47 
39 49 
5 26 
19 
35 
40 
38 
36 
45 
31 
48 
2 
46 
49 
10 
26 
34 
47 
# clone tree 56 objective: 1.73211
0 1 17 
17 36 27 16 8 
8 7 30 
30 15 42 
7 48 19 28 9 
42 21 13 23 
9 41 
41 20 
1 24 22 
23 47 45 4 
11 5 14 
4 33 29 
20 11 
13 12 
22 32 
14 18 
29 35 39 
12 34 37 
18 3 
15 6 
16 25 
24 40 
37 2 
32 44 
27 
25 
44 
3 38 
21 43 
28 
33 46 
43 31 
6 
39 49 
5 26 
19 
35 10 
40 
38 
36 
45 
31 
48 
2 
46 
49 
10 
26 
34 
47 
# clone tree 57 objective: 1.73211
0 1 17 
17 36 27 16 8 
8 7 30 
30 15 42 
7 48 19 28 9 
42 21 13 23 
9 41 
41 20 
1 24 22 
23 45 4 
11 5 14 
4 33 29 
20 11 
13 12 
22 47 32 
14 18 
29 35 39 
12 34 37 
18 3 
15 6 
16 25 
24 40 
37 2 
32 44 
27 
25 
44 
3 38 
21 43 
28 
33 46 
43 31 
6 
39 49 
5 26 
19 
35 10 
40 
38 
36 
45 
31 
48 
2 
46 
49 
10 
26 
34 
47 
# clone tree 58 objective: 1.73211
0 1 17 
17 36 27 16 8 
8 7 30 
30 15 42 
7 48 19 28 9 
42 21 13 23 
9 41 
41 20 
1 47 24 22 
23 45 4 
11 5 14 
4 33 29 
20 11 
13 12 
22 32 
14 18 
29 35 39 
12 34 37 
18 3 
15 6 
16 25 
24 40 
37 2 
32 44 
27 
25 
44 
3 38 
21 43 
28 
33 46 
43 31 
6 
39 49 
5 26 
19 
35 10 
40 
38 
36 
45 
31 
48 
2 
46 
49 
10 
26 
34 
47 
# clone tree 59 objective: 1.73211
0 1 17 
17 36 27 16 8 
8 7 30 
30 15 42 
7 48 19 28 9 
42 21 13 23 
9 41 
41 20 
1 24 22 
23 45 4 
11 5 14 
4 33 29 
20 11 
13 12 
22 32 
14 18 
29 35 39 
12 34 37 
18 3 
15 6 
16 25 
24 40 
37 2 
32 44 
27 
25 47 
44 
3 38 
21 43 
28 
33 46 
43 31 
6 
39 49 
5 26 
19 
35 10 
40 
38 
36 
45 
31 
48 
2 
46 
49 
10 
26 
34 
47 
# clone tree 60 objective: 1.73211
0 1 17 
17 36 27 16 8 
8 7 30 
30 15 42 
7 48 19 28 9 
42 21 13 23 
9 41 
41 20 
1 24 22 
23 45 4 
11 5 14 
4 33 29 
20 11 
13 12 
22 32 
14 18 
29 35 39 
12 34 37 
18 3 
15 47 6 
16 25 
24 40 
37 2 
32 44 
27 
25 
44 
3 38 
21 43 
28 
33 46 
43 31 
6 
39 49 
5 26 
19 
35 10 
40 
38 
36 
45 
31 
48 
2 
46 
49 
10 
26 
34 
47 
# clone tree 61 objective: 1.73211
0 1 17 
17 36 27 16 8 
8 7 30 
30 15 42 
7 48 19 28 9 
42 21 13 23 
9 41 
41 20 
1 24 22 
23 45 4 
11 5 14 
4 33 29 
20 11 
13 12 
22 32 
14 18 
29 35 39 
12 34 37 
18 3 
15 6 
16 25 
24 40 
37 2 
32 44 
27 
25 
44 
3 38 
21 43 
28 
33 46 
43 31 
6 
39 49 
5 26 
19 
35 10 
40 
38 
36 
45 
31 47 
48 
2 
46 
49 
10 
26 
34 
47 
# clone tree 62 objective: 1.73211
0 1 17 
17 36 27 16 8 
8 7 30 
30 15 42 
7 48 19 28 9 
42 21 13 23 
9 41 
41 20 
1 24 22 
23 45 4 
11 5 14 
4 33 29 
20 11 
13 12 
22 32 
14 47 18 
29 35 39 
12 34 37 
18 3 
15 6 
16 25 
24 40 
37 2 
32 44 
27 
25 
44 
3 38 
21 43 
28 
33 46 
43 31 
6 
39 49 
5 26 
19 
35 10 
40 
38 
36 
45 
31 
48 
2 
46 
49 
10 
26 
34 
47 
# clone tree 63 objective: 1.73211
0 1 17 
17 36 27 16 8 
8 7 30 
30 15 42 
7 48 19 28 9 
42 21 13 23 
9 41 
41 20 
1 24 22 
23 45 4 
11 5 14 
4 33 29 
20 11 
13 12 
22 32 
14 18 
29 35 39 
12 34 37 
18 3 
15 6 
16 25 
24 40 
37 2 
32 44 
27 
25 
44 
3 38 
21 43 
28 
33 46 
43 31 
6 47 
39 49 
5 26 
19 
35 10 
40 
38 
36 
45 
31 
48 
2 
46 
49 
10 
26 
34 
47 
# clone tree 64 objective: 1.73215
0 1 17 
17 38 25 27 22 8 
8 7 30 
30 3 42 
7 13 41 
42 16 9 
9 15 23 
41 49 20 
1 44 11 
23 4 
11 40 21 24 
4 33 29 
20 14 
13 12 
22 39 32 
14 35 18 
29 5 
12 45 19 
18 34 43 
15 6 
16 37 
24 28 
37 2 
32 
27 
25 47 36 
44 
3 26 48 
21 
28 
33 46 
43 31 
6 
39 
5 
19 
35 10 
40 
38 
36 
45 
31 
48 
2 
46 
49 
10 
26 
34 
47 
# clone tree 65 objective: 1.73219
0 1 17 
17 36 27 16 8 
8 7 30 
30 15 42 
7 48 19 28 9 
42 21 13 23 
9 41 
41 20 
1 24 22 
23 45 4 
11 5 14 
4 33 29 
20 10 11 
13 12 
22 32 
14 18 
29 35 39 
12 37 
18 34 3 
15 6 
16 25 
24 40 
37 2 
32 44 
27 
25 
44 
3 38 
21 43 
28 
33 46 
43 31 
6 47 
39 49 
5 26 
19 
35 
40 
38 
36 
45 
31 
48 
2 
46 
49 
10 
26 
34 
47 
# clone tree 66 objective: 1.73219
0 1 17 
17 36 27 16 8 
8 7 30 
30 15 42 
7 48 19 28 9 
42 21 13 23 
9 41 
41 20 
1 24 22 
23 45 4 
11 5 14 
4 33 29 
20 10 11 
13 12 
22 32 
14 47 18 
29 35 39 
12 37 
18 34 3 
15 6 
16 25 
24 40 
37 2 
32 44 
27 
25 
44 
3 38 
21 43 
28 
33 46 
43 31 
6 
39 49 
5 26 
19 
35 
40 
38 
36 
45 
31 
48 
2 
46 
49 
10 
26 
34 
47 
# clone tree 67 objective: 1.73219
0 1 17 
17 36 27 16 8 
8 7 30 
30 15 42 
7 48 19 28 9 
42 21 13 23 
9 41 
41 20 
1 24 22 
23 47 45 4 
11 5 14 
4 33 29 
20 10 11 
13 12 
22 32 
14 18 
29 35 39 
12 37 
18 34 3 
15 6 
16 25 
24 40 
37 2 
32 44 
27 
25 
44 
3 38 
21 43 
28 
33 46 
43 31 
6 
39 49 
5 26 
19 
35 
40 
38 
36 
45 
31 
48 
2 
46 
49 
10 
26 
34 
47 
# clone tree 68 objective: 1.73219
0 1 17 
17 36 27 16 8 
8 7 30 
30 15 42 
7 48 19 28 9 
42 21 13 23 
9 41 
41 20 
1 47 24 22 
23 45 4 
11 5 14 
4 33 29 
20 10 11 
13 12 
22 32 
14 18 
29 35 39 
12 37 
18 34 3 
15 6 
16 25 
24 40 
37 2 
32 44 
27 
25 
44 
3 38 
21 43 
28 
33 46 
43 31 
6 
39 49 
5 26 
19 
35 
40 
38 
36 
45 
31 
48 
2 
46 
49 
10 
26 
34 
47 
# clone tree 69 objective: 1.73219
0 1 17 
17 36 27 16 8 
8 7 30 
30 15 42 
7 48 19 28 9 
42 21 13 23 
9 41 
41 20 
1 24 22 
23 45 4 
11 5 14 
4 33 29 
20 10 11 
13 12 
22 47 32 
14 18 
29 35 39 
12 37 
18 34 3 
15 6 
16 25 
24 40 
37 2 
32 44 
27 
25 
44 
3 38 
21 43 
28 
33 46 
43 31 
6 
39 49 
5 26 
19 
35 
40 
38 
36 
45 
31 
48 
2 
46 
49 
10 
26 
34 
47 
# clone tree 70 objective: 1.73219
0 1 17 
17 36 27 16 8 
8 7 30 
30 15 42 
7 48 19 28 9 
42 21 13 23 
9 41 
41 20 
1 24 22 
23 45 4 
11 5 14 
4 33 29 
20 10 11 
13 12 
22 32 
14 18 
29 35 39 
12 37 
18 34 3 
15 47 6 
16 25 
24 40 
37 2 
32 44 
27 
25 
44 
3 38 
21 43 
28 
33 46 
43 31 
6 
39 49 
5 26 
19 
35 
40 
38 
36 
45 
31 
48 
2 
46 
49 
10 
26 
34 
47 
# clone tree 71 objective: 1.73219
0 1 17 
17 36 27 16 8 
8 7 30 
30 15 42 
7 48 19 28 9 
42 21 13 23 
9 41 
41 20 
1 24 22 
23 45 4 
11 5 14 
4 33 29 
20 10 11 
13 12 
22 32 
14 18 
29 35 39 
12 37 
18 34 3 
15 6 
16 25 
24 40 
37 2 
32 44 
27 
25 
44 
3 38 
21 43 
28 
33 46 
43 31 
6 
39 49 
5 26 
19 
35 
40 
38 
36 
45 
31 47 
48 
2 
46 
49 
10 
26 
34 
47 
# clone tree 72 objective: 1.73219
0 1 17 
17 36 27 16 8 
8 7 30 
30 15 42 
7 48 19 28 9 
42 21 13 23 
9 41 
41 20 
1 24 22 
23 45 4 
11 5 14 
4 33 29 
20 10 11 
13 12 
22 32 
14 18 
29 35 39 
12 37 
18 34 3 
15 6 
16 25 
24 40 
37 2 
32 44 
27 
25 47 
44 
3 38 
21 43 
28 
33 46 
43 31 
6 
39 49 
5 26 
19 
35 
40 
38 
36 
45 
31 
48 
2 
46 
49 
10 
26 
34 
47 
# clone tree 73 objective: 1.73224
0 1 17 
17 38 25 27 22 8 
8 7 30 
30 3 42 
7 13 41 
42 16 9 
9 15 23 
41 49 20 
1 44 11 
23 4 
11 40 21 24 
4 33 29 
20 14 
13 12 
22 39 32 
14 35 18 
29 5 
12 45 19 
18 34 43 
15 6 
16 37 
24 47 28 
37 2 
32 
27 
25 36 
44 
3 26 48 
21 
28 
33 46 
43 31 
6 
39 
5 
19 
35 10 
40 
38 
36 
45 
31 
48 
2 
46 
49 
10 
26 
34 
47 
# clone tree 74 objective: 1.73229
0 1 17 
17 36 25 27 22 8 
8 7 30 
30 3 42 
7 13 41 
42 16 9 
9 15 23 
41 20 
1 44 11 
23 4 
11 40 21 24 
4 33 29 
20 14 
13 12 
22 39 32 
14 35 18 
29 10 5 
12 46 45 19 
18 34 43 
15 6 
16 37 
24 28 
37 2 
32 
27 
25 
44 
3 26 48 
21 47 
28 
33 38 
43 31 
6 
39 49 
5 
19 
35 
40 
38 
36 
45 
31 
48 
2 
46 
49 
10 
26 
34 
47 
# clone tree 75 objective: 1.73229
0 1 17 
17 36 25 27 22 8 
8 7 30 
30 3 42 
7 13 41 
42 16 9 
9 15 23 
41 20 
1 44 11 
23 4 
11 40 21 24 
4 33 29 
20 14 
13 12 
22 39 32 
14 35 18 
29 10 5 
12 46 45 19 
18 34 43 
15 6 
16 37 
24 28 
37 2 
32 
27 
25 
44 
3 26 48 
21 
28 
33 38 
43 31 
6 47 
39 49 
5 
19 
35 
40 
38 
36 
45 
31 
48 
2 
46 
49 
10 
26 
34 
47 
# clone tree 76 objective: 1.73229
0 1 17 
17 25 27 22 8 
8 7 30 
30 3 42 
7 13 41 
42 16 9 
9 15 23 
41 20 
1 44 11 
23 4 
11 40 21 24 
4 33 29 
20 14 
13 12 
22 39 32 
14 35 18 
29 10 5 
12 46 45 19 
18 34 43 
15 6 
16 37 
24 28 
37 2 
32 
27 
25 36 
44 
3 26 48 
21 
28 
33 38 
43 31 
6 
39 49 
5 
19 
35 
40 
38 
36 
45 
31 47 
48 
2 
46 
49 
10 
26 
34 
47 
# clone tree 77 objective: 1.73229
0 1 17 
17 25 27 22 8 
8 7 30 
30 3 42 
7 13 41 
42 16 9 
9 15 23 
41 20 
1 44 11 
23 4 
11 40 21 24 
4 33 29 
20 14 
13 12 
22 39 32 
14 35 18 
29 10 5 
12 46 45 19 
18 34 43 
15 47 6 
16 37 
24 28 
37 2 
32 
27 
25 36 
44 
3 26 48 
21 
28 
33 38 
43 31 
6 
39 49 
5 
19 
35 
40 
38 
36 
45 
31 
48 
2 
46 
49 
10 
26 
34 
47 
# clone tree 78 objective: 1.73229
0 1 17 
17 25 27 22 8 
8 7 30 
30 3 42 
7 13 41 
42 16 9 
9 15 23 
41 20 
1 44 11 
23 4 
11 40 21 24 
4 33 29 
20 14 
13 12 
22 39 32 
14 35 18 
29 10 5 
12 46 45 19 
18 34 43 
15 6 
16 37 
24 28 
37 2 
32 
27 
25 36 
44 
3 26 48 
21 47 
28 
33 38 
43 31 
6 
39 49 
5 
19 
35 
40 
38 
36 
45 
31 
48 
2 
46 
49 
10 
26 
34 
47 
# clone tree 79 objective: 1.73229
0 1 17 
17 36 25 27 22 8 
8 7 30 
30 3 42 
7 13 41 
42 16 9 
9 15 23 
41 20 
1 44 11 
23 4 
11 40 21 24 
4 33 29 
20 14 
13 12 
22 39 32 
14 35 18 
29 10 5 
12 46 45 19 
18 34 43 
15 6 
16 37 
24 28 
37 2 
32 
27 
25 
44 
3 26 48 
21 
28 
33 38 
43 31 
6 
39 49 
5 
19 
35 
40 
38 
36 
45 
31 47 
48 
2 
46 
49 
10 
26 
34 
47 
# clone tree 80 objective: 1.73229
0 1 17 
17 25 27 22 8 
8 7 30 
30 3 42 
7 13 41 
42 16 9 
9 15 23 
41 20 
1 44 11 
23 4 
11 40 21 24 
4 33 29 
20 14 
13 12 
22 39 32 
14 35 18 
29 10 5 
12 46 45 19 
18 34 43 
15 6 
16 37 
24 28 
37 2 
32 
27 
25 36 
44 
3 26 48 
21 
28 
33 38 
43 31 
6 
39 49 
5 47 
19 
35 
40 
38 
36 
45 
31 
48 
2 
46 
49 
10 
26 
34 
47 
# clone tree 81 objective: 1.73229
0 1 17 
17 25 27 22 8 
8 7 30 
30 3 42 
7 13 41 
42 16 9 
9 15 23 
41 20 
1 44 11 
23 4 
11 40 21 24 
4 33 29 
20 14 
13 12 
22 39 32 
14 35 18 
29 10 5 
12 46 45 19 
18 34 43 
15 6 
16 37 
24 28 
37 2 
32 
27 
25 36 
44 
3 26 48 
21 
28 
33 38 
43 31 
6 47 
39 49 
5 
19 
35 
40 
38 
36 
45 
31 
48 
2 
46 
49 
10 
26 
34 
47 
# clone tree 82 objective: 1.73229
0 1 17 
17 36 25 27 22 8 
8 7 30 
30 3 42 
7 13 41 
42 16 9 
9 15 23 
41 20 
1 44 11 
23 4 
11 40 21 24 
4 33 29 
20 14 
13 12 
22 39 32 
14 35 18 
29 10 5 
12 46 45 19 
18 34 43 
15 47 6 
16 37 
24 28 
37 2 
32 
27 
25 
44 
3 26 48 
21 
28 
33 38 
43 31 
6 
39 49 
5 
19 
35 
40 
38 
36 
45 
31 
48 
2 
46 
49 
10 
26 
34 
47 
# clone tree 83 objective: 1.73229
0 1 17 
17 36 25 27 22 8 
8 7 30 
30 3 42 
7 13 41 
42 16 9 
9 15 23 
41 20 
1 44 11 
23 4 
11 40 21 24 
4 33 29 
20 14 
13 12 
22 39 32 
14 35 18 
29 10 5 
12 46 45 19 
18 34 43 
15 6 
16 37 
24 28 
37 2 
32 
27 
25 
44 
3 26 48 
21 
28 
33 38 
43 31 
6 
39 49 
5 47 
19 
35 
40 
38 
36 
45 
31 
48 
2 
46 
49 
10 
26 
34 
47 
# clone tree 84 objective: 1.7325
0 1 17 
17 38 25 27 22 8 
8 7 30 
30 3 42 
7 13 41 
42 16 9 
9 15 23 
41 49 20 
1 44 11 
23 4 
11 40 21 24 
4 33 29 
20 26 14 
13 12 
22 39 32 
14 35 18 
29 5 
12 45 19 
18 34 43 
15 6 
16 37 
24 28 
37 2 
32 
27 
25 36 
44 
3 48 
21 
28 
33 46 
43 31 
6 
39 
5 
19 
35 10 
40 
38 
36 
45 
31 47 
48 
2 
46 
49 
10 
26 
34 
47 
# clone tree 85 objective: 1.7325
0 1 17 
17 38 25 27 22 8 
8 7 30 
30 3 42 
7 13 41 
42 16 9 
9 15 23 
41 49 20 
1 44 11 
23 4 
11 40 21 24 
4 33 29 
20 26 14 
13 12 
22 39 32 
14 35 18 
29 5 
12 45 19 
18 34 43 
15 6 
16 37 
24 28 
37 2 
32 
27 
25 36 
44 
3 48 
21 
28 
33 46 
43 31 
6 
39 47 
5 
19 
35 10 
40 
38 
36 
45 
31 
48 
2 
46 
49 
10 
26 
34 
47 
# clone tree 86 objective: 1.7325
0 1 17 
17 38 25 27 22 8 
8 7 30 
30 3 42 
7 13 41 
42 16 9 
9 15 23 
41 49 20 
1 44 11 
23 4 
11 40 21 24 
4 33 29 
20 26 14 
13 12 
22 39 32 
14 35 18 
29 5 
12 45 19 
18 34 43 
15 47 6 
16 37 
24 28 
37 2 
32 
27 
25 36 
44 
3 48 
21 
28 
33 46 
43 31 
6 
39 
5 
19 
35 10 
40 
38 
36 
45 
31 
48 
2 
46 
49 
10 
26 
34 
47 
# clone tree 87 objective: 1.7325
0 1 17 
17 38 25 27 22 8 
8 7 30 
30 3 42 
7 13 41 
42 16 9 
9 15 23 
41 49 20 
1 44 11 
23 4 
11 40 21 24 
4 33 29 
20 26 14 
13 12 
22 39 32 
14 35 18 
29 5 
12 45 19 
18 34 43 
15 6 
16 37 
24 28 
37 2 
32 
27 
25 36 
44 
3 48 
21 
28 
33 46 
43 31 
6 
39 
5 47 
19 
35 10 
40 
38 
36 
45 
31 
48 
2 
46 
49 
10 
26 
34 
47 
# clone tree 88 objective: 1.7325
0 1 17 
17 38 25 27 22 8 
8 7 30 
30 3 42 
7 13 41 
42 16 9 
9 15 23 
41 49 20 
1 44 11 
23 47 4 
11 40 21 24 
4 33 29 
20 26 14 
13 12 
22 39 32 
14 35 18 
29 5 
12 45 19 
18 34 43 
15 6 
16 37 
24 28 
37 2 
32 
27 
25 36 
44 
3 48 
21 
28 
33 46 
43 31 
6 
39 
5 
19 
35 10 
40 
38 
36 
45 
31 
48 
2 
46 
49 
10 
26 
34 
47 
# clone tree 89 objective: 1.7325
0 1 17 
17 38 25 27 22 8 
8 7 30 
30 3 42 
7 13 41 
42 16 9 
9 15 23 
41 49 20 
1 44 11 
23 4 
11 40 21 24 
4 33 29 
20 26 14 
13 12 
22 39 32 
14 35 18 
29 5 
12 45 19 
18 34 43 
15 6 
16 37 
24 28 
37 2 
32 
27 
25 36 
44 
3 48 
21 47 
28 
33 46 
43 31 
6 
39 
5 
19 
35 10 
40 
38 
36 
45 
31 
48 
2 
46 
49 
10 
26 
34 
47 
# clone tree 90 objective: 1.7325
0 1 17 
17 38 25 27 22 8 
8 7 30 
30 3 42 
7 13 41 
42 16 9 
9 15 23 
41 49 20 
1 44 11 
23 4 
11 40 21 24 
4 33 29 
20 26 14 
13 12 
22 39 32 
14 35 18 
29 5 
12 45 19 
18 34 43 
15 6 
16 37 
24 28 
37 2 
32 
27 
25 36 
44 
3 48 
21 
28 
33 46 
43 31 
6 47 
39 
5 
19 
35 10 
40 
38 
36 
45 
31 
48 
2 
46 
49 
10 
26 
34 
47 
# clone tree 91 objective: 1.73251
0 1 17 
17 36 27 16 8 
8 45 7 30 
30 15 42 
7 48 19 28 9 
42 21 13 23 
9 41 
41 20 
1 47 24 22 
23 34 4 
11 5 14 
4 33 29 
20 10 11 
13 12 
22 32 
14 18 
29 35 39 
12 37 
18 3 
15 6 
16 25 
24 40 
37 2 
32 44 
27 
25 
44 
3 38 
21 43 
28 
33 46 
43 31 
6 
39 49 
5 26 
19 
35 
40 
38 
36 
45 
31 
48 
2 
46 
49 
10 
26 
34 
47 
# clone tree 92 objective: 1.73251
0 1 17 
17 36 27 16 8 
8 45 7 30 
30 15 42 
7 48 19 28 9 
42 21 13 23 
9 41 
41 20 
1 24 22 
23 34 4 
11 5 14 
4 33 29 
20 10 11 
13 12 
22 32 
14 18 
29 35 39 
12 37 
18 3 
15 47 6 
16 25 
24 40 
37 2 
32 44 
27 
25 
44 
3 38 
21 43 
28 
33 46 
43 31 
6 
39 49 
5 26 
19 
35 
40 
38 
36 
45 
31 
48 
2 
46 
49 
10 
26 
34 
47 
# clone tree 93 objective: 1.73251
0 1 17 
17 36 27 16 8 
8 45 7 30 
30 15 42 
7 48 19 28 9 
42 21 13 23 
9 41 
41 20 
1 24 22 
23 34 4 
11 5 14 
4 33 29 
20 10 11 
13 12 
22 32 
14 18 
29 35 39 
12 37 
18 3 
15 6 
16 25 
24 40 
37 2 
32 44 
27 
25 
44 
3 38 
21 43 
28 
33 46 
43 31 
6 
39 49 
5 26 
19 
35 
40 
38 
36 
45 
31 47 
48 
2 
46 
49 
10 
26 
34 
47 
# clone tree 94 objective: 1.73251
0 1 17 
17 36 27 16 8 
8 45 7 30 
30 15 42 
7 48 19 28 9 
42 21 13 23 
9 41 
41 20 
1 24 22 
23 4 
11 5 14 
4 33 29 
20 10 11 
13 12 
22 32 
14 18 
29 35 39 
12 34 37 
18 3 
15 6 
16 25 
24 40 
37 2 
32 44 
27 
25 47 
44 
3 38 
21 43 
28 
33 46 
43 31 
6 
39 49 
5 26 
19 
35 
40 
38 
36 
45 
31 
48 
2 
46 
49 
10 
26 
34 
47 
# clone tree 95 objective: 1.73251
0 1 17 
17 36 27 16 8 
8 45 7 30 
30 15 42 
7 48 19 28 9 
42 21 13 23 
9 41 
41 20 
1 24 22 
23 34 4 
11 5 14 
4 33 29 
20 10 11 
13 12 
22 32 
14 47 18 
29 35 39 
12 37 
18 3 
15 6 
16 25 
24 40 
37 2 
32 44 
27 
25 
44 
3 38 
21 43 
28 
33 46 
43 31 
6 
39 49 
5 26 
19 
35 
40 
38 
36 
45 
31 
48 
2 
46 
49 
10 
26 
34 
47 
# clone tree 96 objective: 1.73251
0 1 17 
17 36 27 16 8 
8 45 7 30 
30 15 42 
7 48 19 28 9 
42 21 13 23 
9 41 
41 20 
1 24 22 
23 4 
11 5 14 
4 33 29 
20 10 11 
13 12 
22 32 
14 18 
29 35 39 
12 34 37 
18 3 
15 6 
16 25 
24 40 
37 2 
32 44 
27 
25 
44 
3 38 
21 43 
28 
33 46 
43 31 
6 47 
39 49 
5 26 
19 
35 
40 
38 
36 
45 
31 
48 
2 
46 
49 
10 
26 
34 
47 
# clone tree 97 objective: 1.73251
0 1 17 
17 36 27 16 8 
8 45 7 30 
30 15 42 
7 48 19 28 9 
42 21 13 23 
9 41 
41 20 
1 24 22 
23 34 4 
11 5 14 
4 33 29 
20 10 11 
13 12 
22 32 
14 18 
29 35 39 
12 37 
18 3 
15 6 
16 25 
24 40 
37 2 
32 44 
27 
25 
44 
3 38 
21 43 
28 
33 46 
43 31 
6 47 
39 49 
5 26 
19 
35 
40 
38 
36 
45 
31 
48 
2 
46 
49 
10 
26 
34 
47 
# clone tree 98 objective: 1.73251
0 1 17 
17 36 27 16 8 
8 45 7 30 
30 15 42 
7 48 19 28 9 
42 21 13 23 
9 41 
41 20 
1 24 22 
23 4 
11 5 14 
4 33 29 
20 10 11 
13 12 
22 32 
14 18 
29 35 39 
12 34 37 
18 3 
15 47 6 
16 25 
24 40 
37 2 
32 44 
27 
25 
44 
3 38 
21 43 
28 
33 46 
43 31 
6 
39 49 
5 26 
19 
35 
40 
38 
36 
45 
31 
48 
2 
46 
49 
10 
26 
34 
47 
# clone tree 99 objective: 1.73251
0 1 17 
17 36 27 16 8 
8 45 7 30 
30 15 42 
7 48 19 28 9 
42 21 13 23 
9 41 
41 20 
1 24 22 
23 34 4 
11 5 14 
4 33 29 
20 10 11 
13 12 
22 47 32 
14 18 
29 35 39 
12 37 
18 3 
15 6 
16 25 
24 40 
37 2 
32 44 
27 
25 
44 
3 38 
21 43 
28 
33 46 
43 31 
6 
39 49 
5 26 
19 
35 
40 
38 
36 
45 
31 
48 
2 
46 
49 
10 
26 
34 
47 
