# clone tree 0 objective: 2.63693
0 41 16 18 
18 48 43 2 24 
24 21 35 7 
7 20 45 
45 9 15 
15 6 
22 42 28 38 
6 22 
38 33 19 
19 32 5 
35 39 
40 12 
5 40 
11 13 10 
12 11 
32 34 
39 36 4 26 
34 46 
2 1 
10 23 25 
46 27 14 
26 44 
1 8 
21 31 29 
28 
25 37 
37 
44 3 
9 30 
20 
43 
3 
29 
13 
31 
33 47 
23 
30 
14 
42 17 
16 
41 49 
27 
8 
48 
4 
36 
17 
47 
49 
# clone tree 1 objective: 2.63693
0 41 18 
18 48 43 2 24 
24 21 35 7 
7 20 45 
45 9 15 
15 6 
22 42 28 38 
6 22 
38 49 33 19 
19 32 5 
35 39 
40 12 
5 16 40 
11 13 10 
12 11 
32 34 
39 36 4 26 
34 46 
2 1 
10 23 25 
46 27 14 
26 44 
1 8 
21 31 29 
28 
25 37 
37 
44 3 
9 30 
20 
43 
3 
29 47 
13 
31 
33 
23 
30 
14 
42 17 
16 
41 
27 
8 
48 
4 
36 
17 
47 
49 
# clone tree 2 objective: 2.63693
0 41 18 
18 48 43 2 24 
24 21 35 7 
7 20 45 
45 9 15 
15 6 
22 42 28 38 
6 22 
38 33 19 
19 32 5 
35 39 
40 12 
5 16 40 
11 13 10 
12 11 
32 34 
39 36 4 26 
34 46 
2 1 
10 23 25 
46 27 14 
26 47 44 
1 8 
21 31 29 
28 
25 37 
37 
44 3 
9 30 
20 
43 
3 
29 
13 
31 
33 
23 
30 
14 49 
42 17 
16 
41 
27 
8 
48 
4 
36 
17 
47 
49 
# clone tree 3 objective: 2.63693
0 49 41 16 18 
18 48 43 2 24 
24 21 35 7 
7 20 45 
45 9 15 
15 6 
22 42 28 38 
6 22 
38 33 19 
19 32 5 
35 39 
40 12 
5 40 
11 13 10 
12 11 
32 34 
39 36 4 26 
34 46 
2 1 
10 23 25 
46 27 14 
26 44 
1 8 
21 31 29 
28 
25 37 
37 
44 3 
9 30 
20 
43 
3 
29 
13 
31 
33 47 
23 
30 
14 
42 17 
16 
41 
27 
8 
48 
4 
36 
17 
47 
49 
# clone tree 4 objective: 2.63693
0 41 18 
18 48 43 2 24 
24 21 35 7 
7 20 45 
45 9 15 
15 6 
22 42 28 38 
6 22 
38 33 19 
19 32 5 
35 47 39 
40 12 
5 16 40 
11 13 10 
12 11 
32 34 
39 36 4 26 
34 46 
2 1 
10 23 25 
46 27 14 
26 44 
1 8 
21 31 29 
28 
25 37 
37 
44 3 
9 30 
20 
43 
3 49 
29 
13 
31 
33 
23 
30 
14 
42 17 
16 
41 
27 
8 
48 
4 
36 
17 
47 
49 
# clone tree 5 objective: 2.63693
0 41 18 
18 48 43 2 24 
24 21 35 7 
7 20 45 
45 9 15 
15 6 
22 42 28 38 
6 22 
38 33 19 
19 32 5 
35 47 39 
40 12 
5 16 40 
11 13 10 
12 11 
32 34 
39 36 4 26 
34 46 
2 1 
10 23 25 
46 27 14 
26 44 
1 8 
21 31 29 
28 
25 37 
37 
44 3 
9 30 
20 
43 
3 
29 
13 
31 
33 
23 
30 
14 
42 17 
16 
41 49 
27 
8 
48 
4 
36 
17 
47 
49 
# clone tree 6 objective: 2.63693
0 41 18 
18 48 43 2 24 
24 21 35 7 
7 20 45 
45 9 15 
15 6 
22 42 28 38 
6 22 
38 33 19 
19 32 5 
35 47 39 
40 12 
5 16 40 
11 13 10 
12 11 
32 34 
39 36 4 26 
34 46 
2 1 
10 23 25 
46 27 14 
26 44 
1 8 
21 31 29 
28 
25 37 
37 
44 3 
9 30 
20 
43 
3 
29 
13 
31 
33 
23 
30 49 
14 
42 17 
16 
41 
27 
8 
48 
4 
36 
17 
47 
49 
# clone tree 7 objective: 2.63693
0 49 41 16 18 
18 48 43 2 24 
24 21 35 7 
7 20 45 
45 9 15 
15 6 
22 42 28 38 
6 22 
38 33 19 
19 32 5 
35 39 
40 12 
5 40 
11 13 10 
12 11 
32 34 
39 36 4 26 
34 46 
2 1 
10 23 25 
46 27 14 
26 44 
1 8 
21 31 29 
28 
25 37 
37 
44 3 
9 30 
20 47 
43 
3 
29 
13 
31 
33 
23 
30 
14 
42 17 
16 
41 
27 
8 
48 
4 
36 
17 
47 
49 
# clone tree 8 objective: 2.63693
0 47 41 18 
18 48 43 2 24 
24 21 35 7 
7 20 45 
45 9 15 
15 6 
22 42 28 38 
6 22 
38 33 19 
19 32 5 
35 39 
40 12 
5 16 40 
11 13 10 
12 11 
32 34 
39 36 4 26 
34 46 
2 1 
10 23 25 
46 27 14 
26 49 44 
1 8 
21 31 29 
28 
25 37 
37 
44 3 
9 30 
20 
43 
3 
29 
13 
31 
33 
23 
30 
14 
42 17 
16 
41 
27 
8 
48 
4 
36 
17 
47 
49 
# clone tree 9 objective: 2.63693
0 41 18 
18 48 43 2 24 
24 21 35 7 
7 20 45 
45 9 15 
15 6 
22 42 28 38 
6 22 
38 33 19 
19 32 5 
35 47 39 
40 12 
5 16 40 
11 13 10 
12 11 
32 34 
39 36 4 26 
34 46 
2 1 
10 23 25 
46 27 14 
26 49 44 
1 8 
21 31 29 
28 
25 37 
37 
44 3 
9 30 
20 
43 
3 
29 
13 
31 
33 
23 
30 
14 
42 17 
16 
41 
27 
8 
48 
4 
36 
17 
47 
49 
# clone tree 10 objective: 2.63693
0 49 41 18 
18 48 43 2 24 
24 21 35 7 
7 20 45 
45 9 15 
15 6 
22 42 28 38 
6 22 
38 33 19 
19 32 5 
35 39 
40 12 
5 16 40 
11 13 10 
12 11 
32 34 
39 36 4 26 
34 46 
2 1 
10 23 25 
46 27 14 
26 44 
1 8 
21 31 29 
28 
25 37 
37 
44 3 
9 30 
20 47 
43 
3 
29 
13 
31 
33 
23 
30 
14 
42 17 
16 
41 
27 
8 
48 
4 
36 
17 
47 
49 
# clone tree 11 objective: 2.63693
0 47 41 18 
18 48 43 2 24 
24 21 35 7 
7 20 45 
45 9 15 
15 6 
22 42 28 38 
6 22 
38 33 19 
19 32 5 
35 39 
40 12 
5 16 40 
11 13 10 
12 11 
32 34 
39 36 4 26 
34 46 
2 1 
10 23 25 
46 27 14 
26 44 
1 8 
21 31 29 
28 
25 37 
37 
44 3 
9 30 
20 
43 
3 49 
29 
13 
31 
33 
23 
30 
14 
42 17 
16 
41 
27 
8 
48 
4 
36 
17 
47 
49 
# clone tree 12 objective: 2.63693
0 49 47 41 16 18 
18 48 43 2 24 
24 21 35 7 
7 20 45 
45 9 15 
15 6 
22 42 28 38 
6 22 
38 33 19 
19 32 5 
35 39 
40 12 
5 40 
11 13 10 
12 11 
32 34 
39 36 4 26 
34 46 
2 1 
10 23 25 
46 27 14 
26 44 
1 8 
21 31 29 
28 
25 37 
37 
44 3 
9 30 
20 
43 
3 
29 
13 
31 
33 
23 
30 
14 
42 17 
16 
41 
27 
8 
48 
4 
36 
17 
47 
49 
# clone tree 13 objective: 2.63693
0 41 16 18 
18 48 43 2 24 
24 47 21 35 7 
7 20 45 
45 9 15 
15 6 
22 42 28 38 
6 22 
38 33 19 
19 32 5 
35 39 
40 12 
5 40 
11 13 10 
12 11 
32 34 
39 36 4 26 
34 46 
2 1 
10 23 25 
46 27 14 
26 44 
1 8 
21 31 29 
28 
25 37 
37 
44 3 
9 30 
20 
43 
3 
29 
13 
31 
33 
23 
30 
14 49 
42 17 
16 
41 
27 
8 
48 
4 
36 
17 
47 
49 
# clone tree 14 objective: 2.63693
0 41 16 18 
18 48 43 2 24 
24 47 21 35 7 
7 20 45 
45 9 15 
15 6 
22 42 28 38 
6 22 
38 33 19 
19 32 5 
35 39 
40 12 
5 40 
11 13 10 
12 11 
32 34 
39 36 4 26 
34 46 
2 1 
10 23 25 
46 27 14 
26 44 
1 8 
21 31 29 
28 
25 37 
37 
44 3 
9 30 
20 
43 
3 
29 
13 
31 
33 
23 
30 49 
14 
42 17 
16 
41 
27 
8 
48 
4 
36 
17 
47 
49 
# clone tree 15 objective: 2.63693
0 41 18 
18 48 43 2 24 
24 21 35 7 
7 20 45 
45 9 15 
15 6 
22 42 28 38 
6 22 
38 33 19 
19 32 5 
35 39 
40 12 
5 16 40 
11 13 10 
12 11 
32 34 
39 36 4 26 
34 46 
2 1 
10 23 25 
46 27 14 
26 44 
1 8 
21 31 29 
28 
25 49 37 
37 
44 3 
9 30 
20 47 
43 
3 
29 
13 
31 
33 
23 
30 
14 
42 17 
16 
41 
27 
8 
48 
4 
36 
17 
47 
49 
# clone tree 16 objective: 2.63693
0 41 18 
18 48 43 2 24 
24 21 35 7 
7 20 45 
45 9 15 
15 6 
22 42 28 38 
6 22 
38 33 19 
19 32 5 
35 47 39 
40 12 
5 16 40 
11 13 10 
12 11 
32 34 
39 36 4 26 
34 46 
2 1 
10 23 25 
46 27 14 
26 44 
1 8 
21 31 29 
28 
25 49 37 
37 
44 3 
9 30 
20 
43 
3 
29 
13 
31 
33 
23 
30 
14 
42 17 
16 
41 
27 
8 
48 
4 
36 
17 
47 
49 
# clone tree 17 objective: 2.63693
0 41 18 
18 48 43 2 24 
24 21 35 7 
7 20 45 
45 9 15 
15 6 
22 42 28 38 
6 22 
38 49 33 19 
19 32 5 
35 47 39 
40 12 
5 16 40 
11 13 10 
12 11 
32 34 
39 36 4 26 
34 46 
2 1 
10 23 25 
46 27 14 
26 44 
1 8 
21 31 29 
28 
25 37 
37 
44 3 
9 30 
20 
43 
3 
29 
13 
31 
33 
23 
30 
14 
42 17 
16 
41 
27 
8 
48 
4 
36 
17 
47 
49 
# clone tree 18 objective: 2.63693
0 41 18 
18 48 43 2 24 
24 21 35 7 
7 20 45 
45 9 15 
15 6 
22 42 28 38 
6 22 
38 49 33 19 
19 32 5 
35 39 
40 12 
5 16 40 
11 13 10 
12 11 
32 34 
39 36 4 26 
34 46 
2 1 
10 23 25 
46 27 14 
26 44 
1 8 
21 31 29 
28 
25 37 
37 
44 3 
9 30 
20 47 
43 
3 
29 
13 
31 
33 
23 
30 
14 
42 17 
16 
41 
27 
8 
48 
4 
36 
17 
47 
49 
# clone tree 19 objective: 2.63693
0 47 41 16 18 
18 48 43 2 24 
24 21 35 7 
7 20 45 
45 9 15 
15 6 
22 42 28 38 
6 22 
38 49 33 19 
19 32 5 
35 39 
40 12 
5 40 
11 13 10 
12 11 
32 34 
39 36 4 26 
34 46 
2 1 
10 23 25 
46 27 14 
26 44 
1 8 
21 31 29 
28 
25 37 
37 
44 3 
9 30 
20 
43 
3 
29 
13 
31 
33 
23 
30 
14 
42 17 
16 
41 
27 
8 
48 
4 
36 
17 
47 
49 
# clone tree 20 objective: 2.63693
0 47 41 18 
18 48 43 2 24 
24 21 35 7 
7 20 45 
45 9 15 
15 6 
22 42 28 38 
6 22 
38 33 19 
19 32 5 
35 39 
40 12 
5 16 40 
11 13 10 
12 11 
32 34 
39 36 4 26 
34 46 
2 1 
10 23 25 
46 27 14 
26 44 
1 8 
21 31 29 
28 
25 37 
37 
44 3 
9 30 
20 
43 
3 
29 
13 
31 
33 
23 
30 
14 
42 17 
16 
41 49 
27 
8 
48 
4 
36 
17 
47 
49 
# clone tree 21 objective: 2.63693
0 41 18 
18 48 43 2 24 
24 21 35 7 
7 20 45 
45 9 15 
15 6 
22 42 28 38 
6 22 
38 33 19 
19 32 5 
35 39 
40 12 
5 16 40 
11 13 10 
12 11 
32 34 
39 36 4 26 
34 46 
2 1 
10 23 25 
46 27 14 
26 49 44 
1 8 
21 31 29 
28 
25 37 
37 
44 3 
9 30 
20 47 
43 
3 
29 
13 
31 
33 
23 
30 
14 
42 17 
16 
41 
27 
8 
48 
4 
36 
17 
47 
49 
# clone tree 22 objective: 2.63693
0 47 41 16 18 
18 48 43 2 24 
24 21 35 7 
7 20 45 
45 9 15 
15 6 
22 42 28 38 
6 22 
38 33 19 
19 32 5 
35 39 
40 12 
5 40 
11 13 10 
12 11 
32 34 
39 36 4 26 
34 46 
2 1 
10 23 25 
46 27 14 
26 44 
1 8 
21 31 29 
28 
25 49 37 
37 
44 3 
9 30 
20 
43 
3 
29 
13 
31 
33 
23 
30 
14 
42 17 
16 
41 
27 
8 
48 
4 
36 
17 
47 
49 
# clone tree 23 objective: 2.63693
0 41 18 
18 48 43 2 24 
24 21 35 7 
7 20 45 
45 9 15 
15 6 
22 42 28 38 
6 22 
38 33 19 
19 32 5 
35 39 
40 12 
5 16 40 
11 13 10 
12 11 
32 34 
39 36 4 26 
34 46 
2 1 
10 23 25 
46 27 14 
26 44 
1 8 
21 31 29 
28 
25 37 
37 
44 3 
9 30 
20 47 
43 
3 49 
29 
13 
31 
33 
23 
30 
14 
42 17 
16 
41 
27 
8 
48 
4 
36 
17 
47 
49 
# clone tree 24 objective: 2.63693
0 47 41 18 
18 48 43 2 24 
24 21 35 7 
7 20 45 
45 9 15 
15 6 
22 42 28 38 
6 22 
38 33 19 
19 32 5 
35 39 
40 12 
5 16 40 
11 13 10 
12 11 
32 34 
39 36 4 26 
34 46 
2 1 
10 23 25 
46 27 14 
26 44 
1 8 
21 31 29 
28 
25 37 
37 
44 3 
9 30 
20 
43 
3 
29 
13 
31 
33 
23 
30 
14 49 
42 17 
16 
41 
27 
8 
48 
4 
36 
17 
47 
49 
# clone tree 25 objective: 2.63693
0 47 41 18 
18 48 43 2 24 
24 21 35 7 
7 20 45 
45 9 15 
15 6 
22 42 28 38 
6 22 
38 49 33 19 
19 32 5 
35 39 
40 12 
5 16 40 
11 13 10 
12 11 
32 34 
39 36 4 26 
34 46 
2 1 
10 23 25 
46 27 14 
26 44 
1 8 
21 31 29 
28 
25 37 
37 
44 3 
9 30 
20 
43 
3 
29 
13 
31 
33 
23 
30 
14 
42 17 
16 
41 
27 
8 
48 
4 
36 
17 
47 
49 
# clone tree 26 objective: 2.63693
0 41 16 18 
18 48 43 2 24 
24 47 21 35 7 
7 20 45 
45 9 15 
15 6 
22 42 28 38 
6 22 
38 33 19 
19 32 5 
35 39 
40 12 
5 40 
11 13 10 
12 11 
32 34 
39 36 4 26 
34 46 
2 1 
10 23 25 
46 27 14 
26 44 
1 8 
21 31 29 
28 
25 37 
37 
44 3 
9 30 
20 
43 
3 
29 
13 
31 
33 
23 
30 
14 
42 17 
16 
41 49 
27 
8 
48 
4 
36 
17 
47 
49 
# clone tree 27 objective: 2.63693
0 41 18 
18 48 43 2 24 
24 21 35 7 
7 20 45 
45 9 15 
15 6 
22 42 28 38 
6 22 
38 33 19 
19 32 5 
35 39 
40 12 
5 16 40 
11 13 10 
12 11 
32 34 
39 36 4 26 
34 46 
2 1 
10 23 25 
46 27 14 
26 44 
1 8 
21 31 29 
28 
25 37 
37 
44 3 
9 30 
20 47 
43 
3 
29 
13 
31 
33 
23 
30 
14 
42 17 
16 
41 49 
27 
8 
48 
4 
36 
17 
47 
49 
# clone tree 28 objective: 2.63693
0 41 16 18 
18 48 43 2 24 
24 21 35 7 
7 20 45 
45 9 15 
15 47 6 
22 42 28 38 
6 22 
38 33 19 
19 32 5 
35 39 
40 12 
5 40 
11 13 10 
12 11 
32 34 
39 36 4 26 
34 46 
2 1 
10 23 25 
46 27 14 
26 44 
1 8 
21 31 29 
28 
25 49 37 
37 
44 3 
9 30 
20 
43 
3 
29 
13 
31 
33 
23 
30 
14 
42 17 
16 
41 
27 
8 
48 
4 
36 
17 
47 
49 
# clone tree 29 objective: 2.63693
0 49 41 18 
18 48 43 2 24 
24 21 35 7 
7 20 45 
45 9 15 
15 6 
22 42 28 38 
6 22 
38 33 19 
19 32 5 
35 47 39 
40 12 
5 16 40 
11 13 10 
12 11 
32 34 
39 36 4 26 
34 46 
2 1 
10 23 25 
46 27 14 
26 44 
1 8 
21 31 29 
28 
25 37 
37 
44 3 
9 30 
20 
43 
3 
29 
13 
31 
33 
23 
30 
14 
42 17 
16 
41 
27 
8 
48 
4 
36 
17 
47 
49 
# clone tree 30 objective: 2.63693
0 49 41 18 
18 48 43 2 24 
24 21 35 7 
7 20 45 
45 9 15 
15 47 6 
22 42 28 38 
6 22 
38 33 19 
19 32 5 
35 39 
40 12 
5 16 40 
11 13 10 
12 11 
32 34 
39 36 4 26 
34 46 
2 1 
10 23 25 
46 27 14 
26 44 
1 8 
21 31 29 
28 
25 37 
37 
44 3 
9 30 
20 
43 
3 
29 
13 
31 
33 
23 
30 
14 
42 17 
16 
41 
27 
8 
48 
4 
36 
17 
47 
49 
# clone tree 31 objective: 2.63693
0 41 18 
18 48 43 2 24 
24 21 35 7 
7 20 45 
45 9 15 
15 6 
22 42 28 38 
6 22 
38 33 19 
19 32 5 
35 39 
40 12 
5 16 40 
11 13 10 
12 11 
32 34 
39 36 4 26 
34 46 
2 1 
10 23 25 
46 27 14 
26 44 
1 8 
21 31 29 
28 
25 37 
37 
44 3 
9 30 
20 47 
43 
3 
29 
13 
31 
33 
23 
30 49 
14 
42 17 
16 
41 
27 
8 
48 
4 
36 
17 
47 
49 
# clone tree 32 objective: 2.63693
0 41 16 18 
18 48 43 2 24 
24 21 35 7 
7 20 45 
45 9 15 
15 47 6 
22 42 28 38 
6 22 
38 33 19 
19 32 5 
35 39 
40 12 
5 40 
11 13 10 
12 11 
32 34 
39 36 4 26 
34 46 
2 1 
10 23 25 
46 27 14 
26 44 
1 8 
21 31 29 
28 
25 37 
37 
44 3 
9 30 
20 
43 
3 
29 
13 
31 
33 
23 
30 
14 49 
42 17 
16 
41 
27 
8 
48 
4 
36 
17 
47 
49 
# clone tree 33 objective: 2.63693
0 41 16 18 
18 48 43 2 24 
24 21 35 7 
7 20 45 
45 9 15 
15 6 
22 42 28 38 
6 22 
38 33 19 
19 32 5 
35 39 
40 12 
5 40 
11 13 10 
12 11 
32 34 
39 36 4 26 
34 46 
2 1 
10 23 25 
46 27 14 
26 47 44 
1 8 
21 31 29 
28 
25 37 
37 
44 3 
9 30 
20 
43 
3 
29 
13 
31 
33 
23 
30 49 
14 
42 17 
16 
41 
27 
8 
48 
4 
36 
17 
47 
49 
# clone tree 34 objective: 2.63693
0 41 18 
18 48 43 2 24 
24 21 35 7 
7 20 45 
45 9 15 
15 6 
22 42 28 38 
6 22 
38 33 19 
19 32 5 
35 39 
40 12 
5 16 40 
11 13 10 
12 11 
32 34 
39 36 4 26 
34 46 
2 1 
10 23 25 
46 27 14 
26 44 
1 8 
21 31 29 
28 
25 37 
37 
44 3 
9 30 
20 47 
43 
3 
29 
13 
31 
33 
23 
30 
14 49 
42 17 
16 
41 
27 
8 
48 
4 
36 
17 
47 
49 
# clone tree 35 objective: 2.63693
0 41 16 18 
18 48 43 2 24 
24 21 35 7 
7 20 45 
45 9 15 
15 6 
22 42 28 38 
6 22 
38 33 19 
19 32 5 
35 39 
40 12 
5 40 
11 13 10 
12 11 
32 34 
39 36 4 26 
34 46 
2 1 
10 23 25 
46 27 14 
26 47 44 
1 8 
21 31 29 
28 
25 37 
37 
44 3 
9 30 
20 
43 
3 
29 
13 
31 
33 
23 
30 
14 
42 17 
16 
41 49 
27 
8 
48 
4 
36 
17 
47 
49 
# clone tree 36 objective: 2.63693
0 41 16 18 
18 48 43 2 24 
24 21 35 7 
7 20 45 
45 9 15 
15 6 
22 42 28 38 
6 22 
38 33 19 
19 32 5 
35 39 
40 12 
5 40 
11 13 10 
12 11 
32 34 
39 36 4 26 
34 46 
2 1 
10 23 25 
46 27 14 
26 44 
1 8 
21 31 29 
28 
25 49 37 
37 
44 3 
9 30 
20 
43 
3 
29 
13 
31 
33 47 
23 
30 
14 
42 17 
16 
41 
27 
8 
48 
4 
36 
17 
47 
49 
# clone tree 37 objective: 2.63693
0 41 16 18 
18 48 43 2 24 
24 21 35 7 
7 20 45 
45 9 15 
15 6 
22 42 28 38 
6 22 
38 33 19 
19 32 5 
35 39 
40 12 
5 40 
11 13 10 
12 11 
32 34 
39 36 4 26 
34 46 
2 1 
10 23 25 
46 27 14 
26 47 44 
1 8 
21 31 29 
28 
25 37 
37 
44 3 
9 30 
20 
43 
3 49 
29 
13 
31 
33 
23 
30 
14 
42 17 
16 
41 
27 
8 
48 
4 
36 
17 
47 
49 
# clone tree 38 objective: 2.63693
0 41 16 18 
18 48 43 2 24 
24 47 21 35 7 
7 20 45 
45 9 15 
15 6 
22 42 28 38 
6 22 
38 33 19 
19 32 5 
35 39 
40 12 
5 40 
11 13 10 
12 11 
32 34 
39 36 4 26 
34 46 
2 1 
10 23 25 
46 27 14 
26 44 
1 8 
21 31 29 
28 
25 37 
37 
44 3 
9 30 
20 
43 
3 49 
29 
13 
31 
33 
23 
30 
14 
42 17 
16 
41 
27 
8 
48 
4 
36 
17 
47 
49 
# clone tree 39 objective: 2.63693
0 41 18 
18 48 43 2 24 
24 47 21 35 7 
7 20 45 
45 9 15 
15 6 
22 42 28 38 
6 22 
38 33 19 
19 32 5 
35 39 
40 12 
5 16 40 
11 13 10 
12 11 
32 34 
39 36 4 26 
34 46 
2 1 
10 23 25 
46 27 14 
26 44 
1 8 
21 31 29 
28 
25 37 
37 
44 3 
9 30 
20 
43 
3 
29 
13 
31 
33 
23 
30 
14 49 
42 17 
16 
41 
27 
8 
48 
4 
36 
17 
47 
49 
# clone tree 40 objective: 2.63693
0 41 18 
18 48 43 2 24 
24 47 21 35 7 
7 20 45 
45 9 15 
15 6 
22 42 28 38 
6 22 
38 33 19 
19 32 5 
35 39 
40 12 
5 16 40 
11 13 10 
12 11 
32 34 
39 36 4 26 
34 46 
2 1 
10 23 25 
46 27 14 
26 44 
1 8 
21 31 29 
28 
25 37 
37 
44 3 
9 30 
20 
43 
3 
29 
13 
31 
33 
23 
30 49 
14 
42 17 
16 
41 
27 
8 
48 
4 
36 
17 
47 
49 
# clone tree 41 objective: 2.63693
0 49 41 16 18 
18 48 43 2 24 
24 21 35 7 
7 20 45 
45 9 15 
15 6 
22 42 28 38 
6 22 
38 33 19 
19 32 5 
35 39 
40 12 
5 40 
11 13 10 
12 11 
32 34 
39 36 4 26 
34 46 
2 1 
10 23 25 
46 27 14 
26 47 44 
1 8 
21 31 29 
28 
25 37 
37 
44 3 
9 30 
20 
43 
3 
29 
13 
31 
33 
23 
30 
14 
42 17 
16 
41 
27 
8 
48 
4 
36 
17 
47 
49 
# clone tree 42 objective: 2.63693
0 41 18 
18 48 43 2 24 
24 21 35 7 
7 20 45 
45 9 15 
15 47 6 
22 42 28 38 
6 22 
38 33 19 
19 32 5 
35 39 
40 12 
5 16 40 
11 13 10 
12 11 
32 34 
39 36 4 26 
34 46 
2 1 
10 23 25 
46 27 14 
26 44 
1 8 
21 31 29 
28 
25 49 37 
37 
44 3 
9 30 
20 
43 
3 
29 
13 
31 
33 
23 
30 
14 
42 17 
16 
41 
27 
8 
48 
4 
36 
17 
47 
49 
# clone tree 43 objective: 2.63693
0 41 16 18 
18 48 43 2 24 
24 47 21 35 7 
7 20 45 
45 9 15 
15 6 
22 42 28 38 
6 22 
38 49 33 19 
19 32 5 
35 39 
40 12 
5 40 
11 13 10 
12 11 
32 34 
39 36 4 26 
34 46 
2 1 
10 23 25 
46 27 14 
26 44 
1 8 
21 31 29 
28 
25 37 
37 
44 3 
9 30 
20 
43 
3 
29 
13 
31 
33 
23 
30 
14 
42 17 
16 
41 
27 
8 
48 
4 
36 
17 
47 
49 
# clone tree 44 objective: 2.63693
0 41 16 18 
18 48 43 2 24 
24 47 21 35 7 
7 20 45 
45 9 15 
15 6 
22 42 28 38 
6 22 
38 33 19 
19 32 5 
35 39 
40 12 
5 40 
11 13 10 
12 11 
32 34 
39 36 4 26 
34 46 
2 1 
10 23 25 
46 27 14 
26 44 
1 8 
21 31 29 
28 
25 49 37 
37 
44 3 
9 30 
20 
43 
3 
29 
13 
31 
33 
23 
30 
14 
42 17 
16 
41 
27 
8 
48 
4 
36 
17 
47 
49 
# clone tree 45 objective: 2.63693
0 41 16 18 
18 48 43 2 24 
24 21 35 7 
7 20 45 
45 9 15 
15 47 6 
22 42 28 38 
6 22 
38 33 19 
19 32 5 
35 39 
40 12 
5 40 
11 13 10 
12 11 
32 34 
39 36 4 26 
34 46 
2 1 
10 23 25 
46 27 14 
26 49 44 
1 8 
21 31 29 
28 
25 37 
37 
44 3 
9 30 
20 
43 
3 
29 
13 
31 
33 
23 
30 
14 
42 17 
16 
41 
27 
8 
48 
4 
36 
17 
47 
49 
# clone tree 46 objective: 2.63693
0 47 41 18 
18 48 43 2 24 
24 21 35 7 
7 20 45 
45 9 15 
15 6 
22 42 28 38 
6 22 
38 33 19 
19 32 5 
35 39 
40 12 
5 16 40 
11 13 10 
12 11 
32 34 
39 36 4 26 
34 46 
2 1 
10 23 25 
46 27 14 
26 44 
1 8 
21 31 29 
28 
25 37 
37 
44 3 
9 30 
20 
43 
3 
29 
13 
31 
33 
23 
30 49 
14 
42 17 
16 
41 
27 
8 
48 
4 
36 
17 
47 
49 
# clone tree 47 objective: 2.63693
0 47 41 16 18 
18 48 43 2 24 
24 21 35 7 
7 20 45 
45 9 15 
15 6 
22 42 28 38 
6 22 
38 33 19 
19 32 5 
35 39 
40 12 
5 40 
11 13 10 
12 11 
32 34 
39 36 4 26 
34 46 
2 1 
10 23 25 
46 27 14 
26 49 44 
1 8 
21 31 29 
28 
25 37 
37 
44 3 
9 30 
20 
43 
3 
29 
13 
31 
33 
23 
30 
14 
42 17 
16 
41 
27 
8 
48 
4 
36 
17 
47 
49 
# clone tree 48 objective: 2.63693
0 41 16 18 
18 48 43 2 24 
24 21 35 7 
7 20 45 
45 9 15 
15 6 
22 42 28 38 
6 22 
38 33 19 
19 32 5 
35 39 
40 12 
5 40 
11 13 10 
12 11 
32 34 
39 36 4 26 
34 46 
2 1 
10 23 25 
46 27 14 
26 49 47 44 
1 8 
21 31 29 
28 
25 37 
37 
44 3 
9 30 
20 
43 
3 
29 
13 
31 
33 
23 
30 
14 
42 17 
16 
41 
27 
8 
48 
4 
36 
17 
47 
49 
# clone tree 49 objective: 2.63693
0 41 16 18 
18 48 43 2 24 
24 21 35 7 
7 20 45 
45 9 15 
15 6 
22 42 28 38 
6 22 
38 33 19 
19 32 5 
35 39 
40 12 
5 40 
11 13 10 
12 11 
32 34 
39 36 4 26 
34 46 
2 1 
10 23 25 
46 27 14 
26 49 44 
1 8 
21 31 29 
28 
25 37 
37 
44 3 
9 30 
20 
43 
3 
29 
13 
31 
33 47 
23 
30 
14 
42 17 
16 
41 
27 
8 
48 
4 
36 
17 
47 
49 
