# clone tree 0 objective: 1.68517
0 30 16 
16 21 40 44 38 39 
39 4 
4 37 36 18 
38 12 41 
18 33 22 31 
41 1 42 
31 10 24 2 
2 27 
27 43 5 
42 15 
36 48 47 46 
1 14 
5 11 
15 9 
22 3 26 
30 20 
12 6 25 
14 49 
13 35 
9 8 
20 17 29 
11 7 
7 13 
8 19 
19 
44 34 
46 
35 23 
25 
34 
40 
26 
6 
29 
47 
17 28 
49 
24 
37 
48 
3 
33 32 
23 
10 
43 
32 
28 45 
45 
21 
# clone tree 1 objective: 1.68517
0 30 16 
16 40 44 38 39 
39 4 
4 37 36 18 
38 12 41 
18 33 22 31 
41 1 42 
31 10 24 2 
2 27 
27 43 5 
42 15 
36 48 47 46 
1 14 
5 21 11 
15 9 
22 45 3 26 
30 20 
12 6 25 
14 49 
13 35 
9 8 
20 17 29 
11 7 
7 13 
8 19 
19 
44 34 
46 
35 23 
25 
34 
40 
26 
6 
29 
47 
17 28 
49 
24 
37 
48 
3 
33 32 
23 
10 
43 
32 
28 
45 
21 
# clone tree 2 objective: 1.68517
0 30 16 
16 40 44 38 39 
39 4 
4 37 36 18 
38 12 41 
18 33 22 31 
41 1 42 
31 10 24 2 
2 27 
27 43 5 
42 15 
36 48 47 46 
1 14 
5 11 
15 9 
22 3 26 
30 20 
12 6 25 
14 49 
13 35 
9 8 
20 17 29 
11 7 
7 13 
8 19 
19 
44 34 
46 
35 23 
25 
34 
40 
26 45 
6 
29 
47 
17 28 
49 21 
24 
37 
48 
3 
33 32 
23 
10 
43 
32 
28 
45 
21 
# clone tree 3 objective: 1.68517
0 30 16 
16 40 44 38 39 
39 4 
4 37 36 18 
38 12 41 
18 33 22 31 
41 1 42 
31 10 24 2 
2 45 27 
27 5 
42 15 
36 48 47 46 
1 14 
5 11 
15 9 
22 3 26 
30 20 
12 6 25 
14 28 49 
13 35 
9 8 
20 17 29 
11 7 
7 13 
8 19 
19 43 
44 21 34 
46 
35 23 
25 
34 
40 
26 
6 
29 
47 
17 
49 
24 
37 
48 
3 
33 
23 32 
10 
43 
32 
28 
45 
21 
# clone tree 4 objective: 1.68517
0 30 16 
16 40 44 38 39 
39 4 
4 37 36 18 
38 12 41 
18 33 22 31 
41 1 42 
31 10 24 2 
2 45 27 
27 5 
42 15 
36 48 47 46 
1 14 
5 11 
15 9 
22 3 26 
30 20 
12 6 25 
14 28 49 
13 35 
9 8 
20 17 29 
11 7 
7 13 
8 19 
19 21 43 
44 34 
46 
35 23 
25 
34 
40 
26 
6 
29 
47 
17 
49 
24 
37 
48 
3 
33 
23 32 
10 
43 
32 
28 
45 
21 
# clone tree 5 objective: 1.68517
0 30 16 
16 40 44 38 39 
39 4 
4 37 36 18 
38 12 41 
18 33 22 31 
41 21 1 42 
31 10 24 2 
2 27 
27 43 5 
42 15 
36 28 48 47 46 
1 14 
5 11 
15 9 
22 45 3 26 
30 20 
12 6 25 
14 49 
13 35 
9 8 
20 17 29 
11 7 
7 13 
8 19 
19 
44 34 
46 
35 23 
25 
34 
40 
26 
6 
29 
47 
17 
49 
24 
37 
48 
3 
33 
23 32 
10 
43 
32 
28 
45 
21 
# clone tree 6 objective: 1.68517
0 30 16 
16 40 44 38 39 
39 4 
4 37 36 18 
38 12 41 
18 33 22 31 
41 1 42 
31 10 24 2 
2 45 27 
27 5 
42 15 
36 48 47 46 
1 14 
5 21 11 
15 9 
22 3 26 
30 20 
12 6 25 
14 28 49 
13 35 
9 8 
20 17 29 
11 7 
7 13 
8 19 
19 43 
44 34 
46 
35 23 
25 
34 
40 
26 
6 
29 
47 
17 
49 
24 
37 
48 
3 
33 
23 32 
10 
43 
32 
28 
45 
21 
# clone tree 7 objective: 1.68517
0 30 16 
16 40 44 38 39 
39 4 
4 37 36 18 
38 12 41 
18 33 22 31 
41 1 42 
31 10 24 2 
2 45 27 
27 5 
42 15 
36 48 47 46 
1 14 
5 11 
15 9 
22 3 26 
30 20 
12 6 25 
14 28 49 
13 35 
9 8 
20 21 17 29 
11 7 
7 13 
8 19 
19 43 
44 34 
46 
35 23 
25 
34 
40 
26 
6 
29 
47 
17 
49 
24 
37 
48 
3 
33 
23 32 
10 
43 
32 
28 
45 
21 
# clone tree 8 objective: 1.68517
0 30 16 
16 40 44 38 39 
39 4 
4 37 36 18 
38 12 41 
18 33 22 31 
41 1 42 
31 10 24 2 
2 27 
27 43 5 
42 15 
36 28 48 47 46 
1 14 
5 11 
15 9 
22 45 3 26 
30 20 
12 6 25 
14 49 
13 35 
9 21 8 
20 17 29 
11 7 
7 13 
8 19 
19 
44 34 
46 
35 23 
25 
34 
40 
26 
6 
29 
47 
17 
49 
24 
37 
48 
3 
33 
23 32 
10 
43 
32 
28 
45 
21 
# clone tree 9 objective: 1.68517
0 30 16 
16 40 44 38 39 
39 4 
4 37 36 18 
38 12 41 
18 33 22 31 
41 1 42 
31 10 24 2 
2 45 27 
27 5 
42 15 
36 48 47 46 
1 14 
5 11 
15 9 
22 3 26 
30 20 
12 6 25 
14 28 49 
13 35 
9 8 
20 17 29 
11 7 
7 13 
8 19 
19 43 
44 34 
46 
35 23 
25 
34 
40 
26 
6 
29 
47 
17 
49 
24 
37 
48 
3 
33 
23 21 32 
10 
43 
32 
28 
45 
21 
