# clone tree 0 objective: 1.49341
0 49 35 8 
4 23 21 5 9 40 
8 39 4 
40 2 19 22 
22 30 29 
44 20 16 
29 44 
16 28 33 
19 42 24 
30 11 13 
35 18 
18 10 
13 1 
33 38 
24 46 
10 41 43 
1 12 
9 7 
5 15 32 
38 36 25 
12 27 
28 45 34 
11 37 
21 
43 17 
39 
46 14 
17 31 
37 
7 
27 3 
25 6 
42 
32 
15 48 
34 
3 
41 
48 
20 
23 47 
14 26 
31 
47 
2 
36 
26 
45 
6 
49 
# clone tree 1 objective: 1.49341
0 49 35 8 
4 23 21 5 9 40 
8 6 39 4 
40 19 22 
22 30 29 
44 2 20 16 
29 44 
16 28 33 
19 42 24 
30 11 13 
35 18 
18 10 
13 1 
33 38 
24 46 
10 41 43 
1 12 
9 7 
5 15 32 
38 36 25 
12 27 
28 45 34 
11 37 
21 
43 17 
39 
46 14 
17 31 
37 
7 
27 3 
25 
42 
32 
15 48 
34 
3 
41 
48 
20 
23 47 
14 26 
31 
47 
2 
36 
26 
45 
6 
49 
# clone tree 2 objective: 1.49341
0 49 35 8 
4 23 21 5 9 40 
8 6 39 4 
40 2 19 22 
22 30 29 
44 20 16 
29 44 
16 28 33 
19 42 24 
30 11 13 
35 36 18 
18 10 
13 1 
33 38 
24 46 
10 41 43 
1 12 
9 7 
5 15 32 
38 25 
12 27 
28 45 34 
11 37 
21 
43 17 
39 
46 14 
17 31 
37 
7 
27 3 
25 
42 
32 
15 48 
34 
3 
41 
48 
20 
23 47 
14 26 
31 
47 
2 
36 
26 
45 
6 
49 
# clone tree 3 objective: 1.49341
0 35 8 
4 23 21 5 9 40 
8 6 39 4 
40 2 19 22 
22 30 29 
44 20 16 
29 44 
16 49 36 28 33 
19 42 24 
30 11 13 
35 18 
18 10 
13 1 
33 38 
24 46 
10 41 43 
1 12 
9 7 
5 15 32 
38 25 
12 27 
28 45 34 
11 37 
21 
43 17 
39 
46 14 
17 31 
37 
7 
27 3 
25 
42 
32 
15 48 
34 
3 
41 
48 
20 
23 47 
14 26 
31 
47 
2 
36 
26 
45 
6 
49 
# clone tree 4 objective: 1.49341
0 49 35 8 
4 23 21 5 9 40 
8 39 4 
40 19 22 
22 30 29 
44 2 20 16 
29 44 
16 28 33 
19 42 24 
30 11 13 
35 18 
18 10 
13 1 
33 38 
24 46 
10 41 43 
1 12 
9 7 
5 15 32 
38 36 25 
12 27 
28 45 34 
11 37 
21 
43 17 
39 
46 14 
17 31 
37 
7 
27 3 
25 6 
42 
32 
15 48 
34 
3 
41 
48 
20 
23 47 
14 26 
31 
47 
2 
36 
26 
45 
6 
49 
# clone tree 5 objective: 1.49341
0 49 35 8 
4 23 21 5 9 40 
8 39 4 
40 19 22 
22 30 29 
44 20 16 
29 44 
16 28 33 
19 42 24 
30 11 13 
35 36 18 
18 2 10 
13 1 
33 38 
24 46 
10 41 43 
1 12 
9 7 
5 15 32 
38 25 
12 27 
28 45 34 
11 37 
21 
43 17 
39 
46 14 
17 31 
37 
7 
27 3 
25 6 
42 
32 
15 48 
34 
3 
41 
48 
20 
23 47 
14 26 
31 
47 
2 
36 
26 
45 
6 
49 
# clone tree 6 objective: 1.49341
0 35 8 
4 23 21 5 9 40 
8 6 39 4 
40 2 19 22 
22 30 29 
44 20 16 
29 44 
16 49 28 33 
19 42 24 
30 11 13 
35 18 
18 10 
13 1 
33 38 
24 46 
10 41 43 
1 12 
9 7 
5 15 32 
38 36 25 
12 27 
28 45 34 
11 37 
21 
43 17 
39 
46 14 
17 31 
37 
7 
27 3 
25 
42 
32 
15 48 
34 
3 
41 
48 
20 
23 47 
14 26 
31 
47 
2 
36 
26 
45 
6 
49 
# clone tree 7 objective: 1.49341
0 35 8 
4 23 21 5 9 40 
8 39 4 
40 19 22 
22 30 29 
44 20 16 
29 44 
16 49 28 33 
19 42 24 
30 11 13 
35 36 18 
18 2 10 
13 1 
33 38 
24 46 
10 41 43 
1 12 
9 7 
5 15 32 
38 25 
12 27 
28 45 34 
11 37 
21 
43 17 
39 
46 14 
17 31 
37 
7 
27 3 
25 6 
42 
32 
15 48 
34 
3 
41 
48 
20 
23 47 
14 26 
31 
47 
2 
36 
26 
45 
6 
49 
# clone tree 8 objective: 1.49341
0 49 35 8 
4 23 21 5 9 40 
8 39 4 
40 19 22 
22 30 29 
44 2 20 16 
29 44 
16 36 28 33 
19 42 24 
30 11 13 
35 18 
18 10 
13 1 
33 38 
24 46 
10 41 43 
1 12 
9 7 
5 15 32 
38 25 
12 27 
28 45 34 
11 37 
21 
43 17 
39 
46 14 
17 31 
37 
7 
27 3 
25 6 
42 
32 
15 48 
34 
3 
41 
48 
20 
23 47 
14 26 
31 
47 
2 
36 
26 
45 
6 
49 
# clone tree 9 objective: 1.49341
0 36 35 8 
4 23 21 5 9 40 
8 39 4 
40 2 19 22 
22 30 29 
44 20 16 
29 44 
16 49 28 33 
19 42 24 
30 11 13 
35 18 
18 10 
13 1 
33 38 
24 46 
10 41 43 
1 12 
9 7 
5 15 32 
38 25 
12 27 
28 45 34 
11 37 
21 
43 17 
39 
46 14 
17 31 
37 
7 
27 3 
25 6 
42 
32 
15 48 
34 
3 
41 
48 
20 
23 47 
14 26 
31 
47 
2 
36 
26 
45 
6 
49 
# clone tree 10 objective: 1.49341
0 49 35 8 
4 23 21 5 9 40 
8 6 39 4 
40 2 19 22 
22 30 29 
44 20 16 
29 44 
16 28 33 
19 42 24 
30 11 13 
35 18 
18 10 
13 1 
33 38 
24 46 
10 41 43 
1 12 
9 7 
5 15 32 
38 36 25 
12 27 
28 45 34 
11 37 
21 
43 17 
39 
46 14 
17 31 
37 
7 
27 3 
25 
42 
32 
15 48 
34 
3 
41 
48 
20 
23 47 
14 26 
31 
47 
2 
36 
26 
45 
6 
49 
# clone tree 11 objective: 1.49341
0 35 8 
4 23 21 5 9 40 
8 39 4 
40 19 22 
22 30 29 
44 2 20 16 
29 44 
16 49 36 28 33 
19 42 24 
30 11 13 
35 18 
18 10 
13 1 
33 38 
24 46 
10 41 43 
1 12 
9 7 
5 15 32 
38 25 
12 27 
28 45 34 
11 37 
21 
43 17 
39 
46 14 
17 31 
37 
7 
27 3 
25 6 
42 
32 
15 48 
34 
3 
41 
48 
20 
23 47 
14 26 
31 
47 
2 
36 
26 
45 
6 
49 
# clone tree 12 objective: 1.49341
0 49 35 8 
4 23 21 5 9 40 
8 6 39 4 
40 19 22 
22 30 29 
44 20 16 
29 44 
16 28 33 
19 42 24 
30 11 13 
35 36 18 
18 2 10 
13 1 
33 38 
24 46 
10 41 43 
1 12 
9 7 
5 15 32 
38 25 
12 27 
28 45 34 
11 37 
21 
43 17 
39 
46 14 
17 31 
37 
7 
27 3 
25 
42 
32 
15 48 
34 
3 
41 
48 
20 
23 47 
14 26 
31 
47 
2 
36 
26 
45 
6 
49 
# clone tree 13 objective: 1.49341
0 36 35 8 
4 23 21 5 9 40 
8 6 39 4 
40 2 19 22 
22 30 29 
44 20 16 
29 44 
16 49 28 33 
19 42 24 
30 11 13 
35 18 
18 10 
13 1 
33 38 
24 46 
10 41 43 
1 12 
9 7 
5 15 32 
38 25 
12 27 
28 45 34 
11 37 
21 
43 17 
39 
46 14 
17 31 
37 
7 
27 3 
25 
42 
32 
15 48 
34 
3 
41 
48 
20 
23 47 
14 26 
31 
47 
2 
36 
26 
45 
6 
49 
# clone tree 14 objective: 1.49341
0 35 8 
4 23 21 5 9 40 
8 39 4 
40 2 19 22 
22 30 29 
44 20 16 
29 44 
16 49 28 33 
19 42 24 
30 11 13 
35 36 18 
18 10 
13 1 
33 38 
24 46 
10 41 43 
1 12 
9 7 
5 15 32 
38 25 
12 27 
28 45 34 
11 37 
21 
43 17 
39 
46 14 
17 31 
37 
7 
27 3 
25 6 
42 
32 
15 48 
34 
3 
41 
48 
20 
23 47 
14 26 
31 
47 
2 
36 
26 
45 
6 
49 
# clone tree 15 objective: 1.49341
0 35 8 
4 23 21 5 9 40 
8 39 4 
40 2 19 22 
22 30 29 
44 20 16 
29 44 
16 49 28 33 
19 42 24 
30 11 13 
35 18 
18 10 
13 1 
33 38 
24 46 
10 41 43 
1 12 
9 7 
5 15 32 
38 36 25 
12 27 
28 45 34 
11 37 
21 
43 17 
39 
46 14 
17 31 
37 
7 
27 3 
25 6 
42 
32 
15 48 
34 
3 
41 
48 
20 
23 47 
14 26 
31 
47 
2 
36 
26 
45 
6 
49 
# clone tree 16 objective: 1.49341
0 36 35 8 
4 23 21 5 9 40 
8 6 39 4 
40 19 22 
22 30 29 
44 2 20 16 
29 44 
16 49 28 33 
19 42 24 
30 11 13 
35 18 
18 10 
13 1 
33 38 
24 46 
10 41 43 
1 12 
9 7 
5 15 32 
38 25 
12 27 
28 45 34 
11 37 
21 
43 17 
39 
46 14 
17 31 
37 
7 
27 3 
25 
42 
32 
15 48 
34 
3 
41 
48 
20 
23 47 
14 26 
31 
47 
2 
36 
26 
45 
6 
49 
# clone tree 17 objective: 1.49341
0 36 35 8 
4 23 21 5 9 40 
8 39 4 
40 19 22 
22 30 29 
44 20 16 
29 44 
16 49 28 33 
19 42 24 
30 11 13 
35 18 
18 2 10 
13 1 
33 38 
24 46 
10 41 43 
1 12 
9 7 
5 15 32 
38 25 
12 27 
28 45 34 
11 37 
21 
43 17 
39 
46 14 
17 31 
37 
7 
27 3 
25 6 
42 
32 
15 48 
34 
3 
41 
48 
20 
23 47 
14 26 
31 
47 
2 
36 
26 
45 
6 
49 
# clone tree 18 objective: 1.49341
0 35 8 
4 23 21 5 9 40 
8 39 4 
40 19 22 
22 30 29 
44 2 20 16 
29 44 
16 49 28 33 
19 42 24 
30 11 13 
35 18 
18 10 
13 1 
33 38 
24 46 
10 41 43 
1 12 
9 7 
5 15 32 
38 36 25 
12 27 
28 45 34 
11 37 
21 
43 17 
39 
46 14 
17 31 
37 
7 
27 3 
25 6 
42 
32 
15 48 
34 
3 
41 
48 
20 
23 47 
14 26 
31 
47 
2 
36 
26 
45 
6 
49 
# clone tree 19 objective: 1.49341
0 49 35 8 
4 23 21 5 9 40 
8 6 39 4 
40 19 22 
22 30 29 
44 2 20 16 
29 44 
16 36 28 33 
19 42 24 
30 11 13 
35 18 
18 10 
13 1 
33 38 
24 46 
10 41 43 
1 12 
9 7 
5 15 32 
38 25 
12 27 
28 45 34 
11 37 
21 
43 17 
39 
46 14 
17 31 
37 
7 
27 3 
25 
42 
32 
15 48 
34 
3 
41 
48 
20 
23 47 
14 26 
31 
47 
2 
36 
26 
45 
6 
49 
# clone tree 20 objective: 1.49341
0 35 8 
4 23 21 5 9 40 
8 6 39 4 
40 19 22 
22 30 29 
44 2 20 16 
29 44 
16 49 36 28 33 
19 42 24 
30 11 13 
35 18 
18 10 
13 1 
33 38 
24 46 
10 41 43 
1 12 
9 7 
5 15 32 
38 25 
12 27 
28 45 34 
11 37 
21 
43 17 
39 
46 14 
17 31 
37 
7 
27 3 
25 
42 
32 
15 48 
34 
3 
41 
48 
20 
23 47 
14 26 
31 
47 
2 
36 
26 
45 
6 
49 
# clone tree 21 objective: 1.49341
0 49 35 8 
4 23 21 5 9 40 
8 6 39 4 
40 2 19 22 
22 30 29 
44 20 16 
29 44 
16 36 28 33 
19 42 24 
30 11 13 
35 18 
18 10 
13 1 
33 38 
24 46 
10 41 43 
1 12 
9 7 
5 15 32 
38 25 
12 27 
28 45 34 
11 37 
21 
43 17 
39 
46 14 
17 31 
37 
7 
27 3 
25 
42 
32 
15 48 
34 
3 
41 
48 
20 
23 47 
14 26 
31 
47 
2 
36 
26 
45 
6 
49 
# clone tree 22 objective: 1.49341
0 36 35 8 
4 23 21 5 9 40 
8 39 4 
40 19 22 
22 30 29 
44 2 20 16 
29 44 
16 49 28 33 
19 42 24 
30 11 13 
35 18 
18 10 
13 1 
33 38 
24 46 
10 41 43 
1 12 
9 7 
5 15 32 
38 25 
12 27 
28 45 34 
11 37 
21 
43 17 
39 
46 14 
17 31 
37 
7 
27 3 
25 6 
42 
32 
15 48 
34 
3 
41 
48 
20 
23 47 
14 26 
31 
47 
2 
36 
26 
45 
6 
49 
# clone tree 23 objective: 1.49341
0 49 35 8 
4 23 21 5 9 40 
8 6 39 4 
40 19 22 
22 30 29 
44 20 16 
29 44 
16 36 28 33 
19 42 24 
30 11 13 
35 18 
18 2 10 
13 1 
33 38 
24 46 
10 41 43 
1 12 
9 7 
5 15 32 
38 25 
12 27 
28 45 34 
11 37 
21 
43 17 
39 
46 14 
17 31 
37 
7 
27 3 
25 
42 
32 
15 48 
34 
3 
41 
48 
20 
23 47 
14 26 
31 
47 
2 
36 
26 
45 
6 
49 
# clone tree 24 objective: 1.49341
0 35 8 
4 23 21 5 9 40 
8 6 39 4 
40 19 22 
22 30 29 
44 20 16 
29 44 
16 49 28 33 
19 42 24 
30 11 13 
35 36 18 
18 2 10 
13 1 
33 38 
24 46 
10 41 43 
1 12 
9 7 
5 15 32 
38 25 
12 27 
28 45 34 
11 37 
21 
43 17 
39 
46 14 
17 31 
37 
7 
27 3 
25 
42 
32 
15 48 
34 
3 
41 
48 
20 
23 47 
14 26 
31 
47 
2 
36 
26 
45 
6 
49 
# clone tree 25 objective: 1.49341
0 35 8 
4 23 21 5 9 40 
8 39 4 
40 19 22 
22 30 29 
44 2 20 16 
29 44 
16 49 28 33 
19 42 24 
30 11 13 
35 36 18 
18 10 
13 1 
33 38 
24 46 
10 41 43 
1 12 
9 7 
5 15 32 
38 25 
12 27 
28 45 34 
11 37 
21 
43 17 
39 
46 14 
17 31 
37 
7 
27 3 
25 6 
42 
32 
15 48 
34 
3 
41 
48 
20 
23 47 
14 26 
31 
47 
2 
36 
26 
45 
6 
49 
# clone tree 26 objective: 1.49341
0 49 35 8 
4 23 21 5 9 40 
8 39 4 
40 2 19 22 
22 30 29 
44 20 16 
29 44 
16 36 28 33 
19 42 24 
30 11 13 
35 18 
18 10 
13 1 
33 38 
24 46 
10 41 43 
1 12 
9 7 
5 15 32 
38 25 
12 27 
28 45 34 
11 37 
21 
43 17 
39 
46 14 
17 31 
37 
7 
27 3 
25 6 
42 
32 
15 48 
34 
3 
41 
48 
20 
23 47 
14 26 
31 
47 
2 
36 
26 
45 
6 
49 
# clone tree 27 objective: 1.49341
0 35 8 
4 23 21 5 9 40 
8 39 4 
40 19 22 
22 30 29 
44 20 16 
29 44 
16 49 36 28 33 
19 42 24 
30 11 13 
35 18 
18 2 10 
13 1 
33 38 
24 46 
10 41 43 
1 12 
9 7 
5 15 32 
38 25 
12 27 
28 45 34 
11 37 
21 
43 17 
39 
46 14 
17 31 
37 
7 
27 3 
25 6 
42 
32 
15 48 
34 
3 
41 
48 
20 
23 47 
14 26 
31 
47 
2 
36 
26 
45 
6 
49 
# clone tree 28 objective: 1.49341
0 49 35 8 
4 23 21 5 9 40 
8 6 39 4 
40 19 22 
22 30 29 
44 2 20 16 
29 44 
16 28 33 
19 42 24 
30 11 13 
35 36 18 
18 10 
13 1 
33 38 
24 46 
10 41 43 
1 12 
9 7 
5 15 32 
38 25 
12 27 
28 45 34 
11 37 
21 
43 17 
39 
46 14 
17 31 
37 
7 
27 3 
25 
42 
32 
15 48 
34 
3 
41 
48 
20 
23 47 
14 26 
31 
47 
2 
36 
26 
45 
6 
49 
# clone tree 29 objective: 1.49341
0 49 35 8 
4 23 21 5 9 40 
8 39 4 
40 2 19 22 
22 30 29 
44 20 16 
29 44 
16 28 33 
19 42 24 
30 11 13 
35 36 18 
18 10 
13 1 
33 38 
24 46 
10 41 43 
1 12 
9 7 
5 15 32 
38 25 
12 27 
28 45 34 
11 37 
21 
43 17 
39 
46 14 
17 31 
37 
7 
27 3 
25 6 
42 
32 
15 48 
34 
3 
41 
48 
20 
23 47 
14 26 
31 
47 
2 
36 
26 
45 
6 
49 
# clone tree 30 objective: 1.49341
0 35 8 
4 23 21 5 9 40 
8 39 4 
40 19 22 
22 30 29 
44 20 16 
29 44 
16 49 28 33 
19 42 24 
30 11 13 
35 18 
18 2 10 
13 1 
33 38 
24 46 
10 41 43 
1 12 
9 7 
5 15 32 
38 36 25 
12 27 
28 45 34 
11 37 
21 
43 17 
39 
46 14 
17 31 
37 
7 
27 3 
25 6 
42 
32 
15 48 
34 
3 
41 
48 
20 
23 47 
14 26 
31 
47 
2 
36 
26 
45 
6 
49 
# clone tree 31 objective: 1.49341
0 49 35 8 
4 23 21 5 9 40 
8 39 4 
40 19 22 
22 30 29 
44 20 16 
29 44 
16 28 33 
19 42 24 
30 11 13 
35 18 
18 2 10 
13 1 
33 38 
24 46 
10 41 43 
1 12 
9 7 
5 15 32 
38 36 25 
12 27 
28 45 34 
11 37 
21 
43 17 
39 
46 14 
17 31 
37 
7 
27 3 
25 6 
42 
32 
15 48 
34 
3 
41 
48 
20 
23 47 
14 26 
31 
47 
2 
36 
26 
45 
6 
49 
# clone tree 32 objective: 1.49341
0 49 35 8 
4 23 21 5 9 40 
8 39 4 
40 19 22 
22 30 29 
44 20 16 
29 44 
16 36 28 33 
19 42 24 
30 11 13 
35 18 
18 2 10 
13 1 
33 38 
24 46 
10 41 43 
1 12 
9 7 
5 15 32 
38 25 
12 27 
28 45 34 
11 37 
21 
43 17 
39 
46 14 
17 31 
37 
7 
27 3 
25 6 
42 
32 
15 48 
34 
3 
41 
48 
20 
23 47 
14 26 
31 
47 
2 
36 
26 
45 
6 
49 
# clone tree 33 objective: 1.49341
0 35 8 
4 23 21 5 9 40 
8 6 39 4 
40 2 19 22 
22 30 29 
44 20 16 
29 44 
16 49 28 33 
19 42 24 
30 11 13 
35 36 18 
18 10 
13 1 
33 38 
24 46 
10 41 43 
1 12 
9 7 
5 15 32 
38 25 
12 27 
28 45 34 
11 37 
21 
43 17 
39 
46 14 
17 31 
37 
7 
27 3 
25 
42 
32 
15 48 
34 
3 
41 
48 
20 
23 47 
14 26 
31 
47 
2 
36 
26 
45 
6 
49 
# clone tree 34 objective: 1.49341
0 35 8 
4 23 21 5 9 40 
8 6 39 4 
40 19 22 
22 30 29 
44 2 20 16 
29 44 
16 49 28 33 
19 42 24 
30 11 13 
35 36 18 
18 10 
13 1 
33 38 
24 46 
10 41 43 
1 12 
9 7 
5 15 32 
38 25 
12 27 
28 45 34 
11 37 
21 
43 17 
39 
46 14 
17 31 
37 
7 
27 3 
25 
42 
32 
15 48 
34 
3 
41 
48 
20 
23 47 
14 26 
31 
47 
2 
36 
26 
45 
6 
49 
# clone tree 35 objective: 1.49341
0 35 8 
4 23 21 5 9 40 
8 6 39 4 
40 19 22 
22 30 29 
44 20 16 
29 44 
16 49 28 33 
19 42 24 
30 11 13 
35 18 
18 2 10 
13 1 
33 38 
24 46 
10 41 43 
1 12 
9 7 
5 15 32 
38 36 25 
12 27 
28 45 34 
11 37 
21 
43 17 
39 
46 14 
17 31 
37 
7 
27 3 
25 
42 
32 
15 48 
34 
3 
41 
48 
20 
23 47 
14 26 
31 
47 
2 
36 
26 
45 
6 
49 
# clone tree 36 objective: 1.49341
0 35 8 
4 23 21 5 9 40 
8 39 4 
40 2 19 22 
22 30 29 
44 20 16 
29 44 
16 49 36 28 33 
19 42 24 
30 11 13 
35 18 
18 10 
13 1 
33 38 
24 46 
10 41 43 
1 12 
9 7 
5 15 32 
38 25 
12 27 
28 45 34 
11 37 
21 
43 17 
39 
46 14 
17 31 
37 
7 
27 3 
25 6 
42 
32 
15 48 
34 
3 
41 
48 
20 
23 47 
14 26 
31 
47 
2 
36 
26 
45 
6 
49 
# clone tree 37 objective: 1.49341
0 35 8 
4 23 21 5 9 40 
8 6 39 4 
40 19 22 
22 30 29 
44 20 16 
29 44 
16 49 36 28 33 
19 42 24 
30 11 13 
35 18 
18 2 10 
13 1 
33 38 
24 46 
10 41 43 
1 12 
9 7 
5 15 32 
38 25 
12 27 
28 45 34 
11 37 
21 
43 17 
39 
46 14 
17 31 
37 
7 
27 3 
25 
42 
32 
15 48 
34 
3 
41 
48 
20 
23 47 
14 26 
31 
47 
2 
36 
26 
45 
6 
49 
# clone tree 38 objective: 1.49341
0 49 35 8 
4 23 21 5 9 40 
8 39 4 
40 19 22 
22 30 29 
44 2 20 16 
29 44 
16 28 33 
19 42 24 
30 11 13 
35 36 18 
18 10 
13 1 
33 38 
24 46 
10 41 43 
1 12 
9 7 
5 15 32 
38 25 
12 27 
28 45 34 
11 37 
21 
43 17 
39 
46 14 
17 31 
37 
7 
27 3 
25 6 
42 
32 
15 48 
34 
3 
41 
48 
20 
23 47 
14 26 
31 
47 
2 
36 
26 
45 
6 
49 
# clone tree 39 objective: 1.49341
0 35 8 
4 23 21 5 9 40 
8 6 39 4 
40 19 22 
22 30 29 
44 2 20 16 
29 44 
16 49 28 33 
19 42 24 
30 11 13 
35 18 
18 10 
13 1 
33 38 
24 46 
10 41 43 
1 12 
9 7 
5 15 32 
38 36 25 
12 27 
28 45 34 
11 37 
21 
43 17 
39 
46 14 
17 31 
37 
7 
27 3 
25 
42 
32 
15 48 
34 
3 
41 
48 
20 
23 47 
14 26 
31 
47 
2 
36 
26 
45 
6 
49 
# clone tree 40 objective: 1.49341
0 49 35 8 
4 23 21 5 9 40 
8 6 39 4 
40 19 22 
22 30 29 
44 20 16 
29 44 
16 28 33 
19 42 24 
30 11 13 
35 18 
18 2 10 
13 1 
33 38 
24 46 
10 41 43 
1 12 
9 7 
5 15 32 
38 36 25 
12 27 
28 45 34 
11 37 
21 
43 17 
39 
46 14 
17 31 
37 
7 
27 3 
25 
42 
32 
15 48 
34 
3 
41 
48 
20 
23 47 
14 26 
31 
47 
2 
36 
26 
45 
6 
49 
# clone tree 41 objective: 1.49341
0 36 35 8 
4 23 21 5 9 40 
8 6 39 4 
40 19 22 
22 30 29 
44 20 16 
29 44 
16 49 28 33 
19 42 24 
30 11 13 
35 18 
18 2 10 
13 1 
33 38 
24 46 
10 41 43 
1 12 
9 7 
5 15 32 
38 25 
12 27 
28 45 34 
11 37 
21 
43 17 
39 
46 14 
17 31 
37 
7 
27 3 
25 
42 
32 
15 48 
34 
3 
41 
48 
20 
23 47 
14 26 
31 
47 
2 
36 
26 
45 
6 
49 
# clone tree 42 objective: 1.4937
0 49 35 8 
4 23 21 5 9 40 
8 6 39 4 
40 32 19 22 
22 30 29 
44 20 16 
29 44 
16 28 33 
19 42 24 
30 11 13 
35 36 18 
18 10 
13 45 1 
33 38 
24 46 
10 41 43 
1 12 
9 7 
5 34 15 
38 25 
12 27 
28 2 
11 37 
21 
43 17 
39 
46 14 
17 31 
37 
7 
27 3 
25 
42 
32 
15 48 
34 
3 
41 
48 
20 
23 47 
14 26 
31 
47 
2 
36 
26 
45 
6 
49 
# clone tree 43 objective: 1.4937
0 35 8 
4 23 21 5 9 40 
8 39 4 
40 32 19 22 
22 30 29 
44 20 16 
29 44 
16 49 36 28 33 
19 42 24 
30 11 13 
35 18 
18 10 
13 45 1 
33 38 
24 46 
10 41 43 
1 12 
9 7 
5 34 15 
38 25 
12 27 
28 2 
11 37 
21 
43 17 
39 
46 14 
17 31 
37 
7 
27 3 
25 6 
42 
32 
15 48 
34 
3 
41 
48 
20 
23 47 
14 26 
31 
47 
2 
36 
26 
45 
6 
49 
# clone tree 44 objective: 1.4937
0 35 8 
4 23 21 5 9 40 
8 6 39 4 
40 32 19 22 
22 30 29 
44 20 16 
29 44 
16 49 36 28 33 
19 42 24 
30 11 13 
35 18 
18 10 
13 45 1 
33 38 
24 46 
10 41 43 
1 12 
9 7 
5 34 15 
38 25 
12 27 
28 2 
11 37 
21 
43 17 
39 
46 14 
17 31 
37 
7 
27 3 
25 
42 
32 
15 48 
34 
3 
41 
48 
20 
23 47 
14 26 
31 
47 
2 
36 
26 
45 
6 
49 
# clone tree 45 objective: 1.4937
0 35 8 
4 23 21 5 9 40 
8 6 39 4 
40 32 19 22 
22 30 29 
44 20 16 
29 44 
16 49 28 33 
19 42 24 
30 11 13 
35 18 
18 10 
13 45 1 
33 38 
24 46 
10 41 43 
1 12 
9 7 
5 34 15 
38 36 25 
12 27 
28 2 
11 37 
21 
43 17 
39 
46 14 
17 31 
37 
7 
27 3 
25 
42 
32 
15 48 
34 
3 
41 
48 
20 
23 47 
14 26 
31 
47 
2 
36 
26 
45 
6 
49 
# clone tree 46 objective: 1.4937
0 36 35 8 
4 23 21 5 9 40 
8 6 39 4 
40 32 19 22 
22 30 29 
44 20 16 
29 44 
16 49 28 33 
19 42 24 
30 11 13 
35 18 
18 10 
13 45 1 
33 38 
24 46 
10 41 43 
1 12 
9 7 
5 34 15 
38 25 
12 27 
28 2 
11 37 
21 
43 17 
39 
46 14 
17 31 
37 
7 
27 3 
25 
42 
32 
15 48 
34 
3 
41 
48 
20 
23 47 
14 26 
31 
47 
2 
36 
26 
45 
6 
49 
# clone tree 47 objective: 1.4937
0 36 35 8 
4 23 21 5 9 40 
8 39 4 
40 32 19 22 
22 30 29 
44 20 16 
29 44 
16 49 28 33 
19 42 24 
30 11 13 
35 18 
18 10 
13 45 1 
33 38 
24 46 
10 41 43 
1 12 
9 7 
5 34 15 
38 25 
12 27 
28 2 
11 37 
21 
43 17 
39 
46 14 
17 31 
37 
7 
27 3 
25 6 
42 
32 
15 48 
34 
3 
41 
48 
20 
23 47 
14 26 
31 
47 
2 
36 
26 
45 
6 
49 
# clone tree 48 objective: 1.4937
0 49 35 8 
4 23 21 5 9 40 
8 39 4 
40 32 19 22 
22 30 29 
44 20 16 
29 44 
16 28 33 
19 42 24 
30 11 13 
35 36 18 
18 10 
13 45 1 
33 38 
24 46 
10 41 43 
1 12 
9 7 
5 34 15 
38 25 
12 27 
28 2 
11 37 
21 
43 17 
39 
46 14 
17 31 
37 
7 
27 3 
25 6 
42 
32 
15 48 
34 
3 
41 
48 
20 
23 47 
14 26 
31 
47 
2 
36 
26 
45 
6 
49 
# clone tree 49 objective: 1.4937
0 35 8 
4 23 21 5 9 40 
8 6 39 4 
40 32 19 22 
22 30 29 
44 20 16 
29 44 
16 49 28 33 
19 42 24 
30 11 13 
35 36 18 
18 10 
13 45 1 
33 38 
24 46 
10 41 43 
1 12 
9 7 
5 34 15 
38 25 
12 27 
28 2 
11 37 
21 
43 17 
39 
46 14 
17 31 
37 
7 
27 3 
25 
42 
32 
15 48 
34 
3 
41 
48 
20 
23 47 
14 26 
31 
47 
2 
36 
26 
45 
6 
49 
# clone tree 50 objective: 1.4937
0 49 35 8 
4 23 21 5 9 40 
8 39 4 
40 32 19 22 
22 30 29 
44 20 16 
29 44 
16 28 33 
19 42 24 
30 11 13 
35 18 
18 10 
13 45 1 
33 38 
24 46 
10 41 43 
1 12 
9 7 
5 34 15 
38 36 25 
12 27 
28 2 
11 37 
21 
43 17 
39 
46 14 
17 31 
37 
7 
27 3 
25 6 
42 
32 
15 48 
34 
3 
41 
48 
20 
23 47 
14 26 
31 
47 
2 
36 
26 
45 
6 
49 
# clone tree 51 objective: 1.4937
0 49 35 8 
4 23 21 5 9 40 
8 6 39 4 
40 32 19 22 
22 30 29 
44 20 16 
29 44 
16 28 33 
19 42 24 
30 11 13 
35 18 
18 10 
13 45 1 
33 38 
24 46 
10 41 43 
1 12 
9 7 
5 34 15 
38 36 25 
12 27 
28 2 
11 37 
21 
43 17 
39 
46 14 
17 31 
37 
7 
27 3 
25 
42 
32 
15 48 
34 
3 
41 
48 
20 
23 47 
14 26 
31 
47 
2 
36 
26 
45 
6 
49 
# clone tree 52 objective: 1.4937
0 49 35 8 
4 23 21 5 9 40 
8 39 4 
40 32 19 22 
22 30 29 
44 20 16 
29 44 
16 36 28 33 
19 42 24 
30 11 13 
35 18 
18 10 
13 45 1 
33 38 
24 46 
10 41 43 
1 12 
9 7 
5 34 15 
38 25 
12 27 
28 2 
11 37 
21 
43 17 
39 
46 14 
17 31 
37 
7 
27 3 
25 6 
42 
32 
15 48 
34 
3 
41 
48 
20 
23 47 
14 26 
31 
47 
2 
36 
26 
45 
6 
49 
# clone tree 53 objective: 1.4937
0 35 8 
4 23 21 5 9 40 
8 39 4 
40 32 19 22 
22 30 29 
44 20 16 
29 44 
16 49 28 33 
19 42 24 
30 11 13 
35 36 18 
18 10 
13 45 1 
33 38 
24 46 
10 41 43 
1 12 
9 7 
5 34 15 
38 25 
12 27 
28 2 
11 37 
21 
43 17 
39 
46 14 
17 31 
37 
7 
27 3 
25 6 
42 
32 
15 48 
34 
3 
41 
48 
20 
23 47 
14 26 
31 
47 
2 
36 
26 
45 
6 
49 
# clone tree 54 objective: 1.4937
0 49 35 8 
4 23 21 5 9 40 
8 6 39 4 
40 32 19 22 
22 30 29 
44 20 16 
29 44 
16 36 28 33 
19 42 24 
30 11 13 
35 18 
18 10 
13 45 1 
33 38 
24 46 
10 41 43 
1 12 
9 7 
5 34 15 
38 25 
12 27 
28 2 
11 37 
21 
43 17 
39 
46 14 
17 31 
37 
7 
27 3 
25 
42 
32 
15 48 
34 
3 
41 
48 
20 
23 47 
14 26 
31 
47 
2 
36 
26 
45 
6 
49 
# clone tree 55 objective: 1.4937
0 35 8 
4 23 21 5 9 40 
8 39 4 
40 32 19 22 
22 30 29 
44 20 16 
29 44 
16 49 28 33 
19 42 24 
30 11 13 
35 18 
18 10 
13 45 1 
33 38 
24 46 
10 41 43 
1 12 
9 7 
5 34 15 
38 36 25 
12 27 
28 2 
11 37 
21 
43 17 
39 
46 14 
17 31 
37 
7 
27 3 
25 6 
42 
32 
15 48 
34 
3 
41 
48 
20 
23 47 
14 26 
31 
47 
2 
36 
26 
45 
6 
49 
# clone tree 56 objective: 1.49375
0 36 35 8 
4 23 21 5 9 40 
8 6 39 4 
40 19 22 
22 30 29 
44 20 16 
29 44 
16 49 28 33 
19 42 24 
30 11 13 
35 18 
18 10 
13 1 
33 38 
24 46 
10 41 43 
1 12 
9 7 
5 15 32 
38 25 
12 27 
28 45 34 
11 37 
21 
43 17 
39 
46 14 
17 31 
37 
7 
27 3 
25 
42 
32 2 
15 48 
34 
3 
41 
48 
20 
23 47 
14 26 
31 
47 
2 
36 
26 
45 
6 
49 
# clone tree 57 objective: 1.49375
0 49 35 8 
4 23 21 5 9 40 
8 6 39 4 
40 19 22 
22 30 29 
44 20 16 
29 44 
16 28 33 
19 42 24 
30 11 13 
35 18 
18 10 
13 1 
33 38 
24 46 
10 41 43 
1 12 
9 7 
5 15 32 
38 36 25 
12 27 
28 45 34 
11 37 
21 
43 17 
39 
46 14 
17 31 
37 
7 
27 3 
25 
42 
32 2 
15 48 
34 
3 
41 
48 
20 
23 47 
14 26 
31 
47 
2 
36 
26 
45 
6 
49 
# clone tree 58 objective: 1.49375
0 35 8 
4 23 21 5 9 40 
8 39 4 
40 19 22 
22 30 29 
44 20 16 
29 44 
16 49 28 33 
19 42 24 
30 11 13 
35 18 
18 10 
13 1 
33 38 
24 46 
10 41 43 
1 12 
9 7 
5 15 32 
38 36 25 
12 27 
28 45 34 
11 37 
21 
43 17 
39 
46 14 
17 31 
37 
7 
27 3 
25 6 
42 
32 2 
15 48 
34 
3 
41 
48 
20 
23 47 
14 26 
31 
47 
2 
36 
26 
45 
6 
49 
# clone tree 59 objective: 1.49375
0 35 8 
4 23 21 5 9 40 
8 39 4 
40 19 22 
22 30 29 
44 20 16 
29 44 
16 49 36 28 33 
19 42 24 
30 11 13 
35 18 
18 10 
13 1 
33 38 
24 46 
10 41 43 
1 12 
9 7 
5 15 32 
38 25 
12 27 
28 45 34 
11 37 
21 
43 17 
39 
46 14 
17 31 
37 
7 
27 3 
25 6 
42 
32 2 
15 48 
34 
3 
41 
48 
20 
23 47 
14 26 
31 
47 
2 
36 
26 
45 
6 
49 
# clone tree 60 objective: 1.49375
0 49 35 8 
4 23 21 5 9 40 
8 39 4 
40 19 22 
22 30 29 
44 20 16 
29 44 
16 36 28 33 
19 42 24 
30 11 13 
35 18 
18 10 
13 1 
33 38 
24 46 
10 41 43 
1 12 
9 7 
5 15 32 
38 25 
12 27 
28 45 34 
11 37 
21 
43 17 
39 
46 14 
17 31 
37 
7 
27 3 
25 6 
42 
32 2 
15 48 
34 
3 
41 
48 
20 
23 47 
14 26 
31 
47 
2 
36 
26 
45 
6 
49 
# clone tree 61 objective: 1.49375
0 49 35 8 
4 23 21 5 9 40 
8 39 4 
40 19 22 
22 30 29 
44 20 16 
29 44 
16 28 33 
19 42 24 
30 11 13 
35 18 
18 10 
13 1 
33 38 
24 46 
10 41 43 
1 12 
9 7 
5 15 32 
38 36 25 
12 27 
28 45 34 
11 37 
21 
43 17 
39 
46 14 
17 31 
37 
7 
27 3 
25 6 
42 
32 2 
15 48 
34 
3 
41 
48 
20 
23 47 
14 26 
31 
47 
2 
36 
26 
45 
6 
49 
# clone tree 62 objective: 1.49375
0 35 8 
4 23 21 5 9 40 
8 6 39 4 
40 19 22 
22 30 29 
44 20 16 
29 44 
16 49 28 33 
19 42 24 
30 11 13 
35 18 
18 10 
13 1 
33 38 
24 46 
10 41 43 
1 12 
9 7 
5 15 32 
38 36 25 
12 27 
28 45 34 
11 37 
21 
43 17 
39 
46 14 
17 31 
37 
7 
27 3 
25 
42 
32 2 
15 48 
34 
3 
41 
48 
20 
23 47 
14 26 
31 
47 
2 
36 
26 
45 
6 
49 
# clone tree 63 objective: 1.49375
0 49 35 8 
4 23 21 5 9 40 
8 6 39 4 
40 19 22 
22 30 29 
44 20 16 
29 44 
16 28 33 
19 42 24 
30 11 13 
35 36 18 
18 10 
13 1 
33 38 
24 46 
10 41 43 
1 12 
9 7 
5 15 32 
38 25 
12 27 
28 45 34 
11 37 
21 
43 17 
39 
46 14 
17 31 
37 
7 
27 3 
25 
42 
32 2 
15 48 
34 
3 
41 
48 
20 
23 47 
14 26 
31 
47 
2 
36 
26 
45 
6 
49 
# clone tree 64 objective: 1.49375
0 36 35 8 
4 23 21 5 9 40 
8 39 4 
40 19 22 
22 30 29 
44 20 16 
29 44 
16 49 28 33 
19 42 24 
30 11 13 
35 18 
18 10 
13 1 
33 38 
24 46 
10 41 43 
1 12 
9 7 
5 15 32 
38 25 
12 27 
28 45 34 
11 37 
21 
43 17 
39 
46 14 
17 31 
37 
7 
27 3 
25 6 
42 
32 2 
15 48 
34 
3 
41 
48 
20 
23 47 
14 26 
31 
47 
2 
36 
26 
45 
6 
49 
# clone tree 65 objective: 1.49375
0 35 8 
4 23 21 5 9 40 
8 39 4 
40 19 22 
22 30 29 
44 20 16 
29 44 
16 49 28 33 
19 42 24 
30 11 13 
35 36 18 
18 10 
13 1 
33 38 
24 46 
10 41 43 
1 12 
9 7 
5 15 32 
38 25 
12 27 
28 45 34 
11 37 
21 
43 17 
39 
46 14 
17 31 
37 
7 
27 3 
25 6 
42 
32 2 
15 48 
34 
3 
41 
48 
20 
23 47 
14 26 
31 
47 
2 
36 
26 
45 
6 
49 
# clone tree 66 objective: 1.49375
0 35 8 
4 23 21 5 9 40 
8 6 39 4 
40 19 22 
22 30 29 
44 20 16 
29 44 
16 49 36 28 33 
19 42 24 
30 11 13 
35 18 
18 10 
13 1 
33 38 
24 46 
10 41 43 
1 12 
9 7 
5 15 32 
38 25 
12 27 
28 45 34 
11 37 
21 
43 17 
39 
46 14 
17 31 
37 
7 
27 3 
25 
42 
32 2 
15 48 
34 
3 
41 
48 
20 
23 47 
14 26 
31 
47 
2 
36 
26 
45 
6 
49 
# clone tree 67 objective: 1.49375
0 49 35 8 
4 23 21 5 9 40 
8 39 4 
40 19 22 
22 30 29 
44 20 16 
29 44 
16 28 33 
19 42 24 
30 11 13 
35 36 18 
18 10 
13 1 
33 38 
24 46 
10 41 43 
1 12 
9 7 
5 15 32 
38 25 
12 27 
28 45 34 
11 37 
21 
43 17 
39 
46 14 
17 31 
37 
7 
27 3 
25 6 
42 
32 2 
15 48 
34 
3 
41 
48 
20 
23 47 
14 26 
31 
47 
2 
36 
26 
45 
6 
49 
# clone tree 68 objective: 1.49375
0 35 8 
4 23 21 5 9 40 
8 6 39 4 
40 19 22 
22 30 29 
44 20 16 
29 44 
16 49 28 33 
19 42 24 
30 11 13 
35 36 18 
18 10 
13 1 
33 38 
24 46 
10 41 43 
1 12 
9 7 
5 15 32 
38 25 
12 27 
28 45 34 
11 37 
21 
43 17 
39 
46 14 
17 31 
37 
7 
27 3 
25 
42 
32 2 
15 48 
34 
3 
41 
48 
20 
23 47 
14 26 
31 
47 
2 
36 
26 
45 
6 
49 
# clone tree 69 objective: 1.49375
0 49 35 8 
4 23 21 5 9 40 
8 6 39 4 
40 19 22 
22 30 29 
44 20 16 
29 44 
16 36 28 33 
19 42 24 
30 11 13 
35 18 
18 10 
13 1 
33 38 
24 46 
10 41 43 
1 12 
9 7 
5 15 32 
38 25 
12 27 
28 45 34 
11 37 
21 
43 17 
39 
46 14 
17 31 
37 
7 
27 3 
25 
42 
32 2 
15 48 
34 
3 
41 
48 
20 
23 47 
14 26 
31 
47 
2 
36 
26 
45 
6 
49 
# clone tree 70 objective: 1.49379
0 35 8 
4 23 21 5 9 40 
8 39 4 
40 19 22 
22 30 29 
44 20 16 
29 44 
16 28 33 
19 42 24 
30 11 13 
35 36 18 
18 2 10 
13 1 
33 38 
24 46 
10 41 43 
1 12 
9 49 7 
5 15 32 
38 25 
12 27 
28 45 34 
11 37 
21 
43 17 
39 
46 14 
17 31 
37 
7 
27 3 
25 6 
42 
32 
15 48 
34 
3 
41 
48 
20 
23 47 
14 26 
31 
47 
2 
36 
26 
45 
6 
49 
# clone tree 71 objective: 1.49379
0 35 8 
4 23 21 5 9 40 
8 39 4 
40 19 22 
22 30 29 
44 2 20 16 
29 44 
16 36 28 33 
19 42 24 
30 11 13 
35 18 
18 10 
13 1 
33 38 
24 46 
10 41 43 
1 12 
9 49 7 
5 15 32 
38 25 
12 27 
28 45 34 
11 37 
21 
43 17 
39 
46 14 
17 31 
37 
7 
27 3 
25 6 
42 
32 
15 48 
34 
3 
41 
48 
20 
23 47 
14 26 
31 
47 
2 
36 
26 
45 
6 
49 
# clone tree 72 objective: 1.49379
0 35 8 
4 23 21 5 9 40 
8 6 39 4 
40 2 19 22 
22 30 29 
44 20 16 
29 44 
16 36 28 33 
19 42 24 
30 11 13 
35 18 
18 10 
13 1 
33 38 
24 46 
10 41 43 
1 12 
9 7 
5 15 32 
38 25 
12 27 
28 49 45 34 
11 37 
21 
43 17 
39 
46 14 
17 31 
37 
7 
27 3 
25 
42 
32 
15 48 
34 
3 
41 
48 
20 
23 47 
14 26 
31 
47 
2 
36 
26 
45 
6 
49 
# clone tree 73 objective: 1.49379
0 35 8 
4 23 21 5 9 40 
8 39 4 
40 2 19 22 
22 30 29 
44 20 16 
29 44 
16 36 28 33 
19 42 24 
30 11 13 
35 18 
18 10 
13 1 
33 38 
24 46 
10 41 43 
1 12 
9 7 
5 15 32 
38 25 
12 27 
28 49 45 34 
11 37 
21 
43 17 
39 
46 14 
17 31 
37 
7 
27 3 
25 6 
42 
32 
15 48 
34 
3 
41 
48 
20 
23 47 
14 26 
31 
47 
2 
36 
26 
45 
6 
49 
# clone tree 74 objective: 1.49379
0 35 8 
4 23 21 5 9 40 
8 39 4 
40 19 22 
22 30 29 
44 20 16 
29 44 
16 36 28 33 
19 42 24 
30 11 13 
35 18 
18 2 10 
13 1 
33 38 
24 46 
10 41 43 
1 12 
9 49 7 
5 15 32 
38 25 
12 27 
28 45 34 
11 37 
21 
43 17 
39 
46 14 
17 31 
37 
7 
27 3 
25 6 
42 
32 
15 48 
34 
3 
41 
48 
20 
23 47 
14 26 
31 
47 
2 
36 
26 
45 
6 
49 
# clone tree 75 objective: 1.49379
0 36 35 8 
4 23 21 5 9 40 
8 6 39 4 
40 2 19 22 
22 30 29 
44 20 16 
29 44 
16 28 33 
19 42 24 
30 11 13 
35 18 
18 10 
13 1 
33 38 
24 46 
10 41 43 
1 12 
9 7 
5 15 32 
38 25 
12 27 
28 49 45 34 
11 37 
21 
43 17 
39 
46 14 
17 31 
37 
7 
27 3 
25 
42 
32 
15 48 
34 
3 
41 
48 
20 
23 47 
14 26 
31 
47 
2 
36 
26 
45 
6 
49 
# clone tree 76 objective: 1.49379
0 36 35 8 
4 23 21 5 9 40 
8 39 4 
40 2 19 22 
22 30 29 
44 20 16 
29 44 
16 28 33 
19 42 24 
30 11 13 
35 18 
18 10 
13 1 
33 38 
24 46 
10 41 43 
1 12 
9 7 
5 15 32 
38 25 
12 27 
28 49 45 34 
11 37 
21 
43 17 
39 
46 14 
17 31 
37 
7 
27 3 
25 6 
42 
32 
15 48 
34 
3 
41 
48 
20 
23 47 
14 26 
31 
47 
2 
36 
26 
45 
6 
49 
# clone tree 77 objective: 1.49379
0 35 8 
4 23 21 5 9 40 
8 6 39 4 
40 19 22 
22 30 29 
44 20 16 
29 44 
16 36 28 33 
19 42 24 
30 11 13 
35 18 
18 2 10 
13 1 
33 38 
24 46 
10 41 43 
1 12 
9 49 7 
5 15 32 
38 25 
12 27 
28 45 34 
11 37 
21 
43 17 
39 
46 14 
17 31 
37 
7 
27 3 
25 
42 
32 
15 48 
34 
3 
41 
48 
20 
23 47 
14 26 
31 
47 
2 
36 
26 
45 
6 
49 
# clone tree 78 objective: 1.49379
0 36 35 8 
4 23 21 5 9 40 
8 6 39 4 
40 19 22 
22 30 29 
44 2 20 16 
29 44 
16 28 33 
19 42 24 
30 11 13 
35 18 
18 10 
13 1 
33 38 
24 46 
10 41 43 
1 12 
9 49 7 
5 15 32 
38 25 
12 27 
28 45 34 
11 37 
21 
43 17 
39 
46 14 
17 31 
37 
7 
27 3 
25 
42 
32 
15 48 
34 
3 
41 
48 
20 
23 47 
14 26 
31 
47 
2 
36 
26 
45 
6 
49 
# clone tree 79 objective: 1.49379
0 35 8 
4 23 21 5 9 40 
8 39 4 
40 2 19 22 
22 30 29 
44 20 16 
29 44 
16 28 33 
19 42 24 
30 11 13 
35 36 18 
18 10 
13 1 
33 38 
24 46 
10 41 43 
1 12 
9 49 7 
5 15 32 
38 25 
12 27 
28 45 34 
11 37 
21 
43 17 
39 
46 14 
17 31 
37 
7 
27 3 
25 6 
42 
32 
15 48 
34 
3 
41 
48 
20 
23 47 
14 26 
31 
47 
2 
36 
26 
45 
6 
49 
# clone tree 80 objective: 1.49379
0 35 8 
4 23 21 5 9 40 
8 6 39 4 
40 19 22 
22 30 29 
44 20 16 
29 44 
16 36 28 33 
19 42 24 
30 11 13 
35 18 
18 2 10 
13 1 
33 38 
24 46 
10 41 43 
1 12 
9 7 
5 15 32 
38 25 
12 27 
28 49 45 34 
11 37 
21 
43 17 
39 
46 14 
17 31 
37 
7 
27 3 
25 
42 
32 
15 48 
34 
3 
41 
48 
20 
23 47 
14 26 
31 
47 
2 
36 
26 
45 
6 
49 
# clone tree 81 objective: 1.49379
0 35 8 
4 23 21 5 9 40 
8 39 4 
40 2 19 22 
22 30 29 
44 20 16 
29 44 
16 28 33 
19 42 24 
30 11 13 
35 18 
18 10 
13 1 
33 38 
24 46 
10 41 43 
1 12 
9 49 7 
5 15 32 
38 36 25 
12 27 
28 45 34 
11 37 
21 
43 17 
39 
46 14 
17 31 
37 
7 
27 3 
25 6 
42 
32 
15 48 
34 
3 
41 
48 
20 
23 47 
14 26 
31 
47 
2 
36 
26 
45 
6 
49 
# clone tree 82 objective: 1.49379
0 35 8 
4 23 21 5 9 40 
8 6 39 4 
40 19 22 
22 30 29 
44 20 16 
29 44 
16 28 33 
19 42 24 
30 11 13 
35 36 18 
18 2 10 
13 1 
33 38 
24 46 
10 41 43 
1 12 
9 7 
5 15 32 
38 25 
12 27 
28 49 45 34 
11 37 
21 
43 17 
39 
46 14 
17 31 
37 
7 
27 3 
25 
42 
32 
15 48 
34 
3 
41 
48 
20 
23 47 
14 26 
31 
47 
2 
36 
26 
45 
6 
49 
# clone tree 83 objective: 1.49379
0 36 35 8 
4 23 21 5 9 40 
8 6 39 4 
40 2 19 22 
22 30 29 
44 20 16 
29 44 
16 28 33 
19 42 24 
30 11 13 
35 18 
18 10 
13 1 
33 38 
24 46 
10 41 43 
1 12 
9 49 7 
5 15 32 
38 25 
12 27 
28 45 34 
11 37 
21 
43 17 
39 
46 14 
17 31 
37 
7 
27 3 
25 
42 
32 
15 48 
34 
3 
41 
48 
20 
23 47 
14 26 
31 
47 
2 
36 
26 
45 
6 
49 
# clone tree 84 objective: 1.49379
0 35 8 
4 23 21 5 9 40 
8 6 39 4 
40 19 22 
22 30 29 
44 2 20 16 
29 44 
16 28 33 
19 42 24 
30 11 13 
35 18 
18 10 
13 1 
33 38 
24 46 
10 41 43 
1 12 
9 7 
5 15 32 
38 36 25 
12 27 
28 49 45 34 
11 37 
21 
43 17 
39 
46 14 
17 31 
37 
7 
27 3 
25 
42 
32 
15 48 
34 
3 
41 
48 
20 
23 47 
14 26 
31 
47 
2 
36 
26 
45 
6 
49 
# clone tree 85 objective: 1.49379
0 36 35 8 
4 23 21 5 9 40 
8 39 4 
40 19 22 
22 30 29 
44 2 20 16 
29 44 
16 28 33 
19 42 24 
30 11 13 
35 18 
18 10 
13 1 
33 38 
24 46 
10 41 43 
1 12 
9 49 7 
5 15 32 
38 25 
12 27 
28 45 34 
11 37 
21 
43 17 
39 
46 14 
17 31 
37 
7 
27 3 
25 6 
42 
32 
15 48 
34 
3 
41 
48 
20 
23 47 
14 26 
31 
47 
2 
36 
26 
45 
6 
49 
# clone tree 86 objective: 1.49379
0 35 8 
4 23 21 5 9 40 
8 39 4 
40 19 22 
22 30 29 
44 20 16 
29 44 
16 36 28 33 
19 42 24 
30 11 13 
35 18 
18 2 10 
13 1 
33 38 
24 46 
10 41 43 
1 12 
9 7 
5 15 32 
38 25 
12 27 
28 49 45 34 
11 37 
21 
43 17 
39 
46 14 
17 31 
37 
7 
27 3 
25 6 
42 
32 
15 48 
34 
3 
41 
48 
20 
23 47 
14 26 
31 
47 
2 
36 
26 
45 
6 
49 
# clone tree 87 objective: 1.49379
0 35 8 
4 23 21 5 9 40 
8 6 39 4 
40 19 22 
22 30 29 
44 20 16 
29 44 
16 28 33 
19 42 24 
30 11 13 
35 18 
18 2 10 
13 1 
33 38 
24 46 
10 41 43 
1 12 
9 7 
5 15 32 
38 36 25 
12 27 
28 49 45 34 
11 37 
21 
43 17 
39 
46 14 
17 31 
37 
7 
27 3 
25 
42 
32 
15 48 
34 
3 
41 
48 
20 
23 47 
14 26 
31 
47 
2 
36 
26 
45 
6 
49 
# clone tree 88 objective: 1.49379
0 36 35 8 
4 23 21 5 9 40 
8 6 39 4 
40 19 22 
22 30 29 
44 2 20 16 
29 44 
16 28 33 
19 42 24 
30 11 13 
35 18 
18 10 
13 1 
33 38 
24 46 
10 41 43 
1 12 
9 7 
5 15 32 
38 25 
12 27 
28 49 45 34 
11 37 
21 
43 17 
39 
46 14 
17 31 
37 
7 
27 3 
25 
42 
32 
15 48 
34 
3 
41 
48 
20 
23 47 
14 26 
31 
47 
2 
36 
26 
45 
6 
49 
# clone tree 89 objective: 1.49379
0 35 8 
4 23 21 5 9 40 
8 6 39 4 
40 19 22 
22 30 29 
44 2 20 16 
29 44 
16 28 33 
19 42 24 
30 11 13 
35 36 18 
18 10 
13 1 
33 38 
24 46 
10 41 43 
1 12 
9 49 7 
5 15 32 
38 25 
12 27 
28 45 34 
11 37 
21 
43 17 
39 
46 14 
17 31 
37 
7 
27 3 
25 
42 
32 
15 48 
34 
3 
41 
48 
20 
23 47 
14 26 
31 
47 
2 
36 
26 
45 
6 
49 
# clone tree 90 objective: 1.49379
0 35 8 
4 23 21 5 9 40 
8 6 39 4 
40 2 19 22 
22 30 29 
44 20 16 
29 44 
16 28 33 
19 42 24 
30 11 13 
35 36 18 
18 10 
13 1 
33 38 
24 46 
10 41 43 
1 12 
9 7 
5 15 32 
38 25 
12 27 
28 49 45 34 
11 37 
21 
43 17 
39 
46 14 
17 31 
37 
7 
27 3 
25 
42 
32 
15 48 
34 
3 
41 
48 
20 
23 47 
14 26 
31 
47 
2 
36 
26 
45 
6 
49 
# clone tree 91 objective: 1.49379
0 35 8 
4 23 21 5 9 40 
8 6 39 4 
40 2 19 22 
22 30 29 
44 20 16 
29 44 
16 28 33 
19 42 24 
30 11 13 
35 18 
18 10 
13 1 
33 38 
24 46 
10 41 43 
1 12 
9 7 
5 15 32 
38 36 25 
12 27 
28 49 45 34 
11 37 
21 
43 17 
39 
46 14 
17 31 
37 
7 
27 3 
25 
42 
32 
15 48 
34 
3 
41 
48 
20 
23 47 
14 26 
31 
47 
2 
36 
26 
45 
6 
49 
# clone tree 92 objective: 1.49379
0 36 35 8 
4 23 21 5 9 40 
8 39 4 
40 2 19 22 
22 30 29 
44 20 16 
29 44 
16 28 33 
19 42 24 
30 11 13 
35 18 
18 10 
13 1 
33 38 
24 46 
10 41 43 
1 12 
9 49 7 
5 15 32 
38 25 
12 27 
28 45 34 
11 37 
21 
43 17 
39 
46 14 
17 31 
37 
7 
27 3 
25 6 
42 
32 
15 48 
34 
3 
41 
48 
20 
23 47 
14 26 
31 
47 
2 
36 
26 
45 
6 
49 
# clone tree 93 objective: 1.49379
0 35 8 
4 23 21 5 9 40 
8 39 4 
40 19 22 
22 30 29 
44 2 20 16 
29 44 
16 28 33 
19 42 24 
30 11 13 
35 36 18 
18 10 
13 1 
33 38 
24 46 
10 41 43 
1 12 
9 49 7 
5 15 32 
38 25 
12 27 
28 45 34 
11 37 
21 
43 17 
39 
46 14 
17 31 
37 
7 
27 3 
25 6 
42 
32 
15 48 
34 
3 
41 
48 
20 
23 47 
14 26 
31 
47 
2 
36 
26 
45 
6 
49 
# clone tree 94 objective: 1.49379
0 35 8 
4 23 21 5 9 40 
8 6 39 4 
40 19 22 
22 30 29 
44 20 16 
29 44 
16 28 33 
19 42 24 
30 11 13 
35 18 
18 2 10 
13 1 
33 38 
24 46 
10 41 43 
1 12 
9 49 7 
5 15 32 
38 36 25 
12 27 
28 45 34 
11 37 
21 
43 17 
39 
46 14 
17 31 
37 
7 
27 3 
25 
42 
32 
15 48 
34 
3 
41 
48 
20 
23 47 
14 26 
31 
47 
2 
36 
26 
45 
6 
49 
# clone tree 95 objective: 1.49379
0 35 8 
4 23 21 5 9 40 
8 39 4 
40 19 22 
22 30 29 
44 2 20 16 
29 44 
16 36 28 33 
19 42 24 
30 11 13 
35 18 
18 10 
13 1 
33 38 
24 46 
10 41 43 
1 12 
9 7 
5 15 32 
38 25 
12 27 
28 49 45 34 
11 37 
21 
43 17 
39 
46 14 
17 31 
37 
7 
27 3 
25 6 
42 
32 
15 48 
34 
3 
41 
48 
20 
23 47 
14 26 
31 
47 
2 
36 
26 
45 
6 
49 
# clone tree 96 objective: 1.49379
0 35 8 
4 23 21 5 9 40 
8 39 4 
40 2 19 22 
22 30 29 
44 20 16 
29 44 
16 28 33 
19 42 24 
30 11 13 
35 18 
18 10 
13 1 
33 38 
24 46 
10 41 43 
1 12 
9 7 
5 15 32 
38 36 25 
12 27 
28 49 45 34 
11 37 
21 
43 17 
39 
46 14 
17 31 
37 
7 
27 3 
25 6 
42 
32 
15 48 
34 
3 
41 
48 
20 
23 47 
14 26 
31 
47 
2 
36 
26 
45 
6 
49 
# clone tree 97 objective: 1.49379
0 35 8 
4 23 21 5 9 40 
8 6 39 4 
40 19 22 
22 30 29 
44 2 20 16 
29 44 
16 28 33 
19 42 24 
30 11 13 
35 36 18 
18 10 
13 1 
33 38 
24 46 
10 41 43 
1 12 
9 7 
5 15 32 
38 25 
12 27 
28 49 45 34 
11 37 
21 
43 17 
39 
46 14 
17 31 
37 
7 
27 3 
25 
42 
32 
15 48 
34 
3 
41 
48 
20 
23 47 
14 26 
31 
47 
2 
36 
26 
45 
6 
49 
# clone tree 98 objective: 1.49379
0 36 35 8 
4 23 21 5 9 40 
8 39 4 
40 19 22 
22 30 29 
44 20 16 
29 44 
16 28 33 
19 42 24 
30 11 13 
35 18 
18 2 10 
13 1 
33 38 
24 46 
10 41 43 
1 12 
9 7 
5 15 32 
38 25 
12 27 
28 49 45 34 
11 37 
21 
43 17 
39 
46 14 
17 31 
37 
7 
27 3 
25 6 
42 
32 
15 48 
34 
3 
41 
48 
20 
23 47 
14 26 
31 
47 
2 
36 
26 
45 
6 
49 
# clone tree 99 objective: 1.49379
0 35 8 
4 23 21 5 9 40 
8 6 39 4 
40 2 19 22 
22 30 29 
44 20 16 
29 44 
16 36 28 33 
19 42 24 
30 11 13 
35 18 
18 10 
13 1 
33 38 
24 46 
10 41 43 
1 12 
9 49 7 
5 15 32 
38 25 
12 27 
28 45 34 
11 37 
21 
43 17 
39 
46 14 
17 31 
37 
7 
27 3 
25 
42 
32 
15 48 
34 
3 
41 
48 
20 
23 47 
14 26 
31 
47 
2 
36 
26 
45 
6 
49 
