# clone tree 0 objective: 2.67325
0 10 
37 35 16 
45 37 
10 45 
16 13 2 
2 34 14 19 
19 28 
21 3 43 
28 21 
43 24 31 5 
5 48 11 40 
40 22 
14 39 23 26 
22 30 25 
26 27 
25 38 15 
27 6 20 
31 41 4 
15 8 
20 46 
13 7 36 
8 42 
4 49 9 
42 33 
11 44 
46 
33 12 
35 
38 47 
9 17 
44 1 
48 
1 32 
3 
6 18 
32 
23 
47 
39 
49 
12 
36 
7 29 
18 
34 
41 
30 
17 
29 
24 
# clone tree 1 objective: 2.67325
0 10 
37 35 16 
45 37 
10 45 
16 13 2 
2 34 14 19 
19 28 
21 3 43 
28 21 
43 24 31 5 
5 48 11 40 
40 22 
14 39 23 26 
22 30 25 
26 27 
25 38 15 
27 6 20 
31 41 4 
15 8 
20 46 
13 7 36 
8 42 
4 49 9 
42 33 
11 44 
46 17 
33 12 
35 
38 47 
9 
44 1 
48 
1 32 
3 
6 18 
32 
23 
47 
39 
49 
12 
36 
7 29 
18 
34 
41 
30 
17 
29 
24 
# clone tree 2 objective: 2.67344
0 10 
37 35 16 
45 37 
10 45 
16 13 2 
2 34 14 19 
19 28 
21 3 43 
28 21 
43 31 5 
5 48 11 40 
40 22 
14 39 23 26 
22 30 25 
26 27 
25 38 15 
27 6 20 
31 41 4 
15 8 
20 46 
13 7 36 
8 42 
4 49 9 
42 33 
11 44 
46 17 
33 12 
35 
38 47 
9 
44 1 
48 
1 32 
3 
6 18 
32 
23 
47 
39 
49 
12 
36 24 
7 29 
18 
34 
41 
30 
17 
29 
24 
# clone tree 3 objective: 2.67344
0 10 
37 35 16 
45 37 
10 45 
16 13 2 
2 34 14 19 
19 28 
21 3 43 
28 21 
43 31 5 
5 48 11 40 
40 22 
14 39 23 26 
22 30 25 
26 27 
25 38 15 
27 6 20 
31 41 4 
15 8 
20 46 
13 7 36 
8 42 
4 49 9 
42 33 
11 44 
46 
33 12 
35 
38 47 
9 17 
44 1 
48 
1 32 
3 
6 18 
32 
23 
47 
39 
49 
12 
36 24 
7 29 
18 
34 
41 
30 
17 
29 
24 
# clone tree 4 objective: 2.67366
0 10 
37 35 16 
45 37 
10 45 
16 13 2 
2 14 19 
19 28 
21 3 43 
28 21 
43 24 31 5 
5 48 11 40 
40 22 
14 39 23 26 
22 30 25 
26 27 
25 38 15 
27 6 20 
31 41 4 
15 8 
20 46 
13 7 36 
8 42 
4 49 9 
42 33 
11 44 
46 17 
33 12 
35 
38 47 
9 
44 1 
48 
1 32 
3 
6 18 
32 
23 
47 
39 
49 34 
12 
36 
7 29 
18 
34 
41 
30 
17 
29 
24 
# clone tree 5 objective: 2.67366
0 10 
37 35 16 
45 37 
10 45 
16 13 2 
2 14 19 
19 28 
21 3 43 
28 21 
43 24 31 5 
5 48 11 40 
40 22 
14 39 23 26 
22 30 25 
26 27 
25 38 15 
27 6 20 
31 41 4 
15 8 
20 46 
13 7 36 
8 42 
4 49 9 
42 33 
11 44 
46 
33 12 
35 
38 47 
9 17 
44 1 
48 
1 32 
3 
6 18 
32 
23 
47 
39 
49 34 
12 
36 
7 29 
18 
34 
41 
30 
17 
29 
24 
# clone tree 6 objective: 2.67385
0 10 
37 35 16 
45 37 
10 45 
16 13 2 
2 14 19 
19 28 
21 3 43 
28 21 
43 31 5 
5 48 11 40 
40 22 
14 39 23 26 
22 30 25 
26 27 
25 38 15 
27 6 20 
31 41 4 
15 8 
20 46 
13 7 36 
8 42 
4 49 9 
42 33 
11 44 
46 
33 12 
35 
38 47 
9 17 
44 1 
48 
1 32 
3 
6 18 
32 
23 
47 
39 
49 34 
12 
36 24 
7 29 
18 
34 
41 
30 
17 
29 
24 
# clone tree 7 objective: 2.67385
0 10 
37 35 16 
45 37 
10 45 
16 13 2 
2 14 19 
19 28 
21 3 43 
28 21 
43 31 5 
5 48 11 40 
40 22 
14 39 23 26 
22 30 25 
26 27 
25 38 15 
27 6 20 
31 41 4 
15 8 
20 46 
13 7 36 
8 42 
4 49 9 
42 33 
11 44 
46 17 
33 12 
35 
38 47 
9 
44 1 
48 
1 32 
3 
6 18 
32 
23 
47 
39 
49 34 
12 
36 24 
7 29 
18 
34 
41 
30 
17 
29 
24 
# clone tree 8 objective: 2.67452
0 10 
37 35 16 
45 37 
10 45 
16 13 2 
2 34 14 19 
19 28 
21 3 43 
28 21 
43 24 31 5 
5 48 11 40 
40 22 
14 39 23 26 
22 30 25 
26 27 
25 38 15 
27 6 20 
31 4 
15 8 
20 46 
13 7 36 
8 42 
4 49 9 
42 33 
11 44 
46 
33 12 
35 41 
38 47 
9 17 
44 1 
48 
1 32 
3 
6 18 
32 
23 
47 
39 
49 
12 
36 
7 29 
18 
34 
41 
30 
17 
29 
24 
# clone tree 9 objective: 2.67452
0 10 
37 35 16 
45 37 
10 45 
16 13 2 
2 34 14 19 
19 28 
21 3 43 
28 21 
43 24 31 5 
5 48 11 40 
40 22 
14 39 23 26 
22 30 25 
26 27 
25 38 15 
27 6 20 
31 4 
15 8 
20 46 
13 7 36 
8 42 
4 49 9 
42 33 
11 44 
46 17 
33 12 
35 41 
38 47 
9 
44 1 
48 
1 32 
3 
6 18 
32 
23 
47 
39 
49 
12 
36 
7 29 
18 
34 
41 
30 
17 
29 
24 
