# clone tree 0 objective: 2.67213
0 10 
37 35 16 
45 37 
10 45 
16 13 2 
2 14 19 
19 28 
21 3 43 
28 21 
43 31 5 
5 48 11 40 
40 22 
14 39 23 26 
22 30 25 
26 27 
25 38 15 
27 6 20 
31 41 4 
15 8 
20 46 
13 36 47 
8 42 
4 7 9 
42 33 
11 44 
46 17 
33 12 
35 
38 49 
9 
44 1 
48 
1 32 
3 
6 18 
32 
23 
47 
39 
49 34 
12 
36 24 
7 29 
18 
34 
41 
30 
17 
29 
24 
# clone tree 1 objective: 2.67213
0 10 
37 35 16 
45 37 
10 45 
16 13 2 
2 14 19 
19 28 
21 3 43 
28 21 
43 31 5 
5 48 11 40 
40 22 
14 39 23 26 
22 30 25 
26 27 
25 38 15 
27 6 20 
31 41 4 
15 8 
20 46 
13 36 47 
8 42 
4 7 9 
42 33 
11 44 
46 
33 12 
35 
38 49 
9 17 
44 1 
48 
1 32 
3 
6 18 
32 
23 
47 
39 
49 34 
12 
36 24 
7 29 
18 
34 
41 
30 
17 
29 
24 
# clone tree 2 objective: 2.67213
0 10 
37 35 16 
45 37 
10 45 
16 13 2 
2 14 19 
19 28 
21 3 43 
28 21 
43 31 5 
5 48 11 40 
40 22 
14 39 23 26 
22 30 25 
26 27 
25 38 15 
27 6 20 
31 4 
15 8 
20 46 
13 41 36 47 
8 42 
4 7 9 
42 33 
11 44 
46 
33 12 
35 
38 49 
9 17 
44 1 
48 
1 32 
3 
6 18 
32 
23 
47 
39 
49 34 
12 
36 24 
7 29 
18 
34 
41 
30 
17 
29 
24 
# clone tree 3 objective: 2.67213
0 10 
37 35 16 
45 37 
10 45 
16 13 2 
2 14 19 
19 28 
21 3 43 
28 21 
43 31 5 
5 48 11 40 
40 22 
14 39 23 26 
22 30 25 
26 27 
25 38 15 
27 6 20 
31 4 
15 8 
20 46 
13 41 36 47 
8 42 
4 7 9 
42 33 
11 44 
46 17 
33 12 
35 
38 49 
9 
44 1 
48 
1 32 
3 
6 18 
32 
23 
47 
39 
49 34 
12 
36 24 
7 29 
18 
34 
41 
30 
17 
29 
24 
# clone tree 4 objective: 2.67254
0 10 
37 35 16 
45 37 
10 45 
16 13 2 
2 34 14 19 
19 28 
21 3 43 
28 21 
43 31 5 
5 48 11 40 
40 22 
14 39 23 26 
22 30 25 
26 27 
25 38 15 
27 36 20 
31 4 
15 8 
20 47 46 
13 41 6 
8 42 
4 7 9 
42 33 
11 44 
46 
33 12 
35 
38 49 
9 17 
44 1 
48 
1 32 
3 
6 18 
32 
23 
47 
39 
49 
12 
36 24 
7 29 
18 
34 
41 
30 
17 
29 
24 
# clone tree 5 objective: 2.67254
0 10 
37 35 16 
45 37 
10 45 
16 13 2 
2 34 14 19 
19 28 
21 3 43 
28 21 
43 31 5 
5 48 11 40 
40 22 
14 39 23 26 
22 30 25 
26 27 
25 38 15 
27 36 20 
31 41 4 
15 8 
20 47 46 
13 6 
8 42 
4 7 9 
42 33 
11 44 
46 
33 12 
35 
38 49 
9 17 
44 1 
48 
1 32 
3 
6 18 
32 
23 
47 
39 
49 
12 
36 24 
7 29 
18 
34 
41 
30 
17 
29 
24 
# clone tree 6 objective: 2.67296
0 10 
37 35 16 
45 37 
10 45 
16 13 2 
2 14 19 
19 28 
21 3 43 
28 21 
43 31 5 
5 48 11 40 
40 22 
14 39 23 26 
22 30 25 
26 27 
25 38 15 
27 36 20 
31 41 4 
15 8 
20 47 46 
13 6 
8 42 
4 7 9 
42 33 
11 44 
46 
33 12 
35 
38 49 
9 17 
44 1 
48 
1 32 
3 
6 18 
32 
23 
47 
39 
49 34 
12 
36 24 
7 29 
18 
34 
41 
30 
17 
29 
24 
# clone tree 7 objective: 2.67296
0 10 
37 35 16 
45 37 
10 45 
16 13 2 
2 14 19 
19 28 
21 3 43 
28 21 
43 31 5 
5 48 11 40 
40 22 
14 39 23 26 
22 30 25 
26 27 
25 38 15 
27 36 20 
31 4 
15 8 
20 47 46 
13 41 6 
8 42 
4 7 9 
42 33 
11 44 
46 
33 12 
35 
38 49 
9 17 
44 1 
48 
1 32 
3 
6 18 
32 
23 
47 
39 
49 34 
12 
36 24 
7 29 
18 
34 
41 
30 
17 
29 
24 
# clone tree 8 objective: 2.67325
0 10 
37 35 16 
45 37 
10 45 
16 13 2 
2 34 14 19 
19 28 
21 3 43 
28 21 
43 24 31 5 
5 48 11 40 
40 22 
14 39 23 26 
22 30 25 
26 27 
25 38 15 
27 6 20 
31 41 4 
15 8 
20 46 
13 7 36 
8 42 
4 49 9 
42 33 
11 44 
46 
33 12 
35 
38 47 
9 17 
44 1 
48 
1 32 
3 
6 18 
32 
23 
47 
39 
49 
12 
36 
7 29 
18 
34 
41 
30 
17 
29 
24 
# clone tree 9 objective: 2.67325
0 10 
37 35 16 
45 37 
10 45 
16 13 2 
2 34 14 19 
19 28 
21 3 43 
28 21 
43 24 31 5 
5 48 11 40 
40 22 
14 39 23 26 
22 30 25 
26 27 
25 38 15 
27 6 20 
31 41 4 
15 8 
20 46 
13 7 36 
8 42 
4 49 9 
42 33 
11 44 
46 17 
33 12 
35 
38 47 
9 
44 1 
48 
1 32 
3 
6 18 
32 
23 
47 
39 
49 
12 
36 
7 29 
18 
34 
41 
30 
17 
29 
24 
# clone tree 10 objective: 2.67331
0 10 
37 35 16 
45 37 
10 45 
16 13 2 
2 14 19 
19 28 
21 3 43 
28 21 
43 31 5 
5 48 11 40 
40 22 
14 39 23 26 
22 30 25 
26 27 
25 38 15 
27 6 20 
31 41 4 
15 8 
20 46 
13 36 47 
8 42 
4 7 9 
42 33 
11 44 
46 
33 12 
35 
38 49 
9 17 
44 32 
48 
1 
3 
6 18 
32 1 
23 
47 
39 
49 34 
12 
36 24 
7 29 
18 
34 
41 
30 
17 
29 
24 
# clone tree 11 objective: 2.67331
0 10 
37 35 16 
45 37 
10 45 
16 13 2 
2 14 19 
19 28 
21 3 43 
28 21 
43 31 5 
5 48 11 40 
40 22 
14 39 23 26 
22 30 25 
26 27 
25 38 15 
27 6 20 
31 4 
15 8 
20 46 
13 41 36 47 
8 42 
4 7 9 
42 33 
11 44 
46 17 
33 12 
35 
38 49 
9 
44 32 
48 
1 
3 
6 18 
32 1 
23 
47 
39 
49 34 
12 
36 24 
7 29 
18 
34 
41 
30 
17 
29 
24 
# clone tree 12 objective: 2.67331
0 10 
37 35 16 
45 37 
10 45 
16 13 2 
2 14 19 
19 28 
21 3 43 
28 21 
43 31 5 
5 48 11 40 
40 22 
14 39 23 26 
22 30 25 
26 27 
25 38 15 
27 6 20 
31 4 
15 8 
20 46 
13 41 36 47 
8 42 
4 7 9 
42 33 
11 44 
46 
33 12 
35 
38 49 
9 17 
44 32 
48 
1 
3 
6 18 
32 1 
23 
47 
39 
49 34 
12 
36 24 
7 29 
18 
34 
41 
30 
17 
29 
24 
# clone tree 13 objective: 2.67331
0 10 
37 35 16 
45 37 
10 45 
16 13 2 
2 14 19 
19 28 
21 3 43 
28 21 
43 31 5 
5 48 11 40 
40 22 
14 39 23 26 
22 30 25 
26 27 
25 38 15 
27 6 20 
31 41 4 
15 8 
20 46 
13 36 47 
8 42 
4 7 9 
42 33 
11 44 
46 17 
33 12 
35 
38 49 
9 
44 32 
48 
1 
3 
6 18 
32 1 
23 
47 
39 
49 34 
12 
36 24 
7 29 
18 
34 
41 
30 
17 
29 
24 
# clone tree 14 objective: 2.6734
0 10 
37 35 16 
45 37 
10 45 
16 13 2 
2 14 19 
19 28 
21 3 43 
28 21 
43 31 5 
5 48 11 40 
40 22 
14 39 23 26 
22 30 25 
26 27 
25 38 15 
27 6 20 
31 4 
15 8 
20 46 
13 36 47 
8 42 
4 7 9 
42 33 
11 44 
46 
33 12 
35 41 
38 49 
9 17 
44 1 
48 
1 32 
3 
6 18 
32 
23 
47 
39 
49 34 
12 
36 24 
7 29 
18 
34 
41 
30 
17 
29 
24 
# clone tree 15 objective: 2.6734
0 10 
37 35 16 
45 37 
10 45 
16 13 2 
2 14 19 
19 28 
21 3 43 
28 21 
43 31 5 
5 48 11 40 
40 22 
14 39 23 26 
22 30 25 
26 27 
25 38 15 
27 6 20 
31 4 
15 8 
20 46 
13 36 47 
8 42 
4 7 9 
42 33 
11 44 
46 17 
33 12 
35 41 
38 49 
9 
44 1 
48 
1 32 
3 
6 18 
32 
23 
47 
39 
49 34 
12 
36 24 
7 29 
18 
34 
41 
30 
17 
29 
24 
# clone tree 16 objective: 2.67344
0 10 
37 35 16 
45 37 
10 45 
16 13 2 
2 34 14 19 
19 28 
21 3 43 
28 21 
43 31 5 
5 48 11 40 
40 22 
14 39 23 26 
22 30 25 
26 27 
25 38 15 
27 6 20 
31 41 4 
15 8 
20 46 
13 7 36 
8 42 
4 49 9 
42 33 
11 44 
46 17 
33 12 
35 
38 47 
9 
44 1 
48 
1 32 
3 
6 18 
32 
23 
47 
39 
49 
12 
36 24 
7 29 
18 
34 
41 
30 
17 
29 
24 
# clone tree 17 objective: 2.67344
0 10 
37 35 16 
45 37 
10 45 
16 13 2 
2 34 14 19 
19 28 
21 3 43 
28 21 
43 31 5 
5 48 11 40 
40 22 
14 39 23 26 
22 30 25 
26 27 
25 38 15 
27 6 20 
31 41 4 
15 8 
20 46 
13 7 36 
8 42 
4 49 9 
42 33 
11 44 
46 
33 12 
35 
38 47 
9 17 
44 1 
48 
1 32 
3 
6 18 
32 
23 
47 
39 
49 
12 
36 24 
7 29 
18 
34 
41 
30 
17 
29 
24 
# clone tree 18 objective: 2.67366
0 10 
37 35 16 
45 37 
10 45 
16 13 2 
2 14 19 
19 28 
21 3 43 
28 21 
43 24 31 5 
5 48 11 40 
40 22 
14 39 23 26 
22 30 25 
26 27 
25 38 15 
27 6 20 
31 41 4 
15 8 
20 46 
13 7 36 
8 42 
4 49 9 
42 33 
11 44 
46 
33 12 
35 
38 47 
9 17 
44 1 
48 
1 32 
3 
6 18 
32 
23 
47 
39 
49 34 
12 
36 
7 29 
18 
34 
41 
30 
17 
29 
24 
# clone tree 19 objective: 2.67366
0 10 
37 35 16 
45 37 
10 45 
16 13 2 
2 14 19 
19 28 
21 3 43 
28 21 
43 24 31 5 
5 48 11 40 
40 22 
14 39 23 26 
22 30 25 
26 27 
25 38 15 
27 6 20 
31 41 4 
15 8 
20 46 
13 7 36 
8 42 
4 49 9 
42 33 
11 44 
46 17 
33 12 
35 
38 47 
9 
44 1 
48 
1 32 
3 
6 18 
32 
23 
47 
39 
49 34 
12 
36 
7 29 
18 
34 
41 
30 
17 
29 
24 
# clone tree 20 objective: 2.67371
0 10 
37 35 16 
45 37 
10 45 
16 13 2 
2 34 14 19 
19 28 
21 3 43 
28 21 
43 31 5 
5 48 11 40 
40 22 
14 39 23 26 
22 30 25 
26 27 
25 38 15 
27 36 20 
31 41 4 
15 8 
20 47 46 
13 6 
8 42 
4 7 9 
42 33 
11 44 
46 17 
33 12 
35 
38 49 
9 
44 1 
48 
1 32 
3 
6 18 
32 
23 
47 
39 
49 
12 
36 24 
7 29 
18 
34 
41 
30 
17 
29 
24 
# clone tree 21 objective: 2.67371
0 10 
37 35 16 
45 37 
10 45 
16 13 2 
2 34 14 19 
19 28 
21 3 43 
28 21 
43 31 5 
5 48 11 40 
40 22 
14 39 23 26 
22 30 25 
26 27 
25 38 15 
27 36 20 
31 4 
15 8 
20 47 46 
13 41 6 
8 42 
4 7 9 
42 33 
11 44 
46 17 
33 12 
35 
38 49 
9 
44 1 
48 
1 32 
3 
6 18 
32 
23 
47 
39 
49 
12 
36 24 
7 29 
18 
34 
41 
30 
17 
29 
24 
# clone tree 22 objective: 2.67372
0 10 
37 35 16 
45 37 
10 45 
16 13 2 
2 34 14 19 
19 28 
21 3 43 
28 21 
43 31 5 
5 48 11 40 
40 22 
14 39 23 26 
22 30 25 
26 27 
25 38 15 
27 36 20 
31 4 
15 8 
20 47 46 
13 41 6 
8 42 
4 7 9 
42 33 
11 44 
46 
33 12 
35 
38 49 
9 17 
44 32 
48 
1 
3 
6 18 
32 1 
23 
47 
39 
49 
12 
36 24 
7 29 
18 
34 
41 
30 
17 
29 
24 
# clone tree 23 objective: 2.67372
0 10 
37 35 16 
45 37 
10 45 
16 13 2 
2 34 14 19 
19 28 
21 3 43 
28 21 
43 31 5 
5 48 11 40 
40 22 
14 39 23 26 
22 30 25 
26 27 
25 38 15 
27 36 20 
31 41 4 
15 8 
20 47 46 
13 6 
8 42 
4 7 9 
42 33 
11 44 
46 
33 12 
35 
38 49 
9 17 
44 32 
48 
1 
3 
6 18 
32 1 
23 
47 
39 
49 
12 
36 24 
7 29 
18 
34 
41 
30 
17 
29 
24 
# clone tree 24 objective: 2.67374
0 10 
37 3 16 
45 37 
10 45 
16 13 2 
2 34 14 19 
19 28 
21 47 43 
28 21 
43 31 5 
5 48 11 40 
40 22 
14 39 23 26 
22 30 25 
26 27 
25 38 15 
27 6 20 
31 41 4 
15 8 
20 46 
13 36 35 
8 42 
4 7 9 
42 33 
11 44 
46 17 
33 12 
35 
38 49 
9 
44 1 
48 
1 32 
3 
6 18 
32 
23 
47 
39 
49 
12 
36 24 
7 29 
18 
34 
41 
30 
17 
29 
24 
# clone tree 25 objective: 2.67374
0 10 
37 3 16 
45 37 
10 45 
16 13 2 
2 34 14 19 
19 28 
21 47 43 
28 21 
43 31 5 
5 48 11 40 
40 22 
14 39 23 26 
22 30 25 
26 27 
25 38 15 
27 6 20 
31 41 4 
15 8 
20 46 
13 36 35 
8 42 
4 7 9 
42 33 
11 44 
46 
33 12 
35 
38 49 
9 17 
44 1 
48 
1 32 
3 
6 18 
32 
23 
47 
39 
49 
12 
36 24 
7 29 
18 
34 
41 
30 
17 
29 
24 
# clone tree 26 objective: 2.67381
0 10 
37 35 16 
45 37 
10 45 
16 13 2 
2 34 14 19 
19 28 
21 3 43 
28 21 
43 31 5 
5 48 11 40 
40 22 
14 39 23 26 
22 30 25 
26 27 
25 38 15 
27 36 20 
31 4 
15 8 
20 47 46 
13 6 
8 42 
4 7 9 
42 33 
11 44 
46 
33 12 
35 41 
38 49 
9 17 
44 1 
48 
1 32 
3 
6 18 
32 
23 
47 
39 
49 
12 
36 24 
7 29 
18 
34 
41 
30 
17 
29 
24 
# clone tree 27 objective: 2.67385
0 10 
37 35 16 
45 37 
10 45 
16 13 2 
2 14 19 
19 28 
21 3 43 
28 21 
43 31 5 
5 48 11 40 
40 22 
14 39 23 26 
22 30 25 
26 27 
25 38 15 
27 6 20 
31 41 4 
15 8 
20 46 
13 7 36 
8 42 
4 49 9 
42 33 
11 44 
46 
33 12 
35 
38 47 
9 17 
44 1 
48 
1 32 
3 
6 18 
32 
23 
47 
39 
49 34 
12 
36 24 
7 29 
18 
34 
41 
30 
17 
29 
24 
# clone tree 28 objective: 2.67385
0 10 
37 35 16 
45 37 
10 45 
16 13 2 
2 14 19 
19 28 
21 3 43 
28 21 
43 31 5 
5 48 11 40 
40 22 
14 39 23 26 
22 30 25 
26 27 
25 38 15 
27 6 20 
31 41 4 
15 8 
20 46 
13 7 36 
8 42 
4 49 9 
42 33 
11 44 
46 17 
33 12 
35 
38 47 
9 
44 1 
48 
1 32 
3 
6 18 
32 
23 
47 
39 
49 34 
12 
36 24 
7 29 
18 
34 
41 
30 
17 
29 
24 
# clone tree 29 objective: 2.67406
0 10 
37 35 16 
45 37 
10 45 
16 13 2 
2 34 14 19 
19 28 
21 3 43 
28 21 
43 31 5 
5 48 11 40 
40 22 
14 39 23 26 
22 30 25 
26 27 
25 38 15 
27 36 20 
31 4 
15 8 
20 46 
13 41 6 
8 42 
4 7 9 
42 33 
11 44 
46 17 
33 12 
35 
38 49 
9 47 
44 1 
48 
1 32 
3 
6 18 
32 
23 
47 
39 
49 
12 
36 24 
7 29 
18 
34 
41 
30 
17 
29 
24 
# clone tree 30 objective: 2.67413
0 10 
37 35 16 
45 37 
10 45 
16 13 2 
2 14 19 
19 28 
21 3 43 
28 21 
43 31 5 
5 48 11 40 
40 22 
14 39 23 26 
22 30 25 
26 27 
25 38 15 
27 6 20 
31 4 
15 8 
20 34 46 
13 41 36 47 
8 42 
4 7 9 
42 33 
11 44 
46 
33 12 
35 
38 49 
9 17 
44 1 
48 
1 32 
3 
6 18 
32 
23 
47 
39 
49 
12 
36 24 
7 29 
18 
34 
41 
30 
17 
29 
24 
# clone tree 31 objective: 2.67413
0 10 
37 35 16 
45 37 
10 45 
16 13 2 
2 14 19 
19 28 
21 3 43 
28 21 
43 31 5 
5 48 11 40 
40 22 
14 39 23 26 
22 30 25 
26 27 
25 38 15 
27 6 20 
31 41 4 
15 8 
20 34 46 
13 36 47 
8 42 
4 7 9 
42 33 
11 44 
46 
33 12 
35 
38 49 
9 17 
44 1 
48 
1 32 
3 
6 18 
32 
23 
47 
39 
49 
12 
36 24 
7 29 
18 
34 
41 
30 
17 
29 
24 
# clone tree 32 objective: 2.67413
0 10 
37 35 16 
45 37 
10 45 
16 13 2 
2 14 19 
19 28 
21 3 43 
28 21 
43 31 5 
5 48 11 40 
40 22 
14 39 23 26 
22 30 25 
26 27 
25 38 15 
27 6 20 
31 4 
15 8 
20 34 46 
13 41 36 47 
8 42 
4 7 9 
42 33 
11 44 
46 17 
33 12 
35 
38 49 
9 
44 1 
48 
1 32 
3 
6 18 
32 
23 
47 
39 
49 
12 
36 24 
7 29 
18 
34 
41 
30 
17 
29 
24 
# clone tree 33 objective: 2.67413
0 10 
37 35 16 
45 37 
10 45 
16 13 2 
2 14 19 
19 28 
21 3 43 
28 21 
43 31 5 
5 48 11 40 
40 22 
14 39 23 26 
22 30 25 
26 27 
25 38 15 
27 6 20 
31 41 4 
15 8 
20 34 46 
13 36 47 
8 42 
4 7 9 
42 33 
11 44 
46 17 
33 12 
35 
38 49 
9 
44 1 
48 
1 32 
3 
6 18 
32 
23 
47 
39 
49 
12 
36 24 
7 29 
18 
34 
41 
30 
17 
29 
24 
# clone tree 34 objective: 2.67413
0 10 
37 35 16 
45 37 
10 45 
16 13 2 
2 14 19 
19 28 
21 3 43 
28 21 
43 31 5 
5 48 11 40 
40 22 
14 39 23 26 
22 30 25 
26 27 
25 38 15 
27 36 20 
31 41 4 
15 8 
20 47 46 
13 6 
8 42 
4 7 9 
42 33 
11 44 
46 17 
33 12 
35 
38 49 
9 
44 1 
48 
1 32 
3 
6 18 
32 
23 
47 
39 
49 34 
12 
36 24 
7 29 
18 
34 
41 
30 
17 
29 
24 
# clone tree 35 objective: 2.67413
0 10 
37 35 16 
45 37 
10 45 
16 13 2 
2 14 19 
19 28 
21 3 43 
28 21 
43 31 5 
5 48 11 40 
40 22 
14 39 23 26 
22 30 25 
26 27 
25 38 15 
27 36 20 
31 4 
15 8 
20 47 46 
13 41 6 
8 42 
4 7 9 
42 33 
11 44 
46 17 
33 12 
35 
38 49 
9 
44 1 
48 
1 32 
3 
6 18 
32 
23 
47 
39 
49 34 
12 
36 24 
7 29 
18 
34 
41 
30 
17 
29 
24 
# clone tree 36 objective: 2.67414
0 10 
37 35 16 
45 37 
10 45 
16 13 2 
2 14 19 
19 28 
21 3 43 
28 21 
43 31 5 
5 48 11 40 
40 22 
14 39 23 26 
22 30 25 
26 27 
25 38 15 
27 36 20 
31 4 
15 8 
20 47 46 
13 41 6 
8 42 
4 7 9 
42 33 
11 44 
46 
33 12 
35 
38 49 
9 17 
44 32 
48 
1 
3 
6 18 
32 1 
23 
47 
39 
49 34 
12 
36 24 
7 29 
18 
34 
41 
30 
17 
29 
24 
# clone tree 37 objective: 2.67414
0 10 
37 35 16 
45 37 
10 45 
16 13 2 
2 14 19 
19 28 
21 3 43 
28 21 
43 31 5 
5 48 11 40 
40 22 
14 39 23 26 
22 30 25 
26 27 
25 38 15 
27 36 20 
31 41 4 
15 8 
20 47 46 
13 6 
8 42 
4 7 9 
42 33 
11 44 
46 
33 12 
35 
38 49 
9 17 
44 32 
48 
1 
3 
6 18 
32 1 
23 
47 
39 
49 34 
12 
36 24 
7 29 
18 
34 
41 
30 
17 
29 
24 
# clone tree 38 objective: 2.67416
0 10 
37 3 16 
45 37 
10 45 
16 13 2 
2 14 19 
19 28 
21 47 43 
28 21 
43 31 5 
5 48 11 40 
40 22 
14 39 23 26 
22 30 25 
26 27 
25 38 15 
27 6 20 
31 41 4 
15 8 
20 46 
13 36 35 
8 42 
4 7 9 
42 33 
11 44 
46 17 
33 12 
35 
38 49 
9 
44 1 
48 
1 32 
3 
6 18 
32 
23 
47 
39 
49 34 
12 
36 24 
7 29 
18 
34 
41 
30 
17 
29 
24 
# clone tree 39 objective: 2.67416
0 10 
37 3 16 
45 37 
10 45 
16 13 2 
2 14 19 
19 28 
21 47 43 
28 21 
43 31 5 
5 48 11 40 
40 22 
14 39 23 26 
22 30 25 
26 27 
25 38 15 
27 6 20 
31 41 4 
15 8 
20 46 
13 36 35 
8 42 
4 7 9 
42 33 
11 44 
46 
33 12 
35 
38 49 
9 17 
44 1 
48 
1 32 
3 
6 18 
32 
23 
47 
39 
49 34 
12 
36 24 
7 29 
18 
34 
41 
30 
17 
29 
24 
# clone tree 40 objective: 2.6742
0 10 
37 35 16 
45 37 
10 45 
16 13 2 
2 14 19 
19 28 
21 3 43 
28 21 
43 24 31 5 
5 48 11 40 
40 22 
14 39 23 26 
22 30 25 
26 27 
25 38 15 
27 6 20 
31 36 4 
15 8 
20 46 
13 41 9 
8 42 
4 7 47 
42 33 
11 44 
46 17 
33 12 
35 
38 49 
9 
44 1 
48 
1 32 
3 
6 18 
32 
23 
47 
39 
49 34 
12 
36 
7 29 
18 
34 
41 
30 
17 
29 
24 
# clone tree 41 objective: 2.6742
0 10 
37 35 16 
45 37 
10 45 
16 13 2 
2 14 19 
19 28 
21 3 43 
28 21 
43 24 31 5 
5 48 11 40 
40 22 
14 39 23 26 
22 30 25 
26 27 
25 38 15 
27 6 20 
31 36 4 
15 8 
20 46 
13 41 9 
8 42 
4 7 47 
42 33 
11 44 
46 
33 12 
35 
38 49 
9 17 
44 1 
48 
1 32 
3 
6 18 
32 
23 
47 
39 
49 34 
12 
36 
7 29 
18 
34 
41 
30 
17 
29 
24 
# clone tree 42 objective: 2.6742
0 10 
37 35 16 
45 37 
10 45 
16 13 2 
2 14 19 
19 28 
21 3 43 
28 21 
43 24 31 5 
5 48 11 40 
40 22 
14 39 23 26 
22 30 25 
26 27 
25 38 15 
27 6 20 
31 41 36 4 
15 8 
20 46 
13 9 
8 42 
4 7 47 
42 33 
11 44 
46 
33 12 
35 
38 49 
9 17 
44 1 
48 
1 32 
3 
6 18 
32 
23 
47 
39 
49 34 
12 
36 
7 29 
18 
34 
41 
30 
17 
29 
24 
# clone tree 43 objective: 2.6742
0 10 
37 35 16 
45 37 
10 45 
16 13 2 
2 14 19 
19 28 
21 3 43 
28 21 
43 24 31 5 
5 48 11 40 
40 22 
14 39 23 26 
22 30 25 
26 27 
25 38 15 
27 6 20 
31 41 36 4 
15 8 
20 46 
13 9 
8 42 
4 7 47 
42 33 
11 44 
46 17 
33 12 
35 
38 49 
9 
44 1 
48 
1 32 
3 
6 18 
32 
23 
47 
39 
49 34 
12 
36 
7 29 
18 
34 
41 
30 
17 
29 
24 
# clone tree 44 objective: 2.67423
0 10 
37 35 16 
45 37 
10 45 
16 13 2 
2 14 19 
19 28 
21 3 43 
28 21 
43 31 5 
5 48 11 40 
40 22 
14 39 23 26 
22 30 25 
26 27 
25 38 15 
27 36 20 
31 4 
15 8 
20 47 46 
13 6 
8 42 
4 7 9 
42 33 
11 44 
46 
33 12 
35 41 
38 49 
9 17 
44 1 
48 
1 32 
3 
6 18 
32 
23 
47 
39 
49 34 
12 
36 24 
7 29 
18 
34 
41 
30 
17 
29 
24 
# clone tree 45 objective: 2.67443
0 10 
37 35 16 
45 37 
10 45 
16 13 2 
2 34 14 19 
19 28 
21 3 43 
28 21 
43 24 31 5 
5 48 11 40 
40 22 
14 39 23 26 
22 30 25 
26 27 
25 38 15 
27 6 20 
31 41 4 
15 8 
20 46 
13 7 36 
8 42 
4 49 9 
42 33 
11 44 
46 17 
33 12 
35 
38 47 
9 
44 32 
48 
1 
3 
6 18 
32 1 
23 
47 
39 
49 
12 
36 
7 29 
18 
34 
41 
30 
17 
29 
24 
# clone tree 46 objective: 2.67443
0 10 
37 35 16 
45 37 
10 45 
16 13 2 
2 34 14 19 
19 28 
21 3 43 
28 21 
43 24 31 5 
5 48 11 40 
40 22 
14 39 23 26 
22 30 25 
26 27 
25 38 15 
27 6 20 
31 41 4 
15 8 
20 46 
13 7 36 
8 42 
4 49 9 
42 33 
11 44 
46 
33 12 
35 
38 47 
9 17 
44 32 
48 
1 
3 
6 18 
32 1 
23 
47 
39 
49 
12 
36 
7 29 
18 
34 
41 
30 
17 
29 
24 
# clone tree 47 objective: 2.67447
0 10 
37 35 16 
45 37 
10 45 
16 13 2 
2 14 19 
19 28 
21 3 43 
28 21 
43 31 5 
5 48 11 40 
40 22 
14 39 23 26 
22 30 25 
26 27 
25 38 15 
27 36 20 
31 4 
15 8 
20 46 
13 41 6 
8 42 
4 7 9 
42 33 
11 44 
46 17 
33 12 
35 
38 49 
9 47 
44 1 
48 
1 32 
3 
6 18 
32 
23 
47 
39 
49 34 
12 
36 24 
7 29 
18 
34 
41 
30 
17 
29 
24 
# clone tree 48 objective: 2.67452
0 10 
37 35 16 
45 37 
10 45 
16 13 2 
2 34 14 19 
19 28 
21 3 43 
28 21 
43 24 31 5 
5 48 11 40 
40 22 
14 39 23 26 
22 30 25 
26 27 
25 38 15 
27 6 20 
31 4 
15 8 
20 46 
13 7 36 
8 42 
4 49 9 
42 33 
11 44 
46 
33 12 
35 41 
38 47 
9 17 
44 1 
48 
1 32 
3 
6 18 
32 
23 
47 
39 
49 
12 
36 
7 29 
18 
34 
41 
30 
17 
29 
24 
# clone tree 49 objective: 2.67452
0 10 
37 35 16 
45 37 
10 45 
16 13 2 
2 34 14 19 
19 28 
21 3 43 
28 21 
43 24 31 5 
5 48 11 40 
40 22 
14 39 23 26 
22 30 25 
26 27 
25 38 15 
27 6 20 
31 4 
15 8 
20 46 
13 7 36 
8 42 
4 49 9 
42 33 
11 44 
46 17 
33 12 
35 41 
38 47 
9 
44 1 
48 
1 32 
3 
6 18 
32 
23 
47 
39 
49 
12 
36 
7 29 
18 
34 
41 
30 
17 
29 
24 
# clone tree 50 objective: 2.67458
0 10 
37 35 16 
45 37 
10 45 
16 13 2 
2 14 19 
19 28 
21 3 43 
28 21 
43 31 5 
5 48 11 40 
40 22 
14 39 23 26 
22 30 25 
26 27 
25 38 15 
27 6 20 
31 4 
15 8 
20 46 
13 36 47 
8 42 
4 7 9 
42 33 
11 44 
46 17 
33 12 
35 41 
38 49 
9 
44 32 
48 
1 
3 
6 18 
32 1 
23 
47 
39 
49 34 
12 
36 24 
7 29 
18 
34 
41 
30 
17 
29 
24 
# clone tree 51 objective: 2.67458
0 10 
37 35 16 
45 37 
10 45 
16 13 2 
2 14 19 
19 28 
21 3 43 
28 21 
43 31 5 
5 48 11 40 
40 22 
14 39 23 26 
22 30 25 
26 27 
25 38 15 
27 6 20 
31 4 
15 8 
20 46 
13 36 47 
8 42 
4 7 9 
42 33 
11 44 
46 
33 12 
35 41 
38 49 
9 17 
44 32 
48 
1 
3 
6 18 
32 1 
23 
47 
39 
49 34 
12 
36 24 
7 29 
18 
34 
41 
30 
17 
29 
24 
# clone tree 52 objective: 2.67462
0 10 
37 35 16 
45 37 
10 45 
16 13 2 
2 34 14 19 
19 28 
21 3 43 
28 21 
43 31 5 
5 48 11 40 
40 22 
14 39 23 26 
22 30 25 
26 27 
25 38 15 
27 6 20 
31 41 4 
15 8 
20 46 
13 7 36 
8 42 
4 49 9 
42 33 
11 44 
46 17 
33 12 
35 
38 47 
9 
44 32 
48 
1 
3 
6 18 
32 1 
23 
47 
39 
49 
12 
36 24 
7 29 
18 
34 
41 
30 
17 
29 
24 
# clone tree 53 objective: 2.67462
0 10 
37 35 16 
45 37 
10 45 
16 13 2 
2 34 14 19 
19 28 
21 3 43 
28 21 
43 31 5 
5 48 11 40 
40 22 
14 39 23 26 
22 30 25 
26 27 
25 38 15 
27 6 20 
31 41 4 
15 8 
20 46 
13 7 36 
8 42 
4 49 9 
42 33 
11 44 
46 
33 12 
35 
38 47 
9 17 
44 32 
48 
1 
3 
6 18 
32 1 
23 
47 
39 
49 
12 
36 24 
7 29 
18 
34 
41 
30 
17 
29 
24 
# clone tree 54 objective: 2.67471
0 10 
37 35 16 
45 37 
10 45 
16 13 2 
2 34 14 19 
19 28 
21 3 43 
28 21 
43 31 5 
5 48 11 40 
40 22 
14 39 23 26 
22 30 25 
26 27 
25 38 15 
27 6 20 
31 4 
15 8 
20 46 
13 7 36 
8 42 
4 49 9 
42 33 
11 44 
46 17 
33 12 
35 41 
38 47 
9 
44 1 
48 
1 32 
3 
6 18 
32 
23 
47 
39 
49 
12 
36 24 
7 29 
18 
34 
41 
30 
17 
29 
24 
# clone tree 55 objective: 2.67471
0 10 
37 35 16 
45 37 
10 45 
16 13 2 
2 34 14 19 
19 28 
21 3 43 
28 21 
43 31 5 
5 48 11 40 
40 22 
14 39 23 26 
22 30 25 
26 27 
25 38 15 
27 6 20 
31 4 
15 8 
20 46 
13 7 36 
8 42 
4 49 9 
42 33 
11 44 
46 
33 12 
35 41 
38 47 
9 17 
44 1 
48 
1 32 
3 
6 18 
32 
23 
47 
39 
49 
12 
36 24 
7 29 
18 
34 
41 
30 
17 
29 
24 
# clone tree 56 objective: 2.67485
0 10 
37 35 16 
45 37 
10 45 
16 13 2 
2 14 19 
19 28 
21 3 43 
28 21 
43 24 31 5 
5 48 11 40 
40 22 
14 39 23 26 
22 30 25 
26 27 
25 38 15 
27 6 20 
31 41 4 
15 8 
20 46 
13 7 36 
8 42 
4 49 9 
42 33 
11 44 
46 
33 12 
35 
38 47 
9 17 
44 32 
48 
1 
3 
6 18 
32 1 
23 
47 
39 
49 34 
12 
36 
7 29 
18 
34 
41 
30 
17 
29 
24 
# clone tree 57 objective: 2.67485
0 10 
37 35 16 
45 37 
10 45 
16 13 2 
2 14 19 
19 28 
21 3 43 
28 21 
43 24 31 5 
5 48 11 40 
40 22 
14 39 23 26 
22 30 25 
26 27 
25 38 15 
27 6 20 
31 41 4 
15 8 
20 46 
13 7 36 
8 42 
4 49 9 
42 33 
11 44 
46 17 
33 12 
35 
38 47 
9 
44 32 
48 
1 
3 
6 18 
32 1 
23 
47 
39 
49 34 
12 
36 
7 29 
18 
34 
41 
30 
17 
29 
24 
# clone tree 58 objective: 2.67489
0 10 
37 35 16 
45 37 
10 45 
16 13 2 
2 34 14 19 
19 28 
21 3 43 
28 21 
43 31 5 
5 48 11 40 
40 22 
14 39 23 26 
22 30 25 
26 27 
25 38 15 
27 36 20 
31 4 
15 8 
20 47 46 
13 41 6 
8 42 
4 7 9 
42 33 
11 44 
46 17 
33 12 
35 
38 49 
9 
44 32 
48 
1 
3 
6 18 
32 1 
23 
47 
39 
49 
12 
36 24 
7 29 
18 
34 
41 
30 
17 
29 
24 
# clone tree 59 objective: 2.67489
0 10 
37 35 16 
45 37 
10 45 
16 13 2 
2 34 14 19 
19 28 
21 3 43 
28 21 
43 31 5 
5 48 11 40 
40 22 
14 39 23 26 
22 30 25 
26 27 
25 38 15 
27 36 20 
31 41 4 
15 8 
20 47 46 
13 6 
8 42 
4 7 9 
42 33 
11 44 
46 17 
33 12 
35 
38 49 
9 
44 32 
48 
1 
3 
6 18 
32 1 
23 
47 
39 
49 
12 
36 24 
7 29 
18 
34 
41 
30 
17 
29 
24 
# clone tree 60 objective: 2.67493
0 10 
37 3 16 
45 37 
10 45 
16 13 2 
2 34 14 19 
19 28 
21 47 43 
28 21 
43 31 5 
5 48 11 40 
40 22 
14 39 23 26 
22 30 25 
26 27 
25 38 15 
27 6 20 
31 41 4 
15 8 
20 46 
13 36 35 
8 42 
4 7 9 
42 33 
11 44 
46 17 
33 12 
35 
38 49 
9 
44 32 
48 
1 
3 
6 18 
32 1 
23 
47 
39 
49 
12 
36 24 
7 29 
18 
34 
41 
30 
17 
29 
24 
# clone tree 61 objective: 2.67493
0 10 
37 3 16 
45 37 
10 45 
16 13 2 
2 34 14 19 
19 28 
21 47 43 
28 21 
43 31 5 
5 48 11 40 
40 22 
14 39 23 26 
22 30 25 
26 27 
25 38 15 
27 6 20 
31 41 4 
15 8 
20 46 
13 36 35 
8 42 
4 7 9 
42 33 
11 44 
46 
33 12 
35 
38 49 
9 17 
44 32 
48 
1 
3 
6 18 
32 1 
23 
47 
39 
49 
12 
36 24 
7 29 
18 
34 
41 
30 
17 
29 
24 
# clone tree 62 objective: 2.67494
0 10 
37 35 16 
45 37 
10 45 
16 13 2 
2 14 19 
19 28 
21 3 43 
28 21 
43 24 31 5 
5 48 11 40 
40 22 
14 39 23 26 
22 30 25 
26 27 
25 38 15 
27 6 20 
31 4 
15 8 
20 46 
13 7 36 
8 42 
4 49 9 
42 33 
11 44 
46 17 
33 12 
35 41 
38 47 
9 
44 1 
48 
1 32 
3 
6 18 
32 
23 
47 
39 
49 34 
12 
36 
7 29 
18 
34 
41 
30 
17 
29 
24 
# clone tree 63 objective: 2.67494
0 10 
37 35 16 
45 37 
10 45 
16 13 2 
2 14 19 
19 28 
21 3 43 
28 21 
43 24 31 5 
5 48 11 40 
40 22 
14 39 23 26 
22 30 25 
26 27 
25 38 15 
27 6 20 
31 4 
15 8 
20 46 
13 7 36 
8 42 
4 49 9 
42 33 
11 44 
46 
33 12 
35 41 
38 47 
9 17 
44 1 
48 
1 32 
3 
6 18 
32 
23 
47 
39 
49 34 
12 
36 
7 29 
18 
34 
41 
30 
17 
29 
24 
# clone tree 64 objective: 2.67499
0 10 
37 35 16 
45 37 
10 45 
16 13 2 
2 34 14 19 
19 28 
21 3 43 
28 21 
43 31 5 
5 48 11 40 
40 22 
14 39 23 26 
22 30 25 
26 27 
25 38 15 
27 36 20 
31 4 
15 8 
20 47 46 
13 6 
8 42 
4 7 9 
42 33 
11 44 
46 17 
33 12 
35 41 
38 49 
9 
44 1 
48 
1 32 
3 
6 18 
32 
23 
47 
39 
49 
12 
36 24 
7 29 
18 
34 
41 
30 
17 
29 
24 
# clone tree 65 objective: 2.675
0 10 
37 35 16 
45 37 
10 45 
16 13 2 
2 34 14 19 
19 28 
21 47 3 43 
28 21 
43 31 5 
5 48 11 40 
40 22 
14 39 23 26 
22 30 25 
26 27 
25 38 15 
27 36 20 
31 4 
15 8 
20 46 
13 41 6 
8 42 
4 7 9 
42 33 
11 44 
46 
33 12 
35 
38 49 
9 17 
44 1 
48 
1 32 
3 
6 18 
32 
23 
47 
39 
49 
12 
36 24 
7 29 
18 
34 
41 
30 
17 
29 
24 
# clone tree 66 objective: 2.675
0 10 
37 35 16 
45 37 
10 45 
16 13 2 
2 34 14 19 
19 28 
21 3 43 
28 21 
43 31 5 
5 48 11 40 
40 22 
14 39 23 26 
22 30 25 
26 27 
25 38 15 
27 36 20 
31 4 
15 8 
20 47 46 
13 6 
8 42 
4 7 9 
42 33 
11 44 
46 
33 12 
35 41 
38 49 
9 17 
44 32 
48 
1 
3 
6 18 
32 1 
23 
47 
39 
49 
12 
36 24 
7 29 
18 
34 
41 
30 
17 
29 
24 
# clone tree 67 objective: 2.675
0 10 
37 35 16 
45 37 
10 45 
16 13 2 
2 34 14 19 
19 28 
21 47 3 43 
28 21 
43 31 5 
5 48 11 40 
40 22 
14 39 23 26 
22 30 25 
26 27 
25 38 15 
27 36 20 
31 41 4 
15 8 
20 46 
13 6 
8 42 
4 7 9 
42 33 
11 44 
46 
33 12 
35 
38 49 
9 17 
44 1 
48 
1 32 
3 
6 18 
32 
23 
47 
39 
49 
12 
36 24 
7 29 
18 
34 
41 
30 
17 
29 
24 
# clone tree 68 objective: 2.67502
0 10 
37 3 16 
45 37 
10 45 
16 13 2 
2 34 14 19 
19 28 
21 47 43 
28 21 
43 31 5 
5 48 11 40 
40 22 
14 39 23 26 
22 30 25 
26 27 
25 38 15 
27 6 20 
31 4 
15 8 
20 46 
13 36 35 
8 42 
4 7 9 
42 33 
11 44 
46 
33 12 
35 41 
38 49 
9 17 
44 1 
48 
1 32 
3 
6 18 
32 
23 
47 
39 
49 
12 
36 24 
7 29 
18 
34 
41 
30 
17 
29 
24 
# clone tree 69 objective: 2.67502
0 10 
37 3 16 
45 37 
10 45 
16 13 2 
2 34 14 19 
19 28 
21 47 43 
28 21 
43 31 5 
5 48 11 40 
40 22 
14 39 23 26 
22 30 25 
26 27 
25 38 15 
27 6 20 
31 4 
15 8 
20 46 
13 36 35 
8 42 
4 7 9 
42 33 
11 44 
46 17 
33 12 
35 41 
38 49 
9 
44 1 
48 
1 32 
3 
6 18 
32 
23 
47 
39 
49 
12 
36 24 
7 29 
18 
34 
41 
30 
17 
29 
24 
# clone tree 70 objective: 2.67504
0 10 
37 35 16 
45 37 
10 45 
16 13 2 
2 14 19 
19 28 
21 3 43 
28 21 
43 31 5 
5 48 11 40 
40 22 
14 39 23 26 
22 30 25 
26 27 
25 38 15 
27 6 20 
31 41 4 
15 8 
20 46 
13 7 36 
8 42 
4 49 9 
42 33 
11 44 
46 17 
33 12 
35 
38 47 
9 
44 32 
48 
1 
3 
6 18 
32 1 
23 
47 
39 
49 34 
12 
36 24 
7 29 
18 
34 
41 
30 
17 
29 
24 
# clone tree 71 objective: 2.67504
0 10 
37 35 16 
45 37 
10 45 
16 13 2 
2 14 19 
19 28 
21 3 43 
28 21 
43 31 5 
5 48 11 40 
40 22 
14 39 23 26 
22 30 25 
26 27 
25 38 15 
27 6 20 
31 41 4 
15 8 
20 46 
13 7 36 
8 42 
4 49 9 
42 33 
11 44 
46 
33 12 
35 
38 47 
9 17 
44 32 
48 
1 
3 
6 18 
32 1 
23 
47 
39 
49 34 
12 
36 24 
7 29 
18 
34 
41 
30 
17 
29 
24 
# clone tree 72 objective: 2.67512
0 10 
37 35 16 
45 37 
10 45 
16 13 2 
2 14 19 
19 28 
21 3 43 
28 21 
43 31 5 
5 48 11 40 
40 22 
14 39 23 26 
22 30 25 
26 27 
25 38 15 
27 6 20 
31 36 4 
15 8 
20 46 
13 41 9 
8 42 
4 7 47 
42 33 
11 44 
46 17 
33 12 
35 
38 49 
9 
44 1 
48 
1 32 
3 
6 18 
32 
23 
47 
39 
49 34 
12 
36 24 
7 29 
18 
34 
41 
30 
17 
29 
24 
# clone tree 73 objective: 2.67512
0 10 
37 35 16 
45 37 
10 45 
16 13 2 
2 14 19 
19 28 
21 3 43 
28 21 
43 31 5 
5 48 11 40 
40 22 
14 39 23 26 
22 30 25 
26 27 
25 38 15 
27 6 20 
31 36 4 
15 8 
20 46 
13 41 9 
8 42 
4 7 47 
42 33 
11 44 
46 
33 12 
35 
38 49 
9 17 
44 1 
48 
1 32 
3 
6 18 
32 
23 
47 
39 
49 34 
12 
36 24 
7 29 
18 
34 
41 
30 
17 
29 
24 
# clone tree 74 objective: 2.67512
0 10 
37 35 16 
45 37 
10 45 
16 13 2 
2 14 19 
19 28 
21 3 43 
28 21 
43 31 5 
5 48 11 40 
40 22 
14 39 23 26 
22 30 25 
26 27 
25 38 15 
27 6 20 
31 41 36 4 
15 8 
20 46 
13 9 
8 42 
4 7 47 
42 33 
11 44 
46 17 
33 12 
35 
38 49 
9 
44 1 
48 
1 32 
3 
6 18 
32 
23 
47 
39 
49 34 
12 
36 24 
7 29 
18 
34 
41 
30 
17 
29 
24 
# clone tree 75 objective: 2.67512
0 10 
37 35 16 
45 37 
10 45 
16 13 2 
2 14 19 
19 28 
21 3 43 
28 21 
43 31 5 
5 48 11 40 
40 22 
14 39 23 26 
22 30 25 
26 27 
25 38 15 
27 6 20 
31 41 36 4 
15 8 
20 46 
13 9 
8 42 
4 7 47 
42 33 
11 44 
46 
33 12 
35 
38 49 
9 17 
44 1 
48 
1 32 
3 
6 18 
32 
23 
47 
39 
49 34 
12 
36 24 
7 29 
18 
34 
41 
30 
17 
29 
24 
# clone tree 76 objective: 2.67513
0 10 
37 35 16 
45 37 
10 45 
16 13 2 
2 14 19 
19 28 
21 3 43 
28 21 
43 31 5 
5 48 11 40 
40 22 
14 39 23 26 
22 30 25 
26 27 
25 38 15 
27 6 20 
31 4 
15 8 
20 46 
13 7 36 
8 42 
4 49 9 
42 33 
11 44 
46 
33 12 
35 41 
38 47 
9 17 
44 1 
48 
1 32 
3 
6 18 
32 
23 
47 
39 
49 34 
12 
36 24 
7 29 
18 
34 
41 
30 
17 
29 
24 
# clone tree 77 objective: 2.67513
0 10 
37 35 16 
45 37 
10 45 
16 13 2 
2 14 19 
19 28 
21 3 43 
28 21 
43 31 5 
5 48 11 40 
40 22 
14 39 23 26 
22 30 25 
26 27 
25 38 15 
27 6 20 
31 4 
15 8 
20 46 
13 7 36 
8 42 
4 49 9 
42 33 
11 44 
46 17 
33 12 
35 41 
38 47 
9 
44 1 
48 
1 32 
3 
6 18 
32 
23 
47 
39 
49 34 
12 
36 24 
7 29 
18 
34 
41 
30 
17 
29 
24 
# clone tree 78 objective: 2.67524
0 10 
37 35 16 
45 37 
10 45 
16 13 2 
2 34 14 19 
19 28 
21 3 43 
28 21 
43 31 5 
5 48 11 40 
40 22 
14 39 23 26 
22 30 25 
26 27 
25 38 15 
27 36 20 
31 4 
15 8 
20 46 
13 41 6 
8 42 
4 7 9 
42 33 
11 44 
46 17 
33 12 
35 
38 49 
9 47 
44 32 
48 
1 
3 
6 18 
32 1 
23 
47 
39 
49 
12 
36 24 
7 29 
18 
34 
41 
30 
17 
29 
24 
# clone tree 79 objective: 2.67531
0 10 
37 35 16 
45 37 
10 45 
16 13 2 
2 14 19 
19 28 
21 3 43 
28 21 
43 31 5 
5 48 11 40 
40 22 
14 39 23 26 
22 30 25 
26 27 
25 38 15 
27 6 20 
31 4 
15 8 
20 34 46 
13 41 36 47 
8 42 
4 7 9 
42 33 
11 44 
46 17 
33 12 
35 
38 49 
9 
44 32 
48 
1 
3 
6 18 
32 1 
23 
47 
39 
49 
12 
36 24 
7 29 
18 
34 
41 
30 
17 
29 
24 
# clone tree 80 objective: 2.67531
0 10 
37 35 16 
45 37 
10 45 
16 13 2 
2 14 19 
19 28 
21 3 43 
28 21 
43 31 5 
5 48 11 40 
40 22 
14 39 23 26 
22 30 25 
26 27 
25 38 15 
27 6 20 
31 4 
15 8 
20 34 46 
13 41 36 47 
8 42 
4 7 9 
42 33 
11 44 
46 
33 12 
35 
38 49 
9 17 
44 32 
48 
1 
3 
6 18 
32 1 
23 
47 
39 
49 
12 
36 24 
7 29 
18 
34 
41 
30 
17 
29 
24 
# clone tree 81 objective: 2.67531
0 10 
37 35 16 
45 37 
10 45 
16 13 2 
2 14 19 
19 28 
21 3 43 
28 21 
43 31 5 
5 48 11 40 
40 22 
14 39 23 26 
22 30 25 
26 27 
25 38 15 
27 6 20 
31 41 4 
15 8 
20 34 46 
13 36 47 
8 42 
4 7 9 
42 33 
11 44 
46 17 
33 12 
35 
38 49 
9 
44 32 
48 
1 
3 
6 18 
32 1 
23 
47 
39 
49 
12 
36 24 
7 29 
18 
34 
41 
30 
17 
29 
24 
# clone tree 82 objective: 2.67531
0 10 
37 35 16 
45 37 
10 45 
16 13 2 
2 14 19 
19 28 
21 3 43 
28 21 
43 31 5 
5 48 11 40 
40 22 
14 39 23 26 
22 30 25 
26 27 
25 38 15 
27 6 20 
31 41 4 
15 8 
20 34 46 
13 36 47 
8 42 
4 7 9 
42 33 
11 44 
46 
33 12 
35 
38 49 
9 17 
44 32 
48 
1 
3 
6 18 
32 1 
23 
47 
39 
49 
12 
36 24 
7 29 
18 
34 
41 
30 
17 
29 
24 
# clone tree 83 objective: 2.67531
0 10 
37 35 16 
45 37 
10 45 
16 13 2 
2 14 19 
19 28 
21 3 43 
28 21 
43 31 5 
5 48 11 40 
40 22 
14 39 23 26 
22 30 25 
26 27 
25 38 15 
27 36 20 
31 41 4 
15 8 
20 47 46 
13 6 
8 42 
4 7 9 
42 33 
11 44 
46 17 
33 12 
35 
38 49 
9 
44 32 
48 
1 
3 
6 18 
32 1 
23 
47 
39 
49 34 
12 
36 24 
7 29 
18 
34 
41 
30 
17 
29 
24 
# clone tree 84 objective: 2.67531
0 10 
37 35 16 
45 37 
10 45 
16 13 2 
2 14 19 
19 28 
21 3 43 
28 21 
43 31 5 
5 48 11 40 
40 22 
14 39 23 26 
22 30 25 
26 27 
25 38 15 
27 36 20 
31 4 
15 8 
20 47 46 
13 41 6 
8 42 
4 7 9 
42 33 
11 44 
46 17 
33 12 
35 
38 49 
9 
44 32 
48 
1 
3 
6 18 
32 1 
23 
47 
39 
49 34 
12 
36 24 
7 29 
18 
34 
41 
30 
17 
29 
24 
# clone tree 85 objective: 2.67533
0 10 
37 35 16 
45 37 
10 45 
16 13 2 
2 34 14 19 
19 28 
21 3 43 
28 21 
43 31 5 
5 48 11 40 
40 22 
14 39 23 26 
22 30 25 
26 27 
25 38 15 
27 36 20 
31 4 
15 8 
20 46 
13 6 
8 42 
4 7 9 
42 33 
11 44 
46 17 
33 12 
35 41 
38 49 
9 47 
44 1 
48 
1 32 
3 
6 18 
32 
23 
47 
39 
49 
12 
36 24 
7 29 
18 
34 
41 
30 
17 
29 
24 
# clone tree 86 objective: 2.67534
0 10 
37 3 16 
45 37 
10 45 
16 13 2 
2 14 19 
19 28 
21 47 43 
28 21 
43 31 5 
5 48 11 40 
40 22 
14 39 23 26 
22 30 25 
26 27 
25 38 15 
27 6 20 
31 41 4 
15 8 
20 46 
13 36 35 
8 42 
4 7 9 
42 33 
11 44 
46 
33 12 
35 
38 49 
9 17 
44 32 
48 
1 
3 
6 18 
32 1 
23 
47 
39 
49 34 
12 
36 24 
7 29 
18 
34 
41 
30 
17 
29 
24 
# clone tree 87 objective: 2.67534
0 10 
37 3 16 
45 37 
10 45 
16 13 2 
2 14 19 
19 28 
21 47 43 
28 21 
43 31 5 
5 48 11 40 
40 22 
14 39 23 26 
22 30 25 
26 27 
25 38 15 
27 6 20 
31 41 4 
15 8 
20 46 
13 36 35 
8 42 
4 7 9 
42 33 
11 44 
46 17 
33 12 
35 
38 49 
9 
44 32 
48 
1 
3 
6 18 
32 1 
23 
47 
39 
49 34 
12 
36 24 
7 29 
18 
34 
41 
30 
17 
29 
24 
# clone tree 88 objective: 2.6754
0 10 
37 35 16 
45 37 
10 45 
16 13 2 
2 14 19 
19 28 
21 3 43 
28 21 
43 31 5 
5 48 11 40 
40 22 
14 39 23 26 
22 30 25 
26 27 
25 38 15 
27 6 20 
31 4 
15 8 
20 34 46 
13 36 47 
8 42 
4 7 9 
42 33 
11 44 
46 
33 12 
35 41 
38 49 
9 17 
44 1 
48 
1 32 
3 
6 18 
32 
23 
47 
39 
49 
12 
36 24 
7 29 
18 
34 
41 
30 
17 
29 
24 
# clone tree 89 objective: 2.6754
0 10 
37 35 16 
45 37 
10 45 
16 13 2 
2 14 19 
19 28 
21 3 43 
28 21 
43 31 5 
5 48 11 40 
40 22 
14 39 23 26 
22 30 25 
26 27 
25 38 15 
27 6 20 
31 4 
15 8 
20 34 46 
13 36 47 
8 42 
4 7 9 
42 33 
11 44 
46 17 
33 12 
35 41 
38 49 
9 
44 1 
48 
1 32 
3 
6 18 
32 
23 
47 
39 
49 
12 
36 24 
7 29 
18 
34 
41 
30 
17 
29 
24 
# clone tree 90 objective: 2.6754
0 10 
37 35 16 
45 37 
10 45 
16 13 2 
2 14 19 
19 28 
21 3 43 
28 21 
43 31 5 
5 48 11 40 
40 22 
14 39 23 26 
22 30 25 
26 27 
25 38 15 
27 36 20 
31 4 
15 8 
20 47 46 
13 6 
8 42 
4 7 9 
42 33 
11 44 
46 17 
33 12 
35 41 
38 49 
9 
44 1 
48 
1 32 
3 
6 18 
32 
23 
47 
39 
49 34 
12 
36 24 
7 29 
18 
34 
41 
30 
17 
29 
24 
# clone tree 91 objective: 2.67541
0 10 
37 35 16 
45 37 
10 45 
16 13 2 
2 14 19 
19 28 
21 3 43 
28 21 
43 31 5 
5 48 11 40 
40 22 
14 39 23 26 
22 30 25 
26 27 
25 38 15 
27 36 20 
31 4 
15 8 
20 47 46 
13 6 
8 42 
4 7 9 
42 33 
11 44 
46 
33 12 
35 41 
38 49 
9 17 
44 32 
48 
1 
3 
6 18 
32 1 
23 
47 
39 
49 34 
12 
36 24 
7 29 
18 
34 
41 
30 
17 
29 
24 
# clone tree 92 objective: 2.67541
0 10 
37 35 16 
45 37 
10 45 
16 13 2 
2 14 19 
19 28 
21 47 3 43 
28 21 
43 31 5 
5 48 11 40 
40 22 
14 39 23 26 
22 30 25 
26 27 
25 38 15 
27 36 20 
31 4 
15 8 
20 46 
13 41 6 
8 42 
4 7 9 
42 33 
11 44 
46 
33 12 
35 
38 49 
9 17 
44 1 
48 
1 32 
3 
6 18 
32 
23 
47 
39 
49 34 
12 
36 24 
7 29 
18 
34 
41 
30 
17 
29 
24 
# clone tree 93 objective: 2.67541
0 10 
37 35 16 
45 37 
10 45 
16 13 2 
2 14 19 
19 28 
21 47 3 43 
28 21 
43 31 5 
5 48 11 40 
40 22 
14 39 23 26 
22 30 25 
26 27 
25 38 15 
27 36 20 
31 41 4 
15 8 
20 46 
13 6 
8 42 
4 7 9 
42 33 
11 44 
46 
33 12 
35 
38 49 
9 17 
44 1 
48 
1 32 
3 
6 18 
32 
23 
47 
39 
49 34 
12 
36 24 
7 29 
18 
34 
41 
30 
17 
29 
24 
# clone tree 94 objective: 2.67544
0 10 
37 3 16 
45 37 
10 45 
16 13 2 
2 14 19 
19 28 
21 47 43 
28 21 
43 31 5 
5 48 11 40 
40 22 
14 39 23 26 
22 30 25 
26 27 
25 38 15 
27 6 20 
31 4 
15 8 
20 46 
13 36 35 
8 42 
4 7 9 
42 33 
11 44 
46 17 
33 12 
35 41 
38 49 
9 
44 1 
48 
1 32 
3 
6 18 
32 
23 
47 
39 
49 34 
12 
36 24 
7 29 
18 
34 
41 
30 
17 
29 
24 
# clone tree 95 objective: 2.67544
0 10 
37 3 16 
45 37 
10 45 
16 13 2 
2 14 19 
19 28 
21 47 43 
28 21 
43 31 5 
5 48 11 40 
40 22 
14 39 23 26 
22 30 25 
26 27 
25 38 15 
27 6 20 
31 4 
15 8 
20 46 
13 36 35 
8 42 
4 7 9 
42 33 
11 44 
46 
33 12 
35 41 
38 49 
9 17 
44 1 
48 
1 32 
3 
6 18 
32 
23 
47 
39 
49 34 
12 
36 24 
7 29 
18 
34 
41 
30 
17 
29 
24 
# clone tree 96 objective: 2.67551
0 10 
37 35 16 
45 37 
10 45 
16 13 2 
2 14 19 
19 28 
21 3 43 
28 21 
43 31 5 
5 48 11 40 
40 22 
14 39 23 26 
22 30 25 
26 27 
25 38 15 
27 36 20 
31 41 4 
15 8 
20 46 
13 47 6 
8 42 
4 7 9 
42 33 
11 44 
46 
33 12 
35 
38 49 
9 17 
44 1 
48 
1 32 
3 
6 18 
32 
23 
47 
39 
49 34 
12 
36 24 
7 29 
18 
34 
41 
30 
17 
29 
24 
# clone tree 97 objective: 2.67551
0 10 
37 35 16 
45 37 
10 45 
16 13 2 
2 14 19 
19 28 
21 3 43 
28 21 
43 31 5 
5 48 11 40 
40 22 
14 39 23 26 
22 30 25 
26 27 
25 38 15 
27 36 20 
31 4 
15 8 
20 46 
13 41 47 6 
8 42 
4 7 9 
42 33 
11 44 
46 
33 12 
35 
38 49 
9 17 
44 1 
48 
1 32 
3 
6 18 
32 
23 
47 
39 
49 34 
12 
36 24 
7 29 
18 
34 
41 
30 
17 
29 
24 
# clone tree 98 objective: 2.67566
0 10 
37 35 16 
45 37 
10 45 
16 13 2 
2 14 19 
19 28 
21 3 43 
28 21 
43 31 5 
5 48 11 40 
40 22 
14 39 23 26 
22 30 25 
26 27 
25 38 15 
27 36 20 
31 4 
15 8 
20 46 
13 41 6 
8 42 
4 7 9 
42 33 
11 44 
46 17 
33 12 
35 
38 49 
9 47 
44 32 
48 
1 
3 
6 18 
32 1 
23 
47 
39 
49 34 
12 
36 24 
7 29 
18 
34 
41 
30 
17 
29 
24 
# clone tree 99 objective: 2.67566
0 10 
37 35 16 
45 37 
10 45 
16 13 2 
2 14 19 
19 28 
21 3 43 
28 21 
43 24 31 5 
5 48 11 40 
40 22 
14 39 23 26 
22 30 25 
26 27 
25 38 15 
27 6 20 
31 41 4 
15 8 
20 34 46 
13 7 36 
8 42 
4 49 9 
42 33 
11 44 
46 
33 12 
35 
38 47 
9 17 
44 1 
48 
1 32 
3 
6 18 
32 
23 
47 
39 
49 
12 
36 
7 29 
18 
34 
41 
30 
17 
29 
24 
