# clone tree 0 objective: 1.93428
0 33 24 42 13 37 
37 38 14 31 
31 6 35 21 
21 27 23 39 
39 15 34 44 
8 16 
44 30 8 
16 47 5 40 
40 17 46 
36 28 
46 36 
17 18 32 
28 41 
41 1 
13 29 
32 4 
1 10 
18 43 49 
14 12 3 
29 9 26 
4 7 
34 20 
5 45 2 48 
10 25 
15 19 11 
30 
47 
25 
35 
7 
26 
23 
42 
24 
33 
9 
11 
3 
48 
49 
27 
19 22 
6 
12 
2 
43 
20 
22 
38 
45 
# clone tree 1 objective: 1.93428
0 33 24 42 13 37 
37 2 14 31 
31 6 35 21 
21 27 23 39 
39 15 34 44 
8 16 
44 30 8 
16 47 5 40 
40 17 46 
36 28 
46 36 
17 18 32 
28 41 
41 1 
13 29 
32 4 
1 38 10 
18 43 49 
14 20 12 3 
29 9 26 
4 7 
34 
5 45 48 
10 25 
15 19 11 
30 
47 
25 
35 
7 
26 
23 
42 
24 
33 
9 
11 
3 
48 
49 
27 
19 22 
6 
12 
2 
43 
20 
22 
38 
45 
# clone tree 2 objective: 1.93428
0 33 24 42 13 37 
37 14 31 
31 6 35 21 
21 27 23 39 
39 15 34 44 
8 16 
44 30 8 
16 47 5 40 
40 17 46 
36 28 
46 36 
17 18 32 
28 41 
41 1 
13 29 
32 4 
1 38 10 
18 43 49 
14 20 12 3 
29 9 26 
4 7 
34 
5 45 2 48 
10 25 
15 19 
30 
47 
25 11 
35 
7 
26 
23 
42 
24 
33 
9 
11 
3 
48 
49 
27 
19 22 
6 
12 
2 
43 
20 
22 
38 
45 
# clone tree 3 objective: 1.93428
0 33 24 42 13 37 
37 2 14 31 
31 6 35 21 
21 27 23 39 
39 15 34 44 
8 16 
44 38 30 8 
16 47 5 40 
40 17 46 
36 28 
46 36 
17 18 32 
28 41 
41 1 
13 29 
32 4 
1 10 
18 43 49 
14 20 12 3 
29 9 26 
4 7 
34 
5 45 48 
10 25 
15 19 11 
30 
47 
25 
35 
7 
26 
23 
42 
24 
33 
9 
11 
3 
48 
49 
27 
19 22 
6 
12 
2 
43 
20 
22 
38 
45 
# clone tree 4 objective: 1.93428
0 33 24 42 13 37 
37 2 14 31 
31 6 35 21 
21 27 23 39 
39 15 34 44 
8 16 
44 30 8 
16 47 5 40 
40 17 46 
36 28 
46 36 
17 18 32 
28 41 
41 1 
13 29 
32 4 
1 38 10 
18 43 49 
14 12 3 
29 9 26 
4 7 
34 20 
5 45 48 
10 25 
15 19 11 
30 
47 
25 
35 
7 
26 
23 
42 
24 
33 
9 
11 
3 
48 
49 
27 
19 22 
6 
12 
2 
43 
20 
22 
38 
45 
# clone tree 5 objective: 1.93428
0 33 24 42 13 37 
37 14 31 
31 6 35 21 
21 27 23 39 
39 15 34 44 
8 16 
44 30 8 
16 47 5 40 
40 17 46 
36 28 
46 36 
17 18 32 
28 41 
41 1 
13 29 
32 4 
1 38 10 
18 43 49 
14 12 3 
29 9 26 
4 7 
34 20 
5 45 2 48 
10 25 
15 19 
30 
47 
25 11 
35 
7 
26 
23 
42 
24 
33 
9 
11 
3 
48 
49 
27 
19 22 
6 
12 
2 
43 
20 
22 
38 
45 
# clone tree 6 objective: 1.93428
0 33 24 42 13 37 
37 38 2 14 31 
31 6 35 21 
21 27 23 39 
39 15 34 44 
8 16 
44 30 8 
16 47 5 40 
40 17 46 
36 28 
46 36 
17 18 32 
28 41 
41 1 
13 29 
32 4 
1 10 
18 43 49 
14 20 12 3 
29 9 26 
4 7 
34 
5 45 48 
10 25 
15 19 
30 
47 
25 11 
35 
7 
26 
23 
42 
24 
33 
9 
11 
3 
48 
49 
27 
19 22 
6 
12 
2 
43 
20 
22 
38 
45 
# clone tree 7 objective: 1.93428
0 33 24 42 13 37 
37 2 14 31 
31 6 35 21 
21 27 23 39 
39 15 34 44 
8 16 
44 38 30 8 
16 47 5 40 
40 17 46 
36 28 
46 36 
17 18 32 
28 41 
41 1 
13 29 
32 4 
1 10 
18 43 49 
14 12 3 
29 9 26 
4 7 
34 20 
5 45 48 
10 25 
15 19 
30 
47 
25 11 
35 
7 
26 
23 
42 
24 
33 
9 
11 
3 
48 
49 
27 
19 22 
6 
12 
2 
43 
20 
22 
38 
45 
# clone tree 8 objective: 1.93428
0 33 24 42 13 37 
37 38 14 31 
31 6 35 21 
21 27 23 39 
39 15 34 44 
8 16 
44 30 8 
16 47 5 40 
40 17 46 
36 28 
46 36 
17 18 32 
28 41 
41 1 
13 29 
32 4 
1 10 
18 43 49 
14 20 12 3 
29 9 26 
4 7 
34 
5 45 2 48 
10 25 
15 19 11 
30 
47 
25 
35 
7 
26 
23 
42 
24 
33 
9 
11 
3 
48 
49 
27 
19 22 
6 
12 
2 
43 
20 
22 
38 
45 
# clone tree 9 objective: 1.93428
0 33 24 42 13 37 
37 38 2 14 31 
31 6 35 21 
21 27 23 39 
39 15 34 44 
8 16 
44 30 8 
16 47 5 40 
40 17 46 
36 28 
46 36 
17 18 32 
28 41 
41 1 
13 29 
32 4 
1 10 
18 43 49 
14 12 3 
29 9 26 
4 7 
34 20 
5 45 48 
10 25 
15 19 11 
30 
47 
25 
35 
7 
26 
23 
42 
24 
33 
9 
11 
3 
48 
49 
27 
19 22 
6 
12 
2 
43 
20 
22 
38 
45 
