# clone tree 0 objective: 1.69939
0 18 43 15 
15 33 22 39 10 27 
27 23 46 
46 2 44 
10 29 13 
44 32 1 
13 4 7 
2 38 
1 45 
38 42 8 
7 26 
26 48 34 
45 30 6 
6 17 
43 5 
8 19 
34 41 
17 21 
19 3 
5 37 
39 31 
37 36 
41 28 
32 11 
22 14 
42 9 
3 16 
21 47 
28 49 35 
23 
18 20 
4 12 
14 40 
11 
20 25 
33 24 
29 
30 
31 
36 
16 
9 
24 
12 
48 
47 
40 
35 
49 
25 
# clone tree 1 objective: 1.69939
0 25 18 43 15 
15 33 22 39 10 27 
27 23 46 
46 2 44 
10 29 13 
44 32 1 
13 4 7 
2 38 
1 45 
38 42 8 
7 26 
26 48 34 
45 30 6 
6 17 
43 5 
8 19 
34 41 
17 21 
19 3 
5 37 
39 31 
37 36 
41 28 
32 11 
22 14 
42 9 
3 16 
21 47 
28 49 35 
23 
18 20 
4 12 
14 40 
11 
20 
33 24 
29 
30 
31 
36 
16 
9 
24 
12 
48 
47 
40 
35 
49 
25 
# clone tree 2 objective: 1.70017
0 25 18 43 15 
15 33 22 39 10 27 
27 23 46 
46 2 44 
10 29 13 
44 32 1 
13 4 7 
2 38 
1 45 
38 42 8 
7 26 
26 48 34 
45 30 6 
6 17 
43 5 
8 19 
34 41 
17 21 
19 3 
5 37 
39 31 
37 36 
41 28 
32 11 
22 24 14 
42 9 
3 16 
21 47 
28 49 35 
23 
18 20 
4 12 
14 40 
11 
20 
33 
29 
30 
31 
36 
16 
9 
24 
12 
48 
47 
40 
35 
49 
25 
# clone tree 3 objective: 1.70017
0 18 43 15 
15 33 22 39 10 27 
27 23 46 
46 2 44 
10 29 13 
44 32 1 
13 4 7 
2 38 
1 45 
38 42 8 
7 26 
26 48 34 
45 30 6 
6 17 
43 5 
8 19 
34 41 
17 21 
19 3 
5 37 
39 31 
37 36 
41 28 
32 11 
22 24 14 
42 9 
3 16 
21 47 
28 49 35 
23 
18 20 
4 12 
14 40 
11 
20 25 
33 
29 
30 
31 
36 
16 
9 
24 
12 
48 
47 
40 
35 
49 
25 
# clone tree 4 objective: 1.70057
0 25 20 43 15 
15 33 22 39 10 27 
27 23 46 
46 2 44 
10 29 13 
44 32 1 
13 4 7 
2 38 
1 45 
38 42 8 
7 26 
26 12 34 
45 30 6 
6 17 
43 5 
8 19 
34 41 
17 21 
19 3 
5 37 
39 40 48 24 
37 36 
41 28 
32 11 
22 14 
42 9 
3 16 
21 18 
28 49 47 
23 
18 
4 31 
14 35 
11 
20 
33 
29 
30 
31 
36 
16 
9 
24 
12 
48 
47 
40 
35 
49 
25 
# clone tree 5 objective: 1.70057
0 20 43 15 
15 33 22 39 10 27 
27 23 46 
46 2 44 
10 29 13 
44 32 1 
13 4 7 
2 38 
1 45 
38 42 8 
7 26 
26 12 34 
45 30 6 
6 17 
43 5 
8 19 
34 41 
17 21 
19 3 
5 37 
39 40 48 24 
37 36 
41 28 
32 11 
22 14 
42 9 
3 16 
21 18 
28 49 47 
23 
18 25 
4 31 
14 35 
11 
20 
33 
29 
30 
31 
36 
16 
9 
24 
12 
48 
47 
40 
35 
49 
25 
# clone tree 6 objective: 1.70057
0 20 43 15 
15 33 22 39 10 27 
27 23 46 
46 2 44 
10 29 13 
44 32 1 
13 4 7 
2 38 
1 45 
38 42 8 
7 26 
26 12 34 
45 30 6 
6 17 
43 5 
8 19 
34 41 
17 21 
19 3 
5 37 
39 40 48 24 
37 36 
41 28 
32 11 
22 14 
42 9 
3 16 
21 18 
28 49 47 
23 
18 
4 31 
14 35 
11 
20 25 
33 
29 
30 
31 
36 
16 
9 
24 
12 
48 
47 
40 
35 
49 
25 
# clone tree 7 objective: 1.70067
0 25 12 20 43 15 
15 33 22 39 10 27 
27 23 46 
46 2 44 
10 29 13 
44 32 1 
13 4 7 
2 38 
1 45 
38 42 8 
7 26 
26 34 
45 30 6 
6 17 
43 5 
8 19 
34 41 
17 21 
19 3 
5 37 
39 40 48 24 
37 36 
41 28 
32 11 
22 14 
42 9 
3 16 
21 18 
28 49 47 
23 
18 
4 31 
14 35 
11 
20 
33 
29 
30 
31 
36 
16 
9 
24 
12 
48 
47 
40 
35 
49 
25 
# clone tree 8 objective: 1.70067
0 12 20 43 15 
15 33 22 39 10 27 
27 23 46 
46 2 44 
10 29 13 
44 32 1 
13 4 7 
2 38 
1 45 
38 42 8 
7 26 
26 34 
45 30 6 
6 17 
43 5 
8 19 
34 41 
17 21 
19 3 
5 37 
39 40 48 24 
37 36 
41 28 
32 11 
22 14 
42 9 
3 16 
21 18 
28 49 47 
23 
18 
4 31 
14 35 
11 
20 25 
33 
29 
30 
31 
36 
16 
9 
24 
12 
48 
47 
40 
35 
49 
25 
# clone tree 9 objective: 1.70067
0 12 20 43 15 
15 33 22 39 10 27 
27 23 46 
46 2 44 
10 29 13 
44 32 1 
13 4 7 
2 38 
1 45 
38 42 8 
7 26 
26 34 
45 30 6 
6 17 
43 5 
8 19 
34 41 
17 21 
19 3 
5 37 
39 40 48 24 
37 36 
41 28 
32 11 
22 14 
42 9 
3 16 
21 18 
28 49 47 
23 
18 25 
4 31 
14 35 
11 
20 
33 
29 
30 
31 
36 
16 
9 
24 
12 
48 
47 
40 
35 
49 
25 
# clone tree 10 objective: 1.70085
0 25 18 43 15 
15 22 39 10 27 
27 23 46 
46 2 44 
10 29 13 
44 32 1 
13 4 7 
2 33 38 
1 45 
38 42 8 
7 26 
26 48 34 
45 30 6 
6 17 
43 5 
8 19 
34 41 
17 21 
19 3 
5 37 
39 31 
37 36 
41 28 
32 11 
22 14 
42 9 
3 16 
21 47 
28 49 35 
23 
18 20 
4 12 
14 40 
11 
20 
33 24 
29 
30 
31 
36 
16 
9 
24 
12 
48 
47 
40 
35 
49 
25 
# clone tree 11 objective: 1.70085
0 18 43 15 
15 22 39 10 27 
27 23 46 
46 2 44 
10 29 13 
44 32 1 
13 4 7 
2 33 38 
1 45 
38 42 8 
7 26 
26 48 34 
45 30 6 
6 17 
43 5 
8 19 
34 41 
17 21 
19 3 
5 37 
39 31 
37 36 
41 28 
32 11 
22 14 
42 9 
3 16 
21 47 
28 49 35 
23 
18 20 
4 12 
14 40 
11 
20 25 
33 24 
29 
30 
31 
36 
16 
9 
24 
12 
48 
47 
40 
35 
49 
25 
# clone tree 12 objective: 1.70123
0 25 18 43 15 
15 22 39 10 27 
27 23 46 
46 2 44 
10 29 13 
44 32 1 
13 4 7 
2 33 38 
1 45 
38 42 8 
7 26 
26 48 34 
45 30 6 
6 17 
43 5 
8 19 
34 41 
17 21 
19 3 
5 37 
39 31 
37 36 
41 28 
32 11 
22 24 14 
42 9 
3 16 
21 47 
28 49 35 
23 
18 20 
4 12 
14 40 
11 
20 
33 
29 
30 
31 
36 
16 
9 
24 
12 
48 
47 
40 
35 
49 
25 
# clone tree 13 objective: 1.70123
0 18 43 15 
15 22 39 10 27 
27 23 46 
46 2 44 
10 29 13 
44 32 1 
13 4 7 
2 33 38 
1 45 
38 42 8 
7 26 
26 48 34 
45 30 6 
6 17 
43 5 
8 19 
34 41 
17 21 
19 3 
5 37 
39 31 
37 36 
41 28 
32 11 
22 24 14 
42 9 
3 16 
21 47 
28 49 35 
23 
18 20 
4 12 
14 40 
11 
20 25 
33 
29 
30 
31 
36 
16 
9 
24 
12 
48 
47 
40 
35 
49 
25 
# clone tree 14 objective: 1.70139
0 25 20 43 15 
15 33 22 39 10 27 
27 23 46 
46 2 44 
10 29 13 
44 32 1 
13 4 7 
2 38 
1 45 
38 42 8 
7 26 
26 48 34 
45 30 6 
6 17 
43 5 
8 19 
34 41 
17 21 
19 3 
5 37 
39 31 
37 36 
41 28 
32 11 
22 14 
42 9 
3 16 
21 47 
28 49 35 
23 
18 
4 12 
14 40 
11 
20 18 
33 24 
29 
30 
31 
36 
16 
9 
24 
12 
48 
47 
40 
35 
49 
25 
# clone tree 15 objective: 1.70139
0 20 43 15 
15 33 22 39 10 27 
27 23 46 
46 2 44 
10 29 13 
44 32 1 
13 4 7 
2 38 
1 45 
38 42 8 
7 26 
26 48 34 
45 30 6 
6 17 
43 5 
8 19 
34 41 
17 21 
19 3 
5 37 
39 31 
37 36 
41 28 
32 11 
22 14 
42 9 
3 16 
21 47 
28 49 35 
23 
18 25 
4 12 
14 40 
11 
20 18 
33 24 
29 
30 
31 
36 
16 
9 
24 
12 
48 
47 
40 
35 
49 
25 
# clone tree 16 objective: 1.70216
0 20 43 15 
15 33 22 39 10 27 
27 23 46 
46 2 44 
10 29 13 
44 32 1 
13 4 7 
2 38 
1 45 
38 42 8 
7 26 
26 48 34 
45 30 6 
6 17 
43 5 
8 19 
34 41 
17 21 
19 3 
5 37 
39 31 
37 36 
41 28 
32 11 
22 24 14 
42 9 
3 16 
21 47 
28 49 35 
23 
18 25 
4 12 
14 40 
11 
20 18 
33 
29 
30 
31 
36 
16 
9 
24 
12 
48 
47 
40 
35 
49 
25 
# clone tree 17 objective: 1.70216
0 25 20 43 15 
15 33 22 39 10 27 
27 23 46 
46 2 44 
10 29 13 
44 32 1 
13 4 7 
2 38 
1 45 
38 42 8 
7 26 
26 48 34 
45 30 6 
6 17 
43 5 
8 19 
34 41 
17 21 
19 3 
5 37 
39 31 
37 36 
41 28 
32 11 
22 24 14 
42 9 
3 16 
21 47 
28 49 35 
23 
18 
4 12 
14 40 
11 
20 18 
33 
29 
30 
31 
36 
16 
9 
24 
12 
48 
47 
40 
35 
49 
25 
# clone tree 18 objective: 1.70246
0 25 20 43 15 
15 33 22 39 10 27 
27 18 23 46 
46 2 44 
10 29 13 
44 32 1 
13 4 7 
2 38 
1 45 
38 42 8 
7 26 
26 48 34 
45 30 6 
6 17 
43 5 
8 19 
34 41 
17 21 
19 3 
5 37 
39 31 
37 36 
41 28 
32 11 
22 14 
42 9 
3 16 
21 47 
28 49 35 
23 
18 
4 12 
14 40 
11 
20 
33 24 
29 
30 
31 
36 
16 
9 
24 
12 
48 
47 
40 
35 
49 
25 
# clone tree 19 objective: 1.70246
0 20 43 15 
15 33 22 39 10 27 
27 18 23 46 
46 2 44 
10 29 13 
44 32 1 
13 4 7 
2 38 
1 45 
38 42 8 
7 26 
26 48 34 
45 30 6 
6 17 
43 5 
8 19 
34 41 
17 21 
19 3 
5 37 
39 31 
37 36 
41 28 
32 11 
22 14 
42 9 
3 16 
21 47 
28 49 35 
23 
18 25 
4 12 
14 40 
11 
20 
33 24 
29 
30 
31 
36 
16 
9 
24 
12 
48 
47 
40 
35 
49 
25 
# clone tree 20 objective: 1.70246
0 20 43 15 
15 33 22 39 10 27 
27 18 23 46 
46 2 44 
10 29 13 
44 32 1 
13 4 7 
2 38 
1 45 
38 42 8 
7 26 
26 48 34 
45 30 6 
6 17 
43 5 
8 19 
34 41 
17 21 
19 3 
5 37 
39 31 
37 36 
41 28 
32 11 
22 14 
42 9 
3 16 
21 47 
28 49 35 
23 
18 
4 12 
14 40 
11 
20 25 
33 24 
29 
30 
31 
36 
16 
9 
24 
12 
48 
47 
40 
35 
49 
25 
# clone tree 21 objective: 1.70273
0 25 18 43 15 
15 33 22 39 10 27 
27 23 46 
46 2 44 
10 29 13 
44 32 1 
13 4 7 
2 24 38 
1 45 
38 42 8 
7 26 
26 48 34 
45 30 6 
6 17 
43 5 
8 19 
34 41 
17 21 
19 3 
5 37 
39 31 
37 36 
41 28 
32 11 
22 14 
42 9 
3 16 
21 47 
28 49 35 
23 
18 20 
4 12 
14 40 
11 
20 
33 
29 
30 
31 
36 
16 
9 
24 
12 
48 
47 
40 
35 
49 
25 
# clone tree 22 objective: 1.70273
0 18 43 15 
15 33 22 39 10 27 
27 23 46 
46 2 44 
10 29 13 
44 32 1 
13 4 7 
2 24 38 
1 45 
38 42 8 
7 26 
26 48 34 
45 30 6 
6 17 
43 5 
8 19 
34 41 
17 21 
19 3 
5 37 
39 31 
37 36 
41 28 
32 11 
22 14 
42 9 
3 16 
21 47 
28 49 35 
23 
18 20 
4 12 
14 40 
11 
20 25 
33 
29 
30 
31 
36 
16 
9 
24 
12 
48 
47 
40 
35 
49 
25 
# clone tree 23 objective: 1.70275
0 25 18 43 15 
15 33 22 39 10 27 
27 23 46 
46 2 44 
10 29 13 
44 32 1 
13 4 7 
2 38 
1 45 
38 42 8 
7 26 
26 48 34 
45 30 6 
6 17 
43 5 
8 19 
34 41 
17 21 
19 3 
5 37 
39 31 
37 36 
41 28 
32 11 
22 49 14 
42 9 
3 16 
21 47 
28 35 
23 
18 20 
4 12 
14 40 
11 
20 
33 24 
29 
30 
31 
36 
16 
9 
24 
12 
48 
47 
40 
35 
49 
25 
# clone tree 24 objective: 1.70275
0 18 43 15 
15 33 22 39 10 27 
27 23 46 
46 2 44 
10 29 13 
44 32 1 
13 4 7 
2 38 
1 45 
38 42 8 
7 26 
26 48 34 
45 30 6 
6 17 
43 5 
8 19 
34 41 
17 21 
19 3 
5 37 
39 31 
37 36 
41 28 
32 11 
22 49 14 
42 9 
3 16 
21 47 
28 35 
23 
18 20 
4 12 
14 40 
11 
20 25 
33 24 
29 
30 
31 
36 
16 
9 
24 
12 
48 
47 
40 
35 
49 
25 
# clone tree 25 objective: 1.70284
0 20 43 15 
15 22 39 10 27 
27 23 46 
46 2 44 
10 29 13 
44 32 1 
13 4 7 
2 33 38 
1 45 
38 42 8 
7 26 
26 48 34 
45 30 6 
6 17 
43 5 
8 19 
34 41 
17 21 
19 3 
5 37 
39 31 
37 36 
41 28 
32 11 
22 14 
42 9 
3 16 
21 47 
28 49 35 
23 
18 25 
4 12 
14 40 
11 
20 18 
33 24 
29 
30 
31 
36 
16 
9 
24 
12 
48 
47 
40 
35 
49 
25 
# clone tree 26 objective: 1.70284
0 25 20 43 15 
15 22 39 10 27 
27 23 46 
46 2 44 
10 29 13 
44 32 1 
13 4 7 
2 33 38 
1 45 
38 42 8 
7 26 
26 48 34 
45 30 6 
6 17 
43 5 
8 19 
34 41 
17 21 
19 3 
5 37 
39 31 
37 36 
41 28 
32 11 
22 14 
42 9 
3 16 
21 47 
28 49 35 
23 
18 
4 12 
14 40 
11 
20 18 
33 24 
29 
30 
31 
36 
16 
9 
24 
12 
48 
47 
40 
35 
49 
25 
# clone tree 27 objective: 1.70308
0 20 43 15 
15 33 22 39 10 27 
27 23 46 
46 2 44 
10 29 13 
44 32 1 
13 4 7 
2 38 
1 45 
38 42 8 
7 26 
26 12 34 
45 30 6 
6 17 
43 5 
8 19 
34 41 
17 21 
19 3 
5 37 
39 40 48 24 
37 36 
41 28 
32 11 
22 49 14 
42 9 
3 16 
21 18 
28 47 
23 
18 25 
4 31 
14 35 
11 
20 
33 
29 
30 
31 
36 
16 
9 
24 
12 
48 
47 
40 
35 
49 
25 
# clone tree 28 objective: 1.70308
0 25 20 43 15 
15 33 22 39 10 27 
27 23 46 
46 2 44 
10 29 13 
44 32 1 
13 4 7 
2 38 
1 45 
38 42 8 
7 26 
26 12 34 
45 30 6 
6 17 
43 5 
8 19 
34 41 
17 21 
19 3 
5 37 
39 40 48 24 
37 36 
41 28 
32 11 
22 49 14 
42 9 
3 16 
21 18 
28 47 
23 
18 
4 31 
14 35 
11 
20 
33 
29 
30 
31 
36 
16 
9 
24 
12 
48 
47 
40 
35 
49 
25 
# clone tree 29 objective: 1.70308
0 20 43 15 
15 33 22 39 10 27 
27 23 46 
46 2 44 
10 29 13 
44 32 1 
13 4 7 
2 38 
1 45 
38 42 8 
7 26 
26 12 34 
45 30 6 
6 17 
43 5 
8 19 
34 41 
17 21 
19 3 
5 37 
39 40 48 24 
37 36 
41 28 
32 11 
22 49 14 
42 9 
3 16 
21 18 
28 47 
23 
18 
4 31 
14 35 
11 
20 25 
33 
29 
30 
31 
36 
16 
9 
24 
12 
48 
47 
40 
35 
49 
25 
# clone tree 30 objective: 1.70319
0 12 20 43 15 
15 33 22 39 10 27 
27 23 46 
46 2 44 
10 29 13 
44 32 1 
13 4 7 
2 38 
1 45 
38 42 8 
7 26 
26 34 
45 30 6 
6 17 
43 5 
8 19 
34 41 
17 21 
19 3 
5 37 
39 40 48 24 
37 36 
41 28 
32 11 
22 49 14 
42 9 
3 16 
21 18 
28 47 
23 
18 25 
4 31 
14 35 
11 
20 
33 
29 
30 
31 
36 
16 
9 
24 
12 
48 
47 
40 
35 
49 
25 
# clone tree 31 objective: 1.70319
0 25 12 20 43 15 
15 33 22 39 10 27 
27 23 46 
46 2 44 
10 29 13 
44 32 1 
13 4 7 
2 38 
1 45 
38 42 8 
7 26 
26 34 
45 30 6 
6 17 
43 5 
8 19 
34 41 
17 21 
19 3 
5 37 
39 40 48 24 
37 36 
41 28 
32 11 
22 49 14 
42 9 
3 16 
21 18 
28 47 
23 
18 
4 31 
14 35 
11 
20 
33 
29 
30 
31 
36 
16 
9 
24 
12 
48 
47 
40 
35 
49 
25 
# clone tree 32 objective: 1.70319
0 12 20 43 15 
15 33 22 39 10 27 
27 23 46 
46 2 44 
10 29 13 
44 32 1 
13 4 7 
2 38 
1 45 
38 42 8 
7 26 
26 34 
45 30 6 
6 17 
43 5 
8 19 
34 41 
17 21 
19 3 
5 37 
39 40 48 24 
37 36 
41 28 
32 11 
22 49 14 
42 9 
3 16 
21 18 
28 47 
23 
18 
4 31 
14 35 
11 
20 25 
33 
29 
30 
31 
36 
16 
9 
24 
12 
48 
47 
40 
35 
49 
25 
# clone tree 33 objective: 1.70323
0 20 43 15 
15 22 39 10 27 
27 23 46 
46 2 44 
10 29 13 
44 32 1 
13 4 7 
2 33 38 
1 45 
38 42 8 
7 26 
26 48 34 
45 30 6 
6 17 
43 5 
8 19 
34 41 
17 21 
19 3 
5 37 
39 31 
37 36 
41 28 
32 11 
22 24 14 
42 9 
3 16 
21 47 
28 49 35 
23 
18 25 
4 12 
14 40 
11 
20 18 
33 
29 
30 
31 
36 
16 
9 
24 
12 
48 
47 
40 
35 
49 
25 
# clone tree 34 objective: 1.70323
0 25 20 43 15 
15 22 39 10 27 
27 23 46 
46 2 44 
10 29 13 
44 32 1 
13 4 7 
2 33 38 
1 45 
38 42 8 
7 26 
26 48 34 
45 30 6 
6 17 
43 5 
8 19 
34 41 
17 21 
19 3 
5 37 
39 31 
37 36 
41 28 
32 11 
22 24 14 
42 9 
3 16 
21 47 
28 49 35 
23 
18 
4 12 
14 40 
11 
20 18 
33 
29 
30 
31 
36 
16 
9 
24 
12 
48 
47 
40 
35 
49 
25 
# clone tree 35 objective: 1.70324
0 20 43 15 
15 33 22 39 10 27 
27 18 23 46 
46 2 44 
10 29 13 
44 32 1 
13 4 7 
2 38 
1 45 
38 42 8 
7 26 
26 48 34 
45 30 6 
6 17 
43 5 
8 19 
34 41 
17 21 
19 3 
5 37 
39 31 
37 36 
41 28 
32 11 
22 24 14 
42 9 
3 16 
21 47 
28 49 35 
23 
18 25 
4 12 
14 40 
11 
20 
33 
29 
30 
31 
36 
16 
9 
24 
12 
48 
47 
40 
35 
49 
25 
# clone tree 36 objective: 1.70324
0 20 43 15 
15 33 22 39 10 27 
27 18 23 46 
46 2 44 
10 29 13 
44 32 1 
13 4 7 
2 38 
1 45 
38 42 8 
7 26 
26 48 34 
45 30 6 
6 17 
43 5 
8 19 
34 41 
17 21 
19 3 
5 37 
39 31 
37 36 
41 28 
32 11 
22 24 14 
42 9 
3 16 
21 47 
28 49 35 
23 
18 
4 12 
14 40 
11 
20 25 
33 
29 
30 
31 
36 
16 
9 
24 
12 
48 
47 
40 
35 
49 
25 
# clone tree 37 objective: 1.70324
0 25 20 43 15 
15 33 22 39 10 27 
27 18 23 46 
46 2 44 
10 29 13 
44 32 1 
13 4 7 
2 38 
1 45 
38 42 8 
7 26 
26 48 34 
45 30 6 
6 17 
43 5 
8 19 
34 41 
17 21 
19 3 
5 37 
39 31 
37 36 
41 28 
32 11 
22 24 14 
42 9 
3 16 
21 47 
28 49 35 
23 
18 
4 12 
14 40 
11 
20 
33 
29 
30 
31 
36 
16 
9 
24 
12 
48 
47 
40 
35 
49 
25 
# clone tree 38 objective: 1.7034
0 25 12 20 43 15 
15 33 22 39 10 27 
27 23 46 
46 2 44 
10 29 13 
44 32 1 
13 4 7 
2 38 
1 45 
38 42 8 
7 26 
26 48 34 
45 30 6 
6 17 
43 5 
8 19 
34 41 
17 21 
19 3 
5 37 
39 40 24 
37 36 
41 28 
32 11 
22 14 
42 9 
3 16 
21 18 
28 49 47 
23 
18 
4 31 
14 35 
11 
20 
33 
29 
30 
31 
36 
16 
9 
24 
12 
48 
47 
40 
35 
49 
25 
# clone tree 39 objective: 1.7034
0 12 20 43 15 
15 33 22 39 10 27 
27 23 46 
46 2 44 
10 29 13 
44 32 1 
13 4 7 
2 38 
1 45 
38 42 8 
7 26 
26 48 34 
45 30 6 
6 17 
43 5 
8 19 
34 41 
17 21 
19 3 
5 37 
39 40 24 
37 36 
41 28 
32 11 
22 14 
42 9 
3 16 
21 18 
28 49 47 
23 
18 25 
4 31 
14 35 
11 
20 
33 
29 
30 
31 
36 
16 
9 
24 
12 
48 
47 
40 
35 
49 
25 
# clone tree 40 objective: 1.7034
0 12 20 43 15 
15 33 22 39 10 27 
27 23 46 
46 2 44 
10 29 13 
44 32 1 
13 4 7 
2 38 
1 45 
38 42 8 
7 26 
26 48 34 
45 30 6 
6 17 
43 5 
8 19 
34 41 
17 21 
19 3 
5 37 
39 40 24 
37 36 
41 28 
32 11 
22 14 
42 9 
3 16 
21 18 
28 49 47 
23 
18 
4 31 
14 35 
11 
20 25 
33 
29 
30 
31 
36 
16 
9 
24 
12 
48 
47 
40 
35 
49 
25 
# clone tree 41 objective: 1.70365
0 25 20 43 15 
15 33 22 39 10 27 
27 23 46 
46 2 44 
10 29 13 
44 32 1 
13 4 18 7 
2 38 
1 45 
38 42 8 
7 26 
26 48 34 
45 30 6 
6 17 
43 5 
8 19 
34 41 
17 21 
19 3 
5 37 
39 31 
37 36 
41 28 
32 11 
22 14 
42 9 
3 16 
21 47 
28 49 35 
23 
18 
4 12 
14 40 
11 
20 
33 24 
29 
30 
31 
36 
16 
9 
24 
12 
48 
47 
40 
35 
49 
25 
# clone tree 42 objective: 1.70365
0 20 43 15 
15 33 22 39 10 27 
27 23 46 
46 2 44 
10 29 13 
44 32 1 
13 4 18 7 
2 38 
1 45 
38 42 8 
7 26 
26 48 34 
45 30 6 
6 17 
43 5 
8 19 
34 41 
17 21 
19 3 
5 37 
39 31 
37 36 
41 28 
32 11 
22 14 
42 9 
3 16 
21 47 
28 49 35 
23 
18 25 
4 12 
14 40 
11 
20 
33 24 
29 
30 
31 
36 
16 
9 
24 
12 
48 
47 
40 
35 
49 
25 
# clone tree 43 objective: 1.70365
0 20 43 15 
15 33 22 39 10 27 
27 23 46 
46 2 44 
10 29 13 
44 32 1 
13 4 18 7 
2 38 
1 45 
38 42 8 
7 26 
26 48 34 
45 30 6 
6 17 
43 5 
8 19 
34 41 
17 21 
19 3 
5 37 
39 31 
37 36 
41 28 
32 11 
22 14 
42 9 
3 16 
21 47 
28 49 35 
23 
18 
4 12 
14 40 
11 
20 25 
33 24 
29 
30 
31 
36 
16 
9 
24 
12 
48 
47 
40 
35 
49 
25 
# clone tree 44 objective: 1.70383
0 20 43 15 
15 33 22 39 10 27 
27 23 46 
46 2 44 
10 29 13 
44 48 32 1 
13 4 18 7 
2 38 
1 45 
38 42 8 
7 26 
26 34 
45 30 6 
6 17 
43 5 
8 19 
34 41 
17 21 
19 3 
5 37 
39 31 
37 36 
41 28 
32 11 
22 14 
42 9 
3 16 
21 47 
28 49 35 
23 
18 25 
4 12 
14 40 
11 
20 
33 24 
29 
30 
31 
36 
16 
9 
24 
12 
48 
47 
40 
35 
49 
25 
# clone tree 45 objective: 1.70383
0 25 20 43 15 
15 33 22 39 10 27 
27 23 46 
46 2 44 
10 29 13 
44 48 32 1 
13 4 18 7 
2 38 
1 45 
38 42 8 
7 26 
26 34 
45 30 6 
6 17 
43 5 
8 19 
34 41 
17 21 
19 3 
5 37 
39 31 
37 36 
41 28 
32 11 
22 14 
42 9 
3 16 
21 47 
28 49 35 
23 
18 
4 12 
14 40 
11 
20 
33 24 
29 
30 
31 
36 
16 
9 
24 
12 
48 
47 
40 
35 
49 
25 
# clone tree 46 objective: 1.70383
0 20 43 15 
15 33 22 39 10 27 
27 23 46 
46 2 44 
10 29 13 
44 48 32 1 
13 4 18 7 
2 38 
1 45 
38 42 8 
7 26 
26 34 
45 30 6 
6 17 
43 5 
8 19 
34 41 
17 21 
19 3 
5 37 
39 31 
37 36 
41 28 
32 11 
22 14 
42 9 
3 16 
21 47 
28 49 35 
23 
18 
4 12 
14 40 
11 
20 25 
33 24 
29 
30 
31 
36 
16 
9 
24 
12 
48 
47 
40 
35 
49 
25 
# clone tree 47 objective: 1.70392
0 20 43 15 
15 22 39 10 27 
27 18 23 46 
46 2 44 
10 29 13 
44 32 1 
13 4 7 
2 33 38 
1 45 
38 42 8 
7 26 
26 48 34 
45 30 6 
6 17 
43 5 
8 19 
34 41 
17 21 
19 3 
5 37 
39 31 
37 36 
41 28 
32 11 
22 14 
42 9 
3 16 
21 47 
28 49 35 
23 
18 
4 12 
14 40 
11 
20 25 
33 24 
29 
30 
31 
36 
16 
9 
24 
12 
48 
47 
40 
35 
49 
25 
# clone tree 48 objective: 1.70392
0 25 20 43 15 
15 22 39 10 27 
27 18 23 46 
46 2 44 
10 29 13 
44 32 1 
13 4 7 
2 33 38 
1 45 
38 42 8 
7 26 
26 48 34 
45 30 6 
6 17 
43 5 
8 19 
34 41 
17 21 
19 3 
5 37 
39 31 
37 36 
41 28 
32 11 
22 14 
42 9 
3 16 
21 47 
28 49 35 
23 
18 
4 12 
14 40 
11 
20 
33 24 
29 
30 
31 
36 
16 
9 
24 
12 
48 
47 
40 
35 
49 
25 
# clone tree 49 objective: 1.70392
0 20 43 15 
15 22 39 10 27 
27 18 23 46 
46 2 44 
10 29 13 
44 32 1 
13 4 7 
2 33 38 
1 45 
38 42 8 
7 26 
26 48 34 
45 30 6 
6 17 
43 5 
8 19 
34 41 
17 21 
19 3 
5 37 
39 31 
37 36 
41 28 
32 11 
22 14 
42 9 
3 16 
21 47 
28 49 35 
23 
18 25 
4 12 
14 40 
11 
20 
33 24 
29 
30 
31 
36 
16 
9 
24 
12 
48 
47 
40 
35 
49 
25 
# clone tree 50 objective: 1.7042
0 25 18 43 15 
15 22 39 10 27 
27 23 46 
46 2 44 
10 29 13 
44 32 1 
13 4 7 
2 33 38 
1 45 
38 42 8 
7 26 
26 48 34 
45 30 6 
6 17 
43 5 
8 19 
34 41 
17 21 
19 3 
5 37 
39 31 
37 36 
41 28 
32 11 
22 49 14 
42 9 
3 16 
21 47 
28 35 
23 
18 20 
4 12 
14 40 
11 
20 
33 24 
29 
30 
31 
36 
16 
9 
24 
12 
48 
47 
40 
35 
49 
25 
# clone tree 51 objective: 1.7042
0 18 43 15 
15 22 39 10 27 
27 23 46 
46 2 44 
10 29 13 
44 32 1 
13 4 7 
2 33 38 
1 45 
38 42 8 
7 26 
26 48 34 
45 30 6 
6 17 
43 5 
8 19 
34 41 
17 21 
19 3 
5 37 
39 31 
37 36 
41 28 
32 11 
22 49 14 
42 9 
3 16 
21 47 
28 35 
23 
18 20 
4 12 
14 40 
11 
20 25 
33 24 
29 
30 
31 
36 
16 
9 
24 
12 
48 
47 
40 
35 
49 
25 
# clone tree 52 objective: 1.70474
0 25 20 43 15 
15 33 22 39 10 27 
27 23 46 
46 2 44 
10 29 13 
44 32 1 
13 4 7 
2 38 
1 45 
38 42 8 
7 26 
26 48 34 
45 30 6 
6 17 
43 5 
8 19 
34 41 
17 21 
19 3 
5 37 
39 31 
37 36 
41 28 
32 11 
22 49 14 
42 9 
3 16 
21 47 
28 35 
23 
18 
4 12 
14 40 
11 
20 18 
33 24 
29 
30 
31 
36 
16 
9 
24 
12 
48 
47 
40 
35 
49 
25 
# clone tree 53 objective: 1.70474
0 20 43 15 
15 33 22 39 10 27 
27 23 46 
46 2 44 
10 29 13 
44 32 1 
13 4 7 
2 38 
1 45 
38 42 8 
7 26 
26 48 34 
45 30 6 
6 17 
43 5 
8 19 
34 41 
17 21 
19 3 
5 37 
39 31 
37 36 
41 28 
32 11 
22 49 14 
42 9 
3 16 
21 47 
28 35 
23 
18 25 
4 12 
14 40 
11 
20 18 
33 24 
29 
30 
31 
36 
16 
9 
24 
12 
48 
47 
40 
35 
49 
25 
# clone tree 54 objective: 1.70493
0 25 35 20 43 15 
15 33 22 39 10 27 
27 23 46 
46 2 44 
10 29 13 
44 32 1 
13 4 7 
2 38 
1 45 
38 42 8 
7 26 
26 48 34 
45 30 6 
6 17 
43 5 
8 19 
34 41 
17 21 
19 3 
5 37 
39 31 
37 36 
41 28 
32 11 
22 14 
42 9 
3 16 
21 18 
28 49 47 
23 
18 
4 12 
14 40 
11 
20 
33 24 
29 
30 
31 
36 
16 
9 
24 
12 
48 
47 
40 
35 
49 
25 
# clone tree 55 objective: 1.70493
0 35 20 43 15 
15 33 22 39 10 27 
27 23 46 
46 2 44 
10 29 13 
44 32 1 
13 4 7 
2 38 
1 45 
38 42 8 
7 26 
26 48 34 
45 30 6 
6 17 
43 5 
8 19 
34 41 
17 21 
19 3 
5 37 
39 31 
37 36 
41 28 
32 11 
22 14 
42 9 
3 16 
21 18 
28 49 47 
23 
18 
4 12 
14 40 
11 
20 25 
33 24 
29 
30 
31 
36 
16 
9 
24 
12 
48 
47 
40 
35 
49 
25 
# clone tree 56 objective: 1.70493
0 35 20 43 15 
15 33 22 39 10 27 
27 23 46 
46 2 44 
10 29 13 
44 32 1 
13 4 7 
2 38 
1 45 
38 42 8 
7 26 
26 48 34 
45 30 6 
6 17 
43 5 
8 19 
34 41 
17 21 
19 3 
5 37 
39 31 
37 36 
41 28 
32 11 
22 14 
42 9 
3 16 
21 18 
28 49 47 
23 
18 25 
4 12 
14 40 
11 
20 
33 24 
29 
30 
31 
36 
16 
9 
24 
12 
48 
47 
40 
35 
49 
25 
# clone tree 57 objective: 1.70512
0 20 43 15 
15 33 22 39 10 27 
27 23 46 
46 2 44 
10 29 13 
44 32 1 
13 4 7 
2 38 
1 40 45 
38 42 8 
7 26 
26 48 34 
45 30 6 
6 17 
43 5 
8 19 
34 41 
17 21 
19 3 
5 37 
39 31 
37 36 
41 28 
32 11 
22 14 
42 9 
3 16 
21 18 
28 49 47 
23 
18 25 
4 12 
14 35 
11 
20 
33 24 
29 
30 
31 
36 
16 
9 
24 
12 
48 
47 
40 
35 
49 
25 
# clone tree 58 objective: 1.70512
0 25 20 43 15 
15 33 22 39 10 27 
27 23 46 
46 2 44 
10 29 13 
44 32 1 
13 4 7 
2 38 
1 40 45 
38 42 8 
7 26 
26 48 34 
45 30 6 
6 17 
43 5 
8 19 
34 41 
17 21 
19 3 
5 37 
39 31 
37 36 
41 28 
32 11 
22 14 
42 9 
3 16 
21 18 
28 49 47 
23 
18 
4 12 
14 35 
11 
20 
33 24 
29 
30 
31 
36 
16 
9 
24 
12 
48 
47 
40 
35 
49 
25 
# clone tree 59 objective: 1.70512
0 20 43 15 
15 33 22 39 10 27 
27 23 46 
46 2 44 
10 29 13 
44 32 1 
13 4 7 
2 38 
1 40 45 
38 42 8 
7 26 
26 48 34 
45 30 6 
6 17 
43 5 
8 19 
34 41 
17 21 
19 3 
5 37 
39 31 
37 36 
41 28 
32 11 
22 14 
42 9 
3 16 
21 18 
28 49 47 
23 
18 
4 12 
14 35 
11 
20 25 
33 24 
29 
30 
31 
36 
16 
9 
24 
12 
48 
47 
40 
35 
49 
25 
# clone tree 60 objective: 1.70571
0 25 35 20 43 15 
15 33 22 39 10 27 
27 23 46 
46 2 44 
10 29 13 
44 32 1 
13 4 7 
2 38 
1 45 
38 42 8 
7 26 
26 48 34 
45 30 6 
6 17 
43 5 
8 19 
34 41 
17 21 
19 3 
5 37 
39 31 
37 36 
41 28 
32 11 
22 24 14 
42 9 
3 16 
21 18 
28 49 47 
23 
18 
4 12 
14 40 
11 
20 
33 
29 
30 
31 
36 
16 
9 
24 
12 
48 
47 
40 
35 
49 
25 
# clone tree 61 objective: 1.70571
0 35 20 43 15 
15 33 22 39 10 27 
27 23 46 
46 2 44 
10 29 13 
44 32 1 
13 4 7 
2 38 
1 45 
38 42 8 
7 26 
26 48 34 
45 30 6 
6 17 
43 5 
8 19 
34 41 
17 21 
19 3 
5 37 
39 31 
37 36 
41 28 
32 11 
22 24 14 
42 9 
3 16 
21 18 
28 49 47 
23 
18 
4 12 
14 40 
11 
20 25 
33 
29 
30 
31 
36 
16 
9 
24 
12 
48 
47 
40 
35 
49 
25 
# clone tree 62 objective: 1.70571
0 35 20 43 15 
15 33 22 39 10 27 
27 23 46 
46 2 44 
10 29 13 
44 32 1 
13 4 7 
2 38 
1 45 
38 42 8 
7 26 
26 48 34 
45 30 6 
6 17 
43 5 
8 19 
34 41 
17 21 
19 3 
5 37 
39 31 
37 36 
41 28 
32 11 
22 24 14 
42 9 
3 16 
21 18 
28 49 47 
23 
18 25 
4 12 
14 40 
11 
20 
33 
29 
30 
31 
36 
16 
9 
24 
12 
48 
47 
40 
35 
49 
25 
# clone tree 63 objective: 1.70582
0 20 43 15 
15 33 22 39 10 27 
27 18 23 46 
46 2 44 
10 29 13 
44 32 1 
13 4 7 
2 38 
1 45 
38 42 8 
7 26 
26 48 34 
45 30 6 
6 17 
43 5 
8 19 
34 41 
17 21 
19 3 
5 37 
39 31 
37 36 
41 28 
32 11 
22 49 14 
42 9 
3 16 
21 47 
28 35 
23 
18 
4 12 
14 40 
11 
20 25 
33 24 
29 
30 
31 
36 
16 
9 
24 
12 
48 
47 
40 
35 
49 
25 
# clone tree 64 objective: 1.70582
0 25 20 43 15 
15 33 22 39 10 27 
27 18 23 46 
46 2 44 
10 29 13 
44 32 1 
13 4 7 
2 38 
1 45 
38 42 8 
7 26 
26 48 34 
45 30 6 
6 17 
43 5 
8 19 
34 41 
17 21 
19 3 
5 37 
39 31 
37 36 
41 28 
32 11 
22 49 14 
42 9 
3 16 
21 47 
28 35 
23 
18 
4 12 
14 40 
11 
20 
33 24 
29 
30 
31 
36 
16 
9 
24 
12 
48 
47 
40 
35 
49 
25 
# clone tree 65 objective: 1.70582
0 20 43 15 
15 33 22 39 10 27 
27 18 23 46 
46 2 44 
10 29 13 
44 32 1 
13 4 7 
2 38 
1 45 
38 42 8 
7 26 
26 48 34 
45 30 6 
6 17 
43 5 
8 19 
34 41 
17 21 
19 3 
5 37 
39 31 
37 36 
41 28 
32 11 
22 49 14 
42 9 
3 16 
21 47 
28 35 
23 
18 25 
4 12 
14 40 
11 
20 
33 24 
29 
30 
31 
36 
16 
9 
24 
12 
48 
47 
40 
35 
49 
25 
# clone tree 66 objective: 1.70589
0 35 20 43 15 
15 33 22 39 10 27 
27 23 46 
46 2 44 
10 29 13 
44 32 1 
13 4 7 
2 38 
1 45 
38 42 8 
7 26 
26 12 34 
45 30 6 
6 17 
43 5 
8 19 
34 41 
17 21 
19 3 
5 37 
39 40 48 24 
37 36 
41 28 
32 11 
22 14 
42 9 
3 16 
21 18 
28 47 
23 
18 25 
4 31 
14 49 
11 
20 
33 
29 
30 
31 
36 
16 
9 
24 
12 
48 
47 
40 
35 
49 
25 
# clone tree 67 objective: 1.70589
0 35 20 43 15 
15 33 22 39 10 27 
27 23 46 
46 2 44 
10 29 13 
44 32 1 
13 4 7 
2 38 
1 45 
38 42 8 
7 26 
26 12 34 
45 30 6 
6 17 
43 5 
8 19 
34 41 
17 21 
19 3 
5 37 
39 40 48 24 
37 36 
41 28 
32 11 
22 14 
42 9 
3 16 
21 18 
28 47 
23 
18 
4 31 
14 49 
11 
20 25 
33 
29 
30 
31 
36 
16 
9 
24 
12 
48 
47 
40 
35 
49 
25 
# clone tree 68 objective: 1.70589
0 25 35 20 43 15 
15 33 22 39 10 27 
27 23 46 
46 2 44 
10 29 13 
44 32 1 
13 4 7 
2 38 
1 45 
38 42 8 
7 26 
26 12 34 
45 30 6 
6 17 
43 5 
8 19 
34 41 
17 21 
19 3 
5 37 
39 40 48 24 
37 36 
41 28 
32 11 
22 14 
42 9 
3 16 
21 18 
28 47 
23 
18 
4 31 
14 49 
11 
20 
33 
29 
30 
31 
36 
16 
9 
24 
12 
48 
47 
40 
35 
49 
25 
# clone tree 69 objective: 1.7059
0 20 43 15 
15 33 22 39 10 27 
27 23 46 
46 2 44 
10 29 13 
44 32 1 
13 4 7 
2 38 
1 40 45 
38 42 8 
7 26 
26 48 34 
45 30 6 
6 17 
43 5 
8 19 
34 41 
17 21 
19 3 
5 37 
39 31 
37 36 
41 28 
32 11 
22 24 14 
42 9 
3 16 
21 18 
28 49 47 
23 
18 25 
4 12 
14 35 
11 
20 
33 
29 
30 
31 
36 
16 
9 
24 
12 
48 
47 
40 
35 
49 
25 
# clone tree 70 objective: 1.7059
0 25 20 43 15 
15 33 22 39 10 27 
27 23 46 
46 2 44 
10 29 13 
44 32 1 
13 4 7 
2 38 
1 40 45 
38 42 8 
7 26 
26 48 34 
45 30 6 
6 17 
43 5 
8 19 
34 41 
17 21 
19 3 
5 37 
39 31 
37 36 
41 28 
32 11 
22 24 14 
42 9 
3 16 
21 18 
28 49 47 
23 
18 
4 12 
14 35 
11 
20 
33 
29 
30 
31 
36 
16 
9 
24 
12 
48 
47 
40 
35 
49 
25 
# clone tree 71 objective: 1.7059
0 20 43 15 
15 33 22 39 10 27 
27 23 46 
46 2 44 
10 29 13 
44 32 1 
13 4 7 
2 38 
1 40 45 
38 42 8 
7 26 
26 48 34 
45 30 6 
6 17 
43 5 
8 19 
34 41 
17 21 
19 3 
5 37 
39 31 
37 36 
41 28 
32 11 
22 24 14 
42 9 
3 16 
21 18 
28 49 47 
23 
18 
4 12 
14 35 
11 
20 25 
33 
29 
30 
31 
36 
16 
9 
24 
12 
48 
47 
40 
35 
49 
25 
# clone tree 72 objective: 1.70592
0 12 20 43 15 
15 33 22 39 10 27 
27 23 46 
46 2 44 
10 29 13 
44 32 1 
13 4 7 
2 38 
1 45 
38 42 8 
7 26 
26 48 34 
45 30 6 
6 17 
43 5 
8 19 
34 41 
17 21 
19 3 
5 37 
39 40 24 
37 36 
41 28 
32 11 
22 49 14 
42 9 
3 16 
21 18 
28 47 
23 
18 25 
4 31 
14 35 
11 
20 
33 
29 
30 
31 
36 
16 
9 
24 
12 
48 
47 
40 
35 
49 
25 
# clone tree 73 objective: 1.70592
0 12 20 43 15 
15 33 22 39 10 27 
27 23 46 
46 2 44 
10 29 13 
44 32 1 
13 4 7 
2 38 
1 45 
38 42 8 
7 26 
26 48 34 
45 30 6 
6 17 
43 5 
8 19 
34 41 
17 21 
19 3 
5 37 
39 40 24 
37 36 
41 28 
32 11 
22 49 14 
42 9 
3 16 
21 18 
28 47 
23 
18 
4 31 
14 35 
11 
20 25 
33 
29 
30 
31 
36 
16 
9 
24 
12 
48 
47 
40 
35 
49 
25 
# clone tree 74 objective: 1.70592
0 25 12 20 43 15 
15 33 22 39 10 27 
27 23 46 
46 2 44 
10 29 13 
44 32 1 
13 4 7 
2 38 
1 45 
38 42 8 
7 26 
26 48 34 
45 30 6 
6 17 
43 5 
8 19 
34 41 
17 21 
19 3 
5 37 
39 40 24 
37 36 
41 28 
32 11 
22 49 14 
42 9 
3 16 
21 18 
28 47 
23 
18 
4 31 
14 35 
11 
20 
33 
29 
30 
31 
36 
16 
9 
24 
12 
48 
47 
40 
35 
49 
25 
# clone tree 75 objective: 1.70604
0 20 43 15 
15 33 22 39 10 27 
27 23 46 
46 2 44 
10 29 13 
44 32 1 
13 4 7 
2 38 
1 45 
38 42 8 
7 26 
26 12 34 
45 30 6 
6 17 
43 5 
8 19 
34 41 
17 21 
19 3 
5 37 
39 40 48 24 
37 36 
41 28 
32 11 
22 14 
42 9 
3 16 
21 18 
28 47 
23 
18 25 
4 31 
14 49 35 
11 
20 
33 
29 
30 
31 
36 
16 
9 
24 
12 
48 
47 
40 
35 
49 
25 
# clone tree 76 objective: 1.70604
0 20 43 15 
15 33 22 39 10 27 
27 23 46 
46 2 44 
10 29 13 
44 32 1 
13 4 7 
2 38 
1 45 
38 42 8 
7 26 
26 12 34 
45 30 6 
6 17 
43 5 
8 19 
34 41 
17 21 
19 3 
5 37 
39 40 48 24 
37 36 
41 28 
32 11 
22 14 
42 9 
3 16 
21 18 
28 47 
23 
18 
4 31 
14 49 35 
11 
20 25 
33 
29 
30 
31 
36 
16 
9 
24 
12 
48 
47 
40 
35 
49 
25 
# clone tree 77 objective: 1.70604
0 25 20 43 15 
15 33 22 39 10 27 
27 23 46 
46 2 44 
10 29 13 
44 32 1 
13 4 7 
2 38 
1 45 
38 42 8 
7 26 
26 12 34 
45 30 6 
6 17 
43 5 
8 19 
34 41 
17 21 
19 3 
5 37 
39 40 48 24 
37 36 
41 28 
32 11 
22 14 
42 9 
3 16 
21 18 
28 47 
23 
18 
4 31 
14 49 35 
11 
20 
33 
29 
30 
31 
36 
16 
9 
24 
12 
48 
47 
40 
35 
49 
25 
# clone tree 78 objective: 1.70609
0 25 18 43 15 
15 33 22 39 10 27 
27 23 46 
46 2 44 
10 29 13 
44 32 1 
13 4 7 
2 24 38 
1 45 
38 42 8 
7 26 
26 48 34 
45 30 6 
6 17 
43 5 
8 19 
34 41 
17 21 
19 3 
5 37 
39 31 
37 36 
41 28 
32 11 
22 49 14 
42 9 
3 16 
21 47 
28 35 
23 
18 20 
4 12 
14 40 
11 
20 
33 
29 
30 
31 
36 
16 
9 
24 
12 
48 
47 
40 
35 
49 
25 
# clone tree 79 objective: 1.70609
0 18 43 15 
15 33 22 39 10 27 
27 23 46 
46 2 44 
10 29 13 
44 32 1 
13 4 7 
2 24 38 
1 45 
38 42 8 
7 26 
26 48 34 
45 30 6 
6 17 
43 5 
8 19 
34 41 
17 21 
19 3 
5 37 
39 31 
37 36 
41 28 
32 11 
22 49 14 
42 9 
3 16 
21 47 
28 35 
23 
18 20 
4 12 
14 40 
11 
20 25 
33 
29 
30 
31 
36 
16 
9 
24 
12 
48 
47 
40 
35 
49 
25 
# clone tree 80 objective: 1.70615
0 12 20 43 15 
15 33 22 39 10 27 
27 23 46 
46 2 44 
10 29 13 
44 32 1 
13 4 7 
2 38 
1 45 
38 42 8 
7 26 
26 34 
45 30 6 
6 17 
43 5 
8 19 
34 41 
17 21 
19 3 
5 37 
39 40 48 24 
37 36 
41 28 
32 11 
22 14 
42 9 
3 16 
21 18 
28 47 
23 
18 
4 31 
14 49 35 
11 
20 25 
33 
29 
30 
31 
36 
16 
9 
24 
12 
48 
47 
40 
35 
49 
25 
# clone tree 81 objective: 1.70615
0 25 12 20 43 15 
15 33 22 39 10 27 
27 23 46 
46 2 44 
10 29 13 
44 32 1 
13 4 7 
2 38 
1 45 
38 42 8 
7 26 
26 34 
45 30 6 
6 17 
43 5 
8 19 
34 41 
17 21 
19 3 
5 37 
39 40 48 24 
37 36 
41 28 
32 11 
22 14 
42 9 
3 16 
21 18 
28 47 
23 
18 
4 31 
14 49 35 
11 
20 
33 
29 
30 
31 
36 
16 
9 
24 
12 
48 
47 
40 
35 
49 
25 
# clone tree 82 objective: 1.70615
0 12 20 43 15 
15 33 22 39 10 27 
27 23 46 
46 2 44 
10 29 13 
44 32 1 
13 4 7 
2 38 
1 45 
38 42 8 
7 26 
26 34 
45 30 6 
6 17 
43 5 
8 19 
34 41 
17 21 
19 3 
5 37 
39 40 48 24 
37 36 
41 28 
32 11 
22 14 
42 9 
3 16 
21 18 
28 47 
23 
18 25 
4 31 
14 49 35 
11 
20 
33 
29 
30 
31 
36 
16 
9 
24 
12 
48 
47 
40 
35 
49 
25 
# clone tree 83 objective: 1.7062
0 20 43 15 
15 33 22 39 10 27 
27 23 46 
46 2 44 
10 29 13 
44 32 1 
13 4 7 
2 38 
1 45 
38 42 8 
7 26 
26 35 48 34 
45 30 6 
6 17 
43 5 
8 19 
34 41 
17 21 
19 3 
5 37 
39 31 
37 36 
41 28 
32 11 
22 14 
42 9 
3 16 
21 18 
28 49 47 
23 
18 25 
4 12 
14 40 
11 
20 
33 24 
29 
30 
31 
36 
16 
9 
24 
12 
48 
47 
40 
35 
49 
25 
# clone tree 84 objective: 1.7062
0 25 20 43 15 
15 33 22 39 10 27 
27 23 46 
46 2 44 
10 29 13 
44 32 1 
13 4 7 
2 38 
1 45 
38 42 8 
7 26 
26 35 48 34 
45 30 6 
6 17 
43 5 
8 19 
34 41 
17 21 
19 3 
5 37 
39 31 
37 36 
41 28 
32 11 
22 14 
42 9 
3 16 
21 18 
28 49 47 
23 
18 
4 12 
14 40 
11 
20 
33 24 
29 
30 
31 
36 
16 
9 
24 
12 
48 
47 
40 
35 
49 
25 
# clone tree 85 objective: 1.7062
0 20 43 15 
15 33 22 39 10 27 
27 23 46 
46 2 44 
10 29 13 
44 32 1 
13 4 7 
2 38 
1 45 
38 42 8 
7 26 
26 35 48 34 
45 30 6 
6 17 
43 5 
8 19 
34 41 
17 21 
19 3 
5 37 
39 31 
37 36 
41 28 
32 11 
22 14 
42 9 
3 16 
21 18 
28 49 47 
23 
18 
4 12 
14 40 
11 
20 25 
33 24 
29 
30 
31 
36 
16 
9 
24 
12 
48 
47 
40 
35 
49 
25 
# clone tree 86 objective: 1.7062
0 25 20 43 15 
15 22 39 10 27 
27 23 46 
46 2 44 
10 29 13 
44 32 1 
13 4 7 
2 33 38 
1 45 
38 42 8 
7 26 
26 48 34 
45 30 6 
6 17 
43 5 
8 19 
34 41 
17 21 
19 3 
5 37 
39 31 
37 36 
41 28 
32 11 
22 49 14 
42 9 
3 16 
21 47 
28 35 
23 
18 
4 12 
14 40 
11 
20 18 
33 24 
29 
30 
31 
36 
16 
9 
24 
12 
48 
47 
40 
35 
49 
25 
# clone tree 87 objective: 1.7062
0 20 43 15 
15 22 39 10 27 
27 23 46 
46 2 44 
10 29 13 
44 32 1 
13 4 7 
2 33 38 
1 45 
38 42 8 
7 26 
26 48 34 
45 30 6 
6 17 
43 5 
8 19 
34 41 
17 21 
19 3 
5 37 
39 31 
37 36 
41 28 
32 11 
22 49 14 
42 9 
3 16 
21 47 
28 35 
23 
18 25 
4 12 
14 40 
11 
20 18 
33 24 
29 
30 
31 
36 
16 
9 
24 
12 
48 
47 
40 
35 
49 
25 
# clone tree 88 objective: 1.70639
0 35 20 43 15 
15 22 39 10 27 
27 23 46 
46 2 44 
10 29 13 
44 32 1 
13 4 7 
2 33 38 
1 45 
38 42 8 
7 26 
26 48 34 
45 30 6 
6 17 
43 5 
8 19 
34 41 
17 21 
19 3 
5 37 
39 31 
37 36 
41 28 
32 11 
22 14 
42 9 
3 16 
21 18 
28 49 47 
23 
18 25 
4 12 
14 40 
11 
20 
33 24 
29 
30 
31 
36 
16 
9 
24 
12 
48 
47 
40 
35 
49 
25 
# clone tree 89 objective: 1.70639
0 25 35 20 43 15 
15 22 39 10 27 
27 23 46 
46 2 44 
10 29 13 
44 32 1 
13 4 7 
2 33 38 
1 45 
38 42 8 
7 26 
26 48 34 
45 30 6 
6 17 
43 5 
8 19 
34 41 
17 21 
19 3 
5 37 
39 31 
37 36 
41 28 
32 11 
22 14 
42 9 
3 16 
21 18 
28 49 47 
23 
18 
4 12 
14 40 
11 
20 
33 24 
29 
30 
31 
36 
16 
9 
24 
12 
48 
47 
40 
35 
49 
25 
# clone tree 90 objective: 1.70639
0 35 20 43 15 
15 22 39 10 27 
27 23 46 
46 2 44 
10 29 13 
44 32 1 
13 4 7 
2 33 38 
1 45 
38 42 8 
7 26 
26 48 34 
45 30 6 
6 17 
43 5 
8 19 
34 41 
17 21 
19 3 
5 37 
39 31 
37 36 
41 28 
32 11 
22 14 
42 9 
3 16 
21 18 
28 49 47 
23 
18 
4 12 
14 40 
11 
20 25 
33 24 
29 
30 
31 
36 
16 
9 
24 
12 
48 
47 
40 
35 
49 
25 
# clone tree 91 objective: 1.70645
0 20 43 15 
15 33 22 39 10 27 
27 23 46 
46 2 44 
10 29 13 
44 32 1 
13 4 7 
2 38 
1 45 
38 42 8 
7 26 
26 48 34 
45 30 6 
6 17 
43 5 
8 19 
34 41 
17 21 
19 3 
5 37 
39 31 
37 36 
41 28 
32 11 
22 14 
42 9 
3 16 
21 18 
28 49 47 
23 
18 25 
4 12 
14 35 40 
11 
20 
33 24 
29 
30 
31 
36 
16 
9 
24 
12 
48 
47 
40 
35 
49 
25 
# clone tree 92 objective: 1.70645
0 25 20 43 15 
15 40 33 22 39 10 27 
27 23 46 
46 2 44 
10 29 13 
44 32 1 
13 4 7 
2 38 
1 45 
38 42 8 
7 26 
26 48 34 
45 30 6 
6 17 
43 5 
8 19 
34 41 
17 21 
19 3 
5 37 
39 31 
37 36 
41 28 
32 11 
22 14 
42 9 
3 16 
21 18 
28 49 47 
23 
18 
4 12 
14 35 
11 
20 
33 24 
29 
30 
31 
36 
16 
9 
24 
12 
48 
47 
40 
35 
49 
25 
# clone tree 93 objective: 1.70645
0 20 43 15 
15 33 22 39 10 27 
27 23 46 
46 2 44 
10 29 13 
44 32 1 
13 4 7 
2 38 
1 45 
38 42 8 
7 26 
26 48 34 
45 30 6 
6 17 
43 5 
8 19 
34 41 
17 21 
19 3 
5 37 
39 31 
37 36 
41 28 
32 11 
22 14 
42 9 
3 16 
21 18 
28 49 47 
23 
18 
4 12 
14 35 40 
11 
20 25 
33 24 
29 
30 
31 
36 
16 
9 
24 
12 
48 
47 
40 
35 
49 
25 
# clone tree 94 objective: 1.70645
0 25 20 43 15 
15 33 22 39 10 27 
27 23 46 
46 2 44 
10 29 13 
44 32 1 
13 4 7 
2 38 
1 45 
38 42 8 
7 26 
26 48 34 
45 30 6 
6 17 
43 5 
8 19 
34 41 
17 21 
19 3 
5 37 
39 31 
37 36 
41 28 
32 11 
22 14 
42 9 
3 16 
21 18 
28 49 47 
23 
18 
4 12 
14 35 40 
11 
20 
33 24 
29 
30 
31 
36 
16 
9 
24 
12 
48 
47 
40 
35 
49 
25 
# clone tree 95 objective: 1.70645
0 20 43 15 
15 40 33 22 39 10 27 
27 23 46 
46 2 44 
10 29 13 
44 32 1 
13 4 7 
2 38 
1 45 
38 42 8 
7 26 
26 48 34 
45 30 6 
6 17 
43 5 
8 19 
34 41 
17 21 
19 3 
5 37 
39 31 
37 36 
41 28 
32 11 
22 14 
42 9 
3 16 
21 18 
28 49 47 
23 
18 
4 12 
14 35 
11 
20 25 
33 24 
29 
30 
31 
36 
16 
9 
24 
12 
48 
47 
40 
35 
49 
25 
# clone tree 96 objective: 1.70645
0 20 43 15 
15 40 33 22 39 10 27 
27 23 46 
46 2 44 
10 29 13 
44 32 1 
13 4 7 
2 38 
1 45 
38 42 8 
7 26 
26 48 34 
45 30 6 
6 17 
43 5 
8 19 
34 41 
17 21 
19 3 
5 37 
39 31 
37 36 
41 28 
32 11 
22 14 
42 9 
3 16 
21 18 
28 49 47 
23 
18 25 
4 12 
14 35 
11 
20 
33 24 
29 
30 
31 
36 
16 
9 
24 
12 
48 
47 
40 
35 
49 
25 
# clone tree 97 objective: 1.70651
0 25 12 20 43 15 
15 33 22 39 10 27 
27 23 46 
46 2 44 
10 29 13 
44 32 1 
13 4 7 
2 38 
1 45 
38 42 8 
7 26 
26 35 34 
45 30 6 
6 17 
43 5 
8 19 
34 41 
17 21 
19 3 
5 37 
39 40 48 24 
37 36 
41 28 
32 11 
22 14 
42 9 
3 16 
21 18 
28 47 
23 
18 
4 31 
14 49 
11 
20 
33 
29 
30 
31 
36 
16 
9 
24 
12 
48 
47 
40 
35 
49 
25 
# clone tree 98 objective: 1.70651
0 12 20 43 15 
15 33 22 39 10 27 
27 23 46 
46 2 44 
10 29 13 
44 32 1 
13 4 7 
2 38 
1 45 
38 42 8 
7 26 
26 35 34 
45 30 6 
6 17 
43 5 
8 19 
34 41 
17 21 
19 3 
5 37 
39 40 48 24 
37 36 
41 28 
32 11 
22 14 
42 9 
3 16 
21 18 
28 47 
23 
18 25 
4 31 
14 49 
11 
20 
33 
29 
30 
31 
36 
16 
9 
24 
12 
48 
47 
40 
35 
49 
25 
# clone tree 99 objective: 1.70651
0 12 20 43 15 
15 33 22 39 10 27 
27 23 46 
46 2 44 
10 29 13 
44 32 1 
13 4 7 
2 38 
1 45 
38 42 8 
7 26 
26 35 34 
45 30 6 
6 17 
43 5 
8 19 
34 41 
17 21 
19 3 
5 37 
39 40 48 24 
37 36 
41 28 
32 11 
22 14 
42 9 
3 16 
21 18 
28 47 
23 
18 
4 31 
14 49 
11 
20 25 
33 
29 
30 
31 
36 
16 
9 
24 
12 
48 
47 
40 
35 
49 
25 
