# clone tree 0 objective: 2.21456
0 48 40 
40 23 22 39 
39 41 21 16 15 
15 10 26 
46 32 18 4 
26 13 46 
4 20 45 24 
24 31 
16 12 2 
3 42 
2 47 9 8 
31 27 5 
5 3 
42 33 
33 36 38 
8 19 43 
38 7 
21 29 11 
43 1 6 
11 
12 17 
45 
6 37 
48 25 
37 44 
7 34 
20 
34 35 
22 30 
17 
25 
19 
44 28 
41 
10 
35 14 
18 49 
27 
13 
36 
28 
30 
9 
14 
23 
32 
1 
47 
49 
29 
# clone tree 1 objective: 2.21456
0 48 40 
40 23 22 39 
39 41 21 16 15 
15 10 26 
46 32 18 4 
26 13 46 
4 20 45 24 
24 31 
16 12 2 
3 42 
2 47 9 8 
31 27 5 
5 3 
42 33 
33 36 38 
8 19 43 
38 7 
21 11 
43 1 6 
11 
12 17 
45 
6 37 
48 25 
37 44 
7 34 
20 
34 35 
22 30 
17 
25 29 
19 
44 28 
41 
10 
35 14 
18 49 
27 
13 
36 
28 
30 
9 
14 
23 
32 
1 
47 
49 
29 
# clone tree 2 objective: 2.21456
0 49 48 40 
40 23 22 39 
39 41 21 16 15 
15 10 26 
46 47 32 18 4 
26 13 46 
4 20 45 24 
24 31 
16 12 2 
3 42 
2 9 8 
31 27 5 
5 3 
42 33 
33 36 38 
8 19 43 
38 7 
21 11 
43 6 
11 
12 17 
45 
6 37 
48 25 
37 44 
7 34 
20 1 
34 35 
22 30 
17 
25 29 
19 
44 28 
41 
10 
35 14 
18 
27 
13 
36 
28 
30 
9 
14 
23 
32 
1 
47 
49 
29 
# clone tree 3 objective: 2.21456
0 48 40 
40 23 22 39 
39 41 21 16 15 
15 10 26 
46 47 32 18 4 
26 13 46 
4 20 45 24 
24 31 
16 12 2 
3 42 
2 9 8 
31 27 5 
5 3 
42 49 33 
33 36 38 
8 19 43 
38 7 
21 11 
43 29 1 6 
11 
12 17 
45 
6 37 
48 25 
37 44 
7 34 
20 
34 35 
22 30 
17 
25 
19 
44 28 
41 
10 
35 14 
18 
27 
13 
36 
28 
30 
9 
14 
23 
32 
1 
47 
49 
29 
# clone tree 4 objective: 2.21456
0 48 40 
40 23 22 39 
39 41 21 16 15 
15 10 26 
46 47 32 18 4 
26 13 46 
4 29 20 45 24 
24 31 
16 12 2 
3 42 
2 9 8 
31 27 5 
5 3 
42 33 
33 36 38 
8 19 43 
38 7 
21 11 
43 1 6 
11 
12 17 
45 
6 37 
48 25 
37 44 
7 34 
20 
34 35 
22 30 
17 
25 49 
19 
44 28 
41 
10 
35 14 
18 
27 
13 
36 
28 
30 
9 
14 
23 
32 
1 
47 
49 
29 
# clone tree 5 objective: 2.21456
0 48 40 
40 23 22 39 
39 41 21 16 15 
15 10 26 
46 47 32 18 4 
26 13 46 
4 20 45 24 
24 31 
16 12 2 
3 42 
2 9 8 
31 27 5 
5 3 
42 33 
33 36 38 
8 19 43 
38 7 
21 11 
43 1 6 
11 
12 17 
45 
6 37 
48 25 
37 44 
7 34 
20 
34 35 
22 30 
17 
25 49 
19 
44 28 
41 
10 
35 14 
18 
27 
13 29 
36 
28 
30 
9 
14 
23 
32 
1 
47 
49 
29 
# clone tree 6 objective: 2.21456
0 48 40 
40 23 22 39 
39 41 21 16 15 
15 10 26 
46 32 18 4 
26 13 46 
4 20 45 24 
24 31 
16 12 2 
3 42 
2 9 8 
31 27 5 
5 3 
42 33 
33 36 38 
8 19 43 
38 7 
21 11 
43 6 
11 
12 17 
45 
6 37 
48 25 
37 44 
7 34 
20 1 
34 49 35 
22 30 
17 
25 
19 
44 28 
41 
10 47 
35 14 
18 
27 
13 
36 
28 
30 
9 
14 
23 
32 
1 29 
47 
49 
29 
# clone tree 7 objective: 2.21456
0 48 40 
40 23 22 39 
39 41 21 16 15 
15 10 26 
46 32 18 4 
26 13 46 
4 20 45 24 
24 31 
16 12 2 
3 42 
2 47 9 8 
31 27 5 
5 3 
42 33 
33 36 38 
8 19 43 
38 7 
21 11 
43 1 6 
11 
12 17 
45 
6 37 
48 25 
37 44 
7 34 
20 
34 35 
22 30 
17 
25 
19 
44 28 
41 
10 
35 14 
18 49 
27 
13 
36 29 
28 
30 
9 
14 
23 
32 
1 
47 
49 
29 
# clone tree 8 objective: 2.21456
0 29 48 40 
40 23 22 39 
39 41 21 16 15 
15 10 26 
46 32 18 4 
26 13 46 
4 20 45 24 
24 31 
16 12 2 
3 42 
2 9 8 
31 27 5 
5 3 
42 33 
33 36 38 
8 19 43 
38 7 
21 11 
43 6 
11 
12 17 
45 
6 37 
48 25 
37 44 
7 34 
20 1 
34 49 35 
22 30 
17 
25 
19 
44 28 
41 
10 47 
35 14 
18 
27 
13 
36 
28 
30 
9 
14 
23 
32 
1 
47 
49 
29 
# clone tree 9 objective: 2.21456
0 48 40 
40 23 22 39 
39 41 21 16 15 
15 10 26 
46 32 18 4 
26 13 46 
4 20 45 24 
24 31 
16 12 2 
3 42 
2 47 9 8 
31 27 5 
5 3 
42 33 
33 36 38 
8 19 43 
38 29 7 
21 11 
43 1 6 
11 
12 17 
45 
6 37 
48 25 
37 44 
7 34 
20 
34 35 
22 30 
17 
25 
19 
44 28 
41 
10 
35 14 
18 49 
27 
13 
36 
28 
30 
9 
14 
23 
32 
1 
47 
49 
29 
