# clone tree 0 objective: 1.47734
0 19 8 
4 5 33 40 
8 6 4 
40 42 28 1 22 
22 30 29 
44 20 16 
29 44 
16 36 14 9 13 
19 49 35 
30 23 11 18 
35 17 24 
18 10 
13 45 34 21 
33 38 
24 46 
10 41 43 
1 12 
9 7 
5 15 32 
38 26 39 
12 27 
28 2 
11 37 
21 
43 31 
39 
46 25 
17 47 
37 
7 
27 3 
25 
42 
32 
15 48 
34 
3 
41 
48 
20 
23 
14 
31 
47 
2 
36 
26 
45 
6 
49 
# clone tree 1 objective: 1.47734
0 19 8 
4 5 33 40 
8 4 
40 42 28 1 22 
22 30 29 
44 20 16 
29 44 
16 36 14 9 13 
19 49 35 
30 23 11 18 
35 17 24 
18 10 
13 45 34 21 
33 38 
24 46 
10 41 43 
1 12 
9 7 
5 15 32 
38 26 39 
12 27 
28 2 
11 37 
21 
43 6 31 
39 
46 25 
17 47 
37 
7 
27 3 
25 
42 
32 
15 48 
34 
3 
41 
48 
20 
23 
14 
31 
47 
2 
36 
26 
45 
6 
49 
# clone tree 2 objective: 1.47773
0 19 8 
4 5 33 40 
8 4 
40 42 28 1 22 
22 30 29 
44 20 16 
29 44 
16 36 14 9 13 
19 35 
30 23 11 18 
35 17 24 
18 10 
13 45 34 21 
33 38 
24 46 
10 41 43 
1 12 
9 49 7 
5 15 32 
38 26 39 
12 27 
28 2 
11 37 
21 
43 6 31 
39 
46 25 
17 47 
37 
7 
27 3 
25 
42 
32 
15 48 
34 
3 
41 
48 
20 
23 
14 
31 
47 
2 
36 
26 
45 
6 
49 
# clone tree 3 objective: 1.47773
0 19 8 
4 5 33 40 
8 4 
40 42 28 1 22 
22 30 29 
44 20 16 
29 44 
16 36 14 9 13 
19 35 
30 23 11 18 
35 17 24 
18 10 
13 45 34 21 
33 38 
24 46 
10 41 43 
1 12 
9 7 
5 15 32 
38 26 39 
12 27 
28 49 2 
11 37 
21 
43 6 31 
39 
46 25 
17 47 
37 
7 
27 3 
25 
42 
32 
15 48 
34 
3 
41 
48 
20 
23 
14 
31 
47 
2 
36 
26 
45 
6 
49 
# clone tree 4 objective: 1.47773
0 19 8 
4 5 33 40 
8 6 4 
40 42 28 1 22 
22 30 29 
44 20 16 
29 44 
16 36 14 9 13 
19 35 
30 23 11 18 
35 17 24 
18 10 
13 45 34 21 
33 38 
24 46 
10 41 43 
1 12 
9 7 
5 15 32 
38 26 39 
12 27 
28 49 2 
11 37 
21 
43 31 
39 
46 25 
17 47 
37 
7 
27 3 
25 
42 
32 
15 48 
34 
3 
41 
48 
20 
23 
14 
31 
47 
2 
36 
26 
45 
6 
49 
# clone tree 5 objective: 1.47773
0 19 8 
4 5 33 40 
8 6 4 
40 42 28 1 22 
22 30 29 
44 20 16 
29 44 
16 36 14 9 13 
19 35 
30 23 11 18 
35 17 24 
18 10 
13 45 34 21 
33 38 
24 46 
10 41 43 
1 12 
9 49 7 
5 15 32 
38 26 39 
12 27 
28 2 
11 37 
21 
43 31 
39 
46 25 
17 47 
37 
7 
27 3 
25 
42 
32 
15 48 
34 
3 
41 
48 
20 
23 
14 
31 
47 
2 
36 
26 
45 
6 
49 
# clone tree 6 objective: 1.47834
0 19 8 
4 5 33 40 
8 4 
40 42 28 1 22 
22 30 29 
44 20 16 
29 44 
16 36 14 9 13 
19 49 35 
30 23 11 18 
35 17 24 
18 10 
13 45 34 21 
33 38 
24 46 
10 41 43 
1 12 
9 7 
5 15 32 
38 26 39 
12 27 
28 2 
11 37 
21 
43 31 
39 
46 25 
17 47 
37 
7 6 
27 3 
25 
42 
32 
15 48 
34 
3 
41 
48 
20 
23 
14 
31 
47 
2 
36 
26 
45 
6 
49 
# clone tree 7 objective: 1.47846
0 19 8 
4 5 33 40 
8 4 
40 42 28 1 22 
22 30 29 
44 20 16 
29 44 
16 36 14 9 13 
19 49 35 
30 23 11 18 
35 17 24 
18 10 
13 45 34 21 
33 38 
24 46 
10 41 43 
1 12 
9 7 
5 15 32 
38 26 39 
12 27 
28 2 
11 37 
21 
43 6 31 
39 
46 25 
17 
37 
7 
27 3 
25 
42 
32 
15 48 
34 
3 
41 
48 
20 
23 47 
14 
31 
47 
2 
36 
26 
45 
6 
49 
# clone tree 8 objective: 1.47846
0 19 8 
4 5 33 40 
8 6 4 
40 42 28 1 22 
22 30 29 
44 20 16 
29 44 
16 36 14 9 13 
19 49 35 
30 23 11 18 
35 17 24 
18 10 
13 45 34 21 
33 38 
24 46 
10 41 43 
1 12 
9 7 
5 15 32 
38 26 39 
12 27 
28 2 
11 37 
21 
43 31 
39 
46 25 
17 
37 
7 
27 3 
25 
42 
32 
15 48 
34 
3 
41 
48 
20 
23 47 
14 
31 
47 
2 
36 
26 
45 
6 
49 
# clone tree 9 objective: 1.47856
0 19 8 
4 5 33 40 
8 6 4 
40 42 28 1 22 
22 30 29 
44 23 20 16 
29 44 
16 36 14 9 13 
19 49 35 
30 47 11 18 
35 17 24 
18 10 
13 45 34 21 
33 38 
24 46 
10 41 43 
1 12 
9 7 
5 15 32 
38 26 39 
12 27 
28 2 
11 37 
21 
43 31 
39 
46 25 
17 
37 
7 
27 3 
25 
42 
32 
15 48 
34 
3 
41 
48 
20 
23 
14 
31 
47 
2 
36 
26 
45 
6 
49 
