# clone tree 0 objective: 2.68951
0 23 40 
40 2 32 
32 10 4 
4 41 1 11 33 
33 30 25 
25 46 
45 27 
27 15 9 6 
46 45 
6 36 20 
20 28 16 
16 22 
22 18 
18 43 13 
13 47 48 12 
12 35 
35 37 17 5 
30 3 
3 34 
10 29 24 
11 31 7 
34 44 
5 
9 42 
2 49 
36 21 
1 
17 39 38 
15 
42 
43 26 
44 14 
24 8 
48 
38 
41 
7 
28 
29 19 
8 
31 
19 
23 
37 
39 
49 
14 
21 
47 
26 
# clone tree 1 objective: 2.68951
0 23 40 
40 21 2 32 
32 10 4 
4 41 1 11 33 
33 30 25 
25 46 
45 27 
27 15 9 6 
46 45 
6 36 20 
20 28 16 
16 22 
22 18 
18 43 13 
13 47 48 12 
12 35 
35 37 17 5 
30 3 
3 34 
10 29 24 
11 31 7 
34 44 
5 
9 42 
2 49 
36 
1 
17 39 38 
15 
42 
43 26 
44 14 
24 8 
48 
38 
41 
7 
28 
29 19 
8 
31 
19 
23 
37 
39 
49 
14 
21 
47 
26 
# clone tree 2 objective: 2.68951
0 23 40 
40 2 32 
32 10 4 
4 41 1 11 33 
33 30 25 
25 46 
45 27 
27 15 9 6 
46 45 
6 36 20 
20 28 16 
16 22 
22 18 
18 43 13 
13 47 48 12 
12 35 
35 37 17 5 
30 3 
3 21 34 
10 29 24 
11 31 7 
34 44 
5 
9 42 
2 49 
36 
1 
17 39 38 
15 
42 
43 26 
44 14 
24 8 
48 
38 
41 
7 
28 
29 19 
8 
31 
19 
23 
37 
39 
49 
14 
21 
47 
26 
# clone tree 3 objective: 2.69123
0 23 40 
40 21 2 32 
32 10 4 
4 41 1 11 33 
33 30 25 
25 46 
45 27 
27 15 9 6 
46 45 
6 36 20 
20 28 16 
16 22 
22 18 
18 43 13 
13 47 48 12 
12 35 
35 37 17 5 
30 3 
3 34 
10 29 24 
11 31 7 
34 44 
5 
9 42 
2 49 
36 
1 
17 39 38 
15 
42 
43 
44 14 
24 8 
48 26 
38 
41 
7 
28 
29 19 
8 
31 
19 
23 
37 
39 
49 
14 
21 
47 
26 
# clone tree 4 objective: 2.69123
0 23 40 
40 2 32 
32 10 4 
4 41 1 11 33 
33 30 25 
25 46 
45 27 
27 15 9 6 
46 45 
6 36 20 
20 28 16 
16 22 
22 18 
18 43 13 
13 47 48 12 
12 35 
35 37 17 5 
30 3 
3 21 34 
10 29 24 
11 31 7 
34 44 
5 
9 42 
2 49 
36 
1 
17 39 38 
15 
42 
43 
44 14 
24 8 
48 26 
38 
41 
7 
28 
29 19 
8 
31 
19 
23 
37 
39 
49 
14 
21 
47 
26 
# clone tree 5 objective: 2.69123
0 23 40 
40 2 32 
32 10 4 
4 41 1 11 33 
33 30 25 
25 46 
45 27 
27 15 9 6 
46 45 
6 36 20 
20 28 16 
16 22 
22 18 
18 43 13 
13 47 48 12 
12 35 
35 37 17 5 
30 3 
3 34 
10 29 24 
11 31 7 
34 44 
5 
9 42 
2 49 
36 21 
1 
17 39 38 
15 
42 
43 
44 14 
24 8 
48 26 
38 
41 
7 
28 
29 19 
8 
31 
19 
23 
37 
39 
49 
14 
21 
47 
26 
# clone tree 6 objective: 2.69131
0 23 40 
40 2 32 
32 10 4 
4 41 1 11 33 
33 30 25 
25 46 
45 27 
27 15 9 6 
46 45 
6 36 20 
20 28 16 
16 22 
22 18 
18 43 13 
13 47 48 12 
12 35 
35 37 17 5 
30 3 
3 21 34 
10 29 24 
11 31 7 
34 44 
5 
9 42 
2 
36 
1 
17 39 38 
15 
42 
43 49 
44 14 
24 8 
48 26 
38 
41 
7 
28 
29 19 
8 
31 
19 
23 
37 
39 
49 
14 
21 
47 
26 
# clone tree 7 objective: 2.69131
0 23 40 
40 21 2 32 
32 10 4 
4 41 1 11 33 
33 30 25 
25 46 
45 27 
27 15 9 6 
46 45 
6 36 20 
20 28 16 
16 22 
22 18 
18 43 13 
13 47 48 12 
12 35 
35 37 17 5 
30 3 
3 34 
10 29 24 
11 31 7 
34 44 
5 
9 42 
2 
36 
1 
17 39 38 
15 
42 
43 49 
44 14 
24 8 
48 26 
38 
41 
7 
28 
29 19 
8 
31 
19 
23 
37 
39 
49 
14 
21 
47 
26 
# clone tree 8 objective: 2.69131
0 23 40 
40 2 32 
32 10 4 
4 41 1 11 33 
33 30 25 
25 46 
45 27 
27 15 9 6 
46 45 
6 36 20 
20 28 16 
16 22 
22 18 
18 43 13 
13 47 48 12 
12 35 
35 37 17 5 
30 3 
3 34 
10 29 24 
11 31 7 
34 44 
5 
9 42 
2 
36 21 
1 
17 39 38 
15 
42 
43 49 
44 14 
24 8 
48 26 
38 
41 
7 
28 
29 19 
8 
31 
19 
23 
37 
39 
49 
14 
21 
47 
26 
# clone tree 9 objective: 2.69252
0 23 40 
40 2 32 
32 10 4 
4 41 1 11 33 
33 30 25 
25 46 
45 27 
27 15 9 6 
46 45 
6 36 20 
20 28 16 
16 22 
22 18 
18 43 13 
13 49 48 12 
12 35 
35 37 17 5 
30 3 
3 34 
10 29 24 
11 31 7 
34 44 
5 
9 42 
2 
36 21 
1 
17 39 38 
15 
42 
43 
44 14 
24 8 
48 26 
38 
41 
7 
28 
29 19 
8 
31 
19 47 
23 
37 
39 
49 
14 
21 
47 
26 
