# clone tree 0 objective: 1.67562
0 49 6 16 
16 4 39 
39 28 24 42 18 
4 13 36 38 
38 10 12 41 
18 33 22 31 
41 40 30 1 
31 17 2 
2 27 
27 43 5 
42 15 
36 48 47 
1 14 
5 11 
15 9 
22 3 44 
30 20 
12 26 
14 19 
13 7 
9 8 
20 21 29 
11 46 
7 35 
8 37 
19 25 
44 34 
46 
35 23 
25 
34 
40 
26 
6 
29 
47 
17 45 
49 
24 
37 
48 
3 
33 32 
23 
10 
43 
32 
28 
45 
21 
# clone tree 1 objective: 1.67562
0 49 6 16 
16 4 39 
39 24 42 18 
4 13 36 38 
38 21 10 12 41 
18 33 22 31 
41 40 30 1 
31 17 2 
2 27 
27 43 5 
42 15 
36 48 47 
1 14 
5 32 11 
15 9 
22 3 44 
30 20 
12 26 
14 19 
13 7 
9 8 
20 45 29 
11 46 
7 35 
8 37 
19 25 
44 34 
46 
35 23 
25 
34 28 
40 
26 
6 
29 
47 
17 
49 
24 
37 
48 
3 
33 
23 
10 
43 
32 
28 
45 
21 
# clone tree 2 objective: 1.67562
0 49 6 16 
16 4 39 
39 28 24 42 18 
4 13 36 38 
38 10 12 41 
18 33 22 31 
41 40 30 1 
31 17 2 
2 27 
27 43 5 
42 15 
36 48 47 
1 14 
5 11 
15 9 
22 3 44 
30 20 
12 26 
14 19 
13 7 
9 8 
20 29 
11 46 
7 35 
8 37 
19 25 
44 34 
46 
35 23 
25 
34 
40 
26 
6 
29 
47 
17 45 
49 21 
24 
37 
48 
3 
33 32 
23 
10 
43 
32 
28 
45 
21 
# clone tree 3 objective: 1.67562
0 49 6 16 
16 4 39 
39 45 24 42 18 
4 13 36 38 
38 10 12 41 
18 33 22 31 
41 40 30 1 
31 17 2 
2 27 
27 43 5 
42 15 
36 28 48 47 
1 14 
5 32 11 
15 9 
22 3 44 
30 20 
12 26 
14 19 
13 7 
9 8 
20 29 
11 46 
7 35 
8 37 
19 25 
44 34 
46 
35 23 
25 
34 
40 
26 
6 
29 
47 
17 
49 21 
24 
37 
48 
3 
33 
23 
10 
43 
32 
28 
45 
21 
# clone tree 4 objective: 1.67562
0 49 6 16 
16 4 39 
39 24 42 18 
4 13 36 38 
38 10 12 41 
18 33 22 31 
41 40 30 1 
31 17 2 
2 27 
27 43 5 
42 15 
36 48 47 
1 14 
5 32 11 
15 9 
22 3 44 
30 20 
12 26 
14 19 
13 7 
9 8 
20 45 29 
11 46 
7 35 
8 21 37 
19 25 
44 34 
46 
35 23 
25 
34 28 
40 
26 
6 
29 
47 
17 
49 
24 
37 
48 
3 
33 
23 
10 
43 
32 
28 
45 
21 
# clone tree 5 objective: 1.67562
0 49 6 16 
16 4 39 
39 45 24 42 18 
4 13 36 38 
38 10 12 41 
18 33 22 31 
41 40 30 1 
31 17 2 
2 27 
27 43 5 
42 15 
36 28 48 47 
1 14 
5 32 11 
15 9 
22 3 44 
30 20 
12 26 
14 19 
13 7 
9 8 
20 29 
11 46 
7 35 
8 37 
19 25 
44 34 
46 
35 23 
25 
34 
40 
26 
6 
29 
47 
17 
49 
24 
37 
48 
3 
33 
23 21 
10 
43 
32 
28 
45 
21 
# clone tree 6 objective: 1.67562
0 49 6 16 
16 4 39 
39 28 24 42 18 
4 13 36 38 
38 10 12 41 
18 33 22 31 
41 40 30 1 
31 17 2 
2 27 
27 43 5 
42 15 
36 48 47 
1 14 
5 11 
15 9 
22 3 44 
30 20 
12 26 
14 19 
13 7 
9 21 8 
20 29 
11 46 
7 35 
8 37 
19 25 
44 34 
46 
35 23 
25 
34 
40 
26 
6 
29 
47 
17 45 
49 
24 
37 
48 
3 
33 32 
23 
10 
43 
32 
28 
45 
21 
# clone tree 7 objective: 1.67562
0 49 6 16 
16 4 39 
39 45 24 42 18 
4 13 36 38 
38 10 12 41 
18 33 22 31 
41 21 40 30 1 
31 17 2 
2 27 
27 43 5 
42 15 
36 28 48 47 
1 14 
5 32 11 
15 9 
22 3 44 
30 20 
12 26 
14 19 
13 7 
9 8 
20 29 
11 46 
7 35 
8 37 
19 25 
44 34 
46 
35 23 
25 
34 
40 
26 
6 
29 
47 
17 
49 
24 
37 
48 
3 
33 
23 
10 
43 
32 
28 
45 
21 
# clone tree 8 objective: 1.67562
0 49 6 16 
16 4 39 
39 28 24 42 18 
4 13 36 38 
38 10 12 41 
18 33 22 31 
41 40 30 1 
31 17 2 
2 27 
27 43 5 
42 15 
36 48 47 
1 14 
5 11 
15 9 
22 3 44 
30 20 
12 26 
14 19 
13 7 
9 8 
20 29 
11 46 
7 35 
8 37 
19 25 
44 34 
46 
35 23 
25 
34 45 
40 
26 32 
6 
29 
47 
17 
49 21 
24 
37 
48 
3 
33 
23 
10 
43 
32 
28 
45 
21 
# clone tree 9 objective: 1.67562
0 49 6 16 
16 4 39 
39 45 24 42 18 
4 13 36 38 
38 10 12 41 
18 33 22 31 
41 21 40 30 1 
31 17 2 
2 27 
27 43 5 
42 15 
36 48 47 
1 14 
5 32 11 
15 9 
22 3 44 
30 20 
12 26 
14 19 
13 7 
9 8 
20 29 
11 46 
7 35 
8 37 
19 25 
44 34 
46 
35 23 
25 
34 28 
40 
26 
6 
29 
47 
17 
49 
24 
37 
48 
3 
33 
23 
10 
43 
32 
28 
45 
21 
# clone tree 10 objective: 1.67562
0 49 6 16 
16 4 39 
39 28 24 42 18 
4 13 36 38 
38 10 12 41 
18 33 22 31 
41 40 30 1 
31 17 2 
2 27 
27 43 5 
42 15 
36 48 47 
1 14 
5 11 
15 9 
22 21 3 44 
30 20 
12 26 
14 19 
13 7 
9 8 
20 29 
11 46 
7 35 
8 37 
19 25 
44 34 
46 
35 23 
25 
34 45 
40 
26 32 
6 
29 
47 
17 
49 
24 
37 
48 
3 
33 
23 
10 
43 
32 
28 
45 
21 
# clone tree 11 objective: 1.67562
0 49 6 16 
16 4 39 
39 45 24 42 18 
4 13 36 38 
38 10 12 41 
18 33 22 31 
41 40 30 1 
31 17 2 
2 27 
27 43 5 
42 15 
36 28 48 47 
1 14 
5 32 11 
15 9 
22 3 44 
30 20 
12 26 
14 19 
13 7 
9 8 
20 21 29 
11 46 
7 35 
8 37 
19 25 
44 34 
46 
35 23 
25 
34 
40 
26 
6 
29 
47 
17 
49 
24 
37 
48 
3 
33 
23 
10 
43 
32 
28 
45 
21 
# clone tree 12 objective: 1.67562
0 49 6 16 
16 4 39 
39 28 24 42 18 
4 13 36 38 
38 10 12 41 
18 33 22 31 
41 40 30 1 
31 17 2 
2 27 
27 43 5 
42 15 
36 48 47 
1 14 
5 11 
15 9 
22 3 44 
30 20 
12 26 
14 19 
13 7 
9 8 
20 29 
11 46 
7 35 
8 37 
19 25 
44 34 
46 
35 23 
25 
34 45 
40 21 
26 32 
6 
29 
47 
17 
49 
24 
37 
48 
3 
33 
23 
10 
43 
32 
28 
45 
21 
# clone tree 13 objective: 1.67562
0 49 6 16 
16 4 39 
39 45 24 42 18 
4 13 36 38 
38 21 10 12 41 
18 33 22 31 
41 40 30 1 
31 17 2 
2 27 
27 43 5 
42 15 
36 28 48 47 
1 14 
5 32 11 
15 9 
22 3 44 
30 20 
12 26 
14 19 
13 7 
9 8 
20 29 
11 46 
7 35 
8 37 
19 25 
44 34 
46 
35 23 
25 
34 
40 
26 
6 
29 
47 
17 
49 
24 
37 
48 
3 
33 
23 
10 
43 
32 
28 
45 
21 
# clone tree 14 objective: 1.67562
0 45 49 6 16 
16 21 4 39 
39 24 42 18 
4 13 36 38 
38 10 12 41 
18 33 22 31 
41 40 30 1 
31 17 2 
2 27 
27 43 5 
42 32 15 
36 28 48 47 
1 14 
5 11 
15 9 
22 3 44 
30 20 
12 26 
14 19 
13 7 
9 8 
20 29 
11 46 
7 35 
8 37 
19 25 
44 34 
46 
35 23 
25 
34 
40 
26 
6 
29 
47 
17 
49 
24 
37 
48 
3 
33 
23 
10 
43 
32 
28 
45 
21 
# clone tree 15 objective: 1.67562
0 49 6 16 
16 21 4 39 
39 45 24 42 18 
4 13 36 38 
38 10 12 41 
18 33 22 31 
41 40 30 1 
31 17 2 
2 27 
27 43 5 
42 15 
36 28 48 47 
1 14 
5 32 11 
15 9 
22 3 44 
30 20 
12 26 
14 19 
13 7 
9 8 
20 29 
11 46 
7 35 
8 37 
19 25 
44 34 
46 
35 23 
25 
34 
40 
26 
6 
29 
47 
17 
49 
24 
37 
48 
3 
33 
23 
10 
43 
32 
28 
45 
21 
# clone tree 16 objective: 1.67562
0 49 6 16 
16 4 39 
39 28 24 42 18 
4 13 36 38 
38 10 12 41 
18 33 22 31 
41 40 30 1 
31 17 2 
2 27 
27 43 5 
42 15 
36 48 47 
1 14 
5 11 
15 9 
22 3 44 
30 20 
12 26 
14 19 
13 7 
9 8 
20 29 
11 46 
7 35 
8 37 
19 25 
44 34 
46 
35 23 
25 
34 45 
40 
26 32 
6 
29 
47 
17 
49 
24 
37 
48 
3 
33 
23 21 
10 
43 
32 
28 
45 
21 
# clone tree 17 objective: 1.67562
0 49 6 16 
16 4 39 
39 24 42 18 
4 13 36 38 
38 10 12 41 
18 33 22 31 
41 40 30 1 
31 17 2 
2 27 
27 43 5 
42 15 
36 48 47 
1 14 
5 11 
15 9 
22 3 44 
30 20 
12 26 
14 45 19 
13 7 
9 8 
20 32 29 
11 46 
7 35 
8 37 
19 25 
44 21 34 
46 
35 23 
25 
34 28 
40 
26 
6 
29 
47 
17 
49 
24 
37 
48 
3 
33 
23 
10 
43 
32 
28 
45 
21 
# clone tree 18 objective: 1.67562
0 49 6 16 
16 4 39 
39 28 24 42 18 
4 13 36 38 
38 10 12 41 
18 33 22 31 
41 40 30 1 
31 17 2 
2 27 
27 43 5 
42 15 
36 48 47 
1 14 
5 11 
15 9 
22 3 44 
30 20 
12 26 
14 19 
13 7 
9 8 
20 21 29 
11 46 
7 35 
8 37 
19 25 
44 34 
46 
35 23 
25 
34 45 
40 
26 32 
6 
29 
47 
17 
49 
24 
37 
48 
3 
33 
23 
10 
43 
32 
28 
45 
21 
# clone tree 19 objective: 1.67562
0 45 49 6 16 
16 4 39 
39 28 24 42 18 
4 13 36 38 
38 10 12 41 
18 33 22 31 
41 40 30 1 
31 17 2 
2 27 
27 43 5 
42 15 
36 48 47 
1 14 
5 21 11 
15 9 
22 3 44 
30 20 
12 26 
14 19 
13 7 
9 8 
20 29 
11 46 
7 35 
8 37 
19 25 
44 34 
46 
35 23 
25 
34 32 
40 
26 
6 
29 
47 
17 
49 
24 
37 
48 
3 
33 
23 
10 
43 
32 
28 
45 
21 
# clone tree 20 objective: 1.67562
0 49 6 16 
16 4 39 
39 24 42 18 
4 13 36 38 
38 10 12 41 
18 33 22 31 
41 21 40 30 1 
31 17 2 
2 27 
27 43 5 
42 15 
36 48 47 
1 14 
5 11 
15 9 
22 3 44 
30 20 
12 26 
14 28 19 
13 7 
9 8 
20 29 
11 46 
7 35 
8 37 
19 25 
44 34 
46 
35 23 
25 
34 45 
40 
26 
6 
29 
47 
17 
49 
24 
37 
48 
3 
33 32 
23 
10 
43 
32 
28 
45 
21 
# clone tree 21 objective: 1.67562
0 49 6 16 
16 4 39 
39 24 42 18 
4 13 36 38 
38 10 12 41 
18 33 22 31 
41 40 30 1 
31 17 2 
2 27 
27 43 5 
42 15 
36 48 47 
1 14 
5 11 
15 9 
22 3 44 
30 20 
12 26 
14 45 19 
13 7 
9 8 
20 32 29 
11 46 
7 35 
8 37 
19 25 
44 34 
46 
35 23 
25 
34 28 
40 21 
26 
6 
29 
47 
17 
49 
24 
37 
48 
3 
33 
23 
10 
43 
32 
28 
45 
21 
# clone tree 22 objective: 1.67562
0 49 6 16 
16 4 39 
39 24 42 18 
4 45 13 36 38 
38 10 12 41 
18 33 22 31 
41 40 30 1 
31 17 2 
2 27 
27 43 5 
42 15 
36 48 47 
1 14 
5 32 11 
15 9 
22 21 3 44 
30 20 
12 26 
14 19 
13 7 
9 8 
20 29 
11 46 
7 35 
8 37 
19 25 
44 34 
46 
35 23 
25 
34 28 
40 
26 
6 
29 
47 
17 
49 
24 
37 
48 
3 
33 
23 
10 
43 
32 
28 
45 
21 
# clone tree 23 objective: 1.67562
0 49 6 16 
16 21 4 39 
39 24 42 18 
4 13 36 38 
38 10 12 41 
18 33 22 31 
41 40 30 1 
31 17 2 
2 27 
27 43 5 
42 15 
36 28 48 47 
1 14 
5 32 11 
15 9 
22 3 44 
30 20 
12 26 
14 45 19 
13 7 
9 8 
20 29 
11 46 
7 35 
8 37 
19 25 
44 34 
46 
35 23 
25 
34 
40 
26 
6 
29 
47 
17 
49 
24 
37 
48 
3 
33 
23 
10 
43 
32 
28 
45 
21 
# clone tree 24 objective: 1.67562
0 49 6 16 
16 4 39 
39 45 24 42 18 
4 13 36 38 
38 10 12 41 
18 33 22 31 
41 40 30 1 
31 17 2 
2 27 
27 43 5 
42 15 
36 28 48 47 
1 14 
5 21 32 11 
15 9 
22 3 44 
30 20 
12 26 
14 19 
13 7 
9 8 
20 29 
11 46 
7 35 
8 37 
19 25 
44 34 
46 
35 23 
25 
34 
40 
26 
6 
29 
47 
17 
49 
24 
37 
48 
3 
33 
23 
10 
43 
32 
28 
45 
21 
# clone tree 25 objective: 1.67562
0 45 49 6 16 
16 4 39 
39 24 42 18 
4 13 36 38 
38 21 10 12 41 
18 33 22 31 
41 40 30 1 
31 17 2 
2 27 
27 43 5 
42 32 15 
36 28 48 47 
1 14 
5 11 
15 9 
22 3 44 
30 20 
12 26 
14 19 
13 7 
9 8 
20 29 
11 46 
7 35 
8 37 
19 25 
44 34 
46 
35 23 
25 
34 
40 
26 
6 
29 
47 
17 
49 
24 
37 
48 
3 
33 
23 
10 
43 
32 
28 
45 
21 
# clone tree 26 objective: 1.67562
0 49 6 16 
16 4 39 
39 28 24 42 18 
4 13 36 38 
38 10 12 41 
18 33 22 31 
41 40 30 1 
31 17 2 
2 27 
27 43 5 
42 15 
36 48 47 
1 14 
5 11 
15 9 
22 3 44 
30 20 
12 26 
14 45 19 
13 7 
9 8 
20 29 
11 46 
7 35 
8 37 
19 25 
44 34 
46 
35 23 
25 
34 32 
40 
26 
6 
29 
47 
17 
49 21 
24 
37 
48 
3 
33 
23 
10 
43 
32 
28 
45 
21 
# clone tree 27 objective: 1.67562
0 45 49 6 16 
16 4 39 
39 28 24 42 18 
4 13 36 38 
38 10 12 41 
18 33 22 31 
41 40 30 1 
31 17 2 
2 27 
27 43 5 
42 15 
36 48 47 
1 14 
5 11 
15 9 
22 3 44 
30 20 
12 26 
14 19 
13 7 
9 8 
20 29 
11 46 
7 35 
8 37 
19 25 
44 34 
46 
35 23 
25 
34 32 
40 
26 
6 
29 
47 
17 
49 21 
24 
37 
48 
3 
33 
23 
10 
43 
32 
28 
45 
21 
# clone tree 28 objective: 1.67562
0 45 49 6 16 
16 4 39 
39 28 24 42 18 
4 13 36 38 
38 21 10 12 41 
18 33 22 31 
41 40 30 1 
31 17 2 
2 27 
27 43 5 
42 15 
36 48 47 
1 14 
5 11 
15 9 
22 3 44 
30 20 
12 26 
14 19 
13 7 
9 8 
20 29 
11 46 
7 35 
8 37 
19 25 
44 34 
46 
35 23 
25 
34 
40 
26 32 
6 
29 
47 
17 
49 
24 
37 
48 
3 
33 
23 
10 
43 
32 
28 
45 
21 
# clone tree 29 objective: 1.67562
0 49 6 16 
16 4 39 
39 24 42 18 
4 13 36 38 
38 10 12 41 
18 45 33 22 31 
41 21 40 30 1 
31 17 2 
2 27 
27 43 5 
42 15 
36 28 48 47 
1 14 
5 32 11 
15 9 
22 3 44 
30 20 
12 26 
14 19 
13 7 
9 8 
20 29 
11 46 
7 35 
8 37 
19 25 
44 34 
46 
35 23 
25 
34 
40 
26 
6 
29 
47 
17 
49 
24 
37 
48 
3 
33 
23 
10 
43 
32 
28 
45 
21 
# clone tree 30 objective: 1.67562
0 49 6 16 
16 4 39 
39 28 24 42 18 
4 13 36 38 
38 10 12 41 
18 33 22 31 
41 40 30 1 
31 17 2 
2 45 27 
27 43 5 
42 15 
36 48 47 
1 14 
5 11 
15 9 
22 3 44 
30 20 
12 26 
14 19 
13 7 
9 21 8 
20 29 
11 46 
7 35 
8 37 
19 25 
44 34 
46 
35 23 
25 
34 32 
40 
26 
6 
29 
47 
17 
49 
24 
37 
48 
3 
33 
23 
10 
43 
32 
28 
45 
21 
# clone tree 31 objective: 1.67562
0 49 6 16 
16 4 39 
39 24 42 18 
4 13 36 38 
38 10 12 41 
18 33 22 31 
41 40 30 1 
31 17 2 
2 27 
27 43 5 
42 15 
36 28 48 47 
1 14 
5 11 
15 9 
22 3 44 
30 20 
12 26 
14 19 
13 7 
9 8 
20 32 29 
11 46 
7 35 
8 37 
19 25 
44 21 34 
46 
35 23 
25 
34 
40 
26 
6 
29 
47 
17 
49 
24 
37 
48 
3 
33 
23 
10 
43 
32 
28 45 
45 
21 
# clone tree 32 objective: 1.67562
0 49 6 16 
16 4 39 
39 24 42 18 
4 13 36 38 
38 10 12 41 
18 33 22 31 
41 40 30 1 
31 17 2 
2 27 
27 43 5 
42 15 
36 48 47 
1 14 
5 32 11 
15 9 
22 3 44 
30 20 
12 26 
14 19 
13 7 
9 21 8 
20 29 
11 46 
7 35 
8 37 
19 25 
44 34 
46 
35 23 
25 
34 28 
40 
26 
6 
29 
47 
17 45 
49 
24 
37 
48 
3 
33 
23 
10 
43 
32 
28 
45 
21 
# clone tree 33 objective: 1.67562
0 49 6 16 
16 4 39 
39 28 24 42 18 
4 13 36 38 
38 10 12 41 
18 33 22 31 
41 40 30 1 
31 17 2 
2 27 
27 43 5 
42 15 
36 48 47 
1 14 
5 11 
15 9 
22 3 44 
30 20 
12 26 
14 19 
13 7 
9 8 
20 29 
11 46 
7 35 
8 37 
19 25 
44 34 
46 
35 23 
25 
34 
40 21 
26 45 
6 
29 
47 
17 
49 
24 
37 
48 
3 
33 32 
23 
10 
43 
32 
28 
45 
21 
# clone tree 34 objective: 1.67562
0 49 6 16 
16 4 39 
39 28 24 42 18 
4 13 36 38 
38 10 12 41 
18 33 22 31 
41 40 30 1 
31 17 2 
2 27 
27 43 5 
42 32 15 
36 48 47 
1 14 
5 11 
15 9 
22 21 3 44 
30 20 
12 26 
14 45 19 
13 7 
9 8 
20 29 
11 46 
7 35 
8 37 
19 25 
44 34 
46 
35 23 
25 
34 
40 
26 
6 
29 
47 
17 
49 
24 
37 
48 
3 
33 
23 
10 
43 
32 
28 
45 
21 
# clone tree 35 objective: 1.67562
0 49 6 16 
16 4 39 
39 45 28 24 42 18 
4 13 36 38 
38 10 12 41 
18 33 22 31 
41 40 30 1 
31 17 2 
2 27 
27 43 5 
42 15 
36 48 47 
1 14 
5 11 
15 9 
22 3 44 
30 20 
12 26 
14 19 
13 7 
9 8 
20 29 
11 46 
7 35 
8 21 37 
19 25 
44 34 
46 
35 23 
25 
34 
40 
26 32 
6 
29 
47 
17 
49 
24 
37 
48 
3 
33 
23 
10 
43 
32 
28 
45 
21 
# clone tree 36 objective: 1.67562
0 49 6 16 
16 4 39 
39 24 42 18 
4 45 13 36 38 
38 10 12 41 
18 33 22 31 
41 40 30 1 
31 17 2 
2 27 
27 43 5 
42 15 
36 48 47 
1 14 
5 32 11 
15 9 
22 3 44 
30 20 
12 26 
14 19 
13 7 
9 8 
20 29 
11 46 
7 35 
8 37 
19 21 25 
44 34 
46 
35 23 
25 
34 28 
40 
26 
6 
29 
47 
17 
49 
24 
37 
48 
3 
33 
23 
10 
43 
32 
28 
45 
21 
# clone tree 37 objective: 1.67562
0 49 6 16 
16 4 39 
39 24 42 18 
4 13 36 38 
38 10 12 41 
18 33 22 31 
41 40 30 1 
31 17 2 
2 27 
27 43 5 
42 15 
36 48 47 
1 14 
5 32 11 
15 9 
22 3 44 
30 20 
12 26 
14 45 19 
13 7 
9 8 
20 29 
11 46 
7 35 
8 21 37 
19 25 
44 34 
46 
35 23 
25 
34 28 
40 
26 
6 
29 
47 
17 
49 
24 
37 
48 
3 
33 
23 
10 
43 
32 
28 
45 
21 
# clone tree 38 objective: 1.67562
0 45 49 6 16 
16 4 39 
39 24 42 18 
4 13 36 38 
38 10 12 41 
18 33 22 31 
41 40 30 1 
31 17 2 
2 27 
27 43 5 
42 15 
36 48 47 
1 14 
5 21 11 
15 9 
22 3 44 
30 20 
12 26 
14 19 
13 7 
9 8 
20 32 29 
11 46 
7 35 
8 37 
19 25 
44 34 
46 
35 23 
25 
34 28 
40 
26 
6 
29 
47 
17 
49 
24 
37 
48 
3 
33 
23 
10 
43 
32 
28 
45 
21 
# clone tree 39 objective: 1.67562
0 49 6 16 
16 4 39 
39 24 42 18 
4 13 36 38 
38 10 12 41 
18 33 22 31 
41 40 30 1 
31 17 2 
2 27 
27 43 5 
42 15 
36 48 47 
1 14 
5 11 
15 9 
22 3 44 
30 20 
12 26 
14 28 19 
13 7 
9 8 
20 29 
11 46 
7 35 
8 37 
19 25 
44 34 
46 
35 23 
25 
34 45 
40 21 
26 
6 
29 
47 
17 
49 
24 
37 
48 
3 
33 32 
23 
10 
43 
32 
28 
45 
21 
# clone tree 40 objective: 1.67562
0 49 6 16 
16 4 39 
39 24 42 18 
4 13 36 38 
38 10 12 41 
18 33 22 31 
41 40 30 1 
31 17 2 
2 27 
27 43 5 
42 15 
36 28 48 47 
1 14 
5 21 32 11 
15 9 
22 3 44 
30 20 
12 26 
14 19 
13 7 
9 8 
20 29 
11 46 
7 35 
8 37 
19 25 
44 34 
46 
35 23 
25 
34 45 
40 
26 
6 
29 
47 
17 
49 
24 
37 
48 
3 
33 
23 
10 
43 
32 
28 
45 
21 
# clone tree 41 objective: 1.67562
0 49 6 16 
16 4 39 
39 24 42 18 
4 45 13 36 38 
38 10 12 41 
18 33 22 31 
41 40 30 1 
31 17 2 
2 27 
27 43 5 
42 15 
36 48 47 
1 14 
5 11 
15 9 
22 3 44 
30 20 
12 26 
14 19 
13 7 
9 8 
20 32 29 
11 46 
7 35 
8 37 
19 25 
44 21 34 
46 
35 23 
25 
34 28 
40 
26 
6 
29 
47 
17 
49 
24 
37 
48 
3 
33 
23 
10 
43 
32 
28 
45 
21 
# clone tree 42 objective: 1.67562
0 49 6 16 
16 4 39 
39 28 24 42 18 
4 13 36 38 
38 10 12 41 
18 33 22 31 
41 40 30 1 
31 17 2 
2 27 
27 43 5 
42 15 
36 48 47 
1 14 
5 11 
15 9 
22 3 44 
30 20 
12 26 
14 45 19 
13 7 
9 8 
20 29 
11 46 
7 35 
8 37 
19 21 25 
44 34 
46 
35 23 
25 
34 
40 
26 
6 
29 
47 
17 
49 
24 
37 
48 
3 
33 32 
23 
10 
43 
32 
28 
45 
21 
# clone tree 43 objective: 1.67562
0 49 6 16 
16 4 39 
39 24 42 18 
4 45 13 36 38 
38 10 12 41 
18 33 22 31 
41 40 30 1 
31 17 2 
2 27 
27 43 5 
42 15 
36 28 48 47 
1 14 
5 32 11 
15 9 
22 3 44 
30 20 
12 26 
14 19 
13 7 
9 8 
20 29 
11 46 
7 35 
8 37 
19 25 
44 34 
46 
35 23 
25 
34 
40 21 
26 
6 
29 
47 
17 
49 
24 
37 
48 
3 
33 
23 
10 
43 
32 
28 
45 
21 
# clone tree 44 objective: 1.67562
0 49 6 16 
16 4 39 
39 28 24 42 18 
4 13 36 38 
38 10 12 41 
18 33 22 31 
41 21 40 30 1 
31 17 2 
2 27 
27 43 5 
42 32 15 
36 48 47 
1 14 
5 11 
15 9 
22 3 44 
30 20 
12 26 
14 19 
13 7 
9 8 
20 29 
11 46 
7 35 
8 37 
19 25 
44 34 
46 
35 23 
25 
34 
40 
26 
6 
29 
47 
17 
49 
24 
37 
48 
3 
33 
23 
10 
43 
32 
28 45 
45 
21 
# clone tree 45 objective: 1.67562
0 49 6 16 
16 21 4 39 
39 28 24 42 18 
4 13 36 38 
38 10 12 41 
18 33 22 31 
41 40 30 1 
31 17 2 
2 27 
27 43 5 
42 15 
36 48 47 
1 14 
5 11 
15 9 
22 3 44 
30 20 
12 26 
14 19 
13 7 
9 8 
20 29 
11 46 
7 35 
8 37 
19 25 
44 34 
46 
35 23 
25 
34 
40 
26 
6 
29 
47 
17 45 
49 
24 
37 
48 
3 
33 32 
23 
10 
43 
32 
28 
45 
21 
# clone tree 46 objective: 1.67562
0 49 6 16 
16 4 39 
39 45 24 42 18 
4 13 36 38 
38 10 12 41 
18 33 22 31 
41 40 30 1 
31 17 2 
2 27 
27 43 5 
42 15 
36 48 47 
1 14 
5 11 
15 9 
22 3 44 
30 20 
12 26 
14 28 19 
13 7 
9 8 
20 32 29 
11 46 
7 35 
8 37 
19 25 
44 34 
46 
35 23 
25 
34 
40 
26 
6 
29 
47 
17 
49 21 
24 
37 
48 
3 
33 
23 
10 
43 
32 
28 
45 
21 
# clone tree 47 objective: 1.67562
0 49 6 16 
16 4 39 
39 28 24 42 18 
4 13 36 38 
38 10 12 41 
18 33 22 31 
41 40 30 1 
31 17 2 
2 45 27 
27 43 5 
42 15 
36 48 47 
1 14 
5 11 
15 9 
22 3 44 
30 20 
12 26 
14 19 
13 7 
9 8 
20 29 
11 46 
7 35 
8 37 
19 25 
44 34 
46 
35 23 
25 
34 
40 
26 32 
6 
29 
47 
17 
49 
24 
37 
48 
3 
33 
23 21 
10 
43 
32 
28 
45 
21 
# clone tree 48 objective: 1.67562
0 49 6 16 
16 4 39 
39 24 42 18 
4 13 36 38 
38 10 12 41 
18 33 22 31 
41 40 30 1 
31 17 2 
2 27 
27 43 5 
42 15 
36 28 48 47 
1 14 
5 11 
15 9 
22 3 44 
30 20 
12 26 
14 19 
13 7 
9 21 8 
20 32 29 
11 46 
7 35 
8 37 
19 25 
44 34 
46 
35 23 
25 
34 
40 
26 
6 
29 
47 
17 
49 
24 
37 
48 
3 
33 
23 
10 
43 
32 
28 45 
45 
21 
# clone tree 49 objective: 1.67562
0 49 6 16 
16 4 39 
39 45 24 42 18 
4 13 36 38 
38 10 12 41 
18 33 22 31 
41 21 40 30 1 
31 17 2 
2 27 
27 43 5 
42 15 
36 48 47 
1 14 
5 11 
15 9 
22 3 44 
30 20 
12 26 
14 19 
13 7 
9 8 
20 32 29 
11 46 
7 35 
8 37 
19 25 
44 34 
46 
35 23 
25 
34 28 
40 
26 
6 
29 
47 
17 
49 
24 
37 
48 
3 
33 
23 
10 
43 
32 
28 
45 
21 
