# clone tree 0 objective: 1.70758
0 18 43 15 
15 33 22 39 10 27 
27 20 23 46 
46 2 44 
10 29 13 
44 48 1 
13 4 7 
2 38 
1 42 45 
38 32 8 
7 26 
26 34 
45 30 6 
6 17 
43 5 
8 19 
34 41 
17 21 
19 3 
5 37 
39 31 
37 36 
41 28 
32 11 
22 14 
42 9 
3 16 
21 47 
28 49 35 
23 
18 
4 12 
14 40 
11 
20 25 
33 24 
29 
30 
31 
36 
16 
9 
24 
12 
48 
47 
40 
35 
49 
25 
# clone tree 1 objective: 1.70758
0 25 18 43 15 
15 33 22 39 10 27 
27 20 23 46 
46 2 44 
10 29 13 
44 48 1 
13 4 7 
2 38 
1 42 45 
38 32 8 
7 26 
26 34 
45 30 6 
6 17 
43 5 
8 19 
34 41 
17 21 
19 3 
5 37 
39 31 
37 36 
41 28 
32 11 
22 14 
42 9 
3 16 
21 47 
28 49 35 
23 
18 
4 12 
14 40 
11 
20 
33 24 
29 
30 
31 
36 
16 
9 
24 
12 
48 
47 
40 
35 
49 
25 
# clone tree 2 objective: 1.70758
0 18 43 15 
15 33 22 39 10 27 
27 20 23 46 
46 2 44 
10 29 13 
44 48 1 
13 4 7 
2 38 
1 42 45 
38 32 8 
7 26 
26 34 
45 30 6 
6 17 
43 5 
8 19 
34 41 
17 21 
19 3 
5 37 
39 31 
37 36 
41 28 
32 11 
22 14 
42 9 
3 16 
21 47 
28 49 35 
23 
18 25 
4 12 
14 40 
11 
20 
33 24 
29 
30 
31 
36 
16 
9 
24 
12 
48 
47 
40 
35 
49 
25 
# clone tree 3 objective: 1.70835
0 25 18 43 15 
15 33 22 39 10 27 
27 20 23 46 
46 2 44 
10 29 13 
44 48 1 
13 4 7 
2 38 
1 42 45 
38 32 8 
7 26 
26 34 
45 30 6 
6 17 
43 5 
8 19 
34 41 
17 21 
19 3 
5 37 
39 31 
37 36 
41 28 
32 11 
22 24 14 
42 9 
3 16 
21 47 
28 49 35 
23 
18 
4 12 
14 40 
11 
20 
33 
29 
30 
31 
36 
16 
9 
24 
12 
48 
47 
40 
35 
49 
25 
# clone tree 4 objective: 1.70835
0 18 43 15 
15 33 22 39 10 27 
27 20 23 46 
46 2 44 
10 29 13 
44 48 1 
13 4 7 
2 38 
1 42 45 
38 32 8 
7 26 
26 34 
45 30 6 
6 17 
43 5 
8 19 
34 41 
17 21 
19 3 
5 37 
39 31 
37 36 
41 28 
32 11 
22 24 14 
42 9 
3 16 
21 47 
28 49 35 
23 
18 
4 12 
14 40 
11 
20 25 
33 
29 
30 
31 
36 
16 
9 
24 
12 
48 
47 
40 
35 
49 
25 
# clone tree 5 objective: 1.70835
0 18 43 15 
15 33 22 39 10 27 
27 20 23 46 
46 2 44 
10 29 13 
44 48 1 
13 4 7 
2 38 
1 42 45 
38 32 8 
7 26 
26 34 
45 30 6 
6 17 
43 5 
8 19 
34 41 
17 21 
19 3 
5 37 
39 31 
37 36 
41 28 
32 11 
22 24 14 
42 9 
3 16 
21 47 
28 49 35 
23 
18 25 
4 12 
14 40 
11 
20 
33 
29 
30 
31 
36 
16 
9 
24 
12 
48 
47 
40 
35 
49 
25 
# clone tree 6 objective: 1.70865
0 18 43 15 
15 22 39 10 27 
27 20 23 46 
46 2 44 
10 29 13 
44 48 1 
13 4 7 
2 33 38 
1 42 45 
38 32 8 
7 26 
26 34 
45 30 6 
6 17 
43 5 
8 19 
34 41 
17 21 
19 3 
5 37 
39 31 
37 36 
41 28 
32 11 
22 14 
42 9 
3 16 
21 47 
28 49 35 
23 
18 25 
4 12 
14 40 
11 
20 
33 24 
29 
30 
31 
36 
16 
9 
24 
12 
48 
47 
40 
35 
49 
25 
# clone tree 7 objective: 1.70865
0 25 18 43 15 
15 22 39 10 27 
27 20 23 46 
46 2 44 
10 29 13 
44 48 1 
13 4 7 
2 33 38 
1 42 45 
38 32 8 
7 26 
26 34 
45 30 6 
6 17 
43 5 
8 19 
34 41 
17 21 
19 3 
5 37 
39 31 
37 36 
41 28 
32 11 
22 14 
42 9 
3 16 
21 47 
28 49 35 
23 
18 
4 12 
14 40 
11 
20 
33 24 
29 
30 
31 
36 
16 
9 
24 
12 
48 
47 
40 
35 
49 
25 
# clone tree 8 objective: 1.70865
0 18 43 15 
15 22 39 10 27 
27 20 23 46 
46 2 44 
10 29 13 
44 48 1 
13 4 7 
2 33 38 
1 42 45 
38 32 8 
7 26 
26 34 
45 30 6 
6 17 
43 5 
8 19 
34 41 
17 21 
19 3 
5 37 
39 31 
37 36 
41 28 
32 11 
22 14 
42 9 
3 16 
21 47 
28 49 35 
23 
18 
4 12 
14 40 
11 
20 25 
33 24 
29 
30 
31 
36 
16 
9 
24 
12 
48 
47 
40 
35 
49 
25 
# clone tree 9 objective: 1.7108
0 18 43 15 
15 33 22 39 10 27 
27 20 23 46 
46 2 44 
10 29 13 
44 48 1 
13 4 7 
2 38 
1 42 45 
38 32 8 
7 26 
26 34 
45 30 6 
6 17 
43 5 
8 19 
34 41 
17 21 
19 3 
5 37 
39 31 
37 36 
41 28 
32 11 
22 14 
42 40 9 
3 16 
21 47 
28 35 
23 
18 
4 12 
14 49 
11 
20 25 
33 24 
29 
30 
31 
36 
16 
9 
24 
12 
48 
47 
40 
35 
49 
25 
