# clone tree 0 objective: 1.73066
0 1 17 
17 38 25 27 22 8 
8 7 30 
30 3 42 
7 13 41 
42 16 9 
9 15 23 
41 49 20 
1 44 11 
23 4 
11 40 21 24 
4 33 29 
20 14 
13 12 
22 39 32 
14 35 18 
29 10 5 
12 45 19 
18 34 43 
15 47 6 
16 37 
24 28 
37 2 
32 
27 
25 36 
44 
3 26 48 
21 
28 
33 46 
43 31 
6 
39 
5 
19 
35 
40 
38 
36 
45 
31 
48 
2 
46 
49 
10 
26 
34 
47 
# clone tree 1 objective: 1.73066
0 1 17 
17 38 25 27 22 8 
8 7 30 
30 3 42 
7 13 41 
42 16 9 
9 15 23 
41 49 20 
1 44 11 
23 4 
11 40 21 24 
4 33 29 
20 14 
13 12 
22 39 32 
14 35 18 
29 10 5 
12 45 19 
18 34 43 
15 6 
16 37 
24 28 
37 2 
32 
27 
25 36 
44 
3 26 48 
21 
28 
33 46 
43 31 
6 47 
39 
5 
19 
35 
40 
38 
36 
45 
31 
48 
2 
46 
49 
10 
26 
34 
47 
# clone tree 2 objective: 1.73066
0 1 17 
17 38 25 27 22 8 
8 7 30 
30 3 42 
7 13 41 
42 16 9 
9 15 23 
41 49 20 
1 44 11 
23 4 
11 40 21 24 
4 33 29 
20 14 
13 12 
22 39 32 
14 35 18 
29 10 5 
12 45 19 
18 34 43 
15 6 
16 37 
24 28 
37 2 
32 
27 
25 36 
44 
3 26 48 
21 
28 
33 46 
43 31 
6 
39 
5 
19 
35 
40 
38 
36 
45 
31 47 
48 
2 
46 
49 
10 
26 
34 
47 
# clone tree 3 objective: 1.73066
0 1 17 
17 38 25 27 22 8 
8 7 30 
30 3 42 
7 13 41 
42 16 9 
9 15 23 
41 49 20 
1 44 11 
23 4 
11 40 21 24 
4 33 29 
20 14 
13 12 
22 39 32 
14 35 18 
29 10 5 
12 45 19 
18 34 43 
15 6 
16 37 
24 28 
37 2 
32 
27 
25 36 
44 
3 26 48 
21 47 
28 
33 46 
43 31 
6 
39 
5 
19 
35 
40 
38 
36 
45 
31 
48 
2 
46 
49 
10 
26 
34 
47 
# clone tree 4 objective: 1.73066
0 1 17 
17 38 25 27 22 8 
8 7 30 
30 3 42 
7 13 41 
42 16 9 
9 15 23 
41 49 20 
1 44 11 
23 4 
11 40 21 24 
4 33 29 
20 14 
13 12 
22 39 32 
14 35 18 
29 10 5 
12 45 19 
18 34 43 
15 6 
16 37 
24 28 
37 2 
32 
27 
25 36 
44 
3 26 48 
21 
28 
33 46 
43 31 
6 
39 
5 47 
19 
35 
40 
38 
36 
45 
31 
48 
2 
46 
49 
10 
26 
34 
47 
# clone tree 5 objective: 1.73066
0 1 17 
17 38 25 27 22 8 
8 7 30 
30 3 42 
7 13 41 
42 16 9 
9 15 23 
41 49 20 
1 44 11 
23 4 
11 40 21 24 
4 33 29 
20 14 
13 12 
22 39 32 
14 35 18 
29 10 5 
12 45 19 
18 34 43 
15 6 
16 37 
24 28 
37 2 
32 
27 
25 36 
44 
3 26 48 
21 
28 
33 46 
43 31 
6 
39 47 
5 
19 
35 
40 
38 
36 
45 
31 
48 
2 
46 
49 
10 
26 
34 
47 
# clone tree 6 objective: 1.73066
0 1 17 
17 38 25 27 22 8 
8 7 30 
30 3 42 
7 13 41 
42 16 9 
9 15 23 
41 49 20 
1 44 11 
23 47 4 
11 40 21 24 
4 33 29 
20 14 
13 12 
22 39 32 
14 35 18 
29 10 5 
12 45 19 
18 34 43 
15 6 
16 37 
24 28 
37 2 
32 
27 
25 36 
44 
3 26 48 
21 
28 
33 46 
43 31 
6 
39 
5 
19 
35 
40 
38 
36 
45 
31 
48 
2 
46 
49 
10 
26 
34 
47 
# clone tree 7 objective: 1.73139
0 1 17 
17 38 25 27 22 8 
8 7 30 
30 3 42 
7 13 41 
42 16 9 
9 15 23 
41 49 20 
1 44 11 
23 4 
11 40 21 24 
4 33 29 
20 14 
13 12 
22 39 32 
14 35 18 
29 5 
12 45 19 
18 34 43 
15 6 
16 37 
24 28 
37 2 
32 
27 
25 36 
44 
3 26 48 
21 
28 
33 46 
43 31 
6 
39 
5 
19 
35 10 
40 
38 
36 
45 
31 47 
48 
2 
46 
49 
10 
26 
34 
47 
# clone tree 8 objective: 1.73139
0 1 17 
17 38 25 27 22 8 
8 7 30 
30 3 42 
7 13 41 
42 16 9 
9 15 23 
41 49 20 
1 44 11 
23 4 
11 40 21 24 
4 33 29 
20 14 
13 12 
22 39 32 
14 35 18 
29 5 
12 45 19 
18 34 43 
15 6 
16 37 
24 28 
37 2 
32 
27 
25 36 
44 
3 26 48 
21 
28 
33 46 
43 31 
6 
39 
5 47 
19 
35 10 
40 
38 
36 
45 
31 
48 
2 
46 
49 
10 
26 
34 
47 
# clone tree 9 objective: 1.73139
0 1 17 
17 38 25 27 22 8 
8 7 30 
30 3 42 
7 13 41 
42 16 9 
9 15 23 
41 49 20 
1 44 11 
23 47 4 
11 40 21 24 
4 33 29 
20 14 
13 12 
22 39 32 
14 35 18 
29 5 
12 45 19 
18 34 43 
15 6 
16 37 
24 28 
37 2 
32 
27 
25 36 
44 
3 26 48 
21 
28 
33 46 
43 31 
6 
39 
5 
19 
35 10 
40 
38 
36 
45 
31 
48 
2 
46 
49 
10 
26 
34 
47 
# clone tree 10 objective: 1.73139
0 1 17 
17 38 25 27 22 8 
8 7 30 
30 3 42 
7 13 41 
42 16 9 
9 15 23 
41 49 20 
1 44 11 
23 4 
11 40 21 24 
4 33 29 
20 14 
13 12 
22 39 32 
14 35 18 
29 5 
12 45 19 
18 34 43 
15 6 
16 37 
24 28 
37 2 
32 
27 
25 36 
44 
3 26 48 
21 47 
28 
33 46 
43 31 
6 
39 
5 
19 
35 10 
40 
38 
36 
45 
31 
48 
2 
46 
49 
10 
26 
34 
47 
# clone tree 11 objective: 1.73139
0 1 17 
17 38 25 27 22 8 
8 7 30 
30 3 42 
7 13 41 
42 16 9 
9 15 23 
41 49 20 
1 44 11 
23 4 
11 40 21 24 
4 33 29 
20 14 
13 12 
22 39 32 
14 35 18 
29 5 
12 45 19 
18 34 43 
15 6 
16 37 
24 28 
37 2 
32 
27 
25 36 
44 
3 26 48 
21 
28 
33 46 
43 31 
6 47 
39 
5 
19 
35 10 
40 
38 
36 
45 
31 
48 
2 
46 
49 
10 
26 
34 
47 
# clone tree 12 objective: 1.73139
0 1 17 
17 38 25 27 22 8 
8 7 30 
30 3 42 
7 13 41 
42 16 9 
9 15 23 
41 49 20 
1 44 11 
23 4 
11 40 21 24 
4 33 29 
20 14 
13 12 
22 39 32 
14 35 18 
29 5 
12 45 19 
18 34 43 
15 47 6 
16 37 
24 28 
37 2 
32 
27 
25 36 
44 
3 26 48 
21 
28 
33 46 
43 31 
6 
39 
5 
19 
35 10 
40 
38 
36 
45 
31 
48 
2 
46 
49 
10 
26 
34 
47 
# clone tree 13 objective: 1.73139
0 1 17 
17 38 25 27 22 8 
8 7 30 
30 3 42 
7 13 41 
42 16 9 
9 15 23 
41 49 20 
1 44 11 
23 4 
11 40 21 24 
4 33 29 
20 14 
13 12 
22 39 32 
14 35 18 
29 5 
12 45 19 
18 34 43 
15 6 
16 37 
24 28 
37 2 
32 
27 
25 36 
44 
3 26 48 
21 
28 
33 46 
43 31 
6 
39 47 
5 
19 
35 10 
40 
38 
36 
45 
31 
48 
2 
46 
49 
10 
26 
34 
47 
# clone tree 14 objective: 1.73143
0 1 17 
17 38 25 27 22 8 
8 7 30 
30 3 42 
7 13 41 
42 16 9 
9 15 23 
41 49 20 
1 44 11 
23 4 
11 40 21 24 
4 33 29 
20 14 
13 12 
22 39 32 
14 35 18 
29 10 5 
12 45 19 
18 34 43 
15 6 
16 37 
24 28 
37 2 
32 
27 
25 47 36 
44 
3 26 48 
21 
28 
33 46 
43 31 
6 
39 
5 
19 
35 
40 
38 
36 
45 
31 
48 
2 
46 
49 
10 
26 
34 
47 
# clone tree 15 objective: 1.73152
0 1 17 
17 38 25 27 22 8 
8 7 30 
30 3 42 
7 13 41 
42 16 9 
9 15 23 
41 49 20 
1 44 11 
23 4 
11 40 21 24 
4 33 29 
20 14 
13 12 
22 39 32 
14 35 18 
29 10 5 
12 45 19 
18 34 43 
15 6 
16 37 
24 47 28 
37 2 
32 
27 
25 36 
44 
3 26 48 
21 
28 
33 46 
43 31 
6 
39 
5 
19 
35 
40 
38 
36 
45 
31 
48 
2 
46 
49 
10 
26 
34 
47 
# clone tree 16 objective: 1.73178
0 1 17 
17 38 25 27 22 8 
8 7 30 
30 3 42 
7 13 41 
42 16 9 
9 15 23 
41 49 20 
1 44 11 
23 4 
11 40 21 24 
4 33 29 
20 26 14 
13 12 
22 39 32 
14 35 18 
29 10 5 
12 45 19 
18 34 43 
15 6 
16 37 
24 28 
37 2 
32 
27 
25 36 
44 
3 48 
21 
28 
33 46 
43 31 
6 47 
39 
5 
19 
35 
40 
38 
36 
45 
31 
48 
2 
46 
49 
10 
26 
34 
47 
# clone tree 17 objective: 1.73178
0 1 17 
17 38 25 27 22 8 
8 7 30 
30 3 42 
7 13 41 
42 16 9 
9 15 23 
41 49 20 
1 44 11 
23 4 
11 40 21 24 
4 33 29 
20 26 14 
13 12 
22 39 32 
14 35 18 
29 10 5 
12 45 19 
18 34 43 
15 6 
16 37 
24 28 
37 2 
32 
27 
25 36 
44 
3 48 
21 
28 
33 46 
43 31 
6 
39 
5 
19 
35 
40 
38 
36 
45 
31 47 
48 
2 
46 
49 
10 
26 
34 
47 
# clone tree 18 objective: 1.73178
0 1 17 
17 38 25 27 22 8 
8 7 30 
30 3 42 
7 13 41 
42 16 9 
9 15 23 
41 49 20 
1 44 11 
23 4 
11 40 21 24 
4 33 29 
20 26 14 
13 12 
22 39 32 
14 35 18 
29 10 5 
12 45 19 
18 34 43 
15 6 
16 37 
24 28 
37 2 
32 
27 
25 36 
44 
3 48 
21 47 
28 
33 46 
43 31 
6 
39 
5 
19 
35 
40 
38 
36 
45 
31 
48 
2 
46 
49 
10 
26 
34 
47 
# clone tree 19 objective: 1.73178
0 1 17 
17 38 25 27 22 8 
8 7 30 
30 3 42 
7 13 41 
42 16 9 
9 15 23 
41 49 20 
1 44 11 
23 47 4 
11 40 21 24 
4 33 29 
20 26 14 
13 12 
22 39 32 
14 35 18 
29 10 5 
12 45 19 
18 34 43 
15 6 
16 37 
24 28 
37 2 
32 
27 
25 36 
44 
3 48 
21 
28 
33 46 
43 31 
6 
39 
5 
19 
35 
40 
38 
36 
45 
31 
48 
2 
46 
49 
10 
26 
34 
47 
# clone tree 20 objective: 1.73178
0 1 17 
17 38 25 27 22 8 
8 7 30 
30 3 42 
7 13 41 
42 16 9 
9 15 23 
41 49 20 
1 44 11 
23 4 
11 40 21 24 
4 33 29 
20 26 14 
13 12 
22 39 32 
14 35 18 
29 10 5 
12 45 19 
18 34 43 
15 6 
16 37 
24 28 
37 2 
32 
27 
25 36 
44 
3 48 
21 
28 
33 46 
43 31 
6 
39 
5 47 
19 
35 
40 
38 
36 
45 
31 
48 
2 
46 
49 
10 
26 
34 
47 
# clone tree 21 objective: 1.73178
0 1 17 
17 38 25 27 22 8 
8 7 30 
30 3 42 
7 13 41 
42 16 9 
9 15 23 
41 49 20 
1 44 11 
23 4 
11 40 21 24 
4 33 29 
20 26 14 
13 12 
22 39 32 
14 35 18 
29 10 5 
12 45 19 
18 34 43 
15 47 6 
16 37 
24 28 
37 2 
32 
27 
25 36 
44 
3 48 
21 
28 
33 46 
43 31 
6 
39 
5 
19 
35 
40 
38 
36 
45 
31 
48 
2 
46 
49 
10 
26 
34 
47 
# clone tree 22 objective: 1.73178
0 1 17 
17 38 25 27 22 8 
8 7 30 
30 3 42 
7 13 41 
42 16 9 
9 15 23 
41 49 20 
1 44 11 
23 4 
11 40 21 24 
4 33 29 
20 26 14 
13 12 
22 39 32 
14 35 18 
29 10 5 
12 45 19 
18 34 43 
15 6 
16 37 
24 28 
37 2 
32 
27 
25 36 
44 
3 48 
21 
28 
33 46 
43 31 
6 
39 47 
5 
19 
35 
40 
38 
36 
45 
31 
48 
2 
46 
49 
10 
26 
34 
47 
# clone tree 23 objective: 1.73194
0 1 17 
17 38 25 27 22 8 
8 7 30 
30 3 42 
7 13 41 
42 16 9 
9 15 23 
41 49 20 
1 44 11 
23 4 
11 40 21 24 
4 33 29 
20 14 
13 12 
22 39 32 
14 35 18 
29 10 5 
12 45 19 
18 34 43 
15 6 
16 37 
24 28 
37 2 
32 
27 
25 36 
44 
3 26 48 
21 
28 
33 46 
43 31 
6 
39 
5 
19 
35 
40 
38 
36 
45 
31 
48 
2 
46 
49 47 
10 
26 
34 
47 
# clone tree 24 objective: 1.73204
0 1 17 
17 38 25 27 22 8 
8 7 30 
30 3 42 
7 13 41 
42 16 9 
9 15 23 
41 49 20 
1 44 11 
23 4 
11 40 21 24 
4 33 29 
20 14 
13 12 
22 39 32 
14 35 18 
29 5 
12 45 19 
18 34 10 43 
15 6 
16 37 
24 28 
37 2 
32 
27 
25 36 
44 
3 26 48 
21 
28 
33 46 
43 31 
6 47 
39 
5 
19 
35 
40 
38 
36 
45 
31 
48 
2 
46 
49 
10 
26 
34 
47 
# clone tree 25 objective: 1.73204
0 1 17 
17 38 25 27 22 8 
8 7 30 
30 3 42 
7 13 41 
42 16 9 
9 15 23 
41 49 20 
1 44 11 
23 47 4 
11 40 21 24 
4 33 29 
20 14 
13 12 
22 39 32 
14 35 18 
29 5 
12 45 19 
18 34 10 43 
15 6 
16 37 
24 28 
37 2 
32 
27 
25 36 
44 
3 26 48 
21 
28 
33 46 
43 31 
6 
39 
5 
19 
35 
40 
38 
36 
45 
31 
48 
2 
46 
49 
10 
26 
34 
47 
# clone tree 26 objective: 1.73204
0 1 17 
17 38 25 27 22 8 
8 7 30 
30 3 42 
7 13 41 
42 16 9 
9 15 23 
41 49 20 
1 44 11 
23 4 
11 40 21 24 
4 33 29 
20 14 
13 12 
22 39 32 
14 35 18 
29 5 
12 45 19 
18 34 10 43 
15 6 
16 37 
24 28 
37 2 
32 
27 
25 36 
44 
3 26 48 
21 
28 
33 46 
43 31 
6 
39 
5 47 
19 
35 
40 
38 
36 
45 
31 
48 
2 
46 
49 
10 
26 
34 
47 
# clone tree 27 objective: 1.73204
0 1 17 
17 38 25 27 22 8 
8 7 30 
30 3 42 
7 13 41 
42 16 9 
9 15 23 
41 49 20 
1 44 11 
23 4 
11 40 21 24 
4 33 29 
20 14 
13 12 
22 39 32 
14 35 18 
29 5 
12 45 19 
18 34 10 43 
15 6 
16 37 
24 28 
37 2 
32 
27 
25 36 
44 
3 26 48 
21 47 
28 
33 46 
43 31 
6 
39 
5 
19 
35 
40 
38 
36 
45 
31 
48 
2 
46 
49 
10 
26 
34 
47 
# clone tree 28 objective: 1.73204
0 1 17 
17 38 25 27 22 8 
8 7 30 
30 3 42 
7 13 41 
42 16 9 
9 15 23 
41 49 20 
1 44 11 
23 4 
11 40 21 24 
4 33 29 
20 14 
13 12 
22 39 32 
14 35 18 
29 5 
12 45 19 
18 34 10 43 
15 6 
16 37 
24 28 
37 2 
32 
27 
25 36 
44 
3 26 48 
21 
28 
33 46 
43 31 
6 
39 47 
5 
19 
35 
40 
38 
36 
45 
31 
48 
2 
46 
49 
10 
26 
34 
47 
# clone tree 29 objective: 1.73204
0 1 17 
17 38 25 27 22 8 
8 7 30 
30 3 42 
7 13 41 
42 16 9 
9 15 23 
41 49 20 
1 44 11 
23 4 
11 40 21 24 
4 33 29 
20 14 
13 12 
22 39 32 
14 35 18 
29 5 
12 45 19 
18 34 10 43 
15 6 
16 37 
24 28 
37 2 
32 
27 
25 36 
44 
3 26 48 
21 
28 
33 46 
43 31 
6 
39 
5 
19 
35 
40 
38 
36 
45 
31 47 
48 
2 
46 
49 
10 
26 
34 
47 
# clone tree 30 objective: 1.73204
0 1 17 
17 38 25 27 22 8 
8 7 30 
30 3 42 
7 13 41 
42 16 9 
9 15 23 
41 49 20 
1 44 11 
23 4 
11 40 21 24 
4 33 29 
20 14 
13 12 
22 39 32 
14 35 18 
29 5 
12 45 19 
18 34 10 43 
15 47 6 
16 37 
24 28 
37 2 
32 
27 
25 36 
44 
3 26 48 
21 
28 
33 46 
43 31 
6 
39 
5 
19 
35 
40 
38 
36 
45 
31 
48 
2 
46 
49 
10 
26 
34 
47 
# clone tree 31 objective: 1.73209
0 1 17 
17 38 25 27 22 8 
8 7 30 
30 3 42 
7 13 41 
42 16 9 
9 15 23 
41 49 20 
1 44 11 
23 4 
11 40 21 24 
4 33 29 
20 14 
13 12 
22 39 32 
14 35 18 
29 10 5 
12 45 19 
18 34 43 
15 6 
16 37 
24 28 
37 47 2 
32 
27 
25 36 
44 
3 26 48 
21 
28 
33 46 
43 31 
6 
39 
5 
19 
35 
40 
38 
36 
45 
31 
48 
2 
46 
49 
10 
26 
34 
47 
# clone tree 32 objective: 1.73212
0 1 17 
17 38 25 27 22 8 
8 7 30 
30 3 42 
7 13 41 
42 16 9 
9 15 23 
41 49 20 
1 44 11 
23 45 4 
11 40 21 24 
4 33 29 
20 14 
13 12 
22 39 32 
14 35 18 
29 10 5 
12 19 
18 34 43 
15 6 
16 37 
24 28 
37 2 
32 
27 
25 36 
44 
3 26 48 
21 
28 
33 46 
43 31 
6 
39 
5 47 
19 
35 
40 
38 
36 
45 
31 
48 
2 
46 
49 
10 
26 
34 
47 
# clone tree 33 objective: 1.73212
0 1 17 
17 38 25 27 22 8 
8 7 30 
30 3 42 
7 13 41 
42 16 9 
9 15 23 
41 49 20 
1 44 11 
23 45 4 
11 40 21 24 
4 33 29 
20 14 
13 12 
22 39 32 
14 35 18 
29 10 5 
12 19 
18 34 43 
15 6 
16 37 
24 28 
37 2 
32 
27 
25 36 
44 
3 26 48 
21 
28 
33 46 
43 31 
6 
39 47 
5 
19 
35 
40 
38 
36 
45 
31 
48 
2 
46 
49 
10 
26 
34 
47 
# clone tree 34 objective: 1.73212
0 1 17 
17 38 25 27 22 8 
8 7 30 
30 3 42 
7 13 41 
42 16 9 
9 15 23 
41 49 20 
1 44 11 
23 45 4 
11 40 21 24 
4 33 29 
20 14 
13 12 
22 39 32 
14 35 18 
29 10 5 
12 19 
18 34 43 
15 6 
16 37 
24 28 
37 2 
32 
27 
25 36 
44 
3 26 48 
21 
28 
33 46 
43 31 
6 47 
39 
5 
19 
35 
40 
38 
36 
45 
31 
48 
2 
46 
49 
10 
26 
34 
47 
# clone tree 35 objective: 1.73212
0 1 17 
17 38 25 27 22 8 
8 7 30 
30 3 42 
7 13 41 
42 16 9 
9 15 23 
41 49 20 
1 44 11 
23 45 4 
11 40 21 24 
4 33 29 
20 14 
13 12 
22 39 32 
14 35 18 
29 10 5 
12 19 
18 34 43 
15 6 
16 37 
24 28 
37 2 
32 
27 
25 36 
44 
3 26 48 
21 
28 
33 46 
43 31 
6 
39 
5 
19 
35 
40 
38 
36 
45 
31 47 
48 
2 
46 
49 
10 
26 
34 
47 
# clone tree 36 objective: 1.73212
0 1 17 
17 38 25 27 22 8 
8 7 30 
30 3 42 
7 13 41 
42 16 9 
9 15 23 
41 49 20 
1 44 11 
23 45 4 
11 40 21 24 
4 33 29 
20 14 
13 12 
22 39 32 
14 35 18 
29 10 5 
12 19 
18 34 43 
15 47 6 
16 37 
24 28 
37 2 
32 
27 
25 36 
44 
3 26 48 
21 
28 
33 46 
43 31 
6 
39 
5 
19 
35 
40 
38 
36 
45 
31 
48 
2 
46 
49 
10 
26 
34 
47 
# clone tree 37 objective: 1.73212
0 1 17 
17 38 25 27 22 8 
8 7 30 
30 3 42 
7 13 41 
42 16 9 
9 15 23 
41 49 20 
1 44 11 
23 45 4 
11 40 21 24 
4 33 29 
20 14 
13 12 
22 39 32 
14 35 18 
29 10 5 
12 19 
18 34 43 
15 6 
16 37 
24 28 
37 2 
32 
27 
25 36 
44 
3 26 48 
21 47 
28 
33 46 
43 31 
6 
39 
5 
19 
35 
40 
38 
36 
45 
31 
48 
2 
46 
49 
10 
26 
34 
47 
# clone tree 38 objective: 1.73212
0 1 17 
17 38 25 27 22 8 
8 7 30 
30 3 42 
7 13 41 
42 16 9 
9 15 23 
41 49 20 
1 44 11 
23 47 45 4 
11 40 21 24 
4 33 29 
20 14 
13 12 
22 39 32 
14 35 18 
29 10 5 
12 19 
18 34 43 
15 6 
16 37 
24 28 
37 2 
32 
27 
25 36 
44 
3 26 48 
21 
28 
33 46 
43 31 
6 
39 
5 
19 
35 
40 
38 
36 
45 
31 
48 
2 
46 
49 
10 
26 
34 
47 
# clone tree 39 objective: 1.73215
0 1 17 
17 38 25 27 22 8 
8 7 30 
30 3 42 
7 13 41 
42 16 9 
9 15 23 
41 49 20 
1 44 11 
23 4 
11 40 21 24 
4 33 29 
20 14 
13 12 
22 39 32 
14 35 18 
29 5 
12 45 19 
18 34 43 
15 6 
16 37 
24 28 
37 2 
32 
27 
25 47 36 
44 
3 26 48 
21 
28 
33 46 
43 31 
6 
39 
5 
19 
35 10 
40 
38 
36 
45 
31 
48 
2 
46 
49 
10 
26 
34 
47 
# clone tree 40 objective: 1.73224
0 1 17 
17 38 25 27 22 8 
8 7 30 
30 3 42 
7 13 41 
42 16 9 
9 15 23 
41 49 20 
1 44 11 
23 4 
11 40 21 24 
4 33 29 
20 14 
13 12 
22 39 32 
14 35 18 
29 5 
12 45 19 
18 34 43 
15 6 
16 37 
24 47 28 
37 2 
32 
27 
25 36 
44 
3 26 48 
21 
28 
33 46 
43 31 
6 
39 
5 
19 
35 10 
40 
38 
36 
45 
31 
48 
2 
46 
49 
10 
26 
34 
47 
# clone tree 41 objective: 1.73229
0 1 17 
17 36 25 27 22 8 
8 7 30 
30 3 42 
7 13 41 
42 16 9 
9 15 23 
41 20 
1 44 11 
23 4 
11 40 21 24 
4 33 29 
20 14 
13 12 
22 39 32 
14 35 18 
29 10 5 
12 46 45 19 
18 34 43 
15 47 6 
16 37 
24 28 
37 2 
32 
27 
25 
44 
3 26 48 
21 
28 
33 38 
43 31 
6 
39 49 
5 
19 
35 
40 
38 
36 
45 
31 
48 
2 
46 
49 
10 
26 
34 
47 
# clone tree 42 objective: 1.73229
0 1 17 
17 36 25 27 22 8 
8 7 30 
30 3 42 
7 13 41 
42 16 9 
9 15 23 
41 20 
1 44 11 
23 4 
11 40 21 24 
4 33 29 
20 14 
13 12 
22 39 32 
14 35 18 
29 10 5 
12 46 45 19 
18 34 43 
15 6 
16 37 
24 28 
37 2 
32 
27 
25 
44 
3 26 48 
21 
28 
33 38 
43 31 
6 
39 49 
5 47 
19 
35 
40 
38 
36 
45 
31 
48 
2 
46 
49 
10 
26 
34 
47 
# clone tree 43 objective: 1.73229
0 1 17 
17 36 25 27 22 8 
8 7 30 
30 3 42 
7 13 41 
42 16 9 
9 15 23 
41 20 
1 44 11 
23 4 
11 40 21 24 
4 33 29 
20 14 
13 12 
22 39 32 
14 35 18 
29 10 5 
12 46 45 19 
18 34 43 
15 6 
16 37 
24 28 
37 2 
32 
27 
25 
44 
3 26 48 
21 
28 
33 38 
43 31 
6 
39 49 
5 
19 
35 
40 
38 
36 
45 
31 47 
48 
2 
46 
49 
10 
26 
34 
47 
# clone tree 44 objective: 1.73229
0 1 17 
17 36 25 27 22 8 
8 7 30 
30 3 42 
7 13 41 
42 16 9 
9 15 23 
41 20 
1 44 11 
23 4 
11 40 21 24 
4 33 29 
20 14 
13 12 
22 39 32 
14 35 18 
29 10 5 
12 46 45 19 
18 34 43 
15 6 
16 37 
24 28 
37 2 
32 
27 
25 
44 
3 26 48 
21 47 
28 
33 38 
43 31 
6 
39 49 
5 
19 
35 
40 
38 
36 
45 
31 
48 
2 
46 
49 
10 
26 
34 
47 
# clone tree 45 objective: 1.73229
0 1 17 
17 36 25 27 22 8 
8 7 30 
30 3 42 
7 13 41 
42 16 9 
9 15 23 
41 20 
1 44 11 
23 4 
11 40 21 24 
4 33 29 
20 14 
13 12 
22 39 32 
14 35 18 
29 10 5 
12 46 45 19 
18 34 43 
15 6 
16 37 
24 28 
37 2 
32 
27 
25 
44 
3 26 48 
21 
28 
33 38 
43 31 
6 47 
39 49 
5 
19 
35 
40 
38 
36 
45 
31 
48 
2 
46 
49 
10 
26 
34 
47 
# clone tree 46 objective: 1.73229
0 1 17 
17 25 27 22 8 
8 7 30 
30 3 42 
7 13 41 
42 16 9 
9 15 23 
41 20 
1 44 11 
23 4 
11 40 21 24 
4 33 29 
20 14 
13 12 
22 39 32 
14 35 18 
29 10 5 
12 46 45 19 
18 34 43 
15 47 6 
16 37 
24 28 
37 2 
32 
27 
25 36 
44 
3 26 48 
21 
28 
33 38 
43 31 
6 
39 49 
5 
19 
35 
40 
38 
36 
45 
31 
48 
2 
46 
49 
10 
26 
34 
47 
# clone tree 47 objective: 1.73229
0 1 17 
17 25 27 22 8 
8 7 30 
30 3 42 
7 13 41 
42 16 9 
9 15 23 
41 20 
1 44 11 
23 4 
11 40 21 24 
4 33 29 
20 14 
13 12 
22 39 32 
14 35 18 
29 10 5 
12 46 45 19 
18 34 43 
15 6 
16 37 
24 28 
37 2 
32 
27 
25 36 
44 
3 26 48 
21 
28 
33 38 
43 31 
6 
39 49 
5 
19 
35 
40 
38 
36 
45 
31 47 
48 
2 
46 
49 
10 
26 
34 
47 
# clone tree 48 objective: 1.73229
0 1 17 
17 25 27 22 8 
8 7 30 
30 3 42 
7 13 41 
42 16 9 
9 15 23 
41 20 
1 44 11 
23 4 
11 40 21 24 
4 33 29 
20 14 
13 12 
22 39 32 
14 35 18 
29 10 5 
12 46 45 19 
18 34 43 
15 6 
16 37 
24 28 
37 2 
32 
27 
25 36 
44 
3 26 48 
21 
28 
33 38 
43 31 
6 47 
39 49 
5 
19 
35 
40 
38 
36 
45 
31 
48 
2 
46 
49 
10 
26 
34 
47 
# clone tree 49 objective: 1.73229
0 1 17 
17 25 27 22 8 
8 7 30 
30 3 42 
7 13 41 
42 16 9 
9 15 23 
41 20 
1 44 11 
23 4 
11 40 21 24 
4 33 29 
20 14 
13 12 
22 39 32 
14 35 18 
29 10 5 
12 46 45 19 
18 34 43 
15 6 
16 37 
24 28 
37 2 
32 
27 
25 36 
44 
3 26 48 
21 47 
28 
33 38 
43 31 
6 
39 49 
5 
19 
35 
40 
38 
36 
45 
31 
48 
2 
46 
49 
10 
26 
34 
47 
