# clone tree 0 objective: 2.4422
0 40 25 
42 2 12 
25 45 42 
12 39 36 
36 3 26 31 
31 35 5 1 
1 38 8 29 
29 18 
27 13 
18 27 
13 37 46 48 14 22 
22 17 23 
30 47 11 
23 30 
11 43 28 
28 49 7 24 
14 9 
8 4 15 
9 33 
24 10 
10 21 16 
40 20 44 
5 41 
16 
15 19 
7 32 
43 6 
17 
48 
46 
6 34 
49 
41 
33 
19 
47 
38 
2 
37 
35 
4 
26 
39 
44 
21 
20 
34 
45 
32 
3 
# clone tree 1 objective: 2.4422
0 40 25 
42 2 12 
25 42 
12 39 36 
36 32 26 31 
31 20 35 5 1 
1 38 8 29 
29 18 
27 13 
18 27 
13 37 46 48 14 22 
22 17 23 
30 47 11 
23 30 
11 43 28 
28 49 7 24 
14 9 
8 4 15 
9 33 
24 10 
10 21 16 
40 3 44 
5 41 
16 
15 19 
7 
43 6 
17 
48 
46 
6 34 
49 
41 
33 45 
19 
47 
38 
2 
37 
35 
4 
26 
39 
44 
21 
20 
34 
45 
32 
3 
# clone tree 2 objective: 2.4422
0 3 40 25 
42 2 12 
25 45 42 
12 20 39 36 
36 26 31 
31 35 5 1 
1 38 8 29 
29 18 
27 13 
18 27 
13 37 46 48 14 22 
22 17 23 
30 47 11 
23 30 
11 43 28 
28 49 7 24 
14 9 
8 4 15 
9 33 
24 10 
10 21 16 
40 44 
5 41 
16 
15 19 
7 32 
43 6 
17 
48 
46 
6 34 
49 
41 
33 
19 
47 
38 
2 
37 
35 
4 
26 
39 
44 
21 
20 
34 
45 
32 
3 
# clone tree 3 objective: 2.4422
0 40 25 
42 2 12 
25 45 42 
12 39 36 
36 26 31 
31 35 5 1 
1 38 8 29 
29 18 
27 13 
18 27 
13 37 46 48 14 22 
22 17 23 
30 47 11 
23 30 
11 43 28 
28 49 7 24 
14 9 
8 20 4 15 
9 33 
24 10 
10 21 16 
40 44 
5 41 
16 3 
15 19 
7 32 
43 6 
17 
48 
46 
6 34 
49 
41 
33 
19 
47 
38 
2 
37 
35 
4 
26 
39 
44 
21 
20 
34 
45 
32 
3 
# clone tree 4 objective: 2.4422
0 40 25 
42 2 12 
25 45 42 
12 39 36 
36 26 31 
31 35 5 1 
1 38 8 29 
29 18 
27 13 
18 27 
13 37 46 48 14 22 
22 17 23 
30 47 11 
23 30 
11 43 28 
28 49 7 24 
14 9 
8 20 4 15 
9 33 
24 10 
10 21 16 
40 44 
5 41 
16 
15 19 
7 32 
43 6 
17 
48 
46 
6 34 
49 
41 
33 
19 
47 
38 
2 3 
37 
35 
4 
26 
39 
44 
21 
20 
34 
45 
32 
3 
# clone tree 5 objective: 2.4422
0 40 25 
42 2 12 
25 45 42 
12 20 39 36 
36 26 31 
31 35 5 1 
1 38 8 29 
29 18 
27 13 
18 3 27 
13 37 46 48 14 22 
22 17 23 
30 47 11 
23 30 
11 43 28 
28 49 7 24 
14 9 
8 4 15 
9 33 
24 10 
10 21 16 
40 44 
5 41 
16 
15 19 
7 32 
43 6 
17 
48 
46 
6 34 
49 
41 
33 
19 
47 
38 
2 
37 
35 
4 
26 
39 
44 
21 
20 
34 
45 
32 
3 
# clone tree 6 objective: 2.4422
0 40 25 
42 2 12 
25 42 
12 20 39 36 
36 32 26 31 
31 35 5 1 
1 38 8 29 
29 18 
27 13 
18 27 
13 37 46 48 14 22 
22 17 23 
30 47 11 
23 30 
11 43 28 
28 49 7 24 
14 9 
8 4 15 
9 33 
24 10 
10 21 16 
40 44 
5 41 
16 3 
15 19 
7 
43 6 
17 
48 45 
46 
6 34 
49 
41 
33 
19 
47 
38 
2 
37 
35 
4 
26 
39 
44 
21 
20 
34 
45 
32 
3 
# clone tree 7 objective: 2.4422
0 40 25 
42 2 12 
25 45 42 
12 39 36 
36 3 26 31 
31 35 5 1 
1 38 8 29 
29 18 
27 13 
18 27 
13 37 46 48 14 22 
22 17 23 
30 47 11 
23 30 
11 43 28 
28 49 7 24 
14 9 
8 20 4 15 
9 33 
24 10 
10 21 16 
40 44 
5 41 
16 
15 19 
7 
43 6 
17 
48 
46 
6 34 
49 
41 
33 32 
19 
47 
38 
2 
37 
35 
4 
26 
39 
44 
21 
20 
34 
45 
32 
3 
# clone tree 8 objective: 2.4422
0 40 25 
42 2 12 
25 45 42 
12 20 39 36 
36 26 31 
31 35 5 1 
1 38 8 29 
29 18 
27 13 
18 27 
13 37 46 48 14 22 
22 17 23 
30 47 11 
23 30 
11 43 28 
28 49 7 24 
14 9 
8 4 15 
9 33 
24 10 
10 21 16 
40 44 
5 41 
16 
15 19 
7 3 32 
43 6 
17 
48 
46 
6 34 
49 
41 
33 
19 
47 
38 
2 
37 
35 
4 
26 
39 
44 
21 
20 
34 
45 
32 
3 
# clone tree 9 objective: 2.4422
0 40 25 
42 2 12 
25 42 
12 20 39 36 
36 32 26 31 
31 35 5 1 
1 38 8 29 
29 18 
27 13 
18 27 
13 37 46 48 14 22 
22 17 23 
30 47 11 
23 30 
11 43 28 
28 49 7 24 
14 9 
8 4 15 
9 33 
24 10 
10 21 16 
40 3 44 
5 41 
16 
15 19 
7 
43 6 
17 
48 45 
46 
6 34 
49 
41 
33 
19 
47 
38 
2 
37 
35 
4 
26 
39 
44 
21 
20 
34 
45 
32 
3 
