# clone tree 0 objective: 3.03071
0 27 9 
21 12 17 
9 13 21 
17 6 31 
25 26 3 
31 34 
15 28 
34 25 
3 15 
28 5 45 
12 18 23 
45 30 42 
23 37 2 
40 44 46 
2 40 
42 33 32 
32 38 
30 41 8 
46 14 22 
38 4 1 
8 11 10 
27 35 
44 20 
33 47 
22 39 
37 16 
1 48 
39 36 
10 49 
4 24 
35 19 
26 43 
36 7 
18 
48 
41 29 
5 
20 
13 
16 
47 
24 
43 
7 
14 
11 
29 
49 
6 
19 
# clone tree 1 objective: 3.03071
0 27 9 
21 12 17 
9 13 21 
17 6 31 
25 26 3 
31 34 
15 28 
34 25 
3 15 
28 5 45 
12 18 23 
45 30 42 
23 37 2 
40 44 46 
2 40 
42 33 32 
32 38 
30 41 8 
46 14 22 
38 4 1 
8 11 10 
27 35 
44 20 
33 47 
22 39 
37 16 
1 48 
39 36 
10 49 
4 24 
35 
26 43 
36 7 
18 
48 
41 29 
5 
20 19 
13 
16 
47 
24 
43 
7 
14 
11 
29 
49 
6 
19 
# clone tree 2 objective: 3.03071
0 27 9 
21 12 17 
9 13 21 
17 31 
25 26 3 
31 34 
15 28 
34 25 
3 15 
28 5 45 
12 18 23 
45 30 42 
23 37 2 
40 44 46 
2 40 
42 33 32 
32 38 
30 6 41 8 
46 14 22 
38 4 1 
8 11 10 
27 35 
44 20 
33 47 
22 39 
37 16 
1 48 
39 36 
10 49 
4 24 
35 
26 43 
36 7 
18 
48 
41 29 
5 
20 
13 
16 19 
47 
24 
43 
7 
14 
11 
29 
49 
6 
19 
# clone tree 3 objective: 3.03071
0 27 9 
21 12 17 
9 13 21 
17 49 31 
25 26 3 
31 34 
15 28 
34 25 
3 15 
28 5 45 
12 18 23 
45 30 42 
23 37 2 
40 44 46 
2 40 
42 33 32 
32 38 
30 41 8 
46 6 14 22 
38 4 1 
8 11 10 
27 35 
44 20 
33 47 
22 39 
37 16 
1 48 
39 36 
10 
4 24 
35 
26 43 
36 7 
18 
48 
41 29 
5 
20 19 
13 
16 
47 
24 
43 
7 
14 
11 
29 
49 
6 
19 
# clone tree 4 objective: 3.03071
0 27 9 
21 12 17 
9 13 21 
17 31 
25 26 3 
31 34 
15 28 
34 25 
3 15 
28 5 45 
12 18 23 
45 30 42 
23 37 2 
40 44 46 
2 49 40 
42 6 33 32 
32 38 
30 41 8 
46 14 22 
38 4 1 
8 11 10 
27 35 
44 20 
33 47 
22 39 
37 16 
1 48 
39 36 
10 
4 24 
35 
26 43 
36 7 
18 
48 
41 29 
5 
20 19 
13 
16 
47 
24 
43 
7 
14 
11 
29 
49 
6 
19 
# clone tree 5 objective: 3.03071
0 27 9 
21 12 17 
9 13 21 
17 31 
25 26 3 
31 34 
15 28 
34 19 25 
3 15 
28 5 45 
12 18 23 
45 30 42 
23 37 2 
40 44 46 
2 40 
42 33 32 
32 38 
30 41 8 
46 49 14 22 
38 4 1 
8 11 10 
27 35 
44 20 
33 6 47 
22 39 
37 16 
1 48 
39 36 
10 
4 24 
35 
26 43 
36 7 
18 
48 
41 29 
5 
20 
13 
16 
47 
24 
43 
7 
14 
11 
29 
49 
6 
19 
# clone tree 6 objective: 3.03071
0 27 9 
21 12 17 
9 13 21 
17 31 
25 26 3 
31 34 
15 28 
34 25 
3 15 
28 5 45 
12 18 23 
45 30 42 
23 37 2 
40 44 46 
2 49 40 
42 6 33 32 
32 38 
30 41 8 
46 14 22 
38 4 1 
8 11 10 
27 35 
44 20 
33 47 
22 39 
37 16 
1 48 
39 36 
10 
4 24 
35 
26 43 
36 7 
18 
48 
41 29 
5 
20 
13 
16 19 
47 
24 
43 
7 
14 
11 
29 
49 
6 
19 
# clone tree 7 objective: 3.03071
0 27 9 
21 12 17 
9 6 13 21 
17 31 
25 26 3 
31 34 
15 28 
34 25 
3 15 
28 5 45 
12 18 23 
45 30 42 
23 37 2 
40 44 46 
2 40 
42 33 32 
32 38 
30 41 8 
46 14 22 
38 4 1 
8 11 10 
27 35 
44 20 
33 49 47 
22 39 
37 16 
1 48 
39 36 
10 
4 24 
35 
26 43 
36 7 
18 
48 
41 29 
5 
20 
13 
16 
47 
24 
43 
7 
14 
11 19 
29 
49 
6 
19 
# clone tree 8 objective: 3.03071
0 27 9 
21 12 17 
9 13 21 
17 31 
25 26 3 
31 34 
15 28 
34 25 
3 15 
28 5 45 
12 18 23 
45 30 42 
23 19 37 2 
40 44 46 
2 40 
42 33 32 
32 38 
30 41 8 
46 6 14 22 
38 4 1 
8 11 10 
27 35 
44 49 20 
33 47 
22 39 
37 16 
1 48 
39 36 
10 
4 24 
35 
26 43 
36 7 
18 
48 
41 29 
5 
20 
13 
16 
47 
24 
43 
7 
14 
11 
29 
49 
6 
19 
# clone tree 9 objective: 3.03071
0 27 9 
21 12 17 
9 13 21 
17 6 31 
25 26 3 
31 49 34 
15 28 
34 25 
3 15 
28 5 45 
12 18 23 
45 30 42 
23 37 2 
40 44 46 
2 40 
42 33 32 
32 38 
30 41 8 
46 14 22 
38 4 1 
8 11 10 
27 35 
44 20 
33 47 
22 39 
37 16 
1 48 
39 19 36 
10 
4 24 
35 
26 43 
36 7 
18 
48 
41 29 
5 
20 
13 
16 
47 
24 
43 
7 
14 
11 
29 
49 
6 
19 
# clone tree 10 objective: 3.03071
0 27 9 
21 12 17 
9 13 21 
17 31 
25 26 3 
31 34 
15 28 
34 25 
3 15 
28 5 45 
12 18 23 
45 30 42 
23 37 2 
40 44 46 
2 19 40 
42 33 32 
32 38 
30 41 8 
46 6 14 22 
38 4 1 
8 11 10 
27 35 
44 49 20 
33 47 
22 39 
37 16 
1 48 
39 36 
10 
4 24 
35 
26 43 
36 7 
18 
48 
41 29 
5 
20 
13 
16 
47 
24 
43 
7 
14 
11 
29 
49 
6 
19 
# clone tree 11 objective: 3.03071
0 27 9 
21 12 17 
9 13 21 
17 6 31 
25 26 3 
31 49 34 
15 28 
34 25 
3 15 
28 5 45 
12 18 23 
45 30 42 
23 37 2 
40 44 46 
2 40 
42 33 32 
32 38 
30 41 8 
46 14 22 
38 4 1 
8 11 10 
27 35 
44 20 
33 47 
22 39 
37 16 
1 19 48 
39 36 
10 
4 24 
35 
26 43 
36 7 
18 
48 
41 29 
5 
20 
13 
16 
47 
24 
43 
7 
14 
11 
29 
49 
6 
19 
# clone tree 12 objective: 3.03071
0 27 9 
21 12 17 
9 13 21 
17 31 
25 26 3 
31 19 34 
15 28 
34 25 
3 15 
28 5 45 
12 18 23 
45 30 42 
23 37 2 
40 44 46 
2 49 40 
42 33 32 
32 38 
30 6 41 8 
46 14 22 
38 4 1 
8 11 10 
27 35 
44 20 
33 47 
22 39 
37 16 
1 48 
39 36 
10 
4 24 
35 
26 43 
36 7 
18 
48 
41 29 
5 
20 
13 
16 
47 
24 
43 
7 
14 
11 
29 
49 
6 
19 
# clone tree 13 objective: 3.03071
0 27 9 
21 12 17 
9 6 13 21 
17 31 
25 26 3 
31 34 
15 28 
34 25 
3 15 
28 5 45 
12 18 23 
45 30 42 
23 37 2 
40 44 46 
2 40 
42 33 32 
32 38 
30 41 8 
46 14 22 
38 4 1 
8 11 10 
27 35 
44 20 
33 49 47 
22 39 
37 16 
1 48 
39 36 
10 19 
4 24 
35 
26 43 
36 7 
18 
48 
41 29 
5 
20 
13 
16 
47 
24 
43 
7 
14 
11 
29 
49 
6 
19 
# clone tree 14 objective: 3.03071
0 27 9 
21 12 17 
9 13 21 
17 31 
25 26 3 
31 34 
15 28 
34 25 
3 15 
28 5 45 
12 18 23 
45 30 42 
23 19 37 2 
40 44 46 
2 49 40 
42 33 32 
32 38 
30 6 41 8 
46 14 22 
38 4 1 
8 11 10 
27 35 
44 20 
33 47 
22 39 
37 16 
1 48 
39 36 
10 
4 24 
35 
26 43 
36 7 
18 
48 
41 29 
5 
20 
13 
16 
47 
24 
43 
7 
14 
11 
29 
49 
6 
19 
# clone tree 15 objective: 3.03071
0 27 9 
21 12 17 
9 6 13 21 
17 31 
25 26 3 
31 34 
15 28 
34 25 
3 15 
28 5 45 
12 18 23 
45 30 42 
23 37 2 
40 44 46 
2 40 
42 33 32 
32 38 
30 41 8 
46 14 22 
38 4 1 
8 11 10 
27 35 
44 20 
33 49 47 
22 39 
37 19 16 
1 48 
39 36 
10 
4 24 
35 
26 43 
36 7 
18 
48 
41 29 
5 
20 
13 
16 
47 
24 
43 
7 
14 
11 
29 
49 
6 
19 
# clone tree 16 objective: 3.03071
0 27 9 
21 12 17 
9 13 21 
17 49 31 
25 26 3 
31 34 
15 28 
34 25 
3 15 
28 5 45 
12 18 23 
45 30 42 
23 19 37 2 
40 44 46 
2 40 
42 33 32 
32 38 
30 41 8 
46 14 22 
38 4 1 
8 11 10 
27 35 
44 20 
33 6 47 
22 39 
37 16 
1 48 
39 36 
10 
4 24 
35 
26 43 
36 7 
18 
48 
41 29 
5 
20 
13 
16 
47 
24 
43 
7 
14 
11 
29 
49 
6 
19 
# clone tree 17 objective: 3.03071
0 27 9 
21 12 17 
9 13 21 
17 31 
25 26 3 
31 34 
15 28 
34 25 
3 6 15 
28 5 45 
12 18 23 
45 30 42 
23 19 37 2 
40 44 46 
2 40 
42 33 32 
32 38 
30 41 8 
46 14 22 
38 4 1 
8 11 10 
27 35 
44 20 
33 47 
22 39 
37 16 
1 48 
39 36 
10 
4 24 
35 49 
26 43 
36 7 
18 
48 
41 29 
5 
20 
13 
16 
47 
24 
43 
7 
14 
11 
29 
49 
6 
19 
# clone tree 18 objective: 3.03071
0 27 9 
21 12 17 
9 13 21 
17 31 
25 26 3 
31 34 
15 28 
34 25 
3 15 
28 5 45 
12 18 23 
45 30 42 
23 37 2 
40 44 46 
2 19 49 40 
42 33 32 
32 38 
30 6 41 8 
46 14 22 
38 4 1 
8 11 10 
27 35 
44 20 
33 47 
22 39 
37 16 
1 48 
39 36 
10 
4 24 
35 
26 43 
36 7 
18 
48 
41 29 
5 
20 
13 
16 
47 
24 
43 
7 
14 
11 
29 
49 
6 
19 
# clone tree 19 objective: 3.03071
0 27 9 
21 12 17 
9 13 21 
17 6 31 
25 26 3 
31 34 
15 28 
34 25 
3 15 
28 5 45 
12 18 23 
45 30 42 
23 37 2 
40 44 46 
2 40 
42 33 32 
32 38 
30 41 8 
46 14 22 
38 4 1 
8 11 10 
27 35 
44 20 
33 47 
22 39 
37 16 
1 48 
39 19 36 
10 49 
4 24 
35 
26 43 
36 7 
18 
48 
41 29 
5 
20 
13 
16 
47 
24 
43 
7 
14 
11 
29 
49 
6 
19 
# clone tree 20 objective: 3.03071
0 27 9 
21 12 17 
9 13 21 
17 31 
25 26 3 
31 34 
15 28 
34 25 
3 6 15 
28 5 45 
12 18 23 
45 30 42 
23 37 2 
40 44 46 
2 40 
42 33 32 
32 38 
30 41 8 
46 49 14 22 
38 4 1 
8 11 10 
27 35 
44 20 
33 47 
22 39 
37 19 16 
1 48 
39 36 
10 
4 24 
35 
26 43 
36 7 
18 
48 
41 29 
5 
20 
13 
16 
47 
24 
43 
7 
14 
11 
29 
49 
6 
19 
# clone tree 21 objective: 3.03071
0 27 9 
21 12 17 
9 13 21 
17 31 
25 26 3 
31 34 
15 28 
34 25 
3 6 15 
28 5 45 
12 18 23 
45 30 42 
23 37 2 
40 44 46 
2 40 
42 33 32 
32 38 
30 41 8 
46 14 22 
38 4 1 
8 11 10 
27 35 
44 20 
33 47 
22 39 
37 19 16 
1 48 
39 36 
10 
4 24 
35 49 
26 43 
36 7 
18 
48 
41 29 
5 
20 
13 
16 
47 
24 
43 
7 
14 
11 
29 
49 
6 
19 
# clone tree 22 objective: 3.03071
0 27 9 
21 12 17 
9 13 21 
17 31 
25 26 3 
31 34 
15 28 
34 25 
3 15 
28 5 45 
12 18 23 
45 30 42 
23 37 2 
40 44 46 
2 40 
42 33 32 
32 38 
30 6 41 8 
46 14 22 
38 19 4 1 
8 11 10 
27 35 
44 20 
33 47 
22 39 
37 16 
1 48 
39 36 
10 49 
4 24 
35 
26 43 
36 7 
18 
48 
41 29 
5 
20 
13 
16 
47 
24 
43 
7 
14 
11 
29 
49 
6 
19 
# clone tree 23 objective: 3.03071
0 27 9 
21 12 17 
9 13 21 
17 49 31 
25 26 3 
31 34 
15 28 
34 25 
3 15 
28 5 45 
12 18 23 
45 30 42 
23 37 2 
40 44 46 
2 40 
42 33 32 
32 38 
30 41 8 
46 6 14 22 
38 4 1 
8 11 10 
27 35 
44 20 
33 47 
22 39 
37 16 
1 48 
39 36 
10 
4 24 
35 
26 43 
36 7 
18 
48 
41 29 
5 
20 
13 
16 
47 
24 
43 
7 
14 
11 19 
29 
49 
6 
19 
# clone tree 24 objective: 3.03071
0 27 9 
21 12 17 
9 13 21 
17 31 
25 26 3 
31 34 
15 28 
34 25 
3 6 15 
28 5 45 
12 18 23 
45 30 42 
23 37 2 
40 44 46 
2 40 
42 33 32 
32 38 
30 41 8 
46 14 22 
38 4 1 
8 49 11 10 
27 35 
44 20 
33 47 
22 39 
37 16 
1 48 
39 36 
10 
4 24 
35 
26 43 
36 7 
18 
48 
41 29 
5 
20 
13 
16 19 
47 
24 
43 
7 
14 
11 
29 
49 
6 
19 
# clone tree 25 objective: 3.03071
0 27 9 
21 12 17 
9 13 21 
17 31 
25 26 3 
31 49 34 
15 28 
34 25 
3 15 
28 5 45 
12 18 23 
45 30 42 
23 37 2 
40 44 46 
2 40 
42 33 32 
32 38 
30 41 8 
46 14 22 
38 19 4 1 
8 11 10 
27 35 
44 20 
33 47 
22 39 
37 16 
1 48 
39 36 
10 
4 24 
35 
26 43 
36 7 
18 
48 
41 29 
5 6 
20 
13 
16 
47 
24 
43 
7 
14 
11 
29 
49 
6 
19 
# clone tree 26 objective: 3.03071
0 27 9 
21 12 17 
9 13 21 
17 31 
25 26 3 
31 34 
15 28 
34 25 
3 15 
28 5 45 
12 18 23 
45 30 42 
23 37 2 
40 44 46 
2 40 
42 33 32 
32 38 
30 41 8 
46 14 22 
38 4 1 
8 11 10 
27 35 
44 49 20 
33 6 47 
22 39 
37 19 16 
1 48 
39 36 
10 
4 24 
35 
26 43 
36 7 
18 
48 
41 29 
5 
20 
13 
16 
47 
24 
43 
7 
14 
11 
29 
49 
6 
19 
# clone tree 27 objective: 3.03071
0 27 9 
21 12 17 
9 13 21 
17 31 
25 26 3 
31 34 
15 28 
34 25 
3 15 
28 5 45 
12 18 23 
45 30 42 
23 37 2 
40 44 46 
2 40 
42 33 32 
32 38 
30 41 8 
46 14 22 
38 4 1 
8 11 10 
27 35 
44 20 
33 6 47 
22 39 
37 16 
1 48 
39 19 36 
10 49 
4 24 
35 
26 43 
36 7 
18 
48 
41 29 
5 
20 
13 
16 
47 
24 
43 
7 
14 
11 
29 
49 
6 
19 
# clone tree 28 objective: 3.03071
0 27 9 
21 12 17 
9 13 21 
17 31 
25 26 3 
31 34 
15 28 
34 25 
3 15 
28 5 45 
12 18 23 
45 30 42 
23 37 2 
40 44 46 
2 40 
42 33 32 
32 38 
30 41 8 
46 6 14 22 
38 4 1 
8 11 10 
27 35 
44 20 
33 49 47 
22 39 
37 16 
1 48 
39 19 36 
10 
4 24 
35 
26 43 
36 7 
18 
48 
41 29 
5 
20 
13 
16 
47 
24 
43 
7 
14 
11 
29 
49 
6 
19 
# clone tree 29 objective: 3.03071
0 27 9 
21 12 17 
9 6 13 21 
17 49 31 
25 26 3 
31 34 
15 28 
34 25 
3 15 
28 19 5 45 
12 18 23 
45 30 42 
23 37 2 
40 44 46 
2 40 
42 33 32 
32 38 
30 41 8 
46 14 22 
38 4 1 
8 11 10 
27 35 
44 20 
33 47 
22 39 
37 16 
1 48 
39 36 
10 
4 24 
35 
26 43 
36 7 
18 
48 
41 29 
5 
20 
13 
16 
47 
24 
43 
7 
14 
11 
29 
49 
6 
19 
# clone tree 30 objective: 3.03071
0 27 9 
21 12 17 
9 13 21 
17 31 
25 26 3 
31 34 
15 28 
34 25 
3 6 15 
28 5 45 
12 18 23 
45 30 42 
23 37 2 
40 44 46 
2 40 
42 33 32 
32 38 
30 41 8 
46 14 22 
38 4 1 
8 11 10 
27 35 
44 20 
33 49 47 
22 39 
37 16 
1 19 48 
39 36 
10 
4 24 
35 
26 43 
36 7 
18 
48 
41 29 
5 
20 
13 
16 
47 
24 
43 
7 
14 
11 
29 
49 
6 
19 
# clone tree 31 objective: 3.03071
0 27 9 
21 12 17 
9 13 21 
17 31 
25 26 3 
31 34 
15 28 
34 19 25 
3 15 
28 5 45 
12 18 23 
45 30 42 
23 37 2 
40 44 46 
2 40 
42 6 33 32 
32 38 
30 41 8 
46 14 22 
38 4 1 
8 11 10 
27 35 
44 49 20 
33 47 
22 39 
37 16 
1 48 
39 36 
10 
4 24 
35 
26 43 
36 7 
18 
48 
41 29 
5 
20 
13 
16 
47 
24 
43 
7 
14 
11 
29 
49 
6 
19 
# clone tree 32 objective: 3.03071
0 27 9 
21 12 17 
9 13 21 
17 6 31 
25 26 3 
31 34 
15 28 
34 25 
3 15 
28 19 5 45 
12 18 23 
45 30 42 
23 37 2 
40 44 46 
2 40 
42 33 32 
32 38 
30 41 8 
46 14 22 
38 4 1 
8 11 10 
27 35 
44 49 20 
33 47 
22 39 
37 16 
1 48 
39 36 
10 
4 24 
35 
26 43 
36 7 
18 
48 
41 29 
5 
20 
13 
16 
47 
24 
43 
7 
14 
11 
29 
49 
6 
19 
# clone tree 33 objective: 3.03071
0 27 9 
21 12 17 
9 13 21 
17 31 
25 26 3 
31 34 
15 28 
34 19 25 
3 15 
28 5 45 
12 18 23 
45 30 42 
23 37 2 
40 44 46 
2 40 
42 33 32 
32 38 
30 6 41 8 
46 49 14 22 
38 4 1 
8 11 10 
27 35 
44 20 
33 47 
22 39 
37 16 
1 48 
39 36 
10 
4 24 
35 
26 43 
36 7 
18 
48 
41 29 
5 
20 
13 
16 
47 
24 
43 
7 
14 
11 
29 
49 
6 
19 
# clone tree 34 objective: 3.03071
0 27 9 
21 12 17 
9 13 21 
17 49 31 
25 26 3 
31 34 
15 28 
34 25 
3 15 
28 5 45 
12 18 23 
45 30 42 
23 37 2 
40 44 46 
2 40 
42 33 32 
32 38 
30 6 41 8 
46 14 22 
38 4 1 
8 11 10 
27 35 
44 20 
33 47 
22 39 
37 16 
1 48 
39 19 36 
10 
4 24 
35 
26 43 
36 7 
18 
48 
41 29 
5 
20 
13 
16 
47 
24 
43 
7 
14 
11 
29 
49 
6 
19 
# clone tree 35 objective: 3.03071
0 27 9 
21 12 17 
9 13 21 
17 31 
25 26 3 
31 34 
15 28 
34 25 
3 15 
28 5 45 
12 18 23 
45 30 42 
23 37 2 
40 44 46 
2 40 
42 33 32 
32 38 
30 41 8 
46 14 22 
38 4 1 
8 11 10 
27 35 
44 20 
33 47 
22 39 
37 16 
1 48 
39 36 
10 
4 24 
35 19 49 
26 43 
36 7 
18 
48 6 
41 29 
5 
20 
13 
16 
47 
24 
43 
7 
14 
11 
29 
49 
6 
19 
# clone tree 36 objective: 3.03071
0 27 9 
21 12 17 
9 13 21 
17 31 
25 26 3 
31 49 34 
15 28 
34 25 
3 15 
28 19 5 45 
12 18 23 
45 30 42 
23 37 2 
40 44 46 
2 40 
42 33 32 
32 38 
30 41 8 
46 6 14 22 
38 4 1 
8 11 10 
27 35 
44 20 
33 47 
22 39 
37 16 
1 48 
39 36 
10 
4 24 
35 
26 43 
36 7 
18 
48 
41 29 
5 
20 
13 
16 
47 
24 
43 
7 
14 
11 
29 
49 
6 
19 
# clone tree 37 objective: 3.03071
0 27 9 
21 12 17 
9 13 21 
17 31 
25 26 3 
31 34 
15 28 
34 25 
3 15 
28 5 45 
12 18 23 
45 30 42 
23 37 2 
40 44 46 
2 40 
42 33 32 
32 38 
30 41 8 
46 14 22 
38 4 1 
8 11 10 
27 35 
44 20 
33 47 
22 39 
37 16 
1 48 
39 36 
10 19 49 
4 24 
35 
26 43 
36 7 
18 
48 
41 29 
5 
20 
13 6 
16 
47 
24 
43 
7 
14 
11 
29 
49 
6 
19 
# clone tree 38 objective: 3.03071
0 27 9 
21 12 17 
9 6 13 21 
17 31 
25 26 3 
31 34 
15 28 
34 49 25 
3 15 
28 5 45 
12 18 23 
45 30 42 
23 37 2 
40 44 46 
2 40 
42 33 32 
32 38 
30 41 8 
46 14 22 
38 4 1 
8 11 10 
27 35 
44 20 
33 47 
22 39 
37 16 
1 48 
39 36 
10 
4 24 
35 
26 43 
36 7 
18 
48 
41 29 
5 
20 
13 
16 19 
47 
24 
43 
7 
14 
11 
29 
49 
6 
19 
# clone tree 39 objective: 3.03071
0 27 9 
21 12 17 
9 13 21 
17 31 
25 26 3 
31 34 
15 28 
34 49 25 
3 6 15 
28 5 45 
12 18 23 
45 30 42 
23 37 2 
40 44 46 
2 40 
42 33 32 
32 38 
30 41 8 
46 14 22 
38 4 1 
8 11 10 
27 35 
44 20 
33 47 
22 39 
37 16 
1 48 
39 36 
10 
4 24 
35 19 
26 43 
36 7 
18 
48 
41 29 
5 
20 
13 
16 
47 
24 
43 
7 
14 
11 
29 
49 
6 
19 
# clone tree 40 objective: 3.03071
0 27 9 
21 12 17 
9 13 21 
17 31 
25 26 3 
31 34 
15 28 
34 19 25 
3 15 
28 5 45 
12 18 23 
45 30 42 
23 37 2 
40 44 46 
2 49 40 
42 6 33 32 
32 38 
30 41 8 
46 14 22 
38 4 1 
8 11 10 
27 35 
44 20 
33 47 
22 39 
37 16 
1 48 
39 36 
10 
4 24 
35 
26 43 
36 7 
18 
48 
41 29 
5 
20 
13 
16 
47 
24 
43 
7 
14 
11 
29 
49 
6 
19 
# clone tree 41 objective: 3.03071
0 27 9 
21 12 17 
9 13 21 
17 31 
25 26 3 
31 34 
15 28 
34 25 
3 6 15 
28 5 45 
12 18 23 
45 30 42 
23 37 2 
40 44 46 
2 40 
42 33 32 
32 38 
30 41 8 
46 14 22 
38 4 1 
8 11 10 
27 35 
44 20 
33 47 
22 39 
37 16 
1 48 
39 36 
10 19 
4 24 
35 49 
26 43 
36 7 
18 
48 
41 29 
5 
20 
13 
16 
47 
24 
43 
7 
14 
11 
29 
49 
6 
19 
# clone tree 42 objective: 3.03071
0 27 9 
21 12 17 
9 13 21 
17 31 
25 26 3 
31 34 
15 28 
34 25 
3 15 
28 5 45 
12 18 23 
45 30 42 
23 37 2 
40 44 46 
2 40 
42 6 33 32 
32 38 
30 41 8 
46 14 22 
38 4 1 
8 11 10 
27 35 
44 20 
33 47 
22 39 
37 16 
1 48 
39 19 36 
10 49 
4 24 
35 
26 43 
36 7 
18 
48 
41 29 
5 
20 
13 
16 
47 
24 
43 
7 
14 
11 
29 
49 
6 
19 
# clone tree 43 objective: 3.03071
0 27 9 
21 12 17 
9 13 21 
17 31 
25 26 3 
31 34 
15 28 
34 25 
3 15 
28 6 5 45 
12 18 23 
45 30 42 
23 19 37 2 
40 44 46 
2 40 
42 33 32 
32 38 
30 41 8 
46 14 22 
38 4 1 
8 49 11 10 
27 35 
44 20 
33 47 
22 39 
37 16 
1 48 
39 36 
10 
4 24 
35 
26 43 
36 7 
18 
48 
41 29 
5 
20 
13 
16 
47 
24 
43 
7 
14 
11 
29 
49 
6 
19 
# clone tree 44 objective: 3.03071
0 27 9 
21 12 17 
9 13 21 
17 31 
25 26 3 
31 34 
15 28 
34 25 
3 15 
28 5 45 
12 18 23 
45 30 42 
23 37 2 
40 44 46 
2 40 
42 33 32 
32 38 
30 41 8 
46 14 22 
38 4 1 
8 11 10 
27 35 
44 49 20 
33 6 47 
22 39 
37 16 
1 48 
39 19 36 
10 
4 24 
35 
26 43 
36 7 
18 
48 
41 29 
5 
20 
13 
16 
47 
24 
43 
7 
14 
11 
29 
49 
6 
19 
# clone tree 45 objective: 3.03071
0 27 9 
21 12 17 
9 13 21 
17 31 
25 26 3 
31 34 
15 28 
34 25 
3 15 
28 5 45 
12 18 23 
45 30 42 
23 37 2 
40 44 46 
2 40 
42 33 32 
32 38 
30 41 8 
46 14 22 
38 4 1 
8 49 11 10 
27 35 
44 20 
33 47 
22 39 
37 16 
1 19 48 
39 36 
10 
4 24 
35 
26 43 
36 7 
18 
48 
41 29 
5 6 
20 
13 
16 
47 
24 
43 
7 
14 
11 
29 
49 
6 
19 
# clone tree 46 objective: 3.03071
0 27 9 
21 12 17 
9 13 21 
17 31 
25 26 3 
31 49 34 
15 28 
34 25 
3 15 
28 5 45 
12 18 23 
45 30 42 
23 37 2 
40 44 46 
2 19 40 
42 33 32 
32 38 
30 6 41 8 
46 14 22 
38 4 1 
8 11 10 
27 35 
44 20 
33 47 
22 39 
37 16 
1 48 
39 36 
10 
4 24 
35 
26 43 
36 7 
18 
48 
41 29 
5 
20 
13 
16 
47 
24 
43 
7 
14 
11 
29 
49 
6 
19 
# clone tree 47 objective: 3.03071
0 27 9 
21 12 17 
9 13 21 
17 31 
25 26 3 
31 34 
15 28 
34 25 
3 15 
28 6 5 45 
12 18 23 
45 30 42 
23 37 2 
40 44 46 
2 40 
42 33 32 
32 38 
30 41 8 
46 14 22 
38 4 1 
8 11 10 
27 35 
44 20 
33 47 
22 39 
37 16 
1 48 
39 36 
10 49 
4 24 
35 
26 43 
36 7 
18 
48 
41 29 
5 
20 
13 
16 
47 
24 
43 
7 
14 
11 19 
29 
49 
6 
19 
# clone tree 48 objective: 3.03071
0 27 9 
21 12 17 
9 13 21 
17 31 
25 26 3 
31 34 
15 28 
34 25 
3 15 
28 5 45 
12 18 23 
45 30 42 
23 37 2 
40 44 46 
2 40 
42 33 32 
32 38 
30 41 8 
46 14 22 
38 4 1 
8 11 10 
27 35 
44 49 20 
33 47 
22 39 
37 16 
1 19 48 
39 36 
10 
4 24 
35 
26 43 
36 7 
18 
48 6 
41 29 
5 
20 
13 
16 
47 
24 
43 
7 
14 
11 
29 
49 
6 
19 
# clone tree 49 objective: 3.03071
0 27 9 
21 12 17 
9 13 21 
17 31 
25 26 3 
31 34 
15 28 
34 25 
3 15 
28 6 5 45 
12 18 23 
45 30 42 
23 37 2 
40 44 46 
2 40 
42 33 32 
32 38 
30 41 8 
46 49 14 22 
38 4 1 
8 11 10 
27 35 
44 20 
33 47 
22 39 
37 16 
1 19 48 
39 36 
10 
4 24 
35 
26 43 
36 7 
18 
48 
41 29 
5 
20 
13 
16 
47 
24 
43 
7 
14 
11 
29 
49 
6 
19 
# clone tree 50 objective: 3.03071
0 27 9 
21 12 17 
9 13 21 
17 31 
25 26 3 
31 34 
15 28 
34 25 
3 15 
28 5 45 
12 18 23 
45 30 42 
23 19 37 2 
40 44 46 
2 49 40 
42 33 32 
32 38 
30 41 8 
46 14 22 
38 4 1 
8 11 10 
27 35 
44 20 
33 6 47 
22 39 
37 16 
1 48 
39 36 
10 
4 24 
35 
26 43 
36 7 
18 
48 
41 29 
5 
20 
13 
16 
47 
24 
43 
7 
14 
11 
29 
49 
6 
19 
# clone tree 51 objective: 3.03071
0 27 9 
21 12 17 
9 13 21 
17 31 
25 26 3 
31 34 
15 28 
34 25 
3 15 
28 6 5 45 
12 18 23 
45 30 42 
23 37 2 
40 44 46 
2 40 
42 33 32 
32 38 
30 41 8 
46 49 14 22 
38 4 1 
8 11 10 
27 35 
44 20 
33 47 
22 39 
37 16 
1 48 
39 36 
10 
4 24 
35 
26 43 
36 7 
18 
48 
41 29 
5 
20 
13 
16 19 
47 
24 
43 
7 
14 
11 
29 
49 
6 
19 
# clone tree 52 objective: 3.03071
0 27 9 
21 12 17 
9 13 21 
17 31 
25 26 3 
31 34 
15 28 
34 25 
3 15 
28 19 5 45 
12 18 23 
45 30 42 
23 37 2 
40 44 46 
2 40 
42 33 32 
32 38 
30 41 8 
46 14 22 
38 4 1 
8 11 10 
27 35 
44 20 
33 47 
22 39 
37 16 
1 48 
39 36 
10 
4 24 
35 49 
26 43 
36 7 
18 
48 
41 29 
5 6 
20 
13 
16 
47 
24 
43 
7 
14 
11 
29 
49 
6 
19 
# clone tree 53 objective: 3.03071
0 27 9 
21 12 17 
9 13 21 
17 31 
25 26 3 
31 34 
15 28 
34 25 
3 15 
28 5 45 
12 18 23 
45 30 42 
23 37 2 
40 44 46 
2 40 
42 33 32 
32 38 
30 41 8 
46 14 22 
38 4 1 
8 11 10 
27 35 
44 20 
33 6 47 
22 39 
37 19 16 
1 48 
39 36 
10 49 
4 24 
35 
26 43 
36 7 
18 
48 
41 29 
5 
20 
13 
16 
47 
24 
43 
7 
14 
11 
29 
49 
6 
19 
# clone tree 54 objective: 3.03071
0 27 9 
21 12 17 
9 13 21 
17 31 
25 26 3 
31 34 
15 28 
34 25 
3 15 
28 5 45 
12 18 23 
45 30 42 
23 37 2 
40 44 46 
2 49 40 
42 33 32 
32 38 
30 41 8 
46 14 22 
38 4 1 
8 11 10 
27 35 
44 20 
33 6 47 
22 39 
37 16 
1 48 
39 19 36 
10 
4 24 
35 
26 43 
36 7 
18 
48 
41 29 
5 
20 
13 
16 
47 
24 
43 
7 
14 
11 
29 
49 
6 
19 
# clone tree 55 objective: 3.03071
0 27 9 
21 12 17 
9 13 21 
17 31 
25 26 3 
31 34 
15 28 
34 25 
3 6 15 
28 5 45 
12 18 23 
45 30 42 
23 37 2 
40 44 46 
2 19 40 
42 33 32 
32 38 
30 41 8 
46 14 22 
38 4 1 
8 49 11 10 
27 35 
44 20 
33 47 
22 39 
37 16 
1 48 
39 36 
10 
4 24 
35 
26 43 
36 7 
18 
48 
41 29 
5 
20 
13 
16 
47 
24 
43 
7 
14 
11 
29 
49 
6 
19 
# clone tree 56 objective: 3.03071
0 27 9 
21 12 17 
9 13 21 
17 31 
25 26 3 
31 34 
15 28 
34 25 
3 15 
28 5 45 
12 18 23 
45 30 42 
23 37 2 
40 44 46 
2 40 
42 33 32 
32 38 
30 41 8 
46 49 14 22 
38 4 1 
8 11 10 
27 35 
44 20 
33 6 47 
22 39 
37 16 
1 48 
39 36 
10 
4 24 
35 
26 43 
36 7 
18 
48 
41 29 
5 
20 
13 
16 
47 
24 
43 
7 
14 
11 19 
29 
49 
6 
19 
# clone tree 57 objective: 3.03071
0 27 9 
21 12 17 
9 13 21 
17 31 
25 26 3 
31 34 
15 28 
34 25 
3 15 
28 5 45 
12 18 23 
45 30 42 
23 19 37 2 
40 44 46 
2 40 
42 33 32 
32 38 
30 41 8 
46 14 22 
38 4 1 
8 49 11 10 
27 35 
44 20 
33 6 47 
22 39 
37 16 
1 48 
39 36 
10 
4 24 
35 
26 43 
36 7 
18 
48 
41 29 
5 
20 
13 
16 
47 
24 
43 
7 
14 
11 
29 
49 
6 
19 
# clone tree 58 objective: 3.03071
0 27 9 
21 12 17 
9 13 21 
17 31 
25 26 3 
31 19 34 
15 28 
34 25 
3 15 
28 5 45 
12 18 23 
45 30 42 
23 37 2 
40 44 46 
2 40 
42 33 32 
32 38 
30 41 8 
46 49 14 22 
38 4 1 
8 11 10 
27 35 
44 20 
33 47 
22 39 
37 16 
1 48 
39 36 
10 
4 24 
35 
26 43 
36 7 
18 
48 6 
41 29 
5 
20 
13 
16 
47 
24 
43 
7 
14 
11 
29 
49 
6 
19 
# clone tree 59 objective: 3.03071
0 27 9 
21 12 17 
9 6 13 21 
17 31 
25 26 3 
31 34 
15 28 
34 25 
3 15 
28 5 45 
12 18 23 
45 30 42 
23 37 2 
40 44 46 
2 40 
42 33 32 
32 38 
30 41 8 
46 14 22 
38 4 1 
8 49 11 10 
27 35 
44 20 
33 47 
22 39 
37 16 
1 48 
39 36 
10 
4 24 
35 
26 43 
36 7 
18 
48 
41 29 
5 
20 
13 
16 
47 
24 
43 
7 19 
14 
11 
29 
49 
6 
19 
# clone tree 60 objective: 3.03071
0 27 9 
21 12 17 
9 13 21 
17 31 
25 26 3 
31 34 
15 28 
34 25 
3 15 
28 6 5 45 
12 18 23 
45 30 42 
23 37 2 
40 44 46 
2 40 
42 33 32 
32 38 
30 41 8 
46 14 22 
38 4 1 
8 49 11 10 
27 35 
44 20 
33 47 
22 39 
37 16 
1 19 48 
39 36 
10 
4 24 
35 
26 43 
36 7 
18 
48 
41 29 
5 
20 
13 
16 
47 
24 
43 
7 
14 
11 
29 
49 
6 
19 
# clone tree 61 objective: 3.03071
0 27 9 
21 12 17 
9 6 13 21 
17 49 31 
25 26 3 
31 34 
15 28 
34 25 
3 15 
28 5 45 
12 18 23 
45 30 42 
23 37 2 
40 44 46 
2 19 40 
42 33 32 
32 38 
30 41 8 
46 14 22 
38 4 1 
8 11 10 
27 35 
44 20 
33 47 
22 39 
37 16 
1 48 
39 36 
10 
4 24 
35 
26 43 
36 7 
18 
48 
41 29 
5 
20 
13 
16 
47 
24 
43 
7 
14 
11 
29 
49 
6 
19 
# clone tree 62 objective: 3.03071
0 27 9 
21 12 17 
9 13 21 
17 49 31 
25 26 3 
31 34 
15 28 
34 25 
3 15 
28 5 45 
12 18 23 
45 30 42 
23 37 2 
40 44 46 
2 40 
42 33 32 
32 38 
30 41 8 
46 14 22 
38 4 1 
8 11 10 
27 35 
44 20 
33 47 
22 39 
37 16 
1 19 48 
39 36 
10 
4 24 
35 
26 43 
36 7 
18 
48 6 
41 29 
5 
20 
13 
16 
47 
24 
43 
7 
14 
11 
29 
49 
6 
19 
# clone tree 63 objective: 3.03071
0 27 9 
21 12 17 
9 13 21 
17 31 
25 26 3 
31 49 34 
15 28 
34 25 
3 15 
28 5 45 
12 18 23 
45 30 42 
23 37 2 
40 44 46 
2 19 40 
42 6 33 32 
32 38 
30 41 8 
46 14 22 
38 4 1 
8 11 10 
27 35 
44 20 
33 47 
22 39 
37 16 
1 48 
39 36 
10 
4 24 
35 
26 43 
36 7 
18 
48 
41 29 
5 
20 
13 
16 
47 
24 
43 
7 
14 
11 
29 
49 
6 
19 
# clone tree 64 objective: 3.03071
0 27 9 
21 12 17 
9 13 21 
17 6 49 31 
25 26 3 
31 19 34 
15 28 
34 25 
3 15 
28 5 45 
12 18 23 
45 30 42 
23 37 2 
40 44 46 
2 40 
42 33 32 
32 38 
30 41 8 
46 14 22 
38 4 1 
8 11 10 
27 35 
44 20 
33 47 
22 39 
37 16 
1 48 
39 36 
10 
4 24 
35 
26 43 
36 7 
18 
48 
41 29 
5 
20 
13 
16 
47 
24 
43 
7 
14 
11 
29 
49 
6 
19 
# clone tree 65 objective: 3.03071
0 27 9 
21 12 17 
9 13 21 
17 49 31 
25 26 3 
31 34 
15 28 
34 25 
3 15 
28 19 5 45 
12 18 23 
45 30 42 
23 37 2 
40 44 46 
2 40 
42 33 32 
32 38 
30 41 8 
46 6 14 22 
38 4 1 
8 11 10 
27 35 
44 20 
33 47 
22 39 
37 16 
1 48 
39 36 
10 
4 24 
35 
26 43 
36 7 
18 
48 
41 29 
5 
20 
13 
16 
47 
24 
43 
7 
14 
11 
29 
49 
6 
19 
# clone tree 66 objective: 3.03071
0 27 9 
21 12 17 
9 13 21 
17 31 
25 26 3 
31 34 
15 28 
34 25 
3 15 
28 6 5 45 
12 18 23 
45 30 42 
23 37 2 
40 44 46 
2 40 
42 33 32 
32 38 
30 41 8 
46 14 22 
38 4 1 
8 49 11 10 
27 35 
44 20 
33 47 
22 39 
37 16 
1 48 
39 36 
10 19 
4 24 
35 
26 43 
36 7 
18 
48 
41 29 
5 
20 
13 
16 
47 
24 
43 
7 
14 
11 
29 
49 
6 
19 
# clone tree 67 objective: 3.03071
0 27 9 
21 12 17 
9 13 21 
17 31 
25 26 3 
31 34 
15 28 
34 19 49 25 
3 15 
28 5 45 
12 18 23 
45 30 42 
23 37 2 
40 44 46 
2 40 
42 33 32 
32 38 
30 41 8 
46 6 14 22 
38 4 1 
8 11 10 
27 35 
44 20 
33 47 
22 39 
37 16 
1 48 
39 36 
10 
4 24 
35 
26 43 
36 7 
18 
48 
41 29 
5 
20 
13 
16 
47 
24 
43 
7 
14 
11 
29 
49 
6 
19 
# clone tree 68 objective: 3.03071
0 27 9 
21 12 17 
9 13 21 
17 49 31 
25 26 3 
31 34 
15 28 
34 25 
3 15 
28 5 45 
12 18 23 
45 30 42 
23 37 2 
40 44 46 
2 40 
42 33 32 
32 38 
30 41 8 
46 14 22 
38 19 4 1 
8 11 10 
27 35 
44 20 
33 47 
22 39 
37 16 
1 48 
39 36 
10 
4 24 
35 
26 43 
36 7 
18 
48 
41 29 
5 
20 
13 6 
16 
47 
24 
43 
7 
14 
11 
29 
49 
6 
19 
# clone tree 69 objective: 3.03071
0 27 9 
21 12 17 
9 13 21 
17 31 
25 26 3 
31 34 
15 28 
34 25 
3 15 
28 5 45 
12 18 23 
45 30 42 
23 37 2 
40 44 46 
2 40 
42 6 33 32 
32 38 
30 41 8 
46 14 22 
38 4 1 
8 11 10 
27 35 
44 20 
33 47 
22 39 
37 16 
1 48 
39 36 
10 49 
4 24 
35 
26 43 
36 7 
18 
48 
41 29 
5 
20 
13 
16 19 
47 
24 
43 
7 
14 
11 
29 
49 
6 
19 
# clone tree 70 objective: 3.03071
0 27 9 
21 12 17 
9 13 21 
17 31 
25 26 3 
31 34 
15 28 
34 25 
3 15 
28 5 45 
12 18 23 
45 30 42 
23 37 2 
40 44 46 
2 40 
42 33 32 
32 38 
30 41 8 
46 49 14 22 
38 4 1 
8 11 10 
27 35 
44 20 
33 47 
22 39 
37 16 
1 48 
39 36 
10 
4 24 
35 
26 43 
36 7 
18 
48 6 
41 29 
5 
20 
13 
16 19 
47 
24 
43 
7 
14 
11 
29 
49 
6 
19 
# clone tree 71 objective: 3.03071
0 27 9 
21 12 17 
9 13 21 
17 6 31 
25 26 3 
31 34 
15 28 
34 25 
3 15 
28 5 45 
12 18 23 
45 30 42 
23 37 2 
40 44 46 
2 40 
42 33 32 
32 38 
30 41 8 
46 14 22 
38 4 1 
8 11 10 
27 35 
44 20 
33 47 
22 39 
37 16 
1 48 
39 36 
10 
4 24 
35 49 
26 43 
36 7 
18 
48 
41 29 
5 
20 
13 
16 
47 
24 
43 
7 
14 
11 19 
29 
49 
6 
19 
# clone tree 72 objective: 3.03071
0 27 9 
21 12 17 
9 13 21 
17 31 
25 26 3 
31 34 
15 28 
34 25 
3 15 
28 5 45 
12 18 23 
45 30 42 
23 37 2 
40 44 46 
2 49 40 
42 33 32 
32 38 
30 41 8 
46 6 14 22 
38 4 1 
8 11 10 
27 35 
44 20 
33 47 
22 39 
37 16 
1 19 48 
39 36 
10 
4 24 
35 
26 43 
36 7 
18 
48 
41 29 
5 
20 
13 
16 
47 
24 
43 
7 
14 
11 
29 
49 
6 
19 
# clone tree 73 objective: 3.03071
0 27 9 
21 12 17 
9 13 21 
17 31 
25 26 3 
31 34 
15 28 
34 25 
3 15 
28 6 5 45 
12 18 23 
45 30 42 
23 37 2 
40 44 46 
2 19 40 
42 33 32 
32 38 
30 41 8 
46 14 22 
38 4 1 
8 49 11 10 
27 35 
44 20 
33 47 
22 39 
37 16 
1 48 
39 36 
10 
4 24 
35 
26 43 
36 7 
18 
48 
41 29 
5 
20 
13 
16 
47 
24 
43 
7 
14 
11 
29 
49 
6 
19 
# clone tree 74 objective: 3.03071
0 27 9 
21 12 17 
9 13 21 
17 31 
25 26 3 
31 49 34 
15 28 
34 19 25 
3 6 15 
28 5 45 
12 18 23 
45 30 42 
23 37 2 
40 44 46 
2 40 
42 33 32 
32 38 
30 41 8 
46 14 22 
38 4 1 
8 11 10 
27 35 
44 20 
33 47 
22 39 
37 16 
1 48 
39 36 
10 
4 24 
35 
26 43 
36 7 
18 
48 
41 29 
5 
20 
13 
16 
47 
24 
43 
7 
14 
11 
29 
49 
6 
19 
# clone tree 75 objective: 3.03071
0 27 9 
21 12 17 
9 13 21 
17 31 
25 26 3 
31 34 
15 28 
34 25 
3 15 
28 5 45 
12 18 23 
45 30 42 
23 37 2 
40 44 46 
2 40 
42 33 32 
32 38 
30 41 8 
46 14 22 
38 4 1 
8 11 10 
27 35 
44 49 20 
33 47 
22 39 
37 16 
1 48 
39 36 
10 
4 24 
35 19 
26 43 
36 7 
18 
48 
41 29 
5 
20 
13 6 
16 
47 
24 
43 
7 
14 
11 
29 
49 
6 
19 
# clone tree 76 objective: 3.03071
0 27 9 
21 12 17 
9 6 13 21 
17 31 
25 26 3 
31 49 34 
15 28 
34 19 25 
3 15 
28 5 45 
12 18 23 
45 30 42 
23 37 2 
40 44 46 
2 40 
42 33 32 
32 38 
30 41 8 
46 14 22 
38 4 1 
8 11 10 
27 35 
44 20 
33 47 
22 39 
37 16 
1 48 
39 36 
10 
4 24 
35 
26 43 
36 7 
18 
48 
41 29 
5 
20 
13 
16 
47 
24 
43 
7 
14 
11 
29 
49 
6 
19 
# clone tree 77 objective: 3.03071
0 27 9 
21 12 17 
9 13 21 
17 31 
25 26 3 
31 49 34 
15 28 
34 25 
3 15 
28 5 45 
12 18 23 
45 30 42 
23 37 2 
40 44 46 
2 40 
42 33 32 
32 38 
30 6 41 8 
46 14 22 
38 4 1 
8 11 10 
27 35 
44 20 
33 47 
22 39 
37 16 
1 48 
39 36 
10 
4 24 
35 
26 43 
36 7 
18 
48 
41 29 
5 
20 
13 
16 
47 
24 
43 
7 
14 
11 19 
29 
49 
6 
19 
# clone tree 78 objective: 3.03071
0 27 9 
21 12 17 
9 13 21 
17 31 
25 26 3 
31 49 34 
15 28 
34 25 
3 15 
28 5 45 
12 18 23 
45 30 42 
23 37 2 
40 44 46 
2 40 
42 33 32 
32 38 
30 41 8 
46 14 22 
38 4 1 
8 11 10 
27 35 
44 20 
33 6 47 
22 39 
37 16 
1 48 
39 36 
10 
4 24 
35 
26 43 
36 7 
18 
48 
41 29 
5 
20 19 
13 
16 
47 
24 
43 
7 
14 
11 
29 
49 
6 
19 
# clone tree 79 objective: 3.03071
0 27 9 
21 12 17 
9 13 21 
17 31 
25 26 3 
31 34 
15 28 
34 25 
3 15 
28 5 45 
12 18 23 
45 30 42 
23 37 2 
40 44 46 
2 40 
42 33 32 
32 38 
30 41 8 
46 14 22 
38 4 1 
8 49 11 10 
27 35 
44 20 
33 47 
22 39 
37 16 
1 48 
39 36 
10 
4 24 
35 
26 43 
36 7 
18 
48 6 
41 29 
5 
20 
13 
16 
47 
24 
43 
7 19 
14 
11 
29 
49 
6 
19 
# clone tree 80 objective: 3.03071
0 27 9 
21 12 17 
9 13 21 
17 31 
25 26 3 
31 34 
15 28 
34 49 25 
3 15 
28 5 45 
12 18 23 
45 30 42 
23 37 2 
40 44 46 
2 40 
42 33 32 
32 38 
30 41 8 
46 14 22 
38 4 1 
8 11 10 
27 35 
44 20 
33 47 
22 39 
37 16 
1 48 
39 36 
10 
4 24 
35 
26 43 
36 7 
18 
48 6 
41 29 
5 
20 
13 
16 19 
47 
24 
43 
7 
14 
11 
29 
49 
6 
19 
# clone tree 81 objective: 3.03071
0 27 9 
21 12 17 
9 13 21 
17 31 
25 26 3 
31 34 
15 28 
34 25 
3 15 
28 6 5 45 
12 18 23 
45 30 42 
23 37 2 
40 44 46 
2 40 
42 33 32 
32 38 
30 41 8 
46 14 22 
38 4 1 
8 11 10 
27 35 
44 20 
33 47 
22 39 
37 16 
1 48 
39 36 
10 49 
4 24 
35 19 
26 43 
36 7 
18 
48 
41 29 
5 
20 
13 
16 
47 
24 
43 
7 
14 
11 
29 
49 
6 
19 
# clone tree 82 objective: 3.03071
0 27 9 
21 12 17 
9 13 21 
17 31 
25 26 3 
31 34 
15 28 
34 25 
3 15 
28 5 45 
12 18 23 
45 30 42 
23 37 2 
40 44 46 
2 40 
42 33 32 
32 38 
30 41 8 
46 14 22 
38 4 1 
8 11 10 
27 35 
44 20 
33 47 
22 39 
37 19 16 
1 48 
39 36 
10 
4 24 
35 49 
26 43 
36 7 
18 
48 
41 29 
5 
20 
13 6 
16 
47 
24 
43 
7 
14 
11 
29 
49 
6 
19 
# clone tree 83 objective: 3.03071
0 27 9 
21 12 17 
9 13 21 
17 31 
25 26 3 
31 34 
15 28 
34 49 25 
3 15 
28 19 5 45 
12 18 23 
45 30 42 
23 37 2 
40 44 46 
2 40 
42 33 32 
32 38 
30 41 8 
46 14 22 
38 4 1 
8 11 10 
27 35 
44 20 
33 47 
22 39 
37 16 
1 48 
39 36 
10 
4 24 
35 
26 43 
36 7 
18 
48 
41 29 
5 
20 
13 6 
16 
47 
24 
43 
7 
14 
11 
29 
49 
6 
19 
# clone tree 84 objective: 3.03071
0 27 9 
21 12 17 
9 13 21 
17 31 
25 26 3 
31 34 
15 28 
34 19 25 
3 6 15 
28 5 45 
12 18 23 
45 30 42 
23 37 2 
40 44 46 
2 40 
42 33 32 
32 38 
30 41 8 
46 14 22 
38 4 1 
8 11 10 
27 35 
44 49 20 
33 47 
22 39 
37 16 
1 48 
39 36 
10 
4 24 
35 
26 43 
36 7 
18 
48 
41 29 
5 
20 
13 
16 
47 
24 
43 
7 
14 
11 
29 
49 
6 
19 
# clone tree 85 objective: 3.03071
0 27 9 
21 12 17 
9 13 21 
17 31 
25 26 3 
31 34 
15 28 
34 49 25 
3 15 
28 6 5 45 
12 18 23 
45 30 42 
23 37 2 
40 44 46 
2 40 
42 33 32 
32 38 
30 41 8 
46 14 22 
38 4 1 
8 11 10 
27 35 
44 20 
33 47 
22 39 
37 16 
1 48 
39 36 
10 
4 24 
35 
26 43 
36 7 
18 
48 
41 29 
5 
20 
13 
16 19 
47 
24 
43 
7 
14 
11 
29 
49 
6 
19 
# clone tree 86 objective: 3.03071
0 27 9 
21 12 17 
9 13 21 
17 31 
25 26 3 
31 34 
15 28 
34 25 
3 15 
28 5 45 
12 18 23 
45 30 42 
23 19 37 2 
40 44 46 
2 40 
42 33 32 
32 38 
30 41 8 
46 49 14 22 
38 4 1 
8 11 10 
27 35 
44 20 
33 47 
22 39 
37 16 
1 48 
39 36 
10 
4 24 
35 
26 43 
36 7 
18 
48 
41 29 
5 6 
20 
13 
16 
47 
24 
43 
7 
14 
11 
29 
49 
6 
19 
# clone tree 87 objective: 3.03071
0 27 9 
21 12 17 
9 13 21 
17 6 31 
25 26 3 
31 34 
15 28 
34 25 
3 15 
28 5 45 
12 18 23 
45 30 42 
23 37 2 
40 44 46 
2 40 
42 33 32 
32 38 
30 41 8 
46 14 22 
38 19 4 1 
8 11 10 
27 35 
44 20 
33 47 
22 39 
37 16 
1 48 
39 36 
10 49 
4 24 
35 
26 43 
36 7 
18 
48 
41 29 
5 
20 
13 
16 
47 
24 
43 
7 
14 
11 
29 
49 
6 
19 
# clone tree 88 objective: 3.03071
0 27 9 
21 12 17 
9 13 21 
17 31 
25 26 3 
31 34 
15 28 
34 25 
3 15 
28 5 45 
12 18 23 
45 30 42 
23 37 2 
40 44 46 
2 40 
42 33 32 
32 38 
30 41 8 
46 14 22 
38 4 1 
8 49 11 10 
27 35 
44 20 
33 47 
22 39 
37 16 
1 48 
39 36 
10 
4 24 
35 
26 43 
36 7 
18 
48 
41 29 
5 
20 
13 6 
16 
47 
24 
43 
7 
14 
11 19 
29 
49 
6 
19 
# clone tree 89 objective: 3.03071
0 27 9 
21 12 17 
9 13 21 
17 31 
25 26 3 
31 34 
15 28 
34 19 25 
3 15 
28 5 45 
12 18 23 
45 30 42 
23 37 2 
40 44 46 
2 49 40 
42 33 32 
32 38 
30 41 8 
46 14 22 
38 4 1 
8 11 10 
27 35 
44 20 
33 6 47 
22 39 
37 16 
1 48 
39 36 
10 
4 24 
35 
26 43 
36 7 
18 
48 
41 29 
5 
20 
13 
16 
47 
24 
43 
7 
14 
11 
29 
49 
6 
19 
# clone tree 90 objective: 3.03071
0 27 9 
21 12 17 
9 13 21 
17 31 
25 26 3 
31 34 
15 28 
34 25 
3 15 
28 5 45 
12 18 23 
45 30 42 
23 37 2 
40 44 46 
2 40 
42 33 32 
32 38 
30 41 8 
46 49 14 22 
38 4 1 
8 11 10 
27 35 
44 20 
33 47 
22 39 
37 16 
1 48 
39 19 36 
10 
4 24 
35 
26 43 
36 7 
18 
48 
41 29 
5 6 
20 
13 
16 
47 
24 
43 
7 
14 
11 
29 
49 
6 
19 
# clone tree 91 objective: 3.03071
0 27 9 
21 12 17 
9 13 21 
17 31 
25 26 3 
31 34 
15 28 
34 25 
3 15 
28 19 5 45 
12 18 23 
45 30 42 
23 37 2 
40 44 46 
2 40 
42 33 32 
32 38 
30 41 8 
46 14 22 
38 4 1 
8 11 10 
27 35 
44 20 
33 47 
22 39 
37 16 
1 48 
39 36 
10 
4 24 
35 49 
26 43 
36 7 
18 
48 6 
41 29 
5 
20 
13 
16 
47 
24 
43 
7 
14 
11 
29 
49 
6 
19 
# clone tree 92 objective: 3.03071
0 27 9 
21 12 17 
9 13 21 
17 31 
25 26 3 
31 34 
15 28 
34 49 25 
3 15 
28 5 45 
12 18 23 
45 30 42 
23 37 2 
40 44 46 
2 40 
42 33 32 
32 38 
30 41 8 
46 14 22 
38 4 1 
8 11 10 
27 35 
44 20 
33 47 
22 39 
37 16 
1 48 
39 36 
10 
4 24 
35 
26 43 
36 7 
18 
48 
41 29 
5 6 
20 
13 
16 19 
47 
24 
43 
7 
14 
11 
29 
49 
6 
19 
# clone tree 93 objective: 3.03071
0 27 9 
21 12 17 
9 13 21 
17 31 
25 26 3 
31 19 34 
15 28 
34 25 
3 15 
28 5 45 
12 18 23 
45 30 42 
23 37 2 
40 44 46 
2 40 
42 33 32 
32 38 
30 6 41 8 
46 14 22 
38 4 1 
8 11 10 
27 35 
44 20 
33 47 
22 39 
37 16 
1 48 
39 36 
10 
4 24 
35 49 
26 43 
36 7 
18 
48 
41 29 
5 
20 
13 
16 
47 
24 
43 
7 
14 
11 
29 
49 
6 
19 
# clone tree 94 objective: 3.03071
0 27 9 
21 12 17 
9 6 13 21 
17 31 
25 26 3 
31 34 
15 28 
34 25 
3 15 
28 5 45 
12 18 23 
45 30 42 
23 37 2 
40 44 46 
2 40 
42 33 32 
32 38 
30 41 8 
46 49 14 22 
38 4 1 
8 11 10 
27 35 
44 20 
33 47 
22 39 
37 16 
1 48 
39 19 36 
10 
4 24 
35 
26 43 
36 7 
18 
48 
41 29 
5 
20 
13 
16 
47 
24 
43 
7 
14 
11 
29 
49 
6 
19 
# clone tree 95 objective: 3.03071
0 27 9 
21 12 17 
9 13 21 
17 31 
25 26 3 
31 34 
15 28 
34 25 
3 15 
28 5 45 
12 18 23 
45 30 42 
23 37 2 
40 44 46 
2 40 
42 33 32 
32 38 
30 41 8 
46 49 14 22 
38 4 1 
8 11 10 
27 35 
44 20 
33 6 47 
22 39 
37 16 
1 19 48 
39 36 
10 
4 24 
35 
26 43 
36 7 
18 
48 
41 29 
5 
20 
13 
16 
47 
24 
43 
7 
14 
11 
29 
49 
6 
19 
# clone tree 96 objective: 3.03071
0 27 9 
21 12 17 
9 13 21 
17 31 
25 26 3 
31 34 
15 28 
34 49 25 
3 15 
28 5 45 
12 18 23 
45 30 42 
23 37 2 
40 44 46 
2 40 
42 6 33 32 
32 38 
30 41 8 
46 14 22 
38 19 4 1 
8 11 10 
27 35 
44 20 
33 47 
22 39 
37 16 
1 48 
39 36 
10 
4 24 
35 
26 43 
36 7 
18 
48 
41 29 
5 
20 
13 
16 
47 
24 
43 
7 
14 
11 
29 
49 
6 
19 
# clone tree 97 objective: 3.03071
0 27 9 
21 12 17 
9 13 21 
17 31 
25 26 3 
31 34 
15 28 
34 25 
3 15 
28 19 5 45 
12 18 23 
45 30 42 
23 37 2 
40 44 46 
2 40 
42 33 32 
32 38 
30 41 8 
46 14 22 
38 4 1 
8 11 10 
27 35 
44 20 
33 47 
22 39 
37 16 
1 48 
39 36 
10 49 
4 24 
35 
26 43 
36 7 
18 
48 
41 29 
5 
20 
13 6 
16 
47 
24 
43 
7 
14 
11 
29 
49 
6 
19 
# clone tree 98 objective: 3.03071
0 27 9 
21 12 17 
9 13 21 
17 31 
25 26 3 
31 34 
15 28 
34 25 
3 15 
28 5 45 
12 18 23 
45 30 42 
23 37 2 
40 44 46 
2 40 
42 33 32 
32 38 
30 41 8 
46 14 22 
38 4 1 
8 49 11 10 
27 35 
44 20 
33 6 47 
22 39 
37 16 
1 48 
39 36 
10 
4 24 
35 19 
26 43 
36 7 
18 
48 
41 29 
5 
20 
13 
16 
47 
24 
43 
7 
14 
11 
29 
49 
6 
19 
# clone tree 99 objective: 3.03071
0 27 9 
21 12 17 
9 13 21 
17 6 31 
25 26 3 
31 34 
15 28 
34 25 
3 15 
28 5 45 
12 18 23 
45 30 42 
23 37 2 
40 44 46 
2 40 
42 33 32 
32 38 
30 41 8 
46 14 22 
38 4 1 
8 11 10 
27 35 
44 20 
33 49 47 
22 39 
37 16 
1 48 
39 36 
10 
4 24 
35 
26 43 
36 7 
18 
48 
41 29 
5 
20 19 
13 
16 
47 
24 
43 
7 
14 
11 
29 
49 
6 
19 
