# clone tree 0 objective: 1.90044
0 33 24 42 13 37 
37 38 2 14 31 
31 26 10 21 
21 27 18 39 
39 25 15 44 
8 12 16 
44 30 8 
16 22 1 40 
40 17 46 
36 28 
46 36 
17 49 7 32 
28 41 
41 47 34 
13 29 
32 4 
1 5 
18 
14 43 6 3 
29 9 35 
4 11 
34 20 
5 45 23 
10 48 
15 19 
30 
47 
25 
35 
7 
26 
23 
42 
24 
33 
9 
11 
3 
48 
49 
27 
19 
6 
12 
2 
43 
20 
22 
38 
45 
# clone tree 1 objective: 1.90044
0 33 24 42 13 37 
37 38 14 31 
31 26 10 21 
21 27 18 39 
39 25 15 44 
8 12 16 
44 30 8 
16 22 1 40 
40 17 46 
36 28 
46 36 
17 49 7 32 
28 41 
41 47 34 
13 29 
32 4 
1 5 
18 2 
14 20 43 6 3 
29 9 35 
4 11 
34 
5 45 23 
10 48 
15 19 
30 
47 
25 
35 
7 
26 
23 
42 
24 
33 
9 
11 
3 
48 
49 
27 
19 
6 
12 
2 
43 
20 
22 
38 
45 
# clone tree 2 objective: 1.90044
0 33 24 42 13 37 
37 2 14 31 
31 26 10 21 
21 27 18 39 
39 25 15 44 
8 12 16 
44 30 8 
16 22 1 40 
40 17 46 
36 28 
46 36 
17 49 7 32 
28 41 
41 47 34 
13 29 
32 4 
1 5 
18 
14 43 6 3 
29 9 35 
4 38 11 
34 20 
5 45 23 
10 48 
15 19 
30 
47 
25 
35 
7 
26 
23 
42 
24 
33 
9 
11 
3 
48 
49 
27 
19 
6 
12 
2 
43 
20 
22 
38 
45 
# clone tree 3 objective: 1.90044
0 33 24 42 13 37 
37 2 14 31 
31 26 10 21 
21 27 18 39 
39 25 15 44 
8 12 16 
44 38 30 8 
16 22 1 40 
40 17 46 
36 28 
46 36 
17 49 7 32 
28 41 
41 47 34 
13 29 
32 4 
1 5 
18 45 
14 43 6 3 
29 9 35 
4 11 
34 20 
5 23 
10 48 
15 19 
30 
47 
25 
35 
7 
26 
23 
42 
24 
33 
9 
11 
3 
48 
49 
27 
19 
6 
12 
2 
43 
20 
22 
38 
45 
# clone tree 4 objective: 1.90044
0 33 24 42 13 37 
37 14 31 
31 26 10 21 
21 27 18 39 
39 25 15 44 
8 12 16 
44 38 30 8 
16 22 1 40 
40 17 46 
36 28 
46 36 
17 49 7 32 
28 41 
41 47 34 
13 29 
32 4 
1 5 
18 2 
14 43 6 3 
29 9 35 
4 11 
34 20 
5 45 23 
10 48 
15 19 
30 
47 
25 
35 
7 
26 
23 
42 
24 
33 
9 
11 
3 
48 
49 
27 
19 
6 
12 
2 
43 
20 
22 
38 
45 
# clone tree 5 objective: 1.90044
0 33 24 42 13 37 
37 2 14 31 
31 26 10 21 
21 27 18 39 
39 25 15 44 
8 12 16 
44 38 30 8 
16 22 1 40 
40 17 46 
36 28 
46 36 
17 49 7 32 
28 41 
41 47 34 
13 29 
32 4 
1 5 
18 45 
14 20 43 6 3 
29 9 35 
4 11 
34 
5 23 
10 48 
15 19 
30 
47 
25 
35 
7 
26 
23 
42 
24 
33 
9 
11 
3 
48 
49 
27 
19 
6 
12 
2 
43 
20 
22 
38 
45 
# clone tree 6 objective: 1.90044
0 33 24 42 13 37 
37 2 14 31 
31 26 10 21 
21 27 18 39 
39 25 15 44 
8 12 16 
44 38 30 8 
16 22 1 40 
40 17 46 
36 28 
46 36 
17 49 7 32 
28 41 
41 47 34 
13 29 
32 4 
1 5 
18 
14 20 43 6 3 
29 9 35 
4 11 
34 
5 45 23 
10 48 
15 19 
30 
47 
25 
35 
7 
26 
23 
42 
24 
33 
9 
11 
3 
48 
49 
27 
19 
6 
12 
2 
43 
20 
22 
38 
45 
# clone tree 7 objective: 1.90044
0 33 24 42 13 37 
37 38 2 14 31 
31 26 10 21 
21 27 18 39 
39 25 15 44 
8 12 16 
44 30 8 
16 22 1 40 
40 17 46 
36 28 
46 36 
17 49 7 32 
28 41 
41 47 34 
13 29 
32 4 
1 5 
18 
14 20 43 6 3 
29 9 35 
4 11 
34 
5 45 23 
10 48 
15 19 
30 
47 
25 
35 
7 
26 
23 
42 
24 
33 
9 
11 
3 
48 
49 
27 
19 
6 
12 
2 
43 
20 
22 
38 
45 
# clone tree 8 objective: 1.90044
0 33 24 42 13 37 
37 2 14 31 
31 26 10 21 
21 27 18 39 
39 25 15 44 
8 12 16 
44 30 8 
16 22 1 40 
40 17 46 
36 28 
46 36 
17 49 7 32 
28 41 
41 47 34 
13 29 
32 4 
1 5 
18 45 
14 43 6 3 
29 9 35 
4 38 11 
34 20 
5 23 
10 48 
15 19 
30 
47 
25 
35 
7 
26 
23 
42 
24 
33 
9 
11 
3 
48 
49 
27 
19 
6 
12 
2 
43 
20 
22 
38 
45 
# clone tree 9 objective: 1.90044
0 33 24 42 13 37 
37 2 14 31 
31 26 10 21 
21 27 18 39 
39 25 15 44 
8 12 16 
44 38 30 8 
16 22 1 40 
40 17 46 
36 28 
46 36 
17 49 7 32 
28 41 
41 47 34 
13 29 
32 4 
1 5 
18 
14 43 6 3 
29 9 35 
4 11 
34 20 
5 45 23 
10 48 
15 19 
30 
47 
25 
35 
7 
26 
23 
42 
24 
33 
9 
11 
3 
48 
49 
27 
19 
6 
12 
2 
43 
20 
22 
38 
45 
# clone tree 10 objective: 1.90044
0 33 24 42 13 37 
37 14 31 
31 26 10 21 
21 27 18 39 
39 25 15 44 
8 12 16 
44 38 30 8 
16 22 1 40 
40 17 46 
36 28 
46 36 
17 49 7 32 
28 41 
41 47 34 
13 29 
32 4 
1 5 
18 2 
14 20 43 6 3 
29 9 35 
4 11 
34 
5 45 23 
10 48 
15 19 
30 
47 
25 
35 
7 
26 
23 
42 
24 
33 
9 
11 
3 
48 
49 
27 
19 
6 
12 
2 
43 
20 
22 
38 
45 
# clone tree 11 objective: 1.90044
0 33 24 42 13 37 
37 2 14 31 
31 26 10 21 
21 27 18 39 
39 25 15 44 
8 12 16 
44 30 8 
16 22 1 40 
40 17 46 
36 28 
46 36 
17 49 7 32 
28 41 
41 47 34 
13 29 
32 4 
1 5 
18 
14 20 43 6 3 
29 9 35 
4 38 11 
34 
5 45 23 
10 48 
15 19 
30 
47 
25 
35 
7 
26 
23 
42 
24 
33 
9 
11 
3 
48 
49 
27 
19 
6 
12 
2 
43 
20 
22 
38 
45 
# clone tree 12 objective: 1.90044
0 33 24 42 13 37 
37 14 31 
31 26 10 21 
21 27 18 39 
39 25 15 44 
8 12 16 
44 30 8 
16 22 1 40 
40 17 46 
36 28 
46 36 
17 49 7 32 
28 41 
41 47 34 
13 29 
32 4 
1 5 
18 2 
14 20 43 6 3 
29 9 35 
4 38 11 
34 
5 45 23 
10 48 
15 19 
30 
47 
25 
35 
7 
26 
23 
42 
24 
33 
9 
11 
3 
48 
49 
27 
19 
6 
12 
2 
43 
20 
22 
38 
45 
# clone tree 13 objective: 1.90044
0 33 24 42 13 37 
37 38 2 14 31 
31 26 10 21 
21 27 18 39 
39 25 15 44 
8 12 16 
44 30 8 
16 22 1 40 
40 17 46 
36 28 
46 36 
17 49 7 32 
28 41 
41 47 34 
13 29 
32 4 
1 5 
18 45 
14 43 6 3 
29 9 35 
4 11 
34 20 
5 23 
10 48 
15 19 
30 
47 
25 
35 
7 
26 
23 
42 
24 
33 
9 
11 
3 
48 
49 
27 
19 
6 
12 
2 
43 
20 
22 
38 
45 
# clone tree 14 objective: 1.90044
0 33 24 42 13 37 
37 14 31 
31 26 10 21 
21 27 18 39 
39 25 15 44 
8 12 16 
44 30 8 
16 22 1 40 
40 17 46 
36 28 
46 36 
17 49 7 32 
28 41 
41 47 34 
13 29 
32 4 
1 5 
18 2 
14 43 6 3 
29 9 35 
4 38 11 
34 20 
5 45 23 
10 48 
15 19 
30 
47 
25 
35 
7 
26 
23 
42 
24 
33 
9 
11 
3 
48 
49 
27 
19 
6 
12 
2 
43 
20 
22 
38 
45 
# clone tree 15 objective: 1.90044
0 33 24 42 13 37 
37 38 2 14 31 
31 26 10 21 
21 27 18 39 
39 25 15 44 
8 12 16 
44 30 8 
16 22 1 40 
40 17 46 
36 28 
46 36 
17 49 7 32 
28 41 
41 47 34 
13 29 
32 4 
1 5 
18 45 
14 20 43 6 3 
29 9 35 
4 11 
34 
5 23 
10 48 
15 19 
30 
47 
25 
35 
7 
26 
23 
42 
24 
33 
9 
11 
3 
48 
49 
27 
19 
6 
12 
2 
43 
20 
22 
38 
45 
# clone tree 16 objective: 1.90044
0 33 24 42 13 37 
37 2 14 31 
31 26 10 21 
21 27 18 39 
39 25 15 44 
8 12 16 
44 30 8 
16 22 1 40 
40 17 46 
36 28 
46 36 
17 49 7 32 
28 41 
41 47 34 
13 29 
32 4 
1 5 
18 45 
14 20 43 6 3 
29 9 35 
4 38 11 
34 
5 23 
10 48 
15 19 
30 
47 
25 
35 
7 
26 
23 
42 
24 
33 
9 
11 
3 
48 
49 
27 
19 
6 
12 
2 
43 
20 
22 
38 
45 
# clone tree 17 objective: 1.90044
0 33 24 42 13 37 
37 38 14 31 
31 26 10 21 
21 27 18 39 
39 25 15 44 
8 12 16 
44 30 8 
16 22 1 40 
40 17 46 
36 28 
46 36 
17 49 7 32 
28 41 
41 47 34 
13 29 
32 4 
1 5 
18 2 
14 43 6 3 
29 9 35 
4 11 
34 20 
5 45 23 
10 48 
15 19 
30 
47 
25 
35 
7 
26 
23 
42 
24 
33 
9 
11 
3 
48 
49 
27 
19 
6 
12 
2 
43 
20 
22 
38 
45 
# clone tree 18 objective: 1.9005
0 33 24 42 13 37 
37 38 2 14 31 
31 26 10 21 
21 27 18 39 
39 25 15 44 
8 16 
44 30 8 
16 22 1 40 
40 17 46 
36 28 
46 36 
17 49 7 32 
28 41 
41 47 34 
13 29 
32 4 
1 5 
18 12 
14 20 43 6 3 
29 9 35 
4 11 
34 
5 45 23 
10 48 
15 19 
30 
47 
25 
35 
7 
26 
23 
42 
24 
33 
9 
11 
3 
48 
49 
27 
19 
6 
12 
2 
43 
20 
22 
38 
45 
# clone tree 19 objective: 1.9005
0 33 24 42 13 37 
37 2 14 31 
31 26 10 21 
21 27 18 39 
39 25 15 44 
8 16 
44 30 8 
16 22 1 40 
40 17 46 
36 28 
46 36 
17 49 7 32 
28 41 
41 47 34 
13 29 
32 4 
1 5 
18 12 
14 43 6 3 
29 9 35 
4 38 11 
34 20 
5 45 23 
10 48 
15 19 
30 
47 
25 
35 
7 
26 
23 
42 
24 
33 
9 
11 
3 
48 
49 
27 
19 
6 
12 
2 
43 
20 
22 
38 
45 
# clone tree 20 objective: 1.9005
0 33 24 42 13 37 
37 38 2 14 31 
31 26 10 21 
21 27 18 39 
39 25 15 44 
8 16 
44 30 8 
16 22 1 40 
40 17 46 
36 28 
46 36 
17 49 7 32 
28 41 
41 47 34 
13 29 
32 4 
1 5 
18 12 
14 43 6 3 
29 9 35 
4 11 
34 20 
5 45 23 
10 48 
15 19 
30 
47 
25 
35 
7 
26 
23 
42 
24 
33 
9 
11 
3 
48 
49 
27 
19 
6 
12 
2 
43 
20 
22 
38 
45 
# clone tree 21 objective: 1.9005
0 33 24 42 13 37 
37 14 31 
31 26 10 21 
21 27 18 39 
39 25 15 44 
8 16 
44 38 30 8 
16 22 1 40 
40 17 46 
36 28 
46 36 
17 49 7 32 
28 41 
41 47 34 
13 29 
32 4 
1 5 
18 2 12 
14 43 6 3 
29 9 35 
4 11 
34 20 
5 45 23 
10 48 
15 19 
30 
47 
25 
35 
7 
26 
23 
42 
24 
33 
9 
11 
3 
48 
49 
27 
19 
6 
12 
2 
43 
20 
22 
38 
45 
# clone tree 22 objective: 1.9005
0 33 24 42 13 37 
37 2 14 31 
31 26 10 21 
21 27 18 39 
39 25 15 44 
8 16 
44 38 30 8 
16 22 1 40 
40 17 46 
36 28 
46 36 
17 49 7 32 
28 41 
41 47 34 
13 29 
32 4 
1 5 
18 12 
14 43 6 3 
29 9 35 
4 11 
34 20 
5 45 23 
10 48 
15 19 
30 
47 
25 
35 
7 
26 
23 
42 
24 
33 
9 
11 
3 
48 
49 
27 
19 
6 
12 
2 
43 
20 
22 
38 
45 
# clone tree 23 objective: 1.9005
0 33 24 42 13 37 
37 14 31 
31 26 10 21 
21 27 18 39 
39 25 15 44 
8 16 
44 38 30 8 
16 22 1 40 
40 17 46 
36 28 
46 36 
17 49 7 32 
28 41 
41 47 34 
13 29 
32 4 
1 5 
18 2 12 
14 20 43 6 3 
29 9 35 
4 11 
34 
5 45 23 
10 48 
15 19 
30 
47 
25 
35 
7 
26 
23 
42 
24 
33 
9 
11 
3 
48 
49 
27 
19 
6 
12 
2 
43 
20 
22 
38 
45 
# clone tree 24 objective: 1.9005
0 33 24 42 13 37 
37 38 14 31 
31 26 10 21 
21 27 18 39 
39 25 15 44 
8 16 
44 30 8 
16 22 1 40 
40 17 46 
36 28 
46 36 
17 49 7 32 
28 41 
41 47 34 
13 29 
32 4 
1 5 
18 2 12 
14 43 6 3 
29 9 35 
4 11 
34 20 
5 45 23 
10 48 
15 19 
30 
47 
25 
35 
7 
26 
23 
42 
24 
33 
9 
11 
3 
48 
49 
27 
19 
6 
12 
2 
43 
20 
22 
38 
45 
# clone tree 25 objective: 1.9005
0 33 24 42 13 37 
37 2 14 31 
31 26 10 21 
21 27 18 39 
39 25 15 44 
8 16 
44 30 8 
16 22 1 40 
40 17 46 
36 28 
46 36 
17 49 7 32 
28 41 
41 47 34 
13 29 
32 4 
1 5 
18 12 
14 20 43 6 3 
29 9 35 
4 38 11 
34 
5 45 23 
10 48 
15 19 
30 
47 
25 
35 
7 
26 
23 
42 
24 
33 
9 
11 
3 
48 
49 
27 
19 
6 
12 
2 
43 
20 
22 
38 
45 
# clone tree 26 objective: 1.9005
0 33 24 42 13 37 
37 2 14 31 
31 26 10 21 
21 27 18 39 
39 25 15 44 
8 16 
44 38 30 8 
16 22 1 40 
40 17 46 
36 28 
46 36 
17 49 7 32 
28 41 
41 47 34 
13 29 
32 4 
1 5 
18 12 
14 20 43 6 3 
29 9 35 
4 11 
34 
5 45 23 
10 48 
15 19 
30 
47 
25 
35 
7 
26 
23 
42 
24 
33 
9 
11 
3 
48 
49 
27 
19 
6 
12 
2 
43 
20 
22 
38 
45 
# clone tree 27 objective: 1.9005
0 33 24 42 13 37 
37 14 31 
31 26 10 21 
21 27 18 39 
39 25 15 44 
8 16 
44 30 8 
16 22 1 40 
40 17 46 
36 28 
46 36 
17 49 7 32 
28 41 
41 47 34 
13 29 
32 4 
1 5 
18 2 12 
14 20 43 6 3 
29 9 35 
4 38 11 
34 
5 45 23 
10 48 
15 19 
30 
47 
25 
35 
7 
26 
23 
42 
24 
33 
9 
11 
3 
48 
49 
27 
19 
6 
12 
2 
43 
20 
22 
38 
45 
# clone tree 28 objective: 1.9005
0 33 24 42 13 37 
37 38 14 31 
31 26 10 21 
21 27 18 39 
39 25 15 44 
8 16 
44 30 8 
16 22 1 40 
40 17 46 
36 28 
46 36 
17 49 7 32 
28 41 
41 47 34 
13 29 
32 4 
1 5 
18 2 12 
14 20 43 6 3 
29 9 35 
4 11 
34 
5 45 23 
10 48 
15 19 
30 
47 
25 
35 
7 
26 
23 
42 
24 
33 
9 
11 
3 
48 
49 
27 
19 
6 
12 
2 
43 
20 
22 
38 
45 
# clone tree 29 objective: 1.9005
0 33 24 42 13 37 
37 14 31 
31 26 10 21 
21 27 18 39 
39 25 15 44 
8 16 
44 30 8 
16 22 1 40 
40 17 46 
36 28 
46 36 
17 49 7 32 
28 41 
41 47 34 
13 29 
32 4 
1 5 
18 2 12 
14 43 6 3 
29 9 35 
4 38 11 
34 20 
5 45 23 
10 48 
15 19 
30 
47 
25 
35 
7 
26 
23 
42 
24 
33 
9 
11 
3 
48 
49 
27 
19 
6 
12 
2 
43 
20 
22 
38 
45 
# clone tree 30 objective: 1.90056
0 33 24 42 13 37 
37 38 14 31 
31 26 10 21 
21 27 18 39 
39 25 15 44 
8 12 16 
44 30 8 
16 22 1 40 
40 17 46 
36 28 
46 36 
17 49 7 32 
28 41 
41 47 34 
13 29 
32 4 
1 5 
18 
14 43 6 3 
29 9 35 
4 11 
34 20 
5 45 23 
10 48 
15 2 19 
30 
47 
25 
35 
7 
26 
23 
42 
24 
33 
9 
11 
3 
48 
49 
27 
19 
6 
12 
2 
43 
20 
22 
38 
45 
# clone tree 31 objective: 1.90056
0 33 24 42 13 37 
37 38 14 31 
31 26 10 21 
21 27 18 39 
39 25 15 44 
8 12 16 
44 30 8 
16 22 1 40 
40 17 46 
36 28 
46 36 
17 49 7 32 
28 41 
41 47 34 
13 29 
32 4 
1 5 
18 
14 20 43 6 3 
29 9 35 
4 11 
34 
5 45 23 
10 48 
15 2 19 
30 
47 
25 
35 
7 
26 
23 
42 
24 
33 
9 
11 
3 
48 
49 
27 
19 
6 
12 
2 
43 
20 
22 
38 
45 
# clone tree 32 objective: 1.90056
0 33 24 42 13 37 
37 14 31 
31 26 10 21 
21 27 18 39 
39 25 15 44 
8 12 16 
44 30 8 
16 22 1 40 
40 17 46 
36 28 
46 36 
17 49 7 32 
28 41 
41 47 34 
13 29 
32 4 
1 5 
18 45 
14 43 6 3 
29 9 35 
4 38 11 
34 20 
5 23 
10 48 
15 2 19 
30 
47 
25 
35 
7 
26 
23 
42 
24 
33 
9 
11 
3 
48 
49 
27 
19 
6 
12 
2 
43 
20 
22 
38 
45 
# clone tree 33 objective: 1.90056
0 33 24 42 13 37 
37 14 31 
31 26 10 21 
21 27 18 39 
39 25 15 44 
8 12 16 
44 30 8 
16 22 1 40 
40 17 46 
36 28 
46 36 
17 49 7 32 
28 41 
41 47 34 
13 29 
32 4 
1 5 
18 
14 20 43 6 3 
29 9 35 
4 38 11 
34 
5 45 23 
10 48 
15 2 19 
30 
47 
25 
35 
7 
26 
23 
42 
24 
33 
9 
11 
3 
48 
49 
27 
19 
6 
12 
2 
43 
20 
22 
38 
45 
# clone tree 34 objective: 1.90056
0 33 24 42 13 37 
37 14 31 
31 26 10 21 
21 27 18 39 
39 25 15 44 
8 12 16 
44 38 30 8 
16 22 1 40 
40 17 46 
36 28 
46 36 
17 49 7 32 
28 41 
41 47 34 
13 29 
32 4 
1 5 
18 45 
14 43 6 3 
29 9 35 
4 11 
34 20 
5 23 
10 48 
15 2 19 
30 
47 
25 
35 
7 
26 
23 
42 
24 
33 
9 
11 
3 
48 
49 
27 
19 
6 
12 
2 
43 
20 
22 
38 
45 
# clone tree 35 objective: 1.90056
0 33 24 42 13 37 
37 14 31 
31 26 10 21 
21 27 18 39 
39 25 15 44 
8 12 16 
44 38 30 8 
16 22 1 40 
40 17 46 
36 28 
46 36 
17 49 7 32 
28 41 
41 47 34 
13 29 
32 4 
1 5 
18 
14 20 43 6 3 
29 9 35 
4 11 
34 
5 45 23 
10 48 
15 2 19 
30 
47 
25 
35 
7 
26 
23 
42 
24 
33 
9 
11 
3 
48 
49 
27 
19 
6 
12 
2 
43 
20 
22 
38 
45 
# clone tree 36 objective: 1.90056
0 33 24 42 13 37 
37 14 31 
31 26 10 21 
21 27 18 39 
39 25 15 44 
8 12 16 
44 30 8 
16 22 1 40 
40 17 46 
36 28 
46 36 
17 49 7 32 
28 41 
41 47 34 
13 29 
32 4 
1 5 
18 45 
14 20 43 6 3 
29 9 35 
4 38 11 
34 
5 23 
10 48 
15 2 19 
30 
47 
25 
35 
7 
26 
23 
42 
24 
33 
9 
11 
3 
48 
49 
27 
19 
6 
12 
2 
43 
20 
22 
38 
45 
# clone tree 37 objective: 1.90056
0 33 24 42 13 37 
37 14 31 
31 26 10 21 
21 27 18 39 
39 25 15 44 
8 12 16 
44 38 30 8 
16 22 1 40 
40 17 46 
36 28 
46 36 
17 49 7 32 
28 41 
41 47 34 
13 29 
32 4 
1 5 
18 45 
14 20 43 6 3 
29 9 35 
4 11 
34 
5 23 
10 48 
15 2 19 
30 
47 
25 
35 
7 
26 
23 
42 
24 
33 
9 
11 
3 
48 
49 
27 
19 
6 
12 
2 
43 
20 
22 
38 
45 
# clone tree 38 objective: 1.90056
0 33 24 42 13 37 
37 38 14 31 
31 26 10 21 
21 27 18 39 
39 25 15 44 
8 12 16 
44 30 8 
16 22 1 40 
40 17 46 
36 28 
46 36 
17 49 7 32 
28 41 
41 47 34 
13 29 
32 4 
1 5 
18 45 
14 20 43 6 3 
29 9 35 
4 11 
34 
5 23 
10 48 
15 2 19 
30 
47 
25 
35 
7 
26 
23 
42 
24 
33 
9 
11 
3 
48 
49 
27 
19 
6 
12 
2 
43 
20 
22 
38 
45 
# clone tree 39 objective: 1.90056
0 33 24 42 13 37 
37 14 31 
31 26 10 21 
21 27 18 39 
39 25 15 44 
8 12 16 
44 30 8 
16 22 1 40 
40 17 46 
36 28 
46 36 
17 49 7 32 
28 41 
41 47 34 
13 29 
32 4 
1 5 
18 
14 43 6 3 
29 9 35 
4 38 11 
34 20 
5 45 23 
10 48 
15 2 19 
30 
47 
25 
35 
7 
26 
23 
42 
24 
33 
9 
11 
3 
48 
49 
27 
19 
6 
12 
2 
43 
20 
22 
38 
45 
# clone tree 40 objective: 1.90056
0 33 24 42 13 37 
37 38 14 31 
31 26 10 21 
21 27 18 39 
39 25 15 44 
8 12 16 
44 30 8 
16 22 1 40 
40 17 46 
36 28 
46 36 
17 49 7 32 
28 41 
41 47 34 
13 29 
32 4 
1 5 
18 45 
14 43 6 3 
29 9 35 
4 11 
34 20 
5 23 
10 48 
15 2 19 
30 
47 
25 
35 
7 
26 
23 
42 
24 
33 
9 
11 
3 
48 
49 
27 
19 
6 
12 
2 
43 
20 
22 
38 
45 
# clone tree 41 objective: 1.90056
0 33 24 42 13 37 
37 14 31 
31 26 10 21 
21 27 18 39 
39 25 15 44 
8 12 16 
44 38 30 8 
16 22 1 40 
40 17 46 
36 28 
46 36 
17 49 7 32 
28 41 
41 47 34 
13 29 
32 4 
1 5 
18 
14 43 6 3 
29 9 35 
4 11 
34 20 
5 45 23 
10 48 
15 2 19 
30 
47 
25 
35 
7 
26 
23 
42 
24 
33 
9 
11 
3 
48 
49 
27 
19 
6 
12 
2 
43 
20 
22 
38 
45 
# clone tree 42 objective: 1.90062
0 33 24 42 13 37 
37 14 31 
31 26 10 21 
21 27 18 39 
39 25 15 44 
8 16 
44 38 30 8 
16 22 1 40 
40 17 46 
36 28 
46 36 
17 49 7 32 
28 41 
41 47 34 
13 29 
32 4 
1 5 
18 12 
14 20 43 6 3 
29 9 35 
4 11 
34 
5 45 23 
10 48 
15 2 19 
30 
47 
25 
35 
7 
26 
23 
42 
24 
33 
9 
11 
3 
48 
49 
27 
19 
6 
12 
2 
43 
20 
22 
38 
45 
# clone tree 43 objective: 1.90062
0 33 24 42 13 37 
37 14 31 
31 26 10 21 
21 27 18 39 
39 25 15 44 
8 16 
44 38 30 8 
16 22 1 40 
40 17 46 
36 28 
46 36 
17 49 7 32 
28 41 
41 47 34 
13 29 
32 4 
1 5 
18 12 
14 43 6 3 
29 9 35 
4 11 
34 20 
5 45 23 
10 48 
15 2 19 
30 
47 
25 
35 
7 
26 
23 
42 
24 
33 
9 
11 
3 
48 
49 
27 
19 
6 
12 
2 
43 
20 
22 
38 
45 
# clone tree 44 objective: 1.90062
0 33 24 42 13 37 
37 38 14 31 
31 26 10 21 
21 27 18 39 
39 25 15 44 
8 16 
44 30 8 
16 22 1 40 
40 17 46 
36 28 
46 36 
17 49 7 32 
28 41 
41 47 34 
13 29 
32 4 
1 5 
18 12 
14 43 6 3 
29 9 35 
4 11 
34 20 
5 45 23 
10 48 
15 2 19 
30 
47 
25 
35 
7 
26 
23 
42 
24 
33 
9 
11 
3 
48 
49 
27 
19 
6 
12 
2 
43 
20 
22 
38 
45 
# clone tree 45 objective: 1.90062
0 33 24 42 13 37 
37 14 31 
31 26 10 21 
21 27 18 39 
39 25 15 44 
8 16 
44 30 8 
16 22 1 40 
40 17 46 
36 28 
46 36 
17 49 7 32 
28 41 
41 47 34 
13 29 
32 4 
1 5 
18 12 
14 43 6 3 
29 9 35 
4 38 11 
34 20 
5 45 23 
10 48 
15 2 19 
30 
47 
25 
35 
7 
26 
23 
42 
24 
33 
9 
11 
3 
48 
49 
27 
19 
6 
12 
2 
43 
20 
22 
38 
45 
# clone tree 46 objective: 1.90062
0 33 24 42 13 37 
37 38 14 31 
31 26 10 21 
21 27 18 39 
39 25 15 44 
8 16 
44 30 8 
16 22 1 40 
40 17 46 
36 28 
46 36 
17 49 7 32 
28 41 
41 47 34 
13 29 
32 4 
1 5 
18 12 
14 20 43 6 3 
29 9 35 
4 11 
34 
5 45 23 
10 48 
15 2 19 
30 
47 
25 
35 
7 
26 
23 
42 
24 
33 
9 
11 
3 
48 
49 
27 
19 
6 
12 
2 
43 
20 
22 
38 
45 
# clone tree 47 objective: 1.90062
0 33 24 42 13 37 
37 14 31 
31 26 10 21 
21 27 18 39 
39 25 15 44 
8 16 
44 30 8 
16 22 1 40 
40 17 46 
36 28 
46 36 
17 49 7 32 
28 41 
41 47 34 
13 29 
32 4 
1 5 
18 12 
14 20 43 6 3 
29 9 35 
4 38 11 
34 
5 45 23 
10 48 
15 2 19 
30 
47 
25 
35 
7 
26 
23 
42 
24 
33 
9 
11 
3 
48 
49 
27 
19 
6 
12 
2 
43 
20 
22 
38 
45 
# clone tree 48 objective: 1.9009
0 33 24 42 13 37 
37 2 14 31 
31 12 10 21 
21 27 18 39 
39 25 15 44 
8 16 
44 38 30 8 
16 22 1 40 
40 17 46 
36 28 
46 36 
17 49 7 32 
28 41 
41 47 34 
13 29 
32 4 
1 5 
18 23 
14 20 43 6 3 
29 9 35 
4 11 
34 
5 45 48 
10 26 
15 19 
30 
47 
25 
35 
7 
26 
23 
42 
24 
33 
9 
11 
3 
48 
49 
27 
19 
6 
12 
2 
43 
20 
22 
38 
45 
# clone tree 49 objective: 1.9009
0 33 24 42 13 37 
37 14 31 
31 12 10 21 
21 27 18 39 
39 25 15 44 
8 16 
44 38 30 8 
16 22 1 40 
40 17 46 
36 28 
46 36 
17 49 7 32 
28 41 
41 47 34 
13 29 
32 4 
1 5 
18 23 
14 43 6 3 
29 9 35 
4 11 
34 20 
5 45 2 48 
10 26 
15 19 
30 
47 
25 
35 
7 
26 
23 
42 
24 
33 
9 
11 
3 
48 
49 
27 
19 
6 
12 
2 
43 
20 
22 
38 
45 
