# clone tree 0 objective: 2.76815
0 44 41 28 
14 21 
28 14 
21 47 30 
30 34 20 
20 15 
15 35 33 
37 39 11 7 46 
33 37 
46 38 40 
5 43 
40 27 26 
26 5 
43 25 24 
7 10 1 
24 36 2 
41 45 18 
1 22 17 
2 16 42 
42 8 
18 49 
17 31 32 
8 19 3 
22 29 
44 6 4 
10 13 
38 48 
32 9 
3 12 
49 
48 
11 
19 
29 
13 23 
4 
34 
25 
9 
16 
39 
47 
6 
12 
31 
27 
45 
36 
35 
23 
# clone tree 1 objective: 2.76815
0 44 41 28 
14 21 
28 14 
21 47 30 
30 34 20 
20 15 
15 35 33 
37 11 7 46 
33 37 
46 38 40 
5 43 
40 27 26 
26 5 
43 25 24 
7 10 1 
24 36 2 
41 45 18 
1 22 17 
2 16 42 
42 39 8 
18 49 
17 31 32 
8 19 3 
22 29 
44 6 4 
10 13 
38 48 
32 9 
3 12 
49 
48 
11 
19 
29 
13 23 
4 
34 
25 
9 
16 
39 
47 
6 
12 
31 
27 
45 
36 
35 
23 
# clone tree 2 objective: 2.76815
0 44 41 28 
14 21 
28 14 
21 47 30 
30 34 20 
20 15 
15 35 33 
37 39 11 7 46 
33 37 
46 38 40 
5 43 
40 27 26 
26 5 
43 25 24 
7 10 1 
24 36 2 
41 45 18 
1 22 17 
2 16 42 
42 8 
18 49 
17 31 32 
8 19 3 
22 29 
44 6 4 
10 13 
38 48 
32 9 
3 12 
49 
48 
11 
19 23 
29 
13 
4 
34 
25 
9 
16 
39 
47 
6 
12 
31 
27 
45 
36 
35 
23 
# clone tree 3 objective: 2.76815
0 44 41 28 
14 21 
28 14 
21 47 30 
30 34 20 
20 15 
15 35 33 
37 11 7 46 
33 37 
46 38 40 
5 43 
40 27 26 
26 5 
43 25 24 
7 10 1 
24 36 2 
41 45 18 
1 22 17 
2 16 42 
42 39 8 
18 49 
17 31 32 
8 19 3 
22 29 
44 6 4 
10 13 
38 48 
32 9 
3 12 
49 
48 
11 
19 23 
29 
13 
4 
34 
25 
9 
16 
39 
47 
6 
12 
31 
27 
45 
36 
35 
23 
# clone tree 4 objective: 2.76816
0 44 41 28 
14 21 
28 14 
21 47 30 
30 34 20 
20 15 
15 35 33 
37 11 7 46 
33 37 
46 38 40 
5 43 
40 27 26 
26 5 
43 25 24 
7 10 1 
24 36 2 
41 45 18 
1 22 17 
2 16 42 
42 39 8 
18 49 
17 31 32 
8 19 3 
22 29 
44 4 
10 13 
38 48 
32 9 
3 12 
49 
48 
11 
19 6 
29 
13 23 
4 
34 
25 
9 
16 
39 
47 
6 
12 
31 
27 
45 
36 
35 
23 
# clone tree 5 objective: 2.76816
0 44 41 28 
14 21 
28 14 
21 47 30 
30 34 20 
20 15 
15 35 33 
37 39 11 7 46 
33 37 
46 38 40 
5 43 
40 27 26 
26 5 
43 25 24 
7 10 1 
24 36 2 
41 45 18 
1 22 17 
2 16 42 
42 8 
18 49 
17 31 32 
8 19 3 
22 29 
44 4 
10 13 
38 48 
32 9 
3 12 
49 
48 
11 
19 6 
29 
13 23 
4 
34 
25 
9 
16 
39 
47 
6 
12 
31 
27 
45 
36 
35 
23 
# clone tree 6 objective: 2.76825
0 44 41 28 
14 21 
28 14 
21 47 30 
30 34 20 
20 15 
15 35 33 
37 39 11 7 46 
33 37 
46 38 40 
5 43 
40 27 26 
26 5 
43 25 24 
7 10 1 
24 36 2 
41 45 18 
1 22 17 
2 16 42 
42 8 
18 49 
17 31 32 
8 19 3 
22 29 
44 6 4 
10 13 
38 48 
32 9 
3 12 
49 
48 
11 23 
19 
29 
13 
4 
34 
25 
9 
16 
39 
47 
6 
12 
31 
27 
45 
36 
35 
23 
# clone tree 7 objective: 2.76825
0 44 41 28 
14 21 
28 14 
21 47 30 
30 34 20 
20 15 
15 35 33 
37 11 7 46 
33 37 
46 38 40 
5 43 
40 27 26 
26 5 
43 25 24 
7 10 1 
24 36 2 
41 45 18 
1 22 17 
2 16 42 
42 39 8 
18 49 
17 31 32 
8 19 3 
22 29 
44 6 4 
10 13 
38 48 
32 9 
3 12 
49 
48 
11 23 
19 
29 
13 
4 
34 
25 
9 
16 
39 
47 
6 
12 
31 
27 
45 
36 
35 
23 
# clone tree 8 objective: 2.76827
0 44 41 28 
14 21 
28 14 
21 47 30 
30 34 20 
20 15 
15 35 33 
37 11 7 46 
33 37 
46 38 40 
5 43 
40 27 26 
26 5 
43 25 24 
7 10 1 
24 36 2 
41 45 18 
1 22 17 
2 16 42 
42 39 8 
18 49 
17 31 32 
8 19 3 
22 29 
44 4 
10 13 
38 48 
32 9 
3 12 
49 
48 
11 23 
19 6 
29 
13 
4 
34 
25 
9 
16 
39 
47 
6 
12 
31 
27 
45 
36 
35 
23 
# clone tree 9 objective: 2.76827
0 44 41 28 
14 21 
28 14 
21 47 30 
30 34 20 
20 15 
15 35 33 
37 39 11 7 46 
33 37 
46 38 40 
5 43 
40 27 26 
26 5 
43 25 24 
7 10 1 
24 36 2 
41 45 18 
1 22 17 
2 16 42 
42 8 
18 49 
17 31 32 
8 19 3 
22 29 
44 4 
10 13 
38 48 
32 9 
3 12 
49 
48 
11 23 
19 6 
29 
13 
4 
34 
25 
9 
16 
39 
47 
6 
12 
31 
27 
45 
36 
35 
23 
