# clone tree 0 objective: 2.40766
0 35 
35 23 24 38 
38 12 41 37 
37 36 34 
34 6 
6 10 11 
11 49 16 18 
18 3 
3 15 13 
13 28 43 
10 39 44 32 
43 19 26 
26 14 7 
32 1 30 
7 22 
46 48 21 
30 46 
16 5 2 
41 25 
21 27 
22 20 
25 17 
19 31 
17 40 
20 33 
49 
12 29 
15 42 
27 45 9 
40 
44 
14 4 
31 8 
8 
2 47 
28 
39 
36 
33 
42 
1 
9 
29 
4 
48 
45 
5 
24 
23 
47 
# clone tree 1 objective: 2.40766
0 35 
35 24 38 
38 12 41 37 
37 36 34 
34 6 
6 10 11 
11 49 16 18 
18 3 
3 15 13 
13 28 43 
10 39 44 32 
43 19 26 
26 14 7 
32 1 30 
7 22 
46 48 21 
30 46 
16 5 2 
41 25 
21 27 
22 20 
25 17 
19 31 
17 40 
20 33 
49 
12 29 
15 42 
27 45 9 
40 
44 
14 4 
31 8 
8 23 
2 47 
28 
39 
36 
33 
42 
1 
9 
29 
4 
48 
45 
5 
24 
23 
47 
# clone tree 2 objective: 2.40821
0 24 35 
35 23 38 
38 12 41 37 
37 36 34 
34 6 
6 10 11 
11 49 16 18 
18 3 
3 15 13 
13 28 43 
10 39 44 32 
43 19 26 
26 14 7 
32 1 30 
7 22 
46 48 21 
30 46 
16 5 2 
41 25 
21 27 
22 20 
25 17 
19 31 
17 40 
20 33 
49 
12 29 
15 42 
27 45 9 
40 
44 
14 4 
31 8 
8 
2 47 
28 
39 
36 
33 
42 
1 
9 
29 
4 
48 
45 
5 
24 
23 
47 
# clone tree 3 objective: 2.40821
0 24 35 
35 38 
38 12 41 37 
37 36 34 
34 6 
6 10 11 
11 49 16 18 
18 3 
3 15 13 
13 28 43 
10 39 44 32 
43 19 26 
26 14 7 
32 1 30 
7 22 
46 48 21 
30 46 
16 5 2 
41 25 
21 27 
22 20 
25 17 
19 31 
17 40 
20 33 
49 
12 29 
15 42 
27 45 9 
40 
44 
14 4 
31 8 
8 23 
2 47 
28 
39 
36 
33 
42 
1 
9 
29 
4 
48 
45 
5 
24 
23 
47 
# clone tree 4 objective: 2.40838
0 35 
35 23 24 38 
38 12 41 37 
37 36 34 
34 6 
6 10 11 
11 49 16 18 
18 3 
3 15 13 
13 28 43 
10 39 44 32 
43 19 26 
26 14 7 
32 1 30 
7 22 
46 48 21 
30 46 
16 5 2 
41 25 
21 29 27 
22 20 
25 17 
19 31 
17 40 
20 33 
49 
12 
15 42 
27 45 9 
40 
44 
14 4 
31 8 
8 
2 47 
28 
39 
36 
33 
42 
1 
9 
29 
4 
48 
45 
5 
24 
23 
47 
# clone tree 5 objective: 2.40838
0 35 
35 24 38 
38 12 41 37 
37 36 34 
34 6 
6 10 11 
11 49 16 18 
18 3 
3 15 13 
13 28 43 
10 39 44 32 
43 19 26 
26 14 7 
32 1 30 
7 22 
46 48 21 
30 46 
16 5 2 
41 25 
21 29 27 
22 20 
25 17 
19 31 
17 40 
20 33 
49 
12 
15 42 
27 45 9 
40 
44 
14 4 
31 8 
8 23 
2 47 
28 
39 
36 
33 
42 
1 
9 
29 
4 
48 
45 
5 
24 
23 
47 
# clone tree 6 objective: 2.40849
0 35 
35 23 24 38 
38 12 41 37 
37 36 34 
34 6 
6 10 11 
11 9 49 16 18 
18 3 
3 15 13 
13 28 43 
10 39 44 32 
43 19 26 
26 14 7 
32 1 30 
7 22 
46 48 21 
30 46 
16 5 2 
41 25 
21 27 
22 20 
25 17 
19 31 
17 40 
20 33 
49 
12 29 
15 42 
27 45 
40 
44 
14 4 
31 8 
8 
2 47 
28 
39 
36 
33 
42 
1 
9 
29 
4 
48 
45 
5 
24 
23 
47 
# clone tree 7 objective: 2.40849
0 35 
35 24 38 
38 12 41 37 
37 36 34 
34 6 
6 10 11 
11 9 49 16 18 
18 3 
3 15 13 
13 28 43 
10 39 44 32 
43 19 26 
26 14 7 
32 1 30 
7 22 
46 48 21 
30 46 
16 5 2 
41 25 
21 27 
22 20 
25 17 
19 31 
17 40 
20 33 
49 
12 29 
15 42 
27 45 
40 
44 
14 4 
31 8 
8 23 
2 47 
28 
39 
36 
33 
42 
1 
9 
29 
4 
48 
45 
5 
24 
23 
47 
# clone tree 8 objective: 2.40853
0 35 
35 23 38 
38 12 41 37 
37 36 34 
34 6 
6 24 10 11 
11 49 16 18 
18 3 
3 15 13 
13 28 43 
10 39 44 32 
43 19 26 
26 14 7 
32 1 30 
7 22 
46 48 21 
30 46 
16 5 2 
41 25 
21 27 
22 20 
25 17 
19 31 
17 40 
20 33 
49 
12 29 
15 42 
27 45 9 
40 
44 
14 4 
31 8 
8 
2 47 
28 
39 
36 
33 
42 
1 
9 
29 
4 
48 
45 
5 
24 
23 
47 
# clone tree 9 objective: 2.40853
0 35 
35 38 
38 12 41 37 
37 36 34 
34 6 
6 24 10 11 
11 49 16 18 
18 3 
3 15 13 
13 28 43 
10 39 44 32 
43 19 26 
26 14 7 
32 1 30 
7 22 
46 48 21 
30 46 
16 5 2 
41 25 
21 27 
22 20 
25 17 
19 31 
17 40 
20 33 
49 
12 29 
15 42 
27 45 9 
40 
44 
14 4 
31 8 
8 23 
2 47 
28 
39 
36 
33 
42 
1 
9 
29 
4 
48 
45 
5 
24 
23 
47 
