# clone tree 0 objective: 2.63335
0 41 16 18 
18 48 43 2 24 
24 21 35 7 
7 20 45 
45 9 15 
15 6 
22 42 28 38 
6 22 
38 33 19 
19 32 5 
35 39 
40 12 
5 40 
11 13 10 
12 11 
32 34 
39 36 23 26 
34 46 
2 1 
10 30 25 
46 27 14 
26 44 
1 8 
21 31 29 
28 
25 37 
37 4 
44 3 
9 
20 47 
43 
3 
29 
13 
31 
33 
23 
30 
14 
42 17 
16 
41 49 
27 
8 
48 
4 
36 
17 
47 
49 
# clone tree 1 objective: 2.63335
0 41 18 
18 48 43 2 24 
24 21 35 7 
7 20 45 
45 9 15 
15 6 
22 42 28 38 
6 22 
38 33 19 
19 32 5 
35 39 
40 12 
5 16 40 
11 13 10 
12 11 
32 47 34 
39 36 23 26 
34 46 
2 1 
10 30 25 
46 27 14 
26 44 
1 8 
21 31 29 
28 
25 37 
37 4 
44 3 
9 
20 
43 
3 
29 
13 
31 
33 
23 
30 49 
14 
42 17 
16 
41 
27 
8 
48 
4 
36 
17 
47 
49 
# clone tree 2 objective: 2.63335
0 41 18 
18 48 43 2 24 
24 21 35 7 
7 20 45 
45 9 15 
15 6 
22 42 28 38 
6 22 
38 33 19 
19 32 5 
35 39 
40 12 
5 16 40 
11 13 10 
12 11 
32 34 
39 36 23 26 
34 46 
2 1 
10 30 25 
46 27 14 
26 47 44 
1 8 
21 31 29 
28 
25 37 
37 4 
44 3 
9 
20 
43 
3 
29 
13 
31 
33 
23 
30 
14 
42 17 
16 
41 49 
27 
8 
48 
4 
36 
17 
47 
49 
# clone tree 3 objective: 2.63335
0 41 18 
18 48 43 2 24 
24 21 35 7 
7 20 45 
45 9 15 
15 6 
22 42 28 38 
6 22 
38 33 19 
19 32 5 
35 39 
40 12 
5 16 40 
11 13 10 
12 11 
32 47 34 
39 36 23 26 
34 46 
2 1 
10 30 25 
46 27 14 
26 44 
1 8 
21 31 29 
28 
25 49 37 
37 4 
44 3 
9 
20 
43 
3 
29 
13 
31 
33 
23 
30 
14 
42 17 
16 
41 
27 
8 
48 
4 
36 
17 
47 
49 
# clone tree 4 objective: 2.63335
0 41 18 
18 48 43 2 24 
24 21 35 7 
7 20 45 
45 9 15 
15 6 
22 42 28 38 
6 22 
38 33 19 
19 32 5 
35 39 
40 12 
5 16 40 
11 13 10 
12 11 
32 47 34 
39 36 23 26 
34 46 
2 1 
10 30 25 
46 27 14 
26 44 
1 8 
21 31 29 
28 
25 37 
37 4 
44 3 
9 
20 
43 
3 49 
29 
13 
31 
33 
23 
30 
14 
42 17 
16 
41 
27 
8 
48 
4 
36 
17 
47 
49 
# clone tree 5 objective: 2.63335
0 41 18 
18 48 43 2 24 
24 21 35 7 
7 20 45 
45 9 15 
15 6 
22 42 28 38 
6 22 
38 33 19 
19 32 5 
35 39 
40 12 
5 16 40 
11 13 10 
12 11 
32 47 34 
39 36 23 26 
34 46 
2 1 
10 30 25 
46 27 14 
26 44 
1 8 
21 31 29 
28 
25 37 
37 4 
44 3 
9 
20 
43 
3 
29 
13 
31 
33 
23 
30 
14 
42 17 
16 
41 49 
27 
8 
48 
4 
36 
17 
47 
49 
# clone tree 6 objective: 2.63335
0 41 18 
18 48 43 2 24 
24 21 35 7 
7 20 45 
45 9 15 
15 6 
22 42 28 38 
6 22 
38 49 33 19 
19 32 5 
35 39 
40 12 
5 16 40 
11 13 10 
12 11 
32 47 34 
39 36 23 26 
34 46 
2 1 
10 30 25 
46 27 14 
26 44 
1 8 
21 31 29 
28 
25 37 
37 4 
44 3 
9 
20 
43 
3 
29 
13 
31 
33 
23 
30 
14 
42 17 
16 
41 
27 
8 
48 
4 
36 
17 
47 
49 
# clone tree 7 objective: 2.63335
0 49 41 16 18 
18 48 43 2 24 
24 21 35 7 
7 20 45 
45 9 15 
15 6 
22 42 28 38 
6 22 
38 33 19 
19 32 5 
35 39 
40 12 
5 47 40 
11 13 10 
12 11 
32 34 
39 36 23 26 
34 46 
2 1 
10 30 25 
46 27 14 
26 44 
1 8 
21 31 29 
28 
25 37 
37 4 
44 3 
9 
20 
43 
3 
29 
13 
31 
33 
23 
30 
14 
42 17 
16 
41 
27 
8 
48 
4 
36 
17 
47 
49 
# clone tree 8 objective: 2.63335
0 41 18 
18 48 43 2 24 
24 21 35 7 
7 20 45 
45 9 15 
15 6 
22 42 28 38 
6 22 
38 33 19 
19 32 5 
35 39 
40 12 
5 16 40 
11 13 10 
12 11 
32 47 34 
39 36 23 26 
34 46 
2 1 
10 30 25 
46 27 14 
26 44 
1 8 
21 31 29 
28 
25 37 
37 4 
44 3 
9 49 
20 
43 
3 
29 
13 
31 
33 
23 
30 
14 
42 17 
16 
41 
27 
8 
48 
4 
36 
17 
47 
49 
# clone tree 9 objective: 2.63335
0 41 18 
18 48 43 2 24 
24 21 35 7 
7 20 45 
45 9 15 
15 6 
22 42 28 38 
6 22 
38 33 19 
19 32 5 
35 39 
40 12 
5 16 40 
11 13 10 
12 11 
32 47 34 
39 36 23 26 
34 46 
2 1 
10 30 25 
46 27 14 
26 44 
1 8 
21 31 29 
28 
25 37 
37 4 
44 3 
9 
20 
43 
3 
29 
13 
31 
33 
23 
30 
14 49 
42 17 
16 
41 
27 
8 
48 
4 
36 
17 
47 
49 
# clone tree 10 objective: 2.63335
0 49 41 16 18 
18 48 43 2 24 
24 21 35 7 
7 20 45 
45 9 15 
15 6 
22 42 28 38 
6 22 
38 33 19 
19 32 5 
35 39 
40 12 
5 40 
11 13 10 
12 11 
32 47 34 
39 36 23 26 
34 46 
2 1 
10 30 25 
46 27 14 
26 44 
1 8 
21 31 29 
28 
25 37 
37 4 
44 3 
9 
20 
43 
3 
29 
13 
31 
33 
23 
30 
14 
42 17 
16 
41 
27 
8 
48 
4 
36 
17 
47 
49 
# clone tree 11 objective: 2.63335
0 41 16 18 
18 48 43 2 24 
24 21 35 7 
7 20 45 
45 9 15 
15 6 
22 42 28 38 
6 22 
38 33 19 
19 32 5 
35 39 
40 12 
5 40 
11 13 10 
12 11 
32 47 34 
39 36 23 26 
34 46 
2 1 
10 30 25 
46 27 14 
26 49 44 
1 8 
21 31 29 
28 
25 37 
37 4 
44 3 
9 
20 
43 
3 
29 
13 
31 
33 
23 
30 
14 
42 17 
16 
41 
27 
8 
48 
4 
36 
17 
47 
49 
# clone tree 12 objective: 2.63335
0 41 16 18 
18 48 43 2 24 
24 21 35 7 
7 20 45 
45 9 15 
15 6 
22 42 28 38 
6 22 
38 33 19 
19 32 5 
35 39 
40 12 
5 40 
11 13 10 
12 11 
32 47 34 
39 36 23 26 
34 46 
2 1 
10 30 25 
46 27 14 
26 44 
1 8 
21 31 29 
28 
25 37 
37 4 
44 3 
9 
20 
43 
3 49 
29 
13 
31 
33 
23 
30 
14 
42 17 
16 
41 
27 
8 
48 
4 
36 
17 
47 
49 
# clone tree 13 objective: 2.63335
0 41 16 18 
18 48 43 2 24 
24 21 35 7 
7 20 45 
45 9 15 
15 6 
22 42 28 38 
6 22 
38 33 19 
19 32 5 
35 39 
40 12 
5 40 
11 13 10 
12 11 
32 47 34 
39 36 23 26 
34 46 
2 1 
10 30 25 
46 27 14 
26 44 
1 8 
21 31 29 
28 
25 37 
37 4 
44 3 
9 
20 
43 
3 
29 
13 
31 
33 
23 
30 
14 
42 17 
16 
41 49 
27 
8 
48 
4 
36 
17 
47 
49 
# clone tree 14 objective: 2.63335
0 41 16 18 
18 48 43 2 24 
24 21 35 7 
7 20 45 
45 9 15 
15 6 
22 42 28 38 
6 22 
38 33 19 
19 32 5 
35 39 
40 12 
5 40 
11 13 10 
12 11 
32 47 34 
39 36 23 26 
34 46 
2 1 
10 30 25 
46 27 14 
26 44 
1 8 
21 31 29 
28 
25 49 37 
37 4 
44 3 
9 
20 
43 
3 
29 
13 
31 
33 
23 
30 
14 
42 17 
16 
41 
27 
8 
48 
4 
36 
17 
47 
49 
# clone tree 15 objective: 2.63335
0 49 41 18 
18 48 43 2 24 
24 21 35 7 
7 20 45 
45 9 15 
15 6 
22 42 28 38 
6 22 
38 33 19 
19 32 5 
35 39 
40 12 
5 16 40 
11 13 10 
12 11 
32 47 34 
39 36 23 26 
34 46 
2 1 
10 30 25 
46 27 14 
26 44 
1 8 
21 31 29 
28 
25 37 
37 4 
44 3 
9 
20 
43 
3 
29 
13 
31 
33 
23 
30 
14 
42 17 
16 
41 
27 
8 
48 
4 
36 
17 
47 
49 
# clone tree 16 objective: 2.63335
0 47 41 18 
18 48 43 2 24 
24 21 35 7 
7 20 45 
45 9 15 
15 6 
22 42 28 38 
6 22 
38 33 19 
19 32 5 
35 39 
40 12 
5 16 40 
11 13 10 
12 11 
32 34 
39 36 23 26 
34 46 
2 1 
10 30 25 
46 27 14 
26 44 
1 8 
21 31 29 
28 
25 37 
37 4 
44 3 
9 
20 
43 
3 
29 
13 
31 
33 
23 
30 
14 49 
42 17 
16 
41 
27 
8 
48 
4 
36 
17 
47 
49 
# clone tree 17 objective: 2.63335
0 47 41 18 
18 48 43 2 24 
24 21 35 7 
7 20 45 
45 9 15 
15 6 
22 42 28 38 
6 22 
38 33 19 
19 32 5 
35 39 
40 12 
5 16 40 
11 13 10 
12 11 
32 34 
39 36 23 26 
34 46 
2 1 
10 30 25 
46 27 14 
26 44 
1 8 
21 31 29 
28 
25 49 37 
37 4 
44 3 
9 
20 
43 
3 
29 
13 
31 
33 
23 
30 
14 
42 17 
16 
41 
27 
8 
48 
4 
36 
17 
47 
49 
# clone tree 18 objective: 2.63335
0 47 41 18 
18 48 43 2 24 
24 21 35 7 
7 20 45 
45 9 15 
15 6 
22 42 28 38 
6 22 
38 33 19 
19 32 5 
35 39 
40 12 
5 16 40 
11 13 10 
12 11 
32 34 
39 36 23 26 
34 46 
2 1 
10 30 25 
46 27 14 
26 44 
1 8 
21 31 29 
28 
25 37 
37 4 
44 3 
9 49 
20 
43 
3 
29 
13 
31 
33 
23 
30 
14 
42 17 
16 
41 
27 
8 
48 
4 
36 
17 
47 
49 
# clone tree 19 objective: 2.63335
0 41 16 18 
18 48 43 2 24 
24 21 35 7 
7 20 45 
45 9 15 
15 6 
22 42 28 38 
6 22 
38 49 33 19 
19 32 5 
35 39 
40 12 
5 40 
11 13 10 
12 11 
32 47 34 
39 36 23 26 
34 46 
2 1 
10 30 25 
46 27 14 
26 44 
1 8 
21 31 29 
28 
25 37 
37 4 
44 3 
9 
20 
43 
3 
29 
13 
31 
33 
23 
30 
14 
42 17 
16 
41 
27 
8 
48 
4 
36 
17 
47 
49 
# clone tree 20 objective: 2.63335
0 41 16 18 
18 48 43 2 24 
24 21 35 7 
7 20 45 
45 9 15 
15 6 
22 42 28 38 
6 22 
38 33 19 
19 32 5 
35 39 
40 12 
5 40 
11 13 10 
12 11 
32 47 34 
39 36 23 26 
34 46 
2 1 
10 30 25 
46 27 14 
26 44 
1 8 
21 31 29 
28 
25 37 
37 4 
44 3 
9 
20 
43 
3 
29 
13 
31 
33 
23 
30 49 
14 
42 17 
16 
41 
27 
8 
48 
4 
36 
17 
47 
49 
# clone tree 21 objective: 2.63335
0 41 16 18 
18 48 43 2 24 
24 21 35 7 
7 20 45 
45 9 15 
15 6 
22 42 28 38 
6 22 
38 33 19 
19 32 5 
35 39 
40 12 
5 40 
11 13 10 
12 11 
32 47 34 
39 36 23 26 
34 46 
2 1 
10 30 25 
46 27 14 
26 44 
1 8 
21 31 29 
28 
25 37 
37 4 
44 3 
9 49 
20 
43 
3 
29 
13 
31 
33 
23 
30 
14 
42 17 
16 
41 
27 
8 
48 
4 
36 
17 
47 
49 
# clone tree 22 objective: 2.63335
0 41 16 18 
18 48 43 2 24 
24 21 35 7 
7 20 45 
45 9 15 
15 6 
22 42 28 38 
6 22 
38 33 19 
19 32 5 
35 39 
40 12 
5 40 
11 13 10 
12 11 
32 47 34 
39 36 23 26 
34 46 
2 1 
10 30 25 
46 27 14 
26 44 
1 8 
21 31 29 
28 
25 37 
37 4 
44 3 
9 
20 
43 
3 
29 
13 
31 
33 
23 
30 
14 49 
42 17 
16 
41 
27 
8 
48 
4 
36 
17 
47 
49 
# clone tree 23 objective: 2.63335
0 49 41 18 
18 48 43 2 24 
24 47 21 35 7 
7 20 45 
45 9 15 
15 6 
22 42 28 38 
6 22 
38 33 19 
19 32 5 
35 39 
40 12 
5 16 40 
11 13 10 
12 11 
32 34 
39 36 23 26 
34 46 
2 1 
10 30 25 
46 27 14 
26 44 
1 8 
21 31 29 
28 
25 37 
37 4 
44 3 
9 
20 
43 
3 
29 
13 
31 
33 
23 
30 
14 
42 17 
16 
41 
27 
8 
48 
4 
36 
17 
47 
49 
# clone tree 24 objective: 2.63335
0 47 41 18 
18 48 43 2 24 
24 21 35 7 
7 20 45 
45 9 15 
15 6 
22 42 28 38 
6 22 
38 33 19 
19 32 5 
35 39 
40 12 
5 16 40 
11 13 10 
12 11 
32 34 
39 36 23 26 
34 46 
2 1 
10 30 25 
46 27 14 
26 44 
1 8 
21 31 29 
28 
25 37 
37 4 
44 3 
9 
20 
43 
3 
29 
13 
31 
33 
23 
30 
14 
42 17 
16 
41 49 
27 
8 
48 
4 
36 
17 
47 
49 
# clone tree 25 objective: 2.63335
0 47 41 18 
18 48 43 2 24 
24 21 35 7 
7 20 45 
45 9 15 
15 6 
22 42 28 38 
6 22 
38 49 33 19 
19 32 5 
35 39 
40 12 
5 16 40 
11 13 10 
12 11 
32 34 
39 36 23 26 
34 46 
2 1 
10 30 25 
46 27 14 
26 44 
1 8 
21 31 29 
28 
25 37 
37 4 
44 3 
9 
20 
43 
3 
29 
13 
31 
33 
23 
30 
14 
42 17 
16 
41 
27 
8 
48 
4 
36 
17 
47 
49 
# clone tree 26 objective: 2.63335
0 41 18 
18 48 43 2 24 
24 47 21 35 7 
7 20 45 
45 9 15 
15 6 
22 42 28 38 
6 22 
38 33 19 
19 32 5 
35 39 
40 12 
5 16 40 
11 13 10 
12 11 
32 34 
39 36 23 26 
34 46 
2 1 
10 30 25 
46 27 14 
26 49 44 
1 8 
21 31 29 
28 
25 37 
37 4 
44 3 
9 
20 
43 
3 
29 
13 
31 
33 
23 
30 
14 
42 17 
16 
41 
27 
8 
48 
4 
36 
17 
47 
49 
# clone tree 27 objective: 2.63335
0 41 18 
18 48 43 2 24 
24 47 21 35 7 
7 20 45 
45 9 15 
15 6 
22 42 28 38 
6 22 
38 33 19 
19 32 5 
35 39 
40 12 
5 16 40 
11 13 10 
12 11 
32 34 
39 36 23 26 
34 46 
2 1 
10 30 25 
46 27 14 
26 44 
1 8 
21 31 29 
28 
25 37 
37 4 
44 3 
9 
20 
43 
3 49 
29 
13 
31 
33 
23 
30 
14 
42 17 
16 
41 
27 
8 
48 
4 
36 
17 
47 
49 
# clone tree 28 objective: 2.63335
0 47 41 18 
18 48 43 2 24 
24 21 35 7 
7 20 45 
45 9 15 
15 6 
22 42 28 38 
6 22 
38 33 19 
19 32 5 
35 39 
40 12 
5 16 40 
11 13 10 
12 11 
32 34 
39 36 23 26 
34 46 
2 1 
10 30 25 
46 27 14 
26 44 
1 8 
21 31 29 
28 
25 37 
37 4 
44 3 
9 
20 
43 
3 49 
29 
13 
31 
33 
23 
30 
14 
42 17 
16 
41 
27 
8 
48 
4 
36 
17 
47 
49 
# clone tree 29 objective: 2.63335
0 41 18 
18 48 43 2 24 
24 47 21 35 7 
7 20 45 
45 9 15 
15 6 
22 42 28 38 
6 22 
38 33 19 
19 32 5 
35 39 
40 12 
5 16 40 
11 13 10 
12 11 
32 34 
39 36 23 26 
34 46 
2 1 
10 30 25 
46 27 14 
26 44 
1 8 
21 31 29 
28 
25 37 
37 4 
44 3 
9 
20 
43 
3 
29 
13 
31 
33 
23 
30 
14 
42 17 
16 
41 49 
27 
8 
48 
4 
36 
17 
47 
49 
# clone tree 30 objective: 2.63335
0 41 18 
18 48 43 2 24 
24 47 21 35 7 
7 20 45 
45 9 15 
15 6 
22 42 28 38 
6 22 
38 33 19 
19 32 5 
35 39 
40 12 
5 16 40 
11 13 10 
12 11 
32 34 
39 36 23 26 
34 46 
2 1 
10 30 25 
46 27 14 
26 44 
1 8 
21 31 29 
28 
25 37 
37 4 
44 3 
9 
20 
43 
3 
29 
13 
31 
33 
23 
30 49 
14 
42 17 
16 
41 
27 
8 
48 
4 
36 
17 
47 
49 
# clone tree 31 objective: 2.63335
0 47 41 18 
18 48 43 2 24 
24 21 35 7 
7 20 45 
45 9 15 
15 6 
22 42 28 38 
6 22 
38 33 19 
19 32 5 
35 39 
40 12 
5 16 40 
11 13 10 
12 11 
32 34 
39 36 23 26 
34 46 
2 1 
10 30 25 
46 27 14 
26 44 
1 8 
21 31 29 
28 
25 37 
37 4 
44 3 
9 
20 
43 
3 
29 
13 
31 
33 
23 
30 49 
14 
42 17 
16 
41 
27 
8 
48 
4 
36 
17 
47 
49 
# clone tree 32 objective: 2.63335
0 47 41 18 
18 48 43 2 24 
24 21 35 7 
7 20 45 
45 9 15 
15 6 
22 42 28 38 
6 22 
38 33 19 
19 32 5 
35 39 
40 12 
5 16 40 
11 13 10 
12 11 
32 34 
39 36 23 26 
34 46 
2 1 
10 30 25 
46 27 14 
26 49 44 
1 8 
21 31 29 
28 
25 37 
37 4 
44 3 
9 
20 
43 
3 
29 
13 
31 
33 
23 
30 
14 
42 17 
16 
41 
27 
8 
48 
4 
36 
17 
47 
49 
# clone tree 33 objective: 2.63335
0 41 18 
18 48 43 2 24 
24 47 21 35 7 
7 20 45 
45 9 15 
15 6 
22 42 28 38 
6 22 
38 49 33 19 
19 32 5 
35 39 
40 12 
5 16 40 
11 13 10 
12 11 
32 34 
39 36 23 26 
34 46 
2 1 
10 30 25 
46 27 14 
26 44 
1 8 
21 31 29 
28 
25 37 
37 4 
44 3 
9 
20 
43 
3 
29 
13 
31 
33 
23 
30 
14 
42 17 
16 
41 
27 
8 
48 
4 
36 
17 
47 
49 
# clone tree 34 objective: 2.63335
0 41 18 
18 48 43 2 24 
24 47 21 35 7 
7 20 45 
45 9 15 
15 6 
22 42 28 38 
6 22 
38 33 19 
19 32 5 
35 39 
40 12 
5 16 40 
11 13 10 
12 11 
32 34 
39 36 23 26 
34 46 
2 1 
10 30 25 
46 27 14 
26 44 
1 8 
21 31 29 
28 
25 49 37 
37 4 
44 3 
9 
20 
43 
3 
29 
13 
31 
33 
23 
30 
14 
42 17 
16 
41 
27 
8 
48 
4 
36 
17 
47 
49 
# clone tree 35 objective: 2.63335
0 41 16 18 
18 48 43 2 24 
24 21 35 7 
7 20 45 
45 9 15 
15 6 
22 42 28 38 
6 22 
38 33 19 
19 32 5 
35 39 
40 12 
5 47 40 
11 13 10 
12 11 
32 34 
39 36 23 26 
34 46 
2 1 
10 30 25 
46 27 14 
26 49 44 
1 8 
21 31 29 
28 
25 37 
37 4 
44 3 
9 
20 
43 
3 
29 
13 
31 
33 
23 
30 
14 
42 17 
16 
41 
27 
8 
48 
4 
36 
17 
47 
49 
# clone tree 36 objective: 2.63335
0 41 16 18 
18 48 43 2 24 
24 21 35 7 
7 20 45 
45 9 15 
15 6 
22 42 28 38 
6 22 
38 33 19 
19 32 5 
35 39 
40 12 
5 47 40 
11 13 10 
12 11 
32 34 
39 36 23 26 
34 46 
2 1 
10 30 25 
46 27 14 
26 44 
1 8 
21 31 29 
28 
25 37 
37 4 
44 3 
9 
20 
43 
3 49 
29 
13 
31 
33 
23 
30 
14 
42 17 
16 
41 
27 
8 
48 
4 
36 
17 
47 
49 
# clone tree 37 objective: 2.63335
0 41 16 18 
18 48 43 2 24 
24 21 35 7 
7 20 45 
45 9 15 
15 6 
22 42 28 38 
6 22 
38 33 19 
19 32 5 
35 39 
40 12 
5 47 40 
11 13 10 
12 11 
32 34 
39 36 23 26 
34 46 
2 1 
10 30 25 
46 27 14 
26 44 
1 8 
21 31 29 
28 
25 37 
37 4 
44 3 
9 
20 
43 
3 
29 
13 
31 
33 
23 
30 
14 
42 17 
16 
41 49 
27 
8 
48 
4 
36 
17 
47 
49 
# clone tree 38 objective: 2.63335
0 41 18 
18 48 43 2 24 
24 47 21 35 7 
7 20 45 
45 9 15 
15 6 
22 42 28 38 
6 22 
38 33 19 
19 32 5 
35 39 
40 12 
5 16 40 
11 13 10 
12 11 
32 34 
39 36 23 26 
34 46 
2 1 
10 30 25 
46 27 14 
26 44 
1 8 
21 31 29 
28 
25 37 
37 4 
44 3 
9 49 
20 
43 
3 
29 
13 
31 
33 
23 
30 
14 
42 17 
16 
41 
27 
8 
48 
4 
36 
17 
47 
49 
# clone tree 39 objective: 2.63335
0 41 18 
18 48 43 2 24 
24 47 21 35 7 
7 20 45 
45 9 15 
15 6 
22 42 28 38 
6 22 
38 33 19 
19 32 5 
35 39 
40 12 
5 16 40 
11 13 10 
12 11 
32 34 
39 36 23 26 
34 46 
2 1 
10 30 25 
46 27 14 
26 44 
1 8 
21 31 29 
28 
25 37 
37 4 
44 3 
9 
20 
43 
3 
29 
13 
31 
33 
23 
30 
14 49 
42 17 
16 
41 
27 
8 
48 
4 
36 
17 
47 
49 
# clone tree 40 objective: 2.63335
0 49 41 16 18 
18 48 43 2 24 
24 21 35 7 
7 20 45 
45 9 15 
15 47 6 
22 42 28 38 
6 22 
38 33 19 
19 32 5 
35 39 
40 12 
5 40 
11 13 10 
12 11 
32 34 
39 36 23 26 
34 46 
2 1 
10 30 25 
46 27 14 
26 44 
1 8 
21 31 29 
28 
25 37 
37 4 
44 3 
9 
20 
43 
3 
29 
13 
31 
33 
23 
30 
14 
42 17 
16 
41 
27 
8 
48 
4 
36 
17 
47 
49 
# clone tree 41 objective: 2.63335
0 41 16 18 
18 48 43 2 24 
24 21 35 7 
7 20 45 
45 9 15 
15 47 6 
22 42 28 38 
6 22 
38 49 33 19 
19 32 5 
35 39 
40 12 
5 40 
11 13 10 
12 11 
32 34 
39 36 23 26 
34 46 
2 1 
10 30 25 
46 27 14 
26 44 
1 8 
21 31 29 
28 
25 37 
37 4 
44 3 
9 
20 
43 
3 
29 
13 
31 
33 
23 
30 
14 
42 17 
16 
41 
27 
8 
48 
4 
36 
17 
47 
49 
# clone tree 42 objective: 2.63335
0 41 16 18 
18 48 43 2 24 
24 21 35 7 
7 20 45 
45 9 15 
15 47 6 
22 42 28 38 
6 22 
38 33 19 
19 32 5 
35 39 
40 12 
5 40 
11 13 10 
12 11 
32 34 
39 36 23 26 
34 46 
2 1 
10 30 25 
46 27 14 
26 44 
1 8 
21 31 29 
28 
25 37 
37 4 
44 3 
9 49 
20 
43 
3 
29 
13 
31 
33 
23 
30 
14 
42 17 
16 
41 
27 
8 
48 
4 
36 
17 
47 
49 
# clone tree 43 objective: 2.63335
0 41 16 18 
18 48 43 2 24 
24 21 35 7 
7 20 45 
45 9 15 
15 47 6 
22 42 28 38 
6 22 
38 33 19 
19 32 5 
35 39 
40 12 
5 40 
11 13 10 
12 11 
32 34 
39 36 23 26 
34 46 
2 1 
10 30 25 
46 27 14 
26 44 
1 8 
21 31 29 
28 
25 49 37 
37 4 
44 3 
9 
20 
43 
3 
29 
13 
31 
33 
23 
30 
14 
42 17 
16 
41 
27 
8 
48 
4 
36 
17 
47 
49 
# clone tree 44 objective: 2.63335
0 41 16 18 
18 48 43 2 24 
24 21 35 7 
7 20 45 
45 9 15 
15 47 6 
22 42 28 38 
6 22 
38 33 19 
19 32 5 
35 39 
40 12 
5 40 
11 13 10 
12 11 
32 34 
39 36 23 26 
34 46 
2 1 
10 30 25 
46 27 14 
26 49 44 
1 8 
21 31 29 
28 
25 37 
37 4 
44 3 
9 
20 
43 
3 
29 
13 
31 
33 
23 
30 
14 
42 17 
16 
41 
27 
8 
48 
4 
36 
17 
47 
49 
# clone tree 45 objective: 2.63335
0 41 16 18 
18 48 43 2 24 
24 21 35 7 
7 20 45 
45 9 15 
15 47 6 
22 42 28 38 
6 22 
38 33 19 
19 32 5 
35 39 
40 12 
5 40 
11 13 10 
12 11 
32 34 
39 36 23 26 
34 46 
2 1 
10 30 25 
46 27 14 
26 44 
1 8 
21 31 29 
28 
25 37 
37 4 
44 3 
9 
20 
43 
3 
29 
13 
31 
33 
23 
30 
14 49 
42 17 
16 
41 
27 
8 
48 
4 
36 
17 
47 
49 
# clone tree 46 objective: 2.63335
0 41 16 18 
18 48 43 2 24 
24 21 35 7 
7 20 45 
45 9 15 
15 47 6 
22 42 28 38 
6 22 
38 33 19 
19 32 5 
35 39 
40 12 
5 40 
11 13 10 
12 11 
32 34 
39 36 23 26 
34 46 
2 1 
10 30 25 
46 27 14 
26 44 
1 8 
21 31 29 
28 
25 37 
37 4 
44 3 
9 
20 
43 
3 49 
29 
13 
31 
33 
23 
30 
14 
42 17 
16 
41 
27 
8 
48 
4 
36 
17 
47 
49 
# clone tree 47 objective: 2.63335
0 41 16 18 
18 48 43 2 24 
24 21 35 7 
7 20 45 
45 9 15 
15 47 6 
22 42 28 38 
6 22 
38 33 19 
19 32 5 
35 39 
40 12 
5 40 
11 13 10 
12 11 
32 34 
39 36 23 26 
34 46 
2 1 
10 30 25 
46 27 14 
26 44 
1 8 
21 31 29 
28 
25 37 
37 4 
44 3 
9 
20 
43 
3 
29 
13 
31 
33 
23 
30 
14 
42 17 
16 
41 49 
27 
8 
48 
4 
36 
17 
47 
49 
# clone tree 48 objective: 2.63335
0 41 16 18 
18 48 43 2 24 
24 21 35 7 
7 20 45 
45 9 15 
15 47 6 
22 42 28 38 
6 22 
38 33 19 
19 32 5 
35 39 
40 12 
5 40 
11 13 10 
12 11 
32 34 
39 36 23 26 
34 46 
2 1 
10 30 25 
46 27 14 
26 44 
1 8 
21 31 29 
28 
25 37 
37 4 
44 3 
9 
20 
43 
3 
29 
13 
31 
33 
23 
30 49 
14 
42 17 
16 
41 
27 
8 
48 
4 
36 
17 
47 
49 
# clone tree 49 objective: 2.63335
0 49 41 18 
18 48 43 2 24 
24 21 35 7 
7 20 45 
45 9 15 
15 6 
22 42 28 38 
6 22 
38 33 19 
19 32 5 
35 39 
40 12 
5 16 40 
11 13 10 
12 11 
32 34 
39 36 23 26 
34 46 
2 1 
10 30 25 
46 27 14 
26 44 
1 8 
21 31 29 
28 
25 37 
37 4 
44 3 
9 
20 47 
43 
3 
29 
13 
31 
33 
23 
30 
14 
42 17 
16 
41 
27 
8 
48 
4 
36 
17 
47 
49 
# clone tree 50 objective: 2.63335
0 49 47 41 18 
18 48 43 2 24 
24 21 35 7 
7 20 45 
45 9 15 
15 6 
22 42 28 38 
6 22 
38 33 19 
19 32 5 
35 39 
40 12 
5 16 40 
11 13 10 
12 11 
32 34 
39 36 23 26 
34 46 
2 1 
10 30 25 
46 27 14 
26 44 
1 8 
21 31 29 
28 
25 37 
37 4 
44 3 
9 
20 
43 
3 
29 
13 
31 
33 
23 
30 
14 
42 17 
16 
41 
27 
8 
48 
4 
36 
17 
47 
49 
# clone tree 51 objective: 2.63335
0 47 41 16 18 
18 48 43 2 24 
24 21 35 7 
7 20 45 
45 9 15 
15 6 
22 42 28 38 
6 22 
38 33 19 
19 32 5 
35 39 
40 12 
5 40 
11 13 10 
12 11 
32 34 
39 36 23 26 
34 46 
2 1 
10 30 25 
46 27 14 
26 44 
1 8 
21 31 29 
28 
25 37 
37 4 
44 3 
9 
20 
43 
3 
29 
13 
31 
33 
23 
30 
14 49 
42 17 
16 
41 
27 
8 
48 
4 
36 
17 
47 
49 
# clone tree 52 objective: 2.63335
0 47 41 16 18 
18 48 43 2 24 
24 21 35 7 
7 20 45 
45 9 15 
15 6 
22 42 28 38 
6 22 
38 33 19 
19 32 5 
35 39 
40 12 
5 40 
11 13 10 
12 11 
32 34 
39 36 23 26 
34 46 
2 1 
10 30 25 
46 27 14 
26 44 
1 8 
21 31 29 
28 
25 37 
37 4 
44 3 
9 49 
20 
43 
3 
29 
13 
31 
33 
23 
30 
14 
42 17 
16 
41 
27 
8 
48 
4 
36 
17 
47 
49 
# clone tree 53 objective: 2.63335
0 47 41 16 18 
18 48 43 2 24 
24 21 35 7 
7 20 45 
45 9 15 
15 6 
22 42 28 38 
6 22 
38 49 33 19 
19 32 5 
35 39 
40 12 
5 40 
11 13 10 
12 11 
32 34 
39 36 23 26 
34 46 
2 1 
10 30 25 
46 27 14 
26 44 
1 8 
21 31 29 
28 
25 37 
37 4 
44 3 
9 
20 
43 
3 
29 
13 
31 
33 
23 
30 
14 
42 17 
16 
41 
27 
8 
48 
4 
36 
17 
47 
49 
# clone tree 54 objective: 2.63335
0 41 18 
18 48 43 2 24 
24 21 35 7 
7 20 45 
45 9 15 
15 6 
22 42 28 38 
6 22 
38 49 33 19 
19 32 5 
35 39 
40 12 
5 16 40 
11 13 10 
12 11 
32 34 
39 36 23 26 
34 46 
2 1 
10 30 25 
46 27 14 
26 44 
1 8 
21 31 29 
28 
25 37 
37 4 
44 3 
9 
20 47 
43 
3 
29 
13 
31 
33 
23 
30 
14 
42 17 
16 
41 
27 
8 
48 
4 
36 
17 
47 
49 
# clone tree 55 objective: 2.63335
0 41 18 
18 48 43 2 24 
24 21 35 7 
7 20 45 
45 9 15 
15 6 
22 42 28 38 
6 22 
38 33 19 
19 32 5 
35 39 
40 12 
5 16 40 
11 13 10 
12 11 
32 34 
39 36 23 26 
34 46 
2 1 
10 30 25 
46 27 14 
26 44 
1 8 
21 31 29 
28 
25 49 37 
37 4 
44 3 
9 
20 47 
43 
3 
29 
13 
31 
33 
23 
30 
14 
42 17 
16 
41 
27 
8 
48 
4 
36 
17 
47 
49 
# clone tree 56 objective: 2.63335
0 41 18 
18 48 43 2 24 
24 21 35 7 
7 20 45 
45 9 15 
15 6 
22 42 28 38 
6 22 
38 33 19 
19 32 5 
35 39 
40 12 
5 16 40 
11 13 10 
12 11 
32 34 
39 36 23 26 
34 46 
2 1 
10 30 25 
46 27 14 
26 49 44 
1 8 
21 31 29 
28 
25 37 
37 4 
44 3 
9 
20 47 
43 
3 
29 
13 
31 
33 
23 
30 
14 
42 17 
16 
41 
27 
8 
48 
4 
36 
17 
47 
49 
# clone tree 57 objective: 2.63335
0 41 18 
18 48 43 2 24 
24 21 35 7 
7 20 45 
45 9 15 
15 6 
22 42 28 38 
6 22 
38 33 19 
19 32 5 
35 39 
40 12 
5 16 40 
11 13 10 
12 11 
32 34 
39 36 23 26 
34 46 
2 1 
10 30 25 
46 27 14 
26 44 
1 8 
21 31 29 
28 
25 37 
37 4 
44 3 
9 
20 47 
43 
3 49 
29 
13 
31 
33 
23 
30 
14 
42 17 
16 
41 
27 
8 
48 
4 
36 
17 
47 
49 
# clone tree 58 objective: 2.63335
0 47 41 16 18 
18 48 43 2 24 
24 21 35 7 
7 20 45 
45 9 15 
15 6 
22 42 28 38 
6 22 
38 33 19 
19 32 5 
35 39 
40 12 
5 40 
11 13 10 
12 11 
32 34 
39 36 23 26 
34 46 
2 1 
10 30 25 
46 27 14 
26 44 
1 8 
21 31 29 
28 
25 37 
37 4 
44 3 
9 
20 
43 
3 
29 
13 
31 
33 
23 
30 49 
14 
42 17 
16 
41 
27 
8 
48 
4 
36 
17 
47 
49 
# clone tree 59 objective: 2.63335
0 41 18 
18 48 43 2 24 
24 21 35 7 
7 20 45 
45 9 15 
15 6 
22 42 28 38 
6 22 
38 33 19 
19 32 5 
35 39 
40 12 
5 16 40 
11 13 10 
12 11 
32 34 
39 36 23 26 
34 46 
2 1 
10 30 25 
46 27 14 
26 44 
1 8 
21 31 29 
28 
25 37 
37 4 
44 3 
9 
20 47 
43 
3 
29 
13 
31 
33 
23 
30 
14 
42 17 
16 
41 49 
27 
8 
48 
4 
36 
17 
47 
49 
# clone tree 60 objective: 2.63335
0 41 18 
18 48 43 2 24 
24 21 35 7 
7 20 45 
45 9 15 
15 6 
22 42 28 38 
6 22 
38 33 19 
19 32 5 
35 39 
40 12 
5 16 40 
11 13 10 
12 11 
32 34 
39 36 23 26 
34 46 
2 1 
10 30 25 
46 27 14 
26 44 
1 8 
21 31 29 
28 
25 37 
37 4 
44 3 
9 49 
20 47 
43 
3 
29 
13 
31 
33 
23 
30 
14 
42 17 
16 
41 
27 
8 
48 
4 
36 
17 
47 
49 
# clone tree 61 objective: 2.63335
0 47 41 16 18 
18 48 43 2 24 
24 21 35 7 
7 20 45 
45 9 15 
15 6 
22 42 28 38 
6 22 
38 33 19 
19 32 5 
35 39 
40 12 
5 40 
11 13 10 
12 11 
32 34 
39 36 23 26 
34 46 
2 1 
10 30 25 
46 27 14 
26 44 
1 8 
21 31 29 
28 
25 49 37 
37 4 
44 3 
9 
20 
43 
3 
29 
13 
31 
33 
23 
30 
14 
42 17 
16 
41 
27 
8 
48 
4 
36 
17 
47 
49 
# clone tree 62 objective: 2.63335
0 41 18 
18 48 43 2 24 
24 21 35 7 
7 20 45 
45 9 15 
15 6 
22 42 28 38 
6 22 
38 33 19 
19 32 5 
35 39 
40 12 
5 16 40 
11 13 10 
12 11 
32 34 
39 36 23 26 
34 46 
2 1 
10 30 25 
46 27 14 
26 44 
1 8 
21 31 29 
28 
25 37 
37 4 
44 3 
9 
20 47 
43 
3 
29 
13 
31 
33 
23 
30 49 
14 
42 17 
16 
41 
27 
8 
48 
4 
36 
17 
47 
49 
# clone tree 63 objective: 2.63335
0 41 18 
18 48 43 2 24 
24 21 35 7 
7 20 45 
45 9 15 
15 6 
22 42 28 38 
6 22 
38 33 19 
19 32 5 
35 39 
40 12 
5 16 40 
11 13 10 
12 11 
32 34 
39 36 23 26 
34 46 
2 1 
10 30 25 
46 27 14 
26 44 
1 8 
21 31 29 
28 
25 37 
37 4 
44 3 
9 
20 47 
43 
3 
29 
13 
31 
33 
23 
30 
14 49 
42 17 
16 
41 
27 
8 
48 
4 
36 
17 
47 
49 
# clone tree 64 objective: 2.63335
0 49 41 16 18 
18 48 43 2 24 
24 47 21 35 7 
7 20 45 
45 9 15 
15 6 
22 42 28 38 
6 22 
38 33 19 
19 32 5 
35 39 
40 12 
5 40 
11 13 10 
12 11 
32 34 
39 36 23 26 
34 46 
2 1 
10 30 25 
46 27 14 
26 44 
1 8 
21 31 29 
28 
25 37 
37 4 
44 3 
9 
20 
43 
3 
29 
13 
31 
33 
23 
30 
14 
42 17 
16 
41 
27 
8 
48 
4 
36 
17 
47 
49 
# clone tree 65 objective: 2.63335
0 47 41 16 18 
18 48 43 2 24 
24 21 35 7 
7 20 45 
45 9 15 
15 6 
22 42 28 38 
6 22 
38 33 19 
19 32 5 
35 39 
40 12 
5 40 
11 13 10 
12 11 
32 34 
39 36 23 26 
34 46 
2 1 
10 30 25 
46 27 14 
26 44 
1 8 
21 31 29 
28 
25 37 
37 4 
44 3 
9 
20 
43 
3 
29 
13 
31 
33 
23 
30 
14 
42 17 
16 
41 49 
27 
8 
48 
4 
36 
17 
47 
49 
# clone tree 66 objective: 2.63335
0 47 41 16 18 
18 48 43 2 24 
24 21 35 7 
7 20 45 
45 9 15 
15 6 
22 42 28 38 
6 22 
38 33 19 
19 32 5 
35 39 
40 12 
5 40 
11 13 10 
12 11 
32 34 
39 36 23 26 
34 46 
2 1 
10 30 25 
46 27 14 
26 44 
1 8 
21 31 29 
28 
25 37 
37 4 
44 3 
9 
20 
43 
3 49 
29 
13 
31 
33 
23 
30 
14 
42 17 
16 
41 
27 
8 
48 
4 
36 
17 
47 
49 
# clone tree 67 objective: 2.63335
0 47 41 16 18 
18 48 43 2 24 
24 21 35 7 
7 20 45 
45 9 15 
15 6 
22 42 28 38 
6 22 
38 33 19 
19 32 5 
35 39 
40 12 
5 40 
11 13 10 
12 11 
32 34 
39 36 23 26 
34 46 
2 1 
10 30 25 
46 27 14 
26 49 44 
1 8 
21 31 29 
28 
25 37 
37 4 
44 3 
9 
20 
43 
3 
29 
13 
31 
33 
23 
30 
14 
42 17 
16 
41 
27 
8 
48 
4 
36 
17 
47 
49 
# clone tree 68 objective: 2.63335
0 41 16 18 
18 48 43 2 24 
24 47 21 35 7 
7 20 45 
45 9 15 
15 6 
22 42 28 38 
6 22 
38 33 19 
19 32 5 
35 39 
40 12 
5 40 
11 13 10 
12 11 
32 34 
39 36 23 26 
34 46 
2 1 
10 30 25 
46 27 14 
26 49 44 
1 8 
21 31 29 
28 
25 37 
37 4 
44 3 
9 
20 
43 
3 
29 
13 
31 
33 
23 
30 
14 
42 17 
16 
41 
27 
8 
48 
4 
36 
17 
47 
49 
# clone tree 69 objective: 2.63335
0 41 16 18 
18 48 43 2 24 
24 47 21 35 7 
7 20 45 
45 9 15 
15 6 
22 42 28 38 
6 22 
38 33 19 
19 32 5 
35 39 
40 12 
5 40 
11 13 10 
12 11 
32 34 
39 36 23 26 
34 46 
2 1 
10 30 25 
46 27 14 
26 44 
1 8 
21 31 29 
28 
25 49 37 
37 4 
44 3 
9 
20 
43 
3 
29 
13 
31 
33 
23 
30 
14 
42 17 
16 
41 
27 
8 
48 
4 
36 
17 
47 
49 
# clone tree 70 objective: 2.63335
0 41 16 18 
18 48 43 2 24 
24 47 21 35 7 
7 20 45 
45 9 15 
15 6 
22 42 28 38 
6 22 
38 33 19 
19 32 5 
35 39 
40 12 
5 40 
11 13 10 
12 11 
32 34 
39 36 23 26 
34 46 
2 1 
10 30 25 
46 27 14 
26 44 
1 8 
21 31 29 
28 
25 37 
37 4 
44 3 
9 
20 
43 
3 49 
29 
13 
31 
33 
23 
30 
14 
42 17 
16 
41 
27 
8 
48 
4 
36 
17 
47 
49 
# clone tree 71 objective: 2.63335
0 41 16 18 
18 48 43 2 24 
24 47 21 35 7 
7 20 45 
45 9 15 
15 6 
22 42 28 38 
6 22 
38 49 33 19 
19 32 5 
35 39 
40 12 
5 40 
11 13 10 
12 11 
32 34 
39 36 23 26 
34 46 
2 1 
10 30 25 
46 27 14 
26 44 
1 8 
21 31 29 
28 
25 37 
37 4 
44 3 
9 
20 
43 
3 
29 
13 
31 
33 
23 
30 
14 
42 17 
16 
41 
27 
8 
48 
4 
36 
17 
47 
49 
# clone tree 72 objective: 2.63335
0 41 16 18 
18 48 43 2 24 
24 47 21 35 7 
7 20 45 
45 9 15 
15 6 
22 42 28 38 
6 22 
38 33 19 
19 32 5 
35 39 
40 12 
5 40 
11 13 10 
12 11 
32 34 
39 36 23 26 
34 46 
2 1 
10 30 25 
46 27 14 
26 44 
1 8 
21 31 29 
28 
25 37 
37 4 
44 3 
9 
20 
43 
3 
29 
13 
31 
33 
23 
30 
14 
42 17 
16 
41 49 
27 
8 
48 
4 
36 
17 
47 
49 
# clone tree 73 objective: 2.63335
0 41 16 18 
18 48 43 2 24 
24 47 21 35 7 
7 20 45 
45 9 15 
15 6 
22 42 28 38 
6 22 
38 33 19 
19 32 5 
35 39 
40 12 
5 40 
11 13 10 
12 11 
32 34 
39 36 23 26 
34 46 
2 1 
10 30 25 
46 27 14 
26 44 
1 8 
21 31 29 
28 
25 37 
37 4 
44 3 
9 49 
20 
43 
3 
29 
13 
31 
33 
23 
30 
14 
42 17 
16 
41 
27 
8 
48 
4 
36 
17 
47 
49 
# clone tree 74 objective: 2.63335
0 41 16 18 
18 48 43 2 24 
24 47 21 35 7 
7 20 45 
45 9 15 
15 6 
22 42 28 38 
6 22 
38 33 19 
19 32 5 
35 39 
40 12 
5 40 
11 13 10 
12 11 
32 34 
39 36 23 26 
34 46 
2 1 
10 30 25 
46 27 14 
26 44 
1 8 
21 31 29 
28 
25 37 
37 4 
44 3 
9 
20 
43 
3 
29 
13 
31 
33 
23 
30 
14 49 
42 17 
16 
41 
27 
8 
48 
4 
36 
17 
47 
49 
# clone tree 75 objective: 2.63335
0 41 16 18 
18 48 43 2 24 
24 47 21 35 7 
7 20 45 
45 9 15 
15 6 
22 42 28 38 
6 22 
38 33 19 
19 32 5 
35 39 
40 12 
5 40 
11 13 10 
12 11 
32 34 
39 36 23 26 
34 46 
2 1 
10 30 25 
46 27 14 
26 44 
1 8 
21 31 29 
28 
25 37 
37 4 
44 3 
9 
20 
43 
3 
29 
13 
31 
33 
23 
30 49 
14 
42 17 
16 
41 
27 
8 
48 
4 
36 
17 
47 
49 
# clone tree 76 objective: 2.63335
0 41 16 18 
18 48 43 2 24 
24 21 35 7 
7 20 45 
45 9 15 
15 6 
22 42 28 38 
6 22 
38 33 19 
19 32 5 
35 39 
40 12 
5 47 40 
11 13 10 
12 11 
32 34 
39 36 23 26 
34 46 
2 1 
10 30 25 
46 27 14 
26 44 
1 8 
21 31 29 
28 
25 49 37 
37 4 
44 3 
9 
20 
43 
3 
29 
13 
31 
33 
23 
30 
14 
42 17 
16 
41 
27 
8 
48 
4 
36 
17 
47 
49 
# clone tree 77 objective: 2.63335
0 49 41 18 
18 48 43 2 24 
24 21 35 7 
7 20 45 
45 9 15 
15 6 
22 42 28 38 
6 22 
38 33 19 
19 32 5 
35 39 
40 12 
5 16 40 
11 13 10 
12 11 
32 34 
39 36 23 26 
34 46 
2 1 
10 30 25 
46 27 14 
26 44 
1 8 
21 31 29 
28 
25 37 
37 4 
44 3 
9 
20 
43 
3 
29 
13 
31 
33 47 
23 
30 
14 
42 17 
16 
41 
27 
8 
48 
4 
36 
17 
47 
49 
# clone tree 78 objective: 2.63335
0 41 18 
18 48 43 2 24 
24 21 35 7 
7 20 45 
45 9 15 
15 6 
22 42 28 38 
6 22 
38 49 33 19 
19 32 5 
35 39 
40 12 
5 16 40 
11 13 10 
12 11 
32 34 
39 36 23 26 
34 46 
2 1 
10 30 25 
46 27 14 
26 44 
1 8 
21 31 29 
28 
25 37 
37 4 
44 3 
9 
20 
43 
3 
29 
13 
31 
33 47 
23 
30 
14 
42 17 
16 
41 
27 
8 
48 
4 
36 
17 
47 
49 
# clone tree 79 objective: 2.63335
0 49 47 41 16 18 
18 48 43 2 24 
24 21 35 7 
7 20 45 
45 9 15 
15 6 
22 42 28 38 
6 22 
38 33 19 
19 32 5 
35 39 
40 12 
5 40 
11 13 10 
12 11 
32 34 
39 36 23 26 
34 46 
2 1 
10 30 25 
46 27 14 
26 44 
1 8 
21 31 29 
28 
25 37 
37 4 
44 3 
9 
20 
43 
3 
29 
13 
31 
33 
23 
30 
14 
42 17 
16 
41 
27 
8 
48 
4 
36 
17 
47 
49 
# clone tree 80 objective: 2.63335
0 41 18 
18 48 43 2 24 
24 21 35 7 
7 20 45 
45 9 15 
15 6 
22 42 28 38 
6 22 
38 33 19 
19 32 5 
35 39 
40 12 
5 16 40 
11 13 10 
12 11 
32 34 
39 36 23 26 
34 46 
2 1 
10 30 25 
46 27 14 
26 44 
1 8 
21 31 29 
28 
25 49 37 
37 4 
44 3 
9 
20 
43 
3 
29 
13 
31 
33 47 
23 
30 
14 
42 17 
16 
41 
27 
8 
48 
4 
36 
17 
47 
49 
# clone tree 81 objective: 2.63335
0 41 18 
18 48 43 2 24 
24 21 35 7 
7 20 45 
45 9 15 
15 6 
22 42 28 38 
6 22 
38 33 19 
19 32 5 
35 39 
40 12 
5 16 40 
11 13 10 
12 11 
32 34 
39 36 23 26 
34 46 
2 1 
10 30 25 
46 27 14 
26 44 
1 8 
21 31 29 
28 
25 37 
37 4 
44 3 
9 49 
20 
43 
3 
29 
13 
31 
33 47 
23 
30 
14 
42 17 
16 
41 
27 
8 
48 
4 
36 
17 
47 
49 
# clone tree 82 objective: 2.63335
0 41 18 
18 48 43 2 24 
24 21 35 7 
7 20 45 
45 9 15 
15 6 
22 42 28 38 
6 22 
38 33 19 
19 32 5 
35 39 
40 12 
5 16 40 
11 13 10 
12 11 
32 34 
39 36 23 26 
34 46 
2 1 
10 30 25 
46 27 14 
26 44 
1 8 
21 31 29 
28 
25 37 
37 4 
44 3 
9 
20 
43 
3 
29 
13 
31 
33 47 
23 
30 
14 49 
42 17 
16 
41 
27 
8 
48 
4 
36 
17 
47 
49 
# clone tree 83 objective: 2.63335
0 41 18 
18 48 43 2 24 
24 21 35 7 
7 20 45 
45 9 15 
15 6 
22 42 28 38 
6 22 
38 33 19 
19 32 5 
35 39 
40 12 
5 16 40 
11 13 10 
12 11 
32 34 
39 36 23 26 
34 46 
2 1 
10 30 25 
46 27 14 
26 49 44 
1 8 
21 31 29 
28 
25 37 
37 4 
44 3 
9 
20 
43 
3 
29 
13 
31 
33 47 
23 
30 
14 
42 17 
16 
41 
27 
8 
48 
4 
36 
17 
47 
49 
# clone tree 84 objective: 2.63335
0 41 18 
18 48 43 2 24 
24 21 35 7 
7 20 45 
45 9 15 
15 6 
22 42 28 38 
6 22 
38 33 19 
19 32 5 
35 39 
40 12 
5 16 40 
11 13 10 
12 11 
32 34 
39 36 23 26 
34 46 
2 1 
10 30 25 
46 27 14 
26 44 
1 8 
21 31 29 
28 
25 37 
37 4 
44 3 
9 
20 
43 
3 49 
29 
13 
31 
33 47 
23 
30 
14 
42 17 
16 
41 
27 
8 
48 
4 
36 
17 
47 
49 
# clone tree 85 objective: 2.63335
0 41 18 
18 48 43 2 24 
24 21 35 7 
7 20 45 
45 9 15 
15 6 
22 42 28 38 
6 22 
38 33 19 
19 32 5 
35 39 
40 12 
5 16 40 
11 13 10 
12 11 
32 34 
39 36 23 26 
34 46 
2 1 
10 30 25 
46 27 14 
26 44 
1 8 
21 31 29 
28 
25 49 37 
37 4 
44 3 
9 
20 
43 
3 
29 47 
13 
31 
33 
23 
30 
14 
42 17 
16 
41 
27 
8 
48 
4 
36 
17 
47 
49 
# clone tree 86 objective: 2.63335
0 41 16 18 
18 48 43 2 24 
24 21 35 7 
7 20 45 
45 9 15 
15 6 
22 42 28 38 
6 22 
38 33 19 
19 32 5 
35 39 
40 12 
5 40 
11 13 10 
12 11 
32 34 
39 36 23 26 
34 46 
2 1 
10 30 25 
46 27 14 
26 44 
1 8 
21 31 29 
28 
25 37 
37 4 
44 3 
9 
20 47 
43 
3 
29 
13 
31 
33 
23 
30 
14 49 
42 17 
16 
41 
27 
8 
48 
4 
36 
17 
47 
49 
# clone tree 87 objective: 2.63335
0 41 16 18 
18 48 43 2 24 
24 21 35 7 
7 20 45 
45 9 15 
15 6 
22 42 28 38 
6 22 
38 33 19 
19 32 5 
35 39 
40 12 
5 40 
11 13 10 
12 11 
32 34 
39 36 23 26 
34 46 
2 1 
10 30 25 
46 27 14 
26 44 
1 8 
21 31 29 
28 
25 37 
37 4 
44 3 
9 
20 47 
43 
3 49 
29 
13 
31 
33 
23 
30 
14 
42 17 
16 
41 
27 
8 
48 
4 
36 
17 
47 
49 
# clone tree 88 objective: 2.63335
0 41 18 
18 48 43 2 24 
24 21 35 7 
7 20 45 
45 9 15 
15 6 
22 42 28 38 
6 22 
38 33 19 
19 32 5 
35 39 
40 12 
5 16 40 
11 13 10 
12 11 
32 34 
39 36 23 26 
34 46 
2 1 
10 30 25 
46 27 14 
26 44 
1 8 
21 31 29 
28 
25 37 
37 4 
44 3 
9 
20 
43 
3 
29 
13 
31 
33 47 
23 
30 
14 
42 17 
16 
41 49 
27 
8 
48 
4 
36 
17 
47 
49 
# clone tree 89 objective: 2.63335
0 41 16 18 
18 48 43 2 24 
24 21 35 7 
7 20 45 
45 9 15 
15 6 
22 42 28 38 
6 22 
38 33 19 
19 32 5 
35 39 
40 12 
5 40 
11 13 10 
12 11 
32 34 
39 36 23 26 
34 46 
2 1 
10 30 25 
46 27 14 
26 44 
1 8 
21 31 29 
28 
25 37 
37 4 
44 3 
9 49 
20 47 
43 
3 
29 
13 
31 
33 
23 
30 
14 
42 17 
16 
41 
27 
8 
48 
4 
36 
17 
47 
49 
# clone tree 90 objective: 2.63335
0 41 16 18 
18 48 43 2 24 
24 21 35 7 
7 20 45 
45 9 15 
15 6 
22 42 28 38 
6 22 
38 33 19 
19 32 5 
35 39 
40 12 
5 40 
11 13 10 
12 11 
32 34 
39 36 23 26 
34 46 
2 1 
10 30 25 
46 27 14 
26 44 
1 8 
21 31 29 
28 
25 37 
37 4 
44 3 
9 
20 47 
43 
3 
29 
13 
31 
33 
23 
30 49 
14 
42 17 
16 
41 
27 
8 
48 
4 
36 
17 
47 
49 
# clone tree 91 objective: 2.63335
0 41 18 
18 48 43 2 24 
24 21 35 7 
7 20 45 
45 9 15 
15 6 
22 42 28 38 
6 22 
38 33 19 
19 32 5 
35 39 
40 12 
5 16 40 
11 13 10 
12 11 
32 34 
39 36 23 26 
34 46 
2 1 
10 30 25 
46 27 14 
26 44 
1 8 
21 31 29 
28 
25 37 
37 4 
44 3 
9 
20 
43 
3 
29 
13 
31 
33 47 
23 
30 49 
14 
42 17 
16 
41 
27 
8 
48 
4 
36 
17 
47 
49 
# clone tree 92 objective: 2.63335
0 49 41 18 
18 48 43 2 24 
24 21 35 7 
7 20 45 
45 9 15 
15 6 
22 42 28 38 
6 22 
38 33 19 
19 32 5 
35 47 39 
40 12 
5 16 40 
11 13 10 
12 11 
32 34 
39 36 23 26 
34 46 
2 1 
10 30 25 
46 27 14 
26 44 
1 8 
21 31 29 
28 
25 37 
37 4 
44 3 
9 
20 
43 
3 
29 
13 
31 
33 
23 
30 
14 
42 17 
16 
41 
27 
8 
48 
4 
36 
17 
47 
49 
# clone tree 93 objective: 2.63335
0 41 18 
18 48 43 2 24 
24 21 35 7 
7 20 45 
45 9 15 
15 6 
22 42 28 38 
6 22 
38 49 33 19 
19 32 5 
35 47 39 
40 12 
5 16 40 
11 13 10 
12 11 
32 34 
39 36 23 26 
34 46 
2 1 
10 30 25 
46 27 14 
26 44 
1 8 
21 31 29 
28 
25 37 
37 4 
44 3 
9 
20 
43 
3 
29 
13 
31 
33 
23 
30 
14 
42 17 
16 
41 
27 
8 
48 
4 
36 
17 
47 
49 
# clone tree 94 objective: 2.63335
0 41 18 
18 48 43 2 24 
24 21 35 7 
7 20 45 
45 9 15 
15 6 
22 42 28 38 
6 22 
38 33 19 
19 32 5 
35 47 39 
40 12 
5 16 40 
11 13 10 
12 11 
32 34 
39 36 23 26 
34 46 
2 1 
10 30 25 
46 27 14 
26 44 
1 8 
21 31 29 
28 
25 49 37 
37 4 
44 3 
9 
20 
43 
3 
29 
13 
31 
33 
23 
30 
14 
42 17 
16 
41 
27 
8 
48 
4 
36 
17 
47 
49 
# clone tree 95 objective: 2.63335
0 41 16 18 
18 48 43 2 24 
24 21 35 7 
7 20 45 
45 9 15 
15 6 
22 42 28 38 
6 22 
38 33 19 
19 32 5 
35 39 
40 12 
5 40 
11 13 10 
12 11 
32 34 
39 36 23 26 
34 46 
2 1 
10 30 25 
46 27 14 
26 44 
1 8 
21 31 29 
28 
25 49 37 
37 4 
44 3 
9 
20 47 
43 
3 
29 
13 
31 
33 
23 
30 
14 
42 17 
16 
41 
27 
8 
48 
4 
36 
17 
47 
49 
# clone tree 96 objective: 2.63335
0 41 16 18 
18 48 43 2 24 
24 21 35 7 
7 20 45 
45 9 15 
15 6 
22 42 28 38 
6 22 
38 49 33 19 
19 32 5 
35 39 
40 12 
5 40 
11 13 10 
12 11 
32 34 
39 36 23 26 
34 46 
2 1 
10 30 25 
46 27 14 
26 44 
1 8 
21 31 29 
28 
25 37 
37 4 
44 3 
9 
20 47 
43 
3 
29 
13 
31 
33 
23 
30 
14 
42 17 
16 
41 
27 
8 
48 
4 
36 
17 
47 
49 
# clone tree 97 objective: 2.63335
0 41 18 
18 48 43 2 24 
24 21 35 7 
7 20 45 
45 9 15 
15 6 
22 42 28 38 
6 22 
38 33 19 
19 32 5 
35 47 39 
40 12 
5 16 40 
11 13 10 
12 11 
32 34 
39 36 23 26 
34 46 
2 1 
10 30 25 
46 27 14 
26 49 44 
1 8 
21 31 29 
28 
25 37 
37 4 
44 3 
9 
20 
43 
3 
29 
13 
31 
33 
23 
30 
14 
42 17 
16 
41 
27 
8 
48 
4 
36 
17 
47 
49 
# clone tree 98 objective: 2.63335
0 41 18 
18 48 43 2 24 
24 21 35 7 
7 20 45 
45 9 15 
15 6 
22 42 28 38 
6 22 
38 33 19 
19 32 5 
35 47 39 
40 12 
5 16 40 
11 13 10 
12 11 
32 34 
39 36 23 26 
34 46 
2 1 
10 30 25 
46 27 14 
26 44 
1 8 
21 31 29 
28 
25 37 
37 4 
44 3 
9 
20 
43 
3 49 
29 
13 
31 
33 
23 
30 
14 
42 17 
16 
41 
27 
8 
48 
4 
36 
17 
47 
49 
# clone tree 99 objective: 2.63335
0 41 18 
18 48 43 2 24 
24 21 35 7 
7 20 45 
45 9 15 
15 6 
22 42 28 38 
6 22 
38 33 19 
19 32 5 
35 47 39 
40 12 
5 16 40 
11 13 10 
12 11 
32 34 
39 36 23 26 
34 46 
2 1 
10 30 25 
46 27 14 
26 44 
1 8 
21 31 29 
28 
25 37 
37 4 
44 3 
9 49 
20 
43 
3 
29 
13 
31 
33 
23 
30 
14 
42 17 
16 
41 
27 
8 
48 
4 
36 
17 
47 
49 
