# clone tree 0 objective: 2.14003
0 18 45 40 
40 31 27 
27 37 6 10 
10 14 43 
43 13 34 25 
25 3 
6 9 2 1 
3 17 
15 20 7 
1 47 24 
17 15 
24 12 
12 23 
7 21 44 
23 32 
32 39 28 
20 22 35 
34 4 
14 42 33 
44 8 
4 16 
31 49 
45 36 48 
35 
28 
8 
16 29 
33 
22 19 
37 30 
18 
2 5 
13 41 
9 11 
19 
21 26 
39 46 
49 
47 
11 
48 
36 
46 
41 38 
29 
5 
38 
42 
26 
30 
# clone tree 1 objective: 2.14032
0 18 45 40 
40 31 27 
27 37 6 10 
10 14 43 
43 13 34 25 
25 3 
6 9 2 1 
3 17 
15 20 7 
1 24 
17 15 
24 12 
12 23 
7 21 44 
23 32 
32 39 28 
20 22 35 
34 4 
14 42 33 
44 8 
4 16 
31 49 
45 36 48 
35 
28 
8 
16 29 
33 
22 19 
37 30 
18 
2 47 
13 41 
9 11 
19 
21 5 
39 46 
49 
47 
11 
48 
36 
46 26 
41 38 
29 
5 
38 
42 
26 
30 
# clone tree 2 objective: 2.14032
0 18 45 40 
40 31 27 
27 37 6 10 
10 14 43 
43 13 34 25 
25 3 
6 9 2 1 
3 17 
15 20 7 
1 29 24 
17 15 
24 12 
12 23 
7 21 44 
23 32 
32 39 28 
20 22 35 
34 4 
14 42 33 
44 8 
4 16 
31 49 
45 36 48 
35 
28 
8 
16 
33 
22 19 
37 
18 
2 30 47 
13 41 
9 11 
19 
21 5 
39 46 
49 
47 
11 
48 
36 
46 26 
41 38 
29 
5 
38 
42 
26 
30 
# clone tree 3 objective: 2.14032
0 18 45 40 
40 31 27 
27 37 6 10 
10 14 43 
43 13 34 25 
25 3 
6 9 2 1 
3 17 
15 20 7 
1 29 24 
17 15 
24 12 
12 23 
7 21 44 
23 32 
32 39 28 
20 22 35 
34 4 
14 42 33 
44 8 
4 16 
31 49 
45 36 48 
35 
28 
8 
16 
33 
22 19 
37 30 
18 
2 47 
13 41 
9 11 
19 
21 5 
39 46 
49 
47 
11 
48 
36 
46 26 
41 38 
29 
5 
38 
42 
26 
30 
# clone tree 4 objective: 2.14032
0 18 45 40 
40 31 27 
27 37 6 10 
10 14 43 
43 13 34 25 
25 3 
6 9 2 1 
3 17 
15 20 7 
1 24 
17 15 
24 12 
12 23 
7 21 44 
23 32 
32 39 28 
20 22 35 
34 4 
14 42 33 
44 8 
4 16 
31 49 
45 36 48 
35 
28 
8 
16 29 
33 
22 19 
37 
18 
2 30 47 
13 41 
9 11 
19 
21 5 
39 46 
49 
47 
11 
48 
36 
46 26 
41 38 
29 
5 
38 
42 
26 
30 
# clone tree 5 objective: 2.14057
0 18 45 40 
40 31 27 
27 37 6 10 
10 14 43 
43 13 34 25 
25 3 
6 9 2 1 
3 17 
15 20 7 
1 47 24 
17 15 
24 12 
12 23 
7 21 44 
23 32 
32 39 28 
20 22 35 
34 4 
14 42 33 
44 8 
4 16 
31 49 
45 36 48 
35 
28 
8 
16 29 
33 
22 19 
37 
18 
2 30 
13 41 
9 11 
19 
21 5 
39 46 
49 
47 
11 
48 
36 
46 26 
41 38 
29 
5 
38 
42 
26 
30 
# clone tree 6 objective: 2.14057
0 18 45 40 
40 31 27 
27 37 6 10 
10 14 43 
43 13 34 25 
25 3 
6 9 2 1 
3 17 
15 20 7 
1 47 24 
17 15 
24 12 
12 23 
7 21 44 
23 32 
32 39 28 
20 22 35 
34 4 
14 42 33 
44 8 
4 16 
31 49 
45 36 48 
35 
28 
8 
16 29 
33 
22 19 
37 30 
18 
2 5 
13 41 
9 11 
19 
21 
39 46 
49 
47 
11 
48 
36 
46 26 
41 38 
29 
5 
38 
42 
26 
30 
# clone tree 7 objective: 2.14057
0 18 45 40 
40 31 27 
27 37 6 10 
10 14 43 
43 13 34 25 
25 3 
6 9 2 1 
3 17 
15 20 7 
1 47 24 
17 15 
24 12 
12 23 
7 21 44 
23 32 
32 39 28 
20 22 35 
34 4 
14 42 33 
44 8 
4 16 
31 49 
45 36 48 
35 
28 
8 
16 29 
33 
22 19 
37 30 
18 
2 
13 41 
9 11 
19 
21 5 
39 46 
49 
47 
11 
48 
36 
46 26 
41 38 
29 
5 
38 
42 
26 
30 
# clone tree 8 objective: 2.14069
0 18 45 40 
40 31 27 
27 37 6 10 
10 14 43 
43 13 34 25 
25 3 
6 9 2 1 
3 17 
15 20 7 
1 47 24 
17 15 
24 12 
12 23 
7 21 44 
23 32 
32 39 28 
20 22 35 
34 4 
14 42 33 
44 8 
4 16 
31 49 
45 36 48 
35 
28 
8 
16 29 
33 
22 19 
37 
18 
2 5 
13 41 
9 11 
19 
21 26 
39 46 
49 30 
47 
11 
48 
36 
46 
41 38 
29 
5 
38 
42 
26 
30 
# clone tree 9 objective: 2.14098
0 18 45 40 
40 31 27 
27 37 6 10 
10 14 43 
43 13 34 25 
25 3 
6 9 2 1 
3 17 
15 20 7 
1 29 24 
17 15 
24 12 
12 23 
7 21 44 
23 32 
32 39 28 
20 22 35 
34 4 
14 42 33 
44 8 
4 16 
31 49 
45 36 48 
35 
28 
8 
16 
33 
22 19 
37 
18 
2 47 
13 41 
9 11 
19 
21 5 
39 46 
49 30 
47 
11 
48 
36 
46 26 
41 38 
29 
5 
38 
42 
26 
30 
