# clone tree 0 objective: 2.65336
0 25 9 
31 29 27 
9 31 
27 26 
26 6 21 43 
43 1 
1 8 40 
40 7 
7 28 41 10 
10 33 47 45 
45 46 2 5 4 
41 37 
37 36 13 
13 3 16 
4 32 15 
5 14 20 
20 22 
16 12 
15 23 
22 11 
3 39 
23 42 
28 38 
39 17 
42 19 
47 30 
29 48 
19 18 
32 35 
30 49 
33 
35 
17 44 
36 34 
12 24 
18 
14 
48 
38 
24 
25 
2 
11 
44 
49 
21 
8 
34 
46 
6 
# clone tree 1 objective: 2.65336
0 25 9 
31 29 27 
9 31 
27 26 
26 21 43 
43 1 
1 8 40 
40 7 
7 28 41 10 
10 33 47 45 
45 46 2 5 4 
41 49 37 
37 36 13 
13 3 16 
4 32 15 
5 14 20 
20 22 
16 12 
15 23 
22 11 
3 39 
23 42 
28 38 
39 17 
42 19 
47 30 
29 48 
19 18 
32 35 
30 
33 
35 
17 44 
36 34 
12 24 
18 
14 
48 
38 
24 6 
25 
2 
11 
44 
49 
21 
8 
34 
46 
6 
# clone tree 2 objective: 2.65336
0 25 9 
31 29 27 
9 31 
27 26 
26 21 43 
43 1 
1 8 40 
40 7 
7 28 41 10 
10 33 47 45 
45 46 2 5 4 
41 37 
37 36 13 
13 3 16 
4 32 15 
5 14 20 
20 22 
16 12 
15 23 
22 11 
3 39 
23 42 
28 38 
39 17 
42 19 
47 30 
29 48 
19 18 
32 35 
30 49 
33 
35 
17 44 
36 34 
12 24 
18 
14 
48 
38 
24 6 
25 
2 
11 
44 
49 
21 
8 
34 
46 
6 
# clone tree 3 objective: 2.65336
0 49 25 9 
31 29 27 
9 31 
27 26 
26 6 21 43 
43 1 
1 8 40 
40 7 
7 28 41 10 
10 33 47 45 
45 46 2 5 4 
41 37 
37 36 13 
13 3 16 
4 32 15 
5 14 20 
20 22 
16 12 
15 23 
22 11 
3 39 
23 42 
28 38 
39 17 
42 19 
47 30 
29 48 
19 18 
32 35 
30 
33 
35 
17 44 
36 34 
12 24 
18 
14 
48 
38 
24 
25 
2 
11 
44 
49 
21 
8 
34 
46 
6 
# clone tree 4 objective: 2.65336
0 49 25 9 
31 29 27 
9 31 
27 26 
26 21 43 
43 1 
1 8 40 
40 7 
7 28 41 10 
10 33 47 45 
45 46 2 5 4 
41 37 
37 36 13 
13 3 16 
4 32 15 
5 14 20 
20 22 
16 12 
15 23 
22 11 
3 39 
23 42 
28 38 
39 17 
42 19 
47 30 
29 48 
19 18 
32 35 
30 
33 
35 
17 44 
36 34 
12 24 
18 
14 
48 
38 
24 6 
25 
2 
11 
44 
49 
21 
8 
34 
46 
6 
# clone tree 5 objective: 2.65336
0 25 9 
31 29 27 
9 31 
27 26 
26 6 21 43 
43 1 
1 8 40 
40 7 
7 28 41 10 
10 33 47 45 
45 46 2 5 4 
41 49 37 
37 36 13 
13 3 16 
4 32 15 
5 14 20 
20 22 
16 12 
15 23 
22 11 
3 39 
23 42 
28 38 
39 17 
42 19 
47 30 
29 48 
19 18 
32 35 
30 
33 
35 
17 44 
36 34 
12 24 
18 
14 
48 
38 
24 
25 
2 
11 
44 
49 
21 
8 
34 
46 
6 
# clone tree 6 objective: 2.65553
0 49 25 9 
31 29 27 
9 31 
27 26 
26 21 43 
43 1 
1 8 40 
40 7 
7 28 41 10 
10 33 47 45 
45 46 2 5 4 
41 37 
37 36 13 
13 3 16 
4 32 15 
5 14 20 
20 22 
16 12 
15 23 
22 11 
3 6 39 
23 42 
28 38 
39 17 
42 19 
47 30 
29 48 
19 18 
32 35 
30 
33 
35 
17 44 
36 34 
12 24 
18 
14 
48 
38 
24 
25 
2 
11 
44 
49 
21 
8 
34 
46 
6 
# clone tree 7 objective: 2.65553
0 25 9 
31 29 27 
9 31 
27 26 
26 21 43 
43 1 
1 8 40 
40 7 
7 28 41 10 
10 33 47 45 
45 46 2 5 4 
41 49 37 
37 36 13 
13 3 16 
4 32 15 
5 14 20 
20 22 
16 12 
15 23 
22 11 
3 6 39 
23 42 
28 38 
39 17 
42 19 
47 30 
29 48 
19 18 
32 35 
30 
33 
35 
17 44 
36 34 
12 24 
18 
14 
48 
38 
24 
25 
2 
11 
44 
49 
21 
8 
34 
46 
6 
# clone tree 8 objective: 2.65553
0 25 9 
31 29 27 
9 31 
27 26 
26 21 43 
43 1 
1 8 40 
40 7 
7 28 41 10 
10 33 47 45 
45 46 2 5 4 
41 37 
37 36 13 
13 3 16 
4 32 15 
5 14 20 
20 22 
16 12 
15 23 
22 11 
3 6 39 
23 42 
28 38 
39 17 
42 19 
47 30 
29 48 
19 18 
32 35 
30 49 
33 
35 
17 44 
36 34 
12 24 
18 
14 
48 
38 
24 
25 
2 
11 
44 
49 
21 
8 
34 
46 
6 
# clone tree 9 objective: 2.65602
0 25 9 
31 29 27 
9 31 
27 26 
26 6 21 43 
43 1 
1 8 40 
40 7 
7 46 28 41 10 
10 33 47 45 
45 2 5 4 
41 49 37 
37 36 13 
13 3 16 
4 32 15 
5 14 20 
20 22 
16 12 
15 23 
22 11 
3 39 
23 42 
28 38 
39 17 
42 19 
47 30 
29 48 
19 18 
32 35 
30 
33 
35 
17 44 
36 34 
12 24 
18 
14 
48 
38 
24 
25 
2 
11 
44 
49 
21 
8 
34 
46 
6 
