# clone tree 0 objective: 1.95224
0 24 46 1 
1 19 
19 34 26 8 
8 21 40 3 
3 39 9 
35 15 23 
9 35 
23 14 29 
46 27 41 16 
16 37 4 
29 31 
31 44 
44 28 
4 48 38 
38 20 6 
28 47 7 
14 45 25 
6 30 36 
7 11 
11 5 
26 18 32 
25 10 42 
39 33 49 
36 43 
34 13 
5 17 
24 22 
48 
13 
42 12 
22 
41 
47 2 
32 
27 
49 
20 
37 
33 
40 
12 
43 
18 
10 
17 
2 
30 
21 
45 
15 
# clone tree 1 objective: 1.95244
0 24 46 1 
1 43 19 
19 34 26 8 
8 21 40 3 
3 39 9 
35 15 23 
9 35 
23 14 29 
46 27 41 16 
16 37 4 
29 31 
31 44 
44 28 
4 48 38 
38 20 6 
28 47 7 
14 45 25 
6 30 36 
7 11 
11 5 
26 18 32 
25 10 42 
39 49 
36 33 
34 13 
5 17 
24 22 
48 
13 
42 12 
22 
41 
47 2 
32 
27 
49 
20 
37 
33 
40 
12 
43 
18 
10 
17 
2 
30 
21 
45 
15 
# clone tree 2 objective: 1.95244
0 24 46 1 
1 43 19 
19 34 26 8 
8 21 40 3 
3 39 9 
35 23 
9 35 
23 14 29 
46 27 41 16 
16 37 4 
29 31 
31 44 
44 28 
4 48 38 
38 20 6 
28 47 7 
14 45 25 
6 30 36 
7 11 
11 5 
26 18 32 
25 10 42 
39 49 
36 15 33 
34 13 
5 17 
24 22 
48 
13 
42 12 
22 
41 
47 2 
32 
27 
49 
20 
37 
33 
40 
12 
43 
18 
10 
17 
2 
30 
21 
45 
15 
# clone tree 3 objective: 1.95281
0 24 46 1 
1 19 
19 34 26 8 
8 21 40 3 
3 39 9 
35 15 23 
9 35 
23 14 29 
46 27 41 16 
16 37 4 
29 31 
31 44 
44 45 28 
4 48 38 
38 20 6 
28 47 7 
14 25 
6 30 36 
7 11 
11 5 
26 18 32 
25 10 42 
39 33 49 
36 43 
34 13 
5 17 
24 22 
48 
13 
42 12 
22 
41 
47 2 
32 
27 
49 
20 
37 
33 
40 
12 
43 
18 
10 
17 
2 
30 
21 
45 
15 
# clone tree 4 objective: 1.95301
0 24 46 1 
1 43 19 
19 34 26 8 
8 21 40 3 
3 39 9 
35 15 23 
9 35 
23 14 29 
46 27 41 16 
16 37 4 
29 31 
31 44 
44 45 28 
4 48 38 
38 20 6 
28 47 7 
14 25 
6 30 36 
7 11 
11 5 
26 18 32 
25 10 42 
39 49 
36 33 
34 13 
5 17 
24 22 
48 
13 
42 12 
22 
41 
47 2 
32 
27 
49 
20 
37 
33 
40 
12 
43 
18 
10 
17 
2 
30 
21 
45 
15 
# clone tree 5 objective: 1.95301
0 24 46 1 
1 43 19 
19 34 26 8 
8 21 40 3 
3 39 9 
35 23 
9 35 
23 14 29 
46 27 41 16 
16 37 4 
29 31 
31 44 
44 45 28 
4 48 38 
38 20 6 
28 47 7 
14 25 
6 30 36 
7 11 
11 5 
26 18 32 
25 10 42 
39 49 
36 15 33 
34 13 
5 17 
24 22 
48 
13 
42 12 
22 
41 
47 2 
32 
27 
49 
20 
37 
33 
40 
12 
43 
18 
10 
17 
2 
30 
21 
45 
15 
# clone tree 6 objective: 1.95394
0 24 46 1 
1 19 
19 34 26 8 
8 21 40 3 
3 39 9 
35 15 23 
9 35 
23 14 29 
46 27 41 16 
16 37 4 
29 31 
31 44 
44 28 
4 48 38 
38 20 6 
28 47 7 
14 25 
6 30 36 
7 11 
11 5 
26 18 32 
25 10 42 
39 33 49 
36 43 
34 13 
5 45 17 
24 22 
48 
13 
42 12 
22 
41 
47 2 
32 
27 
49 
20 
37 
33 
40 
12 
43 
18 
10 
17 
2 
30 
21 
45 
15 
# clone tree 7 objective: 1.95414
0 24 46 1 
1 43 19 
19 34 26 8 
8 21 40 3 
3 39 9 
35 15 23 
9 35 
23 14 29 
46 27 41 16 
16 37 4 
29 31 
31 44 
44 28 
4 48 38 
38 20 6 
28 47 7 
14 25 
6 30 36 
7 11 
11 5 
26 18 32 
25 10 42 
39 49 
36 33 
34 13 
5 45 17 
24 22 
48 
13 
42 12 
22 
41 
47 2 
32 
27 
49 
20 
37 
33 
40 
12 
43 
18 
10 
17 
2 
30 
21 
45 
15 
# clone tree 8 objective: 1.95414
0 24 46 1 
1 43 19 
19 34 26 8 
8 21 40 3 
3 39 9 
35 23 
9 35 
23 14 29 
46 27 41 16 
16 37 4 
29 31 
31 44 
44 28 
4 48 38 
38 20 6 
28 47 7 
14 25 
6 30 36 
7 11 
11 5 
26 18 32 
25 10 42 
39 49 
36 15 33 
34 13 
5 45 17 
24 22 
48 
13 
42 12 
22 
41 
47 2 
32 
27 
49 
20 
37 
33 
40 
12 
43 
18 
10 
17 
2 
30 
21 
45 
15 
# clone tree 9 objective: 1.95436
0 24 46 1 
1 19 
19 34 26 8 
8 21 40 3 
3 39 9 
35 15 23 
9 35 
23 14 29 
46 27 41 16 
16 37 4 
29 31 
31 44 
44 28 
4 48 38 
38 20 6 
28 47 7 
14 45 25 
6 30 36 
7 11 
11 5 
26 18 32 
25 10 42 
39 33 49 
36 43 
34 13 
5 17 
24 22 
48 
13 
42 12 
22 
41 
47 
32 
27 
49 
20 
37 
33 
40 
12 
43 
18 
10 2 
17 
2 
30 
21 
45 
15 
# clone tree 10 objective: 1.95447
0 24 46 1 
1 19 
19 34 26 8 
8 21 40 3 
3 39 9 
35 15 23 
9 35 
23 14 29 
46 27 41 16 
16 37 4 
29 31 
31 44 
44 28 
4 48 38 
38 20 6 
28 47 7 
14 45 25 
6 30 36 
7 11 
11 5 
26 18 32 
25 2 42 
39 33 49 
36 43 
34 13 
5 17 
24 22 
48 
13 
42 12 
22 
41 
47 10 
32 
27 
49 
20 
37 
33 
40 
12 
43 
18 
10 
17 
2 
30 
21 
45 
15 
# clone tree 11 objective: 1.95456
0 24 46 1 
1 43 19 
19 34 26 8 
8 21 40 3 
3 39 9 
35 15 23 
9 35 
23 14 29 
46 27 41 16 
16 37 4 
29 31 
31 44 
44 28 
4 48 38 
38 20 6 
28 47 7 
14 45 25 
6 30 36 
7 11 
11 5 
26 18 32 
25 10 42 
39 49 
36 33 
34 13 
5 17 
24 22 
48 
13 
42 12 
22 
41 
47 
32 
27 
49 
20 
37 
33 
40 
12 
43 
18 
10 2 
17 
2 
30 
21 
45 
15 
# clone tree 12 objective: 1.95456
0 24 46 1 
1 43 19 
19 34 26 8 
8 21 40 3 
3 39 9 
35 23 
9 35 
23 14 29 
46 27 41 16 
16 37 4 
29 31 
31 44 
44 28 
4 48 38 
38 20 6 
28 47 7 
14 45 25 
6 30 36 
7 11 
11 5 
26 18 32 
25 10 42 
39 49 
36 15 33 
34 13 
5 17 
24 22 
48 
13 
42 12 
22 
41 
47 
32 
27 
49 
20 
37 
33 
40 
12 
43 
18 
10 2 
17 
2 
30 
21 
45 
15 
# clone tree 13 objective: 1.95466
0 24 46 1 
1 21 19 
19 34 26 8 
8 40 3 
3 39 9 
35 15 23 
9 35 
23 14 29 
46 27 41 16 
16 37 4 
29 31 
31 44 
44 28 
4 48 38 
38 20 6 
28 47 7 
14 45 25 
6 30 36 
7 11 
11 5 
26 18 32 
25 10 42 
39 33 49 
36 43 
34 13 
5 17 
24 22 
48 
13 
42 12 
22 
41 
47 2 
32 
27 
49 
20 
37 
33 
40 
12 
43 
18 
10 
17 
2 
30 
21 
45 
15 
# clone tree 14 objective: 1.95467
0 24 46 1 
1 43 19 
19 34 26 8 
8 21 40 3 
3 39 9 
35 23 
9 35 
23 14 29 
46 27 41 16 
16 37 4 
29 31 
31 44 
44 28 
4 48 38 
38 20 6 
28 47 7 
14 45 25 
6 30 36 
7 11 
11 5 
26 18 32 
25 2 42 
39 49 
36 15 33 
34 13 
5 17 
24 22 
48 
13 
42 12 
22 
41 
47 10 
32 
27 
49 
20 
37 
33 
40 
12 
43 
18 
10 
17 
2 
30 
21 
45 
15 
# clone tree 15 objective: 1.95467
0 24 46 1 
1 43 19 
19 34 26 8 
8 21 40 3 
3 39 9 
35 15 23 
9 35 
23 14 29 
46 27 41 16 
16 37 4 
29 31 
31 44 
44 28 
4 48 38 
38 20 6 
28 47 7 
14 45 25 
6 30 36 
7 11 
11 5 
26 18 32 
25 2 42 
39 49 
36 33 
34 13 
5 17 
24 22 
48 
13 
42 12 
22 
41 
47 10 
32 
27 
49 
20 
37 
33 
40 
12 
43 
18 
10 
17 
2 
30 
21 
45 
15 
# clone tree 16 objective: 1.95486
0 24 46 1 
1 21 43 19 
19 34 26 8 
8 40 3 
3 39 9 
35 15 23 
9 35 
23 14 29 
46 27 41 16 
16 37 4 
29 31 
31 44 
44 28 
4 48 38 
38 20 6 
28 47 7 
14 45 25 
6 30 36 
7 11 
11 5 
26 18 32 
25 10 42 
39 49 
36 33 
34 13 
5 17 
24 22 
48 
13 
42 12 
22 
41 
47 2 
32 
27 
49 
20 
37 
33 
40 
12 
43 
18 
10 
17 
2 
30 
21 
45 
15 
# clone tree 17 objective: 1.95486
0 24 46 1 
1 21 43 19 
19 34 26 8 
8 40 3 
3 39 9 
35 23 
9 35 
23 14 29 
46 27 41 16 
16 37 4 
29 31 
31 44 
44 28 
4 48 38 
38 20 6 
28 47 7 
14 45 25 
6 30 36 
7 11 
11 5 
26 18 32 
25 10 42 
39 49 
36 15 33 
34 13 
5 17 
24 22 
48 
13 
42 12 
22 
41 
47 2 
32 
27 
49 
20 
37 
33 
40 
12 
43 
18 
10 
17 
2 
30 
21 
45 
15 
# clone tree 18 objective: 1.95493
0 24 46 1 
1 19 
19 34 26 8 
8 21 40 3 
3 39 9 
35 15 23 
9 35 
23 14 29 
46 27 41 16 
16 37 4 
29 31 
31 44 
44 45 28 
4 48 38 
38 20 6 
28 47 7 
14 25 
6 30 36 
7 11 
11 5 
26 18 32 
25 10 42 
39 33 49 
36 43 
34 13 
5 17 
24 22 
48 
13 
42 12 
22 
41 
47 
32 
27 
49 
20 
37 
33 
40 
12 
43 
18 
10 2 
17 
2 
30 
21 
45 
15 
# clone tree 19 objective: 1.95497
0 24 46 1 
1 19 
19 15 34 26 8 
8 21 40 3 
3 39 9 
35 23 
9 35 
23 14 29 
46 27 41 16 
16 37 4 
29 31 
31 44 
44 28 
4 48 38 
38 20 6 
28 47 7 
14 45 25 
6 30 36 
7 11 
11 5 
26 18 32 
25 10 42 
39 33 49 
36 43 
34 13 
5 17 
24 22 
48 
13 
42 12 
22 
41 
47 2 
32 
27 
49 
20 
37 
33 
40 
12 
43 
18 
10 
17 
2 
30 
21 
45 
15 
# clone tree 20 objective: 1.95504
0 24 46 1 
1 19 
19 34 26 8 
8 21 40 3 
3 39 9 
35 15 23 
9 35 
23 14 29 
46 27 41 16 
16 37 4 
29 31 
31 44 
44 45 28 
4 48 38 
38 20 6 
28 47 7 
14 25 
6 30 36 
7 11 
11 5 
26 18 32 
25 2 42 
39 33 49 
36 43 
34 13 
5 17 
24 22 
48 
13 
42 12 
22 
41 
47 10 
32 
27 
49 
20 
37 
33 
40 
12 
43 
18 
10 
17 
2 
30 
21 
45 
15 
# clone tree 21 objective: 1.95513
0 24 46 1 
1 43 19 
19 34 26 8 
8 21 40 3 
3 39 9 
35 23 
9 35 
23 14 29 
46 27 41 16 
16 37 4 
29 31 
31 44 
44 45 28 
4 48 38 
38 20 6 
28 47 7 
14 25 
6 30 36 
7 11 
11 5 
26 18 32 
25 10 42 
39 49 
36 15 33 
34 13 
5 17 
24 22 
48 
13 
42 12 
22 
41 
47 
32 
27 
49 
20 
37 
33 
40 
12 
43 
18 
10 2 
17 
2 
30 
21 
45 
15 
# clone tree 22 objective: 1.95513
0 24 46 1 
1 43 19 
19 34 26 8 
8 21 40 3 
3 39 9 
35 15 23 
9 35 
23 14 29 
46 27 41 16 
16 37 4 
29 31 
31 44 
44 45 28 
4 48 38 
38 20 6 
28 47 7 
14 25 
6 30 36 
7 11 
11 5 
26 18 32 
25 10 42 
39 49 
36 33 
34 13 
5 17 
24 22 
48 
13 
42 12 
22 
41 
47 
32 
27 
49 
20 
37 
33 
40 
12 
43 
18 
10 2 
17 
2 
30 
21 
45 
15 
# clone tree 23 objective: 1.95517
0 24 46 1 
1 43 19 
19 15 34 26 8 
8 21 40 3 
3 39 9 
35 23 
9 35 
23 14 29 
46 27 41 16 
16 37 4 
29 31 
31 44 
44 28 
4 48 38 
38 20 6 
28 47 7 
14 45 25 
6 30 36 
7 11 
11 5 
26 18 32 
25 10 42 
39 49 
36 33 
34 13 
5 17 
24 22 
48 
13 
42 12 
22 
41 
47 2 
32 
27 
49 
20 
37 
33 
40 
12 
43 
18 
10 
17 
2 
30 
21 
45 
15 
# clone tree 24 objective: 1.95523
0 24 46 1 
1 21 19 
19 34 26 8 
8 40 3 
3 39 9 
35 15 23 
9 35 
23 14 29 
46 27 41 16 
16 37 4 
29 31 
31 44 
44 45 28 
4 48 38 
38 20 6 
28 47 7 
14 25 
6 30 36 
7 11 
11 5 
26 18 32 
25 10 42 
39 33 49 
36 43 
34 13 
5 17 
24 22 
48 
13 
42 12 
22 
41 
47 2 
32 
27 
49 
20 
37 
33 
40 
12 
43 
18 
10 
17 
2 
30 
21 
45 
15 
# clone tree 25 objective: 1.95524
0 24 46 1 
1 43 19 
19 34 26 8 
8 21 40 3 
3 39 9 
35 23 
9 35 
23 14 29 
46 27 41 16 
16 37 4 
29 31 
31 44 
44 45 28 
4 48 38 
38 20 6 
28 47 7 
14 25 
6 30 36 
7 11 
11 5 
26 18 32 
25 2 42 
39 49 
36 15 33 
34 13 
5 17 
24 22 
48 
13 
42 12 
22 
41 
47 10 
32 
27 
49 
20 
37 
33 
40 
12 
43 
18 
10 
17 
2 
30 
21 
45 
15 
# clone tree 26 objective: 1.95524
0 24 46 1 
1 43 19 
19 34 26 8 
8 21 40 3 
3 39 9 
35 15 23 
9 35 
23 14 29 
46 27 41 16 
16 37 4 
29 31 
31 44 
44 45 28 
4 48 38 
38 20 6 
28 47 7 
14 25 
6 30 36 
7 11 
11 5 
26 18 32 
25 2 42 
39 49 
36 33 
34 13 
5 17 
24 22 
48 
13 
42 12 
22 
41 
47 10 
32 
27 
49 
20 
37 
33 
40 
12 
43 
18 
10 
17 
2 
30 
21 
45 
15 
# clone tree 27 objective: 1.95542
0 24 46 1 
1 19 
19 34 26 8 
8 21 40 3 
3 39 9 
35 23 
9 35 
23 14 29 
46 27 41 16 
16 37 4 
29 15 31 
31 44 
44 28 
4 48 38 
38 20 6 
28 47 7 
14 45 25 
6 30 36 
7 11 
11 5 
26 18 32 
25 10 42 
39 33 49 
36 43 
34 13 
5 17 
24 22 
48 
13 
42 12 
22 
41 
47 2 
32 
27 
49 
20 
37 
33 
40 
12 
43 
18 
10 
17 
2 
30 
21 
45 
15 
# clone tree 28 objective: 1.95543
0 24 46 1 
1 21 43 19 
19 34 26 8 
8 40 3 
3 39 9 
35 15 23 
9 35 
23 14 29 
46 27 41 16 
16 37 4 
29 31 
31 44 
44 45 28 
4 48 38 
38 20 6 
28 47 7 
14 25 
6 30 36 
7 11 
11 5 
26 18 32 
25 10 42 
39 49 
36 33 
34 13 
5 17 
24 22 
48 
13 
42 12 
22 
41 
47 2 
32 
27 
49 
20 
37 
33 
40 
12 
43 
18 
10 
17 
2 
30 
21 
45 
15 
# clone tree 29 objective: 1.95543
0 24 46 1 
1 21 43 19 
19 34 26 8 
8 40 3 
3 39 9 
35 23 
9 35 
23 14 29 
46 27 41 16 
16 37 4 
29 31 
31 44 
44 45 28 
4 48 38 
38 20 6 
28 47 7 
14 25 
6 30 36 
7 11 
11 5 
26 18 32 
25 10 42 
39 49 
36 15 33 
34 13 
5 17 
24 22 
48 
13 
42 12 
22 
41 
47 2 
32 
27 
49 
20 
37 
33 
40 
12 
43 
18 
10 
17 
2 
30 
21 
45 
15 
# clone tree 30 objective: 1.95551
0 24 46 1 
1 19 
19 30 34 26 8 
8 40 49 3 
3 39 9 
35 15 23 
9 35 
23 14 29 
46 27 41 16 
16 37 4 
29 31 
31 44 
44 28 
4 48 38 
38 20 6 
28 47 7 
14 45 25 
6 21 36 
7 11 
11 5 
26 18 32 
25 10 42 
39 33 
36 43 
34 13 
5 17 
24 22 
48 
13 
42 12 
22 
41 
47 2 
32 
27 
49 
20 
37 
33 
40 
12 
43 
18 
10 
17 
2 
30 
21 
45 
15 
# clone tree 31 objective: 1.95554
0 24 46 1 
1 19 
19 15 34 26 8 
8 21 40 3 
3 39 9 
35 23 
9 35 
23 14 29 
46 27 41 16 
16 37 4 
29 31 
31 44 
44 45 28 
4 48 38 
38 20 6 
28 47 7 
14 25 
6 30 36 
7 11 
11 5 
26 18 32 
25 10 42 
39 33 49 
36 43 
34 13 
5 17 
24 22 
48 
13 
42 12 
22 
41 
47 2 
32 
27 
49 
20 
37 
33 
40 
12 
43 
18 
10 
17 
2 
30 
21 
45 
15 
# clone tree 32 objective: 1.95562
0 24 46 1 
1 43 19 
19 34 26 8 
8 21 40 3 
3 39 9 
35 23 
9 35 
23 14 29 
46 27 41 16 
16 37 4 
29 15 31 
31 44 
44 28 
4 48 38 
38 20 6 
28 47 7 
14 45 25 
6 30 36 
7 11 
11 5 
26 18 32 
25 10 42 
39 49 
36 33 
34 13 
5 17 
24 22 
48 
13 
42 12 
22 
41 
47 2 
32 
27 
49 
20 
37 
33 
40 
12 
43 
18 
10 
17 
2 
30 
21 
45 
15 
# clone tree 33 objective: 1.95574
0 24 46 1 
1 43 19 
19 15 34 26 8 
8 21 40 3 
3 39 9 
35 23 
9 35 
23 14 29 
46 27 41 16 
16 37 4 
29 31 
31 44 
44 45 28 
4 48 38 
38 20 6 
28 47 7 
14 25 
6 30 36 
7 11 
11 5 
26 18 32 
25 10 42 
39 49 
36 33 
34 13 
5 17 
24 22 
48 
13 
42 12 
22 
41 
47 2 
32 
27 
49 
20 
37 
33 
40 
12 
43 
18 
10 
17 
2 
30 
21 
45 
15 
# clone tree 34 objective: 1.95578
0 24 46 1 
1 19 
19 34 26 8 
8 21 40 3 
3 39 9 
35 15 23 
9 35 
23 14 29 
46 27 41 16 
16 37 4 
29 31 
31 44 
44 28 
4 48 38 
38 10 20 6 
28 47 7 
14 45 25 
6 30 36 
7 11 
11 5 
26 18 32 
25 2 42 
39 33 49 
36 43 
34 13 
5 17 
24 22 
48 
13 
42 12 
22 
41 
47 
32 
27 
49 
20 
37 
33 
40 
12 
43 
18 
10 
17 
2 
30 
21 
45 
15 
# clone tree 35 objective: 1.9559
0 24 46 1 
1 43 19 
19 30 34 26 8 
8 40 3 
3 39 9 
35 15 23 
9 35 
23 14 29 
46 27 41 16 
16 37 4 
29 31 
31 44 
44 28 
4 48 38 
38 20 6 
28 47 7 
14 45 25 
6 21 36 
7 11 
11 5 
26 18 32 
25 10 42 
39 49 
36 33 
34 13 
5 17 
24 22 
48 
13 
42 12 
22 
41 
47 2 
32 
27 
49 
20 
37 
33 
40 
12 
43 
18 
10 
17 
2 
30 
21 
45 
15 
# clone tree 36 objective: 1.9559
0 24 46 1 
1 43 19 
19 30 34 26 8 
8 40 3 
3 39 9 
35 23 
9 35 
23 14 29 
46 27 41 16 
16 37 4 
29 31 
31 44 
44 28 
4 48 38 
38 20 6 
28 47 7 
14 45 25 
6 21 36 
7 11 
11 5 
26 18 32 
25 10 42 
39 49 
36 15 33 
34 13 
5 17 
24 22 
48 
13 
42 12 
22 
41 
47 2 
32 
27 
49 
20 
37 
33 
40 
12 
43 
18 
10 
17 
2 
30 
21 
45 
15 
# clone tree 37 objective: 1.95598
0 24 46 1 
1 43 19 
19 34 26 8 
8 21 40 3 
3 39 9 
35 15 23 
9 35 
23 14 29 
46 27 41 16 
16 37 4 
29 31 
31 44 
44 28 
4 48 38 
38 10 20 6 
28 47 7 
14 45 25 
6 30 36 
7 11 
11 5 
26 18 32 
25 2 42 
39 49 
36 33 
34 13 
5 17 
24 22 
48 
13 
42 12 
22 
41 
47 
32 
27 
49 
20 
37 
33 
40 
12 
43 
18 
10 
17 
2 
30 
21 
45 
15 
# clone tree 38 objective: 1.95598
0 24 46 1 
1 43 19 
19 34 26 8 
8 21 40 3 
3 39 9 
35 23 
9 35 
23 14 29 
46 27 41 16 
16 37 4 
29 31 
31 44 
44 28 
4 48 38 
38 10 20 6 
28 47 7 
14 45 25 
6 30 36 
7 11 
11 5 
26 18 32 
25 2 42 
39 49 
36 15 33 
34 13 
5 17 
24 22 
48 
13 
42 12 
22 
41 
47 
32 
27 
49 
20 
37 
33 
40 
12 
43 
18 
10 
17 
2 
30 
21 
45 
15 
# clone tree 39 objective: 1.95599
0 24 46 1 
1 19 
19 34 26 8 
8 21 40 3 
3 39 9 
35 23 
9 35 
23 14 29 
46 27 41 16 
16 37 4 
29 15 31 
31 44 
44 45 28 
4 48 38 
38 20 6 
28 47 7 
14 25 
6 30 36 
7 11 
11 5 
26 18 32 
25 10 42 
39 33 49 
36 43 
34 13 
5 17 
24 22 
48 
13 
42 12 
22 
41 
47 2 
32 
27 
49 
20 
37 
33 
40 
12 
43 
18 
10 
17 
2 
30 
21 
45 
15 
# clone tree 40 objective: 1.95607
0 24 46 1 
1 19 
19 34 26 8 
8 21 40 3 
3 39 9 
35 15 23 
9 35 
23 14 29 
46 27 41 16 
16 37 4 
29 31 
31 44 
44 28 
4 48 38 
38 20 6 
28 47 7 
14 25 
6 30 36 
7 11 
11 5 
26 18 32 
25 10 42 
39 33 49 
36 43 
34 13 
5 45 17 
24 22 
48 
13 
42 12 
22 
41 
47 
32 
27 
49 
20 
37 
33 
40 
12 
43 
18 
10 2 
17 
2 
30 
21 
45 
15 
# clone tree 41 objective: 1.95608
0 24 46 1 
1 19 
19 30 34 26 8 
8 40 49 3 
3 39 9 
35 15 23 
9 35 
23 14 29 
46 27 41 16 
16 37 4 
29 31 
31 44 
44 45 28 
4 48 38 
38 20 6 
28 47 7 
14 25 
6 21 36 
7 11 
11 5 
26 18 32 
25 10 42 
39 33 
36 43 
34 13 
5 17 
24 22 
48 
13 
42 12 
22 
41 
47 2 
32 
27 
49 
20 
37 
33 
40 
12 
43 
18 
10 
17 
2 
30 
21 
45 
15 
# clone tree 42 objective: 1.95616
0 24 46 1 
1 43 19 
19 34 26 8 
8 21 40 3 
3 39 9 
35 23 
9 35 
23 14 29 
46 27 41 16 
16 37 4 
29 31 
31 44 
44 28 
4 48 38 
38 10 20 6 
28 47 7 
14 45 25 
6 30 36 
7 11 
11 5 
26 18 32 
25 42 
39 49 
36 15 33 
34 13 
5 17 
24 22 
48 
13 
42 12 
22 
41 
47 2 
32 
27 
49 
20 
37 
33 
40 
12 
43 
18 
10 
17 
2 
30 
21 
45 
15 
# clone tree 43 objective: 1.95616
0 24 46 1 
1 43 19 
19 34 26 8 
8 21 40 3 
3 39 9 
35 15 23 
9 35 
23 14 29 
46 27 41 16 
16 37 4 
29 31 
31 44 
44 28 
4 48 38 
38 10 20 6 
28 47 7 
14 45 25 
6 30 36 
7 11 
11 5 
26 18 32 
25 42 
39 49 
36 33 
34 13 
5 17 
24 22 
48 
13 
42 12 
22 
41 
47 2 
32 
27 
49 
20 
37 
33 
40 
12 
43 
18 
10 
17 
2 
30 
21 
45 
15 
# clone tree 44 objective: 1.95617
0 24 46 1 
1 19 
19 34 26 8 
8 21 40 3 
3 39 9 
35 15 23 
9 35 
23 14 29 
46 27 41 16 
16 37 4 
29 31 
31 44 
44 28 
4 48 38 
38 20 6 
28 47 7 
14 25 
6 30 36 
7 11 
11 5 
26 18 32 
25 2 42 
39 33 49 
36 43 
34 13 
5 45 17 
24 22 
48 
13 
42 12 
22 
41 
47 10 
32 
27 
49 
20 
37 
33 
40 
12 
43 
18 
10 
17 
2 
30 
21 
45 
15 
# clone tree 45 objective: 1.95619
0 24 46 1 
1 43 19 
19 34 26 8 
8 21 40 3 
3 39 9 
35 23 
9 35 
23 14 29 
46 27 41 16 
16 37 4 
29 15 31 
31 44 
44 45 28 
4 48 38 
38 20 6 
28 47 7 
14 25 
6 30 36 
7 11 
11 5 
26 18 32 
25 10 42 
39 49 
36 33 
34 13 
5 17 
24 22 
48 
13 
42 12 
22 
41 
47 2 
32 
27 
49 
20 
37 
33 
40 
12 
43 
18 
10 
17 
2 
30 
21 
45 
15 
# clone tree 46 objective: 1.95627
0 24 46 1 
1 43 19 
19 34 26 8 
8 21 40 3 
3 39 9 
35 15 23 
9 35 
23 14 29 
46 27 41 16 
16 37 4 
29 31 
31 44 
44 28 
4 48 38 
38 20 6 
28 47 7 
14 25 
6 30 36 
7 11 
11 5 
26 18 32 
25 10 42 
39 49 
36 33 
34 13 
5 45 17 
24 22 
48 
13 
42 12 
22 
41 
47 
32 
27 
49 
20 
37 
33 
40 
12 
43 
18 
10 2 
17 
2 
30 
21 
45 
15 
# clone tree 47 objective: 1.95627
0 24 46 1 
1 43 19 
19 34 26 8 
8 21 40 3 
3 39 9 
35 23 
9 35 
23 14 29 
46 27 41 16 
16 37 4 
29 31 
31 44 
44 28 
4 48 38 
38 20 6 
28 47 7 
14 25 
6 30 36 
7 11 
11 5 
26 18 32 
25 10 42 
39 49 
36 15 33 
34 13 
5 45 17 
24 22 
48 
13 
42 12 
22 
41 
47 
32 
27 
49 
20 
37 
33 
40 
12 
43 
18 
10 2 
17 
2 
30 
21 
45 
15 
# clone tree 48 objective: 1.95629
0 24 46 1 
1 43 19 
19 34 26 8 
8 21 3 
3 39 9 
35 15 23 
9 35 
23 14 29 
46 27 41 16 
16 37 4 
29 31 
31 44 
44 28 
4 48 38 
38 20 6 
28 47 7 
14 45 25 
6 30 40 36 
7 11 
11 5 
26 18 32 
25 10 42 
39 49 
36 33 
34 13 
5 17 
24 22 
48 
13 
42 12 
22 
41 
47 2 
32 
27 
49 
20 
37 
33 
40 
12 
43 
18 
10 
17 
2 
30 
21 
45 
15 
# clone tree 49 objective: 1.95629
0 24 46 1 
1 43 19 
19 34 26 8 
8 21 3 
3 39 9 
35 23 
9 35 
23 14 29 
46 27 41 16 
16 37 4 
29 31 
31 44 
44 28 
4 48 38 
38 20 6 
28 47 7 
14 45 25 
6 30 40 36 
7 11 
11 5 
26 18 32 
25 10 42 
39 49 
36 15 33 
34 13 
5 17 
24 22 
48 
13 
42 12 
22 
41 
47 2 
32 
27 
49 
20 
37 
33 
40 
12 
43 
18 
10 
17 
2 
30 
21 
45 
15 
