# clone tree 0 objective: 2.76579
0 4 44 41 28 
14 21 
28 14 
21 47 30 
30 34 20 
20 15 
15 35 33 
37 39 11 7 46 
33 37 
46 38 40 
5 43 
40 26 
26 5 
43 27 24 
7 10 1 
24 36 2 
41 45 18 
1 22 17 
2 16 42 
42 8 
18 49 
17 31 32 
8 25 19 
22 29 
44 3 
10 13 
38 48 
32 9 
3 12 
49 
48 
11 
19 6 
29 
13 23 
4 
34 
25 
9 
16 
39 
47 
6 
12 
31 
27 
45 
36 
35 
23 
# clone tree 1 objective: 2.76579
0 4 44 41 28 
14 21 
28 14 
21 47 30 
30 34 20 
20 15 
15 35 33 
37 11 7 46 
33 37 
46 38 40 
5 43 
40 27 26 
26 5 
43 24 
7 10 1 
24 36 2 
41 45 18 
1 22 17 
2 16 42 
42 39 8 
18 49 
17 31 32 
8 25 19 
22 29 
44 3 
10 13 
38 48 
32 9 
3 12 
49 
48 
11 
19 6 
29 
13 23 
4 
34 
25 
9 
16 
39 
47 
6 
12 
31 
27 
45 
36 
35 
23 
# clone tree 2 objective: 2.76579
0 44 41 28 
14 4 21 
28 14 
21 47 30 
30 34 20 
20 15 
15 35 33 
37 39 11 7 46 
33 37 
46 38 40 
5 43 
40 27 26 
26 5 
43 24 
7 10 1 
24 36 2 
41 45 18 
1 22 17 
2 16 42 
42 8 
18 49 
17 31 32 
8 25 19 
22 29 
44 3 
10 13 
38 48 
32 9 
3 12 
49 
48 
11 
19 6 
29 
13 23 
4 
34 
25 
9 
16 
39 
47 
6 
12 
31 
27 
45 
36 
35 
23 
# clone tree 3 objective: 2.76579
0 44 41 28 
14 4 21 
28 14 
21 47 30 
30 34 20 
20 15 
15 35 33 
37 39 11 7 46 
33 37 
46 38 40 
5 43 
40 26 
26 5 
43 27 24 
7 10 1 
24 36 2 
41 45 18 
1 22 17 
2 16 42 
42 8 
18 49 
17 31 32 
8 25 19 
22 29 
44 3 
10 13 
38 48 
32 9 
3 12 
49 
48 
11 
19 6 
29 
13 23 
4 
34 
25 
9 
16 
39 
47 
6 
12 
31 
27 
45 
36 
35 
23 
# clone tree 4 objective: 2.76579
0 4 44 41 28 
14 21 
28 14 
21 47 30 
30 34 20 
20 15 
15 35 33 
37 39 11 7 46 
33 37 
46 38 40 
5 43 
40 27 26 
26 5 
43 24 
7 10 1 
24 36 2 
41 45 18 
1 22 17 
2 16 42 
42 8 
18 49 
17 31 32 
8 25 19 
22 29 
44 3 
10 13 
38 48 
32 9 
3 12 
49 
48 
11 
19 6 
29 
13 23 
4 
34 
25 
9 
16 
39 
47 
6 
12 
31 
27 
45 
36 
35 
23 
# clone tree 5 objective: 2.76579
0 44 41 28 
14 4 21 
28 14 
21 47 30 
30 34 20 
20 15 
15 35 33 
37 11 7 46 
33 37 
46 38 40 
5 43 
40 27 26 
26 5 
43 24 
7 10 1 
24 36 2 
41 45 18 
1 22 17 
2 16 42 
42 39 8 
18 49 
17 31 32 
8 25 19 
22 29 
44 3 
10 13 
38 48 
32 9 
3 12 
49 
48 
11 
19 6 
29 
13 23 
4 
34 
25 
9 
16 
39 
47 
6 
12 
31 
27 
45 
36 
35 
23 
# clone tree 6 objective: 2.76579
0 44 41 28 
14 4 21 
28 14 
21 47 30 
30 34 20 
20 15 
15 35 33 
37 11 7 46 
33 37 
46 38 40 
5 43 
40 26 
26 5 
43 27 24 
7 10 1 
24 36 2 
41 45 18 
1 22 17 
2 16 42 
42 39 8 
18 49 
17 31 32 
8 25 19 
22 29 
44 3 
10 13 
38 48 
32 9 
3 12 
49 
48 
11 
19 6 
29 
13 23 
4 
34 
25 
9 
16 
39 
47 
6 
12 
31 
27 
45 
36 
35 
23 
# clone tree 7 objective: 2.76579
0 4 44 41 28 
14 21 
28 14 
21 47 30 
30 34 20 
20 15 
15 35 33 
37 11 7 46 
33 37 
46 38 40 
5 43 
40 26 
26 5 
43 27 24 
7 10 1 
24 36 2 
41 45 18 
1 22 17 
2 16 42 
42 39 8 
18 49 
17 31 32 
8 25 19 
22 29 
44 3 
10 13 
38 48 
32 9 
3 12 
49 
48 
11 
19 6 
29 
13 23 
4 
34 
25 
9 
16 
39 
47 
6 
12 
31 
27 
45 
36 
35 
23 
# clone tree 8 objective: 2.7659
0 4 44 41 28 
14 21 
28 14 
21 47 30 
30 34 20 
20 15 
15 35 33 
37 11 7 46 
33 37 
46 38 40 
5 43 
40 26 
26 5 
43 27 24 
7 10 1 
24 36 2 
41 45 18 
1 22 17 
2 16 42 
42 39 8 
18 49 
17 31 32 
8 25 19 
22 29 
44 3 
10 13 
38 48 
32 9 
3 12 
49 
48 
11 23 
19 6 
29 
13 
4 
34 
25 
9 
16 
39 
47 
6 
12 
31 
27 
45 
36 
35 
23 
# clone tree 9 objective: 2.7659
0 4 44 41 28 
14 21 
28 14 
21 47 30 
30 34 20 
20 15 
15 35 33 
37 39 11 7 46 
33 37 
46 38 40 
5 43 
40 26 
26 5 
43 27 24 
7 10 1 
24 36 2 
41 45 18 
1 22 17 
2 16 42 
42 8 
18 49 
17 31 32 
8 25 19 
22 29 
44 3 
10 13 
38 48 
32 9 
3 12 
49 
48 
11 23 
19 6 
29 
13 
4 
34 
25 
9 
16 
39 
47 
6 
12 
31 
27 
45 
36 
35 
23 
# clone tree 10 objective: 2.7659
0 44 41 28 
14 4 21 
28 14 
21 47 30 
30 34 20 
20 15 
15 35 33 
37 39 11 7 46 
33 37 
46 38 40 
5 43 
40 27 26 
26 5 
43 24 
7 10 1 
24 36 2 
41 45 18 
1 22 17 
2 16 42 
42 8 
18 49 
17 31 32 
8 25 19 
22 29 
44 3 
10 13 
38 48 
32 9 
3 12 
49 
48 
11 23 
19 6 
29 
13 
4 
34 
25 
9 
16 
39 
47 
6 
12 
31 
27 
45 
36 
35 
23 
# clone tree 11 objective: 2.7659
0 44 41 28 
14 4 21 
28 14 
21 47 30 
30 34 20 
20 15 
15 35 33 
37 11 7 46 
33 37 
46 38 40 
5 43 
40 27 26 
26 5 
43 24 
7 10 1 
24 36 2 
41 45 18 
1 22 17 
2 16 42 
42 39 8 
18 49 
17 31 32 
8 25 19 
22 29 
44 3 
10 13 
38 48 
32 9 
3 12 
49 
48 
11 23 
19 6 
29 
13 
4 
34 
25 
9 
16 
39 
47 
6 
12 
31 
27 
45 
36 
35 
23 
# clone tree 12 objective: 2.7659
0 4 44 41 28 
14 21 
28 14 
21 47 30 
30 34 20 
20 15 
15 35 33 
37 39 11 7 46 
33 37 
46 38 40 
5 43 
40 27 26 
26 5 
43 24 
7 10 1 
24 36 2 
41 45 18 
1 22 17 
2 16 42 
42 8 
18 49 
17 31 32 
8 25 19 
22 29 
44 3 
10 13 
38 48 
32 9 
3 12 
49 
48 
11 23 
19 6 
29 
13 
4 
34 
25 
9 
16 
39 
47 
6 
12 
31 
27 
45 
36 
35 
23 
# clone tree 13 objective: 2.7659
0 44 41 28 
14 4 21 
28 14 
21 47 30 
30 34 20 
20 15 
15 35 33 
37 39 11 7 46 
33 37 
46 38 40 
5 43 
40 26 
26 5 
43 27 24 
7 10 1 
24 36 2 
41 45 18 
1 22 17 
2 16 42 
42 8 
18 49 
17 31 32 
8 25 19 
22 29 
44 3 
10 13 
38 48 
32 9 
3 12 
49 
48 
11 23 
19 6 
29 
13 
4 
34 
25 
9 
16 
39 
47 
6 
12 
31 
27 
45 
36 
35 
23 
# clone tree 14 objective: 2.7659
0 4 44 41 28 
14 21 
28 14 
21 47 30 
30 34 20 
20 15 
15 35 33 
37 11 7 46 
33 37 
46 38 40 
5 43 
40 27 26 
26 5 
43 24 
7 10 1 
24 36 2 
41 45 18 
1 22 17 
2 16 42 
42 39 8 
18 49 
17 31 32 
8 25 19 
22 29 
44 3 
10 13 
38 48 
32 9 
3 12 
49 
48 
11 23 
19 6 
29 
13 
4 
34 
25 
9 
16 
39 
47 
6 
12 
31 
27 
45 
36 
35 
23 
# clone tree 15 objective: 2.7659
0 44 41 28 
14 4 21 
28 14 
21 47 30 
30 34 20 
20 15 
15 35 33 
37 11 7 46 
33 37 
46 38 40 
5 43 
40 26 
26 5 
43 27 24 
7 10 1 
24 36 2 
41 45 18 
1 22 17 
2 16 42 
42 39 8 
18 49 
17 31 32 
8 25 19 
22 29 
44 3 
10 13 
38 48 
32 9 
3 12 
49 
48 
11 23 
19 6 
29 
13 
4 
34 
25 
9 
16 
39 
47 
6 
12 
31 
27 
45 
36 
35 
23 
# clone tree 16 objective: 2.7661
0 4 44 41 28 
14 21 
28 14 
21 35 47 30 
30 34 20 
20 15 
15 33 
37 39 11 7 46 
33 37 
46 38 40 
5 43 
40 27 26 
26 5 
43 24 
7 10 1 
24 36 2 
41 45 18 
1 22 17 
2 16 42 
42 8 
18 49 
17 31 32 
8 25 19 
22 29 
44 3 
10 13 
38 48 
32 9 
3 12 
49 
48 
11 
19 6 
29 
13 23 
4 
34 
25 
9 
16 
39 
47 
6 
12 
31 
27 
45 
36 
35 
23 
# clone tree 17 objective: 2.7661
0 44 41 28 
14 4 21 
28 14 
21 35 47 30 
30 34 20 
20 15 
15 33 
37 39 11 7 46 
33 37 
46 38 40 
5 43 
40 26 
26 5 
43 27 24 
7 10 1 
24 36 2 
41 45 18 
1 22 17 
2 16 42 
42 8 
18 49 
17 31 32 
8 25 19 
22 29 
44 3 
10 13 
38 48 
32 9 
3 12 
49 
48 
11 
19 6 
29 
13 23 
4 
34 
25 
9 
16 
39 
47 
6 
12 
31 
27 
45 
36 
35 
23 
# clone tree 18 objective: 2.7661
0 4 44 41 28 
14 21 
28 14 
21 35 47 30 
30 34 20 
20 15 
15 33 
37 11 7 46 
33 37 
46 38 40 
5 43 
40 27 26 
26 5 
43 24 
7 10 1 
24 36 2 
41 45 18 
1 22 17 
2 16 42 
42 39 8 
18 49 
17 31 32 
8 25 19 
22 29 
44 3 
10 13 
38 48 
32 9 
3 12 
49 
48 
11 
19 6 
29 
13 23 
4 
34 
25 
9 
16 
39 
47 
6 
12 
31 
27 
45 
36 
35 
23 
# clone tree 19 objective: 2.7661
0 4 44 41 28 
14 21 
28 14 
21 35 47 30 
30 34 20 
20 15 
15 33 
37 39 11 7 46 
33 37 
46 38 40 
5 43 
40 26 
26 5 
43 27 24 
7 10 1 
24 36 2 
41 45 18 
1 22 17 
2 16 42 
42 8 
18 49 
17 31 32 
8 25 19 
22 29 
44 3 
10 13 
38 48 
32 9 
3 12 
49 
48 
11 
19 6 
29 
13 23 
4 
34 
25 
9 
16 
39 
47 
6 
12 
31 
27 
45 
36 
35 
23 
# clone tree 20 objective: 2.7661
0 44 41 28 
14 4 21 
28 14 
21 35 47 30 
30 34 20 
20 15 
15 33 
37 11 7 46 
33 37 
46 38 40 
5 43 
40 26 
26 5 
43 27 24 
7 10 1 
24 36 2 
41 45 18 
1 22 17 
2 16 42 
42 39 8 
18 49 
17 31 32 
8 25 19 
22 29 
44 3 
10 13 
38 48 
32 9 
3 12 
49 
48 
11 
19 6 
29 
13 23 
4 
34 
25 
9 
16 
39 
47 
6 
12 
31 
27 
45 
36 
35 
23 
# clone tree 21 objective: 2.7661
0 4 44 41 28 
14 21 
28 14 
21 35 47 30 
30 34 20 
20 15 
15 33 
37 11 7 46 
33 37 
46 38 40 
5 43 
40 26 
26 5 
43 27 24 
7 10 1 
24 36 2 
41 45 18 
1 22 17 
2 16 42 
42 39 8 
18 49 
17 31 32 
8 25 19 
22 29 
44 3 
10 13 
38 48 
32 9 
3 12 
49 
48 
11 
19 6 
29 
13 23 
4 
34 
25 
9 
16 
39 
47 
6 
12 
31 
27 
45 
36 
35 
23 
# clone tree 22 objective: 2.7661
0 4 44 41 28 
14 21 
28 14 
21 35 47 30 
30 34 20 
20 15 
15 39 33 
37 11 7 46 
33 37 
46 38 40 
5 43 
40 27 26 
26 5 
43 24 
7 10 1 
24 36 2 
41 45 18 
1 22 17 
2 16 42 
42 8 
18 49 
17 31 32 
8 25 19 
22 29 
44 3 
10 13 
38 48 
32 9 
3 12 
49 
48 
11 
19 6 
29 
13 23 
4 
34 
25 
9 
16 
39 
47 
6 
12 
31 
27 
45 
36 
35 
23 
# clone tree 23 objective: 2.7661
0 44 41 28 
14 4 21 
28 14 
21 35 47 30 
30 34 20 
20 15 
15 33 
37 11 7 46 
33 37 
46 38 40 
5 43 
40 27 26 
26 5 
43 24 
7 10 1 
24 36 2 
41 45 18 
1 22 17 
2 16 42 
42 39 8 
18 49 
17 31 32 
8 25 19 
22 29 
44 3 
10 13 
38 48 
32 9 
3 12 
49 
48 
11 
19 6 
29 
13 23 
4 
34 
25 
9 
16 
39 
47 
6 
12 
31 
27 
45 
36 
35 
23 
# clone tree 24 objective: 2.7661
0 4 44 41 28 
14 21 
28 14 
21 35 47 30 
30 34 20 
20 15 
15 39 33 
37 11 7 46 
33 37 
46 38 40 
5 43 
40 26 
26 5 
43 27 24 
7 10 1 
24 36 2 
41 45 18 
1 22 17 
2 16 42 
42 8 
18 49 
17 31 32 
8 25 19 
22 29 
44 3 
10 13 
38 48 
32 9 
3 12 
49 
48 
11 
19 6 
29 
13 23 
4 
34 
25 
9 
16 
39 
47 
6 
12 
31 
27 
45 
36 
35 
23 
# clone tree 25 objective: 2.7661
0 44 41 28 
14 4 21 
28 14 
21 35 47 30 
30 34 20 
20 15 
15 33 
37 39 11 7 46 
33 37 
46 38 40 
5 43 
40 27 26 
26 5 
43 24 
7 10 1 
24 36 2 
41 45 18 
1 22 17 
2 16 42 
42 8 
18 49 
17 31 32 
8 25 19 
22 29 
44 3 
10 13 
38 48 
32 9 
3 12 
49 
48 
11 
19 6 
29 
13 23 
4 
34 
25 
9 
16 
39 
47 
6 
12 
31 
27 
45 
36 
35 
23 
# clone tree 26 objective: 2.7661
0 44 41 28 
14 4 21 
28 14 
21 35 47 30 
30 34 20 
20 15 
15 39 33 
37 11 7 46 
33 37 
46 38 40 
5 43 
40 26 
26 5 
43 27 24 
7 10 1 
24 36 2 
41 45 18 
1 22 17 
2 16 42 
42 8 
18 49 
17 31 32 
8 25 19 
22 29 
44 3 
10 13 
38 48 
32 9 
3 12 
49 
48 
11 
19 6 
29 
13 23 
4 
34 
25 
9 
16 
39 
47 
6 
12 
31 
27 
45 
36 
35 
23 
# clone tree 27 objective: 2.7661
0 44 41 28 
14 4 21 
28 14 
21 35 47 30 
30 34 20 
20 15 
15 39 33 
37 11 7 46 
33 37 
46 38 40 
5 43 
40 27 26 
26 5 
43 24 
7 10 1 
24 36 2 
41 45 18 
1 22 17 
2 16 42 
42 8 
18 49 
17 31 32 
8 25 19 
22 29 
44 3 
10 13 
38 48 
32 9 
3 12 
49 
48 
11 
19 6 
29 
13 23 
4 
34 
25 
9 
16 
39 
47 
6 
12 
31 
27 
45 
36 
35 
23 
# clone tree 28 objective: 2.76611
0 44 41 28 
14 4 21 
28 14 
21 47 30 
30 34 20 
20 15 
15 33 
37 11 7 46 
33 37 
46 38 40 
5 43 
40 26 
26 5 
43 27 24 
7 10 1 
24 36 2 
41 45 18 
1 22 17 
2 16 42 
42 39 8 
18 49 
17 31 32 
8 25 19 
22 29 
44 3 
10 13 
38 48 
32 9 
3 12 
49 
48 
11 
19 6 
29 35 
13 23 
4 
34 
25 
9 
16 
39 
47 
6 
12 
31 
27 
45 
36 
35 
23 
# clone tree 29 objective: 2.76611
0 44 41 28 
14 4 21 
28 14 
21 47 30 
30 34 20 
20 15 
15 39 33 
37 11 7 46 
33 37 
46 38 40 
5 43 
40 26 
26 5 
43 27 24 
7 10 1 
24 36 2 
41 45 18 
1 22 17 
2 16 42 
42 8 
18 49 
17 31 32 
8 25 19 
22 29 
44 3 
10 13 
38 48 
32 9 
3 12 
49 
48 
11 
19 6 
29 35 
13 23 
4 
34 
25 
9 
16 
39 
47 
6 
12 
31 
27 
45 
36 
35 
23 
# clone tree 30 objective: 2.76611
0 4 44 41 28 
14 21 
28 14 
21 47 30 
30 34 20 
20 15 
15 33 
37 39 11 7 46 
33 37 
46 38 40 
5 43 
40 27 26 
26 5 
43 24 
7 10 1 
24 36 2 
41 45 18 
1 22 17 
2 16 42 
42 8 
18 49 
17 31 32 
8 25 19 
22 29 
44 3 
10 13 
38 48 
32 9 
3 12 
49 
48 
11 
19 6 
29 35 
13 23 
4 
34 
25 
9 
16 
39 
47 
6 
12 
31 
27 
45 
36 
35 
23 
# clone tree 31 objective: 2.76611
0 44 41 28 
14 4 21 
28 14 
21 47 30 
30 34 20 
20 15 
15 33 
37 39 11 7 46 
33 37 
46 38 40 
5 43 
40 27 26 
26 5 
43 24 
7 10 1 
24 36 2 
41 45 18 
1 22 17 
2 16 42 
42 8 
18 49 
17 31 32 
8 25 19 
22 29 
44 3 
10 13 
38 48 
32 9 
3 12 
49 
48 
11 
19 6 
29 35 
13 23 
4 
34 
25 
9 
16 
39 
47 
6 
12 
31 
27 
45 
36 
35 
23 
# clone tree 32 objective: 2.76611
0 4 44 41 28 
14 21 
28 14 
21 47 30 
30 34 20 
20 15 
15 39 33 
37 11 7 46 
33 37 
46 38 40 
5 43 
40 27 26 
26 5 
43 24 
7 10 1 
24 36 2 
41 45 18 
1 22 17 
2 16 42 
42 8 
18 49 
17 31 32 
8 25 19 
22 29 
44 3 
10 13 
38 48 
32 9 
3 12 
49 
48 
11 
19 6 
29 35 
13 23 
4 
34 
25 
9 
16 
39 
47 
6 
12 
31 
27 
45 
36 
35 
23 
# clone tree 33 objective: 2.76611
0 4 44 41 28 
14 21 
28 14 
21 47 30 
30 34 20 
20 15 
15 33 
37 11 7 46 
33 37 
46 38 40 
5 43 
40 27 26 
26 5 
43 24 
7 10 1 
24 36 2 
41 45 18 
1 22 17 
2 16 42 
42 39 8 
18 49 
17 31 32 
8 25 19 
22 29 
44 3 
10 13 
38 48 
32 9 
3 12 
49 
48 
11 
19 6 
29 35 
13 23 
4 
34 
25 
9 
16 
39 
47 
6 
12 
31 
27 
45 
36 
35 
23 
# clone tree 34 objective: 2.76611
0 44 41 28 
14 4 21 
28 14 
21 47 30 
30 34 20 
20 15 
15 33 
37 39 11 7 46 
33 37 
46 38 40 
5 43 
40 26 
26 5 
43 27 24 
7 10 1 
24 36 2 
41 45 18 
1 22 17 
2 16 42 
42 8 
18 49 
17 31 32 
8 25 19 
22 29 
44 3 
10 13 
38 48 
32 9 
3 12 
49 
48 
11 
19 6 
29 35 
13 23 
4 
34 
25 
9 
16 
39 
47 
6 
12 
31 
27 
45 
36 
35 
23 
# clone tree 35 objective: 2.76611
0 44 41 28 
14 4 21 
28 14 
21 47 30 
30 34 20 
20 15 
15 39 33 
37 11 7 46 
33 37 
46 38 40 
5 43 
40 27 26 
26 5 
43 24 
7 10 1 
24 36 2 
41 45 18 
1 22 17 
2 16 42 
42 8 
18 49 
17 31 32 
8 25 19 
22 29 
44 3 
10 13 
38 48 
32 9 
3 12 
49 
48 
11 
19 6 
29 35 
13 23 
4 
34 
25 
9 
16 
39 
47 
6 
12 
31 
27 
45 
36 
35 
23 
# clone tree 36 objective: 2.76611
0 4 44 41 28 
14 21 
28 14 
21 47 30 
30 34 20 
20 15 
15 33 
37 39 11 7 46 
33 37 
46 38 40 
5 43 
40 26 
26 5 
43 27 24 
7 10 1 
24 36 2 
41 45 18 
1 22 17 
2 16 42 
42 8 
18 49 
17 31 32 
8 25 19 
22 29 
44 3 
10 13 
38 48 
32 9 
3 12 
49 
48 
11 
19 6 
29 35 
13 23 
4 
34 
25 
9 
16 
39 
47 
6 
12 
31 
27 
45 
36 
35 
23 
# clone tree 37 objective: 2.76611
0 44 41 28 
14 4 21 
28 14 
21 47 30 
30 34 20 
20 15 
15 33 
37 11 7 46 
33 37 
46 38 40 
5 43 
40 27 26 
26 5 
43 24 
7 10 1 
24 36 2 
41 45 18 
1 22 17 
2 16 42 
42 39 8 
18 49 
17 31 32 
8 25 19 
22 29 
44 3 
10 13 
38 48 
32 9 
3 12 
49 
48 
11 
19 6 
29 35 
13 23 
4 
34 
25 
9 
16 
39 
47 
6 
12 
31 
27 
45 
36 
35 
23 
# clone tree 38 objective: 2.76611
0 4 44 41 28 
14 21 
28 14 
21 47 30 
30 34 20 
20 15 
15 39 33 
37 11 7 46 
33 37 
46 38 40 
5 43 
40 26 
26 5 
43 27 24 
7 10 1 
24 36 2 
41 45 18 
1 22 17 
2 16 42 
42 8 
18 49 
17 31 32 
8 25 19 
22 29 
44 3 
10 13 
38 48 
32 9 
3 12 
49 
48 
11 
19 6 
29 35 
13 23 
4 
34 
25 
9 
16 
39 
47 
6 
12 
31 
27 
45 
36 
35 
23 
# clone tree 39 objective: 2.76611
0 4 44 41 28 
14 21 
28 14 
21 47 30 
30 34 20 
20 15 
15 33 
37 11 7 46 
33 37 
46 38 40 
5 43 
40 26 
26 5 
43 27 24 
7 10 1 
24 36 2 
41 45 18 
1 22 17 
2 16 42 
42 39 8 
18 49 
17 31 32 
8 25 19 
22 29 
44 3 
10 13 
38 48 
32 9 
3 12 
49 
48 
11 
19 6 
29 35 
13 23 
4 
34 
25 
9 
16 
39 
47 
6 
12 
31 
27 
45 
36 
35 
23 
# clone tree 40 objective: 2.76615
0 44 41 28 
14 4 21 
28 14 
21 47 30 
30 34 20 
20 15 
15 35 33 
37 39 11 7 46 
33 37 
46 38 40 
5 43 
40 26 
26 5 
43 27 24 
7 10 1 
24 36 2 
41 45 18 
1 22 17 
2 16 42 
42 8 
18 49 
17 31 32 
8 25 19 
22 29 
44 6 3 
10 13 
38 48 
32 9 
3 12 
49 
48 
11 
19 23 
29 
13 
4 
34 
25 
9 
16 
39 
47 
6 
12 
31 
27 
45 
36 
35 
23 
# clone tree 41 objective: 2.76615
0 4 44 41 28 
14 21 
28 14 
21 47 30 
30 34 20 
20 15 
15 35 33 
37 39 11 7 46 
33 37 
46 38 40 
5 43 
40 26 
26 5 
43 27 24 
7 10 1 
24 36 2 
41 45 18 
1 22 17 
2 16 42 
42 8 
18 49 
17 31 32 
8 25 19 
22 29 
44 6 3 
10 13 
38 48 
32 9 
3 12 
49 
48 
11 
19 23 
29 
13 
4 
34 
25 
9 
16 
39 
47 
6 
12 
31 
27 
45 
36 
35 
23 
# clone tree 42 objective: 2.76615
0 4 44 41 28 
14 21 
28 14 
21 47 30 
30 34 20 
20 15 
15 35 33 
37 39 11 7 46 
33 37 
46 38 40 
5 43 
40 26 
26 5 
43 27 24 
7 10 1 
24 36 2 
41 45 18 
1 22 17 
2 16 42 
42 8 
18 49 
17 31 32 
8 25 19 
22 29 
44 6 3 
10 13 
38 48 
32 9 
3 12 
49 
48 
11 
19 
29 
13 23 
4 
34 
25 
9 
16 
39 
47 
6 
12 
31 
27 
45 
36 
35 
23 
# clone tree 43 objective: 2.76615
0 44 41 28 
14 4 21 
28 14 
21 47 30 
30 34 20 
20 15 
15 35 33 
37 39 11 7 46 
33 37 
46 38 40 
5 43 
40 27 26 
26 5 
43 24 
7 10 1 
24 36 2 
41 45 18 
1 22 17 
2 16 42 
42 8 
18 49 
17 31 32 
8 25 19 
22 29 
44 6 3 
10 13 
38 48 
32 9 
3 12 
49 
48 
11 
19 23 
29 
13 
4 
34 
25 
9 
16 
39 
47 
6 
12 
31 
27 
45 
36 
35 
23 
# clone tree 44 objective: 2.76615
0 4 44 41 28 
14 21 
28 14 
21 47 30 
30 34 20 
20 15 
15 35 33 
37 11 7 46 
33 37 
46 38 40 
5 43 
40 26 
26 5 
43 27 24 
7 10 1 
24 36 2 
41 45 18 
1 22 17 
2 16 42 
42 39 8 
18 49 
17 31 32 
8 25 19 
22 29 
44 6 3 
10 13 
38 48 
32 9 
3 12 
49 
48 
11 
19 23 
29 
13 
4 
34 
25 
9 
16 
39 
47 
6 
12 
31 
27 
45 
36 
35 
23 
# clone tree 45 objective: 2.76615
0 44 41 28 
14 4 21 
28 14 
21 47 30 
30 34 20 
20 15 
15 35 33 
37 11 7 46 
33 37 
46 38 40 
5 43 
40 27 26 
26 5 
43 24 
7 10 1 
24 36 2 
41 45 18 
1 22 17 
2 16 42 
42 39 8 
18 49 
17 31 32 
8 25 19 
22 29 
44 6 3 
10 13 
38 48 
32 9 
3 12 
49 
48 
11 
19 
29 
13 23 
4 
34 
25 
9 
16 
39 
47 
6 
12 
31 
27 
45 
36 
35 
23 
# clone tree 46 objective: 2.76615
0 44 41 28 
14 4 21 
28 14 
21 47 30 
30 34 20 
20 15 
15 35 33 
37 39 11 7 46 
33 37 
46 38 40 
5 43 
40 27 26 
26 5 
43 24 
7 10 1 
24 36 2 
41 45 18 
1 22 17 
2 16 42 
42 8 
18 49 
17 31 32 
8 25 19 
22 29 
44 6 3 
10 13 
38 48 
32 9 
3 12 
49 
48 
11 
19 
29 
13 23 
4 
34 
25 
9 
16 
39 
47 
6 
12 
31 
27 
45 
36 
35 
23 
# clone tree 47 objective: 2.76615
0 44 41 28 
14 4 21 
28 14 
21 47 30 
30 34 20 
20 15 
15 35 33 
37 11 7 46 
33 37 
46 38 40 
5 43 
40 26 
26 5 
43 27 24 
7 10 1 
24 36 2 
41 45 18 
1 22 17 
2 16 42 
42 39 8 
18 49 
17 31 32 
8 25 19 
22 29 
44 6 3 
10 13 
38 48 
32 9 
3 12 
49 
48 
11 
19 23 
29 
13 
4 
34 
25 
9 
16 
39 
47 
6 
12 
31 
27 
45 
36 
35 
23 
# clone tree 48 objective: 2.76615
0 4 44 41 28 
14 21 
28 14 
21 47 30 
30 34 20 
20 15 
15 35 33 
37 11 7 46 
33 37 
46 38 40 
5 43 
40 26 
26 5 
43 27 24 
7 10 1 
24 36 2 
41 45 18 
1 22 17 
2 16 42 
42 39 8 
18 49 
17 31 32 
8 25 19 
22 29 
44 6 3 
10 13 
38 48 
32 9 
3 12 
49 
48 
11 
19 
29 
13 23 
4 
34 
25 
9 
16 
39 
47 
6 
12 
31 
27 
45 
36 
35 
23 
# clone tree 49 objective: 2.76615
0 44 41 28 
14 4 21 
28 14 
21 47 30 
30 34 20 
20 15 
15 35 33 
37 11 7 46 
33 37 
46 38 40 
5 43 
40 26 
26 5 
43 27 24 
7 10 1 
24 36 2 
41 45 18 
1 22 17 
2 16 42 
42 39 8 
18 49 
17 31 32 
8 25 19 
22 29 
44 6 3 
10 13 
38 48 
32 9 
3 12 
49 
48 
11 
19 
29 
13 23 
4 
34 
25 
9 
16 
39 
47 
6 
12 
31 
27 
45 
36 
35 
23 
