# clone tree 0 objective: 2.65355
0 26 40 
40 2 32 
32 10 4 
4 1 11 33 
33 30 25 
25 46 
45 27 
27 15 9 6 
46 45 
6 36 20 
20 28 16 
16 22 
22 18 
18 34 13 
13 37 12 
12 35 
35 3 
30 44 17 
3 39 5 
10 23 29 38 
11 31 7 
34 48 
5 43 
9 42 
2 
36 21 
1 
17 41 
15 24 
42 
43 49 
44 14 
24 8 
48 
38 
41 
7 
28 
29 19 
8 
31 
19 47 
23 
37 
39 
49 
14 
21 
47 
26 
# clone tree 1 objective: 2.65355
0 26 40 
40 21 2 32 
32 10 4 
4 1 11 33 
33 30 25 
25 46 
45 27 
27 15 9 6 
46 45 
6 36 20 
20 28 16 
16 22 
22 18 
18 34 13 
13 37 12 
12 35 
35 3 
30 44 17 
3 39 5 
10 23 29 38 
11 31 7 
34 48 
5 43 
9 42 
2 
36 
1 
17 41 
15 24 
42 
43 49 
44 14 
24 8 
48 
38 
41 
7 
28 
29 19 
8 
31 
19 47 
23 
37 
39 
49 
14 
21 
47 
26 
# clone tree 2 objective: 2.65391
0 26 40 
40 2 32 
32 10 4 
4 1 11 33 
33 30 25 
25 46 
45 27 
27 15 9 6 
46 45 
6 36 20 
20 28 16 
16 22 
22 18 
18 34 13 
13 37 43 12 
12 35 
35 3 
30 44 17 
3 39 5 
10 23 19 38 
11 29 7 
34 48 
5 
9 42 
2 
36 21 
1 
17 41 
15 24 
42 
43 49 
44 14 
24 8 
48 
38 
41 
7 
28 
29 31 
8 
31 
19 47 
23 
37 
39 
49 
14 
21 
47 
26 
# clone tree 3 objective: 2.65391
0 26 40 
40 21 2 32 
32 10 4 
4 1 11 33 
33 30 25 
25 46 
45 27 
27 15 9 6 
46 45 
6 36 20 
20 28 16 
16 22 
22 18 
18 34 13 
13 37 43 12 
12 35 
35 3 
30 44 17 
3 39 5 
10 23 19 38 
11 29 7 
34 48 
5 
9 42 
2 
36 
1 
17 41 
15 24 
42 
43 49 
44 14 
24 8 
48 
38 
41 
7 
28 
29 31 
8 
31 
19 47 
23 
37 
39 
49 
14 
21 
47 
26 
# clone tree 4 objective: 2.65419
0 26 40 
40 21 2 32 
32 10 4 
4 41 1 11 33 
33 30 25 
25 46 
45 27 
27 15 9 6 
46 45 
6 36 20 
20 28 16 
16 22 
22 18 
18 34 13 
13 37 12 
12 35 
35 3 
30 44 17 
3 39 5 
10 23 29 38 
11 31 7 
34 48 
5 43 
9 42 
2 
36 
1 
17 
15 24 
42 
43 49 
44 14 
24 8 
48 
38 
41 
7 
28 
29 19 
8 
31 
19 47 
23 
37 
39 
49 
14 
21 
47 
26 
# clone tree 5 objective: 2.65419
0 26 40 
40 2 32 
32 10 4 
4 41 1 11 33 
33 30 25 
25 46 
45 27 
27 15 9 6 
46 45 
6 36 20 
20 28 16 
16 22 
22 18 
18 34 13 
13 37 12 
12 35 
35 3 
30 44 17 
3 39 5 
10 23 29 38 
11 31 7 
34 48 
5 43 
9 42 
2 
36 21 
1 
17 
15 24 
42 
43 49 
44 14 
24 8 
48 
38 
41 
7 
28 
29 19 
8 
31 
19 47 
23 
37 
39 
49 
14 
21 
47 
26 
# clone tree 6 objective: 2.65419
0 26 40 
40 2 32 
32 10 4 
4 41 1 11 33 
33 30 25 
25 46 
45 27 
27 15 9 6 
46 45 
6 36 20 
20 28 16 
16 22 
22 18 
18 34 13 
13 37 12 
12 35 
35 3 
30 44 17 
3 5 
10 23 29 38 
11 31 7 
34 48 
5 43 
9 42 
2 
36 21 
1 
17 39 
15 24 
42 
43 49 
44 14 
24 8 
48 
38 
41 
7 
28 
29 19 
8 
31 
19 47 
23 
37 
39 
49 
14 
21 
47 
26 
# clone tree 7 objective: 2.65419
0 26 40 
40 21 2 32 
32 10 4 
4 41 1 11 33 
33 30 25 
25 46 
45 27 
27 15 9 6 
46 45 
6 36 20 
20 28 16 
16 22 
22 18 
18 34 13 
13 37 12 
12 35 
35 3 
30 44 17 
3 5 
10 23 29 38 
11 31 7 
34 48 
5 43 
9 42 
2 
36 
1 
17 39 
15 24 
42 
43 49 
44 14 
24 8 
48 
38 
41 
7 
28 
29 19 
8 
31 
19 47 
23 
37 
39 
49 
14 
21 
47 
26 
# clone tree 8 objective: 2.65419
0 26 40 
40 2 32 
32 10 4 
4 41 1 11 33 
33 30 25 
25 46 
45 27 
27 15 9 6 
46 45 
6 36 20 
20 28 16 
16 22 
22 18 
18 34 13 
13 37 12 
12 35 
35 3 
30 44 17 
3 21 5 
10 23 29 38 
11 31 7 
34 48 
5 43 
9 42 
2 
36 
1 
17 39 
15 24 
42 
43 49 
44 14 
24 8 
48 
38 
41 
7 
28 
29 19 
8 
31 
19 47 
23 
37 
39 
49 
14 
21 
47 
26 
# clone tree 9 objective: 2.65455
0 26 40 
40 2 32 
32 10 4 
4 41 1 11 33 
33 30 25 
25 46 
45 27 
27 15 9 6 
46 45 
6 36 20 
20 28 16 
16 22 
22 18 
18 34 13 
13 37 12 
12 35 
35 3 
30 44 17 
3 39 5 
10 23 29 38 
11 31 7 
34 48 
5 43 
9 42 
2 
36 
1 
17 21 
15 24 
42 
43 49 
44 14 
24 8 
48 
38 
41 
7 
28 
29 19 
8 
31 
19 47 
23 
37 
39 
49 
14 
21 
47 
26 
# clone tree 10 objective: 2.65459
0 26 40 
40 2 32 
32 10 4 
4 1 11 33 
33 30 25 
25 46 
45 27 
27 15 9 6 
46 45 
6 36 20 
20 28 16 
16 22 
22 18 
18 34 13 
13 37 12 
12 35 
35 3 
30 44 17 
3 39 5 
10 23 29 38 
11 31 7 
34 48 
5 43 
9 42 
2 
36 21 
1 
17 41 
15 24 
42 
43 49 
44 14 
24 8 
48 47 
38 
41 
7 
28 
29 19 
8 
31 
19 
23 
37 
39 
49 
14 
21 
47 
26 
# clone tree 11 objective: 2.65459
0 26 40 
40 21 2 32 
32 10 4 
4 1 11 33 
33 30 25 
25 46 
45 27 
27 15 9 6 
46 45 
6 36 20 
20 28 16 
16 22 
22 18 
18 34 13 
13 37 12 
12 35 
35 3 
30 44 17 
3 39 5 
10 23 29 38 
11 31 7 
34 48 
5 43 
9 42 
2 
36 
1 
17 41 
15 24 
42 
43 49 
44 14 
24 8 
48 47 
38 
41 
7 
28 
29 19 
8 
31 
19 
23 
37 
39 
49 
14 
21 
47 
26 
# clone tree 12 objective: 2.65466
0 26 40 
40 21 2 32 
32 10 4 
4 1 11 33 
33 30 25 
25 46 
45 27 
27 15 9 6 
46 45 
6 36 20 
20 16 
16 22 
22 18 
18 34 13 
13 37 12 
12 35 
35 3 
30 44 17 
3 39 5 
10 23 29 38 
11 31 7 
34 48 
5 43 
9 42 
2 
36 
1 
17 41 
15 24 
42 
43 49 
44 14 
24 8 
48 28 
38 
41 
7 
28 
29 19 
8 
31 
19 47 
23 
37 
39 
49 
14 
21 
47 
26 
# clone tree 13 objective: 2.65466
0 26 40 
40 2 32 
32 10 4 
4 1 11 33 
33 30 25 
25 46 
45 27 
27 15 9 6 
46 45 
6 36 20 
20 16 
16 22 
22 18 
18 34 13 
13 37 12 
12 35 
35 3 
30 44 17 
3 39 5 
10 23 29 38 
11 31 7 
34 48 
5 43 
9 42 
2 
36 21 
1 
17 41 
15 24 
42 
43 49 
44 14 
24 8 
48 28 
38 
41 
7 
28 
29 19 
8 
31 
19 47 
23 
37 
39 
49 
14 
21 
47 
26 
# clone tree 14 objective: 2.65466
0 26 40 
40 2 32 
32 10 4 
4 1 11 33 
33 30 25 
25 46 
45 27 
27 15 9 6 
46 45 
6 36 20 
20 28 16 
16 22 
22 18 
18 34 13 
13 49 37 12 
12 35 
35 3 
30 44 17 
3 39 5 
10 23 29 38 
11 31 7 
34 48 
5 43 
9 42 
2 
36 21 
1 
17 41 
15 24 
42 
43 
44 14 
24 8 
48 
38 
41 
7 
28 
29 19 
8 
31 
19 47 
23 
37 
39 
49 
14 
21 
47 
26 
# clone tree 15 objective: 2.65466
0 26 40 
40 21 2 32 
32 10 4 
4 1 11 33 
33 30 25 
25 46 
45 27 
27 15 9 6 
46 45 
6 36 20 
20 28 16 
16 22 
22 18 
18 34 13 
13 49 37 12 
12 35 
35 3 
30 44 17 
3 39 5 
10 23 29 38 
11 31 7 
34 48 
5 43 
9 42 
2 
36 
1 
17 41 
15 24 
42 
43 
44 14 
24 8 
48 
38 
41 
7 
28 
29 19 
8 
31 
19 47 
23 
37 
39 
49 
14 
21 
47 
26 
# clone tree 16 objective: 2.65473
0 26 40 
40 2 32 
32 10 4 
4 1 11 33 
33 30 25 
25 46 
45 27 
27 15 9 6 
46 45 
6 36 20 
20 28 16 
16 22 
22 18 
18 34 13 
13 37 12 
12 35 
35 3 
30 44 17 
3 39 5 
10 23 29 38 
11 31 7 
34 48 
5 43 
9 42 
2 47 
36 21 
1 
17 41 
15 24 
42 
43 49 
44 14 
24 8 
48 
38 
41 
7 
28 
29 19 
8 
31 
19 
23 
37 
39 
49 
14 
21 
47 
26 
# clone tree 17 objective: 2.65473
0 26 40 
40 21 2 32 
32 10 4 
4 1 11 33 
33 30 25 
25 46 
45 27 
27 15 9 6 
46 45 
6 36 20 
20 28 16 
16 22 
22 18 
18 34 13 
13 37 12 
12 35 
35 3 
30 44 17 
3 39 5 
10 23 29 38 
11 31 7 
34 48 
5 43 
9 42 
2 47 
36 
1 
17 41 
15 24 
42 
43 49 
44 14 
24 8 
48 
38 
41 
7 
28 
29 19 
8 
31 
19 
23 
37 
39 
49 
14 
21 
47 
26 
# clone tree 18 objective: 2.65475
0 26 40 
40 2 32 
32 10 4 
4 1 11 33 
33 30 25 
25 46 
45 27 
27 15 9 6 
46 45 
6 36 20 
20 28 16 
16 22 
22 18 
18 34 13 
13 37 12 
12 35 
35 3 
30 44 17 
3 39 5 
10 23 29 38 
11 31 7 
34 48 
5 43 
9 42 
2 
36 21 
1 8 
17 41 
15 24 
42 
43 49 
44 14 
24 
48 
38 
41 
7 
28 
29 19 
8 
31 
19 47 
23 
37 
39 
49 
14 
21 
47 
26 
# clone tree 19 objective: 2.65475
0 26 40 
40 21 2 32 
32 10 4 
4 1 11 33 
33 30 25 
25 46 
45 27 
27 15 9 6 
46 45 
6 36 20 
20 28 16 
16 22 
22 18 
18 34 13 
13 37 12 
12 35 
35 3 
30 44 17 
3 39 5 
10 23 29 38 
11 31 7 
34 48 
5 43 
9 42 
2 
36 
1 8 
17 41 
15 24 
42 
43 49 
44 14 
24 
48 
38 
41 
7 
28 
29 19 
8 
31 
19 47 
23 
37 
39 
49 
14 
21 
47 
26 
# clone tree 20 objective: 2.65481
0 26 40 
40 2 32 
32 10 4 
4 1 11 33 
33 30 25 
25 46 
45 27 
27 15 9 6 
46 45 
6 36 20 
20 28 16 
16 22 
22 18 
18 34 13 
13 37 12 
12 35 
35 3 
30 44 17 
3 39 5 
10 23 31 38 
11 29 7 
34 48 
5 43 
9 42 
2 
36 21 
1 
17 41 
15 24 
42 
43 49 
44 14 
24 8 
48 47 
38 
41 
7 
28 
29 19 
8 
31 
19 
23 
37 
39 
49 
14 
21 
47 
26 
# clone tree 21 objective: 2.65481
0 26 40 
40 21 2 32 
32 10 4 
4 1 11 33 
33 30 25 
25 46 
45 27 
27 15 9 6 
46 45 
6 36 20 
20 28 16 
16 22 
22 18 
18 34 13 
13 37 12 
12 35 
35 3 
30 44 17 
3 39 5 
10 23 31 38 
11 29 7 
34 48 
5 43 
9 42 
2 
36 
1 
17 41 
15 24 
42 
43 49 
44 14 
24 8 
48 47 
38 
41 
7 
28 
29 19 
8 
31 
19 
23 
37 
39 
49 
14 
21 
47 
26 
# clone tree 22 objective: 2.65494
0 26 40 
40 2 32 
32 10 4 
4 1 11 33 
33 30 25 
25 46 
45 27 
27 15 9 6 
46 45 
6 36 20 
20 28 16 
16 22 
22 18 
18 34 13 
13 37 43 12 
12 35 
35 3 
30 44 17 
3 39 5 
10 23 19 38 
11 29 7 
34 48 
5 
9 42 
2 
36 21 
1 
17 41 
15 24 
42 
43 49 
44 14 
24 8 
48 47 
38 
41 
7 
28 
29 31 
8 
31 
19 
23 
37 
39 
49 
14 
21 
47 
26 
# clone tree 23 objective: 2.65494
0 26 40 
40 21 2 32 
32 10 4 
4 1 11 33 
33 30 25 
25 46 
45 27 
27 15 9 6 
46 45 
6 36 20 
20 28 16 
16 22 
22 18 
18 34 13 
13 37 43 12 
12 35 
35 3 
30 44 17 
3 39 5 
10 23 19 38 
11 29 7 
34 48 
5 
9 42 
2 
36 
1 
17 41 
15 24 
42 
43 49 
44 14 
24 8 
48 47 
38 
41 
7 
28 
29 31 
8 
31 
19 
23 
37 
39 
49 
14 
21 
47 
26 
# clone tree 24 objective: 2.65495
0 26 40 
40 2 32 
32 10 4 
4 1 11 33 
33 30 25 
25 46 
45 27 
27 15 9 6 
46 45 
6 36 20 
20 28 16 
16 22 
22 18 
18 34 13 
13 37 12 
12 35 
35 3 
30 44 17 
3 39 5 
10 23 31 38 
11 29 7 
34 48 
5 43 
9 42 
2 47 
36 21 
1 
17 41 
15 24 
42 
43 49 
44 14 
24 8 
48 
38 
41 
7 
28 
29 19 
8 
31 
19 
23 
37 
39 
49 
14 
21 
47 
26 
# clone tree 25 objective: 2.65495
0 26 40 
40 21 2 32 
32 10 4 
4 1 11 33 
33 30 25 
25 46 
45 27 
27 15 9 6 
46 45 
6 36 20 
20 28 16 
16 22 
22 18 
18 34 13 
13 37 12 
12 35 
35 3 
30 44 17 
3 39 5 
10 23 31 38 
11 29 7 
34 48 
5 43 
9 42 
2 47 
36 
1 
17 41 
15 24 
42 
43 49 
44 14 
24 8 
48 
38 
41 
7 
28 
29 19 
8 
31 
19 
23 
37 
39 
49 
14 
21 
47 
26 
# clone tree 26 objective: 2.65501
0 40 
40 2 32 
32 10 4 
4 41 1 11 33 
33 30 25 
25 46 
45 27 
27 15 9 6 
46 45 
6 36 20 
20 28 16 
16 22 
22 18 
18 34 13 
13 37 12 
12 35 
35 3 
30 44 17 
3 39 5 
10 23 29 38 
11 31 7 
34 48 
5 43 
9 42 
2 
36 21 
1 
17 26 
15 24 
42 
43 49 
44 14 
24 8 
48 
38 
41 
7 
28 
29 19 
8 
31 
19 47 
23 
37 
39 
49 
14 
21 
47 
26 
# clone tree 27 objective: 2.65501
0 40 
40 21 2 32 
32 10 4 
4 41 1 11 33 
33 30 25 
25 46 
45 27 
27 15 9 6 
46 45 
6 36 20 
20 28 16 
16 22 
22 18 
18 34 13 
13 37 12 
12 35 
35 3 
30 44 17 
3 5 
10 23 29 38 
11 31 7 
34 48 
5 43 
9 42 
2 
36 
1 
17 26 39 
15 24 
42 
43 49 
44 14 
24 8 
48 
38 
41 
7 
28 
29 19 
8 
31 
19 47 
23 
37 
39 
49 
14 
21 
47 
26 
# clone tree 28 objective: 2.65501
0 40 
40 21 2 32 
32 10 4 
4 41 1 11 33 
33 30 25 
25 46 
45 27 
27 15 9 6 
46 45 
6 36 20 
20 28 16 
16 22 
22 18 
18 34 13 
13 37 12 
12 35 
35 3 
30 44 17 
3 39 5 
10 23 29 38 
11 31 7 
34 48 
5 43 
9 42 
2 
36 
1 
17 26 
15 24 
42 
43 49 
44 14 
24 8 
48 
38 
41 
7 
28 
29 19 
8 
31 
19 47 
23 
37 
39 
49 
14 
21 
47 
26 
# clone tree 29 objective: 2.65501
0 40 
40 2 32 
32 10 4 
4 41 1 11 33 
33 30 25 
25 46 
45 27 
27 15 9 6 
46 45 
6 36 20 
20 28 16 
16 22 
22 18 
18 34 13 
13 37 12 
12 35 
35 3 
30 44 17 
3 21 5 
10 23 29 38 
11 31 7 
34 48 
5 43 
9 42 
2 
36 
1 
17 26 39 
15 24 
42 
43 49 
44 14 
24 8 
48 
38 
41 
7 
28 
29 19 
8 
31 
19 47 
23 
37 
39 
49 
14 
21 
47 
26 
# clone tree 30 objective: 2.65501
0 40 
40 2 32 
32 10 4 
4 41 1 11 33 
33 30 25 
25 46 
45 27 
27 15 9 6 
46 45 
6 36 20 
20 28 16 
16 22 
22 18 
18 34 13 
13 37 12 
12 35 
35 3 
30 44 17 
3 5 
10 23 29 38 
11 31 7 
34 48 
5 43 
9 42 
2 
36 21 
1 
17 26 39 
15 24 
42 
43 49 
44 14 
24 8 
48 
38 
41 
7 
28 
29 19 
8 
31 
19 47 
23 
37 
39 
49 
14 
21 
47 
26 
# clone tree 31 objective: 2.65505
0 26 40 
40 2 32 
32 10 4 
4 1 11 33 
33 30 25 
25 46 
45 27 
27 15 9 6 
46 45 
6 36 20 
20 28 16 
16 22 
22 18 
18 34 13 
13 37 12 
12 35 
35 3 
30 44 17 
3 39 5 
10 23 29 38 
11 31 7 
34 48 
5 43 
9 42 
2 49 
36 21 
1 
17 41 
15 24 
42 
43 
44 14 
24 8 
48 
38 
41 
7 
28 
29 19 
8 
31 
19 47 
23 
37 
39 
49 
14 
21 
47 
26 
# clone tree 32 objective: 2.65505
0 26 40 
40 21 2 32 
32 10 4 
4 1 11 33 
33 30 25 
25 46 
45 27 
27 15 9 6 
46 45 
6 36 20 
20 28 16 
16 22 
22 18 
18 34 13 
13 37 12 
12 35 
35 3 
30 44 17 
3 39 5 
10 23 29 38 
11 31 7 
34 48 
5 43 
9 42 
2 49 
36 
1 
17 41 
15 24 
42 
43 
44 14 
24 8 
48 
38 
41 
7 
28 
29 19 
8 
31 
19 47 
23 
37 
39 
49 
14 
21 
47 
26 
# clone tree 33 objective: 2.65508
0 26 40 
40 21 2 32 
32 10 4 
4 1 11 33 
33 30 25 
25 46 
45 27 
27 15 9 6 
46 45 
6 36 20 
20 28 16 
16 22 
22 18 
18 34 13 
13 37 43 12 
12 35 
35 3 
30 44 17 
3 39 5 
10 23 19 38 
11 29 7 
34 48 
5 
9 42 
2 47 
36 
1 
17 41 
15 24 
42 
43 49 
44 14 
24 8 
48 
38 
41 
7 
28 
29 31 
8 
31 
19 
23 
37 
39 
49 
14 
21 
47 
26 
# clone tree 34 objective: 2.65508
0 26 40 
40 2 32 
32 10 4 
4 1 11 33 
33 30 25 
25 46 
45 27 
27 15 9 6 
46 45 
6 36 20 
20 28 16 
16 22 
22 18 
18 34 13 
13 37 43 12 
12 35 
35 3 
30 44 17 
3 39 5 
10 23 19 38 
11 29 7 
34 48 
5 
9 42 
2 47 
36 21 
1 
17 41 
15 24 
42 
43 49 
44 14 
24 8 
48 
38 
41 
7 
28 
29 31 
8 
31 
19 
23 
37 
39 
49 
14 
21 
47 
26 
# clone tree 35 objective: 2.65522
0 26 40 
40 2 32 
32 10 4 
4 41 1 11 33 
33 30 25 
25 46 
45 27 
27 15 9 6 
46 45 
6 36 20 
20 28 16 
16 22 
22 18 
18 34 13 
13 37 12 
12 35 
35 3 
30 44 17 
3 39 5 
10 23 29 38 
11 31 7 
34 48 
5 43 
9 42 
2 
36 21 
1 
17 
15 24 
42 
43 49 
44 14 
24 8 
48 47 
38 
41 
7 
28 
29 19 
8 
31 
19 
23 
37 
39 
49 
14 
21 
47 
26 
# clone tree 36 objective: 2.65522
0 26 40 
40 21 2 32 
32 10 4 
4 41 1 11 33 
33 30 25 
25 46 
45 27 
27 15 9 6 
46 45 
6 36 20 
20 28 16 
16 22 
22 18 
18 34 13 
13 37 12 
12 35 
35 3 
30 44 17 
3 5 
10 23 29 38 
11 31 7 
34 48 
5 43 
9 42 
2 
36 
1 
17 39 
15 24 
42 
43 49 
44 14 
24 8 
48 47 
38 
41 
7 
28 
29 19 
8 
31 
19 
23 
37 
39 
49 
14 
21 
47 
26 
# clone tree 37 objective: 2.65522
0 26 40 
40 2 32 
32 10 4 
4 41 1 11 33 
33 30 25 
25 46 
45 27 
27 15 9 6 
46 45 
6 36 20 
20 28 16 
16 22 
22 18 
18 34 13 
13 37 12 
12 35 
35 3 
30 44 17 
3 5 
10 23 29 38 
11 31 7 
34 48 
5 43 
9 42 
2 
36 21 
1 
17 39 
15 24 
42 
43 49 
44 14 
24 8 
48 47 
38 
41 
7 
28 
29 19 
8 
31 
19 
23 
37 
39 
49 
14 
21 
47 
26 
# clone tree 38 objective: 2.65522
0 26 40 
40 21 2 32 
32 10 4 
4 41 1 11 33 
33 30 25 
25 46 
45 27 
27 15 9 6 
46 45 
6 36 20 
20 28 16 
16 22 
22 18 
18 34 13 
13 37 12 
12 35 
35 3 
30 44 17 
3 39 5 
10 23 29 38 
11 31 7 
34 48 
5 43 
9 42 
2 
36 
1 
17 
15 24 
42 
43 49 
44 14 
24 8 
48 47 
38 
41 
7 
28 
29 19 
8 
31 
19 
23 
37 
39 
49 
14 
21 
47 
26 
# clone tree 39 objective: 2.65522
0 26 40 
40 2 32 
32 10 4 
4 41 1 11 33 
33 30 25 
25 46 
45 27 
27 15 9 6 
46 45 
6 36 20 
20 28 16 
16 22 
22 18 
18 34 13 
13 37 12 
12 35 
35 3 
30 44 17 
3 21 5 
10 23 29 38 
11 31 7 
34 48 
5 43 
9 42 
2 
36 
1 
17 39 
15 24 
42 
43 49 
44 14 
24 8 
48 47 
38 
41 
7 
28 
29 19 
8 
31 
19 
23 
37 
39 
49 
14 
21 
47 
26 
# clone tree 40 objective: 2.65527
0 26 40 
40 21 2 32 
32 10 4 
4 1 11 33 
33 30 25 
25 46 
45 27 
27 15 9 6 
46 45 
6 36 20 
20 28 16 
16 22 
22 18 
18 34 13 
13 37 12 
12 35 
35 3 
30 44 17 
3 39 5 
10 23 29 38 
11 31 7 
34 48 
5 43 
9 42 
2 
36 
1 
17 41 
15 24 
42 
43 49 
44 14 
24 8 
48 19 
38 
41 
7 
28 
29 
8 
31 
19 47 
23 
37 
39 
49 
14 
21 
47 
26 
# clone tree 41 objective: 2.65527
0 26 40 
40 2 32 
32 10 4 
4 1 11 33 
33 30 25 
25 46 
45 27 
27 15 9 6 
46 45 
6 36 20 
20 28 16 
16 22 
22 18 
18 34 13 
13 37 12 
12 35 
35 3 
30 44 17 
3 39 5 
10 23 29 38 
11 31 7 
34 48 
5 43 
9 42 
2 
36 21 
1 
17 41 
15 24 
42 
43 49 
44 14 
24 8 
48 19 
38 
41 
7 
28 
29 
8 
31 
19 47 
23 
37 
39 
49 
14 
21 
47 
26 
# clone tree 42 objective: 2.65529
0 26 40 
40 2 32 
32 10 4 
4 41 1 11 33 
33 30 25 
25 46 
45 27 
27 15 9 6 
46 45 
6 36 20 
20 16 
16 22 
22 18 
18 34 13 
13 37 12 
12 35 
35 3 
30 44 17 
3 5 
10 23 29 38 
11 31 7 
34 48 
5 43 
9 42 
2 
36 21 
1 
17 39 
15 24 
42 
43 49 
44 14 
24 8 
48 28 
38 
41 
7 
28 
29 19 
8 
31 
19 47 
23 
37 
39 
49 
14 
21 
47 
26 
# clone tree 43 objective: 2.65529
0 26 40 
40 2 32 
32 10 4 
4 41 1 11 33 
33 30 25 
25 46 
45 27 
27 15 9 6 
46 45 
6 36 20 
20 16 
16 22 
22 18 
18 34 13 
13 37 12 
12 35 
35 3 
30 44 17 
3 21 5 
10 23 29 38 
11 31 7 
34 48 
5 43 
9 42 
2 
36 
1 
17 39 
15 24 
42 
43 49 
44 14 
24 8 
48 28 
38 
41 
7 
28 
29 19 
8 
31 
19 47 
23 
37 
39 
49 
14 
21 
47 
26 
# clone tree 44 objective: 2.65529
0 26 40 
40 21 2 32 
32 10 4 
4 41 1 11 33 
33 30 25 
25 46 
45 27 
27 15 9 6 
46 45 
6 36 20 
20 16 
16 22 
22 18 
18 34 13 
13 37 12 
12 35 
35 3 
30 44 17 
3 5 
10 23 29 38 
11 31 7 
34 48 
5 43 
9 42 
2 
36 
1 
17 39 
15 24 
42 
43 49 
44 14 
24 8 
48 28 
38 
41 
7 
28 
29 19 
8 
31 
19 47 
23 
37 
39 
49 
14 
21 
47 
26 
# clone tree 45 objective: 2.65529
0 26 40 
40 2 32 
32 10 4 
4 41 1 11 33 
33 30 25 
25 46 
45 27 
27 15 9 6 
46 45 
6 36 20 
20 16 
16 22 
22 18 
18 34 13 
13 37 12 
12 35 
35 3 
30 44 17 
3 39 5 
10 23 29 38 
11 31 7 
34 48 
5 43 
9 42 
2 
36 21 
1 
17 
15 24 
42 
43 49 
44 14 
24 8 
48 28 
38 
41 
7 
28 
29 19 
8 
31 
19 47 
23 
37 
39 
49 
14 
21 
47 
26 
# clone tree 46 objective: 2.65529
0 26 40 
40 21 2 32 
32 10 4 
4 41 1 11 33 
33 30 25 
25 46 
45 27 
27 15 9 6 
46 45 
6 36 20 
20 16 
16 22 
22 18 
18 34 13 
13 37 12 
12 35 
35 3 
30 44 17 
3 39 5 
10 23 29 38 
11 31 7 
34 48 
5 43 
9 42 
2 
36 
1 
17 
15 24 
42 
43 49 
44 14 
24 8 
48 28 
38 
41 
7 
28 
29 19 
8 
31 
19 47 
23 
37 
39 
49 
14 
21 
47 
26 
# clone tree 47 objective: 2.65529
0 26 40 
40 21 2 32 
32 10 4 
4 41 1 11 33 
33 30 25 
25 46 
45 27 
27 15 9 6 
46 45 
6 36 20 
20 28 16 
16 22 
22 18 
18 34 13 
13 49 37 12 
12 35 
35 3 
30 44 17 
3 39 5 
10 23 29 38 
11 31 7 
34 48 
5 43 
9 42 
2 
36 
1 
17 
15 24 
42 
43 
44 14 
24 8 
48 
38 
41 
7 
28 
29 19 
8 
31 
19 47 
23 
37 
39 
49 
14 
21 
47 
26 
# clone tree 48 objective: 2.65529
0 26 40 
40 21 2 32 
32 10 4 
4 41 1 11 33 
33 30 25 
25 46 
45 27 
27 15 9 6 
46 45 
6 36 20 
20 28 16 
16 22 
22 18 
18 34 13 
13 49 37 12 
12 35 
35 3 
30 44 17 
3 5 
10 23 29 38 
11 31 7 
34 48 
5 43 
9 42 
2 
36 
1 
17 39 
15 24 
42 
43 
44 14 
24 8 
48 
38 
41 
7 
28 
29 19 
8 
31 
19 47 
23 
37 
39 
49 
14 
21 
47 
26 
# clone tree 49 objective: 2.65529
0 26 40 
40 2 32 
32 10 4 
4 41 1 11 33 
33 30 25 
25 46 
45 27 
27 15 9 6 
46 45 
6 36 20 
20 28 16 
16 22 
22 18 
18 34 13 
13 49 37 12 
12 35 
35 3 
30 44 17 
3 21 5 
10 23 29 38 
11 31 7 
34 48 
5 43 
9 42 
2 
36 
1 
17 39 
15 24 
42 
43 
44 14 
24 8 
48 
38 
41 
7 
28 
29 19 
8 
31 
19 47 
23 
37 
39 
49 
14 
21 
47 
26 
# clone tree 50 objective: 2.65529
0 26 40 
40 2 32 
32 10 4 
4 41 1 11 33 
33 30 25 
25 46 
45 27 
27 15 9 6 
46 45 
6 36 20 
20 28 16 
16 22 
22 18 
18 34 13 
13 49 37 12 
12 35 
35 3 
30 44 17 
3 39 5 
10 23 29 38 
11 31 7 
34 48 
5 43 
9 42 
2 
36 21 
1 
17 
15 24 
42 
43 
44 14 
24 8 
48 
38 
41 
7 
28 
29 19 
8 
31 
19 47 
23 
37 
39 
49 
14 
21 
47 
26 
# clone tree 51 objective: 2.65529
0 26 40 
40 2 32 
32 10 4 
4 41 1 11 33 
33 30 25 
25 46 
45 27 
27 15 9 6 
46 45 
6 36 20 
20 28 16 
16 22 
22 18 
18 34 13 
13 49 37 12 
12 35 
35 3 
30 44 17 
3 5 
10 23 29 38 
11 31 7 
34 48 
5 43 
9 42 
2 
36 21 
1 
17 39 
15 24 
42 
43 
44 14 
24 8 
48 
38 
41 
7 
28 
29 19 
8 
31 
19 47 
23 
37 
39 
49 
14 
21 
47 
26 
# clone tree 52 objective: 2.6553
0 26 40 
40 21 2 32 
32 10 4 
4 1 11 33 
33 24 30 25 
25 46 
45 27 
27 15 9 6 
46 45 
6 36 20 
20 28 16 
16 22 
22 18 
18 34 13 
13 37 12 
12 35 
35 3 
30 44 17 
3 39 5 
10 23 29 38 
11 31 7 
34 48 
5 43 
9 42 
2 
36 
1 
17 41 
15 
42 
43 49 
44 14 
24 8 
48 
38 
41 
7 
28 
29 19 
8 
31 
19 47 
23 
37 
39 
49 
14 
21 
47 
26 
# clone tree 53 objective: 2.6553
0 26 40 
40 2 32 
32 10 4 
4 1 11 33 
33 24 30 25 
25 46 
45 27 
27 15 9 6 
46 45 
6 36 20 
20 28 16 
16 22 
22 18 
18 34 13 
13 37 12 
12 35 
35 3 
30 44 17 
3 39 5 
10 23 29 38 
11 31 7 
34 48 
5 43 
9 42 
2 
36 21 
1 
17 41 
15 
42 
43 49 
44 14 
24 8 
48 
38 
41 
7 
28 
29 19 
8 
31 
19 47 
23 
37 
39 
49 
14 
21 
47 
26 
# clone tree 54 objective: 2.65536
0 26 40 
40 2 32 
32 10 4 
4 41 1 11 33 
33 30 25 
25 46 
45 27 
27 15 9 6 
46 45 
6 36 20 
20 28 16 
16 22 
22 18 
18 34 13 
13 37 12 
12 35 
35 3 
30 44 17 
3 5 
10 23 29 38 
11 31 7 
34 48 
5 43 
9 42 
2 47 
36 21 
1 
17 39 
15 24 
42 
43 49 
44 14 
24 8 
48 
38 
41 
7 
28 
29 19 
8 
31 
19 
23 
37 
39 
49 
14 
21 
47 
26 
# clone tree 55 objective: 2.65536
0 26 40 
40 2 32 
32 10 4 
4 41 1 11 33 
33 30 25 
25 46 
45 27 
27 15 9 6 
46 45 
6 36 20 
20 28 16 
16 22 
22 18 
18 34 13 
13 37 12 
12 35 
35 3 
30 44 17 
3 21 5 
10 23 29 38 
11 31 7 
34 48 
5 43 
9 42 
2 47 
36 
1 
17 39 
15 24 
42 
43 49 
44 14 
24 8 
48 
38 
41 
7 
28 
29 19 
8 
31 
19 
23 
37 
39 
49 
14 
21 
47 
26 
# clone tree 56 objective: 2.65536
0 26 40 
40 21 2 32 
32 10 4 
4 41 1 11 33 
33 30 25 
25 46 
45 27 
27 15 9 6 
46 45 
6 36 20 
20 28 16 
16 22 
22 18 
18 34 13 
13 37 12 
12 35 
35 3 
30 44 17 
3 39 5 
10 23 29 38 
11 31 7 
34 48 
5 43 
9 42 
2 47 
36 
1 
17 
15 24 
42 
43 49 
44 14 
24 8 
48 
38 
41 
7 
28 
29 19 
8 
31 
19 
23 
37 
39 
49 
14 
21 
47 
26 
# clone tree 57 objective: 2.65536
0 26 40 
40 21 2 32 
32 10 4 
4 41 1 11 33 
33 30 25 
25 46 
45 27 
27 15 9 6 
46 45 
6 36 20 
20 28 16 
16 22 
22 18 
18 34 13 
13 37 12 
12 35 
35 3 
30 44 17 
3 5 
10 23 29 38 
11 31 7 
34 48 
5 43 
9 42 
2 47 
36 
1 
17 39 
15 24 
42 
43 49 
44 14 
24 8 
48 
38 
41 
7 
28 
29 19 
8 
31 
19 
23 
37 
39 
49 
14 
21 
47 
26 
# clone tree 58 objective: 2.65536
0 26 40 
40 2 32 
32 10 4 
4 41 1 11 33 
33 30 25 
25 46 
45 27 
27 15 9 6 
46 45 
6 36 20 
20 28 16 
16 22 
22 18 
18 34 13 
13 37 12 
12 35 
35 3 
30 44 17 
3 39 5 
10 23 29 38 
11 31 7 
34 48 
5 43 
9 42 
2 47 
36 21 
1 
17 
15 24 
42 
43 49 
44 14 
24 8 
48 
38 
41 
7 
28 
29 19 
8 
31 
19 
23 
37 
39 
49 
14 
21 
47 
26 
# clone tree 59 objective: 2.65538
0 26 40 
40 21 2 32 
32 10 4 
4 41 1 11 33 
33 30 25 
25 46 
45 27 
27 15 9 6 
46 45 
6 36 20 
20 28 16 
16 22 
22 18 
18 34 13 
13 37 12 
12 35 
35 3 
30 44 17 
3 39 5 
10 23 29 38 
11 31 7 
34 48 
5 43 
9 42 
2 
36 
1 8 
17 
15 24 
42 
43 49 
44 14 
24 
48 
38 
41 
7 
28 
29 19 
8 
31 
19 47 
23 
37 
39 
49 
14 
21 
47 
26 
# clone tree 60 objective: 2.65538
0 26 40 
40 21 2 32 
32 10 4 
4 41 1 11 33 
33 30 25 
25 46 
45 27 
27 15 9 6 
46 45 
6 36 20 
20 28 16 
16 22 
22 18 
18 34 13 
13 37 12 
12 35 
35 3 
30 44 17 
3 5 
10 23 29 38 
11 31 7 
34 48 
5 43 
9 42 
2 
36 
1 8 
17 39 
15 24 
42 
43 49 
44 14 
24 
48 
38 
41 
7 
28 
29 19 
8 
31 
19 47 
23 
37 
39 
49 
14 
21 
47 
26 
# clone tree 61 objective: 2.65538
0 26 40 
40 2 32 
32 10 4 
4 41 1 11 33 
33 30 25 
25 46 
45 27 
27 15 9 6 
46 45 
6 36 20 
20 28 16 
16 22 
22 18 
18 34 13 
13 37 12 
12 35 
35 3 
30 44 17 
3 39 5 
10 23 29 38 
11 31 7 
34 48 
5 43 
9 42 
2 
36 21 
1 8 
17 
15 24 
42 
43 49 
44 14 
24 
48 
38 
41 
7 
28 
29 19 
8 
31 
19 47 
23 
37 
39 
49 
14 
21 
47 
26 
# clone tree 62 objective: 2.65538
0 26 40 
40 2 32 
32 10 4 
4 41 1 11 33 
33 30 25 
25 46 
45 27 
27 15 9 6 
46 45 
6 36 20 
20 28 16 
16 22 
22 18 
18 34 13 
13 37 12 
12 35 
35 3 
30 44 17 
3 21 5 
10 23 29 38 
11 31 7 
34 48 
5 43 
9 42 
2 
36 
1 8 
17 39 
15 24 
42 
43 49 
44 14 
24 
48 
38 
41 
7 
28 
29 19 
8 
31 
19 47 
23 
37 
39 
49 
14 
21 
47 
26 
# clone tree 63 objective: 2.65538
0 26 40 
40 2 32 
32 10 4 
4 41 1 11 33 
33 30 25 
25 46 
45 27 
27 15 9 6 
46 45 
6 36 20 
20 28 16 
16 22 
22 18 
18 34 13 
13 37 12 
12 35 
35 3 
30 44 17 
3 5 
10 23 29 38 
11 31 7 
34 48 
5 43 
9 42 
2 
36 21 
1 8 
17 39 
15 24 
42 
43 49 
44 14 
24 
48 
38 
41 
7 
28 
29 19 
8 
31 
19 47 
23 
37 
39 
49 
14 
21 
47 
26 
# clone tree 64 objective: 2.65544
0 26 40 
40 2 32 
32 10 4 
4 41 1 11 33 
33 30 25 
25 46 
45 27 
27 15 9 6 
46 45 
6 36 20 
20 28 16 
16 22 
22 18 
18 34 13 
13 37 12 
12 35 
35 3 
30 44 17 
3 21 5 
10 23 31 38 
11 29 7 
34 48 
5 43 
9 42 
2 
36 
1 
17 39 
15 24 
42 
43 49 
44 14 
24 8 
48 47 
38 
41 
7 
28 
29 19 
8 
31 
19 
23 
37 
39 
49 
14 
21 
47 
26 
# clone tree 65 objective: 2.65544
0 26 40 
40 2 32 
32 10 4 
4 41 1 11 33 
33 30 25 
25 46 
45 27 
27 15 9 6 
46 45 
6 36 20 
20 28 16 
16 22 
22 18 
18 34 13 
13 37 12 
12 35 
35 3 
30 44 17 
3 5 
10 23 31 38 
11 29 7 
34 48 
5 43 
9 42 
2 
36 21 
1 
17 39 
15 24 
42 
43 49 
44 14 
24 8 
48 47 
38 
41 
7 
28 
29 19 
8 
31 
19 
23 
37 
39 
49 
14 
21 
47 
26 
# clone tree 66 objective: 2.65544
0 26 40 
40 21 2 32 
32 10 4 
4 41 1 11 33 
33 30 25 
25 46 
45 27 
27 15 9 6 
46 45 
6 36 20 
20 28 16 
16 22 
22 18 
18 34 13 
13 37 12 
12 35 
35 3 
30 44 17 
3 39 5 
10 23 31 38 
11 29 7 
34 48 
5 43 
9 42 
2 
36 
1 
17 
15 24 
42 
43 49 
44 14 
24 8 
48 47 
38 
41 
7 
28 
29 19 
8 
31 
19 
23 
37 
39 
49 
14 
21 
47 
26 
# clone tree 67 objective: 2.65544
0 26 40 
40 21 2 32 
32 10 4 
4 41 1 11 33 
33 30 25 
25 46 
45 27 
27 15 9 6 
46 45 
6 36 20 
20 28 16 
16 22 
22 18 
18 34 13 
13 37 12 
12 35 
35 3 
30 44 17 
3 5 
10 23 31 38 
11 29 7 
34 48 
5 43 
9 42 
2 
36 
1 
17 39 
15 24 
42 
43 49 
44 14 
24 8 
48 47 
38 
41 
7 
28 
29 19 
8 
31 
19 
23 
37 
39 
49 
14 
21 
47 
26 
# clone tree 68 objective: 2.65544
0 26 40 
40 2 32 
32 10 4 
4 41 1 11 33 
33 30 25 
25 46 
45 27 
27 15 9 6 
46 45 
6 36 20 
20 28 16 
16 22 
22 18 
18 34 13 
13 37 12 
12 35 
35 3 
30 44 17 
3 39 5 
10 23 31 38 
11 29 7 
34 48 
5 43 
9 42 
2 
36 21 
1 
17 
15 24 
42 
43 49 
44 14 
24 8 
48 47 
38 
41 
7 
28 
29 19 
8 
31 
19 
23 
37 
39 
49 
14 
21 
47 
26 
# clone tree 69 objective: 2.65549
0 26 40 
40 21 2 32 
32 10 4 
4 1 11 33 
33 30 25 
25 46 
45 27 
27 15 9 6 
46 45 
6 36 20 
20 28 16 
16 22 
22 18 
18 34 13 
13 37 12 
12 35 
35 3 
30 44 17 
3 39 5 
10 23 31 38 
11 29 7 
34 48 
5 43 
9 42 
2 
36 
1 
17 41 
15 24 
42 
43 49 
44 14 
24 8 
48 19 
38 
41 
7 
28 
29 
8 
31 
19 47 
23 
37 
39 
49 
14 
21 
47 
26 
# clone tree 70 objective: 2.65549
0 26 40 
40 2 32 
32 10 4 
4 1 11 33 
33 30 25 
25 46 
45 27 
27 15 9 6 
46 45 
6 36 20 
20 28 16 
16 22 
22 18 
18 34 13 
13 37 12 
12 35 
35 3 
30 44 17 
3 39 5 
10 23 31 38 
11 29 7 
34 48 
5 43 
9 42 
2 
36 21 
1 
17 41 
15 24 
42 
43 49 
44 14 
24 8 
48 19 
38 
41 
7 
28 
29 
8 
31 
19 47 
23 
37 
39 
49 
14 
21 
47 
26 
# clone tree 71 objective: 2.6555
0 26 40 
40 2 32 
32 10 4 
4 1 11 33 
33 30 25 
25 46 
45 27 
27 15 9 6 
46 45 
6 36 20 
20 28 16 
16 22 
22 18 
18 34 13 
13 37 12 
12 35 
35 3 
30 44 17 
3 39 5 
10 23 29 38 
11 31 7 
34 48 
5 43 
9 42 
2 47 
36 21 
1 
17 41 
15 24 
42 
43 49 
44 14 
24 8 
48 19 
38 
41 
7 
28 
29 
8 
31 
19 
23 
37 
39 
49 
14 
21 
47 
26 
# clone tree 72 objective: 2.6555
0 26 40 
40 21 2 32 
32 10 4 
4 1 11 33 
33 30 25 
25 46 
45 27 
27 15 9 6 
46 45 
6 36 20 
20 28 16 
16 22 
22 18 
18 34 13 
13 37 12 
12 35 
35 3 
30 44 17 
3 39 5 
10 23 29 38 
11 31 7 
34 48 
5 43 
9 42 
2 47 
36 
1 
17 41 
15 24 
42 
43 49 
44 14 
24 8 
48 19 
38 
41 
7 
28 
29 
8 
31 
19 
23 
37 
39 
49 
14 
21 
47 
26 
# clone tree 73 objective: 2.65558
0 26 40 
40 21 2 32 
32 10 4 
4 41 1 11 33 
33 30 25 
25 46 
45 27 
27 15 9 6 
46 45 
6 36 20 
20 28 16 
16 22 
22 18 
18 34 13 
13 37 12 
12 35 
35 3 
30 44 17 
3 39 5 
10 23 31 38 
11 29 7 
34 48 
5 43 
9 42 
2 47 
36 
1 
17 
15 24 
42 
43 49 
44 14 
24 8 
48 
38 
41 
7 
28 
29 19 
8 
31 
19 
23 
37 
39 
49 
14 
21 
47 
26 
# clone tree 74 objective: 2.65558
0 26 40 
40 2 32 
32 10 4 
4 41 1 11 33 
33 30 25 
25 46 
45 27 
27 15 9 6 
46 45 
6 36 20 
20 28 16 
16 22 
22 18 
18 34 13 
13 37 12 
12 35 
35 3 
30 44 17 
3 39 5 
10 23 31 38 
11 29 7 
34 48 
5 43 
9 42 
2 47 
36 21 
1 
17 
15 24 
42 
43 49 
44 14 
24 8 
48 
38 
41 
7 
28 
29 19 
8 
31 
19 
23 
37 
39 
49 
14 
21 
47 
26 
# clone tree 75 objective: 2.65558
0 26 40 
40 21 2 32 
32 10 4 
4 41 1 11 33 
33 30 25 
25 46 
45 27 
27 15 9 6 
46 45 
6 36 20 
20 28 16 
16 22 
22 18 
18 34 13 
13 37 12 
12 35 
35 3 
30 44 17 
3 5 
10 23 31 38 
11 29 7 
34 48 
5 43 
9 42 
2 47 
36 
1 
17 39 
15 24 
42 
43 49 
44 14 
24 8 
48 
38 
41 
7 
28 
29 19 
8 
31 
19 
23 
37 
39 
49 
14 
21 
47 
26 
# clone tree 76 objective: 2.65558
0 26 40 
40 2 32 
32 10 4 
4 41 1 11 33 
33 30 25 
25 46 
45 27 
27 15 9 6 
46 45 
6 36 20 
20 28 16 
16 22 
22 18 
18 34 13 
13 37 12 
12 35 
35 3 
30 44 17 
3 21 5 
10 23 31 38 
11 29 7 
34 48 
5 43 
9 42 
2 47 
36 
1 
17 39 
15 24 
42 
43 49 
44 14 
24 8 
48 
38 
41 
7 
28 
29 19 
8 
31 
19 
23 
37 
39 
49 
14 
21 
47 
26 
# clone tree 77 objective: 2.65558
0 26 40 
40 2 32 
32 10 4 
4 41 1 11 33 
33 30 25 
25 46 
45 27 
27 15 9 6 
46 45 
6 36 20 
20 28 16 
16 22 
22 18 
18 34 13 
13 37 12 
12 35 
35 3 
30 44 17 
3 5 
10 23 31 38 
11 29 7 
34 48 
5 43 
9 42 
2 47 
36 21 
1 
17 39 
15 24 
42 
43 49 
44 14 
24 8 
48 
38 
41 
7 
28 
29 19 
8 
31 
19 
23 
37 
39 
49 
14 
21 
47 
26 
# clone tree 78 objective: 2.65559
0 26 40 
40 2 32 
32 10 4 
4 41 1 11 33 
33 30 25 
25 46 
45 27 
27 15 9 6 
46 45 
6 36 20 
20 28 16 
16 22 
22 18 
18 34 13 
13 37 12 
12 35 
35 3 
30 44 17 
3 39 5 
10 23 29 38 
11 31 7 
34 48 
5 43 
9 42 
2 
36 
1 
17 21 
15 24 
42 
43 49 
44 14 
24 8 
48 47 
38 
41 
7 
28 
29 19 
8 
31 
19 
23 
37 
39 
49 
14 
21 
47 
26 
# clone tree 79 objective: 2.65566
0 26 40 
40 2 32 
32 10 4 
4 41 1 11 33 
33 30 25 
25 46 
45 27 
27 15 9 6 
46 45 
6 36 20 
20 16 
16 22 
22 18 
18 34 13 
13 37 12 
12 35 
35 3 
30 44 17 
3 39 5 
10 23 29 38 
11 31 7 
34 48 
5 43 
9 42 
2 
36 
1 
17 21 
15 24 
42 
43 49 
44 14 
24 8 
48 28 
38 
41 
7 
28 
29 19 
8 
31 
19 47 
23 
37 
39 
49 
14 
21 
47 
26 
# clone tree 80 objective: 2.65566
0 26 40 
40 2 32 
32 10 4 
4 41 1 11 33 
33 30 25 
25 46 
45 27 
27 15 9 6 
46 45 
6 36 20 
20 28 16 
16 22 
22 18 
18 34 13 
13 49 37 12 
12 35 
35 3 
30 44 17 
3 39 5 
10 23 29 38 
11 31 7 
34 48 
5 43 
9 42 
2 
36 
1 
17 21 
15 24 
42 
43 
44 14 
24 8 
48 
38 
41 
7 
28 
29 19 
8 
31 
19 47 
23 
37 
39 
49 
14 
21 
47 
26 
# clone tree 81 objective: 2.65568
0 26 40 
40 2 32 
32 10 4 
4 41 1 11 33 
33 30 25 
25 46 
45 27 
27 15 9 6 
46 45 
6 36 20 
20 28 16 
16 22 
22 18 
18 34 13 
13 37 12 
12 35 
35 3 
30 44 17 
3 39 5 
10 23 29 38 
11 31 7 
34 48 
5 43 
9 42 
2 49 
36 21 
1 
17 
15 24 
42 
43 
44 14 
24 8 
48 
38 
41 
7 
28 
29 19 
8 
31 
19 47 
23 
37 
39 
49 
14 
21 
47 
26 
# clone tree 82 objective: 2.65568
0 26 40 
40 2 32 
32 10 4 
4 41 1 11 33 
33 30 25 
25 46 
45 27 
27 15 9 6 
46 45 
6 36 20 
20 28 16 
16 22 
22 18 
18 34 13 
13 37 12 
12 35 
35 3 
30 44 17 
3 21 5 
10 23 29 38 
11 31 7 
34 48 
5 43 
9 42 
2 49 
36 
1 
17 39 
15 24 
42 
43 
44 14 
24 8 
48 
38 
41 
7 
28 
29 19 
8 
31 
19 47 
23 
37 
39 
49 
14 
21 
47 
26 
# clone tree 83 objective: 2.65568
0 26 40 
40 2 32 
32 10 4 
4 41 1 11 33 
33 30 25 
25 46 
45 27 
27 15 9 6 
46 45 
6 36 20 
20 28 16 
16 22 
22 18 
18 34 13 
13 37 12 
12 35 
35 3 
30 44 17 
3 5 
10 23 29 38 
11 31 7 
34 48 
5 43 
9 42 
2 49 
36 21 
1 
17 39 
15 24 
42 
43 
44 14 
24 8 
48 
38 
41 
7 
28 
29 19 
8 
31 
19 47 
23 
37 
39 
49 
14 
21 
47 
26 
# clone tree 84 objective: 2.65568
0 26 40 
40 21 2 32 
32 10 4 
4 41 1 11 33 
33 30 25 
25 46 
45 27 
27 15 9 6 
46 45 
6 36 20 
20 28 16 
16 22 
22 18 
18 34 13 
13 37 12 
12 35 
35 3 
30 44 17 
3 39 5 
10 23 29 38 
11 31 7 
34 48 
5 43 
9 42 
2 49 
36 
1 
17 
15 24 
42 
43 
44 14 
24 8 
48 
38 
41 
7 
28 
29 19 
8 
31 
19 47 
23 
37 
39 
49 
14 
21 
47 
26 
# clone tree 85 objective: 2.65568
0 26 40 
40 21 2 32 
32 10 4 
4 41 1 11 33 
33 30 25 
25 46 
45 27 
27 15 9 6 
46 45 
6 36 20 
20 28 16 
16 22 
22 18 
18 34 13 
13 37 12 
12 35 
35 3 
30 44 17 
3 5 
10 23 29 38 
11 31 7 
34 48 
5 43 
9 42 
2 49 
36 
1 
17 39 
15 24 
42 
43 
44 14 
24 8 
48 
38 
41 
7 
28 
29 19 
8 
31 
19 47 
23 
37 
39 
49 
14 
21 
47 
26 
# clone tree 86 objective: 2.65569
0 26 40 
40 2 32 
32 10 4 
4 1 11 33 
33 30 25 
25 46 
45 27 
27 15 9 6 
46 45 
6 36 20 
20 28 16 
16 22 
22 18 
18 34 13 
13 49 37 12 
12 35 
35 3 
30 44 17 
3 39 5 
10 23 29 38 
11 31 7 
34 48 
5 43 
9 42 
2 
36 21 
1 
17 41 
15 24 
42 
43 
44 14 
24 8 
48 47 
38 
41 
7 
28 
29 19 
8 
31 
19 
23 
37 
39 
49 
14 
21 
47 
26 
# clone tree 87 objective: 2.65569
0 26 40 
40 21 2 32 
32 10 4 
4 1 11 33 
33 30 25 
25 46 
45 27 
27 15 9 6 
46 45 
6 36 20 
20 28 16 
16 22 
22 18 
18 34 13 
13 49 37 12 
12 35 
35 3 
30 44 17 
3 39 5 
10 23 29 38 
11 31 7 
34 48 
5 43 
9 42 
2 
36 
1 
17 41 
15 24 
42 
43 
44 14 
24 8 
48 47 
38 
41 
7 
28 
29 19 
8 
31 
19 
23 
37 
39 
49 
14 
21 
47 
26 
# clone tree 88 objective: 2.65571
0 26 40 
40 21 2 32 
32 10 4 
4 1 11 33 
33 30 25 
25 46 
45 27 
27 15 9 6 
46 45 
6 36 20 
20 28 16 
16 22 
22 18 
18 34 13 
13 37 12 
12 35 
35 3 
30 44 17 
3 39 5 
10 23 31 38 
11 29 7 
34 48 
5 43 
9 42 
2 47 
36 
1 
17 41 
15 24 
42 
43 49 
44 14 
24 8 
48 19 
38 
41 
7 
28 
29 
8 
31 
19 
23 
37 
39 
49 
14 
21 
47 
26 
# clone tree 89 objective: 2.65571
0 26 40 
40 2 32 
32 10 4 
4 1 11 33 
33 30 25 
25 46 
45 27 
27 15 9 6 
46 45 
6 36 20 
20 28 16 
16 22 
22 18 
18 34 13 
13 37 12 
12 35 
35 3 
30 44 17 
3 39 5 
10 23 31 38 
11 29 7 
34 48 
5 43 
9 42 
2 47 
36 21 
1 
17 41 
15 24 
42 
43 49 
44 14 
24 8 
48 19 
38 
41 
7 
28 
29 
8 
31 
19 
23 
37 
39 
49 
14 
21 
47 
26 
# clone tree 90 objective: 2.65573
0 26 40 
40 2 32 
32 10 4 
4 41 1 11 33 
33 30 25 
25 46 
45 27 
27 15 9 6 
46 45 
6 36 20 
20 28 16 
16 22 
22 18 
18 34 13 
13 37 12 
12 35 
35 3 
30 44 17 
3 39 5 
10 23 29 38 
11 31 7 
34 48 
5 43 
9 42 
2 47 
36 
1 
17 21 
15 24 
42 
43 49 
44 14 
24 8 
48 
38 
41 
7 
28 
29 19 
8 
31 
19 
23 
37 
39 
49 
14 
21 
47 
26 
# clone tree 91 objective: 2.65575
0 26 40 
40 2 32 
32 10 4 
4 41 1 11 33 
33 30 25 
25 46 
45 27 
27 15 9 6 
46 45 
6 36 20 
20 28 16 
16 22 
22 18 
18 34 13 
13 37 12 
12 35 
35 3 
30 44 17 
3 39 5 
10 23 29 38 
11 31 7 
34 48 
5 43 
9 42 
2 
36 
1 8 
17 21 
15 24 
42 
43 49 
44 14 
24 
48 
38 
41 
7 
28 
29 19 
8 
31 
19 47 
23 
37 
39 
49 
14 
21 
47 
26 
# clone tree 92 objective: 2.65576
0 26 40 
40 21 2 32 
32 10 4 
4 1 11 33 
33 30 25 
25 46 
45 27 
27 15 9 6 
46 45 
6 36 20 
20 16 
16 22 
22 18 
18 34 13 
13 49 37 12 
12 35 
35 3 
30 44 17 
3 39 5 
10 23 29 38 
11 31 7 
34 48 
5 43 
9 42 
2 
36 
1 
17 41 
15 24 
42 
43 
44 14 
24 8 
48 28 
38 
41 
7 
28 
29 19 
8 
31 
19 47 
23 
37 
39 
49 
14 
21 
47 
26 
# clone tree 93 objective: 2.65576
0 26 40 
40 2 32 
32 10 4 
4 1 11 33 
33 30 25 
25 46 
45 27 
27 15 9 6 
46 45 
6 36 20 
20 16 
16 22 
22 18 
18 34 13 
13 49 37 12 
12 35 
35 3 
30 44 17 
3 39 5 
10 23 29 38 
11 31 7 
34 48 
5 43 
9 42 
2 
36 21 
1 
17 41 
15 24 
42 
43 
44 14 
24 8 
48 28 
38 
41 
7 
28 
29 19 
8 
31 
19 47 
23 
37 
39 
49 
14 
21 
47 
26 
# clone tree 94 objective: 2.65578
0 26 40 
40 2 32 
32 10 4 
4 1 11 33 
33 30 25 
25 46 
45 27 
27 15 9 6 
46 45 
6 36 20 
20 28 16 
16 22 
22 18 
18 34 13 
13 37 12 
12 35 
35 3 
30 44 17 
3 39 5 
10 23 29 38 
11 31 7 
34 48 
5 43 
9 42 
2 
36 21 
1 8 
17 41 
15 24 
42 
43 49 
44 14 
24 
48 47 
38 
41 
7 
28 
29 19 
8 
31 
19 
23 
37 
39 
49 
14 
21 
47 
26 
# clone tree 95 objective: 2.65578
0 26 40 
40 21 2 32 
32 10 4 
4 1 11 33 
33 30 25 
25 46 
45 27 
27 15 9 6 
46 45 
6 36 20 
20 28 16 
16 22 
22 18 
18 34 13 
13 37 12 
12 35 
35 3 
30 44 17 
3 39 5 
10 23 29 38 
11 31 7 
34 48 
5 43 
9 42 
2 
36 
1 8 
17 41 
15 24 
42 
43 49 
44 14 
24 
48 47 
38 
41 
7 
28 
29 19 
8 
31 
19 
23 
37 
39 
49 
14 
21 
47 
26 
# clone tree 96 objective: 2.6558
0 26 40 
40 2 32 
32 10 4 
4 41 1 11 33 
33 30 25 
25 46 
45 27 
27 15 9 6 
46 45 
6 36 20 
20 28 16 
16 22 
22 18 
18 34 13 
13 37 12 
12 35 
35 3 
30 44 17 
3 39 5 
10 23 31 38 
11 29 7 
34 48 
5 43 
9 42 
2 
36 
1 
17 21 
15 24 
42 
43 49 
44 14 
24 8 
48 47 
38 
41 
7 
28 
29 19 
8 
31 
19 
23 
37 
39 
49 
14 
21 
47 
26 
# clone tree 97 objective: 2.65584
0 26 40 
40 2 32 
32 10 4 
4 1 11 33 
33 30 25 
25 46 
45 27 
27 15 9 6 
46 45 
6 36 20 
20 16 
16 22 
22 18 
18 34 13 
13 37 12 
12 35 
35 3 
30 44 17 
3 39 5 
10 23 29 38 
11 31 7 
34 48 
5 43 
9 42 
2 47 
36 21 
1 
17 41 
15 24 
42 
43 49 
44 14 
24 8 
48 28 
38 
41 
7 
28 
29 19 
8 
31 
19 
23 
37 
39 
49 
14 
21 
47 
26 
# clone tree 98 objective: 2.65584
0 26 40 
40 21 2 32 
32 10 4 
4 1 11 33 
33 30 25 
25 46 
45 27 
27 15 9 6 
46 45 
6 36 20 
20 16 
16 22 
22 18 
18 34 13 
13 37 12 
12 35 
35 3 
30 44 17 
3 39 5 
10 23 29 38 
11 31 7 
34 48 
5 43 
9 42 
2 47 
36 
1 
17 41 
15 24 
42 
43 49 
44 14 
24 8 
48 28 
38 
41 
7 
28 
29 19 
8 
31 
19 
23 
37 
39 
49 
14 
21 
47 
26 
# clone tree 99 objective: 2.65584
0 26 40 
40 21 2 32 
32 10 4 
4 1 11 33 
33 30 25 
25 46 
45 27 
27 15 9 6 
46 45 
6 36 20 
20 28 16 
16 22 
22 18 
18 34 13 
13 49 37 12 
12 35 
35 3 
30 44 17 
3 39 5 
10 23 29 38 
11 31 7 
34 48 
5 43 
9 42 
2 47 
36 
1 
17 41 
15 24 
42 
43 
44 14 
24 8 
48 
38 
41 
7 
28 
29 19 
8 
31 
19 
23 
37 
39 
49 
14 
21 
47 
26 
