# clone tree 0 objective: 1.86194
0 28 
28 15 
15 41 1 40 
40 23 22 26 34 
34 21 
21 33 5 4 
26 44 32 
32 12 7 
1 3 31 
4 35 
35 30 29 
31 9 19 
41 10 
7 43 6 
10 47 38 
29 45 
5 8 
6 27 
45 39 11 
22 20 18 
23 46 49 
44 24 
8 16 2 
38 48 
11 17 
19 37 
12 25 
37 
27 13 
17 
48 42 
18 36 
3 
49 
33 
25 
2 
47 14 
42 
13 
9 
20 
24 
30 
43 
14 
39 
36 
46 
16 
# clone tree 1 objective: 1.86194
0 28 
28 15 
15 41 1 40 
40 23 22 26 34 
34 21 
21 33 5 4 
26 44 32 
32 12 7 
1 16 3 31 
4 35 
35 30 29 
31 9 19 
41 10 
7 43 6 
10 47 38 
29 45 
5 8 
6 27 
45 39 11 
22 20 18 
23 46 49 
44 24 
8 2 
38 48 
11 17 
19 37 
12 25 
37 
27 13 
17 
48 42 
18 36 
3 
49 
33 
25 
2 
47 14 
42 
13 
9 
20 
24 
30 
43 
14 
39 
36 
46 
16 
# clone tree 2 objective: 1.86194
0 28 
28 15 
15 41 1 40 
40 23 22 26 34 
34 16 21 
21 33 5 4 
26 44 32 
32 12 7 
1 3 31 
4 35 
35 30 29 
31 9 19 
41 10 
7 43 6 
10 47 38 
29 45 
5 8 
6 27 
45 39 11 
22 20 18 
23 46 49 
44 24 
8 2 
38 48 
11 17 
19 37 
12 25 
37 
27 13 
17 
48 42 
18 36 
3 
49 
33 
25 
2 
47 14 
42 
13 
9 
20 
24 
30 
43 
14 
39 
36 
46 
16 
# clone tree 3 objective: 1.86194
0 28 
28 16 15 
15 41 1 40 
40 23 22 26 34 
34 21 
21 33 5 4 
26 44 32 
32 12 7 
1 3 31 
4 35 
35 30 29 
31 9 19 
41 10 
7 43 6 
10 47 38 
29 45 
5 8 
6 27 
45 39 11 
22 20 18 
23 46 49 
44 24 
8 2 
38 48 
11 17 
19 37 
12 25 
37 
27 13 
17 
48 42 
18 36 
3 
49 
33 
25 
2 
47 14 
42 
13 
9 
20 
24 
30 
43 
14 
39 
36 
46 
16 
# clone tree 4 objective: 1.86194
0 28 
28 15 
15 41 1 40 
40 23 22 26 34 
34 21 
21 33 5 4 
26 44 32 
32 12 7 
1 3 31 
4 35 
35 30 29 
31 9 19 
41 10 
7 43 6 
10 47 38 
29 45 
5 8 
6 27 
45 39 11 
22 20 18 
23 49 
44 24 
8 2 
38 48 
11 17 
19 37 
12 25 
37 
27 13 
17 46 
48 42 
18 36 
3 
49 
33 
25 
2 
47 14 
42 
13 
9 
20 
24 
30 
43 
14 16 
39 
36 
46 
16 
# clone tree 5 objective: 1.86194
0 28 
28 15 
15 41 1 40 
40 23 22 26 34 
34 21 
21 33 5 4 
26 16 44 32 
32 12 7 
1 3 31 
4 35 
35 30 29 
31 9 19 
41 10 
7 43 6 
10 47 38 
29 45 
5 8 
6 27 
45 39 11 
22 20 18 
23 46 49 
44 24 
8 2 
38 48 
11 17 
19 37 
12 25 
37 
27 13 
17 
48 42 
18 36 
3 
49 
33 
25 
2 
47 14 
42 
13 
9 
20 
24 
30 
43 
14 
39 
36 
46 
16 
# clone tree 6 objective: 1.86194
0 28 
28 15 
15 41 1 40 
40 23 22 26 34 
34 21 
21 33 5 4 
26 44 32 
32 12 7 
1 3 31 
4 35 
35 30 29 
31 9 19 
41 10 
7 43 6 
10 47 38 
29 45 
5 8 
6 27 
45 39 11 
22 20 18 
23 49 
44 24 
8 2 
38 16 48 
11 17 
19 37 
12 25 
37 
27 13 
17 46 
48 42 
18 36 
3 
49 
33 
25 
2 
47 14 
42 
13 
9 
20 
24 
30 
43 
14 
39 
36 
46 
16 
# clone tree 7 objective: 1.86194
0 28 
28 15 
15 41 1 40 
40 23 22 26 34 
34 21 
21 33 5 4 
26 44 32 
32 12 7 
1 3 31 
4 35 
35 30 29 
31 9 19 
41 10 
7 43 6 
10 47 38 
29 45 
5 8 
6 27 
45 39 11 
22 20 18 
23 49 
44 24 
8 2 
38 48 
11 17 
19 37 
12 25 
37 
27 16 13 
17 46 
48 42 
18 36 
3 
49 
33 
25 
2 
47 14 
42 
13 
9 
20 
24 
30 
43 
14 
39 
36 
46 
16 
# clone tree 8 objective: 1.86194
0 28 
28 15 
15 41 1 40 
40 23 22 26 34 
34 21 
21 33 5 4 
26 44 32 
32 12 7 
1 3 31 
4 35 
35 30 29 
31 9 19 
41 10 
7 43 6 
10 47 38 
29 45 
5 8 
6 16 27 
45 39 11 
22 20 18 
23 49 
44 24 
8 2 
38 48 
11 17 
19 37 
12 25 
37 
27 13 
17 46 
48 42 
18 36 
3 
49 
33 
25 
2 
47 14 
42 
13 
9 
20 
24 
30 
43 
14 
39 
36 
46 
16 
# clone tree 9 objective: 1.86194
0 28 
28 15 
15 41 1 40 
40 23 22 26 34 
34 21 
21 33 5 4 
26 44 32 
32 12 7 
1 3 31 
4 35 
35 30 29 
31 9 19 
41 10 
7 43 6 
10 47 38 
29 45 
5 8 
6 27 
45 39 11 
22 20 18 
23 49 
44 24 
8 2 
38 48 
11 17 
19 16 37 
12 25 
37 
27 13 
17 46 
48 42 
18 36 
3 
49 
33 
25 
2 
47 14 
42 
13 
9 
20 
24 
30 
43 
14 
39 
36 
46 
16 
# clone tree 10 objective: 1.86194
0 28 
28 15 
15 16 41 1 40 
40 23 22 26 34 
34 21 
21 33 5 4 
26 44 32 
32 12 7 
1 3 31 
4 35 
35 30 29 
31 9 19 
41 10 
7 43 6 
10 47 38 
29 45 
5 8 
6 27 
45 39 11 
22 20 18 
23 46 49 
44 24 
8 2 
38 48 
11 17 
19 37 
12 25 
37 
27 13 
17 
48 42 
18 36 
3 
49 
33 
25 
2 
47 14 
42 
13 
9 
20 
24 
30 
43 
14 
39 
36 
46 
16 
# clone tree 11 objective: 1.86194
0 28 
28 15 
15 41 1 40 
40 23 22 26 34 
34 21 
21 33 5 4 
26 44 32 
32 12 7 
1 3 31 
4 35 
35 30 29 
31 9 19 
41 10 
7 43 6 
10 47 38 
29 45 
5 16 8 
6 27 
45 39 11 
22 20 18 
23 46 49 
44 24 
8 2 
38 48 
11 17 
19 37 
12 25 
37 
27 13 
17 
48 42 
18 36 
3 
49 
33 
25 
2 
47 14 
42 
13 
9 
20 
24 
30 
43 
14 
39 
36 
46 
16 
# clone tree 12 objective: 1.86194
0 28 
28 15 
15 41 1 40 
40 23 22 26 34 
34 21 
21 33 5 4 
26 44 32 
32 12 7 
1 3 31 
4 35 
35 30 29 
31 9 19 
41 10 
7 43 6 
10 47 38 
29 16 45 
5 8 
6 27 
45 39 11 
22 20 18 
23 49 
44 24 
8 2 
38 48 
11 17 
19 37 
12 25 
37 
27 13 
17 46 
48 42 
18 36 
3 
49 
33 
25 
2 
47 14 
42 
13 
9 
20 
24 
30 
43 
14 
39 
36 
46 
16 
# clone tree 13 objective: 1.86194
0 28 
28 15 
15 41 1 40 
40 16 23 22 26 34 
34 21 
21 33 5 4 
26 44 32 
32 12 7 
1 3 31 
4 35 
35 30 29 
31 9 19 
41 10 
7 43 6 
10 47 38 
29 45 
5 8 
6 27 
45 39 11 
22 20 18 
23 46 49 
44 24 
8 2 
38 48 
11 17 
19 37 
12 25 
37 
27 13 
17 
48 42 
18 36 
3 
49 
33 
25 
2 
47 14 
42 
13 
9 
20 
24 
30 
43 
14 
39 
36 
46 
16 
# clone tree 14 objective: 1.86194
0 28 
28 15 
15 41 1 40 
40 23 22 26 34 
34 21 
21 33 5 4 
26 44 32 
32 12 7 
1 3 31 
4 35 
35 30 29 
31 9 19 
41 10 
7 43 6 
10 47 38 
29 45 
5 8 
6 27 
45 39 11 
22 20 18 
23 49 
44 24 
8 2 
38 48 
11 17 
19 37 
12 25 
37 
27 13 
17 46 
48 42 
18 36 
3 16 
49 
33 
25 
2 
47 14 
42 
13 
9 
20 
24 
30 
43 
14 
39 
36 
46 
16 
# clone tree 15 objective: 1.86194
0 28 
28 15 
15 41 1 40 
40 16 23 22 26 34 
34 21 
21 33 5 4 
26 44 32 
32 12 7 
1 3 31 
4 35 
35 30 29 
31 9 19 
41 10 
7 43 6 
10 47 38 
29 45 
5 8 
6 27 
45 39 11 
22 20 18 
23 49 
44 24 
8 2 
38 48 
11 17 
19 37 
12 25 
37 
27 13 
17 46 
48 42 
18 36 
3 
49 
33 
25 
2 
47 14 
42 
13 
9 
20 
24 
30 
43 
14 
39 
36 
46 
16 
# clone tree 16 objective: 1.86194
0 28 
28 15 
15 41 1 40 
40 23 22 26 34 
34 21 
21 33 5 4 
26 44 32 
32 12 7 
1 3 31 
4 35 
35 30 29 
31 9 19 
41 10 
7 43 6 
10 47 38 
29 45 
5 8 
6 27 
45 39 11 
22 20 18 
23 46 49 
44 24 
8 2 
38 48 
11 16 17 
19 37 
12 25 
37 
27 13 
17 
48 42 
18 36 
3 
49 
33 
25 
2 
47 14 
42 
13 
9 
20 
24 
30 
43 
14 
39 
36 
46 
16 
# clone tree 17 objective: 1.86194
0 28 
28 15 
15 41 1 40 
40 23 22 26 34 
34 21 
21 33 5 4 
26 44 32 
32 12 7 
1 3 31 
4 35 
35 30 29 
31 9 19 
41 10 
7 43 6 
10 47 38 
29 45 
5 8 
6 16 27 
45 39 11 
22 20 18 
23 46 49 
44 24 
8 2 
38 48 
11 17 
19 37 
12 25 
37 
27 13 
17 
48 42 
18 36 
3 
49 
33 
25 
2 
47 14 
42 
13 
9 
20 
24 
30 
43 
14 
39 
36 
46 
16 
# clone tree 18 objective: 1.86194
0 28 
28 15 
15 41 1 40 
40 23 22 26 34 
34 21 
21 33 5 4 
26 44 32 
32 12 7 
1 3 31 
4 35 
35 30 29 
31 9 19 
41 10 
7 43 6 
10 47 38 
29 45 
5 8 
6 27 
45 39 11 
22 20 18 
23 46 49 
44 24 
8 2 
38 48 
11 17 
19 37 
12 25 
37 
27 13 
17 
48 42 
18 16 36 
3 
49 
33 
25 
2 
47 14 
42 
13 
9 
20 
24 
30 
43 
14 
39 
36 
46 
16 
# clone tree 19 objective: 1.86194
0 28 
28 15 
15 41 1 40 
40 23 22 26 34 
34 21 
21 33 5 4 
26 44 32 
32 12 7 
1 3 31 
4 35 
35 30 29 
31 9 19 
41 10 
7 43 6 
10 47 38 
29 45 
5 8 
6 27 
45 39 11 
22 20 18 
23 46 49 
44 24 
8 2 
38 48 
11 17 
19 37 
12 25 
37 
27 13 
17 
48 42 
18 36 
3 16 
49 
33 
25 
2 
47 14 
42 
13 
9 
20 
24 
30 
43 
14 
39 
36 
46 
16 
# clone tree 20 objective: 1.86194
0 28 
28 15 
15 41 1 40 
40 23 22 26 34 
34 21 
21 33 5 4 
26 44 32 
32 12 7 
1 3 31 
4 35 
35 30 29 
31 9 19 
41 10 
7 43 6 
10 47 38 
29 45 
5 8 
6 27 
45 39 11 
22 20 18 
23 46 49 
44 24 
8 2 
38 48 
11 17 
19 16 37 
12 25 
37 
27 13 
17 
48 42 
18 36 
3 
49 
33 
25 
2 
47 14 
42 
13 
9 
20 
24 
30 
43 
14 
39 
36 
46 
16 
# clone tree 21 objective: 1.86194
0 28 
28 15 
15 41 1 40 
40 23 22 26 34 
34 21 
21 33 5 4 
26 44 32 
32 12 7 
1 3 31 
4 35 
35 30 29 
31 9 19 
41 10 
7 43 6 
10 47 38 
29 45 
5 8 
6 27 
45 39 11 
22 20 18 
23 46 49 
44 24 
8 2 
38 48 
11 17 
19 37 
12 25 
37 
27 16 13 
17 
48 42 
18 36 
3 
49 
33 
25 
2 
47 14 
42 
13 
9 
20 
24 
30 
43 
14 
39 
36 
46 
16 
# clone tree 22 objective: 1.86194
0 28 
28 15 
15 41 1 40 
40 23 22 26 34 
34 21 
21 33 5 4 
26 44 32 
32 12 7 
1 3 31 
4 35 
35 30 29 
31 9 19 
41 10 
7 43 6 
10 47 38 
29 45 
5 8 
6 27 
45 39 11 
22 20 18 
23 46 49 
44 24 
8 2 
38 16 48 
11 17 
19 37 
12 25 
37 
27 13 
17 
48 42 
18 36 
3 
49 
33 
25 
2 
47 14 
42 
13 
9 
20 
24 
30 
43 
14 
39 
36 
46 
16 
# clone tree 23 objective: 1.86194
0 28 
28 15 
15 41 1 40 
40 23 22 26 34 
34 21 
21 33 5 4 
26 44 32 
32 12 7 
1 3 31 
4 35 
35 30 29 
31 9 19 
41 10 
7 43 6 
10 47 38 
29 45 
5 8 
6 27 
45 39 11 
22 20 18 
23 46 49 
44 24 
8 2 
38 48 
11 17 
19 37 
12 25 
37 
27 13 
17 
48 42 
18 36 
3 
49 
33 
25 
2 
47 14 
42 
13 
9 
20 
24 
30 
43 
14 16 
39 
36 
46 
16 
# clone tree 24 objective: 1.86194
0 28 
28 16 15 
15 41 1 40 
40 23 22 26 34 
34 21 
21 33 5 4 
26 44 32 
32 12 7 
1 3 31 
4 35 
35 30 29 
31 9 19 
41 10 
7 43 6 
10 47 38 
29 45 
5 8 
6 27 
45 39 11 
22 20 18 
23 49 
44 24 
8 2 
38 48 
11 17 
19 37 
12 25 
37 
27 13 
17 46 
48 42 
18 36 
3 
49 
33 
25 
2 
47 14 
42 
13 
9 
20 
24 
30 
43 
14 
39 
36 
46 
16 
# clone tree 25 objective: 1.86194
0 28 
28 15 
15 41 1 40 
40 23 22 26 34 
34 16 21 
21 33 5 4 
26 44 32 
32 12 7 
1 3 31 
4 35 
35 30 29 
31 9 19 
41 10 
7 43 6 
10 47 38 
29 45 
5 8 
6 27 
45 39 11 
22 20 18 
23 49 
44 24 
8 2 
38 48 
11 17 
19 37 
12 25 
37 
27 13 
17 46 
48 42 
18 36 
3 
49 
33 
25 
2 
47 14 
42 
13 
9 
20 
24 
30 
43 
14 
39 
36 
46 
16 
# clone tree 26 objective: 1.86194
0 28 
28 15 
15 41 1 40 
40 23 22 26 34 
34 21 
21 33 5 4 
26 16 44 32 
32 12 7 
1 3 31 
4 35 
35 30 29 
31 9 19 
41 10 
7 43 6 
10 47 38 
29 45 
5 8 
6 27 
45 39 11 
22 20 18 
23 49 
44 24 
8 2 
38 48 
11 17 
19 37 
12 25 
37 
27 13 
17 46 
48 42 
18 36 
3 
49 
33 
25 
2 
47 14 
42 
13 
9 
20 
24 
30 
43 
14 
39 
36 
46 
16 
# clone tree 27 objective: 1.86194
0 28 
28 15 
15 16 41 1 40 
40 23 22 26 34 
34 21 
21 33 5 4 
26 44 32 
32 12 7 
1 3 31 
4 35 
35 30 29 
31 9 19 
41 10 
7 43 6 
10 47 38 
29 45 
5 8 
6 27 
45 39 11 
22 20 18 
23 49 
44 24 
8 2 
38 48 
11 17 
19 37 
12 25 
37 
27 13 
17 46 
48 42 
18 36 
3 
49 
33 
25 
2 
47 14 
42 
13 
9 
20 
24 
30 
43 
14 
39 
36 
46 
16 
# clone tree 28 objective: 1.86194
0 28 
28 15 
15 41 1 40 
40 23 22 26 34 
34 21 
21 33 5 4 
26 44 32 
32 12 7 
1 3 31 
4 35 
35 30 29 
31 9 19 
41 10 
7 43 6 
10 47 38 
29 45 
5 16 8 
6 27 
45 39 11 
22 20 18 
23 49 
44 24 
8 2 
38 48 
11 17 
19 37 
12 25 
37 
27 13 
17 46 
48 42 
18 36 
3 
49 
33 
25 
2 
47 14 
42 
13 
9 
20 
24 
30 
43 
14 
39 
36 
46 
16 
# clone tree 29 objective: 1.86194
0 28 
28 15 
15 41 1 40 
40 23 22 26 34 
34 21 
21 33 5 4 
26 44 32 
32 12 7 
1 16 3 31 
4 35 
35 30 29 
31 9 19 
41 10 
7 43 6 
10 47 38 
29 45 
5 8 
6 27 
45 39 11 
22 20 18 
23 49 
44 24 
8 2 
38 48 
11 17 
19 37 
12 25 
37 
27 13 
17 46 
48 42 
18 36 
3 
49 
33 
25 
2 
47 14 
42 
13 
9 
20 
24 
30 
43 
14 
39 
36 
46 
16 
# clone tree 30 objective: 1.86194
0 28 
28 15 
15 41 1 40 
40 23 22 26 34 
34 21 
21 33 5 4 
26 44 32 
32 12 7 
1 3 31 
4 35 
35 30 29 
31 9 19 
41 10 
7 43 6 
10 47 38 
29 45 
5 8 
6 27 
45 39 11 
22 20 18 
23 16 46 49 
44 24 
8 2 
38 48 
11 17 
19 37 
12 25 
37 
27 13 
17 
48 42 
18 36 
3 
49 
33 
25 
2 
47 14 
42 
13 
9 
20 
24 
30 
43 
14 
39 
36 
46 
16 
# clone tree 31 objective: 1.86194
0 28 
28 15 
15 41 1 40 
40 23 22 26 34 
34 21 
21 33 5 4 
26 44 32 
32 12 7 
1 3 31 
4 35 
35 30 29 
31 9 19 
41 10 
7 43 6 
10 47 38 
29 45 
5 8 
6 27 
45 39 11 
22 20 18 
23 49 
44 24 
8 2 
38 48 
11 16 17 
19 37 
12 25 
37 
27 13 
17 46 
48 42 
18 36 
3 
49 
33 
25 
2 
47 14 
42 
13 
9 
20 
24 
30 
43 
14 
39 
36 
46 
16 
# clone tree 32 objective: 1.86194
0 28 
28 15 
15 41 1 40 
40 23 22 26 34 
34 21 
21 33 5 4 
26 44 32 
32 12 7 
1 3 31 
4 35 
35 30 29 
31 9 19 
41 10 
7 43 6 
10 47 38 
29 45 
5 8 
6 27 
45 39 11 
22 20 18 
23 49 
44 16 24 
8 2 
38 48 
11 17 
19 37 
12 25 
37 
27 13 
17 46 
48 42 
18 36 
3 
49 
33 
25 
2 
47 14 
42 
13 
9 
20 
24 
30 
43 
14 
39 
36 
46 
16 
# clone tree 33 objective: 1.86194
0 28 
28 15 
15 41 1 40 
40 23 22 26 34 
34 21 
21 33 5 4 
26 44 32 
32 12 7 
1 3 31 
4 35 
35 30 29 
31 9 19 
41 10 
7 43 6 
10 47 38 
29 45 
5 8 
6 27 
45 39 11 
22 20 18 
23 49 
44 24 
8 2 
38 48 
11 17 
19 37 
12 25 
37 
27 13 
17 16 46 
48 42 
18 36 
3 
49 
33 
25 
2 
47 14 
42 
13 
9 
20 
24 
30 
43 
14 
39 
36 
46 
16 
# clone tree 34 objective: 1.86194
0 28 
28 15 
15 41 1 40 
40 23 22 26 34 
34 21 
21 33 5 4 
26 44 32 
32 12 7 
1 3 31 
4 35 
35 30 29 
31 9 19 
41 10 
7 43 6 
10 47 38 
29 16 45 
5 8 
6 27 
45 39 11 
22 20 18 
23 46 49 
44 24 
8 2 
38 48 
11 17 
19 37 
12 25 
37 
27 13 
17 
48 42 
18 36 
3 
49 
33 
25 
2 
47 14 
42 
13 
9 
20 
24 
30 
43 
14 
39 
36 
46 
16 
# clone tree 35 objective: 1.86194
0 28 
28 15 
15 41 1 40 
40 23 22 26 34 
34 21 
21 33 5 4 
26 44 32 
32 12 7 
1 3 31 
4 35 
35 30 29 
31 9 19 
41 10 
7 43 6 
10 47 38 
29 45 
5 8 
6 27 
45 39 11 
22 20 18 
23 16 49 
44 24 
8 2 
38 48 
11 17 
19 37 
12 25 
37 
27 13 
17 46 
48 42 
18 36 
3 
49 
33 
25 
2 
47 14 
42 
13 
9 
20 
24 
30 
43 
14 
39 
36 
46 
16 
# clone tree 36 objective: 1.86194
0 28 
28 15 
15 41 1 40 
40 23 22 26 34 
34 21 
21 33 5 4 
26 44 32 
32 12 7 
1 3 31 
4 35 
35 30 29 
31 9 19 
41 10 
7 43 6 
10 47 38 
29 45 
5 8 
6 27 
45 39 11 
22 20 18 
23 46 49 
44 16 24 
8 2 
38 48 
11 17 
19 37 
12 25 
37 
27 13 
17 
48 42 
18 36 
3 
49 
33 
25 
2 
47 14 
42 
13 
9 
20 
24 
30 
43 
14 
39 
36 
46 
16 
# clone tree 37 objective: 1.86194
0 28 
28 15 
15 41 1 40 
40 23 22 26 34 
34 21 
21 33 5 4 
26 44 32 
32 12 7 
1 3 31 
4 35 
35 30 29 
31 9 19 
41 10 
7 43 6 
10 47 38 
29 45 
5 8 
6 27 
45 39 11 
22 20 18 
23 49 
44 24 
8 2 
38 48 
11 17 
19 37 
12 16 25 
37 
27 13 
17 46 
48 42 
18 36 
3 
49 
33 
25 
2 
47 14 
42 
13 
9 
20 
24 
30 
43 
14 
39 
36 
46 
16 
# clone tree 38 objective: 1.86194
0 28 
28 15 
15 41 1 40 
40 23 22 26 34 
34 21 
21 33 5 4 
26 44 32 
32 12 7 
1 3 31 
4 35 
35 30 29 
31 9 19 
41 10 
7 43 6 
10 47 38 
29 45 
5 8 
6 27 
45 39 11 
22 20 18 
23 46 49 
44 24 
8 2 
38 48 
11 17 
19 37 
12 25 
37 
27 13 
17 16 
48 42 
18 36 
3 
49 
33 
25 
2 
47 14 
42 
13 
9 
20 
24 
30 
43 
14 
39 
36 
46 
16 
# clone tree 39 objective: 1.86194
0 28 
28 15 
15 41 1 40 
40 23 22 26 34 
34 21 
21 33 5 4 
26 44 32 
32 12 7 
1 3 31 
4 35 
35 30 29 
31 9 19 
41 10 
7 43 6 
10 47 38 
29 45 
5 8 
6 27 
45 39 11 
22 20 18 
23 46 49 
44 24 
8 2 
38 48 
11 17 
19 37 
12 16 25 
37 
27 13 
17 
48 42 
18 36 
3 
49 
33 
25 
2 
47 14 
42 
13 
9 
20 
24 
30 
43 
14 
39 
36 
46 
16 
# clone tree 40 objective: 1.86194
0 28 
28 15 
15 41 1 40 
40 23 22 26 34 
34 21 
21 33 5 4 
26 44 32 
32 12 7 
1 3 31 
4 35 
35 30 29 
31 9 19 
41 10 
7 43 6 
10 47 38 
29 45 
5 8 
6 27 
45 39 11 
22 20 18 
23 49 
44 24 
8 16 2 
38 48 
11 17 
19 37 
12 25 
37 
27 13 
17 46 
48 42 
18 36 
3 
49 
33 
25 
2 
47 14 
42 
13 
9 
20 
24 
30 
43 
14 
39 
36 
46 
16 
# clone tree 41 objective: 1.86194
0 28 
28 15 
15 41 1 40 
40 23 22 26 34 
34 21 
21 33 5 4 
26 44 32 
32 12 7 
1 3 31 
4 35 
35 30 29 
31 9 19 
41 10 
7 43 6 
10 47 38 
29 45 
5 8 
6 27 
45 39 11 
22 20 18 
23 49 
44 24 
8 2 
38 48 
11 17 
19 37 
12 25 
37 
27 13 
17 46 
48 42 
18 16 36 
3 
49 
33 
25 
2 
47 14 
42 
13 
9 
20 
24 
30 
43 
14 
39 
36 
46 
16 
# clone tree 42 objective: 1.86198
0 28 
28 15 
15 41 1 40 
40 23 22 26 34 
34 21 
21 33 5 4 
26 44 32 
32 12 7 
1 3 31 
4 35 
35 30 29 
31 9 19 
41 10 
7 43 6 
10 47 38 
29 45 
5 8 
6 14 27 
45 39 11 
22 20 18 
23 46 49 
44 24 
8 2 
38 48 
11 17 
19 37 
12 16 25 
37 
27 13 
17 
48 42 
18 36 
3 
49 
33 
25 
2 
47 
42 
13 
9 
20 
24 
30 
43 
14 
39 
36 
46 
16 
# clone tree 43 objective: 1.86198
0 28 
28 15 
15 41 1 40 
40 23 22 26 34 
34 21 
21 33 5 4 
26 16 44 32 
32 12 7 
1 3 31 
4 35 
35 30 29 
31 9 19 
41 10 
7 43 6 
10 47 38 
29 45 
5 8 
6 14 27 
45 39 11 
22 20 18 
23 46 49 
44 24 
8 2 
38 48 
11 17 
19 37 
12 25 
37 
27 13 
17 
48 42 
18 36 
3 
49 
33 
25 
2 
47 
42 
13 
9 
20 
24 
30 
43 
14 
39 
36 
46 
16 
# clone tree 44 objective: 1.86198
0 28 
28 15 
15 41 1 40 
40 23 22 26 34 
34 21 
21 33 5 4 
26 44 32 
32 12 7 
1 16 3 31 
4 35 
35 30 29 
31 9 19 
41 10 
7 43 6 
10 47 38 
29 45 
5 8 
6 14 27 
45 39 11 
22 20 18 
23 46 49 
44 24 
8 2 
38 48 
11 17 
19 37 
12 25 
37 
27 13 
17 
48 42 
18 36 
3 
49 
33 
25 
2 
47 
42 
13 
9 
20 
24 
30 
43 
14 
39 
36 
46 
16 
# clone tree 45 objective: 1.86198
0 28 
28 15 
15 41 1 40 
40 23 22 26 34 
34 21 
21 33 5 4 
26 44 32 
32 12 7 
1 3 31 
4 35 
35 30 29 
31 9 19 
41 10 
7 43 6 
10 47 38 
29 45 
5 16 8 
6 14 27 
45 39 11 
22 20 18 
23 46 49 
44 24 
8 2 
38 48 
11 17 
19 37 
12 25 
37 
27 13 
17 
48 42 
18 36 
3 
49 
33 
25 
2 
47 
42 
13 
9 
20 
24 
30 
43 
14 
39 
36 
46 
16 
# clone tree 46 objective: 1.86198
0 28 
28 15 
15 41 1 40 
40 23 22 26 34 
34 21 
21 33 5 4 
26 44 32 
32 12 7 
1 3 31 
4 35 
35 30 29 
31 9 19 
41 10 
7 43 6 
10 47 38 
29 45 
5 8 
6 14 27 
45 39 11 
22 20 18 
23 46 49 
44 24 
8 16 2 
38 48 
11 17 
19 37 
12 25 
37 
27 13 
17 
48 42 
18 36 
3 
49 
33 
25 
2 
47 
42 
13 
9 
20 
24 
30 
43 
14 
39 
36 
46 
16 
# clone tree 47 objective: 1.86198
0 28 
28 15 
15 41 1 40 
40 23 22 26 34 
34 21 
21 33 5 4 
26 44 32 
32 12 7 
1 3 31 
4 35 
35 30 29 
31 9 19 
41 10 
7 43 6 
10 47 38 
29 45 
5 8 
6 14 27 
45 39 11 
22 20 18 
23 46 49 
44 24 
8 2 
38 48 
11 16 17 
19 37 
12 25 
37 
27 13 
17 
48 42 
18 36 
3 
49 
33 
25 
2 
47 
42 
13 
9 
20 
24 
30 
43 
14 
39 
36 
46 
16 
# clone tree 48 objective: 1.86198
0 28 
28 15 
15 41 1 40 
40 23 22 26 34 
34 21 
21 33 5 4 
26 44 32 
32 12 7 
1 3 31 
4 35 
35 30 29 
31 9 19 
41 10 
7 43 6 
10 47 38 
29 45 
5 8 
6 14 27 
45 39 11 
22 20 18 
23 46 49 
44 24 
8 2 
38 48 
11 17 
19 37 
12 25 
37 
27 13 
17 
48 42 
18 16 36 
3 
49 
33 
25 
2 
47 
42 
13 
9 
20 
24 
30 
43 
14 
39 
36 
46 
16 
# clone tree 49 objective: 1.86198
0 28 
28 15 
15 41 1 40 
40 23 22 26 34 
34 21 
21 33 5 4 
26 44 32 
32 12 7 
1 3 31 
4 35 
35 30 29 
31 9 19 
41 10 
7 43 6 
10 47 38 
29 45 
5 8 
6 14 27 
45 39 11 
22 20 18 
23 46 49 
44 24 
8 2 
38 48 
11 17 
19 37 
12 25 
37 
27 13 
17 16 
48 42 
18 36 
3 
49 
33 
25 
2 
47 
42 
13 
9 
20 
24 
30 
43 
14 
39 
36 
46 
16 
# clone tree 50 objective: 1.86198
0 28 
28 15 
15 41 1 40 
40 23 22 26 34 
34 21 
21 33 5 4 
26 44 32 
32 12 7 
1 3 31 
4 35 
35 30 29 
31 9 19 
41 10 
7 43 6 
10 47 38 
29 45 
5 8 
6 14 27 
45 39 11 
22 20 18 
23 46 49 
44 16 24 
8 2 
38 48 
11 17 
19 37 
12 25 
37 
27 13 
17 
48 42 
18 36 
3 
49 
33 
25 
2 
47 
42 
13 
9 
20 
24 
30 
43 
14 
39 
36 
46 
16 
# clone tree 51 objective: 1.86198
0 28 
28 15 
15 41 1 40 
40 16 23 22 26 34 
34 21 
21 33 5 4 
26 44 32 
32 12 7 
1 3 31 
4 35 
35 30 29 
31 9 19 
41 10 
7 43 6 
10 47 38 
29 45 
5 8 
6 14 27 
45 39 11 
22 20 18 
23 46 49 
44 24 
8 2 
38 48 
11 17 
19 37 
12 25 
37 
27 13 
17 
48 42 
18 36 
3 
49 
33 
25 
2 
47 
42 
13 
9 
20 
24 
30 
43 
14 
39 
36 
46 
16 
# clone tree 52 objective: 1.86198
0 28 
28 15 
15 41 1 40 
40 23 22 26 34 
34 21 
21 33 5 4 
26 44 32 
32 12 7 
1 3 31 
4 35 
35 30 29 
31 9 19 
41 10 
7 43 6 
10 47 38 
29 16 45 
5 8 
6 14 27 
45 39 11 
22 20 18 
23 46 49 
44 24 
8 2 
38 48 
11 17 
19 37 
12 25 
37 
27 13 
17 
48 42 
18 36 
3 
49 
33 
25 
2 
47 
42 
13 
9 
20 
24 
30 
43 
14 
39 
36 
46 
16 
# clone tree 53 objective: 1.86198
0 28 
28 15 
15 41 1 40 
40 23 22 26 34 
34 21 
21 33 5 4 
26 44 32 
32 12 7 
1 3 31 
4 35 
35 30 29 
31 9 19 
41 10 
7 43 6 
10 47 38 
29 45 
5 8 
6 14 27 
45 39 11 
22 20 18 
23 46 49 
44 24 
8 2 
38 48 
11 17 
19 37 
12 25 
37 
27 13 
17 
48 42 
18 36 
3 16 
49 
33 
25 
2 
47 
42 
13 
9 
20 
24 
30 
43 
14 
39 
36 
46 
16 
# clone tree 54 objective: 1.86198
0 28 
28 15 
15 41 1 40 
40 23 22 26 34 
34 21 
21 33 5 4 
26 44 32 
32 12 7 
1 3 31 
4 35 
35 30 29 
31 9 19 
41 10 
7 43 6 
10 47 38 
29 45 
5 8 
6 14 27 
45 39 11 
22 20 18 
23 46 49 
44 24 
8 2 
38 48 
11 17 
19 16 37 
12 25 
37 
27 13 
17 
48 42 
18 36 
3 
49 
33 
25 
2 
47 
42 
13 
9 
20 
24 
30 
43 
14 
39 
36 
46 
16 
# clone tree 55 objective: 1.86198
0 28 
28 15 
15 41 1 40 
40 23 22 26 34 
34 21 
21 33 5 4 
26 44 32 
32 12 7 
1 3 31 
4 35 
35 30 29 
31 9 19 
41 10 
7 43 6 
10 47 38 
29 45 
5 8 
6 16 14 27 
45 39 11 
22 20 18 
23 46 49 
44 24 
8 2 
38 48 
11 17 
19 37 
12 25 
37 
27 13 
17 
48 42 
18 36 
3 
49 
33 
25 
2 
47 
42 
13 
9 
20 
24 
30 
43 
14 
39 
36 
46 
16 
# clone tree 56 objective: 1.86198
0 28 
28 15 
15 41 1 40 
40 23 22 26 34 
34 21 
21 33 5 4 
26 44 32 
32 12 7 
1 3 31 
4 35 
35 30 29 
31 9 19 
41 10 
7 43 6 
10 47 38 
29 45 
5 8 
6 14 27 
45 39 11 
22 20 18 
23 46 49 
44 24 
8 2 
38 48 
11 17 
19 37 
12 25 
37 
27 16 13 
17 
48 42 
18 36 
3 
49 
33 
25 
2 
47 
42 
13 
9 
20 
24 
30 
43 
14 
39 
36 
46 
16 
# clone tree 57 objective: 1.86198
0 28 
28 15 
15 41 1 40 
40 23 22 26 34 
34 21 
21 33 5 4 
26 44 32 
32 12 7 
1 3 31 
4 35 
35 30 29 
31 9 19 
41 10 
7 43 6 
10 47 38 
29 45 
5 8 
6 14 27 
45 39 11 
22 20 18 
23 46 49 
44 24 
8 2 
38 16 48 
11 17 
19 37 
12 25 
37 
27 13 
17 
48 42 
18 36 
3 
49 
33 
25 
2 
47 
42 
13 
9 
20 
24 
30 
43 
14 
39 
36 
46 
16 
# clone tree 58 objective: 1.86198
0 28 
28 15 
15 41 1 40 
40 23 22 26 34 
34 21 
21 33 5 4 
26 44 32 
32 12 7 
1 3 31 
4 35 
35 30 29 
31 9 19 
41 10 
7 43 6 
10 47 38 
29 45 
5 8 
6 14 27 
45 39 11 
22 20 18 
23 46 49 
44 24 
8 2 
38 48 
11 17 
19 37 
12 25 
37 
27 13 
17 
48 42 
18 36 
3 
49 
33 
25 
2 
47 
42 
13 
9 
20 
24 
30 
43 
14 16 
39 
36 
46 
16 
# clone tree 59 objective: 1.86198
0 28 
28 15 
15 41 1 40 
40 23 22 26 34 
34 21 
21 33 5 4 
26 44 32 
32 12 7 
1 3 31 
4 35 
35 30 29 
31 9 19 
41 10 
7 43 6 
10 47 38 
29 45 
5 8 
6 14 27 
45 39 11 
22 20 18 
23 46 49 
44 24 
8 2 
38 48 
11 17 
19 37 
12 25 
37 
27 13 
17 
48 42 
18 36 
3 
49 
33 
25 
2 
47 16 
42 
13 
9 
20 
24 
30 
43 
14 
39 
36 
46 
16 
# clone tree 60 objective: 1.86198
0 28 
28 15 
15 16 41 1 40 
40 23 22 26 34 
34 21 
21 33 5 4 
26 44 32 
32 12 7 
1 3 31 
4 35 
35 30 29 
31 9 19 
41 10 
7 43 6 
10 47 38 
29 45 
5 8 
6 14 27 
45 39 11 
22 20 18 
23 46 49 
44 24 
8 2 
38 48 
11 17 
19 37 
12 25 
37 
27 13 
17 
48 42 
18 36 
3 
49 
33 
25 
2 
47 
42 
13 
9 
20 
24 
30 
43 
14 
39 
36 
46 
16 
# clone tree 61 objective: 1.86198
0 28 
28 15 
15 41 1 40 
40 23 22 26 34 
34 16 21 
21 33 5 4 
26 44 32 
32 12 7 
1 3 31 
4 35 
35 30 29 
31 9 19 
41 10 
7 43 6 
10 47 38 
29 45 
5 8 
6 14 27 
45 39 11 
22 20 18 
23 46 49 
44 24 
8 2 
38 48 
11 17 
19 37 
12 25 
37 
27 13 
17 
48 42 
18 36 
3 
49 
33 
25 
2 
47 
42 
13 
9 
20 
24 
30 
43 
14 
39 
36 
46 
16 
# clone tree 62 objective: 1.86198
0 28 
28 16 15 
15 41 1 40 
40 23 22 26 34 
34 21 
21 33 5 4 
26 44 32 
32 12 7 
1 3 31 
4 35 
35 30 29 
31 9 19 
41 10 
7 43 6 
10 47 38 
29 45 
5 8 
6 14 27 
45 39 11 
22 20 18 
23 46 49 
44 24 
8 2 
38 48 
11 17 
19 37 
12 25 
37 
27 13 
17 
48 42 
18 36 
3 
49 
33 
25 
2 
47 
42 
13 
9 
20 
24 
30 
43 
14 
39 
36 
46 
16 
# clone tree 63 objective: 1.86198
0 28 
28 15 
15 41 1 40 
40 23 22 26 34 
34 21 
21 33 5 4 
26 44 32 
32 12 7 
1 3 31 
4 35 
35 30 29 
31 9 19 
41 10 
7 43 6 
10 47 38 
29 45 
5 8 
6 14 27 
45 39 11 
22 20 18 
23 49 
44 24 
8 2 
38 48 
11 17 
19 37 
12 25 
37 
27 13 
17 46 
48 42 
18 36 
3 
49 
33 
25 
2 
47 
42 
13 
9 
20 
24 
30 
43 
14 16 
39 
36 
46 
16 
# clone tree 64 objective: 1.86198
0 28 
28 15 
15 41 1 40 
40 23 22 26 34 
34 21 
21 33 5 4 
26 44 32 
32 12 7 
1 3 31 
4 35 
35 30 29 
31 9 19 
41 10 
7 43 6 
10 47 38 
29 45 
5 8 
6 14 27 
45 39 11 
22 20 18 
23 49 
44 24 
8 2 
38 48 
11 17 
19 37 
12 25 
37 
27 13 
17 46 
48 42 
18 36 
3 
49 
33 
25 
2 
47 16 
42 
13 
9 
20 
24 
30 
43 
14 
39 
36 
46 
16 
# clone tree 65 objective: 1.86198
0 28 
28 15 
15 41 1 40 
40 23 22 26 34 
34 21 
21 33 5 4 
26 44 32 
32 12 7 
1 3 31 
4 35 
35 30 29 
31 9 19 
41 10 
7 43 6 
10 47 38 
29 45 
5 8 
6 14 27 
45 39 11 
22 20 18 
23 49 
44 24 
8 2 
38 16 48 
11 17 
19 37 
12 25 
37 
27 13 
17 46 
48 42 
18 36 
3 
49 
33 
25 
2 
47 
42 
13 
9 
20 
24 
30 
43 
14 
39 
36 
46 
16 
# clone tree 66 objective: 1.86198
0 28 
28 15 
15 41 1 40 
40 23 22 26 34 
34 21 
21 33 5 4 
26 44 32 
32 12 7 
1 3 31 
4 35 
35 30 29 
31 9 19 
41 10 
7 43 6 
10 47 38 
29 45 
5 8 
6 14 27 
45 39 11 
22 20 18 
23 49 
44 24 
8 2 
38 48 
11 17 
19 37 
12 25 
37 
27 16 13 
17 46 
48 42 
18 36 
3 
49 
33 
25 
2 
47 
42 
13 
9 
20 
24 
30 
43 
14 
39 
36 
46 
16 
# clone tree 67 objective: 1.86198
0 28 
28 15 
15 41 1 40 
40 23 22 26 34 
34 21 
21 33 5 4 
26 44 32 
32 12 7 
1 3 31 
4 35 
35 30 29 
31 9 19 
41 10 
7 43 6 
10 47 38 
29 45 
5 8 
6 14 27 
45 39 11 
22 20 18 
23 49 
44 24 
8 2 
38 48 
11 17 
19 16 37 
12 25 
37 
27 13 
17 46 
48 42 
18 36 
3 
49 
33 
25 
2 
47 
42 
13 
9 
20 
24 
30 
43 
14 
39 
36 
46 
16 
# clone tree 68 objective: 1.86198
0 28 
28 15 
15 41 1 40 
40 23 22 26 34 
34 21 
21 33 5 4 
26 44 32 
32 12 7 
1 3 31 
4 35 
35 30 29 
31 9 19 
41 10 
7 43 6 
10 47 38 
29 45 
5 8 
6 16 14 27 
45 39 11 
22 20 18 
23 49 
44 24 
8 2 
38 48 
11 17 
19 37 
12 25 
37 
27 13 
17 46 
48 42 
18 36 
3 
49 
33 
25 
2 
47 
42 
13 
9 
20 
24 
30 
43 
14 
39 
36 
46 
16 
# clone tree 69 objective: 1.86198
0 28 
28 15 
15 41 1 40 
40 23 22 26 34 
34 21 
21 33 5 4 
26 44 32 
32 12 7 
1 3 31 
4 35 
35 30 29 
31 9 19 
41 10 
7 43 6 
10 47 38 
29 16 45 
5 8 
6 14 27 
45 39 11 
22 20 18 
23 49 
44 24 
8 2 
38 48 
11 17 
19 37 
12 25 
37 
27 13 
17 46 
48 42 
18 36 
3 
49 
33 
25 
2 
47 
42 
13 
9 
20 
24 
30 
43 
14 
39 
36 
46 
16 
# clone tree 70 objective: 1.86198
0 28 
28 15 
15 41 1 40 
40 23 22 26 34 
34 21 
21 33 5 4 
26 44 32 
32 12 7 
1 3 31 
4 35 
35 30 29 
31 9 19 
41 10 
7 43 6 
10 47 38 
29 45 
5 8 
6 14 27 
45 39 11 
22 20 18 
23 49 
44 24 
8 2 
38 48 
11 17 
19 37 
12 25 
37 
27 13 
17 46 
48 42 
18 36 
3 16 
49 
33 
25 
2 
47 
42 
13 
9 
20 
24 
30 
43 
14 
39 
36 
46 
16 
# clone tree 71 objective: 1.86198
0 28 
28 15 
15 41 1 40 
40 16 23 22 26 34 
34 21 
21 33 5 4 
26 44 32 
32 12 7 
1 3 31 
4 35 
35 30 29 
31 9 19 
41 10 
7 43 6 
10 47 38 
29 45 
5 8 
6 14 27 
45 39 11 
22 20 18 
23 49 
44 24 
8 2 
38 48 
11 17 
19 37 
12 25 
37 
27 13 
17 46 
48 42 
18 36 
3 
49 
33 
25 
2 
47 
42 
13 
9 
20 
24 
30 
43 
14 
39 
36 
46 
16 
# clone tree 72 objective: 1.86198
0 28 
28 15 
15 41 1 40 
40 23 22 26 34 
34 21 
21 33 5 4 
26 44 32 
32 12 7 
1 3 31 
4 35 
35 30 29 
31 9 19 
41 10 
7 43 6 
10 47 38 
29 45 
5 8 
6 14 27 
45 39 11 
22 20 18 
23 49 
44 24 
8 2 
38 48 
11 17 
19 37 
12 25 
37 
27 13 
17 46 
48 42 
18 16 36 
3 
49 
33 
25 
2 
47 
42 
13 
9 
20 
24 
30 
43 
14 
39 
36 
46 
16 
# clone tree 73 objective: 1.86198
0 28 
28 15 
15 41 1 40 
40 23 22 26 34 
34 21 
21 33 5 4 
26 44 32 
32 12 7 
1 3 31 
4 35 
35 30 29 
31 9 19 
41 10 
7 43 6 
10 47 38 
29 45 
5 8 
6 14 27 
45 39 11 
22 20 18 
23 49 
44 24 
8 2 
38 48 
11 17 
19 37 
12 25 
37 
27 13 
17 16 46 
48 42 
18 36 
3 
49 
33 
25 
2 
47 
42 
13 
9 
20 
24 
30 
43 
14 
39 
36 
46 
16 
# clone tree 74 objective: 1.86198
0 28 
28 15 
15 41 1 40 
40 23 22 26 34 
34 21 
21 33 5 4 
26 44 32 
32 12 7 
1 3 31 
4 35 
35 30 29 
31 9 19 
41 10 
7 43 6 
10 47 38 
29 45 
5 8 
6 14 27 
45 39 11 
22 20 18 
23 49 
44 24 
8 16 2 
38 48 
11 17 
19 37 
12 25 
37 
27 13 
17 46 
48 42 
18 36 
3 
49 
33 
25 
2 
47 
42 
13 
9 
20 
24 
30 
43 
14 
39 
36 
46 
16 
# clone tree 75 objective: 1.86198
0 28 
28 15 
15 41 1 40 
40 23 22 26 34 
34 21 
21 33 5 4 
26 44 32 
32 12 7 
1 3 31 
4 35 
35 30 29 
31 9 19 
41 10 
7 43 6 
10 47 38 
29 45 
5 8 
6 14 27 
45 39 11 
22 20 18 
23 49 
44 24 
8 2 
38 48 
11 17 
19 37 
12 16 25 
37 
27 13 
17 46 
48 42 
18 36 
3 
49 
33 
25 
2 
47 
42 
13 
9 
20 
24 
30 
43 
14 
39 
36 
46 
16 
# clone tree 76 objective: 1.86198
0 28 
28 15 
15 41 1 40 
40 23 22 26 34 
34 21 
21 33 5 4 
26 44 32 
32 12 7 
1 3 31 
4 35 
35 30 29 
31 9 19 
41 10 
7 43 6 
10 47 38 
29 45 
5 8 
6 14 27 
45 39 11 
22 20 18 
23 16 49 
44 24 
8 2 
38 48 
11 17 
19 37 
12 25 
37 
27 13 
17 46 
48 42 
18 36 
3 
49 
33 
25 
2 
47 
42 
13 
9 
20 
24 
30 
43 
14 
39 
36 
46 
16 
# clone tree 77 objective: 1.86198
0 28 
28 15 
15 41 1 40 
40 23 22 26 34 
34 21 
21 33 5 4 
26 44 32 
32 12 7 
1 3 31 
4 35 
35 30 29 
31 9 19 
41 10 
7 43 6 
10 47 38 
29 45 
5 8 
6 14 27 
45 39 11 
22 20 18 
23 49 
44 16 24 
8 2 
38 48 
11 17 
19 37 
12 25 
37 
27 13 
17 46 
48 42 
18 36 
3 
49 
33 
25 
2 
47 
42 
13 
9 
20 
24 
30 
43 
14 
39 
36 
46 
16 
# clone tree 78 objective: 1.86198
0 28 
28 15 
15 16 41 1 40 
40 23 22 26 34 
34 21 
21 33 5 4 
26 44 32 
32 12 7 
1 3 31 
4 35 
35 30 29 
31 9 19 
41 10 
7 43 6 
10 47 38 
29 45 
5 8 
6 14 27 
45 39 11 
22 20 18 
23 49 
44 24 
8 2 
38 48 
11 17 
19 37 
12 25 
37 
27 13 
17 46 
48 42 
18 36 
3 
49 
33 
25 
2 
47 
42 
13 
9 
20 
24 
30 
43 
14 
39 
36 
46 
16 
# clone tree 79 objective: 1.86198
0 28 
28 15 
15 41 1 40 
40 23 22 26 34 
34 21 
21 33 5 4 
26 44 32 
32 12 7 
1 3 31 
4 35 
35 30 29 
31 9 19 
41 10 
7 43 6 
10 47 38 
29 45 
5 8 
6 14 27 
45 39 11 
22 20 18 
23 49 
44 24 
8 2 
38 48 
11 16 17 
19 37 
12 25 
37 
27 13 
17 46 
48 42 
18 36 
3 
49 
33 
25 
2 
47 
42 
13 
9 
20 
24 
30 
43 
14 
39 
36 
46 
16 
# clone tree 80 objective: 1.86198
0 28 
28 15 
15 41 1 40 
40 23 22 26 34 
34 21 
21 33 5 4 
26 44 32 
32 12 7 
1 3 31 
4 35 
35 30 29 
31 9 19 
41 10 
7 43 6 
10 47 38 
29 45 
5 16 8 
6 14 27 
45 39 11 
22 20 18 
23 49 
44 24 
8 2 
38 48 
11 17 
19 37 
12 25 
37 
27 13 
17 46 
48 42 
18 36 
3 
49 
33 
25 
2 
47 
42 
13 
9 
20 
24 
30 
43 
14 
39 
36 
46 
16 
# clone tree 81 objective: 1.86198
0 28 
28 16 15 
15 41 1 40 
40 23 22 26 34 
34 21 
21 33 5 4 
26 44 32 
32 12 7 
1 3 31 
4 35 
35 30 29 
31 9 19 
41 10 
7 43 6 
10 47 38 
29 45 
5 8 
6 14 27 
45 39 11 
22 20 18 
23 49 
44 24 
8 2 
38 48 
11 17 
19 37 
12 25 
37 
27 13 
17 46 
48 42 
18 36 
3 
49 
33 
25 
2 
47 
42 
13 
9 
20 
24 
30 
43 
14 
39 
36 
46 
16 
# clone tree 82 objective: 1.86198
0 28 
28 15 
15 41 1 40 
40 23 22 26 34 
34 21 
21 33 5 4 
26 16 44 32 
32 12 7 
1 3 31 
4 35 
35 30 29 
31 9 19 
41 10 
7 43 6 
10 47 38 
29 45 
5 8 
6 14 27 
45 39 11 
22 20 18 
23 49 
44 24 
8 2 
38 48 
11 17 
19 37 
12 25 
37 
27 13 
17 46 
48 42 
18 36 
3 
49 
33 
25 
2 
47 
42 
13 
9 
20 
24 
30 
43 
14 
39 
36 
46 
16 
# clone tree 83 objective: 1.86198
0 28 
28 15 
15 41 1 40 
40 23 22 26 34 
34 21 
21 33 5 4 
26 44 32 
32 12 7 
1 16 3 31 
4 35 
35 30 29 
31 9 19 
41 10 
7 43 6 
10 47 38 
29 45 
5 8 
6 14 27 
45 39 11 
22 20 18 
23 49 
44 24 
8 2 
38 48 
11 17 
19 37 
12 25 
37 
27 13 
17 46 
48 42 
18 36 
3 
49 
33 
25 
2 
47 
42 
13 
9 
20 
24 
30 
43 
14 
39 
36 
46 
16 
# clone tree 84 objective: 1.86198
0 28 
28 15 
15 41 1 40 
40 23 22 26 34 
34 16 21 
21 33 5 4 
26 44 32 
32 12 7 
1 3 31 
4 35 
35 30 29 
31 9 19 
41 10 
7 43 6 
10 47 38 
29 45 
5 8 
6 14 27 
45 39 11 
22 20 18 
23 49 
44 24 
8 2 
38 48 
11 17 
19 37 
12 25 
37 
27 13 
17 46 
48 42 
18 36 
3 
49 
33 
25 
2 
47 
42 
13 
9 
20 
24 
30 
43 
14 
39 
36 
46 
16 
# clone tree 85 objective: 1.86198
0 28 
28 15 
15 41 1 40 
40 23 22 26 34 
34 21 
21 33 5 4 
26 44 32 
32 12 7 
1 3 31 
4 35 
35 30 29 
31 9 19 
41 10 
7 43 6 
10 47 38 
29 45 
5 8 
6 14 27 
45 39 11 
22 20 18 
23 16 46 49 
44 24 
8 2 
38 48 
11 17 
19 37 
12 25 
37 
27 13 
17 
48 42 
18 36 
3 
49 
33 
25 
2 
47 
42 
13 
9 
20 
24 
30 
43 
14 
39 
36 
46 
16 
# clone tree 86 objective: 1.86202
0 28 
28 15 
15 41 1 40 
40 23 22 26 34 
34 21 
21 33 5 4 
26 44 32 
32 12 7 
1 3 31 
4 35 
35 30 29 
31 14 19 
41 10 
7 43 6 
10 47 38 
29 45 
5 9 8 
6 27 
45 39 11 
22 20 18 
23 49 
44 24 
8 2 
38 48 
11 17 
19 37 
12 25 
37 
27 13 
17 46 
48 42 
18 36 
3 
49 
33 
25 
2 
47 
42 
13 
9 
20 
24 
30 
43 
14 16 
39 
36 
46 
16 
# clone tree 87 objective: 1.86202
0 28 
28 15 
15 41 1 40 
40 23 22 26 34 
34 21 
21 33 5 4 
26 44 32 
32 12 7 
1 3 31 
4 35 
35 30 29 
31 14 19 
41 10 
7 43 6 
10 47 38 
29 45 
5 9 8 
6 27 
45 39 11 
22 20 18 
23 49 
44 24 
8 2 
38 48 
11 17 
19 37 
12 25 
37 
27 13 
17 46 
48 42 
18 36 
3 
49 
33 
25 
2 
47 16 
42 
13 
9 
20 
24 
30 
43 
14 
39 
36 
46 
16 
# clone tree 88 objective: 1.86202
0 28 
28 15 
15 41 1 40 
40 23 22 26 34 
34 21 
21 33 5 4 
26 44 32 
32 12 7 
1 3 31 
4 35 
35 30 29 
31 14 19 
41 10 
7 43 6 
10 47 38 
29 16 45 
5 9 8 
6 27 
45 39 11 
22 20 18 
23 46 49 
44 24 
8 2 
38 48 
11 17 
19 37 
12 25 
37 
27 13 
17 
48 42 
18 36 
3 
49 
33 
25 
2 
47 
42 
13 
9 
20 
24 
30 
43 
14 
39 
36 
46 
16 
# clone tree 89 objective: 1.86202
0 28 
28 15 
15 41 1 40 
40 23 22 26 34 
34 21 
21 33 5 4 
26 44 32 
32 12 7 
1 3 31 
4 35 
35 30 29 
31 14 19 
41 10 
7 43 6 
10 47 38 
29 45 
5 9 8 
6 27 
45 39 11 
22 20 18 
23 46 49 
44 24 
8 2 
38 48 
11 17 
19 37 
12 25 
37 
27 13 
17 
48 42 
18 36 
3 16 
49 
33 
25 
2 
47 
42 
13 
9 
20 
24 
30 
43 
14 
39 
36 
46 
16 
# clone tree 90 objective: 1.86202
0 28 
28 15 
15 41 1 40 
40 23 22 26 34 
34 21 
21 33 5 4 
26 44 32 
32 12 7 
1 3 31 
4 35 
35 30 29 
31 14 19 
41 10 
7 43 6 
10 47 38 
29 45 
5 9 8 
6 27 
45 39 11 
22 20 18 
23 46 49 
44 24 
8 2 
38 48 
11 16 17 
19 37 
12 25 
37 
27 13 
17 
48 42 
18 36 
3 
49 
33 
25 
2 
47 
42 
13 
9 
20 
24 
30 
43 
14 
39 
36 
46 
16 
# clone tree 91 objective: 1.86202
0 28 
28 15 
15 41 1 40 
40 23 22 26 34 
34 21 
21 33 5 4 
26 44 32 
32 12 7 
1 3 31 
4 35 
35 30 29 
31 14 19 
41 10 
7 43 6 
10 47 38 
29 45 
5 9 8 
6 27 
45 39 11 
22 20 18 
23 46 49 
44 24 
8 2 
38 16 48 
11 17 
19 37 
12 25 
37 
27 13 
17 
48 42 
18 36 
3 
49 
33 
25 
2 
47 
42 
13 
9 
20 
24 
30 
43 
14 
39 
36 
46 
16 
# clone tree 92 objective: 1.86202
0 28 
28 15 
15 41 1 40 
40 23 22 26 34 
34 21 
21 33 5 4 
26 44 32 
32 12 7 
1 3 31 
4 35 
35 30 29 
31 14 19 
41 10 
7 43 6 
10 47 38 
29 45 
5 9 8 
6 27 
45 39 11 
22 20 18 
23 46 49 
44 24 
8 2 
38 48 
11 17 
19 37 
12 25 
37 
27 13 
17 16 
48 42 
18 36 
3 
49 
33 
25 
2 
47 
42 
13 
9 
20 
24 
30 
43 
14 
39 
36 
46 
16 
# clone tree 93 objective: 1.86202
0 28 
28 15 
15 41 1 40 
40 23 22 26 34 
34 21 
21 33 5 4 
26 44 32 
32 12 7 
1 3 31 
4 35 
35 30 29 
31 14 19 
41 10 
7 43 6 
10 47 38 
29 45 
5 9 8 
6 27 
45 39 11 
22 20 18 
23 46 49 
44 24 
8 2 
38 48 
11 17 
19 37 
12 25 
37 
27 13 
17 
48 42 
18 36 
3 
49 
33 
25 
2 
47 
42 
13 
9 
20 
24 
30 
43 
14 16 
39 
36 
46 
16 
# clone tree 94 objective: 1.86202
0 28 
28 15 
15 41 1 40 
40 23 22 26 34 
34 21 
21 33 5 4 
26 44 32 
32 12 7 
1 3 31 
4 35 
35 30 29 
31 14 19 
41 10 
7 43 6 
10 47 38 
29 45 
5 9 8 
6 16 27 
45 39 11 
22 20 18 
23 46 49 
44 24 
8 2 
38 48 
11 17 
19 37 
12 25 
37 
27 13 
17 
48 42 
18 36 
3 
49 
33 
25 
2 
47 
42 
13 
9 
20 
24 
30 
43 
14 
39 
36 
46 
16 
# clone tree 95 objective: 1.86202
0 28 
28 15 
15 41 1 40 
40 23 22 26 34 
34 21 
21 33 5 4 
26 44 32 
32 12 7 
1 3 31 
4 35 
35 30 29 
31 14 19 
41 10 
7 43 6 
10 47 38 
29 45 
5 9 8 
6 27 
45 39 11 
22 20 18 
23 46 49 
44 24 
8 2 
38 48 
11 17 
19 37 
12 25 
37 
27 16 13 
17 
48 42 
18 36 
3 
49 
33 
25 
2 
47 
42 
13 
9 
20 
24 
30 
43 
14 
39 
36 
46 
16 
# clone tree 96 objective: 1.86202
0 28 
28 15 
15 41 1 40 
40 23 22 26 34 
34 21 
21 33 5 4 
26 44 32 
32 12 7 
1 3 31 
4 35 
35 30 29 
31 14 19 
41 10 
7 43 6 
10 47 38 
29 45 
5 9 8 
6 27 
45 39 11 
22 20 18 
23 46 49 
44 16 24 
8 2 
38 48 
11 17 
19 37 
12 25 
37 
27 13 
17 
48 42 
18 36 
3 
49 
33 
25 
2 
47 
42 
13 
9 
20 
24 
30 
43 
14 
39 
36 
46 
16 
# clone tree 97 objective: 1.86202
0 28 
28 15 
15 41 1 40 
40 23 22 26 34 
34 21 
21 33 5 4 
26 44 32 
32 12 7 
1 3 31 
4 35 
35 30 29 
31 14 19 
41 10 
7 43 6 
10 47 38 
29 45 
5 9 8 
6 27 
45 39 11 
22 20 18 
23 46 49 
44 24 
8 2 
38 48 
11 17 
19 37 
12 25 
37 
27 13 
17 
48 42 
18 36 
3 
49 
33 
25 
2 
47 16 
42 
13 
9 
20 
24 
30 
43 
14 
39 
36 
46 
16 
# clone tree 98 objective: 1.86202
0 28 
28 16 15 
15 41 1 40 
40 23 22 26 34 
34 21 
21 33 5 4 
26 44 32 
32 12 7 
1 3 31 
4 35 
35 30 29 
31 14 19 
41 10 
7 43 6 
10 47 38 
29 45 
5 9 8 
6 27 
45 39 11 
22 20 18 
23 49 
44 24 
8 2 
38 48 
11 17 
19 37 
12 25 
37 
27 13 
17 46 
48 42 
18 36 
3 
49 
33 
25 
2 
47 
42 
13 
9 
20 
24 
30 
43 
14 
39 
36 
46 
16 
# clone tree 99 objective: 1.86202
0 28 
28 15 
15 41 1 40 
40 23 22 26 34 
34 21 
21 33 5 4 
26 44 32 
32 12 7 
1 3 31 
4 35 
35 30 29 
31 14 19 
41 10 
7 43 6 
10 47 38 
29 45 
5 9 8 
6 27 
45 39 11 
22 20 18 
23 46 49 
44 24 
8 2 
38 48 
11 17 
19 37 
12 25 
37 
27 13 
17 
48 42 
18 16 36 
3 
49 
33 
25 
2 
47 
42 
13 
9 
20 
24 
30 
43 
14 
39 
36 
46 
16 
