# clone tree 0 objective: 2.07437
0 41 47 39 8 29 
22 25 
29 40 16 22 
25 32 9 6 34 
34 46 42 
42 23 3 
3 11 
11 1 21 
21 36 15 
6 30 48 14 
8 18 
15 26 13 
18 43 
13 4 
14 5 
5 10 
4 20 35 
43 45 24 
46 28 
9 33 2 
10 7 
28 17 
24 31 37 
17 19 
36 44 
19 12 
2 27 
48 
37 
44 
35 49 
39 
1 38 
31 
7 
32 
47 
33 
38 
23 
26 
16 
40 
49 
12 
27 
20 
41 
30 
45 
# clone tree 1 objective: 2.07437
0 41 47 39 8 29 
22 25 
29 40 16 22 
25 32 9 6 34 
34 46 42 
42 23 3 
3 11 
11 1 21 
21 36 15 
6 48 14 
8 18 
15 26 13 
18 43 
13 4 
14 45 5 
5 10 
4 20 35 
43 24 
46 28 
9 30 33 2 
10 7 
28 17 
24 31 37 
17 19 
36 44 
19 12 
2 27 
48 
37 
44 
35 49 
39 
1 38 
31 
7 
32 
47 
33 
38 
23 
26 
16 
40 
49 
12 
27 
20 
41 
30 
45 
# clone tree 2 objective: 2.07437
0 41 47 39 8 29 
22 25 
29 40 16 22 
25 32 9 6 34 
34 46 42 
42 23 3 
3 11 
11 1 21 
21 36 15 
6 48 14 
8 18 
15 26 13 
18 43 
13 4 
14 5 
5 10 
4 20 35 
43 45 24 
46 28 
9 30 33 2 
10 7 
28 17 
24 31 37 
17 19 
36 44 
19 12 
2 27 
48 
37 
44 
35 49 
39 
1 38 
31 
7 
32 
47 
33 
38 
23 
26 
16 
40 
49 
12 
27 
20 
41 
30 
45 
# clone tree 3 objective: 2.07437
0 41 47 39 8 29 
22 25 
29 40 16 22 
25 32 9 6 34 
34 46 42 
42 23 3 
3 11 
11 1 21 
21 36 15 
6 30 48 14 
8 18 
15 26 13 
18 43 
13 4 
14 45 5 
5 10 
4 20 35 
43 24 
46 28 
9 33 2 
10 7 
28 17 
24 31 37 
17 19 
36 44 
19 12 
2 27 
48 
37 
44 
35 49 
39 
1 38 
31 
7 
32 
47 
33 
38 
23 
26 
16 
40 
49 
12 
27 
20 
41 
30 
45 
# clone tree 4 objective: 2.07453
0 41 47 39 8 29 
22 25 
29 40 16 22 
25 32 9 6 34 
34 46 42 
42 23 3 
3 11 
11 1 21 
21 36 15 
6 48 14 
8 18 
15 26 13 
18 43 
13 4 
14 45 5 
5 10 
4 20 35 
43 24 
46 28 
9 33 2 
10 7 
28 17 
24 31 37 
17 19 
36 44 
19 12 
2 27 
48 
37 
44 
35 49 
39 
1 38 
31 
7 
32 
47 
33 
38 
23 
26 
16 
40 
49 
12 
27 30 
20 
41 
30 
45 
# clone tree 5 objective: 2.07453
0 41 47 39 8 29 
22 25 
29 40 16 22 
25 32 9 6 34 
34 46 42 
42 23 3 
3 11 
11 1 21 
21 36 15 
6 48 14 
8 18 
15 26 13 
18 43 
13 4 
14 5 
5 10 
4 20 35 
43 45 24 
46 28 
9 33 2 
10 7 
28 17 
24 31 37 
17 19 
36 44 
19 12 
2 27 
48 
37 
44 
35 49 
39 
1 38 
31 
7 
32 
47 
33 
38 
23 
26 
16 
40 
49 
12 
27 30 
20 
41 
30 
45 
# clone tree 6 objective: 2.07486
0 41 47 39 8 29 
22 25 
29 40 16 22 
25 32 9 6 34 
34 46 42 
42 23 3 
3 11 
11 1 21 
21 36 15 
6 48 14 
8 18 
15 26 13 
18 43 
13 4 
14 5 
5 10 
4 20 35 
43 24 
46 28 
9 30 33 2 
10 7 
28 17 
24 31 37 
17 19 
36 44 
19 12 
2 27 
48 
37 45 
44 
35 49 
39 
1 38 
31 
7 
32 
47 
33 
38 
23 
26 
16 
40 
49 
12 
27 
20 
41 
30 
45 
# clone tree 7 objective: 2.07486
0 41 47 39 8 29 
22 25 
29 40 16 22 
25 32 9 6 34 
34 46 42 
42 23 3 
3 11 
11 1 21 
21 36 15 
6 30 48 14 
8 18 
15 26 13 
18 43 
13 4 
14 5 
5 10 
4 20 35 
43 24 
46 28 
9 33 2 
10 7 
28 17 
24 31 37 
17 19 
36 44 
19 12 
2 27 
48 
37 45 
44 
35 49 
39 
1 38 
31 
7 
32 
47 
33 
38 
23 
26 
16 
40 
49 
12 
27 
20 
41 
30 
45 
# clone tree 8 objective: 2.07497
0 41 47 39 8 29 
22 25 
29 40 16 22 
25 32 9 6 34 
34 46 42 
42 23 3 
3 11 
11 1 21 
21 36 15 
6 48 14 
8 18 
15 26 13 
18 43 
13 27 4 
14 45 5 
5 10 
4 20 35 
43 24 
46 28 
9 30 33 2 
10 7 
28 17 
24 31 37 
17 19 
36 44 
19 12 
2 
48 
37 
44 
35 49 
39 
1 38 
31 
7 
32 
47 
33 
38 
23 
26 
16 
40 
49 
12 
27 
20 
41 
30 
45 
# clone tree 9 objective: 2.07497
0 41 47 39 8 29 
22 25 
29 40 16 22 
25 32 9 6 34 
34 46 42 
42 23 3 
3 11 
11 1 21 
21 36 15 
6 48 14 
8 18 
15 26 13 
18 43 
13 27 4 
14 5 
5 10 
4 20 35 
43 24 
46 28 
9 30 33 2 
10 7 
28 17 
24 31 37 
17 19 
36 44 
19 12 
2 45 
48 
37 
44 
35 49 
39 
1 38 
31 
7 
32 
47 
33 
38 
23 
26 
16 
40 
49 
12 
27 
20 
41 
30 
45 
