# clone tree 0 objective: 2.11153
0 18 45 40 
40 31 27 
27 37 6 10 
10 14 43 
43 13 34 25 
25 3 
6 9 2 1 
3 17 
15 20 7 
1 29 24 
17 15 
24 12 
12 23 
7 21 44 
23 32 
32 46 28 
20 22 8 
34 4 
14 42 33 
44 11 47 
4 16 
31 35 
45 36 48 
35 49 
28 
8 39 
16 
33 
22 19 
37 
18 
2 5 
13 41 
9 
19 
21 30 26 
39 
49 
47 
11 
48 
36 
46 
41 38 
29 
5 
38 
42 
26 
30 
# clone tree 1 objective: 2.11153
0 18 45 40 
40 31 27 
27 37 6 10 
10 14 43 
43 13 34 25 
25 3 
6 9 2 1 
3 17 
15 20 7 
1 24 
17 15 
24 12 
12 23 
7 21 44 
23 32 
32 46 28 
20 22 8 
34 4 
14 42 33 
44 11 47 
4 16 
31 35 
45 36 48 
35 49 
28 
8 39 
16 29 
33 
22 19 
37 
18 
2 5 
13 41 
9 
19 
21 30 26 
39 
49 
47 
11 
48 
36 
46 
41 38 
29 
5 
38 
42 
26 
30 
# clone tree 2 objective: 2.11153
0 18 45 40 
40 31 27 
27 37 6 10 
10 14 43 
43 13 34 25 
25 3 
6 9 2 1 
3 17 
15 20 7 
1 24 
17 15 
24 12 
12 23 
7 21 44 
23 32 
32 46 28 
20 22 8 
34 4 
14 42 33 
44 11 47 
4 16 
31 35 
45 36 48 
35 49 
28 
8 39 
16 29 
33 
22 19 
37 30 
18 
2 5 
13 41 
9 
19 
21 26 
39 
49 
47 
11 
48 
36 
46 
41 38 
29 
5 
38 
42 
26 
30 
# clone tree 3 objective: 2.11153
0 18 45 40 
40 31 27 
27 37 6 10 
10 14 43 
43 13 34 25 
25 3 
6 9 2 1 
3 17 
15 20 7 
1 24 
17 15 
24 12 
12 23 
7 21 44 
23 32 
32 46 28 
20 22 8 
34 4 
14 42 33 
44 30 11 47 
4 16 
31 35 
45 36 48 
35 49 
28 
8 39 
16 29 
33 
22 19 
37 
18 
2 5 
13 41 
9 
19 
21 26 
39 
49 
47 
11 
48 
36 
46 
41 38 
29 
5 
38 
42 
26 
30 
# clone tree 4 objective: 2.11153
0 18 45 40 
40 31 27 
27 37 6 10 
10 14 43 
43 13 34 25 
25 3 
6 9 2 1 
3 17 
15 20 7 
1 29 24 
17 15 
24 12 
12 23 
7 21 44 
23 32 
32 46 28 
20 22 8 
34 4 
14 42 33 
44 30 11 47 
4 16 
31 35 
45 36 48 
35 49 
28 
8 39 
16 
33 
22 19 
37 
18 
2 5 
13 41 
9 
19 
21 26 
39 
49 
47 
11 
48 
36 
46 
41 38 
29 
5 
38 
42 
26 
30 
# clone tree 5 objective: 2.11153
0 18 45 40 
40 31 27 
27 37 6 10 
10 14 43 
43 13 34 25 
25 3 
6 9 2 1 
3 17 
15 20 7 
1 29 24 
17 15 
24 12 
12 23 
7 21 44 
23 32 
32 46 28 
20 22 8 
34 4 
14 42 33 
44 11 47 
4 16 
31 35 
45 36 48 
35 49 
28 
8 39 
16 
33 
22 19 
37 30 
18 
2 5 
13 41 
9 
19 
21 26 
39 
49 
47 
11 
48 
36 
46 
41 38 
29 
5 
38 
42 
26 
30 
# clone tree 6 objective: 2.11163
0 18 45 40 
40 31 27 
27 37 6 10 
10 14 43 
43 13 34 25 
25 3 
6 9 2 1 
3 46 17 
15 20 7 
1 24 
17 15 
24 12 
12 23 
7 21 44 
23 32 
32 28 
20 22 8 
34 4 
14 42 33 
44 11 47 
4 16 
31 35 
45 36 48 
35 49 
28 
8 39 
16 29 
33 
22 19 
37 30 
18 
2 5 
13 41 
9 
19 
21 26 
39 
49 
47 
11 
48 
36 
46 
41 38 
29 
5 
38 
42 
26 
30 
# clone tree 7 objective: 2.11163
0 18 45 40 
40 31 27 
27 37 6 10 
10 14 43 
43 13 34 25 
25 3 
6 9 2 1 
3 46 17 
15 20 7 
1 24 
17 15 
24 12 
12 23 
7 21 44 
23 32 
32 28 
20 22 8 
34 4 
14 42 33 
44 11 47 
4 16 
31 35 
45 36 48 
35 49 
28 
8 39 
16 29 
33 
22 19 
37 
18 
2 5 
13 41 
9 
19 
21 30 26 
39 
49 
47 
11 
48 
36 
46 
41 38 
29 
5 
38 
42 
26 
30 
# clone tree 8 objective: 2.11163
0 18 45 40 
40 31 27 
27 37 6 10 
10 14 43 
43 13 34 25 
25 3 
6 9 2 1 
3 46 17 
15 20 7 
1 29 24 
17 15 
24 12 
12 23 
7 21 44 
23 32 
32 28 
20 22 8 
34 4 
14 42 33 
44 11 47 
4 16 
31 35 
45 36 48 
35 49 
28 
8 39 
16 
33 
22 19 
37 
18 
2 5 
13 41 
9 
19 
21 30 26 
39 
49 
47 
11 
48 
36 
46 
41 38 
29 
5 
38 
42 
26 
30 
# clone tree 9 objective: 2.11163
0 18 45 40 
40 31 27 
27 37 6 10 
10 14 43 
43 13 34 25 
25 3 
6 9 2 1 
3 46 17 
15 20 7 
1 29 24 
17 15 
24 12 
12 23 
7 21 44 
23 32 
32 28 
20 22 8 
34 4 
14 42 33 
44 30 11 47 
4 16 
31 35 
45 36 48 
35 49 
28 
8 39 
16 
33 
22 19 
37 
18 
2 5 
13 41 
9 
19 
21 26 
39 
49 
47 
11 
48 
36 
46 
41 38 
29 
5 
38 
42 
26 
30 
# clone tree 10 objective: 2.11163
0 18 45 40 
40 31 27 
27 37 6 10 
10 14 43 
43 13 34 25 
25 3 
6 9 2 1 
3 46 17 
15 20 7 
1 29 24 
17 15 
24 12 
12 23 
7 21 44 
23 32 
32 28 
20 22 8 
34 4 
14 42 33 
44 11 47 
4 16 
31 35 
45 36 48 
35 49 
28 
8 39 
16 
33 
22 19 
37 30 
18 
2 5 
13 41 
9 
19 
21 26 
39 
49 
47 
11 
48 
36 
46 
41 38 
29 
5 
38 
42 
26 
30 
# clone tree 11 objective: 2.11163
0 18 45 40 
40 31 27 
27 37 6 10 
10 14 43 
43 13 34 25 
25 3 
6 9 2 1 
3 46 17 
15 20 7 
1 24 
17 15 
24 12 
12 23 
7 21 44 
23 32 
32 28 
20 22 8 
34 4 
14 42 33 
44 30 11 47 
4 16 
31 35 
45 36 48 
35 49 
28 
8 39 
16 29 
33 
22 19 
37 
18 
2 5 
13 41 
9 
19 
21 26 
39 
49 
47 
11 
48 
36 
46 
41 38 
29 
5 
38 
42 
26 
30 
# clone tree 12 objective: 2.11172
0 18 45 40 
40 31 27 
27 37 6 10 
10 14 43 
43 13 34 25 
25 3 
6 9 2 1 
3 17 
15 20 7 
1 24 
17 15 
24 12 
12 23 
7 21 44 
23 32 
32 46 28 
20 22 8 
34 4 
14 42 33 
44 11 47 
4 16 
31 35 
45 36 48 
35 49 
28 
8 39 
16 29 
33 
22 19 
37 30 
18 
2 5 
13 41 
9 
19 
21 
39 
49 
47 
11 
48 
36 
46 26 
41 38 
29 
5 
38 
42 
26 
30 
# clone tree 13 objective: 2.11172
0 18 45 40 
40 31 27 
27 37 6 10 
10 14 43 
43 13 34 25 
25 3 
6 9 2 1 
3 17 
15 20 7 
1 29 24 
17 15 
24 12 
12 23 
7 21 44 
23 32 
32 46 28 
20 22 8 
34 4 
14 42 33 
44 11 47 
4 16 
31 35 
45 36 48 
35 49 
28 
8 39 
16 
33 
22 19 
37 30 
18 
2 5 
13 41 
9 
19 
21 
39 
49 
47 
11 
48 
36 
46 26 
41 38 
29 
5 
38 
42 
26 
30 
# clone tree 14 objective: 2.11172
0 18 45 40 
40 31 27 
27 37 6 10 
10 14 43 
43 13 34 25 
25 3 
6 9 2 1 
3 17 
15 20 7 
1 24 
17 15 
24 12 
12 23 
7 21 44 
23 32 
32 46 28 
20 22 8 
34 4 
14 42 33 
44 11 47 
4 16 
31 35 
45 36 48 
35 49 
28 
8 39 
16 29 
33 
22 19 
37 30 
18 
2 
13 41 
9 
19 
21 5 
39 
49 
47 
11 
48 
36 
46 26 
41 38 
29 
5 
38 
42 
26 
30 
# clone tree 15 objective: 2.11172
0 18 45 40 
40 31 27 
27 37 6 10 
10 14 43 
43 13 34 25 
25 3 
6 9 2 1 
3 17 
15 20 7 
1 29 24 
17 15 
24 12 
12 23 
7 21 44 
23 32 
32 46 28 
20 22 8 
34 4 
14 42 33 
44 30 11 47 
4 16 
31 35 
45 36 48 
35 49 
28 
8 39 
16 
33 
22 19 
37 
18 
2 5 
13 41 
9 
19 
21 
39 
49 
47 
11 
48 
36 
46 26 
41 38 
29 
5 
38 
42 
26 
30 
# clone tree 16 objective: 2.11172
0 18 45 40 
40 31 27 
27 37 6 10 
10 14 43 
43 13 34 25 
25 3 
6 9 2 1 
3 17 
15 20 7 
1 29 24 
17 15 
24 12 
12 23 
7 21 44 
23 32 
32 46 28 
20 22 8 
34 4 
14 42 33 
44 11 47 
4 16 
31 35 
45 36 48 
35 49 
28 
8 39 
16 
33 
22 19 
37 
18 
2 
13 41 
9 
19 
21 30 5 
39 
49 
47 
11 
48 
36 
46 26 
41 38 
29 
5 
38 
42 
26 
30 
# clone tree 17 objective: 2.11172
0 18 45 40 
40 31 27 
27 37 6 10 
10 14 43 
43 13 34 25 
25 3 
6 9 2 1 
3 17 
15 20 7 
1 29 24 
17 15 
24 12 
12 23 
7 21 44 
23 32 
32 46 28 
20 22 8 
34 4 
14 42 33 
44 11 47 
4 16 
31 35 
45 36 48 
35 49 
28 
8 39 
16 
33 
22 19 
37 
18 
2 5 
13 41 
9 
19 
21 30 
39 
49 
47 
11 
48 
36 
46 26 
41 38 
29 
5 
38 
42 
26 
30 
# clone tree 18 objective: 2.11172
0 18 45 40 
40 31 27 
27 37 6 10 
10 14 43 
43 13 34 25 
25 3 
6 9 2 1 
3 17 
15 20 7 
1 29 24 
17 15 
24 12 
12 23 
7 21 44 
23 32 
32 46 28 
20 22 8 
34 4 
14 42 33 
44 30 11 47 
4 16 
31 35 
45 36 48 
35 49 
28 
8 39 
16 
33 
22 19 
37 
18 
2 
13 41 
9 
19 
21 5 
39 
49 
47 
11 
48 
36 
46 26 
41 38 
29 
5 
38 
42 
26 
30 
# clone tree 19 objective: 2.11172
0 18 45 40 
40 31 27 
27 37 6 10 
10 14 43 
43 13 34 25 
25 3 
6 9 2 1 
3 17 
15 20 7 
1 24 
17 15 
24 12 
12 23 
7 21 44 
23 32 
32 46 28 
20 22 8 
34 4 
14 42 33 
44 11 47 
4 16 
31 35 
45 36 48 
35 49 
28 
8 39 
16 29 
33 
22 19 
37 
18 
2 
13 41 
9 
19 
21 30 5 
39 
49 
47 
11 
48 
36 
46 26 
41 38 
29 
5 
38 
42 
26 
30 
# clone tree 20 objective: 2.11172
0 18 45 40 
40 31 27 
27 37 6 10 
10 14 43 
43 13 34 25 
25 3 
6 9 2 1 
3 17 
15 20 7 
1 24 
17 15 
24 12 
12 23 
7 21 44 
23 32 
32 46 28 
20 22 8 
34 4 
14 42 33 
44 30 11 47 
4 16 
31 35 
45 36 48 
35 49 
28 
8 39 
16 29 
33 
22 19 
37 
18 
2 
13 41 
9 
19 
21 5 
39 
49 
47 
11 
48 
36 
46 26 
41 38 
29 
5 
38 
42 
26 
30 
# clone tree 21 objective: 2.11172
0 18 45 40 
40 31 27 
27 37 6 10 
10 14 43 
43 13 34 25 
25 3 
6 9 2 1 
3 17 
15 20 7 
1 24 
17 15 
24 12 
12 23 
7 21 44 
23 32 
32 46 28 
20 22 8 
34 4 
14 42 33 
44 30 11 47 
4 16 
31 35 
45 36 48 
35 49 
28 
8 39 
16 29 
33 
22 19 
37 
18 
2 5 
13 41 
9 
19 
21 
39 
49 
47 
11 
48 
36 
46 26 
41 38 
29 
5 
38 
42 
26 
30 
# clone tree 22 objective: 2.11172
0 18 45 40 
40 31 27 
27 37 6 10 
10 14 43 
43 13 34 25 
25 3 
6 9 2 1 
3 17 
15 20 7 
1 29 24 
17 15 
24 12 
12 23 
7 21 44 
23 32 
32 46 28 
20 22 8 
34 4 
14 42 33 
44 11 47 
4 16 
31 35 
45 36 48 
35 49 
28 
8 39 
16 
33 
22 19 
37 30 
18 
2 
13 41 
9 
19 
21 5 
39 
49 
47 
11 
48 
36 
46 26 
41 38 
29 
5 
38 
42 
26 
30 
# clone tree 23 objective: 2.11172
0 18 45 40 
40 31 27 
27 37 6 10 
10 14 43 
43 13 34 25 
25 3 
6 9 2 1 
3 17 
15 20 7 
1 24 
17 15 
24 12 
12 23 
7 21 44 
23 32 
32 46 28 
20 22 8 
34 4 
14 42 33 
44 11 47 
4 16 
31 35 
45 36 48 
35 49 
28 
8 39 
16 29 
33 
22 19 
37 
18 
2 5 
13 41 
9 
19 
21 30 
39 
49 
47 
11 
48 
36 
46 26 
41 38 
29 
5 
38 
42 
26 
30 
# clone tree 24 objective: 2.11219
0 18 45 40 
40 31 27 
27 37 6 10 
10 14 43 
43 13 34 25 
25 3 
6 9 2 1 
3 17 
15 20 7 
1 24 
17 15 
24 12 
12 23 
7 21 44 
23 32 
32 46 28 
20 22 8 
34 4 
14 42 33 
44 11 47 
4 16 
31 35 
45 36 48 
35 49 
28 
8 39 
16 29 
33 
22 19 
37 
18 
2 5 
13 41 
9 
19 
21 26 
39 
49 30 
47 
11 
48 
36 
46 
41 38 
29 
5 
38 
42 
26 
30 
# clone tree 25 objective: 2.11219
0 18 45 40 
40 31 27 
27 37 6 10 
10 14 43 
43 13 34 25 
25 3 
6 9 2 1 
3 17 
15 20 7 
1 29 24 
17 15 
24 12 
12 23 
7 21 44 
23 32 
32 46 28 
20 22 8 
34 4 
14 42 33 
44 11 47 
4 16 
31 35 
45 36 48 
35 49 
28 
8 39 
16 
33 
22 19 
37 
18 
2 5 
13 41 
9 
19 
21 26 
39 
49 30 
47 
11 
48 
36 
46 
41 38 
29 
5 
38 
42 
26 
30 
# clone tree 26 objective: 2.11229
0 18 45 40 
40 31 27 
27 37 6 10 
10 14 43 
43 13 34 25 
25 3 
6 9 2 1 
3 46 17 
15 20 7 
1 24 
17 15 
24 12 
12 23 
7 21 44 
23 32 
32 28 
20 22 8 
34 4 
14 42 33 
44 11 47 
4 16 
31 35 
45 36 48 
35 49 
28 
8 39 
16 29 
33 
22 19 
37 
18 
2 5 
13 41 
9 
19 
21 26 
39 
49 30 
47 
11 
48 
36 
46 
41 38 
29 
5 
38 
42 
26 
30 
# clone tree 27 objective: 2.11229
0 18 45 40 
40 31 27 
27 37 6 10 
10 14 43 
43 13 34 25 
25 3 
6 9 2 1 
3 46 17 
15 20 7 
1 29 24 
17 15 
24 12 
12 23 
7 21 44 
23 32 
32 28 
20 22 8 
34 4 
14 42 33 
44 11 47 
4 16 
31 35 
45 36 48 
35 49 
28 
8 39 
16 
33 
22 19 
37 
18 
2 5 
13 41 
9 
19 
21 26 
39 
49 30 
47 
11 
48 
36 
46 
41 38 
29 
5 
38 
42 
26 
30 
# clone tree 28 objective: 2.11238
0 18 45 40 
40 31 27 
27 37 6 10 
10 14 43 
43 13 34 25 
25 3 
6 9 2 1 
3 17 
15 20 7 
1 29 24 
17 15 
24 12 
12 23 
7 21 44 
23 32 
32 46 28 
20 22 8 
34 4 
14 42 33 
44 11 47 
4 16 
31 35 
45 36 48 
35 49 
28 
8 39 
16 
33 
22 19 
37 
18 
2 5 
13 41 
9 
19 
21 
39 
49 30 
47 
11 
48 
36 
46 26 
41 38 
29 
5 
38 
42 
26 
30 
# clone tree 29 objective: 2.11238
0 18 45 40 
40 31 27 
27 37 6 10 
10 14 43 
43 13 34 25 
25 3 
6 9 2 1 
3 17 
15 20 7 
1 24 
17 15 
24 12 
12 23 
7 21 44 
23 32 
32 46 28 
20 22 8 
34 4 
14 42 33 
44 11 47 
4 16 
31 35 
45 36 48 
35 49 
28 
8 39 
16 29 
33 
22 19 
37 
18 
2 5 
13 41 
9 
19 
21 
39 
49 30 
47 
11 
48 
36 
46 26 
41 38 
29 
5 
38 
42 
26 
30 
# clone tree 30 objective: 2.11238
0 18 45 40 
40 31 27 
27 37 6 10 
10 14 43 
43 13 34 25 
25 3 
6 9 2 1 
3 17 
15 20 7 
1 29 24 
17 15 
24 12 
12 23 
7 21 44 
23 32 
32 46 28 
20 22 8 
34 4 
14 42 33 
44 11 47 
4 16 
31 35 
45 36 48 
35 49 
28 
8 39 
16 
33 
22 19 
37 
18 
2 
13 41 
9 
19 
21 5 
39 
49 30 
47 
11 
48 
36 
46 26 
41 38 
29 
5 
38 
42 
26 
30 
# clone tree 31 objective: 2.11238
0 18 45 40 
40 31 27 
27 37 6 10 
10 14 43 
43 13 34 25 
25 3 
6 9 2 1 
3 17 
15 20 7 
1 24 
17 15 
24 12 
12 23 
7 21 44 
23 32 
32 46 28 
20 22 8 
34 4 
14 42 33 
44 11 47 
4 16 
31 35 
45 36 48 
35 49 
28 
8 39 
16 29 
33 
22 19 
37 
18 
2 
13 41 
9 
19 
21 5 
39 
49 30 
47 
11 
48 
36 
46 26 
41 38 
29 
5 
38 
42 
26 
30 
# clone tree 32 objective: 2.11256
0 18 45 40 
40 31 27 
27 37 6 10 
10 14 43 
43 13 34 25 
25 3 
6 2 1 
3 17 
15 20 7 
1 29 24 
17 15 
24 46 12 
12 23 
7 21 44 
23 32 
32 28 
20 22 8 
34 4 
14 42 33 
44 47 9 
4 16 
31 35 
45 36 48 
35 49 
28 
8 39 
16 
33 
22 19 
37 
18 
2 5 
13 41 
9 11 
19 
21 30 26 
39 
49 
47 
11 
48 
36 
46 
41 38 
29 
5 
38 
42 
26 
30 
# clone tree 33 objective: 2.11256
0 18 45 40 
40 31 27 
27 37 6 10 
10 14 43 
43 13 34 25 
25 3 
6 2 1 
3 17 
15 20 7 
1 24 
17 15 
24 46 12 
12 23 
7 21 44 
23 32 
32 28 
20 22 8 
34 4 
14 42 33 
44 47 9 
4 16 
31 35 
45 36 48 
35 49 
28 
8 39 
16 29 
33 
22 19 
37 30 
18 
2 5 
13 41 
9 11 
19 
21 26 
39 
49 
47 
11 
48 
36 
46 
41 38 
29 
5 
38 
42 
26 
30 
# clone tree 34 objective: 2.11256
0 18 45 40 
40 31 27 
27 37 6 10 
10 14 43 
43 13 34 25 
25 3 
6 2 1 
3 17 
15 20 7 
1 29 24 
17 15 
24 46 12 
12 23 
7 21 44 
23 32 
32 28 
20 22 8 
34 4 
14 42 33 
44 47 9 
4 16 
31 35 
45 36 48 
35 49 
28 
8 39 
16 
33 
22 19 
37 30 
18 
2 5 
13 41 
9 11 
19 
21 26 
39 
49 
47 
11 
48 
36 
46 
41 38 
29 
5 
38 
42 
26 
30 
# clone tree 35 objective: 2.11256
0 18 45 40 
40 31 27 
27 37 6 10 
10 14 43 
43 13 34 25 
25 3 
6 2 1 
3 17 
15 20 7 
1 24 
17 15 
24 46 12 
12 23 
7 21 44 
23 32 
32 28 
20 22 8 
34 4 
14 42 33 
44 47 9 
4 16 
31 35 
45 36 48 
35 49 
28 
8 39 
16 29 
33 
22 19 
37 
18 
2 5 
13 41 
9 11 
19 
21 30 26 
39 
49 
47 
11 
48 
36 
46 
41 38 
29 
5 
38 
42 
26 
30 
# clone tree 36 objective: 2.11271
0 18 45 40 
40 31 27 
27 37 6 10 
10 14 43 
43 13 34 25 
25 3 
6 9 2 1 
3 17 
15 20 7 
1 24 
17 15 
24 36 12 
12 23 
7 21 44 
23 32 
32 46 28 
20 22 8 
34 4 
14 42 33 
44 11 47 
4 16 
31 35 
45 48 
35 49 
28 
8 39 
16 29 
33 
22 19 
37 
18 
2 5 
13 41 
9 
19 
21 30 26 
39 
49 
47 
11 
48 
36 
46 
41 38 
29 
5 
38 
42 
26 
30 
# clone tree 37 objective: 2.11271
0 18 45 40 
40 31 27 
27 37 6 10 
10 14 43 
43 13 34 25 
25 3 
6 9 2 1 
3 17 
15 20 7 
1 29 24 
17 15 
24 36 12 
12 23 
7 21 44 
23 32 
32 46 28 
20 22 8 
34 4 
14 42 33 
44 11 47 
4 16 
31 35 
45 48 
35 49 
28 
8 39 
16 
33 
22 19 
37 30 
18 
2 5 
13 41 
9 
19 
21 26 
39 
49 
47 
11 
48 
36 
46 
41 38 
29 
5 
38 
42 
26 
30 
# clone tree 38 objective: 2.11271
0 18 45 40 
40 31 27 
27 37 6 10 
10 14 43 
43 13 34 25 
25 3 
6 9 2 1 
3 17 
15 20 7 
1 24 
17 15 
24 36 12 
12 23 
7 21 44 
23 32 
32 46 28 
20 22 8 
34 4 
14 42 33 
44 11 47 
4 16 
31 35 
45 48 
35 49 
28 
8 39 
16 29 
33 
22 19 
37 30 
18 
2 5 
13 41 
9 
19 
21 26 
39 
49 
47 
11 
48 
36 
46 
41 38 
29 
5 
38 
42 
26 
30 
# clone tree 39 objective: 2.11271
0 18 45 40 
40 31 27 
27 37 6 10 
10 14 43 
43 13 34 25 
25 3 
6 9 2 1 
3 17 
15 20 7 
1 29 24 
17 15 
24 36 12 
12 23 
7 21 44 
23 32 
32 46 28 
20 22 8 
34 4 
14 42 33 
44 30 11 47 
4 16 
31 35 
45 48 
35 49 
28 
8 39 
16 
33 
22 19 
37 
18 
2 5 
13 41 
9 
19 
21 26 
39 
49 
47 
11 
48 
36 
46 
41 38 
29 
5 
38 
42 
26 
30 
# clone tree 40 objective: 2.11271
0 18 45 40 
40 31 27 
27 37 6 10 
10 14 43 
43 13 34 25 
25 3 
6 9 2 1 
3 17 
15 20 7 
1 29 24 
17 15 
24 36 12 
12 23 
7 21 44 
23 32 
32 46 28 
20 22 8 
34 4 
14 42 33 
44 11 47 
4 16 
31 35 
45 48 
35 49 
28 
8 39 
16 
33 
22 19 
37 
18 
2 5 
13 41 
9 
19 
21 30 26 
39 
49 
47 
11 
48 
36 
46 
41 38 
29 
5 
38 
42 
26 
30 
# clone tree 41 objective: 2.11271
0 18 45 40 
40 31 27 
27 37 6 10 
10 14 43 
43 13 34 25 
25 3 
6 9 2 1 
3 17 
15 20 7 
1 24 
17 15 
24 36 12 
12 23 
7 21 44 
23 32 
32 46 28 
20 22 8 
34 4 
14 42 33 
44 30 11 47 
4 16 
31 35 
45 48 
35 49 
28 
8 39 
16 29 
33 
22 19 
37 
18 
2 5 
13 41 
9 
19 
21 26 
39 
49 
47 
11 
48 
36 
46 
41 38 
29 
5 
38 
42 
26 
30 
# clone tree 42 objective: 2.11275
0 18 45 40 
40 31 27 
27 37 6 10 
10 14 43 
43 13 34 25 
25 3 
6 2 1 
3 17 
15 20 7 
1 24 
17 15 
24 46 12 
12 23 
7 21 44 
23 32 
32 28 
20 22 8 
34 4 
14 42 33 
44 47 9 
4 16 
31 35 
45 36 48 
35 49 
28 
8 39 
16 29 
33 
22 19 
37 30 
18 
2 5 
13 41 
9 11 
19 
21 
39 
49 
47 
11 
48 
36 
46 26 
41 38 
29 
5 
38 
42 
26 
30 
# clone tree 43 objective: 2.11275
0 18 45 40 
40 31 27 
27 37 6 10 
10 14 43 
43 13 34 25 
25 3 
6 2 1 
3 17 
15 20 7 
1 29 24 
17 15 
24 46 12 
12 23 
7 21 44 
23 32 
32 28 
20 22 8 
34 4 
14 42 33 
44 47 9 
4 16 
31 35 
45 36 48 
35 49 
28 
8 39 
16 
33 
22 19 
37 30 
18 
2 5 
13 41 
9 11 
19 
21 
39 
49 
47 
11 
48 
36 
46 26 
41 38 
29 
5 
38 
42 
26 
30 
# clone tree 44 objective: 2.11275
0 18 45 40 
40 31 27 
27 37 6 10 
10 14 43 
43 13 34 25 
25 3 
6 2 1 
3 17 
15 20 7 
1 29 24 
17 15 
24 46 12 
12 23 
7 21 44 
23 32 
32 28 
20 22 8 
34 4 
14 42 33 
44 47 9 
4 16 
31 35 
45 36 48 
35 49 
28 
8 39 
16 
33 
22 19 
37 
18 
2 5 
13 41 
9 11 
19 
21 30 
39 
49 
47 
11 
48 
36 
46 26 
41 38 
29 
5 
38 
42 
26 
30 
# clone tree 45 objective: 2.11275
0 18 45 40 
40 31 27 
27 37 6 10 
10 14 43 
43 13 34 25 
25 3 
6 2 1 
3 17 
15 20 7 
1 24 
17 15 
24 46 12 
12 23 
7 21 44 
23 32 
32 28 
20 22 8 
34 4 
14 42 33 
44 47 9 
4 16 
31 35 
45 36 48 
35 49 
28 
8 39 
16 29 
33 
22 19 
37 
18 
2 
13 41 
9 11 
19 
21 30 5 
39 
49 
47 
11 
48 
36 
46 26 
41 38 
29 
5 
38 
42 
26 
30 
# clone tree 46 objective: 2.11275
0 18 45 40 
40 31 27 
27 37 6 10 
10 14 43 
43 13 34 25 
25 3 
6 2 1 
3 17 
15 20 7 
1 29 24 
17 15 
24 46 12 
12 23 
7 21 44 
23 32 
32 28 
20 22 8 
34 4 
14 42 33 
44 47 9 
4 16 
31 35 
45 36 48 
35 49 
28 
8 39 
16 
33 
22 19 
37 
18 
2 
13 41 
9 11 
19 
21 30 5 
39 
49 
47 
11 
48 
36 
46 26 
41 38 
29 
5 
38 
42 
26 
30 
# clone tree 47 objective: 2.11275
0 18 45 40 
40 31 27 
27 37 6 10 
10 14 43 
43 13 34 25 
25 3 
6 2 1 
3 17 
15 20 7 
1 24 
17 15 
24 46 12 
12 23 
7 21 44 
23 32 
32 28 
20 22 8 
34 4 
14 42 33 
44 47 9 
4 16 
31 35 
45 36 48 
35 49 
28 
8 39 
16 29 
33 
22 19 
37 
18 
2 5 
13 41 
9 11 
19 
21 30 
39 
49 
47 
11 
48 
36 
46 26 
41 38 
29 
5 
38 
42 
26 
30 
# clone tree 48 objective: 2.11275
0 18 45 40 
40 31 27 
27 37 6 10 
10 14 43 
43 13 34 25 
25 3 
6 2 1 
3 17 
15 20 7 
1 29 24 
17 15 
24 46 12 
12 23 
7 21 44 
23 32 
32 28 
20 22 8 
34 4 
14 42 33 
44 47 9 
4 16 
31 35 
45 36 48 
35 49 
28 
8 39 
16 
33 
22 19 
37 30 
18 
2 
13 41 
9 11 
19 
21 5 
39 
49 
47 
11 
48 
36 
46 26 
41 38 
29 
5 
38 
42 
26 
30 
# clone tree 49 objective: 2.11275
0 18 45 40 
40 31 27 
27 37 6 10 
10 14 43 
43 13 34 25 
25 3 
6 2 1 
3 17 
15 20 7 
1 24 
17 15 
24 46 12 
12 23 
7 21 44 
23 32 
32 28 
20 22 8 
34 4 
14 42 33 
44 47 9 
4 16 
31 35 
45 36 48 
35 49 
28 
8 39 
16 29 
33 
22 19 
37 30 
18 
2 
13 41 
9 11 
19 
21 5 
39 
49 
47 
11 
48 
36 
46 26 
41 38 
29 
5 
38 
42 
26 
30 
