# clone tree 0 objective: 1.94621
0 30 39 8 29 
22 36 25 
29 16 22 
25 32 48 18 15 34 
34 17 42 
42 40 3 
3 11 
11 33 21 
21 26 6 
6 47 14 
8 10 43 
15 13 
18 37 5 
13 44 9 
14 46 
5 4 
4 1 35 
43 24 
46 28 
9 2 
10 45 23 
28 19 
24 31 
17 41 7 
36 20 
19 12 
2 27 
48 
37 
44 
35 49 
39 
1 38 
31 
7 
32 
47 
33 
38 
23 
26 
16 
40 
49 
12 
27 
20 
41 
30 
45 
# clone tree 1 objective: 1.94621
0 39 8 29 
22 36 25 
29 16 22 
25 32 48 18 15 34 
34 17 42 
42 40 3 
3 11 
11 33 21 
21 26 6 
6 47 14 
8 10 43 
15 13 
18 37 5 
13 44 9 
14 46 
5 4 
4 1 35 
43 45 24 
46 28 
9 30 2 
10 23 
28 19 
24 31 
17 41 7 
36 20 
19 12 
2 27 
48 
37 
44 
35 49 
39 
1 38 
31 
7 
32 
47 
33 
38 
23 
26 
16 
40 
49 
12 
27 
20 
41 
30 
45 
# clone tree 2 objective: 1.94621
0 41 39 8 29 
22 36 25 
29 16 22 
25 32 48 18 15 34 
34 17 42 
42 40 3 
3 11 
11 33 21 
21 26 6 
6 30 47 14 
8 10 43 
15 13 
18 37 5 
13 44 9 
14 46 
5 4 
4 1 35 
43 24 
46 28 
9 2 
10 45 23 
28 19 
24 31 
17 7 
36 20 
19 12 
2 27 
48 
37 
44 
35 49 
39 
1 38 
31 
7 
32 
47 
33 
38 
23 
26 
16 
40 
49 
12 
27 
20 
41 
30 
45 
# clone tree 3 objective: 1.94621
0 30 41 39 8 29 
22 36 25 
29 16 22 
25 32 48 18 15 34 
34 17 42 
42 40 3 
3 11 
11 33 21 
21 26 6 
6 47 14 
8 10 43 
15 13 
18 37 5 
13 44 9 
14 46 
5 4 
4 1 35 
43 24 
46 28 
9 2 
10 23 
28 19 
24 31 
17 45 7 
36 20 
19 12 
2 27 
48 
37 
44 
35 49 
39 
1 38 
31 
7 
32 
47 
33 
38 
23 
26 
16 
40 
49 
12 
27 
20 
41 
30 
45 
# clone tree 4 objective: 1.94621
0 41 39 8 29 
22 36 25 
29 16 22 
25 32 48 18 15 34 
34 17 42 
42 40 3 
3 11 
11 33 21 
21 26 6 
6 30 47 14 
8 10 43 
15 13 
18 37 5 
13 44 9 
14 46 
5 4 
4 1 35 
43 45 24 
46 28 
9 2 
10 23 
28 19 
24 31 
17 7 
36 20 
19 12 
2 27 
48 
37 
44 
35 49 
39 
1 38 
31 
7 
32 
47 
33 
38 
23 
26 
16 
40 
49 
12 
27 
20 
41 
30 
45 
# clone tree 5 objective: 1.94621
0 41 39 8 29 
22 36 25 
29 16 22 
25 32 48 18 15 34 
34 17 42 
42 40 3 
3 11 
11 33 21 
21 26 6 
6 47 14 
8 10 43 
15 13 
18 37 5 
13 44 9 
14 46 
5 4 
4 1 35 
43 24 
46 28 
9 30 2 
10 23 
28 45 19 
24 31 
17 7 
36 20 
19 12 
2 27 
48 
37 
44 
35 49 
39 
1 38 
31 
7 
32 
47 
33 
38 
23 
26 
16 
40 
49 
12 
27 
20 
41 
30 
45 
# clone tree 6 objective: 1.94621
0 39 8 29 
22 36 25 
29 16 22 
25 32 48 18 15 34 
34 17 42 
42 40 3 
3 11 
11 33 21 
21 26 6 
6 47 14 
8 10 43 
15 13 
18 37 5 
13 44 9 
14 46 
5 4 
4 1 35 
43 24 
46 28 
9 30 2 
10 45 23 
28 19 
24 31 
17 41 7 
36 20 
19 12 
2 27 
48 
37 
44 
35 49 
39 
1 38 
31 
7 
32 
47 
33 
38 
23 
26 
16 
40 
49 
12 
27 
20 
41 
30 
45 
# clone tree 7 objective: 1.94621
0 30 41 39 8 29 
22 36 25 
29 16 22 
25 32 48 18 15 34 
34 17 42 
42 40 3 
3 11 
11 33 21 
21 26 6 
6 47 14 
8 10 43 
15 13 
18 37 5 
13 44 9 
14 46 
5 4 
4 1 35 
43 24 
46 28 
9 2 
10 23 
28 45 19 
24 31 
17 7 
36 20 
19 12 
2 27 
48 
37 
44 
35 49 
39 
1 38 
31 
7 
32 
47 
33 
38 
23 
26 
16 
40 
49 
12 
27 
20 
41 
30 
45 
# clone tree 8 objective: 1.94621
0 39 8 29 
22 36 25 
29 16 22 
25 32 48 18 15 34 
34 17 42 
42 40 3 
3 11 
11 33 21 
21 26 6 
6 47 14 
8 10 43 
15 13 
18 37 5 
13 44 9 
14 46 
5 4 
4 1 35 
43 24 
46 28 
9 30 2 
10 23 
28 45 19 
24 31 
17 41 7 
36 20 
19 12 
2 27 
48 
37 
44 
35 49 
39 
1 38 
31 
7 
32 
47 
33 
38 
23 
26 
16 
40 
49 
12 
27 
20 
41 
30 
45 
# clone tree 9 objective: 1.94621
0 41 39 8 29 
22 36 25 
29 16 22 
25 32 48 18 15 34 
34 17 42 
42 40 3 
3 11 
11 33 21 
21 26 6 
6 30 47 14 
8 10 43 
15 13 
18 37 5 
13 44 9 
14 46 
5 4 
4 1 35 
43 24 
46 28 
9 2 
10 23 
28 45 19 
24 31 
17 7 
36 20 
19 12 
2 27 
48 
37 
44 
35 49 
39 
1 38 
31 
7 
32 
47 
33 
38 
23 
26 
16 
40 
49 
12 
27 
20 
41 
30 
45 
# clone tree 10 objective: 1.94621
0 41 39 8 29 
22 36 25 
29 16 22 
25 32 48 18 15 34 
34 17 42 
42 40 3 
3 11 
11 33 21 
21 26 6 
6 47 14 
8 10 43 
15 13 
18 37 5 
13 44 9 
14 46 
5 4 
4 1 35 
43 45 24 
46 28 
9 30 2 
10 23 
28 19 
24 31 
17 7 
36 20 
19 12 
2 27 
48 
37 
44 
35 49 
39 
1 38 
31 
7 
32 
47 
33 
38 
23 
26 
16 
40 
49 
12 
27 
20 
41 
30 
45 
# clone tree 11 objective: 1.94621
0 39 8 29 
22 36 25 
29 16 22 
25 32 48 18 15 34 
34 17 42 
42 40 3 
3 11 
11 33 21 
21 26 6 
6 30 47 14 
8 10 43 
15 13 
18 37 5 
13 44 9 
14 46 
5 4 
4 1 35 
43 24 
46 28 
9 2 
10 45 23 
28 19 
24 31 
17 41 7 
36 20 
19 12 
2 27 
48 
37 
44 
35 49 
39 
1 38 
31 
7 
32 
47 
33 
38 
23 
26 
16 
40 
49 
12 
27 
20 
41 
30 
45 
# clone tree 12 objective: 1.94621
0 41 39 8 29 
22 36 25 
29 16 22 
25 32 48 18 15 34 
34 17 42 
42 40 3 
3 11 
11 33 21 
21 26 6 
6 47 14 
8 10 43 
15 13 
18 37 5 
13 44 9 
14 46 
5 4 
4 1 35 
43 24 
46 28 
9 30 2 
10 23 
28 19 
24 31 
17 45 7 
36 20 
19 12 
2 27 
48 
37 
44 
35 49 
39 
1 38 
31 
7 
32 
47 
33 
38 
23 
26 
16 
40 
49 
12 
27 
20 
41 
30 
45 
# clone tree 13 objective: 1.94621
0 41 39 8 29 
22 36 25 
29 16 22 
25 32 48 18 15 34 
34 17 42 
42 40 3 
3 11 
11 33 21 
21 26 6 
6 30 47 14 
8 10 43 
15 13 
18 37 5 
13 44 9 
14 46 
5 4 
4 1 35 
43 24 
46 28 
9 2 
10 23 
28 19 
24 31 
17 45 7 
36 20 
19 12 
2 27 
48 
37 
44 
35 49 
39 
1 38 
31 
7 
32 
47 
33 
38 
23 
26 
16 
40 
49 
12 
27 
20 
41 
30 
45 
# clone tree 14 objective: 1.94621
0 30 39 8 29 
22 36 25 
29 16 22 
25 32 48 18 15 34 
34 17 42 
42 40 3 
3 11 
11 33 21 
21 26 6 
6 47 14 
8 10 43 
15 13 
18 37 5 
13 44 9 
14 46 
5 4 
4 1 35 
43 24 
46 28 
9 2 
10 23 
28 45 19 
24 31 
17 41 7 
36 20 
19 12 
2 27 
48 
37 
44 
35 49 
39 
1 38 
31 
7 
32 
47 
33 
38 
23 
26 
16 
40 
49 
12 
27 
20 
41 
30 
45 
# clone tree 15 objective: 1.94621
0 30 41 39 8 29 
22 36 25 
29 16 22 
25 32 48 18 15 34 
34 17 42 
42 40 3 
3 11 
11 33 21 
21 26 6 
6 47 14 
8 10 43 
15 13 
18 37 5 
13 44 9 
14 46 
5 4 
4 1 35 
43 45 24 
46 28 
9 2 
10 23 
28 19 
24 31 
17 7 
36 20 
19 12 
2 27 
48 
37 
44 
35 49 
39 
1 38 
31 
7 
32 
47 
33 
38 
23 
26 
16 
40 
49 
12 
27 
20 
41 
30 
45 
# clone tree 16 objective: 1.94621
0 30 41 39 8 29 
22 36 25 
29 16 22 
25 32 48 18 15 34 
34 17 42 
42 40 3 
3 11 
11 33 21 
21 26 6 
6 47 14 
8 10 43 
15 13 
18 37 5 
13 44 9 
14 46 
5 4 
4 1 35 
43 24 
46 28 
9 2 
10 45 23 
28 19 
24 31 
17 7 
36 20 
19 12 
2 27 
48 
37 
44 
35 49 
39 
1 38 
31 
7 
32 
47 
33 
38 
23 
26 
16 
40 
49 
12 
27 
20 
41 
30 
45 
# clone tree 17 objective: 1.94621
0 30 39 8 29 
22 36 25 
29 16 22 
25 32 48 18 15 34 
34 17 42 
42 40 3 
3 11 
11 33 21 
21 26 6 
6 47 14 
8 10 43 
15 13 
18 37 5 
13 44 9 
14 46 
5 4 
4 1 35 
43 45 24 
46 28 
9 2 
10 23 
28 19 
24 31 
17 41 7 
36 20 
19 12 
2 27 
48 
37 
44 
35 49 
39 
1 38 
31 
7 
32 
47 
33 
38 
23 
26 
16 
40 
49 
12 
27 
20 
41 
30 
45 
# clone tree 18 objective: 1.94621
0 39 8 29 
22 36 25 
29 16 22 
25 32 48 18 15 34 
34 17 42 
42 40 3 
3 11 
11 33 21 
21 26 6 
6 30 47 14 
8 10 43 
15 13 
18 37 5 
13 44 9 
14 46 
5 4 
4 1 35 
43 45 24 
46 28 
9 2 
10 23 
28 19 
24 31 
17 41 7 
36 20 
19 12 
2 27 
48 
37 
44 
35 49 
39 
1 38 
31 
7 
32 
47 
33 
38 
23 
26 
16 
40 
49 
12 
27 
20 
41 
30 
45 
# clone tree 19 objective: 1.94621
0 41 39 8 29 
22 36 25 
29 16 22 
25 32 48 18 15 34 
34 17 42 
42 40 3 
3 11 
11 33 21 
21 26 6 
6 47 14 
8 10 43 
15 13 
18 37 5 
13 44 9 
14 46 
5 4 
4 1 35 
43 24 
46 28 
9 30 2 
10 45 23 
28 19 
24 31 
17 7 
36 20 
19 12 
2 27 
48 
37 
44 
35 49 
39 
1 38 
31 
7 
32 
47 
33 
38 
23 
26 
16 
40 
49 
12 
27 
20 
41 
30 
45 
# clone tree 20 objective: 1.94621
0 39 8 29 
22 36 25 
29 16 22 
25 32 48 18 15 34 
34 17 42 
42 40 3 
3 11 
11 33 21 
21 26 6 
6 30 47 14 
8 10 43 
15 13 
18 37 5 
13 44 9 
14 46 
5 4 
4 1 35 
43 24 
46 28 
9 2 
10 23 
28 45 19 
24 31 
17 41 7 
36 20 
19 12 
2 27 
48 
37 
44 
35 49 
39 
1 38 
31 
7 
32 
47 
33 
38 
23 
26 
16 
40 
49 
12 
27 
20 
41 
30 
45 
# clone tree 21 objective: 1.94637
0 39 8 29 
22 36 25 
29 16 22 
25 32 48 18 15 34 
34 17 42 
42 40 3 
3 11 
11 33 21 
21 26 6 
6 47 14 
8 10 43 
15 13 
18 37 5 
13 44 9 
14 46 
5 4 
4 1 35 
43 45 24 
46 28 
9 2 
10 23 
28 19 
24 31 
17 41 7 
36 20 
19 12 
2 27 
48 
37 
44 
35 49 
39 
1 38 
31 
7 
32 
47 
33 
38 
23 
26 
16 
40 
49 
12 
27 30 
20 
41 
30 
45 
# clone tree 22 objective: 1.94637
0 39 8 29 
22 36 25 
29 16 22 
25 32 48 18 15 34 
34 17 42 
42 40 3 
3 11 
11 33 21 
21 26 6 
6 47 14 
8 10 43 
15 13 
18 37 5 
13 44 9 
14 46 
5 4 
4 1 35 
43 24 
46 28 
9 2 
10 45 23 
28 19 
24 31 
17 41 7 
36 20 
19 12 
2 27 
48 
37 
44 
35 49 
39 
1 38 
31 
7 
32 
47 
33 
38 
23 
26 
16 
40 
49 
12 
27 30 
20 
41 
30 
45 
# clone tree 23 objective: 1.94637
0 39 8 29 
22 36 25 
29 16 22 
25 32 48 18 15 34 
34 17 42 
42 40 3 
3 11 
11 33 21 
21 26 6 
6 47 14 
8 10 43 
15 13 
18 37 5 
13 44 9 
14 46 
5 4 
4 1 35 
43 24 
46 28 
9 2 
10 23 
28 45 19 
24 31 
17 41 7 
36 20 
19 12 
2 27 
48 
37 
44 
35 49 
39 
1 38 
31 
7 
32 
47 
33 
38 
23 
26 
16 
40 
49 
12 
27 30 
20 
41 
30 
45 
# clone tree 24 objective: 1.94637
0 41 39 8 29 
22 36 25 
29 16 22 
25 32 48 18 15 34 
34 17 42 
42 40 3 
3 11 
11 33 21 
21 26 6 
6 47 14 
8 10 43 
15 13 
18 37 5 
13 44 9 
14 46 
5 4 
4 1 35 
43 24 
46 28 
9 2 
10 45 23 
28 19 
24 31 
17 7 
36 20 
19 12 
2 27 
48 
37 
44 
35 49 
39 
1 38 
31 
7 
32 
47 
33 
38 
23 
26 
16 
40 
49 
12 
27 30 
20 
41 
30 
45 
# clone tree 25 objective: 1.94637
0 41 39 8 29 
22 36 25 
29 16 22 
25 32 48 18 15 34 
34 17 42 
42 40 3 
3 11 
11 33 21 
21 26 6 
6 47 14 
8 10 43 
15 13 
18 37 5 
13 44 9 
14 46 
5 4 
4 1 35 
43 24 
46 28 
9 2 
10 23 
28 19 
24 31 
17 45 7 
36 20 
19 12 
2 27 
48 
37 
44 
35 49 
39 
1 38 
31 
7 
32 
47 
33 
38 
23 
26 
16 
40 
49 
12 
27 30 
20 
41 
30 
45 
# clone tree 26 objective: 1.94637
0 41 39 8 29 
22 36 25 
29 16 22 
25 32 48 18 15 34 
34 17 42 
42 40 3 
3 11 
11 33 21 
21 26 6 
6 47 14 
8 10 43 
15 13 
18 37 5 
13 44 9 
14 46 
5 4 
4 1 35 
43 24 
46 28 
9 2 
10 23 
28 45 19 
24 31 
17 7 
36 20 
19 12 
2 27 
48 
37 
44 
35 49 
39 
1 38 
31 
7 
32 
47 
33 
38 
23 
26 
16 
40 
49 
12 
27 30 
20 
41 
30 
45 
# clone tree 27 objective: 1.94637
0 41 39 8 29 
22 36 25 
29 16 22 
25 32 48 18 15 34 
34 17 42 
42 40 3 
3 11 
11 33 21 
21 26 6 
6 47 14 
8 10 43 
15 13 
18 37 5 
13 44 9 
14 46 
5 4 
4 1 35 
43 45 24 
46 28 
9 2 
10 23 
28 19 
24 31 
17 7 
36 20 
19 12 
2 27 
48 
37 
44 
35 49 
39 
1 38 
31 
7 
32 
47 
33 
38 
23 
26 
16 
40 
49 
12 
27 30 
20 
41 
30 
45 
# clone tree 28 objective: 1.94705
0 41 39 8 29 
22 36 25 
29 16 22 
25 32 48 18 15 34 
34 17 42 
42 40 3 
3 11 
11 33 21 
21 26 6 
6 47 14 
8 10 43 
15 13 
18 37 5 
13 44 9 
14 46 
5 4 
4 1 35 
43 24 
46 28 
9 2 
10 23 
28 45 19 
24 31 
17 7 
36 20 
19 12 
2 27 
48 
37 
44 
35 49 
39 
1 38 
31 30 
7 
32 
47 
33 
38 
23 
26 
16 
40 
49 
12 
27 
20 
41 
30 
45 
# clone tree 29 objective: 1.94705
0 39 8 29 
22 36 25 
29 16 22 
25 32 48 18 15 34 
34 17 42 
42 40 3 
3 11 
11 33 21 
21 26 6 
6 47 14 
8 10 43 
15 13 
18 37 5 
13 44 9 
14 46 
5 4 
4 1 35 
43 45 24 
46 28 
9 2 
10 23 
28 19 
24 31 
17 41 7 
36 20 
19 12 
2 27 
48 
37 
44 
35 49 
39 
1 38 
31 30 
7 
32 
47 
33 
38 
23 
26 
16 
40 
49 
12 
27 
20 
41 
30 
45 
# clone tree 30 objective: 1.94705
0 39 8 29 
22 36 25 
29 16 22 
25 32 48 18 15 34 
34 17 42 
42 40 3 
3 11 
11 33 21 
21 26 6 
6 47 14 
8 10 43 
15 13 
18 37 5 
13 44 9 
14 46 
5 4 
4 1 35 
43 24 
46 28 
9 2 
10 23 
28 45 19 
24 31 
17 41 7 
36 20 
19 12 
2 27 
48 
37 
44 
35 49 
39 
1 38 
31 30 
7 
32 
47 
33 
38 
23 
26 
16 
40 
49 
12 
27 
20 
41 
30 
45 
# clone tree 31 objective: 1.94705
0 39 8 29 
22 36 25 
29 16 22 
25 32 48 18 15 34 
34 17 42 
42 40 3 
3 11 
11 33 21 
21 26 6 
6 47 14 
8 10 43 
15 13 
18 37 5 
13 44 9 
14 46 
5 4 
4 1 35 
43 24 
46 28 
9 2 
10 45 23 
28 19 
24 31 
17 41 7 
36 20 
19 12 
2 27 
48 
37 
44 
35 49 
39 
1 38 
31 30 
7 
32 
47 
33 
38 
23 
26 
16 
40 
49 
12 
27 
20 
41 
30 
45 
# clone tree 32 objective: 1.94705
0 41 39 8 29 
22 36 25 
29 16 22 
25 32 48 18 15 34 
34 17 42 
42 40 3 
3 11 
11 33 21 
21 26 6 
6 47 14 
8 10 43 
15 13 
18 37 5 
13 44 9 
14 46 
5 4 
4 1 35 
43 24 
46 28 
9 2 
10 23 
28 19 
24 31 
17 45 7 
36 20 
19 12 
2 27 
48 
37 
44 
35 49 
39 
1 38 
31 30 
7 
32 
47 
33 
38 
23 
26 
16 
40 
49 
12 
27 
20 
41 
30 
45 
# clone tree 33 objective: 1.94705
0 41 39 8 29 
22 36 25 
29 16 22 
25 32 48 18 15 34 
34 17 42 
42 40 3 
3 11 
11 33 21 
21 26 6 
6 47 14 
8 10 43 
15 13 
18 37 5 
13 44 9 
14 46 
5 4 
4 1 35 
43 24 
46 28 
9 2 
10 45 23 
28 19 
24 31 
17 7 
36 20 
19 12 
2 27 
48 
37 
44 
35 49 
39 
1 38 
31 30 
7 
32 
47 
33 
38 
23 
26 
16 
40 
49 
12 
27 
20 
41 
30 
45 
# clone tree 34 objective: 1.94705
0 41 39 8 29 
22 36 25 
29 16 22 
25 32 48 18 15 34 
34 17 42 
42 40 3 
3 11 
11 33 21 
21 26 6 
6 47 14 
8 10 43 
15 13 
18 37 5 
13 44 9 
14 46 
5 4 
4 1 35 
43 45 24 
46 28 
9 2 
10 23 
28 19 
24 31 
17 7 
36 20 
19 12 
2 27 
48 
37 
44 
35 49 
39 
1 38 
31 30 
7 
32 
47 
33 
38 
23 
26 
16 
40 
49 
12 
27 
20 
41 
30 
45 
# clone tree 35 objective: 1.9471
0 39 8 29 
22 36 25 
29 16 22 
25 32 48 18 15 34 
34 17 42 
42 40 3 
3 11 
11 33 21 
21 26 6 
6 47 14 
8 10 43 
15 13 
18 37 5 
13 44 9 
14 46 
5 4 
4 1 35 
43 45 24 
46 28 
9 2 
10 23 
28 19 
24 31 
17 41 7 
36 20 
19 12 
2 27 
48 
37 
44 
35 30 49 
39 
1 38 
31 
7 
32 
47 
33 
38 
23 
26 
16 
40 
49 
12 
27 
20 
41 
30 
45 
# clone tree 36 objective: 1.9471
0 41 39 8 29 
22 36 25 
29 16 22 
25 32 48 18 15 34 
34 17 42 
42 40 3 
3 11 
11 33 21 
21 26 6 
6 47 14 
8 10 43 
15 13 
18 37 5 
13 44 9 
14 46 
5 4 
4 1 35 
43 45 24 
46 28 
9 2 
10 23 
28 19 
24 31 
17 7 
36 20 
19 12 
2 27 
48 
37 
44 
35 30 49 
39 
1 38 
31 
7 
32 
47 
33 
38 
23 
26 
16 
40 
49 
12 
27 
20 
41 
30 
45 
# clone tree 37 objective: 1.9471
0 41 39 8 29 
22 36 25 
29 16 22 
25 32 48 18 15 34 
34 17 42 
42 40 3 
3 11 
11 33 21 
21 26 6 
6 47 14 
8 10 43 
15 13 
18 37 5 
13 44 9 
14 46 
5 4 
4 1 35 
43 24 
46 28 
9 2 
10 23 
28 19 
24 31 
17 45 7 
36 20 
19 12 
2 27 
48 
37 
44 
35 30 49 
39 
1 38 
31 
7 
32 
47 
33 
38 
23 
26 
16 
40 
49 
12 
27 
20 
41 
30 
45 
# clone tree 38 objective: 1.9471
0 39 8 29 
22 36 25 
29 16 22 
25 32 48 18 15 34 
34 17 42 
42 40 3 
3 11 
11 33 21 
21 26 6 
6 47 14 
8 10 43 
15 13 
18 37 5 
13 44 9 
14 46 
5 4 
4 1 35 
43 24 
46 28 
9 2 
10 23 
28 45 19 
24 31 
17 41 7 
36 20 
19 12 
2 27 
48 
37 
44 
35 30 49 
39 
1 38 
31 
7 
32 
47 
33 
38 
23 
26 
16 
40 
49 
12 
27 
20 
41 
30 
45 
# clone tree 39 objective: 1.9471
0 39 8 29 
22 36 25 
29 16 22 
25 32 48 18 15 34 
34 17 42 
42 40 3 
3 11 
11 33 21 
21 26 6 
6 47 14 
8 10 43 
15 13 
18 37 5 
13 44 9 
14 46 
5 4 
4 1 35 
43 24 
46 28 
9 2 
10 45 23 
28 19 
24 31 
17 41 7 
36 20 
19 12 
2 27 
48 
37 
44 
35 30 49 
39 
1 38 
31 
7 
32 
47 
33 
38 
23 
26 
16 
40 
49 
12 
27 
20 
41 
30 
45 
# clone tree 40 objective: 1.9471
0 41 39 8 29 
22 36 25 
29 16 22 
25 32 48 18 15 34 
34 17 42 
42 40 3 
3 11 
11 33 21 
21 26 6 
6 47 14 
8 10 43 
15 13 
18 37 5 
13 44 9 
14 46 
5 4 
4 1 35 
43 24 
46 28 
9 2 
10 45 23 
28 19 
24 31 
17 7 
36 20 
19 12 
2 27 
48 
37 
44 
35 30 49 
39 
1 38 
31 
7 
32 
47 
33 
38 
23 
26 
16 
40 
49 
12 
27 
20 
41 
30 
45 
# clone tree 41 objective: 1.9471
0 41 39 8 29 
22 36 25 
29 16 22 
25 32 48 18 15 34 
34 17 42 
42 40 3 
3 11 
11 33 21 
21 26 6 
6 47 14 
8 10 43 
15 13 
18 37 5 
13 44 9 
14 46 
5 4 
4 1 35 
43 24 
46 28 
9 2 
10 23 
28 45 19 
24 31 
17 7 
36 20 
19 12 
2 27 
48 
37 
44 
35 30 49 
39 
1 38 
31 
7 
32 
47 
33 
38 
23 
26 
16 
40 
49 
12 
27 
20 
41 
30 
45 
# clone tree 42 objective: 1.94757
0 41 39 8 29 
22 36 25 
29 40 22 
25 32 48 18 15 34 
34 17 42 
42 16 3 
3 11 
11 33 21 
21 26 6 
6 47 14 
8 10 43 
15 13 
18 37 5 
13 44 9 
14 46 
5 4 
4 1 35 
43 24 
46 28 
9 30 2 
10 45 23 
28 19 
24 31 
17 7 
36 20 
19 12 
2 27 
48 
37 
44 
35 49 
39 
1 38 
31 
7 
32 
47 
33 
38 
23 
26 
16 
40 
49 
12 
27 
20 
41 
30 
45 
# clone tree 43 objective: 1.94757
0 41 39 8 29 
22 36 25 
29 40 22 
25 32 48 18 15 34 
34 17 42 
42 16 3 
3 11 
11 33 21 
21 26 6 
6 30 47 14 
8 10 43 
15 13 
18 37 5 
13 44 9 
14 46 
5 4 
4 1 35 
43 24 
46 28 
9 2 
10 23 
28 45 19 
24 31 
17 7 
36 20 
19 12 
2 27 
48 
37 
44 
35 49 
39 
1 38 
31 
7 
32 
47 
33 
38 
23 
26 
16 
40 
49 
12 
27 
20 
41 
30 
45 
# clone tree 44 objective: 1.94757
0 30 41 39 8 29 
22 36 25 
29 40 22 
25 32 48 18 15 34 
34 17 42 
42 16 3 
3 11 
11 33 21 
21 26 6 
6 47 14 
8 10 43 
15 13 
18 37 5 
13 44 9 
14 46 
5 4 
4 1 35 
43 24 
46 28 
9 2 
10 45 23 
28 19 
24 31 
17 7 
36 20 
19 12 
2 27 
48 
37 
44 
35 49 
39 
1 38 
31 
7 
32 
47 
33 
38 
23 
26 
16 
40 
49 
12 
27 
20 
41 
30 
45 
# clone tree 45 objective: 1.94757
0 41 39 8 29 
22 36 25 
29 40 22 
25 32 48 18 15 34 
34 17 42 
42 16 3 
3 11 
11 33 21 
21 26 6 
6 30 47 14 
8 10 43 
15 13 
18 37 5 
13 44 9 
14 46 
5 4 
4 1 35 
43 24 
46 28 
9 2 
10 45 23 
28 19 
24 31 
17 7 
36 20 
19 12 
2 27 
48 
37 
44 
35 49 
39 
1 38 
31 
7 
32 
47 
33 
38 
23 
26 
16 
40 
49 
12 
27 
20 
41 
30 
45 
# clone tree 46 objective: 1.94757
0 30 41 39 8 29 
22 36 25 
29 40 22 
25 32 48 18 15 34 
34 17 42 
42 16 3 
3 11 
11 33 21 
21 26 6 
6 47 14 
8 10 43 
15 13 
18 37 5 
13 44 9 
14 46 
5 4 
4 1 35 
43 24 
46 28 
9 2 
10 23 
28 45 19 
24 31 
17 7 
36 20 
19 12 
2 27 
48 
37 
44 
35 49 
39 
1 38 
31 
7 
32 
47 
33 
38 
23 
26 
16 
40 
49 
12 
27 
20 
41 
30 
45 
# clone tree 47 objective: 1.94757
0 41 39 8 29 
22 36 25 
29 40 22 
25 32 48 18 15 34 
34 17 42 
42 16 3 
3 11 
11 33 21 
21 26 6 
6 30 47 14 
8 10 43 
15 13 
18 37 5 
13 44 9 
14 46 
5 4 
4 1 35 
43 45 24 
46 28 
9 2 
10 23 
28 19 
24 31 
17 7 
36 20 
19 12 
2 27 
48 
37 
44 
35 49 
39 
1 38 
31 
7 
32 
47 
33 
38 
23 
26 
16 
40 
49 
12 
27 
20 
41 
30 
45 
# clone tree 48 objective: 1.94757
0 41 39 8 29 
22 36 25 
29 40 22 
25 32 48 18 15 34 
34 17 42 
42 16 3 
3 11 
11 33 21 
21 26 6 
6 47 14 
8 10 43 
15 13 
18 37 5 
13 44 9 
14 46 
5 4 
4 1 35 
43 45 24 
46 28 
9 30 2 
10 23 
28 19 
24 31 
17 7 
36 20 
19 12 
2 27 
48 
37 
44 
35 49 
39 
1 38 
31 
7 
32 
47 
33 
38 
23 
26 
16 
40 
49 
12 
27 
20 
41 
30 
45 
# clone tree 49 objective: 1.94757
0 41 39 8 29 
22 36 25 
29 40 22 
25 32 48 18 15 34 
34 17 42 
42 16 3 
3 11 
11 33 21 
21 26 6 
6 47 14 
8 10 43 
15 13 
18 37 5 
13 44 9 
14 46 
5 4 
4 1 35 
43 24 
46 28 
9 30 2 
10 23 
28 45 19 
24 31 
17 7 
36 20 
19 12 
2 27 
48 
37 
44 
35 49 
39 
1 38 
31 
7 
32 
47 
33 
38 
23 
26 
16 
40 
49 
12 
27 
20 
41 
30 
45 
# clone tree 50 objective: 1.94757
0 30 41 39 8 29 
22 36 25 
29 40 22 
25 32 48 18 15 34 
34 17 42 
42 16 3 
3 11 
11 33 21 
21 26 6 
6 47 14 
8 10 43 
15 13 
18 37 5 
13 44 9 
14 46 
5 4 
4 1 35 
43 45 24 
46 28 
9 2 
10 23 
28 19 
24 31 
17 7 
36 20 
19 12 
2 27 
48 
37 
44 
35 49 
39 
1 38 
31 
7 
32 
47 
33 
38 
23 
26 
16 
40 
49 
12 
27 
20 
41 
30 
45 
# clone tree 51 objective: 1.94771
0 41 39 8 29 
22 36 25 
29 16 22 
25 32 48 18 15 34 
34 17 42 
42 40 3 
3 11 
11 33 21 
21 26 6 
6 47 14 
8 10 43 
15 13 
18 37 5 
13 44 9 
14 46 
5 4 
4 1 35 
43 24 
46 28 
9 2 
10 45 23 
28 19 
24 31 
17 7 
36 20 
19 12 
2 27 
48 
37 
44 
35 49 
39 
1 38 
31 
7 
32 
47 30 
33 
38 
23 
26 
16 
40 
49 
12 
27 
20 
41 
30 
45 
# clone tree 52 objective: 1.94771
0 41 39 8 29 
22 36 25 
29 16 22 
25 32 48 18 15 34 
34 17 42 
42 40 3 
3 11 
11 33 21 
21 26 6 
6 47 14 
8 10 43 
15 13 
18 37 5 
13 44 9 
14 46 
5 4 
4 1 35 
43 45 24 
46 28 
9 2 
10 23 
28 19 
24 31 
17 7 
36 20 
19 12 
2 27 
48 
37 
44 
35 49 
39 
1 38 
31 
7 
32 
47 30 
33 
38 
23 
26 
16 
40 
49 
12 
27 
20 
41 
30 
45 
# clone tree 53 objective: 1.94771
0 41 39 8 29 
22 36 25 
29 16 22 
25 32 48 18 15 34 
34 17 42 
42 40 3 
3 11 
11 33 21 
21 26 6 
6 47 14 
8 10 43 
15 13 
18 37 5 
13 44 9 
14 46 
5 4 
4 1 35 
43 24 
46 28 
9 2 
10 23 
28 19 
24 31 
17 45 7 
36 20 
19 12 
2 27 
48 
37 
44 
35 49 
39 
1 38 
31 
7 
32 
47 30 
33 
38 
23 
26 
16 
40 
49 
12 
27 
20 
41 
30 
45 
# clone tree 54 objective: 1.94771
0 39 8 29 
22 36 25 
29 16 22 
25 32 48 18 15 34 
34 17 42 
42 40 3 
3 11 
11 33 21 
21 26 6 
6 47 14 
8 10 43 
15 13 
18 37 5 
13 44 9 
14 46 
5 4 
4 1 35 
43 24 
46 28 
9 2 
10 45 23 
28 19 
24 31 
17 41 7 
36 20 
19 12 
2 27 
48 
37 
44 
35 49 
39 
1 38 
31 
7 
32 
47 30 
33 
38 
23 
26 
16 
40 
49 
12 
27 
20 
41 
30 
45 
# clone tree 55 objective: 1.94771
0 39 8 29 
22 36 25 
29 16 22 
25 32 48 18 15 34 
34 17 42 
42 40 3 
3 11 
11 33 21 
21 26 6 
6 47 14 
8 10 43 
15 13 
18 37 5 
13 44 9 
14 46 
5 4 
4 1 35 
43 24 
46 28 
9 2 
10 23 
28 45 19 
24 31 
17 41 7 
36 20 
19 12 
2 27 
48 
37 
44 
35 49 
39 
1 38 
31 
7 
32 
47 30 
33 
38 
23 
26 
16 
40 
49 
12 
27 
20 
41 
30 
45 
# clone tree 56 objective: 1.94771
0 41 39 8 29 
22 36 25 
29 16 22 
25 32 48 18 15 34 
34 17 42 
42 40 3 
3 11 
11 33 21 
21 26 6 
6 47 14 
8 10 43 
15 13 
18 37 5 
13 44 9 
14 46 
5 4 
4 1 35 
43 24 
46 28 
9 2 
10 23 
28 45 19 
24 31 
17 7 
36 20 
19 12 
2 27 
48 
37 
44 
35 49 
39 
1 38 
31 
7 
32 
47 30 
33 
38 
23 
26 
16 
40 
49 
12 
27 
20 
41 
30 
45 
# clone tree 57 objective: 1.94771
0 39 8 29 
22 36 25 
29 16 22 
25 32 48 18 15 34 
34 17 42 
42 40 3 
3 11 
11 33 21 
21 26 6 
6 47 14 
8 10 43 
15 13 
18 37 5 
13 44 9 
14 46 
5 4 
4 1 35 
43 45 24 
46 28 
9 2 
10 23 
28 19 
24 31 
17 41 7 
36 20 
19 12 
2 27 
48 
37 
44 
35 49 
39 
1 38 
31 
7 
32 
47 30 
33 
38 
23 
26 
16 
40 
49 
12 
27 
20 
41 
30 
45 
# clone tree 58 objective: 1.94773
0 41 39 8 29 
22 36 25 
29 40 22 
25 32 48 18 15 34 
34 17 42 
42 16 3 
3 11 
11 33 21 
21 26 6 
6 47 14 
8 10 43 
15 13 
18 37 5 
13 44 9 
14 46 
5 4 
4 1 35 
43 45 24 
46 28 
9 2 
10 23 
28 19 
24 31 
17 7 
36 20 
19 12 
2 27 
48 
37 
44 
35 49 
39 
1 38 
31 
7 
32 
47 
33 
38 
23 
26 
16 
40 
49 
12 
27 30 
20 
41 
30 
45 
# clone tree 59 objective: 1.94773
0 41 39 8 29 
22 36 25 
29 40 22 
25 32 48 18 15 34 
34 17 42 
42 16 3 
3 11 
11 33 21 
21 26 6 
6 47 14 
8 10 43 
15 13 
18 37 5 
13 44 9 
14 46 
5 4 
4 1 35 
43 24 
46 28 
9 2 
10 23 
28 45 19 
24 31 
17 7 
36 20 
19 12 
2 27 
48 
37 
44 
35 49 
39 
1 38 
31 
7 
32 
47 
33 
38 
23 
26 
16 
40 
49 
12 
27 30 
20 
41 
30 
45 
# clone tree 60 objective: 1.94773
0 41 39 8 29 
22 36 25 
29 40 22 
25 32 48 18 15 34 
34 17 42 
42 16 3 
3 11 
11 33 21 
21 26 6 
6 47 14 
8 10 43 
15 13 
18 37 5 
13 44 9 
14 46 
5 4 
4 1 35 
43 24 
46 28 
9 2 
10 45 23 
28 19 
24 31 
17 7 
36 20 
19 12 
2 27 
48 
37 
44 
35 49 
39 
1 38 
31 
7 
32 
47 
33 
38 
23 
26 
16 
40 
49 
12 
27 30 
20 
41 
30 
45 
# clone tree 61 objective: 1.94836
0 39 8 29 
22 36 25 
29 22 
25 32 48 18 15 34 
34 17 42 
42 40 3 
3 11 
11 33 21 
21 26 6 
6 30 47 14 
8 10 43 
15 13 
18 37 5 
13 44 9 
14 46 
5 4 
4 1 35 
43 24 
46 28 
9 2 
10 23 
28 45 19 
24 31 
17 41 7 
36 20 16 
19 12 
2 27 
48 
37 
44 
35 49 
39 
1 38 
31 
7 
32 
47 
33 
38 
23 
26 
16 
40 
49 
12 
27 
20 
41 
30 
45 
# clone tree 62 objective: 1.94836
0 41 39 8 29 
22 36 25 
29 22 
25 32 48 18 15 34 
34 17 42 
42 40 3 
3 11 
11 33 21 
21 26 6 
6 47 14 
8 10 43 
15 13 
18 37 5 
13 44 9 
14 46 
5 4 
4 1 35 
43 45 24 
46 28 
9 30 2 
10 23 
28 19 
24 31 
17 7 
36 20 16 
19 12 
2 27 
48 
37 
44 
35 49 
39 
1 38 
31 
7 
32 
47 
33 
38 
23 
26 
16 
40 
49 
12 
27 
20 
41 
30 
45 
# clone tree 63 objective: 1.94836
0 39 8 29 
22 36 25 
29 22 
25 32 48 18 15 34 
34 17 42 
42 40 3 
3 11 
11 33 21 
21 26 6 
6 30 47 14 
8 10 43 
15 13 
18 37 5 
13 44 9 
14 46 
5 4 
4 1 35 
43 45 24 
46 28 
9 2 
10 23 
28 19 
24 31 
17 41 7 
36 20 16 
19 12 
2 27 
48 
37 
44 
35 49 
39 
1 38 
31 
7 
32 
47 
33 
38 
23 
26 
16 
40 
49 
12 
27 
20 
41 
30 
45 
# clone tree 64 objective: 1.94836
0 39 8 29 
22 36 25 
29 22 
25 32 48 18 15 34 
34 17 42 
42 40 3 
3 11 
11 33 21 
21 26 6 
6 47 14 
8 10 43 
15 13 
18 37 5 
13 44 9 
14 46 
5 4 
4 1 35 
43 45 24 
46 28 
9 30 2 
10 23 
28 19 
24 31 
17 41 7 
36 20 16 
19 12 
2 27 
48 
37 
44 
35 49 
39 
1 38 
31 
7 
32 
47 
33 
38 
23 
26 
16 
40 
49 
12 
27 
20 
41 
30 
45 
# clone tree 65 objective: 1.94836
0 41 39 8 29 
22 36 25 
29 22 
25 32 48 18 15 34 
34 17 42 
42 40 3 
3 11 
11 33 21 
21 26 6 
6 47 14 
8 10 43 
15 13 
18 37 5 
13 44 9 
14 46 
5 4 
4 1 35 
43 24 
46 28 
9 30 2 
10 45 23 
28 19 
24 31 
17 7 
36 20 16 
19 12 
2 27 
48 
37 
44 
35 49 
39 
1 38 
31 
7 
32 
47 
33 
38 
23 
26 
16 
40 
49 
12 
27 
20 
41 
30 
45 
# clone tree 66 objective: 1.94836
0 39 8 29 
22 36 25 
29 22 
25 32 48 18 15 34 
34 17 42 
42 40 3 
3 11 
11 33 21 
21 26 6 
6 30 47 14 
8 10 43 
15 13 
18 37 5 
13 44 9 
14 46 
5 4 
4 1 35 
43 24 
46 28 
9 2 
10 45 23 
28 19 
24 31 
17 41 7 
36 20 16 
19 12 
2 27 
48 
37 
44 
35 49 
39 
1 38 
31 
7 
32 
47 
33 
38 
23 
26 
16 
40 
49 
12 
27 
20 
41 
30 
45 
# clone tree 67 objective: 1.94836
0 41 39 8 29 
22 36 25 
29 22 
25 32 48 18 15 34 
34 17 42 
42 40 3 
3 11 
11 33 21 
21 26 6 
6 30 47 14 
8 10 43 
15 13 
18 37 5 
13 44 9 
14 46 
5 4 
4 1 35 
43 24 
46 28 
9 2 
10 23 
28 45 19 
24 31 
17 7 
36 20 16 
19 12 
2 27 
48 
37 
44 
35 49 
39 
1 38 
31 
7 
32 
47 
33 
38 
23 
26 
16 
40 
49 
12 
27 
20 
41 
30 
45 
# clone tree 68 objective: 1.94836
0 41 39 8 29 
22 36 25 
29 22 
25 32 48 18 15 34 
34 17 42 
42 40 3 
3 11 
11 33 21 
21 26 6 
6 47 14 
8 10 43 
15 13 
18 37 5 
13 44 9 
14 46 
5 4 
4 1 35 
43 24 
46 28 
9 30 2 
10 23 
28 45 19 
24 31 
17 7 
36 20 16 
19 12 
2 27 
48 
37 
44 
35 49 
39 
1 38 
31 
7 
32 
47 
33 
38 
23 
26 
16 
40 
49 
12 
27 
20 
41 
30 
45 
# clone tree 69 objective: 1.94836
0 30 41 39 8 29 
22 36 25 
29 22 
25 32 48 18 15 34 
34 17 42 
42 40 3 
3 11 
11 33 21 
21 26 6 
6 47 14 
8 10 43 
15 13 
18 37 5 
13 44 9 
14 46 
5 4 
4 1 35 
43 24 
46 28 
9 2 
10 23 
28 19 
24 31 
17 45 7 
36 20 16 
19 12 
2 27 
48 
37 
44 
35 49 
39 
1 38 
31 
7 
32 
47 
33 
38 
23 
26 
16 
40 
49 
12 
27 
20 
41 
30 
45 
# clone tree 70 objective: 1.94836
0 41 39 8 29 
22 36 25 
29 22 
25 32 48 18 15 34 
34 17 42 
42 40 3 
3 11 
11 33 21 
21 26 6 
6 30 47 14 
8 10 43 
15 13 
18 37 5 
13 44 9 
14 46 
5 4 
4 1 35 
43 24 
46 28 
9 2 
10 23 
28 19 
24 31 
17 45 7 
36 20 16 
19 12 
2 27 
48 
37 
44 
35 49 
39 
1 38 
31 
7 
32 
47 
33 
38 
23 
26 
16 
40 
49 
12 
27 
20 
41 
30 
45 
# clone tree 71 objective: 1.94836
0 41 39 8 29 
22 36 25 
29 22 
25 32 48 18 15 34 
34 17 42 
42 40 3 
3 11 
11 33 21 
21 26 6 
6 30 47 14 
8 10 43 
15 13 
18 37 5 
13 44 9 
14 46 
5 4 
4 1 35 
43 24 
46 28 
9 2 
10 45 23 
28 19 
24 31 
17 7 
36 20 16 
19 12 
2 27 
48 
37 
44 
35 49 
39 
1 38 
31 
7 
32 
47 
33 
38 
23 
26 
16 
40 
49 
12 
27 
20 
41 
30 
45 
# clone tree 72 objective: 1.94836
0 41 39 8 29 
22 36 25 
29 22 
25 32 48 18 15 34 
34 17 42 
42 40 3 
3 11 
11 33 21 
21 26 6 
6 30 47 14 
8 10 43 
15 13 
18 37 5 
13 44 9 
14 46 
5 4 
4 1 35 
43 45 24 
46 28 
9 2 
10 23 
28 19 
24 31 
17 7 
36 20 16 
19 12 
2 27 
48 
37 
44 
35 49 
39 
1 38 
31 
7 
32 
47 
33 
38 
23 
26 
16 
40 
49 
12 
27 
20 
41 
30 
45 
# clone tree 73 objective: 1.94836
0 30 41 39 8 29 
22 36 25 
29 22 
25 32 48 18 15 34 
34 17 42 
42 40 3 
3 11 
11 33 21 
21 26 6 
6 47 14 
8 10 43 
15 13 
18 37 5 
13 44 9 
14 46 
5 4 
4 1 35 
43 24 
46 28 
9 2 
10 23 
28 45 19 
24 31 
17 7 
36 20 16 
19 12 
2 27 
48 
37 
44 
35 49 
39 
1 38 
31 
7 
32 
47 
33 
38 
23 
26 
16 
40 
49 
12 
27 
20 
41 
30 
45 
# clone tree 74 objective: 1.94836
0 30 39 8 29 
22 36 25 
29 22 
25 32 48 18 15 34 
34 17 42 
42 40 3 
3 11 
11 33 21 
21 26 6 
6 47 14 
8 10 43 
15 13 
18 37 5 
13 44 9 
14 46 
5 4 
4 1 35 
43 24 
46 28 
9 2 
10 23 
28 45 19 
24 31 
17 41 7 
36 20 16 
19 12 
2 27 
48 
37 
44 
35 49 
39 
1 38 
31 
7 
32 
47 
33 
38 
23 
26 
16 
40 
49 
12 
27 
20 
41 
30 
45 
# clone tree 75 objective: 1.94836
0 30 41 39 8 29 
22 36 25 
29 22 
25 32 48 18 15 34 
34 17 42 
42 40 3 
3 11 
11 33 21 
21 26 6 
6 47 14 
8 10 43 
15 13 
18 37 5 
13 44 9 
14 46 
5 4 
4 1 35 
43 24 
46 28 
9 2 
10 45 23 
28 19 
24 31 
17 7 
36 20 16 
19 12 
2 27 
48 
37 
44 
35 49 
39 
1 38 
31 
7 
32 
47 
33 
38 
23 
26 
16 
40 
49 
12 
27 
20 
41 
30 
45 
# clone tree 76 objective: 1.94836
0 30 39 8 29 
22 36 25 
29 22 
25 32 48 18 15 34 
34 17 42 
42 40 3 
3 11 
11 33 21 
21 26 6 
6 47 14 
8 10 43 
15 13 
18 37 5 
13 44 9 
14 46 
5 4 
4 1 35 
43 45 24 
46 28 
9 2 
10 23 
28 19 
24 31 
17 41 7 
36 20 16 
19 12 
2 27 
48 
37 
44 
35 49 
39 
1 38 
31 
7 
32 
47 
33 
38 
23 
26 
16 
40 
49 
12 
27 
20 
41 
30 
45 
# clone tree 77 objective: 1.94836
0 30 41 39 8 29 
22 36 25 
29 22 
25 32 48 18 15 34 
34 17 42 
42 40 3 
3 11 
11 33 21 
21 26 6 
6 47 14 
8 10 43 
15 13 
18 37 5 
13 44 9 
14 46 
5 4 
4 1 35 
43 45 24 
46 28 
9 2 
10 23 
28 19 
24 31 
17 7 
36 20 16 
19 12 
2 27 
48 
37 
44 
35 49 
39 
1 38 
31 
7 
32 
47 
33 
38 
23 
26 
16 
40 
49 
12 
27 
20 
41 
30 
45 
# clone tree 78 objective: 1.94836
0 39 8 29 
22 36 25 
29 22 
25 32 48 18 15 34 
34 17 42 
42 40 3 
3 11 
11 33 21 
21 26 6 
6 47 14 
8 10 43 
15 13 
18 37 5 
13 44 9 
14 46 
5 4 
4 1 35 
43 24 
46 28 
9 30 2 
10 23 
28 45 19 
24 31 
17 41 7 
36 20 16 
19 12 
2 27 
48 
37 
44 
35 49 
39 
1 38 
31 
7 
32 
47 
33 
38 
23 
26 
16 
40 
49 
12 
27 
20 
41 
30 
45 
# clone tree 79 objective: 1.94836
0 30 39 8 29 
22 36 25 
29 22 
25 32 48 18 15 34 
34 17 42 
42 40 3 
3 11 
11 33 21 
21 26 6 
6 47 14 
8 10 43 
15 13 
18 37 5 
13 44 9 
14 46 
5 4 
4 1 35 
43 24 
46 28 
9 2 
10 45 23 
28 19 
24 31 
17 41 7 
36 20 16 
19 12 
2 27 
48 
37 
44 
35 49 
39 
1 38 
31 
7 
32 
47 
33 
38 
23 
26 
16 
40 
49 
12 
27 
20 
41 
30 
45 
# clone tree 80 objective: 1.94836
0 41 39 8 29 
22 36 25 
29 22 
25 32 48 18 15 34 
34 17 42 
42 40 3 
3 11 
11 33 21 
21 26 6 
6 47 14 
8 10 43 
15 13 
18 37 5 
13 44 9 
14 46 
5 4 
4 1 35 
43 24 
46 28 
9 30 2 
10 23 
28 19 
24 31 
17 45 7 
36 20 16 
19 12 
2 27 
48 
37 
44 
35 49 
39 
1 38 
31 
7 
32 
47 
33 
38 
23 
26 
16 
40 
49 
12 
27 
20 
41 
30 
45 
# clone tree 81 objective: 1.94836
0 39 8 29 
22 36 25 
29 22 
25 32 48 18 15 34 
34 17 42 
42 40 3 
3 11 
11 33 21 
21 26 6 
6 47 14 
8 10 43 
15 13 
18 37 5 
13 44 9 
14 46 
5 4 
4 1 35 
43 24 
46 28 
9 30 2 
10 45 23 
28 19 
24 31 
17 41 7 
36 20 16 
19 12 
2 27 
48 
37 
44 
35 49 
39 
1 38 
31 
7 
32 
47 
33 
38 
23 
26 
16 
40 
49 
12 
27 
20 
41 
30 
45 
# clone tree 82 objective: 1.94841
0 41 39 8 29 
22 36 25 
29 40 22 
25 32 48 18 15 34 
34 17 42 
42 16 3 
3 11 
11 33 21 
21 26 6 
6 47 14 
8 10 43 
15 13 
18 37 5 
13 44 9 
14 46 
5 4 
4 1 35 
43 24 
46 28 
9 2 
10 23 
28 45 19 
24 31 
17 7 
36 20 
19 12 
2 27 
48 
37 
44 
35 49 
39 
1 38 
31 30 
7 
32 
47 
33 
38 
23 
26 
16 
40 
49 
12 
27 
20 
41 
30 
45 
# clone tree 83 objective: 1.94841
0 41 39 8 29 
22 36 25 
29 40 22 
25 32 48 18 15 34 
34 17 42 
42 16 3 
3 11 
11 33 21 
21 26 6 
6 47 14 
8 10 43 
15 13 
18 37 5 
13 44 9 
14 46 
5 4 
4 1 35 
43 24 
46 28 
9 2 
10 45 23 
28 19 
24 31 
17 7 
36 20 
19 12 
2 27 
48 
37 
44 
35 49 
39 
1 38 
31 30 
7 
32 
47 
33 
38 
23 
26 
16 
40 
49 
12 
27 
20 
41 
30 
45 
# clone tree 84 objective: 1.94841
0 41 39 8 29 
22 36 25 
29 40 22 
25 32 48 18 15 34 
34 17 42 
42 16 3 
3 11 
11 33 21 
21 26 6 
6 47 14 
8 10 43 
15 13 
18 37 5 
13 44 9 
14 46 
5 4 
4 1 35 
43 45 24 
46 28 
9 2 
10 23 
28 19 
24 31 
17 7 
36 20 
19 12 
2 27 
48 
37 
44 
35 49 
39 
1 38 
31 30 
7 
32 
47 
33 
38 
23 
26 
16 
40 
49 
12 
27 
20 
41 
30 
45 
# clone tree 85 objective: 1.94846
0 41 39 8 29 
22 36 25 
29 40 22 
25 32 48 18 15 34 
34 17 42 
42 16 3 
3 11 
11 33 21 
21 26 6 
6 47 14 
8 10 43 
15 13 
18 37 5 
13 44 9 
14 46 
5 4 
4 1 35 
43 45 24 
46 28 
9 2 
10 23 
28 19 
24 31 
17 7 
36 20 
19 12 
2 27 
48 
37 
44 
35 30 49 
39 
1 38 
31 
7 
32 
47 
33 
38 
23 
26 
16 
40 
49 
12 
27 
20 
41 
30 
45 
# clone tree 86 objective: 1.94846
0 41 39 8 29 
22 36 25 
29 40 22 
25 32 48 18 15 34 
34 17 42 
42 16 3 
3 11 
11 33 21 
21 26 6 
6 47 14 
8 10 43 
15 13 
18 37 5 
13 44 9 
14 46 
5 4 
4 1 35 
43 24 
46 28 
9 2 
10 23 
28 45 19 
24 31 
17 7 
36 20 
19 12 
2 27 
48 
37 
44 
35 30 49 
39 
1 38 
31 
7 
32 
47 
33 
38 
23 
26 
16 
40 
49 
12 
27 
20 
41 
30 
45 
# clone tree 87 objective: 1.94846
0 41 39 8 29 
22 36 25 
29 40 22 
25 32 48 18 15 34 
34 17 42 
42 16 3 
3 11 
11 33 21 
21 26 6 
6 47 14 
8 10 43 
15 13 
18 37 5 
13 44 9 
14 46 
5 4 
4 1 35 
43 24 
46 28 
9 2 
10 45 23 
28 19 
24 31 
17 7 
36 20 
19 12 
2 27 
48 
37 
44 
35 30 49 
39 
1 38 
31 
7 
32 
47 
33 
38 
23 
26 
16 
40 
49 
12 
27 
20 
41 
30 
45 
# clone tree 88 objective: 1.94852
0 41 39 8 29 
22 36 25 
29 22 
25 32 48 18 15 34 
34 17 42 
42 40 3 
3 11 
11 33 21 
21 26 6 
6 47 14 
8 10 43 
15 13 
18 37 5 
13 44 9 
14 46 
5 4 
4 1 35 
43 24 
46 28 
9 2 
10 23 
28 45 19 
24 31 
17 7 
36 20 16 
19 12 
2 27 
48 
37 
44 
35 49 
39 
1 38 
31 
7 
32 
47 
33 
38 
23 
26 
16 
40 
49 
12 
27 30 
20 
41 
30 
45 
# clone tree 89 objective: 1.94852
0 41 39 8 29 
22 36 25 
29 22 
25 32 48 18 15 34 
34 17 42 
42 40 3 
3 11 
11 33 21 
21 26 6 
6 47 14 
8 10 43 
15 13 
18 37 5 
13 44 9 
14 46 
5 4 
4 1 35 
43 24 
46 28 
9 2 
10 45 23 
28 19 
24 31 
17 7 
36 20 16 
19 12 
2 27 
48 
37 
44 
35 49 
39 
1 38 
31 
7 
32 
47 
33 
38 
23 
26 
16 
40 
49 
12 
27 30 
20 
41 
30 
45 
# clone tree 90 objective: 1.94852
0 39 8 29 
22 36 25 
29 22 
25 32 48 18 15 34 
34 17 42 
42 40 3 
3 11 
11 33 21 
21 26 6 
6 47 14 
8 10 43 
15 13 
18 37 5 
13 44 9 
14 46 
5 4 
4 1 35 
43 24 
46 28 
9 2 
10 45 23 
28 19 
24 31 
17 41 7 
36 20 16 
19 12 
2 27 
48 
37 
44 
35 49 
39 
1 38 
31 
7 
32 
47 
33 
38 
23 
26 
16 
40 
49 
12 
27 30 
20 
41 
30 
45 
# clone tree 91 objective: 1.94852
0 39 8 29 
22 36 25 
29 22 
25 32 48 18 15 34 
34 17 42 
42 40 3 
3 11 
11 33 21 
21 26 6 
6 47 14 
8 10 43 
15 13 
18 37 5 
13 44 9 
14 46 
5 4 
4 1 35 
43 24 
46 28 
9 2 
10 23 
28 45 19 
24 31 
17 41 7 
36 20 16 
19 12 
2 27 
48 
37 
44 
35 49 
39 
1 38 
31 
7 
32 
47 
33 
38 
23 
26 
16 
40 
49 
12 
27 30 
20 
41 
30 
45 
# clone tree 92 objective: 1.94852
0 41 39 8 29 
22 36 25 
29 22 
25 32 48 18 15 34 
34 17 42 
42 40 3 
3 11 
11 33 21 
21 26 6 
6 47 14 
8 10 43 
15 13 
18 37 5 
13 44 9 
14 46 
5 4 
4 1 35 
43 24 
46 28 
9 2 
10 23 
28 19 
24 31 
17 45 7 
36 20 16 
19 12 
2 27 
48 
37 
44 
35 49 
39 
1 38 
31 
7 
32 
47 
33 
38 
23 
26 
16 
40 
49 
12 
27 30 
20 
41 
30 
45 
# clone tree 93 objective: 1.94852
0 41 39 8 29 
22 36 25 
29 22 
25 32 48 18 15 34 
34 17 42 
42 40 3 
3 11 
11 33 21 
21 26 6 
6 47 14 
8 10 43 
15 13 
18 37 5 
13 44 9 
14 46 
5 4 
4 1 35 
43 45 24 
46 28 
9 2 
10 23 
28 19 
24 31 
17 7 
36 20 16 
19 12 
2 27 
48 
37 
44 
35 49 
39 
1 38 
31 
7 
32 
47 
33 
38 
23 
26 
16 
40 
49 
12 
27 30 
20 
41 
30 
45 
# clone tree 94 objective: 1.94852
0 39 8 29 
22 36 25 
29 22 
25 32 48 18 15 34 
34 17 42 
42 40 3 
3 11 
11 33 21 
21 26 6 
6 47 14 
8 10 43 
15 13 
18 37 5 
13 44 9 
14 46 
5 4 
4 1 35 
43 45 24 
46 28 
9 2 
10 23 
28 19 
24 31 
17 41 7 
36 20 16 
19 12 
2 27 
48 
37 
44 
35 49 
39 
1 38 
31 
7 
32 
47 
33 
38 
23 
26 
16 
40 
49 
12 
27 30 
20 
41 
30 
45 
# clone tree 95 objective: 1.94858
0 39 8 29 
22 36 25 
29 16 22 
25 32 48 18 15 34 
34 17 42 
42 40 3 
3 11 
11 33 21 
21 26 6 
6 47 14 
8 10 43 
15 13 
18 37 5 
13 44 9 
14 46 
5 4 
4 1 35 
43 45 24 
46 28 
9 27 2 
10 23 
28 19 
24 31 
17 41 7 
36 20 
19 12 
2 30 
48 
37 
44 
35 49 
39 
1 38 
31 
7 
32 
47 
33 
38 
23 
26 
16 
40 
49 
12 
27 
20 
41 
30 
45 
# clone tree 96 objective: 1.94858
0 41 39 8 29 
22 36 25 
29 16 22 
25 32 48 18 15 34 
34 17 42 
42 40 3 
3 11 
11 33 21 
21 26 6 
6 47 14 
8 10 43 
15 13 
18 37 5 
13 44 9 
14 46 
5 4 
4 1 35 
43 24 
46 28 
9 27 2 
10 23 
28 19 
24 31 
17 45 7 
36 20 
19 12 
2 30 
48 
37 
44 
35 49 
39 
1 38 
31 
7 
32 
47 
33 
38 
23 
26 
16 
40 
49 
12 
27 
20 
41 
30 
45 
# clone tree 97 objective: 1.94858
0 30 39 8 29 
22 36 25 
29 16 22 
25 32 48 18 15 34 
34 17 42 
42 40 3 
3 11 
11 33 21 
21 26 6 
6 47 14 
8 10 43 
15 13 
18 37 5 
13 44 9 
14 46 
5 4 
4 1 35 
43 24 
46 28 
9 27 2 
10 45 23 
28 19 
24 31 
17 41 7 
36 20 
19 12 
2 
48 
37 
44 
35 49 
39 
1 38 
31 
7 
32 
47 
33 
38 
23 
26 
16 
40 
49 
12 
27 
20 
41 
30 
45 
# clone tree 98 objective: 1.94858
0 41 39 8 29 
22 36 25 
29 16 22 
25 32 48 18 15 34 
34 17 42 
42 40 3 
3 11 
11 33 21 
21 26 6 
6 30 47 14 
8 10 43 
15 13 
18 37 5 
13 44 9 
14 46 
5 4 
4 1 35 
43 24 
46 28 
9 27 2 
10 23 
28 45 19 
24 31 
17 7 
36 20 
19 12 
2 
48 
37 
44 
35 49 
39 
1 38 
31 
7 
32 
47 
33 
38 
23 
26 
16 
40 
49 
12 
27 
20 
41 
30 
45 
# clone tree 99 objective: 1.94858
0 41 39 8 29 
22 36 25 
29 16 22 
25 32 48 18 15 34 
34 17 42 
42 40 3 
3 11 
11 33 21 
21 26 6 
6 30 47 14 
8 10 43 
15 13 
18 37 5 
13 44 9 
14 46 
5 4 
4 1 35 
43 24 
46 28 
9 27 2 
10 45 23 
28 19 
24 31 
17 7 
36 20 
19 12 
2 
48 
37 
44 
35 49 
39 
1 38 
31 
7 
32 
47 
33 
38 
23 
26 
16 
40 
49 
12 
27 
20 
41 
30 
45 
