45	4	6	3	2	11	0	7	5	1	2	0	2	2	43	20	0	3	0	1	24	34	1	0	5	4	12	2	30	1	34	1	2	24	2	0	0	21	0	0	17	3	7	15	4	2	19	1	0	0
50	1	4	1	1	3	0	8	2	2	3	2	0	3	40	30	0	3	8	1	31	32	0	1	5	0	9	0	34	0	27	0	2	23	0	0	0	32	0	2	8	22	5	1	1	0	10	0	1	4
24	8	3	0	1	5	1	10	1	0	1	0	0	0	33	21	0	1	2	2	22	26	11	0	4	0	10	0	26	3	26	0	0	17	2	1	1	18	0	0	10	0	2	5	1	0	14	1	0	0
27	3	2	3	1	2	0	3	2	0	1	0	2	0	31	12	0	0	3	0	14	25	0	0	1	0	7	0	18	0	9	0	0	10	0	0	0	13	2	0	6	4	4	3	3	0	10	1	2	0
45	9	6	1	0	24	0	3	4	1	0	4	0	0	35	33	0	5	5	3	35	33	2	0	7	0	18	0	43	1	33	0	3	25	0	0	0	36	2	1	22	9	7	11	2	0	12	1	0	3
43	2	3	0	2	6	2	7	2	0	4	1	0	5	34	22	0	2	1	2	16	20	4	1	10	0	3	0	33	1	23	0	2	17	1	0	1	20	2	0	10	1	2	7	4	0	8	1	0	0
24	1	1	3	1	11	0	3	2	1	0	2	0	0	24	20	0	3	3	0	22	18	0	0	1	1	6	0	18	0	10	0	1	19	0	0	0	13	2	0	4	1	2	1	0	0	5	0	4	1
37	6	8	2	0	19	1	7	1	1	2	0	1	0	41	43	3	5	4	0	41	44	1	0	8	1	9	2	36	2	38	0	4	32	0	1	0	31	4	2	17	4	4	12	1	1	21	0	2	2
44	3	4	0	0	9	0	7	3	0	2	1	0	1	25	16	2	1	0	0	20	23	2	0	7	0	8	0	31	1	25	1	0	16	1	0	2	25	2	0	5	3	0	7	0	1	13	0	2	2
26	4	0	1	0	11	1	6	1	1	3	0	0	0	21	14	0	4	1	1	14	20	1	0	3	1	7	0	23	1	18	3	1	14	2	0	0	22	2	0	6	1	2	3	3	0	17	0	0	0
