0.388889	0.009091	0.113636	0.009009	0.030612	0.138298	0.000000	0.010417	0.010753	0.029703	0.009901	0.000000	0.022222	0.012500	0.000000	0.336842	0.027523	0.254902	0.018519	0.170213	0.020833	0.009174	0.057471	0.020202	0.000000	0.039604	0.022727	0.017857	0.317308	0.510870	0.000000	0.010638	0.019608	0.447368	0.027778	0.089286	0.020408	0.140000	0.000000	0.393617	0.049505	0.000000	0.000000	0.056180	0.106383	0.018182	0.000000	0.031579	0.010101	0.038462
0.176471	0.010417	0.078431	0.009259	0.115385	0.113043	0.000000	0.011364	0.000000	0.000000	0.030928	0.010753	0.036364	0.000000	0.000000	0.354167	0.023810	0.173077	0.019608	0.146789	0.020408	0.000000	0.039604	0.031915	0.000000	0.009434	0.000000	0.018868	0.215517	0.252427	0.000000	0.000000	0.009615	0.203883	0.012500	0.065041	0.000000	0.120370	0.000000	0.266667	0.081818	0.000000	0.008403	0.000000	0.052632	0.000000	0.021277	0.000000	0.000000	0.000000
0.543689	0.009174	0.054054	0.000000	0.087500	0.166667	0.040816	0.031579	0.000000	0.058252	0.045045	0.011111	0.027273	0.000000	0.020833	0.486486	0.019417	0.258929	0.000000	0.230769	0.028037	0.031250	0.055556	0.000000	0.010526	0.009615	0.000000	0.054545	0.308511	0.395833	0.011236	0.033333	0.048077	0.423913	0.019802	0.088889	0.000000	0.076923	0.000000	0.364486	0.044944	0.000000	0.009524	0.021739	0.034884	0.000000	0.025641	0.000000	0.010309	0.018349
0.439252	0.000000	0.078652	0.000000	0.054945	0.201754	0.000000	0.019608	0.000000	0.000000	0.036585	0.009524	0.000000	0.010204	0.000000	0.298851	0.035398	0.204301	0.000000	0.211111	0.009615	0.021053	0.014493	0.028846	0.000000	0.057143	0.011628	0.010753	0.299065	0.343434	0.000000	0.010870	0.000000	0.462366	0.050505	0.119565	0.000000	0.127451	0.000000	0.305263	0.153846	0.008772	0.000000	0.040000	0.063158	0.000000	0.009804	0.000000	0.000000	0.010989
0.573034	0.000000	0.084112	0.000000	0.101010	0.174312	0.000000	0.049020	0.000000	0.081395	0.009901	0.020408	0.030612	0.000000	0.000000	0.494845	0.020202	0.227723	0.009804	0.177570	0.000000	0.037736	0.076271	0.000000	0.016667	0.066667	0.000000	0.042857	0.428571	0.462963	0.017094	0.000000	0.021739	0.385965	0.035294	0.120879	0.000000	0.166667	0.000000	0.366071	0.098765	0.010753	0.029412	0.000000	0.049587	0.000000	0.009259	0.017699	0.000000	0.000000
0.324324	0.000000	0.074468	0.000000	0.118644	0.177570	0.000000	0.009901	0.000000	0.028037	0.026087	0.011364	0.040000	0.000000	0.009615	0.408163	0.010309	0.288660	0.008850	0.228571	0.019231	0.018868	0.010526	0.000000	0.000000	0.020000	0.000000	0.030000	0.217949	0.326531	0.000000	0.010000	0.020202	0.368932	0.017391	0.113043	0.009091	0.156250	0.028037	0.378641	0.108434	0.008621	0.009009	0.000000	0.059406	0.000000	0.024096	0.038835	0.016393	0.000000
0.442105	0.000000	0.062992	0.000000	0.057692	0.162500	0.000000	0.000000	0.091837	0.056075	0.032258	0.060000	0.037736	0.010753	0.000000	0.450549	0.025641	0.333333	0.000000	0.198276	0.000000	0.011765	0.062500	0.000000	0.000000	0.017241	0.000000	0.011765	0.289720	0.451923	0.009615	0.031579	0.009346	0.448598	0.022222	0.060241	0.033613	0.107527	0.000000	0.434343	0.086957	0.000000	0.000000	0.000000	0.019802	0.000000	0.000000	0.009615	0.000000	0.000000
0.471910	0.000000	0.069307	0.020202	0.070796	0.142857	0.000000	0.035398	0.000000	0.080808	0.049505	0.010101	0.032967	0.028302	0.000000	0.391753	0.044643	0.214286	0.000000	0.196078	0.000000	0.027273	0.056075	0.018519	0.010989	0.010526	0.011765	0.028846	0.414141	0.395833	0.019608	0.019231	0.048077	0.408163	0.018519	0.061947	0.010000	0.111111	0.000000	0.420000	0.081633	0.000000	0.000000	0.008850	0.021053	0.018182	0.045872	0.010000	0.000000	0.000000
0.303030	0.000000	0.010989	0.009615	0.041667	0.114035	0.009804	0.010204	0.010204	0.019802	0.057143	0.010870	0.008929	0.000000	0.000000	0.306122	0.000000	0.185567	0.000000	0.125000	0.044643	0.000000	0.021739	0.000000	0.020408	0.029412	0.000000	0.009434	0.206897	0.319149	0.000000	0.010204	0.000000	0.170213	0.050000	0.030000	0.000000	0.072165	0.000000	0.275862	0.023810	0.000000	0.000000	0.009009	0.042553	0.033333	0.000000	0.009615	0.000000	0.000000
0.538462	0.010753	0.054054	0.009615	0.098039	0.127660	0.010753	0.023810	0.011628	0.097561	0.012346	0.008621	0.000000	0.000000	0.009524	0.494118	0.026087	0.194175	0.009709	0.200000	0.034091	0.037383	0.021505	0.000000	0.000000	0.010309	0.000000	0.000000	0.411765	0.500000	0.000000	0.010989	0.010989	0.552083	0.022472	0.072165	0.030000	0.159292	0.010309	0.505051	0.053763	0.000000	0.028986	0.012048	0.058824	0.029412	0.009709	0.000000	0.020408	0.000000
