0.313131	0.102041	0.000000	0.089109	0.056818	0.000000	0.107843	0.023810	0.000000	0.000000	0.235294	0.000000	0.048077	0.000000	0.030000	0.030000	0.052083	0.022222	0.000000	0.000000	0.024691	0.000000	0.021978	0.048544	0.057143	0.069767	0.000000	0.221154	0.063636	0.008403	0.000000	0.000000	0.037736	0.038835	0.077670	0.000000	0.000000	0.018182	0.000000	0.000000	0.360465	0.000000	0.000000	0.182796	0.000000	0.019608	0.000000	0.000000	0.008696	0.000000
0.371429	0.055556	0.021505	0.072917	0.000000	0.000000	0.091743	0.027778	0.010638	0.000000	0.179775	0.000000	0.031579	0.027523	0.008850	0.076087	0.009091	0.086022	0.008929	0.043956	0.072072	0.000000	0.054348	0.022989	0.017241	0.104762	0.000000	0.268041	0.000000	0.000000	0.000000	0.042105	0.000000	0.000000	0.000000	0.026786	0.010309	0.000000	0.010526	0.000000	0.330097	0.010204	0.000000	0.141509	0.011628	0.028846	0.000000	0.019231	0.011111	0.017544
0.385417	0.046512	0.000000	0.161616	0.021053	0.000000	0.085106	0.061856	0.000000	0.035714	0.212963	0.019048	0.050505	0.009434	0.018519	0.090909	0.000000	0.127907	0.000000	0.000000	0.033333	0.000000	0.009174	0.046296	0.033333	0.160377	0.000000	0.379747	0.008696	0.000000	0.000000	0.000000	0.088608	0.010753	0.021505	0.030303	0.000000	0.038835	0.011494	0.011494	0.373626	0.010417	0.000000	0.193277	0.059406	0.000000	0.013158	0.010000	0.000000	0.000000
0.255814	0.069767	0.010753	0.093023	0.042017	0.000000	0.104167	0.018182	0.044444	0.000000	0.081081	0.000000	0.041667	0.000000	0.025000	0.047170	0.010638	0.099010	0.000000	0.000000	0.038462	0.000000	0.000000	0.048077	0.030303	0.090000	0.000000	0.284314	0.009524	0.010101	0.000000	0.000000	0.018182	0.000000	0.065934	0.000000	0.010101	0.008929	0.000000	0.016529	0.244898	0.000000	0.010101	0.127660	0.017857	0.025210	0.000000	0.009091	0.010204	0.000000
0.532710	0.055046	0.018868	0.089109	0.010000	0.009709	0.080000	0.082569	0.022989	0.000000	0.296296	0.000000	0.103093	0.010101	0.072727	0.105769	0.032967	0.011905	0.017857	0.000000	0.011111	0.011111	0.010526	0.027027	0.022727	0.097087	0.000000	0.392157	0.010417	0.025000	0.000000	0.019802	0.025424	0.045455	0.036697	0.000000	0.000000	0.000000	0.000000	0.016949	0.268041	0.010526	0.000000	0.161905	0.052632	0.030612	0.000000	0.029412	0.010101	0.000000
0.273810	0.075269	0.010638	0.033333	0.008929	0.000000	0.045455	0.027778	0.000000	0.011111	0.211111	0.011494	0.018018	0.000000	0.025210	0.088889	0.000000	0.034483	0.000000	0.000000	0.009615	0.008850	0.009524	0.029412	0.056075	0.123810	0.000000	0.163462	0.011364	0.000000	0.000000	0.019417	0.011364	0.000000	0.011494	0.000000	0.010417	0.000000	0.000000	0.000000	0.217822	0.000000	0.019417	0.121739	0.011905	0.041667	0.000000	0.000000	0.009174	0.000000
0.225225	0.019608	0.029703	0.090090	0.024096	0.022727	0.069307	0.059406	0.000000	0.017391	0.107143	0.000000	0.012195	0.000000	0.000000	0.076190	0.000000	0.054545	0.000000	0.029412	0.012346	0.042553	0.020000	0.021505	0.034188	0.126316	0.009709	0.153846	0.000000	0.000000	0.009434	0.009346	0.019802	0.020833	0.018182	0.000000	0.000000	0.019608	0.000000	0.009174	0.206522	0.000000	0.000000	0.106195	0.019417	0.000000	0.009524	0.009615	0.000000	0.008772
0.396226	0.089888	0.010753	0.112150	0.000000	0.000000	0.052632	0.029126	0.040816	0.008403	0.228571	0.000000	0.057692	0.021739	0.023810	0.068627	0.000000	0.114583	0.000000	0.008475	0.053763	0.010638	0.018692	0.027523	0.084211	0.148936	0.000000	0.357143	0.034091	0.000000	0.010638	0.065217	0.032787	0.009346	0.010417	0.094595	0.000000	0.028846	0.000000	0.009804	0.408163	0.008772	0.010989	0.180180	0.038462	0.010000	0.000000	0.000000	0.018182	0.046729
0.233645	0.042553	0.012500	0.045455	0.015625	0.010417	0.119266	0.037736	0.010870	0.032609	0.172414	0.028571	0.010000	0.022727	0.010000	0.061856	0.018018	0.038095	0.020000	0.009259	0.022222	0.012821	0.000000	0.009524	0.032609	0.050505	0.010989	0.207921	0.009901	0.000000	0.000000	0.028037	0.020619	0.000000	0.010417	0.010101	0.019231	0.000000	0.000000	0.010638	0.304348	0.000000	0.000000	0.110000	0.021277	0.000000	0.018182	0.000000	0.000000	0.011236
0.478992	0.134021	0.000000	0.079208	0.051020	0.000000	0.132743	0.017857	0.019802	0.000000	0.156250	0.009804	0.066038	0.022989	0.030303	0.067797	0.025862	0.052083	0.078431	0.011364	0.000000	0.010989	0.000000	0.057143	0.146067	0.122222	0.009259	0.347107	0.008333	0.000000	0.000000	0.000000	0.051546	0.022472	0.022989	0.013333	0.017391	0.019802	0.018692	0.020202	0.352381	0.020619	0.000000	0.154762	0.010000	0.019231	0.022222	0.000000	0.000000	0.008621
