# 43 backbone trees, 57 mutations
backbone tree 0, llh: -10847.793158
-1 0
0 9
0 42
0 54
0 71
0 89
6 68
6 85
9 64
11 6
12 22
15 16
15 34
15 78
15 88
16 41
18 27
22 11
22 93
27 17
28 30
28 38
33 75
34 94
36 52
37 29
37 51
37 73
40 45
45 31
45 57
50 40
57 77
57 96
62 18
62 28
62 69
62 92
65 49
65 60
71 44
71 46
73 23
73 50
75 25
84 7
84 33
85 15
88 10
88 36
88 84
89 37
92 12
94 4
96 13
96 62
96 65
backbone tree 1, llh: -10847.802041
-1 0
0 9
0 42
0 54
0 71
0 89
6 68
6 85
7 46
9 64
11 6
12 22
15 16
15 34
15 78
15 88
16 41
18 27
22 11
22 93
27 17
28 30
28 38
33 75
34 94
36 52
37 29
37 51
37 73
40 45
45 31
45 57
50 40
57 77
57 96
62 18
62 28
62 69
62 92
65 49
71 44
73 23
73 50
75 25
84 7
84 33
85 15
85 60
88 10
88 36
88 84
89 37
92 12
94 4
96 13
96 62
96 65
backbone tree 2, llh: -10847.768841
-1 0
0 9
0 42
0 54
0 71
0 89
6 68
6 85
9 64
11 6
12 22
15 16
15 34
15 78
15 88
16 41
18 27
22 11
22 93
27 17
28 30
28 38
33 75
34 94
36 52
37 29
37 51
37 73
40 45
45 31
45 57
50 40
57 77
57 96
62 18
62 28
62 69
62 92
65 49
71 44
71 46
73 23
73 50
75 25
84 7
84 33
85 15
85 60
88 10
88 36
88 84
89 37
92 12
94 4
96 13
96 62
96 65
backbone tree 3, llh: -10847.802259
-1 0
0 9
0 42
0 54
0 71
0 89
6 68
6 85
7 46
9 64
11 6
12 22
15 16
15 34
15 78
15 88
16 41
18 27
22 11
22 93
27 17
28 30
28 38
33 75
34 94
36 52
37 51
37 73
40 45
45 31
45 57
50 40
57 77
57 96
62 18
62 28
62 69
62 92
65 49
65 60
71 44
73 23
73 50
75 25
84 7
84 33
85 15
88 10
88 36
88 84
89 29
89 37
92 12
94 4
96 13
96 62
96 65
backbone tree 4, llh: -10847.771612
-1 0
0 9
0 42
0 54
0 71
0 89
6 68
6 85
9 64
11 6
12 22
15 16
15 34
15 78
15 88
16 41
18 27
22 11
22 93
27 17
28 30
28 38
33 75
34 94
36 52
37 51
37 73
40 45
45 31
45 57
50 40
57 77
57 96
62 18
62 28
62 69
62 92
65 49
65 60
71 44
71 46
73 23
73 50
75 25
84 7
84 33
85 15
88 10
88 36
88 84
89 29
89 37
92 12
94 4
96 13
96 62
96 65
backbone tree 5, llh: -10847.817804
-1 0
0 9
0 42
0 54
0 71
0 89
6 68
6 85
9 64
11 6
12 22
15 16
15 34
15 78
15 88
16 41
18 25
18 27
22 11
22 93
27 17
28 30
28 38
33 75
34 94
36 52
37 51
37 73
40 45
45 31
45 57
50 40
57 77
57 96
62 18
62 28
62 69
62 92
65 49
71 44
71 46
73 23
73 50
84 7
84 33
85 15
85 60
88 10
88 36
88 84
89 29
89 37
92 12
94 4
96 13
96 62
96 65
backbone tree 6, llh: -10847.780980
-1 0
0 9
0 42
0 54
0 71
0 89
6 68
6 85
7 46
9 64
11 6
12 22
15 16
15 34
15 78
15 88
16 41
18 27
22 11
22 93
27 17
28 30
28 38
33 75
34 94
36 52
37 51
37 73
40 45
45 31
45 57
50 40
57 77
57 96
62 18
62 28
62 69
62 92
65 49
71 44
73 23
73 50
75 25
84 7
84 33
85 15
85 60
88 10
88 36
88 84
89 29
89 37
92 12
94 4
96 13
96 62
96 65
backbone tree 7, llh: -10847.750329
-1 0
0 9
0 42
0 54
0 71
0 89
6 68
6 85
9 64
11 6
12 22
15 16
15 34
15 78
15 88
16 41
18 27
22 11
22 93
27 17
28 30
28 38
33 75
34 94
36 52
37 51
37 73
40 45
45 31
45 57
50 40
57 77
57 96
62 18
62 28
62 69
62 92
65 49
71 44
71 46
73 23
73 50
75 25
84 7
84 33
85 15
85 60
88 10
88 36
88 84
89 29
89 37
92 12
94 4
96 13
96 62
96 65
backbone tree 8, llh: -10847.822313
-1 0
0 9
0 42
0 54
0 71
0 89
6 68
6 85
7 46
9 64
11 6
11 29
12 22
15 16
15 34
15 78
15 88
16 41
18 27
22 11
27 17
28 30
28 38
33 75
34 94
36 52
37 51
37 73
40 45
45 31
45 57
50 40
57 77
57 96
62 18
62 28
62 69
62 92
64 93
65 49
65 60
71 44
73 23
73 50
75 25
84 7
84 33
85 15
88 10
88 36
88 84
89 37
92 12
94 4
96 13
96 62
96 65
backbone tree 9, llh: -10847.789939
-1 0
0 9
0 42
0 54
0 71
0 89
6 68
6 85
9 64
11 6
11 29
12 22
15 16
15 34
15 78
15 88
16 41
18 27
22 11
27 17
28 30
28 38
33 75
34 94
36 52
37 51
37 73
40 45
45 31
45 57
50 40
57 77
57 96
62 18
62 28
62 69
62 92
64 93
65 49
65 60
71 44
71 46
73 23
73 50
75 25
84 7
84 33
85 15
88 10
88 36
88 84
89 37
92 12
94 4
96 13
96 62
96 65
backbone tree 10, llh: -10847.808994
-1 0
0 9
0 42
0 54
0 71
0 89
6 68
6 85
9 64
11 6
11 29
12 22
15 16
15 34
15 78
15 88
16 41
18 27
22 11
27 17
28 30
28 38
33 75
34 94
36 52
37 51
37 73
40 45
45 31
45 57
50 40
57 77
57 96
62 18
62 28
62 69
62 92
64 93
65 49
71 44
71 46
73 23
73 50
75 25
84 7
84 33
85 15
85 60
88 10
88 36
88 84
89 37
92 12
94 4
96 13
96 62
96 65
backbone tree 11, llh: -10847.809913
-1 0
0 9
0 42
0 54
0 71
0 89
6 68
6 85
7 46
9 64
11 6
12 22
15 16
15 34
15 78
15 88
16 41
18 27
22 11
22 60
27 17
28 30
28 38
33 75
34 94
36 52
37 29
37 51
37 73
40 45
45 31
45 57
50 40
57 77
57 96
62 18
62 28
62 69
62 92
64 93
65 49
71 44
73 23
73 50
75 25
84 7
84 33
85 15
88 10
88 36
88 84
89 37
92 12
94 4
96 13
96 62
96 65
backbone tree 12, llh: -10847.778210
-1 0
0 9
0 42
0 54
0 71
0 89
6 68
6 85
9 64
11 6
12 22
15 16
15 34
15 78
15 88
16 41
18 27
22 11
22 60
27 17
28 30
28 38
33 75
34 94
36 52
37 29
37 51
37 73
40 45
45 31
45 57
50 40
57 77
57 96
62 18
62 28
62 69
62 92
64 93
65 49
71 44
71 46
73 23
73 50
75 25
84 7
84 33
85 15
88 10
88 36
88 84
89 37
92 12
94 4
96 13
96 62
96 65
backbone tree 13, llh: -10847.790188
-1 0
0 9
0 42
0 54
0 71
0 89
6 68
6 85
7 46
9 64
11 6
12 22
15 16
15 34
15 78
15 88
16 41
18 27
22 11
27 17
28 30
28 38
33 75
34 94
36 52
37 29
37 51
37 73
40 45
45 31
45 57
50 40
57 77
57 96
62 18
62 28
62 69
62 92
64 93
65 49
65 60
71 44
73 23
73 50
75 25
84 7
84 33
85 15
88 10
88 36
88 84
89 37
92 12
94 4
96 13
96 62
96 65
backbone tree 14, llh: -10847.758487
-1 0
0 9
0 42
0 54
0 71
0 89
6 68
6 85
9 64
11 6
12 22
15 16
15 34
15 78
15 88
16 41
18 27
22 11
27 17
28 30
28 38
33 75
34 94
36 52
37 29
37 51
37 73
40 45
45 31
45 57
50 40
57 77
57 96
62 18
62 28
62 69
62 92
64 93
65 49
65 60
71 44
71 46
73 23
73 50
75 25
84 7
84 33
85 15
88 10
88 36
88 84
89 37
92 12
94 4
96 13
96 62
96 65
backbone tree 15, llh: -10847.801771
-1 0
0 9
0 42
0 54
0 71
0 89
6 68
6 85
9 64
11 6
12 22
15 16
15 34
15 78
15 88
16 41
18 25
18 27
22 11
27 17
28 30
28 38
33 75
34 94
36 52
37 29
37 51
37 73
40 45
45 31
45 57
50 40
57 77
57 96
62 18
62 28
62 69
62 92
64 93
65 49
71 44
71 46
73 23
73 50
84 7
84 33
85 15
85 60
88 10
88 36
88 84
89 37
92 12
94 4
96 13
96 62
96 65
backbone tree 16, llh: -10847.766011
-1 0
0 9
0 42
0 54
0 71
0 89
6 68
6 85
7 46
9 64
11 6
12 22
15 16
15 34
15 78
15 88
16 41
18 27
22 11
27 17
28 30
28 38
33 75
34 94
36 52
37 29
37 51
37 73
40 45
45 31
45 57
50 40
57 77
57 96
62 18
62 28
62 69
62 92
64 93
65 49
71 44
73 23
73 50
75 25
84 7
84 33
85 15
85 60
88 10
88 36
88 84
89 37
92 12
94 4
96 13
96 62
96 65
backbone tree 17, llh: -10847.734306
-1 0
0 9
0 42
0 54
0 71
0 89
6 68
6 85
9 64
11 6
12 22
15 16
15 34
15 78
15 88
16 41
18 27
22 11
27 17
28 30
28 38
33 75
34 94
36 52
37 29
37 51
37 73
40 45
45 31
45 57
50 40
57 77
57 96
62 18
62 28
62 69
62 92
64 93
65 49
71 44
71 46
73 23
73 50
75 25
84 7
84 33
85 15
85 60
88 10
88 36
88 84
89 37
92 12
94 4
96 13
96 62
96 65
backbone tree 18, llh: -10847.790104
-1 0
0 9
0 42
0 54
0 71
0 89
6 68
6 85
7 46
9 64
11 6
12 22
15 16
15 34
15 78
15 88
16 41
18 27
22 11
22 60
27 17
28 30
28 38
33 75
34 94
36 52
37 51
37 73
40 45
45 31
45 57
50 40
57 77
57 96
62 18
62 28
62 69
62 92
64 93
65 49
71 44
73 23
73 50
75 25
84 7
84 33
85 15
88 10
88 36
88 84
89 29
89 37
92 12
94 4
96 13
96 62
96 65
backbone tree 19, llh: -10847.760868
-1 0
0 9
0 42
0 54
0 71
0 89
6 68
6 85
9 64
11 6
12 22
15 16
15 34
15 78
15 88
16 41
18 27
22 11
22 60
27 17
28 30
28 38
33 75
34 94
36 52
37 51
37 73
40 45
45 31
45 57
50 40
57 77
57 96
62 18
62 28
62 69
62 92
64 93
65 49
71 44
71 46
73 23
73 50
75 25
84 7
84 33
85 15
88 10
88 36
88 84
89 29
89 37
92 12
94 4
96 13
96 62
96 65
backbone tree 20, llh: -10847.805576
-1 0
0 9
0 42
0 54
0 71
0 89
6 68
6 85
9 64
11 6
12 22
15 16
15 34
15 78
15 88
16 41
18 25
18 27
22 11
27 17
28 30
28 38
33 75
34 94
36 52
37 51
37 73
40 45
45 31
45 57
50 40
57 77
57 96
62 18
62 28
62 69
62 92
64 93
65 49
65 60
71 44
71 46
73 23
73 50
84 7
84 33
85 15
88 10
88 36
88 84
89 29
89 37
92 12
94 4
96 13
96 62
96 65
backbone tree 21, llh: -10847.767346
-1 0
0 9
0 42
0 54
0 71
0 89
6 68
6 85
7 46
9 64
11 6
12 22
15 16
15 34
15 78
15 88
16 41
18 27
22 11
27 17
28 30
28 38
33 75
34 94
36 52
37 51
37 73
40 45
45 31
45 57
50 40
57 77
57 96
62 18
62 28
62 69
62 92
64 93
65 49
65 60
71 44
73 23
73 50
75 25
84 7
84 33
85 15
88 10
88 36
88 84
89 29
89 37
92 12
94 4
96 13
96 62
96 65
backbone tree 22, llh: -10847.738111
-1 0
0 9
0 42
0 54
0 71
0 89
6 68
6 85
9 64
11 6
12 22
15 16
15 34
15 78
15 88
16 41
18 27
22 11
27 17
28 30
28 38
33 75
34 94
36 52
37 51
37 73
40 45
45 31
45 57
50 40
57 77
57 96
62 18
62 28
62 69
62 92
64 93
65 49
65 60
71 44
71 46
73 23
73 50
75 25
84 7
84 33
85 15
88 10
88 36
88 84
89 29
89 37
92 12
94 4
96 13
96 62
96 65
backbone tree 23, llh: -10847.813718
-1 0
0 9
0 42
0 54
0 71
0 89
6 68
6 85
7 46
9 64
11 6
12 22
15 16
15 34
15 78
15 88
16 41
18 25
18 27
22 11
27 17
28 30
28 38
33 75
34 94
36 52
37 51
37 73
40 45
45 31
45 57
50 40
57 77
57 96
62 18
62 28
62 69
62 92
64 93
65 49
71 44
73 23
73 50
84 7
84 33
85 15
85 60
88 10
88 36
88 84
89 29
89 37
92 12
94 4
96 13
96 62
96 65
backbone tree 24, llh: -10847.784428
-1 0
0 9
0 42
0 54
0 71
0 89
6 68
6 85
9 64
11 6
12 22
15 16
15 34
15 78
15 88
16 41
18 25
18 27
22 11
27 17
28 30
28 38
33 75
34 94
36 52
37 51
37 73
40 45
45 31
45 57
50 40
57 77
57 96
62 18
62 28
62 69
62 92
64 93
65 49
71 44
71 46
73 23
73 50
84 7
84 33
85 15
85 60
88 10
88 36
88 84
89 29
89 37
92 12
94 4
96 13
96 62
96 65
backbone tree 25, llh: -10847.746203
-1 0
0 9
0 42
0 54
0 71
0 89
6 68
6 85
7 46
9 64
11 6
12 22
15 16
15 34
15 78
15 88
16 41
18 27
22 11
27 17
28 30
28 38
33 75
34 94
36 52
37 51
37 73
40 45
45 31
45 57
50 40
57 77
57 96
62 18
62 28
62 69
62 92
64 93
65 49
71 44
73 23
73 50
75 25
84 7
84 33
85 15
85 60
88 10
88 36
88 84
89 29
89 37
92 12
94 4
96 13
96 62
96 65
backbone tree 26, llh: -10847.716964
-1 0
0 9
0 42
0 54
0 71
0 89
6 68
6 85
9 64
11 6
12 22
15 16
15 34
15 78
15 88
16 41
18 27
22 11
27 17
28 30
28 38
33 75
34 94
36 52
37 51
37 73
40 45
45 31
45 57
50 40
57 77
57 96
62 18
62 28
62 69
62 92
64 93
65 49
71 44
71 46
73 23
73 50
75 25
84 7
84 33
85 15
85 60
88 10
88 36
88 84
89 29
89 37
92 12
94 4
96 13
96 62
96 65
backbone tree 27, llh: -10847.801137
-1 0
0 9
0 42
0 54
0 71
0 89
6 68
6 85
9 64
11 6
12 22
15 16
15 34
15 78
15 88
18 27
22 11
22 93
27 17
28 30
28 38
33 75
34 94
36 52
37 29
37 51
37 73
40 45
45 31
45 57
50 40
54 41
57 77
57 96
62 18
62 28
62 69
62 92
65 49
71 44
71 46
73 23
73 50
75 25
84 7
84 33
85 15
85 60
88 10
88 36
88 84
89 37
92 12
94 4
96 13
96 62
96 65
backbone tree 28, llh: -10847.807482
-1 0
0 9
0 42
0 54
0 71
0 89
6 68
6 85
9 64
11 6
12 22
15 16
15 34
15 78
15 88
18 27
22 11
22 93
27 17
28 30
28 38
33 75
34 94
36 52
37 51
37 73
40 45
45 31
45 57
50 40
54 41
57 77
57 96
62 18
62 28
62 69
62 92
65 49
65 60
71 44
71 46
73 23
73 50
75 25
84 7
84 33
85 15
88 10
88 36
88 84
89 29
89 37
92 12
94 4
96 13
96 62
96 65
backbone tree 29, llh: -10847.815010
-1 0
0 9
0 42
0 54
0 71
0 89
6 68
6 85
7 46
9 64
11 6
12 22
15 16
15 34
15 78
15 88
18 27
22 11
22 93
27 17
28 30
28 38
33 75
34 94
36 52
37 51
37 73
40 45
45 31
45 57
50 40
54 41
57 77
57 96
62 18
62 28
62 69
62 92
65 49
71 44
73 23
73 50
75 25
84 7
84 33
85 15
85 60
88 10
88 36
88 84
89 29
89 37
92 12
94 4
96 13
96 62
96 65
backbone tree 30, llh: -10847.786139
-1 0
0 9
0 42
0 54
0 71
0 89
6 68
6 85
9 64
11 6
12 22
15 16
15 34
15 78
15 88
18 27
22 11
22 93
27 17
28 30
28 38
33 75
34 94
36 52
37 51
37 73
40 45
45 31
45 57
50 40
54 41
57 77
57 96
62 18
62 28
62 69
62 92
65 49
71 44
71 46
73 23
73 50
75 25
84 7
84 33
85 15
85 60
88 10
88 36
88 84
89 29
89 37
92 12
94 4
96 13
96 62
96 65
backbone tree 31, llh: -10847.809006
-1 0
0 9
0 42
0 54
0 71
0 89
6 68
6 85
9 64
11 6
11 29
12 22
15 16
15 34
15 78
15 88
18 27
22 11
27 17
28 30
28 38
33 75
34 94
36 52
37 51
37 73
40 45
45 31
45 57
50 40
54 41
57 77
57 96
62 18
62 28
62 69
62 92
64 93
65 49
65 60
71 44
71 46
73 23
73 50
75 25
84 7
84 33
85 15
88 10
88 36
88 84
89 37
92 12
94 4
96 13
96 62
96 65
backbone tree 32, llh: -10847.810563
-1 0
0 9
0 42
0 54
0 71
0 89
6 68
6 85
9 64
11 6
12 22
15 16
15 34
15 78
15 88
18 27
22 11
22 60
27 17
28 30
28 38
33 75
34 94
36 52
37 29
37 51
37 73
40 45
45 31
45 57
50 40
54 41
57 77
57 96
62 18
62 28
62 69
62 92
64 93
65 49
71 44
71 46
73 23
73 50
75 25
84 7
84 33
85 15
88 10
88 36
88 84
89 37
92 12
94 4
96 13
96 62
96 65
backbone tree 33, llh: -10847.820766
-1 0
0 9
0 42
0 54
0 71
0 89
6 68
6 85
7 46
9 64
11 6
12 22
15 16
15 34
15 78
15 88
18 27
22 11
27 17
28 30
28 38
33 75
34 94
36 52
37 29
37 51
37 73
40 45
45 31
45 57
50 40
54 41
57 77
57 96
62 18
62 28
62 69
62 92
64 93
65 49
65 60
71 44
73 23
73 50
75 25
84 7
84 33
85 15
88 10
88 36
88 84
89 37
92 12
94 4
96 13
96 62
96 65
backbone tree 34, llh: -10847.790843
-1 0
0 9
0 42
0 54
0 71
0 89
6 68
6 85
9 64
11 6
12 22
15 16
15 34
15 78
15 88
18 27
22 11
27 17
28 30
28 38
33 75
34 94
36 52
37 29
37 51
37 73
40 45
45 31
45 57
50 40
54 41
57 77
57 96
62 18
62 28
62 69
62 92
64 93
65 49
65 60
71 44
71 46
73 23
73 50
75 25
84 7
84 33
85 15
88 10
88 36
88 84
89 37
92 12
94 4
96 13
96 62
96 65
backbone tree 35, llh: -10847.796528
-1 0
0 9
0 42
0 54
0 71
0 89
6 68
6 85
7 46
9 64
11 6
12 22
15 16
15 34
15 78
15 88
18 27
22 11
27 17
28 30
28 38
33 75
34 94
36 52
37 29
37 51
37 73
40 45
45 31
45 57
50 40
54 41
57 77
57 96
62 18
62 28
62 69
62 92
64 93
65 49
71 44
73 23
73 50
75 25
84 7
84 33
85 15
85 60
88 10
88 36
88 84
89 37
92 12
94 4
96 13
96 62
96 65
backbone tree 36, llh: -10847.766602
-1 0
0 9
0 42
0 54
0 71
0 89
6 68
6 85
9 64
11 6
12 22
15 16
15 34
15 78
15 88
18 27
22 11
27 17
28 30
28 38
33 75
34 94
36 52
37 29
37 51
37 73
40 45
45 31
45 57
50 40
54 41
57 77
57 96
62 18
62 28
62 69
62 92
64 93
65 49
71 44
71 46
73 23
73 50
75 25
84 7
84 33
85 15
85 60
88 10
88 36
88 84
89 37
92 12
94 4
96 13
96 62
96 65
backbone tree 37, llh: -10847.796736
-1 0
0 9
0 42
0 54
0 71
0 89
6 68
6 85
9 64
11 6
12 22
15 16
15 34
15 78
15 88
18 27
22 11
22 60
27 17
28 30
28 38
33 75
34 94
36 52
37 51
37 73
40 45
45 31
45 57
50 40
54 41
57 77
57 96
62 18
62 28
62 69
62 92
64 93
65 49
71 44
71 46
73 23
73 50
75 25
84 7
84 33
85 15
88 10
88 36
88 84
89 29
89 37
92 12
94 4
96 13
96 62
96 65
backbone tree 38, llh: -10847.801438
-1 0
0 9
0 42
0 54
0 71
0 89
6 68
6 85
7 46
9 64
11 6
12 22
15 16
15 34
15 78
15 88
18 27
22 11
27 17
28 30
28 38
33 75
34 94
36 52
37 51
37 73
40 45
45 31
45 57
50 40
54 41
57 77
57 96
62 18
62 28
62 69
62 92
64 93
65 49
65 60
71 44
73 23
73 50
75 25
84 7
84 33
85 15
88 10
88 36
88 84
89 29
89 37
92 12
94 4
96 13
96 62
96 65
backbone tree 39, llh: -10847.773982
-1 0
0 9
0 42
0 54
0 71
0 89
6 68
6 85
9 64
11 6
12 22
15 16
15 34
15 78
15 88
18 27
22 11
27 17
28 30
28 38
33 75
34 94
36 52
37 51
37 73
40 45
45 31
45 57
50 40
54 41
57 77
57 96
62 18
62 28
62 69
62 92
64 93
65 49
65 60
71 44
71 46
73 23
73 50
75 25
84 7
84 33
85 15
88 10
88 36
88 84
89 29
89 37
92 12
94 4
96 13
96 62
96 65
backbone tree 40, llh: -10847.820239
-1 0
0 9
0 42
0 54
0 71
0 89
6 68
6 85
9 64
11 6
12 22
15 16
15 34
15 78
15 88
18 25
18 27
22 11
27 17
28 30
28 38
33 75
34 94
36 52
37 51
37 73
40 45
45 31
45 57
50 40
54 41
57 77
57 96
62 18
62 28
62 69
62 92
64 93
65 49
71 44
71 46
73 23
73 50
84 7
84 33
85 15
85 60
88 10
88 36
88 84
89 29
89 37
92 12
94 4
96 13
96 62
96 65
backbone tree 41, llh: -10847.780234
-1 0
0 9
0 42
0 54
0 71
0 89
6 68
6 85
7 46
9 64
11 6
12 22
15 16
15 34
15 78
15 88
18 27
22 11
27 17
28 30
28 38
33 75
34 94
36 52
37 51
37 73
40 45
45 31
45 57
50 40
54 41
57 77
57 96
62 18
62 28
62 69
62 92
64 93
65 49
71 44
73 23
73 50
75 25
84 7
84 33
85 15
85 60
88 10
88 36
88 84
89 29
89 37
92 12
94 4
96 13
96 62
96 65
backbone tree 42, llh: -10847.752775
-1 0
0 9
0 42
0 54
0 71
0 89
6 68
6 85
9 64
11 6
12 22
15 16
15 34
15 78
15 88
18 27
22 11
27 17
28 30
28 38
33 75
34 94
36 52
37 51
37 73
40 45
45 31
45 57
50 40
54 41
57 77
57 96
62 18
62 28
62 69
62 92
64 93
65 49
71 44
71 46
73 23
73 50
75 25
84 7
84 33
85 15
85 60
88 10
88 36
88 84
89 29
89 37
92 12
94 4
96 13
96 62
96 65
