# 6 backbone trees, 64 mutations
backbone tree 0, llh: -10056.076235
-1 0
0 44
0 63
0 74
4 29
4 84
9 19
9 70
10 48
10 87
11 55
19 28
19 64
19 90
21 9
25 12
25 88
26 99
28 71
29 23
31 83
32 7
32 91
34 66
35 10
35 60
35 81
41 5
41 53
41 92
44 77
45 26
45 80
46 11
46 30
48 45
48 93
49 40
51 57
52 67
55 49
56 17
60 56
63 35
65 25
67 32
69 46
70 34
70 39
70 65
71 69
74 52
83 51
83 82
84 85
85 58
87 21
87 41
88 4
88 68
90 62
91 31
92 2
92 54
backbone tree 1, llh: -10055.997780
-1 0
0 44
0 63
0 74
4 29
4 84
9 19
9 70
10 48
10 87
11 55
19 28
19 64
19 90
21 9
25 12
25 88
28 71
29 23
31 83
32 7
32 91
34 66
35 10
35 60
35 81
41 5
41 53
41 92
44 77
45 26
45 68
45 80
46 11
46 30
48 45
48 93
49 40
51 57
52 67
53 99
55 49
56 17
60 56
63 35
65 25
67 32
69 46
70 34
70 39
70 65
71 69
74 52
83 51
83 82
84 85
85 58
87 21
87 41
88 4
90 62
91 31
92 2
92 54
backbone tree 2, llh: -10056.043497
-1 0
0 44
0 63
0 74
4 29
4 84
9 19
9 70
10 48
10 87
11 55
19 28
19 64
19 90
21 9
25 12
25 88
28 71
29 23
31 83
32 7
32 91
34 66
35 10
35 60
35 81
41 5
41 53
41 92
44 77
45 26
45 80
46 11
46 30
48 45
48 68
48 93
49 40
51 57
52 67
53 99
55 49
56 17
60 56
63 35
65 25
67 32
69 46
70 34
70 39
70 65
71 69
74 52
83 51
83 82
84 85
85 58
87 21
87 41
88 4
90 62
91 31
92 2
92 54
backbone tree 3, llh: -10055.996632
-1 0
0 44
0 63
0 74
4 29
4 84
9 19
9 70
10 48
10 87
11 55
19 28
19 64
19 90
21 9
25 12
25 88
28 71
29 23
31 83
32 7
32 91
34 66
35 10
35 60
35 81
41 5
41 53
41 92
44 77
45 26
45 80
46 11
46 30
48 45
48 93
49 40
51 57
52 67
53 99
55 49
56 17
60 56
63 35
65 25
67 32
69 46
70 34
70 39
70 65
71 69
74 52
83 51
83 82
84 85
85 58
87 21
87 41
88 4
88 68
90 62
91 31
92 2
92 54
backbone tree 4, llh: -10056.080021
-1 0
0 44
0 63
0 74
4 29
4 84
9 19
9 70
10 48
10 87
11 55
19 28
19 90
21 9
25 12
25 88
28 71
29 23
31 83
32 7
32 91
34 66
35 10
35 60
35 81
41 5
41 53
41 92
44 77
45 26
45 68
45 80
46 11
46 30
48 45
48 93
49 40
51 57
51 64
52 67
53 99
55 49
56 17
60 56
63 35
65 25
67 32
69 46
70 34
70 39
70 65
71 69
74 52
83 51
83 82
84 85
85 58
87 21
87 41
88 4
90 62
91 31
92 2
92 54
backbone tree 5, llh: -10056.076799
-1 0
0 44
0 63
0 74
4 29
4 84
9 19
9 70
10 48
10 87
11 55
19 28
19 90
21 9
25 12
25 88
28 71
29 23
31 83
32 7
32 91
34 66
35 10
35 60
35 81
41 5
41 53
41 92
44 77
45 26
45 80
46 11
46 30
48 45
48 93
49 40
51 57
51 64
52 67
53 99
55 49
56 17
60 56
63 35
65 25
67 32
69 46
70 34
70 39
70 65
71 69
74 52
83 51
83 82
84 85
85 58
87 21
87 41
88 4
88 68
90 62
91 31
92 2
92 54
