# 41 backbone trees, 75 mutations
backbone tree 0, llh: -15121.416620
-1 0
0 10
0 49
0 85
1 43
1 70
3 68
4 64
5 52
5 80
5 81
5 84
7 36
9 26
9 30
10 7
10 56
11 83
11 89
14 22
21 11
21 25
21 53
21 69
22 2
22 21
22 75
24 20
25 63
26 78
29 14
33 47
33 58
33 76
36 19
36 67
40 1
40 41
40 42
42 48
43 28
47 99
48 9
48 86
49 32
50 5
56 15
56 34
56 71
57 59
57 87
62 8
63 66
65 62
65 72
65 77
66 31
66 82
67 33
68 29
69 37
70 57
70 91
73 65
75 4
76 3
76 79
77 40
78 16
78 50
79 46
80 96
82 73
85 24
85 90
backbone tree 1, llh: -15121.390063
-1 0
0 10
0 49
0 85
1 43
1 70
3 68
4 64
5 52
5 80
5 81
5 84
7 36
9 26
9 30
10 7
10 56
11 83
11 89
14 22
21 11
21 25
21 53
21 69
22 2
22 21
22 75
24 20
25 63
26 78
29 14
33 47
33 58
33 76
36 19
36 67
40 1
40 41
40 42
42 48
43 28
47 99
48 9
48 86
49 8
50 5
56 15
56 34
56 71
57 59
57 87
63 66
65 62
65 72
65 77
66 31
66 82
67 33
68 29
69 37
70 57
70 91
73 65
75 4
76 3
76 79
77 40
78 16
78 50
79 46
80 96
81 32
82 73
85 24
85 90
backbone tree 2, llh: -15121.446288
-1 0
0 10
0 49
0 85
1 43
1 70
3 68
4 64
5 52
5 80
5 81
5 84
7 36
9 26
9 30
10 7
10 56
11 83
11 89
14 22
21 11
21 25
21 53
21 69
22 2
22 21
22 75
24 20
25 63
26 78
29 14
33 47
33 58
33 76
36 19
36 67
40 1
40 41
40 42
42 48
43 28
47 99
48 9
48 86
49 8
50 5
56 15
56 34
57 59
57 87
63 66
65 62
65 72
65 77
66 31
66 82
67 33
68 29
69 37
70 57
70 91
73 65
75 4
76 3
76 79
77 40
78 16
78 50
79 46
80 96
81 32
82 73
85 24
85 90
91 71
backbone tree 3, llh: -15121.438363
-1 0
0 10
0 49
0 85
1 43
1 70
3 68
4 64
5 52
5 80
5 81
5 84
7 36
9 26
9 30
10 7
10 56
11 83
11 89
14 22
21 11
21 25
21 53
21 69
22 2
22 21
22 75
24 20
25 63
26 78
29 14
33 47
33 58
33 76
36 19
36 67
40 1
40 41
40 42
42 48
43 28
47 99
48 9
48 86
50 5
56 15
56 34
56 71
57 59
57 87
62 8
63 66
65 62
65 72
65 77
66 31
66 82
67 33
68 29
69 37
70 57
70 91
73 65
75 4
76 3
76 79
77 40
78 16
78 50
79 46
80 96
81 32
82 73
85 24
85 90
backbone tree 4, llh: -15121.447118
-1 0
0 10
0 49
0 85
1 43
1 70
3 68
4 64
5 52
5 80
5 81
5 84
7 36
9 26
9 30
10 7
10 56
11 20
11 89
14 22
21 11
21 25
21 53
21 69
22 2
22 21
22 75
24 83
25 63
26 78
29 14
33 47
33 58
33 76
36 19
36 67
40 1
40 41
40 42
42 48
43 28
47 99
48 9
48 86
49 32
50 5
56 15
56 34
56 71
57 59
57 87
62 8
63 66
65 62
65 72
65 77
66 31
66 82
67 33
68 29
69 37
70 57
70 91
73 65
75 4
76 3
76 79
77 40
78 16
78 50
79 46
80 96
82 73
85 24
85 90
backbone tree 5, llh: -15121.420543
-1 0
0 10
0 49
0 85
1 43
1 70
3 68
4 64
5 52
5 80
5 81
5 84
7 36
9 26
9 30
10 7
10 56
11 20
11 89
14 22
21 11
21 25
21 53
21 69
22 2
22 21
22 75
24 83
25 63
26 78
29 14
33 47
33 58
33 76
36 19
36 67
40 1
40 41
40 42
42 48
43 28
47 99
48 9
48 86
49 8
50 5
56 15
56 34
56 71
57 59
57 87
63 66
65 62
65 72
65 77
66 31
66 82
67 33
68 29
69 37
70 57
70 91
73 65
75 4
76 3
76 79
77 40
78 16
78 50
79 46
80 96
81 32
82 73
85 24
85 90
backbone tree 6, llh: -15121.441685
-1 0
0 10
0 49
0 85
1 43
1 70
3 68
4 64
5 52
5 80
5 81
5 84
7 36
9 26
9 30
10 7
10 56
11 20
11 83
11 89
14 22
21 11
21 25
21 69
22 2
22 21
22 75
25 63
26 78
29 14
33 47
33 58
33 76
36 19
36 67
40 1
40 41
40 42
42 48
43 28
47 99
48 9
48 86
49 32
50 5
56 15
56 34
56 71
57 59
57 87
62 8
63 66
65 62
65 72
65 77
66 31
66 82
67 33
68 29
69 37
69 53
70 57
70 91
73 65
75 4
76 3
76 79
77 40
78 16
78 50
79 46
80 96
82 73
85 24
85 90
backbone tree 7, llh: -15121.415110
-1 0
0 10
0 49
0 85
1 43
1 70
3 68
4 64
5 52
5 80
5 81
5 84
7 36
9 26
9 30
10 7
10 56
11 20
11 83
11 89
14 22
21 11
21 25
21 69
22 2
22 21
22 75
25 63
26 78
29 14
33 47
33 58
33 76
36 19
36 67
40 1
40 41
40 42
42 48
43 28
47 99
48 9
48 86
49 8
50 5
56 15
56 34
56 71
57 59
57 87
63 66
65 62
65 72
65 77
66 31
66 82
67 33
68 29
69 37
69 53
70 57
70 91
73 65
75 4
76 3
76 79
77 40
78 16
78 50
79 46
80 96
81 32
82 73
85 24
85 90
backbone tree 8, llh: -15121.448523
-1 0
0 10
0 49
0 85
1 43
1 70
3 68
4 64
5 52
5 80
5 81
5 84
7 36
9 26
9 30
10 7
10 56
11 71
11 83
11 89
14 22
21 11
21 25
21 69
22 2
22 21
22 75
24 20
25 63
26 78
29 14
33 47
33 58
33 76
36 19
36 67
40 1
40 41
40 42
42 48
43 28
47 99
48 9
48 86
49 32
50 5
56 15
56 34
57 59
57 87
62 8
63 66
65 62
65 72
65 77
66 31
66 82
67 33
68 29
69 37
69 53
70 57
70 91
73 65
75 4
76 3
76 79
77 40
78 16
78 50
79 46
80 96
82 73
85 24
85 90
backbone tree 9, llh: -15121.374583
-1 0
0 10
0 49
0 85
1 43
1 70
3 68
4 64
5 52
5 80
5 81
5 84
7 36
9 26
9 30
10 7
10 56
11 83
11 89
14 22
21 11
21 25
21 69
22 2
22 21
22 75
24 20
25 63
26 78
29 14
33 47
33 58
33 76
36 19
36 67
40 1
40 41
40 42
42 48
43 28
47 99
48 9
48 86
49 32
50 5
56 15
56 34
56 71
57 59
57 87
62 8
63 66
65 62
65 72
65 77
66 31
66 82
67 33
68 29
69 37
69 53
70 57
70 91
73 65
75 4
76 3
76 79
77 40
78 16
78 50
79 46
80 96
82 73
85 24
85 90
backbone tree 10, llh: -15121.431064
-1 0
0 10
0 49
0 85
1 43
1 70
3 68
4 64
5 52
5 80
5 81
5 84
7 36
9 26
9 30
10 7
10 56
11 83
11 89
14 22
21 11
21 25
21 69
22 2
22 21
22 75
24 20
25 63
26 78
29 14
33 47
33 58
33 76
36 19
36 67
40 1
40 41
40 42
42 48
43 28
47 99
48 9
48 86
49 32
50 5
56 15
56 34
57 59
57 87
62 8
63 66
65 62
65 72
65 77
66 31
66 82
67 33
68 29
69 37
69 53
70 57
70 91
73 65
75 4
76 3
76 79
77 40
78 16
78 50
79 46
80 96
82 73
85 24
85 90
91 71
backbone tree 11, llh: -15121.421967
-1 0
0 10
0 49
0 85
1 43
1 70
3 68
4 64
5 52
5 80
5 81
5 84
7 36
9 26
9 30
10 7
10 56
11 71
11 83
11 89
14 22
21 11
21 25
21 69
22 2
22 21
22 75
24 20
25 63
26 78
29 14
33 47
33 58
33 76
36 19
36 67
40 1
40 41
40 42
42 48
43 28
47 99
48 9
48 86
49 8
50 5
56 15
56 34
57 59
57 87
63 66
65 62
65 72
65 77
66 31
66 82
67 33
68 29
69 37
69 53
70 57
70 91
73 65
75 4
76 3
76 79
77 40
78 16
78 50
79 46
80 96
81 32
82 73
85 24
85 90
backbone tree 12, llh: -15121.348026
-1 0
0 10
0 49
0 85
1 43
1 70
3 68
4 64
5 52
5 80
5 81
5 84
7 36
9 26
9 30
10 7
10 56
11 83
11 89
14 22
21 11
21 25
21 69
22 2
22 21
22 75
24 20
25 63
26 78
29 14
33 47
33 58
33 76
36 19
36 67
40 1
40 41
40 42
42 48
43 28
47 99
48 9
48 86
49 8
50 5
56 15
56 34
56 71
57 59
57 87
63 66
65 62
65 72
65 77
66 31
66 82
67 33
68 29
69 37
69 53
70 57
70 91
73 65
75 4
76 3
76 79
77 40
78 16
78 50
79 46
80 96
81 32
82 73
85 24
85 90
backbone tree 13, llh: -15121.404257
-1 0
0 10
0 49
0 85
1 43
1 70
3 68
4 64
5 52
5 80
5 81
5 84
7 36
9 26
9 30
10 7
10 56
11 83
11 89
14 22
21 11
21 25
21 69
22 2
22 21
22 75
24 20
25 63
26 78
29 14
33 47
33 58
33 76
36 19
36 67
40 1
40 41
40 42
42 48
43 28
47 99
48 9
48 86
49 8
50 5
56 15
56 34
57 59
57 87
63 66
65 62
65 72
65 77
66 31
66 82
67 33
68 29
69 37
69 53
70 57
70 91
73 65
75 4
76 3
76 79
77 40
78 16
78 50
79 46
80 96
81 32
82 73
85 24
85 90
91 71
backbone tree 14, llh: -15121.451333
-1 0
0 10
0 49
0 85
1 43
1 70
3 68
4 64
5 52
5 80
5 81
5 84
7 36
9 26
9 30
10 7
10 56
11 83
11 89
14 22
21 11
21 25
21 69
22 2
22 21
22 75
24 20
25 63
26 78
29 14
33 47
33 76
36 19
36 67
40 1
40 41
40 42
42 48
43 28
47 99
48 9
48 86
49 8
50 5
56 15
56 34
56 71
57 59
57 87
63 66
65 62
65 72
65 77
66 31
66 82
67 33
67 58
68 29
69 37
69 53
70 57
70 91
73 65
75 4
76 3
76 79
77 40
78 16
78 50
79 46
80 96
81 32
82 73
85 24
85 90
backbone tree 15, llh: -15121.396326
-1 0
0 10
0 49
0 85
1 43
1 70
3 68
4 64
5 52
5 80
5 81
5 84
7 36
9 26
9 30
10 7
10 56
11 83
11 89
14 22
21 11
21 25
21 69
22 2
22 21
22 75
24 20
25 63
26 78
29 14
33 47
33 58
33 76
36 19
36 67
40 1
40 41
40 42
42 48
43 28
47 99
48 9
48 86
50 5
56 15
56 34
56 71
57 59
57 87
62 8
63 66
65 62
65 72
65 77
66 31
66 82
67 33
68 29
69 37
69 53
70 57
70 91
73 65
75 4
76 3
76 79
77 40
78 16
78 50
79 46
80 96
81 32
82 73
85 24
85 90
backbone tree 16, llh: -15121.452807
-1 0
0 10
0 49
0 85
1 43
1 70
3 68
4 64
5 52
5 80
5 81
5 84
7 36
9 26
9 30
10 7
10 56
11 83
11 89
14 22
21 11
21 25
21 69
22 2
22 21
22 75
24 20
25 63
26 78
29 14
33 47
33 58
33 76
36 19
36 67
40 1
40 41
40 42
42 48
43 28
47 99
48 9
48 86
50 5
56 15
56 34
57 59
57 87
62 8
63 66
65 62
65 72
65 77
66 31
66 82
67 33
68 29
69 37
69 53
70 57
70 91
73 65
75 4
76 3
76 79
77 40
78 16
78 50
79 46
80 96
81 32
82 73
85 24
85 90
91 71
backbone tree 17, llh: -15121.405078
-1 0
0 10
0 49
0 85
1 43
1 70
3 68
4 64
5 52
5 80
5 81
5 84
7 36
9 26
9 30
10 7
10 56
11 20
11 89
14 22
21 11
21 25
21 69
22 2
22 21
22 75
24 83
25 63
26 78
29 14
33 47
33 58
33 76
36 19
36 67
40 1
40 41
40 42
42 48
43 28
47 99
48 9
48 86
49 32
50 5
56 15
56 34
56 71
57 59
57 87
62 8
63 66
65 62
65 72
65 77
66 31
66 82
67 33
68 29
69 37
69 53
70 57
70 91
73 65
75 4
76 3
76 79
77 40
78 16
78 50
79 46
80 96
82 73
85 24
85 90
backbone tree 18, llh: -15121.378503
-1 0
0 10
0 49
0 85
1 43
1 70
3 68
4 64
5 52
5 80
5 81
5 84
7 36
9 26
9 30
10 7
10 56
11 20
11 89
14 22
21 11
21 25
21 69
22 2
22 21
22 75
24 83
25 63
26 78
29 14
33 47
33 58
33 76
36 19
36 67
40 1
40 41
40 42
42 48
43 28
47 99
48 9
48 86
49 8
50 5
56 15
56 34
56 71
57 59
57 87
63 66
65 62
65 72
65 77
66 31
66 82
67 33
68 29
69 37
69 53
70 57
70 91
73 65
75 4
76 3
76 79
77 40
78 16
78 50
79 46
80 96
81 32
82 73
85 24
85 90
backbone tree 19, llh: -15121.434733
-1 0
0 10
0 49
0 85
1 43
1 70
3 68
4 64
5 52
5 80
5 81
5 84
7 36
9 26
9 30
10 7
10 56
11 20
11 89
14 22
21 11
21 25
21 69
22 2
22 21
22 75
24 83
25 63
26 78
29 14
33 47
33 58
33 76
36 19
36 67
40 1
40 41
40 42
42 48
43 28
47 99
48 9
48 86
49 8
50 5
56 15
56 34
57 59
57 87
63 66
65 62
65 72
65 77
66 31
66 82
67 33
68 29
69 37
69 53
70 57
70 91
73 65
75 4
76 3
76 79
77 40
78 16
78 50
79 46
80 96
81 32
82 73
85 24
85 90
91 71
backbone tree 20, llh: -15121.426875
-1 0
0 10
0 49
0 85
1 43
1 70
3 68
4 64
5 52
5 80
5 81
5 84
7 36
9 26
9 30
10 7
10 56
11 20
11 89
14 22
21 11
21 25
21 69
22 2
22 21
22 75
24 83
25 63
26 78
29 14
33 47
33 58
33 76
36 19
36 67
40 1
40 41
40 42
42 48
43 28
47 99
48 9
48 86
50 5
56 15
56 34
56 71
57 59
57 87
62 8
63 66
65 62
65 72
65 77
66 31
66 82
67 33
68 29
69 37
69 53
70 57
70 91
73 65
75 4
76 3
76 79
77 40
78 16
78 50
79 46
80 96
81 32
82 73
85 24
85 90
backbone tree 21, llh: -15121.443509
-1 0
0 10
0 49
0 85
1 43
1 70
3 68
4 64
5 52
5 80
5 84
7 36
9 26
9 30
10 7
10 56
11 83
11 89
14 22
21 11
21 25
21 69
22 2
22 21
22 75
24 20
25 63
26 78
29 14
33 47
33 58
33 76
36 19
36 67
40 1
40 41
40 42
42 48
43 28
47 99
48 9
48 86
49 32
50 5
56 15
56 34
56 71
57 59
57 87
62 8
63 66
65 62
65 72
65 77
66 31
66 82
67 33
68 29
69 37
69 53
70 57
70 91
73 65
75 4
76 3
76 79
77 40
78 16
78 50
78 81
79 46
80 96
82 73
85 24
85 90
backbone tree 22, llh: -15121.407513
-1 0
0 10
0 49
0 85
1 43
1 70
3 68
4 64
5 52
5 80
5 84
7 36
9 26
9 30
10 7
10 56
11 83
11 89
14 22
21 11
21 25
21 69
22 2
22 21
22 75
24 20
25 63
26 78
29 14
33 47
33 58
33 76
36 19
36 67
40 1
40 41
40 42
42 48
43 28
47 99
48 9
48 86
49 8
50 5
56 15
56 34
56 71
57 59
57 87
63 66
65 62
65 72
65 77
66 31
66 82
67 33
68 29
69 37
69 53
70 57
70 91
73 65
75 4
76 3
76 79
77 40
78 16
78 50
78 81
79 46
80 96
81 32
82 73
85 24
85 90
backbone tree 23, llh: -15121.419987
-1 0
0 10
0 49
0 85
1 43
1 70
3 68
4 64
5 52
5 80
5 81
5 84
7 36
9 26
9 30
10 7
10 56
11 83
11 89
14 22
21 11
21 25
21 53
21 69
22 2
22 21
22 75
24 20
25 63
26 78
29 14
33 47
33 58
33 76
36 19
36 67
40 1
40 42
42 48
43 28
47 99
48 9
48 86
49 32
50 5
56 15
56 34
56 71
57 59
57 87
62 8
63 66
65 62
65 72
65 77
66 31
66 82
67 33
68 29
69 37
69 41
70 57
70 91
73 65
75 4
76 3
76 79
77 40
78 16
78 50
79 46
80 96
82 73
85 24
85 90
backbone tree 24, llh: -15121.396895
-1 0
0 10
0 49
0 85
1 43
1 70
3 68
4 64
5 52
5 80
5 81
5 84
7 36
9 26
9 30
10 7
10 56
11 83
11 89
14 22
21 11
21 25
21 53
21 69
22 2
22 21
22 75
24 20
25 63
26 78
29 14
33 47
33 58
33 76
36 19
36 67
40 1
40 42
42 48
43 28
47 99
48 9
48 86
49 8
50 5
56 15
56 34
56 71
57 59
57 87
63 66
65 62
65 72
65 77
66 31
66 82
67 33
68 29
69 37
69 41
70 57
70 91
73 65
75 4
76 3
76 79
77 40
78 16
78 50
79 46
80 96
81 32
82 73
85 24
85 90
backbone tree 25, llh: -15121.453109
-1 0
0 10
0 49
0 85
1 43
1 70
3 68
4 64
5 52
5 80
5 81
5 84
7 36
9 26
9 30
10 7
10 56
11 83
11 89
14 22
21 11
21 25
21 53
21 69
22 2
22 21
22 75
24 20
25 63
26 78
29 14
33 47
33 58
33 76
36 19
36 67
40 1
40 42
42 48
43 28
47 99
48 9
48 86
49 8
50 5
56 15
56 34
57 59
57 87
63 66
65 62
65 72
65 77
66 31
66 82
67 33
68 29
69 37
69 41
70 57
70 91
73 65
75 4
76 3
76 79
77 40
78 16
78 50
79 46
80 96
81 32
82 73
85 24
85 90
91 71
backbone tree 26, llh: -15121.441730
-1 0
0 10
0 49
0 85
1 43
1 70
3 68
4 64
5 52
5 80
5 81
5 84
7 36
9 26
9 30
10 7
10 56
11 83
11 89
14 22
21 11
21 25
21 53
21 69
22 2
22 21
22 75
24 20
25 63
26 78
29 14
33 47
33 58
33 76
36 19
36 67
40 1
40 42
42 48
43 28
47 99
48 9
48 86
50 5
56 15
56 34
56 71
57 59
57 87
62 8
63 66
65 62
65 72
65 77
66 31
66 82
67 33
68 29
69 37
69 41
70 57
70 91
73 65
75 4
76 3
76 79
77 40
78 16
78 50
79 46
80 96
81 32
82 73
85 24
85 90
backbone tree 27, llh: -15121.450488
-1 0
0 10
0 49
0 85
1 43
1 70
3 68
4 64
5 52
5 80
5 81
5 84
7 36
9 26
9 30
10 7
10 56
11 20
11 89
14 22
21 11
21 25
21 53
21 69
22 2
22 21
22 75
24 83
25 63
26 78
29 14
33 47
33 58
33 76
36 19
36 67
40 1
40 42
42 48
43 28
47 99
48 9
48 86
49 32
50 5
56 15
56 34
56 71
57 59
57 87
62 8
63 66
65 62
65 72
65 77
66 31
66 82
67 33
68 29
69 37
69 41
70 57
70 91
73 65
75 4
76 3
76 79
77 40
78 16
78 50
79 46
80 96
82 73
85 24
85 90
backbone tree 28, llh: -15121.427378
-1 0
0 10
0 49
0 85
1 43
1 70
3 68
4 64
5 52
5 80
5 81
5 84
7 36
9 26
9 30
10 7
10 56
11 20
11 89
14 22
21 11
21 25
21 53
21 69
22 2
22 21
22 75
24 83
25 63
26 78
29 14
33 47
33 58
33 76
36 19
36 67
40 1
40 42
42 48
43 28
47 99
48 9
48 86
49 8
50 5
56 15
56 34
56 71
57 59
57 87
63 66
65 62
65 72
65 77
66 31
66 82
67 33
68 29
69 37
69 41
70 57
70 91
73 65
75 4
76 3
76 79
77 40
78 16
78 50
79 46
80 96
81 32
82 73
85 24
85 90
backbone tree 29, llh: -15121.382884
-1 0
0 10
0 49
0 85
1 43
1 70
3 68
4 64
5 52
5 80
5 81
5 84
7 36
9 26
9 30
10 7
10 56
11 83
11 89
14 22
21 11
21 25
21 69
22 2
22 21
22 75
24 20
25 63
26 78
29 14
33 47
33 58
33 76
36 19
36 67
40 1
40 42
42 48
43 28
47 99
48 9
48 86
49 32
50 5
56 15
56 34
56 71
57 59
57 87
62 8
63 66
65 62
65 72
65 77
66 31
66 82
67 33
68 29
69 37
69 41
69 53
70 57
70 91
73 65
75 4
76 3
76 79
77 40
78 16
78 50
79 46
80 96
82 73
85 24
85 90
backbone tree 30, llh: -15121.439354
-1 0
0 10
0 49
0 85
1 43
1 70
3 68
4 64
5 52
5 80
5 81
5 84
7 36
9 26
9 30
10 7
10 56
11 83
11 89
14 22
21 11
21 25
21 69
22 2
22 21
22 75
24 20
25 63
26 78
29 14
33 47
33 58
33 76
36 19
36 67
40 1
40 42
42 48
43 28
47 99
48 9
48 86
49 32
50 5
56 15
56 34
57 59
57 87
62 8
63 66
65 62
65 72
65 77
66 31
66 82
67 33
68 29
69 37
69 41
69 53
70 57
70 91
73 65
75 4
76 3
76 79
77 40
78 16
78 50
79 46
80 96
82 73
85 24
85 90
91 71
backbone tree 31, llh: -15121.440908
-1 0
0 10
0 49
0 85
1 43
1 70
3 68
4 64
5 52
5 80
5 81
5 84
7 36
9 26
9 30
10 7
10 56
11 71
11 83
11 89
14 22
21 11
21 25
21 69
22 2
22 21
22 75
24 20
25 63
26 78
29 14
33 47
33 58
33 76
36 19
36 67
40 1
40 42
42 48
43 28
47 99
48 9
48 86
49 8
50 5
56 15
56 34
57 59
57 87
63 66
65 62
65 72
65 77
66 31
66 82
67 33
68 29
69 37
69 41
69 53
70 57
70 91
73 65
75 4
76 3
76 79
77 40
78 16
78 50
79 46
80 96
81 32
82 73
85 24
85 90
backbone tree 32, llh: -15121.359793
-1 0
0 10
0 49
0 85
1 43
1 70
3 68
4 64
5 52
5 80
5 81
5 84
7 36
9 26
9 30
10 7
10 56
11 83
11 89
14 22
21 11
21 25
21 69
22 2
22 21
22 75
24 20
25 63
26 78
29 14
33 47
33 58
33 76
36 19
36 67
40 1
40 42
42 48
43 28
47 99
48 9
48 86
49 8
50 5
56 15
56 34
56 71
57 59
57 87
63 66
65 62
65 72
65 77
66 31
66 82
67 33
68 29
69 37
69 41
69 53
70 57
70 91
73 65
75 4
76 3
76 79
77 40
78 16
78 50
79 46
80 96
81 32
82 73
85 24
85 90
backbone tree 33, llh: -15121.416012
-1 0
0 10
0 49
0 85
1 43
1 70
3 68
4 64
5 52
5 80
5 81
5 84
7 36
9 26
9 30
10 7
10 56
11 83
11 89
14 22
21 11
21 25
21 69
22 2
22 21
22 75
24 20
25 63
26 78
29 14
33 47
33 58
33 76
36 19
36 67
40 1
40 42
42 48
43 28
47 99
48 9
48 86
49 8
50 5
56 15
56 34
57 59
57 87
63 66
65 62
65 72
65 77
66 31
66 82
67 33
68 29
69 37
69 41
69 53
70 57
70 91
73 65
75 4
76 3
76 79
77 40
78 16
78 50
79 46
80 96
81 32
82 73
85 24
85 90
91 71
backbone tree 34, llh: -15121.404627
-1 0
0 10
0 49
0 85
1 43
1 70
3 68
4 64
5 52
5 80
5 81
5 84
7 36
9 26
9 30
10 7
10 56
11 83
11 89
14 22
21 11
21 25
21 69
22 2
22 21
22 75
24 20
25 63
26 78
29 14
33 47
33 58
33 76
36 19
36 67
40 1
40 42
42 48
43 28
47 99
48 9
48 86
50 5
56 15
56 34
56 71
57 59
57 87
62 8
63 66
65 62
65 72
65 77
66 31
66 82
67 33
68 29
69 37
69 41
69 53
70 57
70 91
73 65
75 4
76 3
76 79
77 40
78 16
78 50
79 46
80 96
81 32
82 73
85 24
85 90
backbone tree 35, llh: -15121.413382
-1 0
0 10
0 49
0 85
1 43
1 70
3 68
4 64
5 52
5 80
5 81
5 84
7 36
9 26
9 30
10 7
10 56
11 20
11 89
14 22
21 11
21 25
21 69
22 2
22 21
22 75
24 83
25 63
26 78
29 14
33 47
33 58
33 76
36 19
36 67
40 1
40 42
42 48
43 28
47 99
48 9
48 86
49 32
50 5
56 15
56 34
56 71
57 59
57 87
62 8
63 66
65 62
65 72
65 77
66 31
66 82
67 33
68 29
69 37
69 41
69 53
70 57
70 91
73 65
75 4
76 3
76 79
77 40
78 16
78 50
79 46
80 96
82 73
85 24
85 90
backbone tree 36, llh: -15121.390272
-1 0
0 10
0 49
0 85
1 43
1 70
3 68
4 64
5 52
5 80
5 81
5 84
7 36
9 26
9 30
10 7
10 56
11 20
11 89
14 22
21 11
21 25
21 69
22 2
22 21
22 75
24 83
25 63
26 78
29 14
33 47
33 58
33 76
36 19
36 67
40 1
40 42
42 48
43 28
47 99
48 9
48 86
49 8
50 5
56 15
56 34
56 71
57 59
57 87
63 66
65 62
65 72
65 77
66 31
66 82
67 33
68 29
69 37
69 41
69 53
70 57
70 91
73 65
75 4
76 3
76 79
77 40
78 16
78 50
79 46
80 96
81 32
82 73
85 24
85 90
backbone tree 37, llh: -15121.446491
-1 0
0 10
0 49
0 85
1 43
1 70
3 68
4 64
5 52
5 80
5 81
5 84
7 36
9 26
9 30
10 7
10 56
11 20
11 89
14 22
21 11
21 25
21 69
22 2
22 21
22 75
24 83
25 63
26 78
29 14
33 47
33 58
33 76
36 19
36 67
40 1
40 42
42 48
43 28
47 99
48 9
48 86
49 8
50 5
56 15
56 34
57 59
57 87
63 66
65 62
65 72
65 77
66 31
66 82
67 33
68 29
69 37
69 41
69 53
70 57
70 91
73 65
75 4
76 3
76 79
77 40
78 16
78 50
79 46
80 96
81 32
82 73
85 24
85 90
91 71
backbone tree 38, llh: -15121.435179
-1 0
0 10
0 49
0 85
1 43
1 70
3 68
4 64
5 52
5 80
5 81
5 84
7 36
9 26
9 30
10 7
10 56
11 20
11 89
14 22
21 11
21 25
21 69
22 2
22 21
22 75
24 83
25 63
26 78
29 14
33 47
33 58
33 76
36 19
36 67
40 1
40 42
42 48
43 28
47 99
48 9
48 86
50 5
56 15
56 34
56 71
57 59
57 87
62 8
63 66
65 62
65 72
65 77
66 31
66 82
67 33
68 29
69 37
69 41
69 53
70 57
70 91
73 65
75 4
76 3
76 79
77 40
78 16
78 50
79 46
80 96
81 32
82 73
85 24
85 90
backbone tree 39, llh: -15121.441568
-1 0
0 10
0 49
0 85
1 43
1 70
3 68
4 64
5 52
5 80
5 81
5 84
7 36
9 26
9 30
10 7
10 56
11 89
14 22
21 11
21 25
21 69
22 2
22 21
22 75
24 20
25 63
26 78
29 14
33 47
33 58
33 76
36 19
36 67
40 1
40 42
42 48
43 28
47 99
48 9
48 83
48 86
49 32
50 5
56 15
56 34
56 71
57 59
57 87
62 8
63 66
65 62
65 72
65 77
66 31
66 82
67 33
68 29
69 37
69 41
69 53
70 57
70 91
73 65
75 4
76 3
76 79
77 40
78 16
78 50
79 46
80 96
82 73
85 24
85 90
backbone tree 40, llh: -15121.418478
-1 0
0 10
0 49
0 85
1 43
1 70
3 68
4 64
5 52
5 80
5 81
5 84
7 36
9 26
9 30
10 7
10 56
11 89
14 22
21 11
21 25
21 69
22 2
22 21
22 75
24 20
25 63
26 78
29 14
33 47
33 58
33 76
36 19
36 67
40 1
40 42
42 48
43 28
47 99
48 9
48 83
48 86
49 8
50 5
56 15
56 34
56 71
57 59
57 87
63 66
65 62
65 72
65 77
66 31
66 82
67 33
68 29
69 37
69 41
69 53
70 57
70 91
73 65
75 4
76 3
76 79
77 40
78 16
78 50
79 46
80 96
81 32
82 73
85 24
85 90
