# 49 backbone trees, 74 mutations
backbone tree 0, llh: -14343.750023
-1 15
0 25
0 90
2 21
2 82
3 10
3 28
6 13
6 38
8 94
10 64
12 22
12 42
13 47
13 78
13 84
14 56
14 77
15 0
15 44
15 79
17 54
18 17
20 76
24 3
25 50
25 57
26 8
27 24
27 35
30 32
31 48
33 59
35 41
35 43
36 93
41 92
41 95
43 65
44 30
44 53
45 6
46 45
47 33
47 89
49 72
51 26
51 52
54 12
54 19
56 74
57 2
59 61
61 31
61 62
62 14
63 88
64 18
65 46
67 20
72 91
74 67
76 39
76 68
76 80
79 63
83 51
84 83
89 49
90 36
91 60
91 99
93 27
99 7
backbone tree 1, llh: -14343.801148
-1 15
0 25
0 90
2 21
2 82
3 10
3 28
6 13
6 38
8 94
10 64
12 22
12 42
13 47
13 78
13 84
14 56
14 77
15 0
15 44
15 79
17 54
18 17
20 76
24 3
25 50
25 57
26 8
27 24
27 35
30 32
31 48
33 59
35 41
35 43
36 93
41 92
41 95
43 65
44 30
45 6
46 45
47 33
47 89
49 72
51 26
51 52
54 12
54 19
56 74
57 2
59 61
61 31
61 62
62 14
63 88
64 18
65 46
67 20
72 91
74 67
76 39
76 68
76 80
79 63
82 53
83 51
84 83
89 49
90 36
91 60
91 99
93 27
99 7
backbone tree 2, llh: -14343.827981
-1 15
0 25
0 90
2 21
2 82
3 10
3 28
6 13
6 38
8 94
10 64
12 22
13 47
13 78
13 84
14 56
14 77
15 0
15 44
15 79
17 54
17 88
18 17
20 76
24 3
25 50
25 57
26 8
27 24
27 35
30 32
31 48
32 42
33 59
35 41
35 43
36 93
41 92
41 95
43 65
44 30
44 53
45 6
46 45
47 33
47 89
49 72
51 26
51 52
54 12
54 19
56 74
57 2
59 61
61 31
61 62
62 14
64 18
65 46
67 20
72 91
74 67
76 39
76 68
76 80
79 63
83 51
84 83
89 49
90 36
91 60
91 99
93 27
99 7
backbone tree 3, llh: -14343.771456
-1 15
0 25
0 90
2 21
2 82
3 10
3 28
6 13
6 38
8 94
10 64
12 22
13 47
13 78
13 84
14 56
14 77
15 0
15 44
15 79
17 54
18 17
20 76
24 3
25 50
25 57
26 8
27 24
27 35
30 32
31 48
32 42
33 59
35 41
35 43
36 93
41 92
41 95
43 65
44 30
44 53
45 6
46 45
47 33
47 89
49 72
51 26
51 52
54 12
54 19
56 74
57 2
59 61
61 31
61 62
62 14
63 88
64 18
65 46
67 20
72 91
74 67
76 39
76 68
76 80
79 63
83 51
84 83
89 49
90 36
91 60
91 99
93 27
99 7
backbone tree 4, llh: -14343.822580
-1 15
0 25
0 90
2 21
2 82
3 10
3 28
6 13
6 38
8 94
10 64
12 22
13 47
13 78
13 84
14 56
14 77
15 0
15 44
15 79
17 54
18 17
20 76
24 3
25 50
25 57
26 8
27 24
27 35
30 32
31 48
32 42
33 59
35 41
35 43
36 93
41 92
41 95
43 65
44 30
45 6
46 45
47 33
47 89
49 72
51 26
51 52
54 12
54 19
56 74
57 2
59 61
61 31
61 62
62 14
63 88
64 18
65 46
67 20
72 91
74 67
76 39
76 68
76 80
79 63
82 53
83 51
84 83
89 49
90 36
91 60
91 99
93 27
99 7
backbone tree 5, llh: -14343.786480
-1 15
0 25
0 90
2 21
2 82
3 10
6 13
6 38
8 94
10 64
12 22
12 42
13 47
13 78
13 84
14 56
14 77
15 0
15 44
15 79
17 54
18 17
20 76
24 3
25 50
25 57
26 8
27 24
27 35
30 32
31 48
33 59
35 41
35 43
36 93
41 92
41 95
43 65
44 30
44 53
45 6
46 45
47 33
47 89
49 72
51 26
51 52
54 12
54 19
56 74
57 2
59 61
61 31
61 62
62 14
63 88
64 18
65 46
67 20
72 91
74 67
76 39
76 68
76 80
79 63
83 51
84 83
89 28
89 49
90 36
91 60
91 99
93 27
99 7
backbone tree 6, llh: -14343.837604
-1 15
0 25
0 90
2 21
2 82
3 10
6 13
6 38
8 94
10 64
12 22
12 42
13 47
13 78
13 84
14 56
14 77
15 0
15 44
15 79
17 54
18 17
20 76
24 3
25 50
25 57
26 8
27 24
27 35
30 32
31 48
33 59
35 41
35 43
36 93
41 92
41 95
43 65
44 30
45 6
46 45
47 33
47 89
49 72
51 26
51 52
54 12
54 19
56 74
57 2
59 61
61 31
61 62
62 14
63 88
64 18
65 46
67 20
72 91
74 67
76 39
76 68
76 80
79 63
82 53
83 51
84 83
89 28
89 49
90 36
91 60
91 99
93 27
99 7
backbone tree 7, llh: -14343.807925
-1 15
0 25
0 90
2 21
2 82
3 10
6 13
6 38
8 94
10 64
12 22
13 47
13 78
13 84
14 56
14 77
15 0
15 44
15 79
17 54
18 17
20 76
24 3
25 50
25 57
26 8
27 24
27 35
30 32
31 48
32 42
33 59
35 41
35 43
36 93
41 92
41 95
43 65
44 30
44 53
45 6
46 45
47 33
47 89
49 72
51 26
51 52
54 12
54 19
56 74
57 2
59 61
61 31
61 62
62 14
63 88
64 18
65 46
67 20
72 91
74 67
76 39
76 68
76 80
79 63
83 51
84 83
89 28
89 49
90 36
91 60
91 99
93 27
99 7
backbone tree 8, llh: -14343.784337
-1 15
0 25
0 90
2 21
2 82
3 10
6 13
6 38
8 94
10 64
12 22
12 42
13 47
13 78
13 84
14 56
15 0
15 44
15 79
17 54
18 17
20 76
24 3
25 19
25 50
25 57
26 8
27 24
27 35
30 32
31 48
33 59
35 41
35 43
36 93
41 92
41 95
43 65
44 30
44 77
45 6
46 45
47 33
47 89
49 72
51 26
51 52
54 12
54 28
56 74
57 2
59 61
61 31
61 62
62 14
63 88
64 18
65 46
67 20
72 91
74 67
76 39
76 68
76 80
79 63
82 53
83 51
84 83
89 49
90 36
91 60
91 99
93 27
99 7
backbone tree 9, llh: -14343.842466
-1 15
0 25
0 90
2 21
2 82
3 10
6 13
6 38
8 94
10 64
12 22
13 47
13 78
13 84
14 56
15 0
15 44
15 79
17 54
17 88
18 17
20 76
24 3
25 19
25 50
25 57
26 8
27 24
27 35
30 32
31 48
32 42
33 59
35 41
35 43
36 93
41 92
41 95
43 65
44 30
44 77
45 6
46 45
47 33
47 89
49 72
51 26
51 52
54 12
54 28
56 74
57 2
59 61
61 31
61 62
62 14
64 18
65 46
67 20
72 91
74 67
76 39
76 68
76 80
79 63
82 53
83 51
84 83
89 49
90 36
91 60
91 99
93 27
99 7
backbone tree 10, llh: -14343.784526
-1 15
0 25
0 90
2 21
2 82
3 10
6 13
6 38
8 94
10 64
12 22
13 47
13 78
13 84
14 56
15 0
15 44
15 79
17 54
18 17
20 76
24 3
25 19
25 50
25 57
26 8
27 24
27 35
30 32
31 48
32 42
33 59
35 41
35 43
36 93
41 92
41 95
43 65
44 30
44 77
45 6
46 45
47 33
47 89
49 72
51 26
51 52
54 12
54 28
56 74
57 2
59 61
61 31
61 62
62 14
63 88
64 18
65 46
67 20
72 91
74 67
76 39
76 68
76 80
79 63
82 53
83 51
84 83
89 49
90 36
91 60
91 99
93 27
99 7
backbone tree 11, llh: -14343.850302
-1 15
0 25
0 90
2 21
2 82
3 10
3 28
6 13
6 38
8 94
10 64
12 22
12 42
13 47
13 78
13 84
14 56
15 0
15 44
15 79
17 54
18 17
20 76
24 3
25 50
25 57
26 8
27 24
27 35
30 32
31 48
33 59
35 41
35 43
36 93
41 92
41 95
43 65
44 30
44 53
44 77
45 6
46 45
47 33
47 89
49 72
51 26
51 52
54 12
54 19
56 74
57 2
59 61
61 31
61 62
62 14
63 88
64 18
65 46
67 20
72 91
74 67
76 39
76 68
76 80
79 63
83 51
84 83
89 49
90 36
91 60
91 99
93 27
99 7
backbone tree 12, llh: -14343.774323
-1 15
0 25
0 90
2 21
2 82
3 10
3 28
6 13
6 38
8 94
10 64
12 22
12 42
13 47
13 78
13 84
14 56
15 0
15 44
15 79
17 54
18 17
20 76
24 3
25 50
25 57
26 8
27 24
27 35
30 32
31 48
33 59
35 41
35 43
36 93
41 92
41 95
43 65
44 30
44 77
45 6
46 45
47 33
47 89
49 72
51 26
51 52
54 12
54 19
56 74
57 2
59 61
61 31
61 62
62 14
63 88
64 18
65 46
67 20
72 91
74 67
76 39
76 68
76 80
79 63
82 53
83 51
84 83
89 49
90 36
91 60
91 99
93 27
99 7
backbone tree 13, llh: -14343.803738
-1 15
0 25
0 90
2 21
2 82
3 10
3 28
6 13
6 38
8 94
10 64
12 22
13 47
13 78
13 84
14 56
15 0
15 44
15 79
17 54
18 17
20 76
24 3
25 50
25 57
26 8
27 24
27 35
30 32
31 48
32 42
33 59
35 41
35 43
36 93
41 92
41 95
43 65
44 30
44 77
45 6
46 45
47 33
47 89
49 72
51 26
51 52
54 12
54 19
56 74
57 2
59 61
61 31
61 62
62 14
63 88
64 18
65 46
67 20
72 91
74 67
76 39
76 68
76 80
79 63
82 53
83 51
84 83
89 49
90 36
91 60
91 99
93 27
99 7
backbone tree 14, llh: -14343.810773
-1 15
0 25
0 90
2 21
2 82
3 10
6 13
6 38
8 94
10 64
12 22
12 42
13 47
13 78
13 84
14 56
15 0
15 44
15 79
17 54
18 17
20 76
24 3
25 50
25 57
26 8
27 24
27 35
30 32
31 48
33 59
35 41
35 43
36 93
41 92
41 95
43 65
44 30
44 77
45 6
46 45
47 33
47 89
49 72
51 26
51 52
54 12
54 19
56 74
57 2
59 61
61 31
61 62
62 14
63 88
64 18
65 46
67 20
72 91
74 67
76 39
76 68
76 80
79 63
82 53
83 51
84 83
89 28
89 49
90 36
91 60
91 99
93 27
99 7
backbone tree 15, llh: -14343.840201
-1 15
0 25
0 90
2 21
2 82
3 10
6 13
6 38
8 94
10 64
12 22
13 47
13 78
13 84
14 56
15 0
15 44
15 79
17 54
18 17
20 76
24 3
25 50
25 57
26 8
27 24
27 35
30 32
31 48
32 42
33 59
35 41
35 43
36 93
41 92
41 95
43 65
44 30
44 77
45 6
46 45
47 33
47 89
49 72
51 26
51 52
54 12
54 19
56 74
57 2
59 61
61 31
61 62
62 14
63 88
64 18
65 46
67 20
72 91
74 67
76 39
76 68
76 80
79 63
82 53
83 51
84 83
89 28
89 49
90 36
91 60
91 99
93 27
99 7
backbone tree 16, llh: -14343.756581
-1 15
0 25
0 90
2 21
2 82
3 10
3 28
6 13
6 38
8 94
10 64
12 22
12 42
13 47
13 84
14 56
14 77
15 0
15 44
15 79
17 54
18 17
20 76
24 3
25 50
25 57
26 8
27 24
27 35
30 32
31 48
33 59
35 41
35 43
36 93
39 78
41 92
41 95
43 65
44 30
44 53
45 6
46 45
47 33
47 89
49 72
51 26
51 52
54 12
54 19
56 74
57 2
59 61
61 31
61 62
62 14
63 88
64 18
65 46
67 20
72 91
74 67
76 39
76 68
76 80
79 63
83 51
84 83
89 49
90 36
91 60
91 99
93 27
99 7
backbone tree 17, llh: -14343.807705
-1 15
0 25
0 90
2 21
2 82
3 10
3 28
6 13
6 38
8 94
10 64
12 22
12 42
13 47
13 84
14 56
14 77
15 0
15 44
15 79
17 54
18 17
20 76
24 3
25 50
25 57
26 8
27 24
27 35
30 32
31 48
33 59
35 41
35 43
36 93
39 78
41 92
41 95
43 65
44 30
45 6
46 45
47 33
47 89
49 72
51 26
51 52
54 12
54 19
56 74
57 2
59 61
61 31
61 62
62 14
63 88
64 18
65 46
67 20
72 91
74 67
76 39
76 68
76 80
79 63
82 53
83 51
84 83
89 49
90 36
91 60
91 99
93 27
99 7
backbone tree 18, llh: -14343.834538
-1 15
0 25
0 90
2 21
2 82
3 10
3 28
6 13
6 38
8 94
10 64
12 22
13 47
13 84
14 56
14 77
15 0
15 44
15 79
17 54
17 88
18 17
20 76
24 3
25 50
25 57
26 8
27 24
27 35
30 32
31 48
32 42
33 59
35 41
35 43
36 93
39 78
41 92
41 95
43 65
44 30
44 53
45 6
46 45
47 33
47 89
49 72
51 26
51 52
54 12
54 19
56 74
57 2
59 61
61 31
61 62
62 14
64 18
65 46
67 20
72 91
74 67
76 39
76 68
76 80
79 63
83 51
84 83
89 49
90 36
91 60
91 99
93 27
99 7
backbone tree 19, llh: -14343.778013
-1 15
0 25
0 90
2 21
2 82
3 10
3 28
6 13
6 38
8 94
10 64
12 22
13 47
13 84
14 56
14 77
15 0
15 44
15 79
17 54
18 17
20 76
24 3
25 50
25 57
26 8
27 24
27 35
30 32
31 48
32 42
33 59
35 41
35 43
36 93
39 78
41 92
41 95
43 65
44 30
44 53
45 6
46 45
47 33
47 89
49 72
51 26
51 52
54 12
54 19
56 74
57 2
59 61
61 31
61 62
62 14
63 88
64 18
65 46
67 20
72 91
74 67
76 39
76 68
76 80
79 63
83 51
84 83
89 49
90 36
91 60
91 99
93 27
99 7
backbone tree 20, llh: -14343.829138
-1 15
0 25
0 90
2 21
2 82
3 10
3 28
6 13
6 38
8 94
10 64
12 22
13 47
13 84
14 56
14 77
15 0
15 44
15 79
17 54
18 17
20 76
24 3
25 50
25 57
26 8
27 24
27 35
30 32
31 48
32 42
33 59
35 41
35 43
36 93
39 78
41 92
41 95
43 65
44 30
45 6
46 45
47 33
47 89
49 72
51 26
51 52
54 12
54 19
56 74
57 2
59 61
61 31
61 62
62 14
63 88
64 18
65 46
67 20
72 91
74 67
76 39
76 68
76 80
79 63
82 53
83 51
84 83
89 49
90 36
91 60
91 99
93 27
99 7
backbone tree 21, llh: -14343.792955
-1 15
0 25
0 90
2 21
2 82
3 10
6 13
6 38
8 94
10 64
12 22
12 42
13 47
13 84
14 56
14 77
15 0
15 44
15 79
17 54
18 17
20 76
24 3
25 50
25 57
26 8
27 24
27 35
30 32
31 48
33 59
35 41
35 43
36 93
39 78
41 92
41 95
43 65
44 30
44 53
45 6
46 45
47 33
47 89
49 72
51 26
51 52
54 12
54 19
56 74
57 2
59 61
61 31
61 62
62 14
63 88
64 18
65 46
67 20
72 91
74 67
76 39
76 68
76 80
79 63
83 51
84 83
89 28
89 49
90 36
91 60
91 99
93 27
99 7
backbone tree 22, llh: -14343.844079
-1 15
0 25
0 90
2 21
2 82
3 10
6 13
6 38
8 94
10 64
12 22
12 42
13 47
13 84
14 56
14 77
15 0
15 44
15 79
17 54
18 17
20 76
24 3
25 50
25 57
26 8
27 24
27 35
30 32
31 48
33 59
35 41
35 43
36 93
39 78
41 92
41 95
43 65
44 30
45 6
46 45
47 33
47 89
49 72
51 26
51 52
54 12
54 19
56 74
57 2
59 61
61 31
61 62
62 14
63 88
64 18
65 46
67 20
72 91
74 67
76 39
76 68
76 80
79 63
82 53
83 51
84 83
89 28
89 49
90 36
91 60
91 99
93 27
99 7
backbone tree 23, llh: -14343.814400
-1 15
0 25
0 90
2 21
2 82
3 10
6 13
6 38
8 94
10 64
12 22
13 47
13 84
14 56
14 77
15 0
15 44
15 79
17 54
18 17
20 76
24 3
25 50
25 57
26 8
27 24
27 35
30 32
31 48
32 42
33 59
35 41
35 43
36 93
39 78
41 92
41 95
43 65
44 30
44 53
45 6
46 45
47 33
47 89
49 72
51 26
51 52
54 12
54 19
56 74
57 2
59 61
61 31
61 62
62 14
63 88
64 18
65 46
67 20
72 91
74 67
76 39
76 68
76 80
79 63
83 51
84 83
89 28
89 49
90 36
91 60
91 99
93 27
99 7
backbone tree 24, llh: -14343.780883
-1 15
0 25
0 90
2 21
2 82
3 10
3 28
6 13
6 38
8 94
10 64
12 22
12 42
13 47
13 84
14 56
15 0
15 44
15 79
17 54
18 17
20 76
24 3
25 50
25 57
26 8
27 24
27 35
30 32
31 48
33 59
35 41
35 43
36 93
39 78
41 92
41 95
43 65
44 30
44 77
45 6
46 45
47 33
47 89
49 72
51 26
51 52
54 12
54 19
56 74
57 2
59 61
61 31
61 62
62 14
63 88
64 18
65 46
67 20
72 91
74 67
76 39
76 68
76 80
79 63
82 53
83 51
84 83
89 49
90 36
91 60
91 99
93 27
99 7
backbone tree 25, llh: -14343.810298
-1 15
0 25
0 90
2 21
2 82
3 10
3 28
6 13
6 38
8 94
10 64
12 22
13 47
13 84
14 56
15 0
15 44
15 79
17 54
18 17
20 76
24 3
25 50
25 57
26 8
27 24
27 35
30 32
31 48
32 42
33 59
35 41
35 43
36 93
39 78
41 92
41 95
43 65
44 30
44 77
45 6
46 45
47 33
47 89
49 72
51 26
51 52
54 12
54 19
56 74
57 2
59 61
61 31
61 62
62 14
63 88
64 18
65 46
67 20
72 91
74 67
76 39
76 68
76 80
79 63
82 53
83 51
84 83
89 49
90 36
91 60
91 99
93 27
99 7
backbone tree 26, llh: -14343.817251
-1 15
0 25
0 90
2 21
2 82
3 10
6 13
6 38
8 94
10 64
12 22
12 42
13 47
13 84
14 56
15 0
15 44
15 79
17 54
18 17
20 76
24 3
25 50
25 57
26 8
27 24
27 35
30 32
31 48
33 59
35 41
35 43
36 93
39 78
41 92
41 95
43 65
44 30
44 77
45 6
46 45
47 33
47 89
49 72
51 26
51 52
54 12
54 19
56 74
57 2
59 61
61 31
61 62
62 14
63 88
64 18
65 46
67 20
72 91
74 67
76 39
76 68
76 80
79 63
82 53
83 51
84 83
89 28
89 49
90 36
91 60
91 99
93 27
99 7
backbone tree 27, llh: -14343.846679
-1 15
0 25
0 90
2 21
2 82
3 10
6 13
6 38
8 94
10 64
12 22
13 47
13 84
14 56
15 0
15 44
15 79
17 54
18 17
20 76
24 3
25 50
25 57
26 8
27 24
27 35
30 32
31 48
32 42
33 59
35 41
35 43
36 93
39 78
41 92
41 95
43 65
44 30
44 77
45 6
46 45
47 33
47 89
49 72
51 26
51 52
54 12
54 19
56 74
57 2
59 61
61 31
61 62
62 14
63 88
64 18
65 46
67 20
72 91
74 67
76 39
76 68
76 80
79 63
82 53
83 51
84 83
89 28
89 49
90 36
91 60
91 99
93 27
99 7
backbone tree 28, llh: -14343.787558
-1 15
0 25
0 90
2 21
2 82
3 10
3 28
6 13
6 38
8 94
10 64
12 22
12 42
13 47
13 84
14 56
14 77
15 0
15 44
15 79
17 54
18 17
20 76
24 3
25 50
25 57
26 8
27 24
27 35
30 32
31 48
33 59
35 41
35 43
36 93
41 92
41 95
43 65
44 30
44 53
45 6
46 45
47 33
47 89
49 72
51 26
51 52
54 12
54 19
56 74
57 2
57 78
59 61
61 31
61 62
62 14
63 88
64 18
65 46
67 20
72 91
74 67
76 39
76 68
76 80
79 63
83 51
84 83
89 49
90 36
91 60
91 99
93 27
99 7
backbone tree 29, llh: -14343.838759
-1 15
0 25
0 90
2 21
2 82
3 10
3 28
6 13
6 38
8 94
10 64
12 22
12 42
13 47
13 84
14 56
14 77
15 0
15 44
15 79
17 54
18 17
20 76
24 3
25 50
25 57
26 8
27 24
27 35
30 32
31 48
33 59
35 41
35 43
36 93
41 92
41 95
43 65
44 30
45 6
46 45
47 33
47 89
49 72
51 26
51 52
54 12
54 19
56 74
57 2
57 78
59 61
61 31
61 62
62 14
63 88
64 18
65 46
67 20
72 91
74 67
76 39
76 68
76 80
79 63
82 53
83 51
84 83
89 49
90 36
91 60
91 99
93 27
99 7
backbone tree 30, llh: -14343.808989
-1 15
0 25
0 90
2 21
2 82
3 10
3 28
6 13
6 38
8 94
10 64
12 22
13 47
13 84
14 56
14 77
15 0
15 44
15 79
17 54
18 17
20 76
24 3
25 50
25 57
26 8
27 24
27 35
30 32
31 48
32 42
33 59
35 41
35 43
36 93
41 92
41 95
43 65
44 30
44 53
45 6
46 45
47 33
47 89
49 72
51 26
51 52
54 12
54 19
56 74
57 2
57 78
59 61
61 31
61 62
62 14
63 88
64 18
65 46
67 20
72 91
74 67
76 39
76 68
76 80
79 63
83 51
84 83
89 49
90 36
91 60
91 99
93 27
99 7
backbone tree 31, llh: -14343.811941
-1 15
0 25
0 90
2 21
2 82
3 10
3 28
6 13
6 38
8 94
10 64
12 22
12 42
13 47
13 84
14 56
15 0
15 44
15 79
17 54
18 17
20 76
24 3
25 50
25 57
26 8
27 24
27 35
30 32
31 48
33 59
35 41
35 43
36 93
41 92
41 95
43 65
44 30
44 77
45 6
46 45
47 33
47 89
49 72
51 26
51 52
54 12
54 19
56 74
57 2
57 78
59 61
61 31
61 62
62 14
63 88
64 18
65 46
67 20
72 91
74 67
76 39
76 68
76 80
79 63
82 53
83 51
84 83
89 49
90 36
91 60
91 99
93 27
99 7
backbone tree 32, llh: -14343.841356
-1 15
0 25
0 90
2 21
2 82
3 10
3 28
6 13
6 38
8 94
10 64
12 22
13 47
13 84
14 56
15 0
15 44
15 79
17 54
18 17
20 76
24 3
25 50
25 57
26 8
27 24
27 35
30 32
31 48
32 42
33 59
35 41
35 43
36 93
41 92
41 95
43 65
44 30
44 77
45 6
46 45
47 33
47 89
49 72
51 26
51 52
54 12
54 19
56 74
57 2
57 78
59 61
61 31
61 62
62 14
63 88
64 18
65 46
67 20
72 91
74 67
76 39
76 68
76 80
79 63
82 53
83 51
84 83
89 49
90 36
91 60
91 99
93 27
99 7
backbone tree 33, llh: -14343.848309
-1 15
0 25
0 90
2 21
2 82
3 10
6 13
6 38
8 94
10 64
12 22
12 42
13 47
13 84
14 56
15 0
15 44
15 79
17 54
18 17
20 76
24 3
25 50
25 57
26 8
27 24
27 35
30 32
31 48
33 59
35 41
35 43
36 93
41 92
41 95
43 65
44 30
44 77
45 6
46 45
47 33
47 89
49 72
51 26
51 52
54 12
54 19
56 74
57 2
57 78
59 61
61 31
61 62
62 14
63 88
64 18
65 46
67 20
72 91
74 67
76 39
76 68
76 80
79 63
82 53
83 51
84 83
89 28
89 49
90 36
91 60
91 99
93 27
99 7
backbone tree 34, llh: -14343.789768
-1 15
0 25
0 90
2 21
2 82
3 10
3 28
6 13
6 38
8 94
10 64
12 22
12 42
13 47
13 78
13 84
14 56
14 77
15 0
15 44
15 79
17 54
18 17
20 76
24 3
25 50
25 57
26 8
27 24
27 35
30 32
31 48
33 59
35 41
35 43
36 93
41 95
43 65
43 92
44 30
44 53
45 6
46 45
47 33
47 89
49 72
51 26
51 52
54 12
54 19
56 74
57 2
59 61
61 31
61 62
62 14
63 88
64 18
65 46
67 20
72 91
74 67
76 39
76 68
76 80
79 63
83 51
84 83
89 49
90 36
91 60
91 99
93 27
99 7
backbone tree 35, llh: -14343.840892
-1 15
0 25
0 90
2 21
2 82
3 10
3 28
6 13
6 38
8 94
10 64
12 22
12 42
13 47
13 78
13 84
14 56
14 77
15 0
15 44
15 79
17 54
18 17
20 76
24 3
25 50
25 57
26 8
27 24
27 35
30 32
31 48
33 59
35 41
35 43
36 93
41 95
43 65
43 92
44 30
45 6
46 45
47 33
47 89
49 72
51 26
51 52
54 12
54 19
56 74
57 2
59 61
61 31
61 62
62 14
63 88
64 18
65 46
67 20
72 91
74 67
76 39
76 68
76 80
79 63
82 53
83 51
84 83
89 49
90 36
91 60
91 99
93 27
99 7
backbone tree 36, llh: -14343.811200
-1 15
0 25
0 90
2 21
2 82
3 10
3 28
6 13
6 38
8 94
10 64
12 22
13 47
13 78
13 84
14 56
14 77
15 0
15 44
15 79
17 54
18 17
20 76
24 3
25 50
25 57
26 8
27 24
27 35
30 32
31 48
32 42
33 59
35 41
35 43
36 93
41 95
43 65
43 92
44 30
44 53
45 6
46 45
47 33
47 89
49 72
51 26
51 52
54 12
54 19
56 74
57 2
59 61
61 31
61 62
62 14
63 88
64 18
65 46
67 20
72 91
74 67
76 39
76 68
76 80
79 63
83 51
84 83
89 49
90 36
91 60
91 99
93 27
99 7
backbone tree 37, llh: -14343.814063
-1 15
0 25
0 90
2 21
2 82
3 10
3 28
6 13
6 38
8 94
10 64
12 22
12 42
13 47
13 78
13 84
14 56
15 0
15 44
15 79
17 54
18 17
20 76
24 3
25 50
25 57
26 8
27 24
27 35
30 32
31 48
33 59
35 41
35 43
36 93
41 95
43 65
43 92
44 30
44 77
45 6
46 45
47 33
47 89
49 72
51 26
51 52
54 12
54 19
56 74
57 2
59 61
61 31
61 62
62 14
63 88
64 18
65 46
67 20
72 91
74 67
76 39
76 68
76 80
79 63
82 53
83 51
84 83
89 49
90 36
91 60
91 99
93 27
99 7
backbone tree 38, llh: -14343.843478
-1 15
0 25
0 90
2 21
2 82
3 10
3 28
6 13
6 38
8 94
10 64
12 22
13 47
13 78
13 84
14 56
15 0
15 44
15 79
17 54
18 17
20 76
24 3
25 50
25 57
26 8
27 24
27 35
30 32
31 48
32 42
33 59
35 41
35 43
36 93
41 95
43 65
43 92
44 30
44 77
45 6
46 45
47 33
47 89
49 72
51 26
51 52
54 12
54 19
56 74
57 2
59 61
61 31
61 62
62 14
63 88
64 18
65 46
67 20
72 91
74 67
76 39
76 68
76 80
79 63
82 53
83 51
84 83
89 49
90 36
91 60
91 99
93 27
99 7
backbone tree 39, llh: -14343.835792
-1 15
0 25
0 90
2 21
2 82
3 10
6 13
6 38
8 94
10 64
12 22
12 42
13 47
13 78
13 84
14 56
15 0
15 44
15 79
17 54
18 17
20 76
24 3
25 50
25 57
26 8
27 24
27 35
30 32
31 48
33 59
35 41
35 43
36 93
41 28
41 95
43 65
43 92
44 30
44 77
45 6
46 45
47 33
47 89
49 72
51 26
51 52
54 12
54 19
56 74
57 2
59 61
61 31
61 62
62 14
63 88
64 18
65 46
67 20
72 91
74 67
76 39
76 68
76 80
79 63
82 53
83 51
84 83
89 49
90 36
91 60
91 99
93 27
99 7
backbone tree 40, llh: -14343.841469
-1 15
0 25
0 90
2 21
2 82
3 10
6 13
6 38
8 94
10 64
12 22
12 42
13 47
13 78
13 84
14 56
15 0
15 44
15 79
17 54
18 17
20 76
24 3
25 50
25 57
26 8
27 24
27 35
30 32
31 48
33 59
35 41
35 43
36 93
41 95
43 65
43 92
44 30
44 77
45 6
46 45
47 33
47 89
49 72
51 26
51 52
54 12
54 19
56 74
57 2
59 61
61 31
61 62
62 14
63 88
64 18
65 46
67 20
72 91
74 67
76 39
76 68
76 80
79 63
82 53
83 51
84 83
89 28
89 49
90 36
91 60
91 99
93 27
99 7
backbone tree 41, llh: -14343.790176
-1 15
0 25
0 90
2 21
2 82
3 10
3 28
6 13
6 38
8 94
10 64
12 22
12 42
13 47
13 84
14 56
14 77
15 0
15 44
15 79
17 54
18 17
20 76
24 3
25 50
25 57
26 8
27 24
27 35
30 32
31 48
33 59
35 41
35 43
36 93
39 78
41 95
43 65
43 92
44 30
44 53
45 6
46 45
47 33
47 89
49 72
51 26
51 52
54 12
54 19
56 74
57 2
59 61
61 31
61 62
62 14
63 88
64 18
65 46
67 20
72 91
74 67
76 39
76 68
76 80
79 63
83 51
84 83
89 49
90 36
91 60
91 99
93 27
99 7
backbone tree 42, llh: -14343.841300
-1 15
0 25
0 90
2 21
2 82
3 10
3 28
6 13
6 38
8 94
10 64
12 22
12 42
13 47
13 84
14 56
14 77
15 0
15 44
15 79
17 54
18 17
20 76
24 3
25 50
25 57
26 8
27 24
27 35
30 32
31 48
33 59
35 41
35 43
36 93
39 78
41 95
43 65
43 92
44 30
45 6
46 45
47 33
47 89
49 72
51 26
51 52
54 12
54 19
56 74
57 2
59 61
61 31
61 62
62 14
63 88
64 18
65 46
67 20
72 91
74 67
76 39
76 68
76 80
79 63
82 53
83 51
84 83
89 49
90 36
91 60
91 99
93 27
99 7
backbone tree 43, llh: -14343.811608
-1 15
0 25
0 90
2 21
2 82
3 10
3 28
6 13
6 38
8 94
10 64
12 22
13 47
13 84
14 56
14 77
15 0
15 44
15 79
17 54
18 17
20 76
24 3
25 50
25 57
26 8
27 24
27 35
30 32
31 48
32 42
33 59
35 41
35 43
36 93
39 78
41 95
43 65
43 92
44 30
44 53
45 6
46 45
47 33
47 89
49 72
51 26
51 52
54 12
54 19
56 74
57 2
59 61
61 31
61 62
62 14
63 88
64 18
65 46
67 20
72 91
74 67
76 39
76 68
76 80
79 63
83 51
84 83
89 49
90 36
91 60
91 99
93 27
99 7
backbone tree 44, llh: -14343.814479
-1 15
0 25
0 90
2 21
2 82
3 10
3 28
6 13
6 38
8 94
10 64
12 22
12 42
13 47
13 84
14 56
15 0
15 44
15 79
17 54
18 17
20 76
24 3
25 50
25 57
26 8
27 24
27 35
30 32
31 48
33 59
35 41
35 43
36 93
39 78
41 95
43 65
43 92
44 30
44 77
45 6
46 45
47 33
47 89
49 72
51 26
51 52
54 12
54 19
56 74
57 2
59 61
61 31
61 62
62 14
63 88
64 18
65 46
67 20
72 91
74 67
76 39
76 68
76 80
79 63
82 53
83 51
84 83
89 49
90 36
91 60
91 99
93 27
99 7
backbone tree 45, llh: -14343.843894
-1 15
0 25
0 90
2 21
2 82
3 10
3 28
6 13
6 38
8 94
10 64
12 22
13 47
13 84
14 56
15 0
15 44
15 79
17 54
18 17
20 76
24 3
25 50
25 57
26 8
27 24
27 35
30 32
31 48
32 42
33 59
35 41
35 43
36 93
39 78
41 95
43 65
43 92
44 30
44 77
45 6
46 45
47 33
47 89
49 72
51 26
51 52
54 12
54 19
56 74
57 2
59 61
61 31
61 62
62 14
63 88
64 18
65 46
67 20
72 91
74 67
76 39
76 68
76 80
79 63
82 53
83 51
84 83
89 49
90 36
91 60
91 99
93 27
99 7
backbone tree 46, llh: -14343.836206
-1 15
0 25
0 90
2 21
2 82
3 10
6 13
6 38
8 94
10 64
12 22
12 42
13 47
13 84
14 56
15 0
15 44
15 79
17 54
18 17
20 76
24 3
25 50
25 57
26 8
27 24
27 35
30 32
31 48
33 59
35 41
35 43
36 93
39 78
41 28
41 95
43 65
43 92
44 30
44 77
45 6
46 45
47 33
47 89
49 72
51 26
51 52
54 12
54 19
56 74
57 2
59 61
61 31
61 62
62 14
63 88
64 18
65 46
67 20
72 91
74 67
76 39
76 68
76 80
79 63
82 53
83 51
84 83
89 49
90 36
91 60
91 99
93 27
99 7
backbone tree 47, llh: -14343.841792
-1 15
0 25
0 90
2 21
2 82
3 10
6 13
6 38
8 94
10 64
12 22
12 42
13 47
13 84
14 56
15 0
15 44
15 79
17 54
18 17
20 76
24 3
25 50
25 57
26 8
27 24
27 35
30 32
31 48
33 59
35 41
35 43
36 93
39 78
41 95
43 65
43 92
44 30
44 77
45 6
46 45
47 33
47 89
49 72
51 26
51 52
54 12
54 19
56 74
57 2
59 61
61 31
61 62
62 14
63 88
64 18
65 46
67 20
72 91
74 67
76 39
76 68
76 80
79 63
82 53
83 51
84 83
89 28
89 49
90 36
91 60
91 99
93 27
99 7
backbone tree 48, llh: -14343.845537
-1 15
0 25
0 90
2 21
2 82
3 10
3 28
6 13
6 38
8 94
10 64
12 22
12 42
13 47
13 84
14 56
15 0
15 44
15 79
17 54
18 17
20 76
24 3
25 50
25 57
26 8
27 24
27 35
30 32
31 48
33 59
35 41
35 43
36 93
41 95
43 65
43 92
44 30
44 77
45 6
46 45
47 33
47 89
49 72
51 26
51 52
54 12
54 19
56 74
57 2
57 78
59 61
61 31
61 62
62 14
63 88
64 18
65 46
67 20
72 91
74 67
76 39
76 68
76 80
79 63
82 53
83 51
84 83
89 49
90 36
91 60
91 99
93 27
99 7
