# 9 backbone trees, 74 mutations
backbone tree 0, llh: -17127.600427
-1 42
0 59
3 83
5 18
7 11
7 64
8 29
9 65
10 21
11 78
13 44
13 85
14 13
16 51
18 66
19 84
20 52
21 15
22 17
22 37
22 45
26 32
26 55
27 16
27 31
27 72
28 46
31 4
32 25
34 28
34 49
35 36
36 5
36 92
38 48
42 26
42 43
42 75
44 82
46 3
46 80
47 34
47 38
48 50
51 33
51 53
52 62
52 93
53 19
53 70
58 0
59 77
64 73
65 39
67 35
68 20
69 47
70 69
72 89
72 96
75 9
75 58
75 81
77 79
78 27
79 7
80 68
82 91
84 14
85 10
89 8
91 67
93 22
96 94
backbone tree 1, llh: -17127.689743
-1 42
0 59
3 83
5 18
7 11
7 64
8 29
9 65
10 21
11 78
13 44
13 85
14 13
16 51
18 66
19 84
20 52
21 15
22 17
22 45
26 32
26 55
27 16
27 31
27 72
28 46
31 4
32 25
34 28
34 49
35 36
36 5
36 92
38 48
42 26
42 43
42 75
44 82
46 3
46 80
47 34
47 38
48 50
51 33
51 53
52 62
52 93
53 19
53 70
58 0
59 77
64 73
65 39
67 35
68 20
69 47
70 69
72 89
72 96
75 9
75 58
75 81
77 79
78 27
79 7
80 68
82 37
82 91
84 14
85 10
89 8
91 67
93 22
96 94
backbone tree 2, llh: -17127.631347
-1 42
0 59
5 18
7 11
7 64
8 29
9 65
10 21
11 78
13 44
13 85
14 13
16 51
18 66
19 84
20 52
21 15
22 17
22 37
22 45
26 32
26 55
27 16
27 31
27 72
28 46
31 4
32 25
34 28
34 49
35 36
36 5
36 92
38 48
42 26
42 43
42 75
44 82
46 3
46 80
47 34
47 38
48 50
51 33
51 53
52 62
52 93
53 19
53 70
58 0
59 77
64 73
65 39
67 35
68 20
69 47
70 69
72 89
72 96
73 83
75 9
75 58
75 81
77 79
78 27
79 7
80 68
82 91
84 14
85 10
89 8
91 67
93 22
96 94
backbone tree 3, llh: -17127.648302
-1 42
0 59
3 83
5 18
7 11
7 64
8 29
9 65
10 21
11 78
13 44
13 85
14 13
16 51
18 66
19 84
20 52
21 15
22 17
22 37
22 45
26 32
26 55
27 16
27 31
27 72
28 46
31 4
32 25
34 28
34 49
35 36
36 5
36 92
38 48
42 26
42 43
42 75
44 82
46 3
46 80
47 34
47 38
51 33
51 53
52 62
52 93
53 19
53 70
58 0
59 77
64 73
65 39
67 35
68 20
69 47
70 69
72 50
72 89
72 96
75 9
75 58
75 81
77 79
78 27
79 7
80 68
82 91
84 14
85 10
89 8
91 67
93 22
96 94
backbone tree 4, llh: -17127.679441
-1 42
0 59
5 18
7 11
7 64
8 29
9 65
10 21
11 78
13 44
13 85
14 13
16 51
18 66
19 84
20 52
21 15
22 17
22 37
22 45
26 32
26 55
27 16
27 31
27 72
28 46
31 4
32 25
34 28
34 49
35 36
36 5
36 92
38 48
42 26
42 43
42 75
44 82
46 3
46 80
47 34
47 38
51 33
51 53
52 62
52 93
53 19
53 70
58 0
59 77
64 73
65 39
67 35
68 20
69 47
70 69
72 50
72 89
72 96
73 83
75 9
75 58
75 81
77 79
78 27
79 7
80 68
82 91
84 14
85 10
89 8
91 67
93 22
96 94
backbone tree 5, llh: -17127.599862
-1 42
0 59
3 83
5 18
7 11
7 64
8 29
9 65
10 21
11 78
13 44
13 85
14 13
16 51
18 66
19 84
20 52
21 15
22 17
22 37
22 45
26 32
26 55
27 16
27 31
27 72
28 46
31 4
32 25
34 28
34 49
35 36
36 5
36 92
38 50
42 26
42 43
42 75
44 82
46 3
46 80
47 34
47 38
50 48
51 33
51 53
52 62
52 93
53 19
53 70
58 0
59 77
64 73
65 39
67 35
68 20
69 47
70 69
72 89
72 96
75 9
75 58
75 81
77 79
78 27
79 7
80 68
82 91
84 14
85 10
89 8
91 67
93 22
96 94
backbone tree 6, llh: -17127.689178
-1 42
0 59
3 83
5 18
7 11
7 64
8 29
9 65
10 21
11 78
13 44
13 85
14 13
16 51
18 66
19 84
20 52
21 15
22 17
22 45
26 32
26 55
27 16
27 31
27 72
28 46
31 4
32 25
34 28
34 49
35 36
36 5
36 92
38 50
42 26
42 43
42 75
44 82
46 3
46 80
47 34
47 38
50 48
51 33
51 53
52 62
52 93
53 19
53 70
58 0
59 77
64 73
65 39
67 35
68 20
69 47
70 69
72 89
72 96
75 9
75 58
75 81
77 79
78 27
79 7
80 68
82 37
82 91
84 14
85 10
89 8
91 67
93 22
96 94
backbone tree 7, llh: -17127.659432
-1 42
0 59
5 18
7 11
7 64
8 29
9 65
10 21
11 78
13 44
13 85
14 13
16 51
18 66
19 84
20 52
21 15
22 17
22 37
22 45
26 32
26 55
27 16
27 31
27 72
28 46
31 4
32 25
34 28
34 49
35 36
36 5
36 92
38 50
38 83
42 26
42 43
42 75
44 82
46 3
46 80
47 34
47 38
50 48
51 33
51 53
52 62
52 93
53 19
53 70
58 0
59 77
64 73
65 39
67 35
68 20
69 47
70 69
72 89
72 96
75 9
75 58
75 81
77 79
78 27
79 7
80 68
82 91
84 14
85 10
89 8
91 67
93 22
96 94
backbone tree 8, llh: -17127.630782
-1 42
0 59
5 18
7 11
7 64
8 29
9 65
10 21
11 78
13 44
13 85
14 13
16 51
18 66
19 84
20 52
21 15
22 17
22 37
22 45
26 32
26 55
27 16
27 31
27 72
28 46
31 4
32 25
34 28
34 49
35 36
36 5
36 92
38 50
42 26
42 43
42 75
44 82
46 3
46 80
47 34
47 38
50 48
51 33
51 53
52 62
52 93
53 19
53 70
58 0
59 77
64 73
65 39
67 35
68 20
69 47
70 69
72 89
72 96
73 83
75 9
75 58
75 81
77 79
78 27
79 7
80 68
82 91
84 14
85 10
89 8
91 67
93 22
96 94
