# 48 backbone trees, 71 mutations
backbone tree 0, llh: -12828.065704
-1 72
0 81
1 37
3 43
8 26
9 8
9 99
13 22
13 46
13 74
14 82
15 21
21 5
22 7
23 9
23 44
23 80
25 92
26 61
26 94
27 39
28 27
29 52
30 71
32 3
32 16
32 38
32 87
37 14
38 76
38 95
41 79
46 25
47 13
50 70
50 86
55 96
57 83
57 84
60 30
60 65
61 97
62 57
62 88
64 18
65 29
67 1
68 34
68 50
70 35
71 47
72 0
72 64
72 77
74 32
76 28
76 55
79 45
80 6
80 11
81 60
82 10
83 49
83 67
84 36
87 23
88 15
88 68
92 41
92 62
99 33
backbone tree 1, llh: -12828.102348
-1 72
0 81
1 37
3 43
8 6
8 26
9 8
9 99
13 22
13 46
13 74
14 82
15 21
21 5
22 7
23 9
23 44
23 80
25 92
26 61
26 94
27 39
28 27
29 52
30 71
32 3
32 16
32 38
32 87
37 14
38 76
41 79
46 25
47 13
50 70
50 86
55 96
57 83
57 84
60 30
60 65
61 97
62 57
62 88
64 18
64 95
65 29
67 1
68 34
68 50
70 35
71 47
72 0
72 64
72 77
74 32
76 28
76 55
79 45
80 11
81 60
82 10
83 49
83 67
84 36
87 23
88 15
88 68
92 41
92 62
99 33
backbone tree 2, llh: -12828.116417
-1 72
0 81
1 37
3 43
8 26
9 8
9 99
13 22
13 46
13 74
14 82
15 21
21 5
22 7
23 9
23 44
23 80
25 92
26 61
26 94
27 39
28 27
29 52
30 71
32 3
32 16
32 38
32 87
37 14
38 76
41 79
46 25
47 13
49 45
50 70
50 86
55 96
57 83
57 84
60 30
60 65
61 97
62 57
62 88
64 18
64 95
65 29
67 1
68 34
68 50
70 35
71 47
72 0
72 64
72 77
74 32
76 28
76 55
80 6
80 11
81 60
82 10
83 49
83 67
84 36
87 23
88 15
88 68
92 41
92 62
99 33
backbone tree 3, llh: -12828.032193
-1 72
0 81
1 37
3 43
8 26
9 8
9 99
13 22
13 46
13 74
14 82
15 21
21 5
22 7
23 9
23 44
23 80
25 92
26 61
26 94
27 39
28 27
29 52
30 71
32 3
32 16
32 38
32 87
37 14
38 76
41 79
46 25
47 13
50 70
50 86
55 96
57 83
57 84
60 30
60 65
61 97
62 57
62 88
64 18
64 95
65 29
67 1
68 34
68 50
70 35
71 47
72 0
72 64
72 77
74 32
76 28
76 55
79 45
80 6
80 11
81 60
82 10
83 49
83 67
84 36
87 23
88 15
88 68
92 41
92 62
99 33
backbone tree 4, llh: -12828.056255
-1 72
0 81
1 37
3 43
8 26
9 8
9 99
13 22
13 46
13 74
14 82
15 21
21 5
22 7
23 9
23 44
23 80
25 92
26 61
26 94
28 27
29 52
30 71
32 3
32 16
32 38
32 87
37 14
38 76
38 95
41 79
43 39
46 25
47 13
50 70
50 86
55 96
57 83
57 84
60 30
60 65
61 97
62 57
62 88
64 18
65 29
67 1
68 34
68 50
70 35
71 47
72 0
72 64
72 77
74 32
76 28
76 55
79 45
80 6
80 11
81 60
82 10
83 49
83 67
84 36
87 23
88 15
88 68
92 41
92 62
99 33
backbone tree 5, llh: -12828.092894
-1 72
0 81
1 37
3 43
8 6
8 26
9 8
9 99
13 22
13 46
13 74
14 82
15 21
21 5
22 7
23 9
23 44
23 80
25 92
26 61
26 94
28 27
29 52
30 71
32 3
32 16
32 38
32 87
37 14
38 76
41 79
43 39
46 25
47 13
50 70
50 86
55 96
57 83
57 84
60 30
60 65
61 97
62 57
62 88
64 18
64 95
65 29
67 1
68 34
68 50
70 35
71 47
72 0
72 64
72 77
74 32
76 28
76 55
79 45
80 11
81 60
82 10
83 49
83 67
84 36
87 23
88 15
88 68
92 41
92 62
99 33
backbone tree 6, llh: -12828.106963
-1 72
0 81
1 37
3 43
8 26
9 8
9 99
13 22
13 46
13 74
14 82
15 21
21 5
22 7
23 9
23 44
23 80
25 92
26 61
26 94
28 27
29 52
30 71
32 3
32 16
32 38
32 87
37 14
38 76
41 79
43 39
46 25
47 13
49 45
50 70
50 86
55 96
57 83
57 84
60 30
60 65
61 97
62 57
62 88
64 18
64 95
65 29
67 1
68 34
68 50
70 35
71 47
72 0
72 64
72 77
74 32
76 28
76 55
80 6
80 11
81 60
82 10
83 49
83 67
84 36
87 23
88 15
88 68
92 41
92 62
99 33
backbone tree 7, llh: -12828.022740
-1 72
0 81
1 37
3 43
8 26
9 8
9 99
13 22
13 46
13 74
14 82
15 21
21 5
22 7
23 9
23 44
23 80
25 92
26 61
26 94
28 27
29 52
30 71
32 3
32 16
32 38
32 87
37 14
38 76
41 79
43 39
46 25
47 13
50 70
50 86
55 96
57 83
57 84
60 30
60 65
61 97
62 57
62 88
64 18
64 95
65 29
67 1
68 34
68 50
70 35
71 47
72 0
72 64
72 77
74 32
76 28
76 55
79 45
80 6
80 11
81 60
82 10
83 49
83 67
84 36
87 23
88 15
88 68
92 41
92 62
99 33
backbone tree 8, llh: -12828.081958
-1 72
0 81
1 37
3 43
8 26
9 8
9 99
13 22
13 46
13 74
14 82
15 21
21 5
22 7
23 9
23 44
23 80
25 92
26 61
26 94
28 27
29 52
30 71
32 3
32 16
32 38
32 87
37 14
38 76
38 95
41 79
46 25
47 13
50 70
50 86
55 96
57 83
57 84
60 30
60 65
61 97
62 39
62 57
62 88
64 18
65 29
67 1
68 34
68 50
70 35
71 47
72 0
72 64
72 77
74 32
76 28
76 55
79 45
80 6
80 11
81 60
82 10
83 49
83 67
84 36
87 23
88 15
88 68
92 41
92 62
99 33
backbone tree 9, llh: -12828.118589
-1 72
0 81
1 37
3 43
8 6
8 26
9 8
9 99
13 22
13 46
13 74
14 82
15 21
21 5
22 7
23 9
23 44
23 80
25 92
26 61
26 94
28 27
29 52
30 71
32 3
32 16
32 38
32 87
37 14
38 76
41 79
46 25
47 13
50 70
50 86
55 96
57 83
57 84
60 30
60 65
61 97
62 39
62 57
62 88
64 18
64 95
65 29
67 1
68 34
68 50
70 35
71 47
72 0
72 64
72 77
74 32
76 28
76 55
79 45
80 11
81 60
82 10
83 49
83 67
84 36
87 23
88 15
88 68
92 41
92 62
99 33
backbone tree 10, llh: -12828.048434
-1 72
0 81
1 37
3 43
8 26
9 8
9 99
13 22
13 46
13 74
14 82
15 21
21 5
22 7
23 9
23 44
23 80
25 92
26 61
26 94
28 27
29 52
30 71
32 3
32 16
32 38
32 87
37 14
38 76
41 79
46 25
47 13
50 70
50 86
55 96
57 83
57 84
60 30
60 65
61 97
62 39
62 57
62 88
64 18
64 95
65 29
67 1
68 34
68 50
70 35
71 47
72 0
72 64
72 77
74 32
76 28
76 55
79 45
80 6
80 11
81 60
82 10
83 49
83 67
84 36
87 23
88 15
88 68
92 41
92 62
99 33
backbone tree 11, llh: -12828.080128
-1 72
0 81
1 37
3 43
8 26
9 8
9 99
13 22
13 46
13 74
14 82
15 21
21 5
22 7
23 9
23 44
23 80
25 92
26 61
26 94
27 39
28 27
29 52
30 71
32 3
32 16
32 38
32 87
37 14
38 76
38 95
41 79
46 25
47 13
49 18
50 70
50 86
57 83
57 84
60 30
60 65
61 97
62 57
62 88
64 96
65 29
67 1
68 34
68 50
70 35
71 47
72 0
72 64
72 77
74 32
76 28
76 55
79 45
80 6
80 11
81 60
82 10
83 49
83 67
84 36
87 23
88 15
88 68
92 41
92 62
99 33
backbone tree 12, llh: -12828.096014
-1 72
0 81
1 37
3 43
8 26
9 8
9 99
13 22
13 46
13 74
14 82
15 21
21 5
22 7
23 9
23 44
23 80
25 92
26 61
26 94
27 39
28 27
29 52
30 71
32 3
32 16
32 38
32 87
37 14
38 76
41 79
46 25
47 13
49 18
50 70
50 86
57 83
57 84
60 30
60 65
61 97
62 57
62 88
64 95
64 96
65 29
67 1
68 34
68 50
70 35
71 47
72 0
72 64
72 77
74 32
76 28
76 55
79 45
80 6
80 11
81 60
82 10
83 49
83 67
84 36
87 23
88 15
88 68
92 41
92 62
99 33
backbone tree 13, llh: -12828.070679
-1 72
0 81
1 37
3 43
8 26
9 8
9 99
13 22
13 46
13 74
14 82
15 21
21 5
22 7
23 9
23 44
23 80
25 92
26 61
26 94
28 27
29 52
30 71
32 3
32 16
32 38
32 87
37 14
38 76
38 95
41 79
43 39
46 25
47 13
49 18
50 70
50 86
57 83
57 84
60 30
60 65
61 97
62 57
62 88
64 96
65 29
67 1
68 34
68 50
70 35
71 47
72 0
72 64
72 77
74 32
76 28
76 55
79 45
80 6
80 11
81 60
82 10
83 49
83 67
84 36
87 23
88 15
88 68
92 41
92 62
99 33
backbone tree 14, llh: -12828.086560
-1 72
0 81
1 37
3 43
8 26
9 8
9 99
13 22
13 46
13 74
14 82
15 21
21 5
22 7
23 9
23 44
23 80
25 92
26 61
26 94
28 27
29 52
30 71
32 3
32 16
32 38
32 87
37 14
38 76
41 79
43 39
46 25
47 13
49 18
50 70
50 86
57 83
57 84
60 30
60 65
61 97
62 57
62 88
64 95
64 96
65 29
67 1
68 34
68 50
70 35
71 47
72 0
72 64
72 77
74 32
76 28
76 55
79 45
80 6
80 11
81 60
82 10
83 49
83 67
84 36
87 23
88 15
88 68
92 41
92 62
99 33
backbone tree 15, llh: -12828.096396
-1 72
0 81
1 37
3 43
8 26
9 8
9 99
13 22
13 46
13 74
14 82
15 21
21 5
22 7
23 9
23 44
23 80
25 92
26 61
26 94
28 27
29 52
30 71
32 3
32 16
32 38
32 87
37 14
38 76
38 95
41 79
46 25
47 13
49 18
50 70
50 86
57 83
57 84
60 30
60 65
61 97
62 39
62 57
62 88
64 96
65 29
67 1
68 34
68 50
70 35
71 47
72 0
72 64
72 77
74 32
76 28
76 55
79 45
80 6
80 11
81 60
82 10
83 49
83 67
84 36
87 23
88 15
88 68
92 41
92 62
99 33
backbone tree 16, llh: -12828.112269
-1 72
0 81
1 37
3 43
8 26
9 8
9 99
13 22
13 46
13 74
14 82
15 21
21 5
22 7
23 9
23 44
23 80
25 92
26 61
26 94
28 27
29 52
30 71
32 3
32 16
32 38
32 87
37 14
38 76
41 79
46 25
47 13
49 18
50 70
50 86
57 83
57 84
60 30
60 65
61 97
62 39
62 57
62 88
64 95
64 96
65 29
67 1
68 34
68 50
70 35
71 47
72 0
72 64
72 77
74 32
76 28
76 55
79 45
80 6
80 11
81 60
82 10
83 49
83 67
84 36
87 23
88 15
88 68
92 41
92 62
99 33
backbone tree 17, llh: -12828.111985
-1 72
0 81
1 37
3 43
8 6
8 26
9 8
9 99
13 22
13 46
13 74
14 82
15 21
21 5
22 7
23 9
23 44
23 80
25 92
26 61
27 39
28 27
29 52
30 71
32 3
32 16
32 38
32 87
37 14
38 76
38 95
41 79
43 94
46 25
47 13
50 70
50 86
55 96
57 83
57 84
60 30
60 65
61 97
62 57
62 88
64 18
65 29
67 1
68 34
68 50
70 35
71 47
72 0
72 64
72 77
74 32
76 28
76 55
79 45
80 11
81 60
82 10
83 49
83 67
84 36
87 23
88 15
88 68
92 41
92 62
99 33
backbone tree 18, llh: -12828.052739
-1 72
0 81
1 37
3 43
8 26
9 8
9 99
13 22
13 46
13 74
14 82
15 21
21 5
22 7
23 9
23 44
23 80
25 92
26 61
27 39
28 27
29 52
30 71
32 3
32 16
32 38
32 87
37 14
38 76
38 95
41 79
43 94
46 25
47 13
50 70
50 86
55 96
57 83
57 84
60 30
60 65
61 97
62 57
62 88
64 18
65 29
67 1
68 34
68 50
70 35
71 47
72 0
72 64
72 77
74 32
76 28
76 55
79 45
80 6
80 11
81 60
82 10
83 49
83 67
84 36
87 23
88 15
88 68
92 41
92 62
99 33
backbone tree 19, llh: -12828.122208
-1 72
0 81
1 37
3 6
3 43
8 26
9 8
9 99
13 22
13 46
13 74
14 82
15 21
21 5
22 7
23 9
23 44
23 80
25 92
26 61
27 39
28 27
29 52
30 71
32 3
32 16
32 38
32 87
37 14
38 76
41 79
43 94
46 25
47 13
50 70
50 86
55 96
57 83
57 84
60 30
60 65
61 97
62 57
62 88
64 18
64 95
65 29
67 1
68 34
68 50
70 35
71 47
72 0
72 64
72 77
74 32
76 28
76 55
79 45
80 11
81 60
82 10
83 49
83 67
84 36
87 23
88 15
88 68
92 41
92 62
99 33
backbone tree 20, llh: -12828.077785
-1 72
0 81
1 37
3 43
8 6
8 26
9 8
9 99
13 22
13 46
13 74
14 82
15 21
21 5
22 7
23 9
23 44
23 80
25 92
26 61
27 39
28 27
29 52
30 71
32 3
32 16
32 38
32 87
37 14
38 76
41 79
43 94
46 25
47 13
50 70
50 86
55 96
57 83
57 84
60 30
60 65
61 97
62 57
62 88
64 18
64 95
65 29
67 1
68 34
68 50
70 35
71 47
72 0
72 64
72 77
74 32
76 28
76 55
79 45
80 11
81 60
82 10
83 49
83 67
84 36
87 23
88 15
88 68
92 41
92 62
99 33
backbone tree 21, llh: -12828.102768
-1 72
0 81
1 37
3 43
8 26
9 8
9 99
13 22
13 46
13 74
14 82
15 21
21 5
22 7
23 9
23 44
23 80
25 92
26 61
27 39
28 27
29 52
30 71
32 3
32 16
32 38
32 87
37 14
38 76
41 79
43 94
46 25
47 13
49 45
50 70
50 86
55 96
57 83
57 84
60 30
60 65
61 97
62 57
62 88
64 18
64 95
65 29
67 1
68 34
68 50
70 35
71 47
72 0
72 64
72 77
74 32
76 28
76 55
80 6
80 11
81 60
82 10
83 49
83 67
84 36
87 23
88 15
88 68
92 41
92 62
99 33
backbone tree 22, llh: -12828.018544
-1 72
0 81
1 37
3 43
8 26
9 8
9 99
13 22
13 46
13 74
14 82
15 21
21 5
22 7
23 9
23 44
23 80
25 92
26 61
27 39
28 27
29 52
30 71
32 3
32 16
32 38
32 87
37 14
38 76
41 79
43 94
46 25
47 13
50 70
50 86
55 96
57 83
57 84
60 30
60 65
61 97
62 57
62 88
64 18
64 95
65 29
67 1
68 34
68 50
70 35
71 47
72 0
72 64
72 77
74 32
76 28
76 55
79 45
80 6
80 11
81 60
82 10
83 49
83 67
84 36
87 23
88 15
88 68
92 41
92 62
99 33
backbone tree 23, llh: -12828.068994
-1 72
0 81
1 37
3 43
8 26
9 8
9 99
13 22
13 46
13 74
14 82
15 21
21 5
22 7
23 9
23 44
23 80
25 92
26 61
28 27
29 52
30 71
32 3
32 16
32 38
32 87
37 14
38 76
38 95
41 79
43 94
46 25
47 13
50 70
50 86
55 96
57 83
57 84
60 30
60 65
61 97
62 39
62 57
62 88
64 18
65 29
67 1
68 34
68 50
70 35
71 47
72 0
72 64
72 77
74 32
76 28
76 55
79 45
80 6
80 11
81 60
82 10
83 49
83 67
84 36
87 23
88 15
88 68
92 41
92 62
99 33
backbone tree 24, llh: -12828.094026
-1 72
0 81
1 37
3 43
8 6
8 26
9 8
9 99
13 22
13 46
13 74
14 82
15 21
21 5
22 7
23 9
23 44
23 80
25 92
26 61
28 27
29 52
30 71
32 3
32 16
32 38
32 87
37 14
38 76
41 79
43 94
46 25
47 13
50 70
50 86
55 96
57 83
57 84
60 30
60 65
61 97
62 39
62 57
62 88
64 18
64 95
65 29
67 1
68 34
68 50
70 35
71 47
72 0
72 64
72 77
74 32
76 28
76 55
79 45
80 11
81 60
82 10
83 49
83 67
84 36
87 23
88 15
88 68
92 41
92 62
99 33
backbone tree 25, llh: -12828.119008
-1 72
0 81
1 37
3 43
8 26
9 8
9 99
13 22
13 46
13 74
14 82
15 21
21 5
22 7
23 9
23 44
23 80
25 92
26 61
28 27
29 52
30 71
32 3
32 16
32 38
32 87
37 14
38 76
41 79
43 94
46 25
47 13
49 45
50 70
50 86
55 96
57 83
57 84
60 30
60 65
61 97
62 39
62 57
62 88
64 18
64 95
65 29
67 1
68 34
68 50
70 35
71 47
72 0
72 64
72 77
74 32
76 28
76 55
80 6
80 11
81 60
82 10
83 49
83 67
84 36
87 23
88 15
88 68
92 41
92 62
99 33
backbone tree 26, llh: -12828.034785
-1 72
0 81
1 37
3 43
8 26
9 8
9 99
13 22
13 46
13 74
14 82
15 21
21 5
22 7
23 9
23 44
23 80
25 92
26 61
28 27
29 52
30 71
32 3
32 16
32 38
32 87
37 14
38 76
41 79
43 94
46 25
47 13
50 70
50 86
55 96
57 83
57 84
60 30
60 65
61 97
62 39
62 57
62 88
64 18
64 95
65 29
67 1
68 34
68 50
70 35
71 47
72 0
72 64
72 77
74 32
76 28
76 55
79 45
80 6
80 11
81 60
82 10
83 49
83 67
84 36
87 23
88 15
88 68
92 41
92 62
99 33
backbone tree 27, llh: -12828.067166
-1 72
0 81
1 37
3 43
8 26
9 8
9 99
13 22
13 46
13 74
14 82
15 21
21 5
22 7
23 9
23 44
23 80
25 92
26 61
27 39
28 27
29 52
30 71
32 3
32 16
32 38
32 87
37 14
38 76
38 95
41 79
43 94
46 25
47 13
49 18
50 70
50 86
57 83
57 84
60 30
60 65
61 97
62 57
62 88
64 96
65 29
67 1
68 34
68 50
70 35
71 47
72 0
72 64
72 77
74 32
76 28
76 55
79 45
80 6
80 11
81 60
82 10
83 49
83 67
84 36
87 23
88 15
88 68
92 41
92 62
99 33
backbone tree 28, llh: -12828.082367
-1 72
0 81
1 37
3 43
8 26
9 8
9 99
13 22
13 46
13 74
14 82
15 21
21 5
22 7
23 9
23 44
23 80
25 92
26 61
27 39
28 27
29 52
30 71
32 3
32 16
32 38
32 87
37 14
38 76
41 79
43 94
46 25
47 13
49 18
50 70
50 86
57 83
57 84
60 30
60 65
61 97
62 57
62 88
64 95
64 96
65 29
67 1
68 34
68 50
70 35
71 47
72 0
72 64
72 77
74 32
76 28
76 55
79 45
80 6
80 11
81 60
82 10
83 49
83 67
84 36
87 23
88 15
88 68
92 41
92 62
99 33
backbone tree 29, llh: -12828.083434
-1 72
0 81
1 37
3 43
8 26
9 8
9 99
13 22
13 46
13 74
14 82
15 21
21 5
22 7
23 9
23 44
23 80
25 92
26 61
28 27
29 52
30 71
32 3
32 16
32 38
32 87
37 14
38 76
38 95
41 79
43 94
46 25
47 13
49 18
50 70
50 86
57 83
57 84
60 30
60 65
61 97
62 39
62 57
62 88
64 96
65 29
67 1
68 34
68 50
70 35
71 47
72 0
72 64
72 77
74 32
76 28
76 55
79 45
80 6
80 11
81 60
82 10
83 49
83 67
84 36
87 23
88 15
88 68
92 41
92 62
99 33
backbone tree 30, llh: -12828.098621
-1 72
0 81
1 37
3 43
8 26
9 8
9 99
13 22
13 46
13 74
14 82
15 21
21 5
22 7
23 9
23 44
23 80
25 92
26 61
28 27
29 52
30 71
32 3
32 16
32 38
32 87
37 14
38 76
41 79
43 94
46 25
47 13
49 18
50 70
50 86
57 83
57 84
60 30
60 65
61 97
62 39
62 57
62 88
64 95
64 96
65 29
67 1
68 34
68 50
70 35
71 47
72 0
72 64
72 77
74 32
76 28
76 55
79 45
80 6
80 11
81 60
82 10
83 49
83 67
84 36
87 23
88 15
88 68
92 41
92 62
99 33
backbone tree 31, llh: -12828.071637
-1 72
0 81
1 37
3 43
8 26
9 8
9 99
13 22
13 46
13 74
14 82
15 21
21 5
22 7
23 9
23 44
23 80
25 92
26 61
27 39
28 27
29 52
30 71
32 3
32 16
32 38
32 87
37 14
38 76
38 95
41 79
46 25
47 13
50 70
50 86
55 96
57 83
57 84
60 30
60 65
61 97
62 57
62 88
64 18
65 29
67 1
68 34
68 50
70 35
71 47
72 0
72 64
72 77
74 32
76 28
76 55
79 45
80 6
80 11
81 60
82 10
83 49
83 67
84 36
87 23
88 15
88 68
88 94
92 41
92 62
99 33
backbone tree 32, llh: -12828.096418
-1 72
0 81
1 37
3 43
8 6
8 26
9 8
9 99
13 22
13 46
13 74
14 82
15 21
21 5
22 7
23 9
23 44
23 80
25 92
26 61
27 39
28 27
29 52
30 71
32 3
32 16
32 38
32 87
37 14
38 76
41 79
46 25
47 13
50 70
50 86
55 96
57 83
57 84
60 30
60 65
61 97
62 57
62 88
64 18
64 95
65 29
67 1
68 34
68 50
70 35
71 47
72 0
72 64
72 77
74 32
76 28
76 55
79 45
80 11
81 60
82 10
83 49
83 67
84 36
87 23
88 15
88 68
88 94
92 41
92 62
99 33
backbone tree 33, llh: -12828.121398
-1 72
0 81
1 37
3 43
8 26
9 8
9 99
13 22
13 46
13 74
14 82
15 21
21 5
22 7
23 9
23 44
23 80
25 92
26 61
27 39
28 27
29 52
30 71
32 3
32 16
32 38
32 87
37 14
38 76
41 79
46 25
47 13
49 45
50 70
50 86
55 96
57 83
57 84
60 30
60 65
61 97
62 57
62 88
64 18
64 95
65 29
67 1
68 34
68 50
70 35
71 47
72 0
72 64
72 77
74 32
76 28
76 55
80 6
80 11
81 60
82 10
83 49
83 67
84 36
87 23
88 15
88 68
88 94
92 41
92 62
99 33
backbone tree 34, llh: -12828.037174
-1 72
0 81
1 37
3 43
8 26
9 8
9 99
13 22
13 46
13 74
14 82
15 21
21 5
22 7
23 9
23 44
23 80
25 92
26 61
27 39
28 27
29 52
30 71
32 3
32 16
32 38
32 87
37 14
38 76
41 79
46 25
47 13
50 70
50 86
55 96
57 83
57 84
60 30
60 65
61 97
62 57
62 88
64 18
64 95
65 29
67 1
68 34
68 50
70 35
71 47
72 0
72 64
72 77
74 32
76 28
76 55
79 45
80 6
80 11
81 60
82 10
83 49
83 67
84 36
87 23
88 15
88 68
88 94
92 41
92 62
99 33
backbone tree 35, llh: -12828.121437
-1 72
0 81
1 37
3 43
8 6
8 26
9 8
9 99
13 22
13 46
13 74
14 82
15 21
21 5
22 7
23 9
23 44
23 80
25 92
26 61
28 27
29 52
30 71
32 3
32 16
32 38
32 87
37 14
38 76
38 95
41 79
43 39
46 25
47 13
50 70
50 86
55 96
57 83
57 84
60 30
60 65
61 97
62 57
62 88
64 18
65 29
67 1
68 34
68 50
70 35
71 47
72 0
72 64
72 77
74 32
76 28
76 55
79 45
80 11
81 60
82 10
83 49
83 67
84 36
87 23
88 15
88 68
88 94
92 41
92 62
99 33
backbone tree 36, llh: -12828.062188
-1 72
0 81
1 37
3 43
8 26
9 8
9 99
13 22
13 46
13 74
14 82
15 21
21 5
22 7
23 9
23 44
23 80
25 92
26 61
28 27
29 52
30 71
32 3
32 16
32 38
32 87
37 14
38 76
38 95
41 79
43 39
46 25
47 13
50 70
50 86
55 96
57 83
57 84
60 30
60 65
61 97
62 57
62 88
64 18
65 29
67 1
68 34
68 50
70 35
71 47
72 0
72 64
72 77
74 32
76 28
76 55
79 45
80 6
80 11
81 60
82 10
83 49
83 67
84 36
87 23
88 15
88 68
88 94
92 41
92 62
99 33
backbone tree 37, llh: -12828.086964
-1 72
0 81
1 37
3 43
8 6
8 26
9 8
9 99
13 22
13 46
13 74
14 82
15 21
21 5
22 7
23 9
23 44
23 80
25 92
26 61
28 27
29 52
30 71
32 3
32 16
32 38
32 87
37 14
38 76
41 79
43 39
46 25
47 13
50 70
50 86
55 96
57 83
57 84
60 30
60 65
61 97
62 57
62 88
64 18
64 95
65 29
67 1
68 34
68 50
70 35
71 47
72 0
72 64
72 77
74 32
76 28
76 55
79 45
80 11
81 60
82 10
83 49
83 67
84 36
87 23
88 15
88 68
88 94
92 41
92 62
99 33
backbone tree 38, llh: -12828.111944
-1 72
0 81
1 37
3 43
8 26
9 8
9 99
13 22
13 46
13 74
14 82
15 21
21 5
22 7
23 9
23 44
23 80
25 92
26 61
28 27
29 52
30 71
32 3
32 16
32 38
32 87
37 14
38 76
41 79
43 39
46 25
47 13
49 45
50 70
50 86
55 96
57 83
57 84
60 30
60 65
61 97
62 57
62 88
64 18
64 95
65 29
67 1
68 34
68 50
70 35
71 47
72 0
72 64
72 77
74 32
76 28
76 55
80 6
80 11
81 60
82 10
83 49
83 67
84 36
87 23
88 15
88 68
88 94
92 41
92 62
99 33
backbone tree 39, llh: -12828.027720
-1 72
0 81
1 37
3 43
8 26
9 8
9 99
13 22
13 46
13 74
14 82
15 21
21 5
22 7
23 9
23 44
23 80
25 92
26 61
28 27
29 52
30 71
32 3
32 16
32 38
32 87
37 14
38 76
41 79
43 39
46 25
47 13
50 70
50 86
55 96
57 83
57 84
60 30
60 65
61 97
62 57
62 88
64 18
64 95
65 29
67 1
68 34
68 50
70 35
71 47
72 0
72 64
72 77
74 32
76 28
76 55
79 45
80 6
80 11
81 60
82 10
83 49
83 67
84 36
87 23
88 15
88 68
88 94
92 41
92 62
99 33
backbone tree 40, llh: -12828.095676
-1 72
0 81
1 37
3 43
8 26
9 8
9 99
13 22
13 46
13 74
14 82
15 21
21 5
22 7
23 9
23 44
23 80
25 92
26 61
28 27
29 52
30 71
32 3
32 16
32 38
32 87
37 14
38 76
38 95
41 79
46 25
47 13
50 70
50 86
55 96
57 83
57 84
60 30
60 65
61 97
62 39
62 57
62 88
64 18
65 29
67 1
68 34
68 50
70 35
71 47
72 0
72 64
72 77
74 32
76 28
76 55
79 45
80 6
80 11
81 60
82 10
83 49
83 67
84 36
87 23
88 15
88 68
88 94
92 41
92 62
99 33
backbone tree 41, llh: -12828.120443
-1 72
0 81
1 37
3 43
8 6
8 26
9 8
9 99
13 22
13 46
13 74
14 82
15 21
21 5
22 7
23 9
23 44
23 80
25 92
26 61
28 27
29 52
30 71
32 3
32 16
32 38
32 87
37 14
38 76
41 79
46 25
47 13
50 70
50 86
55 96
57 83
57 84
60 30
60 65
61 97
62 39
62 57
62 88
64 18
64 95
65 29
67 1
68 34
68 50
70 35
71 47
72 0
72 64
72 77
74 32
76 28
76 55
79 45
80 11
81 60
82 10
83 49
83 67
84 36
87 23
88 15
88 68
88 94
92 41
92 62
99 33
backbone tree 42, llh: -12828.061199
-1 72
0 81
1 37
3 43
8 26
9 8
9 99
13 22
13 46
13 74
14 82
15 21
21 5
22 7
23 9
23 44
23 80
25 92
26 61
28 27
29 52
30 71
32 3
32 16
32 38
32 87
37 14
38 76
41 79
46 25
47 13
50 70
50 86
55 96
57 83
57 84
60 30
60 65
61 97
62 39
62 57
62 88
64 18
64 95
65 29
67 1
68 34
68 50
70 35
71 47
72 0
72 64
72 77
74 32
76 28
76 55
79 45
80 6
80 11
81 60
82 10
83 49
83 67
84 36
87 23
88 15
88 68
88 94
92 41
92 62
99 33
backbone tree 43, llh: -12828.086070
-1 72
0 81
1 37
3 43
8 26
9 8
9 99
13 22
13 46
13 74
14 82
15 21
21 5
22 7
23 9
23 44
23 80
25 92
26 61
27 39
28 27
29 52
30 71
32 3
32 16
32 38
32 87
37 14
38 76
38 95
41 79
46 25
47 13
49 18
50 70
50 86
57 83
57 84
60 30
60 65
61 97
62 57
62 88
64 96
65 29
67 1
68 34
68 50
70 35
71 47
72 0
72 64
72 77
74 32
76 28
76 55
79 45
80 6
80 11
81 60
82 10
83 49
83 67
84 36
87 23
88 15
88 68
88 94
92 41
92 62
99 33
backbone tree 44, llh: -12828.101003
-1 72
0 81
1 37
3 43
8 26
9 8
9 99
13 22
13 46
13 74
14 82
15 21
21 5
22 7
23 9
23 44
23 80
25 92
26 61
27 39
28 27
29 52
30 71
32 3
32 16
32 38
32 87
37 14
38 76
41 79
46 25
47 13
49 18
50 70
50 86
57 83
57 84
60 30
60 65
61 97
62 57
62 88
64 95
64 96
65 29
67 1
68 34
68 50
70 35
71 47
72 0
72 64
72 77
74 32
76 28
76 55
79 45
80 6
80 11
81 60
82 10
83 49
83 67
84 36
87 23
88 15
88 68
88 94
92 41
92 62
99 33
backbone tree 45, llh: -12828.076621
-1 72
0 81
1 37
3 43
8 26
9 8
9 99
13 22
13 46
13 74
14 82
15 21
21 5
22 7
23 9
23 44
23 80
25 92
26 61
28 27
29 52
30 71
32 3
32 16
32 38
32 87
37 14
38 76
38 95
41 79
43 39
46 25
47 13
49 18
50 70
50 86
57 83
57 84
60 30
60 65
61 97
62 57
62 88
64 96
65 29
67 1
68 34
68 50
70 35
71 47
72 0
72 64
72 77
74 32
76 28
76 55
79 45
80 6
80 11
81 60
82 10
83 49
83 67
84 36
87 23
88 15
88 68
88 94
92 41
92 62
99 33
backbone tree 46, llh: -12828.091549
-1 72
0 81
1 37
3 43
8 26
9 8
9 99
13 22
13 46
13 74
14 82
15 21
21 5
22 7
23 9
23 44
23 80
25 92
26 61
28 27
29 52
30 71
32 3
32 16
32 38
32 87
37 14
38 76
41 79
43 39
46 25
47 13
49 18
50 70
50 86
57 83
57 84
60 30
60 65
61 97
62 57
62 88
64 95
64 96
65 29
67 1
68 34
68 50
70 35
71 47
72 0
72 64
72 77
74 32
76 28
76 55
79 45
80 6
80 11
81 60
82 10
83 49
83 67
84 36
87 23
88 15
88 68
88 94
92 41
92 62
99 33
backbone tree 47, llh: -12828.110494
-1 72
0 81
1 37
3 43
8 26
9 8
9 99
13 22
13 46
13 74
14 82
15 21
21 5
22 7
23 9
23 44
23 80
25 92
26 61
28 27
29 52
30 71
32 3
32 16
32 38
32 87
37 14
38 76
38 95
41 79
46 25
47 13
49 18
50 70
50 86
57 83
57 84
60 30
60 65
61 97
62 39
62 57
62 88
64 96
65 29
67 1
68 34
68 50
70 35
71 47
72 0
72 64
72 77
74 32
76 28
76 55
79 45
80 6
80 11
81 60
82 10
83 49
83 67
84 36
87 23
88 15
88 68
88 94
92 41
92 62
99 33
