# 3 backbone trees, 44 mutations
backbone tree 0, llh: -9257.243704
-1 0
0 63
0 74
4 29
4 84
9 19
9 70
10 48
10 87
11 55
19 28
19 90
21 9
25 88
28 71
31 83
32 91
35 10
35 60
35 81
41 53
41 92
45 80
46 11
48 45
48 93
51 57
52 67
55 49
63 35
65 25
65 39
67 32
69 46
70 34
70 65
71 69
74 52
83 51
84 85
87 21
87 41
88 4
91 31
backbone tree 1, llh: -9257.224825
-1 0
0 63
0 74
4 29
4 84
9 19
9 70
10 48
10 87
11 55
19 28
19 90
21 9
25 88
28 71
31 83
32 91
35 10
35 60
35 81
41 53
41 92
45 80
46 11
48 45
48 93
51 57
52 67
55 49
63 35
65 25
67 32
69 46
70 34
70 39
70 65
71 69
74 52
83 51
84 85
87 21
87 41
88 4
91 31
backbone tree 2, llh: -9257.242943
-1 0
0 63
0 74
4 84
9 19
9 70
10 48
10 87
11 55
19 28
19 90
21 9
25 88
28 71
31 83
32 91
35 10
35 60
35 81
41 53
41 92
45 80
46 11
48 45
48 93
51 57
52 67
55 49
63 35
65 25
65 39
67 32
69 46
70 34
70 65
71 69
74 52
83 51
84 85
87 21
87 41
88 4
91 31
92 29
