# 5 backbone trees, 53 mutations
backbone tree 0, llh: -9199.714426
-1 0
0 33
0 56
0 58
0 61
0 76
0 82
1 40
4 37
14 29
16 5
16 19
19 91
22 36
24 92
29 30
29 75
29 86
33 87
34 16
36 46
40 93
42 24
42 34
46 18
48 81
50 4
52 11
56 74
58 9
58 52
59 54
63 59
64 66
64 72
66 32
71 15
71 80
71 96
72 1
72 65
74 14
74 38
74 42
75 71
81 12
81 64
91 48
92 26
96 22
96 50
96 63
96 77
backbone tree 1, llh: -9199.765464
-1 0
0 33
0 56
0 58
0 61
0 76
0 82
1 40
4 37
14 29
16 5
16 19
19 91
22 36
24 92
29 75
29 86
33 87
34 16
36 46
40 93
42 24
42 34
46 18
48 81
50 4
52 11
56 74
58 9
58 52
59 54
63 59
64 66
64 72
66 32
71 15
71 80
71 96
72 1
72 65
74 14
74 38
74 42
75 30
75 71
81 12
81 64
91 48
92 26
96 22
96 50
96 63
96 77
backbone tree 2, llh: -9199.784441
-1 0
0 33
0 56
0 58
0 61
0 76
0 82
1 40
4 37
14 29
16 5
16 19
19 91
22 36
24 92
29 75
29 86
33 87
34 16
36 46
40 93
42 24
42 34
46 18
48 81
50 4
52 11
56 74
58 9
58 52
59 54
63 59
64 66
64 72
66 32
71 15
71 80
71 96
72 1
72 65
74 14
74 38
74 42
75 71
81 12
81 64
91 30
91 48
92 26
96 22
96 50
96 63
96 77
backbone tree 3, llh: -9199.779167
-1 0
0 33
0 56
0 58
0 61
0 76
0 82
1 40
4 37
14 29
16 19
19 91
22 36
24 92
29 30
29 75
29 86
33 87
34 16
36 46
40 93
42 24
42 34
46 18
48 81
50 4
52 5
52 11
56 74
58 9
58 52
59 54
63 59
64 66
64 72
66 32
71 15
71 80
71 96
72 1
72 65
74 14
74 38
74 42
75 71
81 12
81 64
91 48
92 26
96 22
96 50
96 63
96 77
backbone tree 4, llh: -9199.803261
-1 0
0 33
0 56
0 58
0 61
0 76
0 82
1 40
4 37
14 29
16 19
19 91
22 36
24 92
29 75
29 86
33 87
34 16
36 46
40 93
42 24
42 34
46 18
48 81
50 4
52 5
52 11
56 74
58 9
58 52
59 54
63 59
64 66
64 72
66 32
71 15
71 80
71 96
72 1
72 65
74 14
74 38
74 42
75 71
81 12
81 64
91 30
91 48
92 26
96 22
96 50
96 63
96 77
