# 2 backbone trees, 42 mutations
backbone tree 0, llh: -14094.122443
-1 0
0 10
0 49
0 85
1 43
1 70
3 68
5 80
7 36
9 26
10 7
10 56
14 22
21 11
21 25
21 69
22 21
25 63
26 78
29 14
33 47
33 76
36 67
40 1
40 42
42 48
48 9
50 5
63 66
65 62
65 77
66 79
66 82
67 33
68 29
70 57
73 65
76 3
77 40
78 50
82 73
85 24
backbone tree 1, llh: -14094.168912
-1 0
0 10
0 49
0 85
1 43
1 70
3 68
5 80
7 36
9 26
10 7
10 56
14 22
21 11
21 25
21 69
22 21
25 63
26 78
29 14
33 47
33 76
36 67
40 1
40 42
42 48
48 9
50 5
63 66
65 62
65 77
66 82
67 33
68 29
70 57
73 65
76 3
76 79
77 40
78 50
82 73
85 24
