# 6 backbone trees, 71 mutations
backbone tree 0, llh: -12556.686048
-1 0
0 2
0 28
0 95
2 8
2 80
3 45
3 69
4 54
6 66
6 93
10 68
10 89
11 39
14 70
15 57
16 77
17 3
17 18
18 21
18 41
21 72
22 6
23 96
24 67
25 62
27 37
27 47
28 46
30 32
30 33
30 88
30 92
32 7
33 38
33 78
34 15
36 12
36 83
37 4
38 44
38 52
41 74
41 87
43 85
44 11
46 22
46 59
54 14
57 86
59 43
62 34
62 36
64 31
65 17
68 73
68 76
72 40
72 64
74 20
84 30
85 10
85 27
85 84
86 16
86 23
86 91
89 25
91 1
91 24
91 65
backbone tree 1, llh: -12556.651482
-1 0
0 2
0 28
0 95
2 8
2 80
3 45
3 69
4 54
6 66
6 93
10 68
10 89
11 39
14 70
15 57
16 77
17 3
17 18
18 21
18 41
21 72
22 6
23 96
24 67
25 62
27 37
27 47
28 46
30 32
30 33
30 92
32 7
33 38
33 78
34 15
36 12
36 83
37 4
38 44
38 52
41 74
41 87
43 85
44 11
46 22
46 59
46 88
54 14
57 86
59 43
62 34
62 36
64 31
65 17
68 73
68 76
72 40
72 64
74 20
84 30
85 10
85 27
85 84
86 16
86 23
86 91
89 25
91 1
91 24
91 65
backbone tree 2, llh: -12556.715871
-1 0
0 2
0 28
0 95
2 8
2 80
3 45
3 69
4 54
6 66
6 93
10 68
10 89
11 39
14 70
15 57
16 77
17 3
17 18
18 21
18 41
21 72
22 6
23 96
24 67
25 62
27 37
27 47
28 46
30 32
30 33
30 92
32 7
33 38
33 78
34 15
36 12
36 83
37 4
38 44
38 52
41 74
41 87
43 85
44 11
46 22
46 59
54 14
57 86
59 43
62 34
62 36
64 31
65 17
67 88
68 73
68 76
72 40
72 64
74 20
84 30
85 10
85 27
85 84
86 16
86 23
86 91
89 25
91 1
91 24
91 65
backbone tree 3, llh: -12556.613803
-1 0
0 2
0 28
0 95
2 8
2 80
3 45
3 69
4 54
6 66
6 93
10 68
10 89
11 39
14 70
15 57
16 77
17 3
17 18
18 21
18 41
21 72
22 6
23 96
24 67
25 62
27 37
27 47
28 46
30 32
30 33
30 92
32 7
33 38
33 78
34 15
36 12
36 83
37 4
38 44
38 52
41 74
41 87
43 85
44 11
46 22
46 59
54 14
57 86
59 43
62 34
62 36
64 31
65 17
68 73
68 76
72 40
72 64
74 20
84 30
85 10
85 27
85 84
85 88
86 16
86 23
86 91
89 25
91 1
91 24
91 65
backbone tree 4, llh: -12556.717838
-1 0
0 2
0 28
0 95
2 8
2 80
3 45
3 69
4 54
6 66
6 93
10 68
10 89
11 39
14 70
15 57
16 77
17 3
17 18
18 21
18 41
21 72
22 6
23 96
24 67
25 62
27 37
27 47
28 46
30 32
30 33
30 92
33 38
33 78
34 15
36 12
36 83
37 4
38 44
38 52
40 7
41 74
41 87
43 85
44 11
46 22
46 59
54 14
57 86
59 43
62 34
62 36
64 31
65 17
68 73
68 76
72 40
72 64
74 20
84 30
85 10
85 27
85 84
85 88
86 16
86 23
86 91
89 25
91 1
91 24
91 65
backbone tree 5, llh: -12556.710627
-1 0
0 2
0 28
0 95
2 8
2 80
3 45
3 69
4 54
6 66
6 93
10 68
10 89
14 70
15 57
16 77
17 3
17 18
18 21
18 41
21 72
22 6
23 96
24 67
25 62
27 37
27 47
28 46
30 32
30 33
30 92
32 7
33 38
33 78
34 15
36 12
36 83
37 4
38 44
38 52
41 74
41 87
43 85
44 11
46 22
46 59
54 14
57 86
59 43
62 34
62 36
64 31
65 17
68 73
68 76
72 40
72 64
74 20
77 39
84 30
85 10
85 27
85 84
85 88
86 16
86 23
86 91
89 25
91 1
91 24
91 65
