# 29 backbone trees, 61 mutations
backbone tree 0, llh: -11899.941158
-1 0
0 16
0 29
0 78
0 85
3 7
4 6
4 34
6 59
6 70
8 51
8 53
10 95
14 4
16 99
17 74
17 94
18 3
18 19
18 61
20 46
22 52
26 18
27 22
27 96
30 84
30 93
34 63
36 30
40 13
40 15
40 38
40 71
42 20
42 62
42 77
42 79
45 32
48 8
52 26
52 76
53 27
53 36
53 40
60 82
60 83
70 17
70 88
71 91
75 60
77 33
78 45
78 90
79 14
82 42
84 75
90 10
90 24
90 25
95 48
96 28
backbone tree 1, llh: -11899.931020
-1 0
0 16
0 29
0 78
0 85
3 7
4 6
4 34
6 25
6 59
6 70
8 53
10 95
14 4
16 99
17 74
17 94
18 3
18 19
18 61
20 46
22 52
26 18
27 22
27 96
30 84
30 93
34 63
36 30
40 13
40 15
40 38
40 71
42 20
42 62
42 77
42 79
45 32
48 8
52 26
52 76
53 27
53 36
53 40
60 82
60 83
70 17
70 88
71 91
75 60
77 33
78 45
78 90
79 14
82 42
84 75
90 10
90 24
94 51
95 48
96 28
backbone tree 2, llh: -11899.872902
-1 0
0 16
0 29
0 78
0 85
3 7
4 6
4 34
6 59
6 70
8 53
10 95
14 4
16 99
17 74
17 94
18 3
18 19
18 61
20 46
22 52
26 18
27 22
27 96
30 84
30 93
34 63
36 30
40 13
40 15
40 38
40 71
42 20
42 62
42 77
42 79
45 32
48 8
52 26
52 76
53 27
53 36
53 40
60 82
60 83
70 17
70 88
71 91
75 60
77 33
78 45
78 90
79 14
82 42
84 75
90 10
90 24
90 25
94 51
95 48
96 28
backbone tree 3, llh: -11899.940370
-1 0
0 16
0 29
0 78
0 85
3 7
4 6
4 34
6 59
6 70
8 51
8 53
10 95
14 4
16 99
17 74
17 94
18 3
18 19
18 61
20 46
22 52
26 18
27 22
27 96
30 84
30 93
34 63
36 30
40 13
40 15
40 38
40 71
42 20
42 62
42 77
42 79
45 32
48 8
52 26
53 27
53 36
53 40
60 82
60 83
70 17
70 76
70 88
71 91
75 60
77 33
78 45
78 90
79 14
82 42
84 75
90 10
90 24
90 25
95 48
96 28
backbone tree 4, llh: -11899.930275
-1 0
0 16
0 29
0 78
0 85
3 7
4 6
4 34
6 25
6 59
6 70
8 53
10 95
14 4
16 99
17 74
17 94
18 3
18 19
18 61
20 46
22 52
26 18
27 22
27 96
30 84
30 93
34 63
36 30
40 13
40 15
40 38
40 71
42 20
42 62
42 77
42 79
45 32
48 8
52 26
53 27
53 36
53 40
60 82
60 83
70 17
70 76
70 88
71 91
75 60
77 33
78 45
78 90
79 14
82 42
84 75
90 10
90 24
94 51
95 48
96 28
backbone tree 5, llh: -11899.872122
-1 0
0 16
0 29
0 78
0 85
3 7
4 6
4 34
6 59
6 70
8 53
10 95
14 4
16 99
17 74
17 94
18 3
18 19
18 61
20 46
22 52
26 18
27 22
27 96
30 84
30 93
34 63
36 30
40 13
40 15
40 38
40 71
42 20
42 62
42 77
42 79
45 32
48 8
52 26
53 27
53 36
53 40
60 82
60 83
70 17
70 76
70 88
71 91
75 60
77 33
78 45
78 90
79 14
82 42
84 75
90 10
90 24
90 25
94 51
95 48
96 28
backbone tree 6, llh: -11899.918915
-1 0
0 16
0 29
0 78
0 85
3 7
4 6
4 34
6 25
6 70
8 51
8 53
10 95
14 4
16 99
17 74
17 94
18 3
18 19
18 61
20 46
22 52
26 18
27 22
27 96
30 84
30 93
34 63
36 30
40 13
40 15
40 38
40 71
42 20
42 62
42 77
42 79
45 32
48 8
52 26
52 76
53 27
53 36
53 40
60 82
60 83
70 17
70 88
71 91
75 60
77 33
78 45
78 90
79 14
82 42
84 75
90 10
90 24
90 59
95 48
96 28
backbone tree 7, llh: -11899.850647
-1 0
0 16
0 29
0 78
0 85
3 7
4 6
4 34
6 25
6 70
8 53
10 95
14 4
16 99
17 74
17 94
18 3
18 19
18 61
20 46
22 52
26 18
27 22
27 96
30 84
30 93
34 63
36 30
40 13
40 15
40 38
40 71
42 20
42 62
42 77
42 79
45 32
48 8
52 26
52 76
53 27
53 36
53 40
60 82
60 83
70 17
70 88
71 91
75 60
77 33
78 45
78 90
79 14
82 42
84 75
90 10
90 24
90 59
94 51
95 48
96 28
backbone tree 8, llh: -11899.948275
-1 0
0 16
0 29
0 78
0 85
3 7
4 6
4 34
6 70
8 53
10 95
14 4
16 99
17 74
17 94
18 3
18 19
18 61
20 46
22 52
26 18
27 22
27 96
30 84
30 93
34 63
36 30
40 13
40 15
40 38
40 71
42 20
42 62
42 77
42 79
45 32
48 8
52 26
52 76
53 27
53 36
53 40
60 82
60 83
70 17
70 88
71 91
75 60
77 33
78 45
78 90
79 14
82 42
84 75
90 10
90 24
90 25
90 59
94 51
95 48
96 28
backbone tree 9, llh: -11899.918101
-1 0
0 16
0 29
0 78
0 85
3 7
4 6
4 34
6 25
6 70
8 51
8 53
10 95
14 4
16 99
17 74
17 94
18 3
18 19
18 61
20 46
22 52
26 18
27 22
27 96
30 84
30 93
34 63
36 30
40 13
40 15
40 38
40 71
42 20
42 62
42 77
42 79
45 32
48 8
52 26
53 27
53 36
53 40
60 82
60 83
70 17
70 76
70 88
71 91
75 60
77 33
78 45
78 90
79 14
82 42
84 75
90 10
90 24
90 59
95 48
96 28
backbone tree 10, llh: -11899.849842
-1 0
0 16
0 29
0 78
0 85
3 7
4 6
4 34
6 25
6 70
8 53
10 95
14 4
16 99
17 74
17 94
18 3
18 19
18 61
20 46
22 52
26 18
27 22
27 96
30 84
30 93
34 63
36 30
40 13
40 15
40 38
40 71
42 20
42 62
42 77
42 79
45 32
48 8
52 26
53 27
53 36
53 40
60 82
60 83
70 17
70 76
70 88
71 91
75 60
77 33
78 45
78 90
79 14
82 42
84 75
90 10
90 24
90 59
94 51
95 48
96 28
backbone tree 11, llh: -11899.947470
-1 0
0 16
0 29
0 78
0 85
3 7
4 6
4 34
6 70
8 53
10 95
14 4
16 99
17 74
17 94
18 3
18 19
18 61
20 46
22 52
26 18
27 22
27 96
30 84
30 93
34 63
36 30
40 13
40 15
40 38
40 71
42 20
42 62
42 77
42 79
45 32
48 8
52 26
53 27
53 36
53 40
60 82
60 83
70 17
70 76
70 88
71 91
75 60
77 33
78 45
78 90
79 14
82 42
84 75
90 10
90 24
90 25
90 59
94 51
95 48
96 28
backbone tree 12, llh: -11899.948058
-1 0
0 16
0 29
0 78
0 85
3 7
4 6
4 34
6 25
6 70
8 53
10 95
14 4
16 99
17 74
17 94
18 3
18 19
18 61
20 46
22 52
26 18
27 22
27 96
30 84
30 93
34 63
36 30
40 13
40 15
40 38
40 71
42 20
42 62
42 77
42 79
48 8
52 26
52 76
53 27
53 36
53 40
60 82
60 83
61 32
70 17
70 88
71 91
75 60
77 33
78 45
78 90
79 14
82 42
84 75
90 10
90 24
90 59
94 51
95 48
96 28
backbone tree 13, llh: -11899.947252
-1 0
0 16
0 29
0 78
0 85
3 7
4 6
4 34
6 25
6 70
8 53
10 95
14 4
16 99
17 74
17 94
18 3
18 19
18 61
20 46
22 52
26 18
27 22
27 96
30 84
30 93
34 63
36 30
40 13
40 15
40 38
40 71
42 20
42 62
42 77
42 79
48 8
52 26
53 27
53 36
53 40
60 82
60 83
61 32
70 17
70 76
70 88
71 91
75 60
77 33
78 45
78 90
79 14
82 42
84 75
90 10
90 24
90 59
94 51
95 48
96 28
backbone tree 14, llh: -11899.950429
-1 0
0 16
0 29
0 78
0 85
3 7
4 6
4 34
6 25
6 59
6 70
8 53
10 95
14 4
16 99
17 74
17 94
18 3
18 19
18 61
20 46
22 52
26 18
27 22
27 96
30 84
30 93
34 63
36 30
40 13
40 15
40 38
40 71
42 20
42 62
42 77
42 79
45 32
48 8
52 26
52 76
53 27
53 36
53 40
60 82
70 17
70 88
71 91
75 60
77 33
78 45
78 90
79 14
82 42
82 83
84 75
90 10
90 24
94 51
95 48
96 28
backbone tree 15, llh: -11899.892303
-1 0
0 16
0 29
0 78
0 85
3 7
4 6
4 34
6 59
6 70
8 53
10 95
14 4
16 99
17 74
17 94
18 3
18 19
18 61
20 46
22 52
26 18
27 22
27 96
30 84
30 93
34 63
36 30
40 13
40 15
40 38
40 71
42 20
42 62
42 77
42 79
45 32
48 8
52 26
52 76
53 27
53 36
53 40
60 82
70 17
70 88
71 91
75 60
77 33
78 45
78 90
79 14
82 42
82 83
84 75
90 10
90 24
90 25
94 51
95 48
96 28
backbone tree 16, llh: -11899.949684
-1 0
0 16
0 29
0 78
0 85
3 7
4 6
4 34
6 25
6 59
6 70
8 53
10 95
14 4
16 99
17 74
17 94
18 3
18 19
18 61
20 46
22 52
26 18
27 22
27 96
30 84
30 93
34 63
36 30
40 13
40 15
40 38
40 71
42 20
42 62
42 77
42 79
45 32
48 8
52 26
53 27
53 36
53 40
60 82
70 17
70 76
70 88
71 91
75 60
77 33
78 45
78 90
79 14
82 42
82 83
84 75
90 10
90 24
94 51
95 48
96 28
backbone tree 17, llh: -11899.891523
-1 0
0 16
0 29
0 78
0 85
3 7
4 6
4 34
6 59
6 70
8 53
10 95
14 4
16 99
17 74
17 94
18 3
18 19
18 61
20 46
22 52
26 18
27 22
27 96
30 84
30 93
34 63
36 30
40 13
40 15
40 38
40 71
42 20
42 62
42 77
42 79
45 32
48 8
52 26
53 27
53 36
53 40
60 82
70 17
70 76
70 88
71 91
75 60
77 33
78 45
78 90
79 14
82 42
82 83
84 75
90 10
90 24
90 25
94 51
95 48
96 28
backbone tree 18, llh: -11899.930813
-1 0
0 16
0 29
0 78
0 85
3 7
4 6
4 34
6 25
6 70
8 51
8 53
10 95
14 4
16 99
17 74
17 94
18 3
18 19
18 61
20 46
22 52
26 18
27 22
27 96
30 84
30 93
34 63
36 30
40 13
40 15
40 38
40 71
42 20
42 62
42 77
42 79
45 32
48 8
52 26
52 76
53 27
53 36
53 40
60 82
70 17
70 88
71 91
75 60
77 33
78 45
78 90
79 14
82 42
82 83
84 75
90 10
90 24
90 59
95 48
96 28
backbone tree 19, llh: -11899.862546
-1 0
0 16
0 29
0 78
0 85
3 7
4 6
4 34
6 25
6 70
8 53
10 95
14 4
16 99
17 74
17 94
18 3
18 19
18 61
20 46
22 52
26 18
27 22
27 96
30 84
30 93
34 63
36 30
40 13
40 15
40 38
40 71
42 20
42 62
42 77
42 79
45 32
48 8
52 26
52 76
53 27
53 36
53 40
60 82
70 17
70 88
71 91
75 60
77 33
78 45
78 90
79 14
82 42
82 83
84 75
90 10
90 24
90 59
94 51
95 48
96 28
backbone tree 20, llh: -11899.930000
-1 0
0 16
0 29
0 78
0 85
3 7
4 6
4 34
6 25
6 70
8 51
8 53
10 95
14 4
16 99
17 74
17 94
18 3
18 19
18 61
20 46
22 52
26 18
27 22
27 96
30 84
30 93
34 63
36 30
40 13
40 15
40 38
40 71
42 20
42 62
42 77
42 79
45 32
48 8
52 26
53 27
53 36
53 40
60 82
70 17
70 76
70 88
71 91
75 60
77 33
78 45
78 90
79 14
82 42
82 83
84 75
90 10
90 24
90 59
95 48
96 28
backbone tree 21, llh: -11899.861741
-1 0
0 16
0 29
0 78
0 85
3 7
4 6
4 34
6 25
6 70
8 53
10 95
14 4
16 99
17 74
17 94
18 3
18 19
18 61
20 46
22 52
26 18
27 22
27 96
30 84
30 93
34 63
36 30
40 13
40 15
40 38
40 71
42 20
42 62
42 77
42 79
45 32
48 8
52 26
53 27
53 36
53 40
60 82
70 17
70 76
70 88
71 91
75 60
77 33
78 45
78 90
79 14
82 42
82 83
84 75
90 10
90 24
90 59
94 51
95 48
96 28
backbone tree 22, llh: -11899.923376
-1 0
0 16
0 29
0 78
0 85
3 7
4 6
4 34
6 59
6 70
8 53
10 95
14 4
16 99
17 74
17 94
18 3
18 19
18 61
20 46
22 52
26 18
27 22
27 96
30 84
30 93
34 63
36 30
40 13
40 15
40 38
40 71
42 20
42 77
42 79
45 62
48 8
52 26
52 76
53 27
53 36
53 40
60 82
61 32
70 17
70 88
71 91
75 60
77 33
78 45
78 90
79 14
82 42
82 83
84 75
90 10
90 24
90 25
94 51
95 48
96 28
backbone tree 23, llh: -11899.946366
-1 0
0 16
0 29
0 78
0 85
3 7
4 6
4 34
6 59
6 70
8 53
10 95
14 4
16 99
17 74
17 94
18 3
18 19
18 61
20 46
22 52
26 18
27 22
27 96
30 84
30 93
36 30
40 13
40 15
40 38
40 71
42 20
42 63
42 77
42 79
45 62
48 8
52 26
52 76
53 27
53 36
53 40
60 82
61 32
70 17
70 88
71 91
75 60
77 33
78 45
78 90
79 14
82 42
82 83
84 75
90 10
90 24
90 25
94 51
95 48
96 28
backbone tree 24, llh: -11899.940426
-1 0
0 16
0 29
0 78
0 85
3 7
4 6
4 34
6 59
6 70
8 53
10 95
14 4
16 99
17 74
17 94
18 3
18 19
18 61
20 46
22 52
26 18
27 22
27 96
30 84
30 93
34 63
36 30
40 13
40 15
40 38
40 71
42 20
42 77
42 79
45 62
48 8
52 26
53 27
53 36
53 40
60 76
60 82
61 32
70 17
70 88
71 91
75 60
77 33
78 45
78 90
79 14
82 42
82 83
84 75
90 10
90 24
90 25
94 51
95 48
96 28
backbone tree 25, llh: -11899.922595
-1 0
0 16
0 29
0 78
0 85
3 7
4 6
4 34
6 59
6 70
8 53
10 95
14 4
16 99
17 74
17 94
18 3
18 19
18 61
20 46
22 52
26 18
27 22
27 96
30 84
30 93
34 63
36 30
40 13
40 15
40 38
40 71
42 20
42 77
42 79
45 62
48 8
52 26
53 27
53 36
53 40
60 82
61 32
70 17
70 76
70 88
71 91
75 60
77 33
78 45
78 90
79 14
82 42
82 83
84 75
90 10
90 24
90 25
94 51
95 48
96 28
backbone tree 26, llh: -11899.945591
-1 0
0 16
0 29
0 78
0 85
3 7
4 6
4 34
6 59
6 70
8 53
10 95
14 4
16 99
17 74
17 94
18 3
18 19
18 61
20 46
22 52
26 18
27 22
27 96
30 84
30 93
36 30
40 13
40 15
40 38
40 71
42 20
42 63
42 77
42 79
45 62
48 8
52 26
53 27
53 36
53 40
60 82
61 32
70 17
70 76
70 88
71 91
75 60
77 33
78 45
78 90
79 14
82 42
82 83
84 75
90 10
90 24
90 25
94 51
95 48
96 28
backbone tree 27, llh: -11899.953221
-1 0
0 16
0 29
0 78
0 85
3 7
4 6
4 34
6 25
6 70
8 53
10 95
14 4
16 99
17 74
17 94
18 3
18 19
18 61
20 46
22 52
26 18
27 22
27 96
30 84
30 93
34 63
36 30
40 13
40 15
40 38
40 71
42 20
42 77
42 79
45 62
48 8
52 26
52 76
53 27
53 36
53 40
60 82
61 32
70 17
70 88
71 91
75 60
77 33
78 45
78 90
79 14
82 42
82 83
84 75
90 10
90 24
90 59
94 51
95 48
96 28
backbone tree 28, llh: -11899.952415
-1 0
0 16
0 29
0 78
0 85
3 7
4 6
4 34
6 25
6 70
8 53
10 95
14 4
16 99
17 74
17 94
18 3
18 19
18 61
20 46
22 52
26 18
27 22
27 96
30 84
30 93
34 63
36 30
40 13
40 15
40 38
40 71
42 20
42 77
42 79
45 62
48 8
52 26
53 27
53 36
53 40
60 82
61 32
70 17
70 76
70 88
71 91
75 60
77 33
78 45
78 90
79 14
82 42
82 83
84 75
90 10
90 24
90 59
94 51
95 48
96 28
