# 9 backbone trees, 53 mutations
backbone tree 0, llh: -14549.907570
-1 0
0 10
0 49
0 85
1 43
1 70
3 68
5 80
5 84
7 36
9 26
9 41
10 7
10 56
11 89
14 22
21 11
21 25
21 69
22 21
22 75
25 63
26 78
29 14
33 47
33 76
36 19
36 67
40 1
40 42
42 48
43 28
48 9
48 86
50 5
56 34
57 59
63 66
65 62
65 77
66 31
66 82
67 33
68 29
70 57
73 65
75 4
76 3
76 79
77 40
78 50
82 73
85 24
backbone tree 1, llh: -14549.977604
-1 0
0 10
0 49
0 85
1 43
1 70
3 68
5 80
5 84
7 36
9 26
9 41
10 7
10 56
11 89
14 22
21 11
21 25
21 69
22 21
22 75
25 63
26 78
29 14
33 47
33 76
36 19
36 67
40 1
40 42
42 48
43 28
48 9
48 86
50 5
57 59
63 66
65 62
65 77
66 31
66 82
67 33
68 29
70 57
73 65
75 4
76 3
76 79
77 40
78 34
78 50
82 73
85 24
backbone tree 2, llh: -14549.947624
-1 0
0 10
0 49
0 85
1 43
1 70
3 68
5 80
5 84
7 36
9 26
9 41
10 7
10 56
11 89
14 22
21 11
21 25
21 69
22 21
22 75
25 63
26 78
29 14
33 47
33 76
36 19
36 67
40 1
40 42
42 48
43 28
48 9
50 5
56 86
57 59
63 66
65 62
65 77
66 31
66 82
67 33
68 29
70 57
73 65
75 4
76 3
76 79
77 40
78 34
78 50
82 73
85 24
backbone tree 3, llh: -14549.971345
-1 0
0 10
0 49
0 85
1 43
1 70
3 68
5 80
5 84
7 36
9 26
9 86
10 7
10 56
11 89
14 22
21 11
21 25
21 69
22 21
22 75
25 63
26 78
29 14
33 47
33 76
36 19
36 67
40 1
40 41
40 42
42 48
43 28
48 9
50 5
56 34
57 59
63 66
65 62
65 77
66 31
66 82
67 33
68 29
70 57
73 65
75 4
76 3
76 79
77 40
78 50
82 73
85 24
backbone tree 4, llh: -14549.911643
-1 0
0 10
0 49
0 85
1 43
1 70
3 68
5 80
5 84
7 36
9 26
10 7
10 56
11 89
14 22
21 11
21 25
21 69
22 21
22 75
25 63
26 78
29 14
33 47
33 76
36 19
36 67
40 1
40 41
40 42
42 48
43 28
48 9
48 86
50 5
56 34
57 59
63 66
65 62
65 77
66 31
66 82
67 33
68 29
70 57
73 65
75 4
76 3
76 79
77 40
78 50
82 73
85 24
backbone tree 5, llh: -14549.981633
-1 0
0 10
0 49
0 85
1 43
1 70
3 68
5 80
5 84
7 36
9 26
10 7
10 56
11 89
14 22
21 11
21 25
21 69
22 21
22 75
25 63
26 78
29 14
33 47
33 76
36 19
36 67
40 1
40 41
40 42
42 48
43 28
48 9
48 86
50 5
57 59
63 66
65 62
65 77
66 31
66 82
67 33
68 29
70 57
73 65
75 4
76 3
76 79
77 40
78 34
78 50
82 73
85 24
backbone tree 6, llh: -14549.951690
-1 0
0 10
0 49
0 85
1 43
1 70
3 68
5 80
5 84
7 36
9 26
10 7
10 56
11 89
14 22
21 11
21 25
21 69
22 21
22 75
25 63
26 78
29 14
33 47
33 76
36 19
36 67
40 1
40 41
40 42
42 48
43 28
48 9
50 5
56 86
57 59
63 66
65 62
65 77
66 31
66 82
67 33
68 29
70 57
73 65
75 4
76 3
76 79
77 40
78 34
78 50
82 73
85 24
backbone tree 7, llh: -14549.955652
-1 0
0 10
0 49
0 85
1 43
1 70
3 68
5 80
5 84
7 36
9 26
10 7
10 56
11 89
14 22
21 11
21 25
21 69
22 21
22 75
25 63
26 78
29 14
33 47
33 76
36 19
36 67
40 1
40 42
42 48
43 28
48 9
48 86
50 5
56 34
57 59
63 66
65 62
65 77
66 31
66 82
67 33
68 29
69 41
70 57
73 65
75 4
76 3
76 79
77 40
78 50
82 73
85 24
backbone tree 8, llh: -14549.995745
-1 0
0 10
0 49
0 85
1 43
1 70
3 68
5 80
5 84
7 36
9 26
10 7
10 56
11 89
14 22
21 11
21 25
21 69
22 21
22 75
25 63
26 78
29 14
33 47
33 76
36 19
36 67
40 1
40 42
42 48
43 28
48 9
50 5
56 86
57 59
63 66
65 62
65 77
66 31
66 82
67 33
68 29
69 41
70 57
73 65
75 4
76 3
76 79
77 40
78 34
78 50
82 73
85 24
