# 24 backbone trees, 75 mutations
backbone tree 0, llh: -10010.986453
-1 0
0 17
0 31
0 34
0 65
1 63
1 74
3 60
3 93
4 30
4 50
4 85
9 78
10 33
10 81
11 64
12 56
12 57
13 59
16 27
16 58
17 18
17 19
17 73
19 29
19 99
21 79
25 39
26 95
27 23
28 45
30 62
31 9
33 44
33 53
33 92
41 11
41 88
45 46
48 83
50 12
50 51
52 10
52 67
52 76
55 48
56 16
56 21
56 25
56 86
57 8
57 55
59 1
59 28
61 89
65 26
67 13
67 75
71 68
72 3
74 37
75 87
76 80
78 4
78 72
79 61
80 43
81 32
81 71
81 90
83 5
83 77
85 41
86 52
92 84
backbone tree 1, llh: -10010.985738
-1 0
0 17
0 31
0 34
0 65
1 63
1 74
3 60
3 93
4 30
4 50
4 85
9 78
10 33
10 81
11 64
12 56
12 57
13 59
16 27
16 58
17 19
17 73
19 29
19 99
21 79
25 39
26 95
27 23
28 45
30 18
30 62
31 9
33 44
33 53
33 92
41 11
41 88
45 46
48 83
50 12
50 51
52 10
52 67
52 76
55 48
56 16
56 21
56 25
56 86
57 8
57 55
59 1
59 28
61 89
65 26
67 13
67 75
71 68
72 3
74 37
75 87
76 80
78 4
78 72
79 61
80 43
81 32
81 71
81 90
83 5
83 77
85 41
86 52
92 84
backbone tree 2, llh: -10010.954674
-1 0
0 17
0 31
0 34
0 65
1 63
1 74
3 60
3 93
4 30
4 50
4 85
9 78
10 33
10 81
11 64
12 56
12 57
13 59
16 27
16 58
17 18
17 19
17 73
19 29
19 99
21 79
25 39
26 95
28 45
30 62
31 9
33 44
33 53
33 92
41 11
41 88
45 46
48 83
50 12
50 51
52 10
52 67
52 76
55 48
56 16
56 21
56 25
56 86
57 8
57 55
59 1
59 28
61 89
62 23
65 26
67 13
67 75
71 68
72 3
74 37
75 87
76 80
78 4
78 72
79 61
80 43
81 32
81 71
81 90
83 5
83 77
85 41
86 52
92 84
backbone tree 3, llh: -10011.026196
-1 0
0 17
0 31
0 34
0 65
1 63
1 74
3 60
3 93
4 30
4 50
4 85
9 78
10 33
10 81
11 64
12 56
12 57
13 59
16 27
16 58
17 19
17 73
19 29
19 99
21 79
25 39
26 18
26 95
28 45
30 62
31 9
33 44
33 53
33 92
41 11
41 88
45 46
48 83
50 12
50 51
52 10
52 67
52 76
55 48
56 16
56 21
56 25
56 86
57 8
57 55
59 1
59 28
61 89
62 23
65 26
67 13
67 75
71 68
72 3
74 37
75 87
76 80
78 4
78 72
79 61
80 43
81 32
81 71
81 90
83 5
83 77
85 41
86 52
92 84
backbone tree 4, llh: -10010.954170
-1 0
0 17
0 31
0 34
0 65
1 63
1 74
3 60
3 93
4 30
4 50
4 85
9 78
10 33
10 81
11 64
12 56
12 57
13 59
16 27
16 58
17 19
17 73
19 29
19 99
21 79
25 39
26 95
28 45
30 18
30 62
31 9
33 44
33 53
33 92
41 11
41 88
45 46
48 83
50 12
50 51
52 10
52 67
52 76
55 48
56 16
56 21
56 25
56 86
57 8
57 55
59 1
59 28
61 89
62 23
65 26
67 13
67 75
71 68
72 3
74 37
75 87
76 80
78 4
78 72
79 61
80 43
81 32
81 71
81 90
83 5
83 77
85 41
86 52
92 84
backbone tree 5, llh: -10010.981531
-1 0
0 17
0 31
0 34
0 65
1 63
1 74
3 60
3 93
4 30
4 50
4 85
9 78
10 33
10 81
11 64
12 56
12 57
13 59
16 27
16 58
17 18
17 19
17 73
19 29
19 99
21 79
25 39
26 95
28 45
30 62
31 9
33 44
33 53
33 92
41 11
41 88
45 46
48 83
50 12
50 51
52 10
52 67
52 76
55 48
56 16
56 21
56 25
56 86
57 8
57 55
59 1
59 28
61 89
65 26
67 13
67 75
71 68
72 3
74 23
74 37
75 87
76 80
78 4
78 72
79 61
80 43
81 32
81 71
81 90
83 5
83 77
85 41
86 52
92 84
backbone tree 6, llh: -10010.980815
-1 0
0 17
0 31
0 34
0 65
1 63
1 74
3 60
3 93
4 30
4 50
4 85
9 78
10 33
10 81
11 64
12 56
12 57
13 59
16 27
16 58
17 19
17 73
19 29
19 99
21 79
25 39
26 95
28 45
30 18
30 62
31 9
33 44
33 53
33 92
41 11
41 88
45 46
48 83
50 12
50 51
52 10
52 67
52 76
55 48
56 16
56 21
56 25
56 86
57 8
57 55
59 1
59 28
61 89
65 26
67 13
67 75
71 68
72 3
74 23
74 37
75 87
76 80
78 4
78 72
79 61
80 43
81 32
81 71
81 90
83 5
83 77
85 41
86 52
92 84
backbone tree 7, llh: -10011.022413
-1 0
0 17
0 31
0 34
0 65
1 63
1 74
3 60
3 93
4 30
4 50
4 85
9 78
10 33
10 81
11 64
12 56
12 57
13 59
16 27
16 58
17 18
17 19
17 73
19 29
21 79
25 39
26 95
28 45
30 62
31 9
33 44
33 53
33 92
41 11
41 88
45 46
48 83
50 12
50 51
52 10
52 67
52 76
55 48
56 16
56 21
56 25
56 86
57 8
57 55
59 1
59 28
61 89
62 23
65 26
67 13
67 75
71 68
72 3
72 99
74 37
75 87
76 80
78 4
78 72
79 61
80 43
81 32
81 71
81 90
83 5
83 77
85 41
86 52
92 84
backbone tree 8, llh: -10011.022012
-1 0
0 17
0 31
0 34
0 65
1 63
1 74
3 60
3 93
4 30
4 50
4 85
9 78
10 33
10 81
11 64
12 56
12 57
13 59
16 27
16 58
17 19
17 73
19 29
21 79
25 39
26 95
28 45
30 18
30 62
31 9
33 44
33 53
33 92
41 11
41 88
45 46
48 83
50 12
50 51
52 10
52 67
52 76
55 48
56 16
56 21
56 25
56 86
57 8
57 55
59 1
59 28
61 89
62 23
65 26
67 13
67 75
71 68
72 3
72 99
74 37
75 87
76 80
78 4
78 72
79 61
80 43
81 32
81 71
81 90
83 5
83 77
85 41
86 52
92 84
backbone tree 9, llh: -10010.967404
-1 0
0 17
0 31
0 34
0 65
1 8
1 74
3 60
3 93
4 30
4 50
4 85
9 78
10 33
10 81
11 64
12 56
12 57
13 59
16 27
16 58
17 18
17 19
17 73
19 29
19 99
21 79
25 39
26 95
27 23
28 45
30 62
31 9
33 44
33 53
33 92
41 11
41 88
45 46
48 83
50 12
50 51
52 10
52 67
52 76
55 48
55 63
56 16
56 21
56 25
56 86
57 55
59 1
59 28
61 89
65 26
67 13
67 75
71 68
72 3
74 37
75 87
76 80
78 4
78 72
79 61
80 43
81 32
81 71
81 90
83 5
83 77
85 41
86 52
92 84
backbone tree 10, llh: -10011.038927
-1 0
0 17
0 31
0 34
0 65
1 8
1 74
3 60
3 93
4 30
4 50
4 85
9 78
10 33
10 81
11 64
12 56
12 57
13 59
16 27
16 58
17 19
17 73
19 29
19 99
21 79
25 39
26 18
26 95
27 23
28 45
30 62
31 9
33 44
33 53
33 92
41 11
41 88
45 46
48 83
50 12
50 51
52 10
52 67
52 76
55 48
55 63
56 16
56 21
56 25
56 86
57 55
59 1
59 28
61 89
65 26
67 13
67 75
71 68
72 3
74 37
75 87
76 80
78 4
78 72
79 61
80 43
81 32
81 71
81 90
83 5
83 77
85 41
86 52
92 84
backbone tree 11, llh: -10010.966684
-1 0
0 17
0 31
0 34
0 65
1 8
1 74
3 60
3 93
4 30
4 50
4 85
9 78
10 33
10 81
11 64
12 56
12 57
13 59
16 27
16 58
17 19
17 73
19 29
19 99
21 79
25 39
26 95
27 23
28 45
30 18
30 62
31 9
33 44
33 53
33 92
41 11
41 88
45 46
48 83
50 12
50 51
52 10
52 67
52 76
55 48
55 63
56 16
56 21
56 25
56 86
57 55
59 1
59 28
61 89
65 26
67 13
67 75
71 68
72 3
74 37
75 87
76 80
78 4
78 72
79 61
80 43
81 32
81 71
81 90
83 5
83 77
85 41
86 52
92 84
backbone tree 12, llh: -10011.024848
-1 0
0 17
0 31
0 34
0 65
1 8
1 74
3 60
3 93
4 30
4 50
4 85
9 39
9 78
10 33
10 81
11 64
12 56
12 57
13 59
16 27
16 58
17 18
17 19
17 73
19 29
19 99
21 79
26 95
28 45
30 62
31 9
33 44
33 53
33 92
41 11
41 88
45 46
48 83
50 12
50 51
52 10
52 67
52 76
55 48
55 63
56 16
56 21
56 25
56 86
57 55
59 1
59 28
61 89
62 23
65 26
67 13
67 75
71 68
72 3
74 37
75 87
76 80
78 4
78 72
79 61
80 43
81 32
81 71
81 90
83 5
83 77
85 41
86 52
92 84
backbone tree 13, llh: -10011.024339
-1 0
0 17
0 31
0 34
0 65
1 8
1 74
3 60
3 93
4 30
4 50
4 85
9 39
9 78
10 33
10 81
11 64
12 56
12 57
13 59
16 27
16 58
17 19
17 73
19 29
19 99
21 79
26 95
28 45
30 18
30 62
31 9
33 44
33 53
33 92
41 11
41 88
45 46
48 83
50 12
50 51
52 10
52 67
52 76
55 48
55 63
56 16
56 21
56 25
56 86
57 55
59 1
59 28
61 89
62 23
65 26
67 13
67 75
71 68
72 3
74 37
75 87
76 80
78 4
78 72
79 61
80 43
81 32
81 71
81 90
83 5
83 77
85 41
86 52
92 84
backbone tree 14, llh: -10010.936696
-1 0
0 17
0 31
0 34
0 65
1 8
1 74
3 60
3 93
4 30
4 50
4 85
9 78
10 33
10 81
11 64
12 56
12 57
13 59
16 27
16 58
17 18
17 19
17 73
19 29
19 99
21 79
25 39
26 95
28 45
30 62
31 9
33 44
33 53
33 92
41 11
41 88
45 46
48 83
50 12
50 51
52 10
52 67
52 76
55 48
55 63
56 16
56 21
56 25
56 86
57 55
59 1
59 28
61 89
62 23
65 26
67 13
67 75
71 68
72 3
74 37
75 87
76 80
78 4
78 72
79 61
80 43
81 32
81 71
81 90
83 5
83 77
85 41
86 52
92 84
backbone tree 15, llh: -10011.008219
-1 0
0 17
0 31
0 34
0 65
1 8
1 74
3 60
3 93
4 30
4 50
4 85
9 78
10 33
10 81
11 64
12 56
12 57
13 59
16 27
16 58
17 19
17 73
19 29
19 99
21 79
25 39
26 18
26 95
28 45
30 62
31 9
33 44
33 53
33 92
41 11
41 88
45 46
48 83
50 12
50 51
52 10
52 67
52 76
55 48
55 63
56 16
56 21
56 25
56 86
57 55
59 1
59 28
61 89
62 23
65 26
67 13
67 75
71 68
72 3
74 37
75 87
76 80
78 4
78 72
79 61
80 43
81 32
81 71
81 90
83 5
83 77
85 41
86 52
92 84
backbone tree 16, llh: -10010.936187
-1 0
0 17
0 31
0 34
0 65
1 8
1 74
3 60
3 93
4 30
4 50
4 85
9 78
10 33
10 81
11 64
12 56
12 57
13 59
16 27
16 58
17 19
17 73
19 29
19 99
21 79
25 39
26 95
28 45
30 18
30 62
31 9
33 44
33 53
33 92
41 11
41 88
45 46
48 83
50 12
50 51
52 10
52 67
52 76
55 48
55 63
56 16
56 21
56 25
56 86
57 55
59 1
59 28
61 89
62 23
65 26
67 13
67 75
71 68
72 3
74 37
75 87
76 80
78 4
78 72
79 61
80 43
81 32
81 71
81 90
83 5
83 77
85 41
86 52
92 84
backbone tree 17, llh: -10011.037191
-1 0
0 17
0 31
0 34
0 65
1 8
1 74
3 60
3 93
4 30
4 50
4 85
9 78
10 33
10 81
11 64
12 56
12 57
13 59
16 27
16 58
17 19
17 73
19 29
19 99
21 79
25 39
26 95
28 45
30 62
31 9
33 44
33 53
33 92
41 11
41 88
45 46
48 83
50 12
50 51
52 10
52 67
52 76
55 48
55 63
56 16
56 21
56 25
56 86
57 55
59 1
59 28
61 89
62 23
65 26
67 13
67 75
71 68
72 3
74 37
75 87
76 80
78 4
78 18
78 72
79 61
80 43
81 32
81 71
81 90
83 5
83 77
85 41
86 52
92 84
backbone tree 18, llh: -10011.014532
-1 0
0 17
0 31
0 34
0 65
1 8
1 74
3 60
3 93
4 30
4 50
4 85
9 78
10 33
10 81
11 64
12 56
12 57
13 59
16 27
16 58
17 18
17 19
17 73
19 29
19 99
21 79
25 39
26 95
28 45
30 62
31 9
33 44
33 53
33 92
41 11
41 88
45 46
48 83
50 12
50 51
52 10
52 67
52 76
55 48
55 63
56 16
56 21
56 25
56 86
57 55
59 1
59 28
61 89
65 26
67 13
67 75
71 68
72 3
74 23
74 37
75 87
76 80
78 4
78 72
79 61
80 43
81 32
81 71
81 90
83 5
83 77
85 41
86 52
92 84
backbone tree 19, llh: -10011.013811
-1 0
0 17
0 31
0 34
0 65
1 8
1 74
3 60
3 93
4 30
4 50
4 85
9 78
10 33
10 81
11 64
12 56
12 57
13 59
16 27
16 58
17 19
17 73
19 29
19 99
21 79
25 39
26 95
28 45
30 18
30 62
31 9
33 44
33 53
33 92
41 11
41 88
45 46
48 83
50 12
50 51
52 10
52 67
52 76
55 48
55 63
56 16
56 21
56 25
56 86
57 55
59 1
59 28
61 89
65 26
67 13
67 75
71 68
72 3
74 23
74 37
75 87
76 80
78 4
78 72
79 61
80 43
81 32
81 71
81 90
83 5
83 77
85 41
86 52
92 84
backbone tree 20, llh: -10011.034861
-1 0
0 17
0 31
0 34
0 65
1 8
1 74
3 60
3 93
4 30
4 50
4 85
9 78
10 33
10 81
11 64
12 56
12 57
13 59
16 27
16 58
17 18
17 19
17 73
19 29
21 79
25 39
26 95
27 23
28 45
30 62
31 9
33 44
33 53
33 92
41 11
41 88
45 46
48 83
50 12
50 51
52 10
52 67
52 76
55 48
55 63
56 16
56 21
56 25
56 86
57 55
59 1
59 28
61 89
65 26
67 13
67 75
71 68
72 3
72 99
74 37
75 87
76 80
78 4
78 72
79 61
80 43
81 32
81 71
81 90
83 5
83 77
85 41
86 52
92 84
backbone tree 21, llh: -10011.034242
-1 0
0 17
0 31
0 34
0 65
1 8
1 74
3 60
3 93
4 30
4 50
4 85
9 78
10 33
10 81
11 64
12 56
12 57
13 59
16 27
16 58
17 19
17 73
19 29
21 79
25 39
26 95
27 23
28 45
30 18
30 62
31 9
33 44
33 53
33 92
41 11
41 88
45 46
48 83
50 12
50 51
52 10
52 67
52 76
55 48
55 63
56 16
56 21
56 25
56 86
57 55
59 1
59 28
61 89
65 26
67 13
67 75
71 68
72 3
72 99
74 37
75 87
76 80
78 4
78 72
79 61
80 43
81 32
81 71
81 90
83 5
83 77
85 41
86 52
92 84
backbone tree 22, llh: -10011.004155
-1 0
0 17
0 31
0 34
0 65
1 8
1 74
3 60
3 93
4 30
4 50
4 85
9 78
10 33
10 81
11 64
12 56
12 57
13 59
16 27
16 58
17 18
17 19
17 73
19 29
21 79
25 39
26 95
28 45
30 62
31 9
33 44
33 53
33 92
41 11
41 88
45 46
48 83
50 12
50 51
52 10
52 67
52 76
55 48
55 63
56 16
56 21
56 25
56 86
57 55
59 1
59 28
61 89
62 23
65 26
67 13
67 75
71 68
72 3
72 99
74 37
75 87
76 80
78 4
78 72
79 61
80 43
81 32
81 71
81 90
83 5
83 77
85 41
86 52
92 84
backbone tree 23, llh: -10011.003748
-1 0
0 17
0 31
0 34
0 65
1 8
1 74
3 60
3 93
4 30
4 50
4 85
9 78
10 33
10 81
11 64
12 56
12 57
13 59
16 27
16 58
17 19
17 73
19 29
21 79
25 39
26 95
28 45
30 18
30 62
31 9
33 44
33 53
33 92
41 11
41 88
45 46
48 83
50 12
50 51
52 10
52 67
52 76
55 48
55 63
56 16
56 21
56 25
56 86
57 55
59 1
59 28
61 89
62 23
65 26
67 13
67 75
71 68
72 3
72 99
74 37
75 87
76 80
78 4
78 72
79 61
80 43
81 32
81 71
81 90
83 5
83 77
85 41
86 52
92 84
