# 21 backbone trees, 72 mutations
backbone tree 0, llh: -13644.686692
-1 92
0 46
2 1
5 2
5 6
6 3
6 87
7 10
7 18
7 54
9 45
9 86
11 26
11 49
11 75
13 90
15 67
16 78
19 66
19 83
19 91
20 55
24 20
24 53
26 52
27 36
28 5
28 63
32 73
36 30
37 48
38 32
39 7
39 69
45 14
46 11
46 39
47 89
48 27
49 40
53 21
54 64
54 95
55 16
55 74
59 17
60 4
60 51
66 28
66 93
67 0
71 47
72 31
72 85
73 71
73 76
73 81
75 19
78 9
82 29
82 37
86 38
86 72
87 13
87 24
89 97
91 84
92 15
92 59
92 60
93 68
95 82
backbone tree 1, llh: -13644.653299
-1 92
0 46
2 1
5 2
5 6
6 3
6 87
7 10
7 54
9 45
9 86
11 26
11 49
11 75
13 90
15 67
16 78
19 66
19 83
19 91
20 55
24 20
24 53
26 52
27 36
28 5
28 63
31 18
32 73
36 30
37 48
38 32
39 7
39 69
45 14
46 11
46 39
47 89
48 27
49 40
53 21
54 64
54 95
55 16
55 74
59 17
60 4
60 51
66 28
66 93
67 0
71 47
72 31
72 85
73 71
73 76
73 81
75 19
78 9
82 29
82 37
86 38
86 72
87 13
87 24
89 97
91 84
92 15
92 59
92 60
93 68
95 82
backbone tree 2, llh: -13644.622868
-1 92
0 46
2 1
5 2
5 6
6 3
6 87
7 10
7 54
9 45
9 86
11 26
11 49
11 75
13 90
15 67
16 78
19 66
19 83
19 91
20 55
24 20
24 53
26 52
27 36
28 5
28 63
32 73
36 30
37 48
38 32
39 7
39 69
45 14
46 11
46 39
47 89
48 27
49 40
53 21
54 64
54 95
55 16
55 74
59 17
60 4
60 51
66 28
66 93
67 0
67 18
71 47
72 31
72 85
73 71
73 76
73 81
75 19
78 9
82 29
82 37
86 38
86 72
87 13
87 24
89 97
91 84
92 15
92 59
92 60
93 68
95 82
backbone tree 3, llh: -13644.665854
-1 92
0 46
2 1
5 2
5 6
6 3
6 87
7 10
7 54
9 45
9 86
11 26
11 49
11 75
13 90
15 67
16 78
19 66
19 83
19 91
20 55
24 20
24 53
26 52
27 36
28 5
28 63
31 18
32 73
36 30
37 48
38 32
39 7
39 69
45 14
46 11
46 39
47 89
48 27
53 21
54 64
54 95
55 16
55 74
59 17
60 4
60 51
66 28
66 93
67 0
67 40
71 47
72 31
72 85
73 71
73 76
73 81
75 19
78 9
82 29
82 37
86 38
86 72
87 13
87 24
89 97
91 84
92 15
92 59
92 60
93 68
95 82
backbone tree 4, llh: -13644.678675
-1 92
0 46
2 1
5 2
5 6
6 87
7 10
7 54
9 45
9 86
11 26
11 49
11 75
13 90
15 67
16 78
19 66
19 83
19 91
20 55
24 20
24 53
26 52
27 36
28 5
28 63
31 18
32 73
36 30
37 48
38 32
39 7
39 69
45 14
46 11
46 39
47 89
48 27
49 40
53 21
54 64
54 95
55 16
55 74
59 17
60 4
60 51
64 3
66 28
66 93
67 0
71 47
72 31
72 85
73 71
73 76
73 81
75 19
78 9
82 29
82 37
86 38
86 72
87 13
87 24
89 97
91 84
92 15
92 59
92 60
93 68
95 82
backbone tree 5, llh: -13644.648238
-1 92
0 46
2 1
5 2
5 6
6 87
7 10
7 54
9 45
9 86
11 26
11 49
11 75
13 90
15 67
16 78
19 66
19 83
19 91
20 55
24 20
24 53
26 52
27 36
28 5
28 63
32 73
36 30
37 48
38 32
39 7
39 69
45 14
46 11
46 39
47 89
48 27
49 40
53 21
54 64
54 95
55 16
55 74
59 17
60 4
60 51
64 3
66 28
66 93
67 0
67 18
71 47
72 31
72 85
73 71
73 76
73 81
75 19
78 9
82 29
82 37
86 38
86 72
87 13
87 24
89 97
91 84
92 15
92 59
92 60
93 68
95 82
backbone tree 6, llh: -13644.691229
-1 92
0 46
2 1
5 2
5 6
6 87
7 10
7 54
9 45
9 86
11 26
11 49
11 75
13 90
15 67
16 78
19 66
19 83
19 91
20 55
24 20
24 53
26 52
27 36
28 5
28 63
31 18
32 73
36 30
37 48
38 32
39 7
39 69
45 14
46 11
46 39
47 89
48 27
53 21
54 64
54 95
55 16
55 74
59 17
60 4
60 51
64 3
66 28
66 93
67 0
67 40
71 47
72 31
72 85
73 71
73 76
73 81
75 19
78 9
82 29
82 37
86 38
86 72
87 13
87 24
89 97
91 84
92 15
92 59
92 60
93 68
95 82
backbone tree 7, llh: -13644.690830
-1 92
0 46
0 76
2 1
5 2
5 6
6 3
6 87
7 10
7 18
7 54
9 45
9 86
11 26
11 49
11 75
13 90
15 67
16 78
19 66
19 83
19 91
20 55
24 20
24 53
26 52
27 36
28 5
28 63
32 73
36 30
37 48
38 32
39 7
45 14
46 11
46 39
47 89
48 27
53 21
54 64
54 95
55 16
55 74
59 17
60 4
60 69
66 28
66 93
67 0
71 47
72 31
72 85
73 40
73 71
73 81
75 19
78 9
81 51
82 29
82 37
86 38
86 72
87 13
87 24
89 97
91 84
92 15
92 59
92 60
93 68
95 82
backbone tree 8, llh: -13644.612494
-1 92
0 46
2 1
5 2
5 6
6 3
6 87
7 10
7 18
7 54
9 45
9 86
11 26
11 49
11 75
13 90
15 67
16 78
19 66
19 83
19 91
20 55
24 20
24 53
26 52
27 36
28 5
28 63
32 73
36 30
37 48
38 32
39 7
45 14
46 11
46 39
47 89
48 27
49 40
53 21
54 64
54 95
55 16
55 74
59 17
60 4
60 69
66 28
66 93
67 0
71 47
72 31
72 85
73 71
73 76
73 81
75 19
78 9
81 51
82 29
82 37
86 38
86 72
87 13
87 24
89 97
91 84
92 15
92 59
92 60
93 68
95 82
backbone tree 9, llh: -13644.619313
-1 92
0 46
2 1
5 2
5 6
6 3
6 87
7 10
7 54
9 45
9 86
11 26
11 49
11 75
13 90
15 67
16 78
19 66
19 83
19 91
20 55
24 20
24 53
26 52
27 36
28 5
28 63
31 18
32 73
36 30
37 48
38 32
39 7
45 14
46 11
46 39
47 89
48 27
49 40
53 21
54 64
54 95
55 16
55 74
59 17
60 4
60 69
66 28
66 93
67 0
71 47
72 31
72 85
73 71
73 76
73 81
75 19
78 9
81 51
82 29
82 37
86 38
86 72
87 13
87 24
89 97
91 84
92 15
92 59
92 60
93 68
95 82
backbone tree 10, llh: -13644.586493
-1 92
0 46
2 1
5 2
5 6
6 3
6 87
7 10
7 54
9 45
9 86
11 26
11 49
11 75
13 90
15 67
16 78
19 66
19 83
19 91
20 55
24 20
24 53
26 52
27 36
28 5
28 63
32 73
36 30
37 48
38 32
39 7
45 14
46 11
46 39
47 89
48 27
49 40
53 21
54 64
54 95
55 16
55 74
59 17
60 4
60 69
66 28
66 93
67 0
67 18
71 47
72 31
72 85
73 71
73 76
73 81
75 19
78 9
81 51
82 29
82 37
86 38
86 72
87 13
87 24
89 97
91 84
92 15
92 59
92 60
93 68
95 82
backbone tree 11, llh: -13644.617371
-1 92
0 46
2 1
5 2
5 6
6 3
6 87
7 10
7 18
7 54
9 45
9 86
11 26
11 49
11 75
13 90
15 67
16 78
19 66
19 83
19 91
20 55
24 20
24 53
26 52
27 36
28 5
28 63
32 73
36 30
37 48
38 32
39 7
45 14
46 11
46 39
47 89
48 27
53 21
54 64
54 95
55 16
55 74
59 17
60 4
60 69
66 28
66 93
67 0
67 40
71 47
72 31
72 85
73 71
73 76
73 81
75 19
78 9
81 51
82 29
82 37
86 38
86 72
87 13
87 24
89 97
91 84
92 15
92 59
92 60
93 68
95 82
backbone tree 12, llh: -13644.624190
-1 92
0 46
2 1
5 2
5 6
6 3
6 87
7 10
7 54
9 45
9 86
11 26
11 49
11 75
13 90
15 67
16 78
19 66
19 83
19 91
20 55
24 20
24 53
26 52
27 36
28 5
28 63
31 18
32 73
36 30
37 48
38 32
39 7
45 14
46 11
46 39
47 89
48 27
53 21
54 64
54 95
55 16
55 74
59 17
60 4
60 69
66 28
66 93
67 0
67 40
71 47
72 31
72 85
73 71
73 76
73 81
75 19
78 9
81 51
82 29
82 37
86 38
86 72
87 13
87 24
89 97
91 84
92 15
92 59
92 60
93 68
95 82
backbone tree 13, llh: -13644.670849
-1 92
0 46
2 1
5 2
5 6
6 87
7 10
7 18
7 54
9 45
9 86
11 26
11 49
11 75
13 90
15 3
15 67
16 78
19 66
19 83
19 91
20 55
24 20
24 53
26 52
27 36
28 5
28 63
32 73
36 30
37 48
38 32
39 7
45 14
46 11
46 39
47 89
48 27
49 40
53 21
54 64
54 95
55 16
55 74
59 17
60 4
60 69
66 28
66 93
67 0
71 47
72 31
72 85
73 71
73 76
73 81
75 19
78 9
81 51
82 29
82 37
86 38
86 72
87 13
87 24
89 97
91 84
92 15
92 59
92 60
93 68
95 82
backbone tree 14, llh: -13644.677668
-1 92
0 46
2 1
5 2
5 6
6 87
7 10
7 54
9 45
9 86
11 26
11 49
11 75
13 90
15 3
15 67
16 78
19 66
19 83
19 91
20 55
24 20
24 53
26 52
27 36
28 5
28 63
31 18
32 73
36 30
37 48
38 32
39 7
45 14
46 11
46 39
47 89
48 27
49 40
53 21
54 64
54 95
55 16
55 74
59 17
60 4
60 69
66 28
66 93
67 0
71 47
72 31
72 85
73 71
73 76
73 81
75 19
78 9
81 51
82 29
82 37
86 38
86 72
87 13
87 24
89 97
91 84
92 15
92 59
92 60
93 68
95 82
backbone tree 15, llh: -13644.637868
-1 92
0 46
2 1
5 2
5 6
6 87
7 10
7 18
7 54
9 45
9 86
11 26
11 49
11 75
13 90
15 67
16 78
19 66
19 83
19 91
20 55
24 20
24 53
26 52
27 36
28 5
28 63
32 73
36 30
37 48
38 32
39 7
45 14
46 11
46 39
47 89
48 27
49 40
53 21
54 64
54 95
55 16
55 74
59 17
60 4
60 69
64 3
66 28
66 93
67 0
71 47
72 31
72 85
73 71
73 76
73 81
75 19
78 9
81 51
82 29
82 37
86 38
86 72
87 13
87 24
89 97
91 84
92 15
92 59
92 60
93 68
95 82
backbone tree 16, llh: -13644.644688
-1 92
0 46
2 1
5 2
5 6
6 87
7 10
7 54
9 45
9 86
11 26
11 49
11 75
13 90
15 67
16 78
19 66
19 83
19 91
20 55
24 20
24 53
26 52
27 36
28 5
28 63
31 18
32 73
36 30
37 48
38 32
39 7
45 14
46 11
46 39
47 89
48 27
49 40
53 21
54 64
54 95
55 16
55 74
59 17
60 4
60 69
64 3
66 28
66 93
67 0
71 47
72 31
72 85
73 71
73 76
73 81
75 19
78 9
81 51
82 29
82 37
86 38
86 72
87 13
87 24
89 97
91 84
92 15
92 59
92 60
93 68
95 82
backbone tree 17, llh: -13644.611862
-1 92
0 46
2 1
5 2
5 6
6 87
7 10
7 54
9 45
9 86
11 26
11 49
11 75
13 90
15 67
16 78
19 66
19 83
19 91
20 55
24 20
24 53
26 52
27 36
28 5
28 63
32 73
36 30
37 48
38 32
39 7
45 14
46 11
46 39
47 89
48 27
49 40
53 21
54 64
54 95
55 16
55 74
59 17
60 4
60 69
64 3
66 28
66 93
67 0
67 18
71 47
72 31
72 85
73 71
73 76
73 81
75 19
78 9
81 51
82 29
82 37
86 38
86 72
87 13
87 24
89 97
91 84
92 15
92 59
92 60
93 68
95 82
backbone tree 18, llh: -13644.642745
-1 92
0 46
2 1
5 2
5 6
6 87
7 10
7 18
7 54
9 45
9 86
11 26
11 49
11 75
13 90
15 67
16 78
19 66
19 83
19 91
20 55
24 20
24 53
26 52
27 36
28 5
28 63
32 73
36 30
37 48
38 32
39 7
45 14
46 11
46 39
47 89
48 27
53 21
54 64
54 95
55 16
55 74
59 17
60 4
60 69
64 3
66 28
66 93
67 0
67 40
71 47
72 31
72 85
73 71
73 76
73 81
75 19
78 9
81 51
82 29
82 37
86 38
86 72
87 13
87 24
89 97
91 84
92 15
92 59
92 60
93 68
95 82
backbone tree 19, llh: -13644.649564
-1 92
0 46
2 1
5 2
5 6
6 87
7 10
7 54
9 45
9 86
11 26
11 49
11 75
13 90
15 67
16 78
19 66
19 83
19 91
20 55
24 20
24 53
26 52
27 36
28 5
28 63
31 18
32 73
36 30
37 48
38 32
39 7
45 14
46 11
46 39
47 89
48 27
53 21
54 64
54 95
55 16
55 74
59 17
60 4
60 69
64 3
66 28
66 93
67 0
67 40
71 47
72 31
72 85
73 71
73 76
73 81
75 19
78 9
81 51
82 29
82 37
86 38
86 72
87 13
87 24
89 97
91 84
92 15
92 59
92 60
93 68
95 82
backbone tree 20, llh: -13644.679784
-1 92
0 46
2 1
5 2
5 6
6 3
6 87
7 10
7 54
9 45
9 86
11 26
11 49
11 75
13 90
15 67
16 78
19 66
19 83
19 91
20 55
24 20
24 53
26 52
27 36
28 5
28 63
32 73
36 30
37 48
38 32
39 7
39 69
45 81
46 11
46 39
47 89
48 27
49 40
53 21
54 64
54 95
55 16
55 74
59 17
60 4
60 51
66 28
66 93
67 0
67 18
71 47
72 31
72 85
73 14
73 71
73 76
75 19
78 9
82 29
82 37
86 38
86 72
87 13
87 24
89 97
91 84
92 15
92 59
92 60
93 68
95 82
