# 3 backbone trees, 58 mutations
backbone tree 0, llh: -12436.748743
-1 72
0 81
1 37
3 43
8 26
9 8
13 22
13 46
13 74
14 82
15 21
21 5
22 7
23 9
23 35
23 80
25 92
26 61
28 27
30 71
32 3
32 16
32 38
32 87
37 14
38 76
41 79
46 25
47 13
50 70
50 86
57 83
57 84
60 30
60 65
61 97
62 57
62 88
65 29
67 1
68 34
68 50
71 47
72 0
72 64
72 77
74 32
76 28
76 55
81 60
82 10
83 49
83 67
87 23
88 15
88 68
92 41
92 62
backbone tree 1, llh: -12436.683148
-1 72
0 81
1 37
3 43
8 26
9 8
13 22
13 46
13 74
14 82
15 21
21 5
22 7
23 9
23 80
25 92
26 61
28 27
30 71
32 3
32 16
32 38
32 87
37 14
38 76
41 79
46 25
47 13
50 70
50 86
57 83
57 84
60 30
60 65
61 97
62 57
62 88
64 35
65 29
67 1
68 34
68 50
71 47
72 0
72 64
72 77
74 32
76 28
76 55
81 60
82 10
83 49
83 67
87 23
88 15
88 68
92 41
92 62
backbone tree 2, llh: -12436.690176
-1 72
0 81
1 37
3 43
8 26
9 8
13 22
13 46
13 74
14 82
15 21
21 5
22 7
23 9
23 80
25 92
26 61
28 27
30 71
32 3
32 16
32 38
32 87
37 14
38 76
41 79
46 25
47 13
50 70
50 86
57 83
57 84
60 30
60 65
61 97
62 57
62 88
65 29
67 1
68 34
68 50
70 35
71 47
72 0
72 64
72 77
74 32
76 28
76 55
81 60
82 10
83 49
83 67
87 23
88 15
88 68
92 41
92 62
