# 13 backbone trees, 60 mutations
backbone tree 0, llh: -12024.538701
-1 18
0 24
0 55
7 59
9 48
10 46
13 19
13 22
16 71
18 20
18 64
19 52
20 69
21 7
21 30
24 92
26 38
29 32
29 72
30 16
30 44
32 2
32 39
33 9
36 66
37 90
37 94
39 37
39 43
39 91
43 79
44 36
48 29
48 56
51 49
54 10
54 74
55 88
56 13
56 14
56 21
60 33
60 62
60 78
60 96
63 51
64 0
64 1
74 28
74 80
75 60
79 63
80 85
81 26
88 75
90 81
91 54
94 95
95 61
96 89
backbone tree 1, llh: -12024.474830
-1 18
0 24
0 55
7 59
9 48
10 46
13 19
13 22
16 71
18 20
18 64
19 52
20 69
21 7
21 30
26 38
29 32
29 72
30 16
30 44
32 2
32 39
33 9
36 66
37 90
37 94
39 37
39 43
39 91
43 79
44 36
48 29
48 56
51 49
54 10
54 74
55 88
56 13
56 14
56 21
60 33
60 62
60 78
60 96
62 92
63 51
64 0
64 1
74 28
74 80
75 60
79 63
80 85
81 26
88 75
90 81
91 54
94 95
95 61
96 89
backbone tree 2, llh: -12024.526263
-1 18
0 24
0 55
7 59
9 48
10 46
13 19
13 22
16 71
18 20
18 64
20 69
21 7
21 30
24 92
26 38
29 32
29 72
30 16
30 44
32 2
32 39
33 9
36 66
37 90
37 94
39 37
39 43
39 91
43 79
44 36
48 29
48 56
51 49
54 10
54 74
55 88
56 13
56 14
56 21
60 33
60 62
60 78
60 96
62 52
63 51
64 0
64 1
74 28
74 80
75 60
79 63
80 85
81 26
88 75
90 81
91 54
94 95
95 61
96 89
backbone tree 3, llh: -12024.509675
-1 18
0 24
0 55
7 59
9 48
10 46
13 19
13 22
16 71
18 20
18 64
19 52
20 69
21 7
21 30
24 92
26 38
29 32
30 16
30 44
32 2
32 39
33 9
36 66
37 90
37 94
39 37
39 43
39 91
43 79
44 36
48 29
48 56
48 72
51 49
54 10
54 74
55 88
56 13
56 14
56 21
60 33
60 62
60 78
60 96
63 51
64 0
64 1
74 28
74 80
75 60
79 63
80 85
81 26
88 75
90 81
91 54
94 95
95 61
96 89
backbone tree 4, llh: -12024.446206
-1 18
0 24
0 55
7 59
9 48
10 46
13 19
13 22
16 71
18 20
18 64
19 52
20 69
21 7
21 30
26 38
29 32
30 16
30 44
32 2
32 39
33 9
36 66
37 90
37 94
39 37
39 43
39 91
43 79
44 36
48 29
48 56
48 72
51 49
54 10
54 74
55 88
56 13
56 14
56 21
60 33
60 62
60 78
60 96
62 92
63 51
64 0
64 1
74 28
74 80
75 60
79 63
80 85
81 26
88 75
90 81
91 54
94 95
95 61
96 89
backbone tree 5, llh: -12024.518014
-1 18
0 24
0 55
7 59
9 48
10 46
13 19
13 22
16 71
18 20
18 64
19 52
20 69
21 7
21 30
26 38
29 32
30 16
30 44
32 2
32 39
33 9
36 66
37 90
37 94
39 37
39 43
39 91
43 79
44 36
48 29
48 56
48 72
51 49
54 10
54 74
55 88
56 13
56 14
56 21
60 33
60 62
60 78
60 96
63 51
64 0
64 1
74 28
74 80
75 60
79 63
80 85
81 26
88 75
90 81
91 54
91 92
94 95
95 61
96 89
backbone tree 6, llh: -12024.498306
-1 18
0 24
0 55
7 59
9 48
10 46
13 19
13 22
16 71
18 20
18 64
20 69
21 7
21 30
24 92
26 38
29 32
30 16
30 44
32 2
32 39
33 9
36 66
37 90
37 94
39 37
39 43
39 91
43 79
44 36
48 29
48 56
48 72
51 49
54 10
54 74
55 88
56 13
56 14
56 21
60 33
60 62
60 78
60 96
62 52
63 51
64 0
64 1
74 28
74 80
75 60
79 63
80 85
81 26
88 75
90 81
91 54
94 95
95 61
96 89
backbone tree 7, llh: -12024.506588
-1 18
0 24
0 55
7 59
9 48
10 46
13 19
13 22
16 71
18 20
18 64
20 69
21 7
21 30
26 38
29 32
30 16
30 44
32 2
32 39
33 9
36 66
37 90
37 94
39 37
39 43
39 91
43 79
44 36
48 29
48 56
48 72
51 49
54 10
54 74
55 88
56 13
56 14
56 21
60 33
60 62
60 78
60 96
62 52
63 51
64 0
64 1
74 28
74 80
75 60
79 63
80 85
81 26
88 75
90 81
91 54
91 92
94 95
95 61
96 89
backbone tree 8, llh: -12024.527642
-1 18
0 24
0 55
7 59
9 48
10 46
13 19
13 22
16 71
18 20
18 64
19 52
20 69
21 7
21 30
24 92
26 38
29 32
30 16
30 44
32 2
32 39
33 9
36 66
37 90
37 94
39 37
39 43
39 91
43 79
44 36
48 29
48 56
48 72
51 49
54 10
54 74
55 88
56 13
56 14
56 21
60 33
60 62
60 96
63 51
64 0
64 1
66 78
74 28
74 80
75 60
79 63
80 85
81 26
88 75
90 81
91 54
94 95
95 61
96 89
backbone tree 9, llh: -12024.464169
-1 18
0 24
0 55
7 59
9 48
10 46
13 19
13 22
16 71
18 20
18 64
19 52
20 69
21 7
21 30
26 38
29 32
30 16
30 44
32 2
32 39
33 9
36 66
37 90
37 94
39 37
39 43
39 91
43 79
44 36
48 29
48 56
48 72
51 49
54 10
54 74
55 88
56 13
56 14
56 21
60 33
60 62
60 96
62 92
63 51
64 0
64 1
66 78
74 28
74 80
75 60
79 63
80 85
81 26
88 75
90 81
91 54
94 95
95 61
96 89
backbone tree 10, llh: -12024.535967
-1 18
0 24
0 55
7 59
9 48
10 46
13 19
13 22
16 71
18 20
18 64
19 52
20 69
21 7
21 30
26 38
29 32
30 16
30 44
32 2
32 39
33 9
36 66
37 90
37 94
39 37
39 43
39 91
43 79
44 36
48 29
48 56
48 72
51 49
54 10
54 74
55 88
56 13
56 14
56 21
60 33
60 62
60 96
63 51
64 0
64 1
66 78
74 28
74 80
75 60
79 63
80 85
81 26
88 75
90 81
91 54
91 92
94 95
95 61
96 89
backbone tree 11, llh: -12024.514486
-1 18
0 24
0 55
7 59
9 48
10 46
13 19
13 22
16 71
18 20
18 64
20 69
21 7
21 30
24 92
26 38
29 32
30 16
30 44
32 2
32 39
33 9
36 66
37 90
37 94
39 37
39 43
39 91
43 79
44 36
48 29
48 56
48 72
51 49
54 10
54 74
55 88
56 13
56 14
56 21
60 33
60 62
60 96
62 52
63 51
64 0
64 1
66 78
74 28
74 80
75 60
79 63
80 85
81 26
88 75
90 81
91 54
94 95
95 61
96 89
backbone tree 12, llh: -12024.522753
-1 18
0 24
0 55
7 59
9 48
10 46
13 19
13 22
16 71
18 20
18 64
20 69
21 7
21 30
26 38
29 32
30 16
30 44
32 2
32 39
33 9
36 66
37 90
37 94
39 37
39 43
39 91
43 79
44 36
48 29
48 56
48 72
51 49
54 10
54 74
55 88
56 13
56 14
56 21
60 33
60 62
60 96
62 52
63 51
64 0
64 1
66 78
74 28
74 80
75 60
79 63
80 85
81 26
88 75
90 81
91 54
91 92
94 95
95 61
96 89
