# 5 backbone trees, 54 mutations
backbone tree 0, llh: -9429.607955
-1 0
0 17
0 31
0 34
0 65
1 63
1 74
3 60
4 30
4 50
4 85
9 78
10 33
10 81
12 56
12 57
13 59
16 27
17 19
21 79
26 95
28 45
30 62
31 9
33 84
41 11
48 83
50 12
52 10
52 67
52 76
55 48
56 16
56 21
56 25
56 86
57 55
59 1
59 28
65 26
67 13
67 75
72 3
75 87
76 80
78 4
78 72
79 61
81 32
81 71
81 90
83 77
85 41
86 52
backbone tree 1, llh: -9429.527310
-1 0
0 17
0 31
0 34
0 65
1 74
3 60
4 30
4 50
4 85
9 78
10 33
10 81
12 56
12 57
13 59
16 27
17 19
19 63
21 79
26 95
28 45
30 62
31 9
33 84
41 11
48 83
50 12
52 10
52 67
52 76
55 48
56 16
56 21
56 25
56 86
57 55
59 1
59 28
65 26
67 13
67 75
72 3
75 87
76 80
78 4
78 72
79 61
81 32
81 71
81 90
83 77
85 41
86 52
backbone tree 2, llh: -9429.612023
-1 0
0 17
0 31
0 34
0 65
1 74
3 60
4 30
4 50
4 85
9 78
10 33
10 81
12 56
12 57
13 59
16 27
17 19
21 79
26 95
28 45
30 62
31 9
33 63
33 84
41 11
48 83
50 12
52 10
52 67
52 76
55 48
56 16
56 21
56 25
56 86
57 55
59 1
59 28
65 26
67 13
67 75
72 3
75 87
76 80
78 4
78 72
79 61
81 32
81 71
81 90
83 77
85 41
86 52
backbone tree 3, llh: -9429.622991
-1 0
0 17
0 31
0 34
0 65
1 74
3 60
4 30
4 50
4 85
9 78
10 33
10 81
12 56
12 57
13 59
16 27
17 19
21 79
26 95
28 45
30 62
31 9
33 84
41 11
48 83
50 12
52 10
52 67
52 76
55 48
55 63
56 16
56 21
56 25
56 86
57 55
59 1
59 28
65 26
67 13
67 75
72 3
75 87
76 80
78 4
78 72
79 61
81 32
81 71
81 90
83 77
85 41
86 52
backbone tree 4, llh: -9429.541866
-1 0
0 17
0 31
0 34
0 65
1 74
3 60
4 30
4 50
4 85
9 78
10 33
10 81
12 56
12 57
13 59
16 27
17 19
21 79
26 95
28 45
30 62
31 9
33 84
41 11
48 83
50 12
52 10
52 67
52 76
55 48
56 16
56 21
56 25
56 86
57 55
59 1
59 28
65 26
67 13
67 75
72 3
72 63
75 87
76 80
78 4
78 72
79 61
81 32
81 71
81 90
83 77
85 41
86 52
