# 48 backbone trees, 62 mutations
backbone tree 0, llh: -11478.717284
-1 0
0 24
0 47
0 71
0 87
1 3
1 84
2 42
2 91
4 27
4 34
6 81
7 57
7 77
9 67
12 16
12 69
14 53
16 38
16 58
18 30
19 14
20 31
20 48
21 4
21 73
23 7
24 25
30 64
31 55
33 18
34 85
39 41
41 63
47 35
47 75
50 83
53 44
56 2
57 33
58 93
61 1
61 72
64 56
67 10
67 19
67 20
67 21
67 78
68 8
73 92
75 12
76 9
83 68
83 96
92 23
92 39
92 89
93 50
93 61
93 76
96 6
backbone tree 1, llh: -11478.717272
-1 0
0 24
0 47
0 71
0 87
1 84
2 42
2 91
4 27
4 34
6 81
7 57
7 77
9 67
12 16
12 69
14 53
16 38
16 58
18 30
19 14
20 31
20 48
21 4
21 73
23 7
24 25
30 64
31 55
33 18
34 85
39 41
41 63
47 35
47 75
48 3
50 83
53 44
56 2
57 33
58 93
61 1
61 72
64 56
67 10
67 19
67 20
67 21
67 78
68 8
73 92
75 12
76 9
83 68
83 96
92 23
92 39
92 89
93 50
93 61
93 76
96 6
backbone tree 2, llh: -11478.729106
-1 0
0 24
0 47
0 71
0 87
1 3
1 84
2 42
2 91
4 27
4 34
7 57
7 77
9 67
12 16
12 69
14 53
16 38
16 58
18 30
19 14
19 81
20 31
20 48
21 4
21 73
23 7
24 25
30 64
31 55
33 18
34 85
39 41
41 63
47 35
47 75
50 83
53 44
56 2
57 33
58 93
61 1
61 72
64 56
67 10
67 19
67 20
67 21
67 78
68 8
73 92
75 12
76 9
83 68
83 96
92 23
92 39
92 89
93 50
93 61
93 76
96 6
backbone tree 3, llh: -11478.729094
-1 0
0 24
0 47
0 71
0 87
1 84
2 42
2 91
4 27
4 34
7 57
7 77
9 67
12 16
12 69
14 53
16 38
16 58
18 30
19 14
19 81
20 31
20 48
21 4
21 73
23 7
24 25
30 64
31 55
33 18
34 85
39 41
41 63
47 35
47 75
48 3
50 83
53 44
56 2
57 33
58 93
61 1
61 72
64 56
67 10
67 19
67 20
67 21
67 78
68 8
73 92
75 12
76 9
83 68
83 96
92 23
92 39
92 89
93 50
93 61
93 76
96 6
backbone tree 4, llh: -11478.737119
-1 0
0 24
0 47
0 71
0 87
1 3
1 84
2 42
2 91
4 27
4 34
6 81
7 57
7 77
9 67
12 16
12 69
14 53
16 38
16 58
18 30
19 14
20 31
20 48
21 4
21 73
23 7
24 25
30 64
31 55
33 18
34 85
39 41
47 35
47 75
50 83
53 44
55 63
56 2
57 33
58 93
61 1
61 72
64 56
67 10
67 19
67 20
67 21
67 78
68 8
73 92
75 12
76 9
83 68
83 96
92 23
92 39
92 89
93 50
93 61
93 76
96 6
backbone tree 5, llh: -11478.737107
-1 0
0 24
0 47
0 71
0 87
1 84
2 42
2 91
4 27
4 34
6 81
7 57
7 77
9 67
12 16
12 69
14 53
16 38
16 58
18 30
19 14
20 31
20 48
21 4
21 73
23 7
24 25
30 64
31 55
33 18
34 85
39 41
47 35
47 75
48 3
50 83
53 44
55 63
56 2
57 33
58 93
61 1
61 72
64 56
67 10
67 19
67 20
67 21
67 78
68 8
73 92
75 12
76 9
83 68
83 96
92 23
92 39
92 89
93 50
93 61
93 76
96 6
backbone tree 6, llh: -11478.748941
-1 0
0 24
0 47
0 71
0 87
1 3
1 84
2 42
2 91
4 27
4 34
7 57
7 77
9 67
12 16
12 69
14 53
16 38
16 58
18 30
19 14
19 81
20 31
20 48
21 4
21 73
23 7
24 25
30 64
31 55
33 18
34 85
39 41
47 35
47 75
50 83
53 44
55 63
56 2
57 33
58 93
61 1
61 72
64 56
67 10
67 19
67 20
67 21
67 78
68 8
73 92
75 12
76 9
83 68
83 96
92 23
92 39
92 89
93 50
93 61
93 76
96 6
backbone tree 7, llh: -11478.748929
-1 0
0 24
0 47
0 71
0 87
1 84
2 42
2 91
4 27
4 34
7 57
7 77
9 67
12 16
12 69
14 53
16 38
16 58
18 30
19 14
19 81
20 31
20 48
21 4
21 73
23 7
24 25
30 64
31 55
33 18
34 85
39 41
47 35
47 75
48 3
50 83
53 44
55 63
56 2
57 33
58 93
61 1
61 72
64 56
67 10
67 19
67 20
67 21
67 78
68 8
73 92
75 12
76 9
83 68
83 96
92 23
92 39
92 89
93 50
93 61
93 76
96 6
backbone tree 8, llh: -11478.715430
-1 0
0 24
0 47
0 71
0 87
1 3
1 84
2 42
2 91
4 27
4 34
6 81
7 57
7 77
9 67
12 16
12 69
14 53
16 38
16 58
18 30
19 14
20 31
20 48
21 4
21 73
23 7
24 25
30 64
31 55
33 18
34 85
39 41
47 35
47 75
50 83
53 44
56 2
57 33
58 93
61 1
61 72
64 56
67 10
67 19
67 20
67 21
67 78
68 8
72 63
73 92
75 12
76 9
83 68
83 96
92 23
92 39
92 89
93 50
93 61
93 76
96 6
backbone tree 9, llh: -11478.715418
-1 0
0 24
0 47
0 71
0 87
1 84
2 42
2 91
4 27
4 34
6 81
7 57
7 77
9 67
12 16
12 69
14 53
16 38
16 58
18 30
19 14
20 31
20 48
21 4
21 73
23 7
24 25
30 64
31 55
33 18
34 85
39 41
47 35
47 75
48 3
50 83
53 44
56 2
57 33
58 93
61 1
61 72
64 56
67 10
67 19
67 20
67 21
67 78
68 8
72 63
73 92
75 12
76 9
83 68
83 96
92 23
92 39
92 89
93 50
93 61
93 76
96 6
backbone tree 10, llh: -11478.727252
-1 0
0 24
0 47
0 71
0 87
1 3
1 84
2 42
2 91
4 27
4 34
7 57
7 77
9 67
12 16
12 69
14 53
16 38
16 58
18 30
19 14
19 81
20 31
20 48
21 4
21 73
23 7
24 25
30 64
31 55
33 18
34 85
39 41
47 35
47 75
50 83
53 44
56 2
57 33
58 93
61 1
61 72
64 56
67 10
67 19
67 20
67 21
67 78
68 8
72 63
73 92
75 12
76 9
83 68
83 96
92 23
92 39
92 89
93 50
93 61
93 76
96 6
backbone tree 11, llh: -11478.727240
-1 0
0 24
0 47
0 71
0 87
1 84
2 42
2 91
4 27
4 34
7 57
7 77
9 67
12 16
12 69
14 53
16 38
16 58
18 30
19 14
19 81
20 31
20 48
21 4
21 73
23 7
24 25
30 64
31 55
33 18
34 85
39 41
47 35
47 75
48 3
50 83
53 44
56 2
57 33
58 93
61 1
61 72
64 56
67 10
67 19
67 20
67 21
67 78
68 8
72 63
73 92
75 12
76 9
83 68
83 96
92 23
92 39
92 89
93 50
93 61
93 76
96 6
backbone tree 12, llh: -11478.774737
-1 0
0 24
0 47
0 71
0 87
1 3
1 84
2 42
2 91
4 27
4 34
6 81
7 57
9 67
12 16
12 69
14 53
16 38
16 58
18 30
19 14
20 31
20 48
21 4
21 73
23 7
24 25
27 77
30 64
31 55
33 18
34 85
39 41
41 63
47 35
47 75
50 83
53 44
56 2
57 33
58 93
61 1
61 72
64 56
67 10
67 19
67 20
67 21
67 78
68 8
73 92
75 12
76 9
83 68
83 96
92 23
92 39
92 89
93 50
93 61
93 76
96 6
backbone tree 13, llh: -11478.774725
-1 0
0 24
0 47
0 71
0 87
1 84
2 42
2 91
4 27
4 34
6 81
7 57
9 67
12 16
12 69
14 53
16 38
16 58
18 30
19 14
20 31
20 48
21 4
21 73
23 7
24 25
27 77
30 64
31 55
33 18
34 85
39 41
41 63
47 35
47 75
48 3
50 83
53 44
56 2
57 33
58 93
61 1
61 72
64 56
67 10
67 19
67 20
67 21
67 78
68 8
73 92
75 12
76 9
83 68
83 96
92 23
92 39
92 89
93 50
93 61
93 76
96 6
backbone tree 14, llh: -11478.786554
-1 0
0 24
0 47
0 71
0 87
1 3
1 84
2 42
2 91
4 27
4 34
7 57
9 67
12 16
12 69
14 53
16 38
16 58
18 30
19 14
19 81
20 31
20 48
21 4
21 73
23 7
24 25
27 77
30 64
31 55
33 18
34 85
39 41
41 63
47 35
47 75
50 83
53 44
56 2
57 33
58 93
61 1
61 72
64 56
67 10
67 19
67 20
67 21
67 78
68 8
73 92
75 12
76 9
83 68
83 96
92 23
92 39
92 89
93 50
93 61
93 76
96 6
backbone tree 15, llh: -11478.786543
-1 0
0 24
0 47
0 71
0 87
1 84
2 42
2 91
4 27
4 34
7 57
9 67
12 16
12 69
14 53
16 38
16 58
18 30
19 14
19 81
20 31
20 48
21 4
21 73
23 7
24 25
27 77
30 64
31 55
33 18
34 85
39 41
41 63
47 35
47 75
48 3
50 83
53 44
56 2
57 33
58 93
61 1
61 72
64 56
67 10
67 19
67 20
67 21
67 78
68 8
73 92
75 12
76 9
83 68
83 96
92 23
92 39
92 89
93 50
93 61
93 76
96 6
backbone tree 16, llh: -11478.794571
-1 0
0 24
0 47
0 71
0 87
1 3
1 84
2 42
2 91
4 27
4 34
6 81
7 57
9 67
12 16
12 69
14 53
16 38
16 58
18 30
19 14
20 31
20 48
21 4
21 73
23 7
24 25
27 77
30 64
31 55
33 18
34 85
39 41
47 35
47 75
50 83
53 44
55 63
56 2
57 33
58 93
61 1
61 72
64 56
67 10
67 19
67 20
67 21
67 78
68 8
73 92
75 12
76 9
83 68
83 96
92 23
92 39
92 89
93 50
93 61
93 76
96 6
backbone tree 17, llh: -11478.794560
-1 0
0 24
0 47
0 71
0 87
1 84
2 42
2 91
4 27
4 34
6 81
7 57
9 67
12 16
12 69
14 53
16 38
16 58
18 30
19 14
20 31
20 48
21 4
21 73
23 7
24 25
27 77
30 64
31 55
33 18
34 85
39 41
47 35
47 75
48 3
50 83
53 44
55 63
56 2
57 33
58 93
61 1
61 72
64 56
67 10
67 19
67 20
67 21
67 78
68 8
73 92
75 12
76 9
83 68
83 96
92 23
92 39
92 89
93 50
93 61
93 76
96 6
backbone tree 18, llh: -11478.806389
-1 0
0 24
0 47
0 71
0 87
1 3
1 84
2 42
2 91
4 27
4 34
7 57
9 67
12 16
12 69
14 53
16 38
16 58
18 30
19 14
19 81
20 31
20 48
21 4
21 73
23 7
24 25
27 77
30 64
31 55
33 18
34 85
39 41
47 35
47 75
50 83
53 44
55 63
56 2
57 33
58 93
61 1
61 72
64 56
67 10
67 19
67 20
67 21
67 78
68 8
73 92
75 12
76 9
83 68
83 96
92 23
92 39
92 89
93 50
93 61
93 76
96 6
backbone tree 19, llh: -11478.806378
-1 0
0 24
0 47
0 71
0 87
1 84
2 42
2 91
4 27
4 34
7 57
9 67
12 16
12 69
14 53
16 38
16 58
18 30
19 14
19 81
20 31
20 48
21 4
21 73
23 7
24 25
27 77
30 64
31 55
33 18
34 85
39 41
47 35
47 75
48 3
50 83
53 44
55 63
56 2
57 33
58 93
61 1
61 72
64 56
67 10
67 19
67 20
67 21
67 78
68 8
73 92
75 12
76 9
83 68
83 96
92 23
92 39
92 89
93 50
93 61
93 76
96 6
backbone tree 20, llh: -11478.772882
-1 0
0 24
0 47
0 71
0 87
1 3
1 84
2 42
2 91
4 27
4 34
6 81
7 57
9 67
12 16
12 69
14 53
16 38
16 58
18 30
19 14
20 31
20 48
21 4
21 73
23 7
24 25
27 77
30 64
31 55
33 18
34 85
39 41
47 35
47 75
50 83
53 44
56 2
57 33
58 93
61 1
61 72
64 56
67 10
67 19
67 20
67 21
67 78
68 8
72 63
73 92
75 12
76 9
83 68
83 96
92 23
92 39
92 89
93 50
93 61
93 76
96 6
backbone tree 21, llh: -11478.772871
-1 0
0 24
0 47
0 71
0 87
1 84
2 42
2 91
4 27
4 34
6 81
7 57
9 67
12 16
12 69
14 53
16 38
16 58
18 30
19 14
20 31
20 48
21 4
21 73
23 7
24 25
27 77
30 64
31 55
33 18
34 85
39 41
47 35
47 75
48 3
50 83
53 44
56 2
57 33
58 93
61 1
61 72
64 56
67 10
67 19
67 20
67 21
67 78
68 8
72 63
73 92
75 12
76 9
83 68
83 96
92 23
92 39
92 89
93 50
93 61
93 76
96 6
backbone tree 22, llh: -11478.784700
-1 0
0 24
0 47
0 71
0 87
1 3
1 84
2 42
2 91
4 27
4 34
7 57
9 67
12 16
12 69
14 53
16 38
16 58
18 30
19 14
19 81
20 31
20 48
21 4
21 73
23 7
24 25
27 77
30 64
31 55
33 18
34 85
39 41
47 35
47 75
50 83
53 44
56 2
57 33
58 93
61 1
61 72
64 56
67 10
67 19
67 20
67 21
67 78
68 8
72 63
73 92
75 12
76 9
83 68
83 96
92 23
92 39
92 89
93 50
93 61
93 76
96 6
backbone tree 23, llh: -11478.784689
-1 0
0 24
0 47
0 71
0 87
1 84
2 42
2 91
4 27
4 34
7 57
9 67
12 16
12 69
14 53
16 38
16 58
18 30
19 14
19 81
20 31
20 48
21 4
21 73
23 7
24 25
27 77
30 64
31 55
33 18
34 85
39 41
47 35
47 75
48 3
50 83
53 44
56 2
57 33
58 93
61 1
61 72
64 56
67 10
67 19
67 20
67 21
67 78
68 8
72 63
73 92
75 12
76 9
83 68
83 96
92 23
92 39
92 89
93 50
93 61
93 76
96 6
backbone tree 24, llh: -11478.707189
-1 0
0 24
0 47
0 71
1 3
1 84
2 42
2 91
4 27
4 34
6 81
7 57
7 77
9 67
12 16
12 69
14 53
16 38
16 58
18 30
19 14
20 31
20 48
21 4
21 73
23 7
24 25
30 64
31 55
33 18
34 85
39 41
41 63
47 35
47 75
50 83
50 87
53 44
56 2
57 33
58 93
61 1
61 72
64 56
67 10
67 19
67 20
67 21
67 78
68 8
73 92
75 12
76 9
83 68
83 96
92 23
92 39
92 89
93 50
93 61
93 76
96 6
backbone tree 25, llh: -11478.707175
-1 0
0 24
0 47
0 71
1 84
2 42
2 91
4 27
4 34
6 81
7 57
7 77
9 67
12 16
12 69
14 53
16 38
16 58
18 30
19 14
20 31
20 48
21 4
21 73
23 7
24 25
30 64
31 55
33 18
34 85
39 41
41 63
47 35
47 75
48 3
50 83
50 87
53 44
56 2
57 33
58 93
61 1
61 72
64 56
67 10
67 19
67 20
67 21
67 78
68 8
73 92
75 12
76 9
83 68
83 96
92 23
92 39
92 89
93 50
93 61
93 76
96 6
backbone tree 26, llh: -11478.717356
-1 0
0 24
0 47
0 71
1 3
1 84
2 42
2 91
4 27
4 34
7 57
7 77
9 67
12 16
12 69
14 53
16 38
16 58
18 30
19 14
19 81
20 31
20 48
21 4
21 73
23 7
24 25
30 64
31 55
33 18
34 85
39 41
41 63
47 35
47 75
50 83
50 87
53 44
56 2
57 33
58 93
61 1
61 72
64 56
67 10
67 19
67 20
67 21
67 78
68 8
73 92
75 12
76 9
83 68
83 96
92 23
92 39
92 89
93 50
93 61
93 76
96 6
backbone tree 27, llh: -11478.717342
-1 0
0 24
0 47
0 71
1 84
2 42
2 91
4 27
4 34
7 57
7 77
9 67
12 16
12 69
14 53
16 38
16 58
18 30
19 14
19 81
20 31
20 48
21 4
21 73
23 7
24 25
30 64
31 55
33 18
34 85
39 41
41 63
47 35
47 75
48 3
50 83
50 87
53 44
56 2
57 33
58 93
61 1
61 72
64 56
67 10
67 19
67 20
67 21
67 78
68 8
73 92
75 12
76 9
83 68
83 96
92 23
92 39
92 89
93 50
93 61
93 76
96 6
backbone tree 28, llh: -11478.727024
-1 0
0 24
0 47
0 71
1 3
1 84
2 42
2 91
4 27
4 34
6 81
7 57
7 77
9 67
12 16
12 69
14 53
16 38
16 58
18 30
19 14
20 31
20 48
21 4
21 73
23 7
24 25
30 64
31 55
33 18
34 85
39 41
47 35
47 75
50 83
50 87
53 44
55 63
56 2
57 33
58 93
61 1
61 72
64 56
67 10
67 19
67 20
67 21
67 78
68 8
73 92
75 12
76 9
83 68
83 96
92 23
92 39
92 89
93 50
93 61
93 76
96 6
backbone tree 29, llh: -11478.727009
-1 0
0 24
0 47
0 71
1 84
2 42
2 91
4 27
4 34
6 81
7 57
7 77
9 67
12 16
12 69
14 53
16 38
16 58
18 30
19 14
20 31
20 48
21 4
21 73
23 7
24 25
30 64
31 55
33 18
34 85
39 41
47 35
47 75
48 3
50 83
50 87
53 44
55 63
56 2
57 33
58 93
61 1
61 72
64 56
67 10
67 19
67 20
67 21
67 78
68 8
73 92
75 12
76 9
83 68
83 96
92 23
92 39
92 89
93 50
93 61
93 76
96 6
backbone tree 30, llh: -11478.737191
-1 0
0 24
0 47
0 71
1 3
1 84
2 42
2 91
4 27
4 34
7 57
7 77
9 67
12 16
12 69
14 53
16 38
16 58
18 30
19 14
19 81
20 31
20 48
21 4
21 73
23 7
24 25
30 64
31 55
33 18
34 85
39 41
47 35
47 75
50 83
50 87
53 44
55 63
56 2
57 33
58 93
61 1
61 72
64 56
67 10
67 19
67 20
67 21
67 78
68 8
73 92
75 12
76 9
83 68
83 96
92 23
92 39
92 89
93 50
93 61
93 76
96 6
backbone tree 31, llh: -11478.737177
-1 0
0 24
0 47
0 71
1 84
2 42
2 91
4 27
4 34
7 57
7 77
9 67
12 16
12 69
14 53
16 38
16 58
18 30
19 14
19 81
20 31
20 48
21 4
21 73
23 7
24 25
30 64
31 55
33 18
34 85
39 41
47 35
47 75
48 3
50 83
50 87
53 44
55 63
56 2
57 33
58 93
61 1
61 72
64 56
67 10
67 19
67 20
67 21
67 78
68 8
73 92
75 12
76 9
83 68
83 96
92 23
92 39
92 89
93 50
93 61
93 76
96 6
backbone tree 32, llh: -11478.705334
-1 0
0 24
0 47
0 71
1 3
1 84
2 42
2 91
4 27
4 34
6 81
7 57
7 77
9 67
12 16
12 69
14 53
16 38
16 58
18 30
19 14
20 31
20 48
21 4
21 73
23 7
24 25
30 64
31 55
33 18
34 85
39 41
47 35
47 75
50 83
50 87
53 44
56 2
57 33
58 93
61 1
61 72
64 56
67 10
67 19
67 20
67 21
67 78
68 8
72 63
73 92
75 12
76 9
83 68
83 96
92 23
92 39
92 89
93 50
93 61
93 76
96 6
backbone tree 33, llh: -11478.705320
-1 0
0 24
0 47
0 71
1 84
2 42
2 91
4 27
4 34
6 81
7 57
7 77
9 67
12 16
12 69
14 53
16 38
16 58
18 30
19 14
20 31
20 48
21 4
21 73
23 7
24 25
30 64
31 55
33 18
34 85
39 41
47 35
47 75
48 3
50 83
50 87
53 44
56 2
57 33
58 93
61 1
61 72
64 56
67 10
67 19
67 20
67 21
67 78
68 8
72 63
73 92
75 12
76 9
83 68
83 96
92 23
92 39
92 89
93 50
93 61
93 76
96 6
backbone tree 34, llh: -11478.715502
-1 0
0 24
0 47
0 71
1 3
1 84
2 42
2 91
4 27
4 34
7 57
7 77
9 67
12 16
12 69
14 53
16 38
16 58
18 30
19 14
19 81
20 31
20 48
21 4
21 73
23 7
24 25
30 64
31 55
33 18
34 85
39 41
47 35
47 75
50 83
50 87
53 44
56 2
57 33
58 93
61 1
61 72
64 56
67 10
67 19
67 20
67 21
67 78
68 8
72 63
73 92
75 12
76 9
83 68
83 96
92 23
92 39
92 89
93 50
93 61
93 76
96 6
backbone tree 35, llh: -11478.715488
-1 0
0 24
0 47
0 71
1 84
2 42
2 91
4 27
4 34
7 57
7 77
9 67
12 16
12 69
14 53
16 38
16 58
18 30
19 14
19 81
20 31
20 48
21 4
21 73
23 7
24 25
30 64
31 55
33 18
34 85
39 41
47 35
47 75
48 3
50 83
50 87
53 44
56 2
57 33
58 93
61 1
61 72
64 56
67 10
67 19
67 20
67 21
67 78
68 8
72 63
73 92
75 12
76 9
83 68
83 96
92 23
92 39
92 89
93 50
93 61
93 76
96 6
backbone tree 36, llh: -11478.765850
-1 0
0 24
0 47
0 71
1 3
1 84
2 42
2 91
4 27
4 34
6 81
7 57
9 67
12 16
12 69
14 53
16 38
16 58
18 30
19 14
20 31
20 48
21 4
21 73
23 7
24 25
27 77
30 64
31 55
33 18
34 85
39 41
41 63
47 35
47 75
50 83
50 87
53 44
56 2
57 33
58 93
61 1
61 72
64 56
67 10
67 19
67 20
67 21
67 78
68 8
73 92
75 12
76 9
83 68
83 96
92 23
92 39
92 89
93 50
93 61
93 76
96 6
backbone tree 37, llh: -11478.765836
-1 0
0 24
0 47
0 71
1 84
2 42
2 91
4 27
4 34
6 81
7 57
9 67
12 16
12 69
14 53
16 38
16 58
18 30
19 14
20 31
20 48
21 4
21 73
23 7
24 25
27 77
30 64
31 55
33 18
34 85
39 41
41 63
47 35
47 75
48 3
50 83
50 87
53 44
56 2
57 33
58 93
61 1
61 72
64 56
67 10
67 19
67 20
67 21
67 78
68 8
73 92
75 12
76 9
83 68
83 96
92 23
92 39
92 89
93 50
93 61
93 76
96 6
backbone tree 38, llh: -11478.776013
-1 0
0 24
0 47
0 71
1 3
1 84
2 42
2 91
4 27
4 34
7 57
9 67
12 16
12 69
14 53
16 38
16 58
18 30
19 14
19 81
20 31
20 48
21 4
21 73
23 7
24 25
27 77
30 64
31 55
33 18
34 85
39 41
41 63
47 35
47 75
50 83
50 87
53 44
56 2
57 33
58 93
61 1
61 72
64 56
67 10
67 19
67 20
67 21
67 78
68 8
73 92
75 12
76 9
83 68
83 96
92 23
92 39
92 89
93 50
93 61
93 76
96 6
backbone tree 39, llh: -11478.775999
-1 0
0 24
0 47
0 71
1 84
2 42
2 91
4 27
4 34
7 57
9 67
12 16
12 69
14 53
16 38
16 58
18 30
19 14
19 81
20 31
20 48
21 4
21 73
23 7
24 25
27 77
30 64
31 55
33 18
34 85
39 41
41 63
47 35
47 75
48 3
50 83
50 87
53 44
56 2
57 33
58 93
61 1
61 72
64 56
67 10
67 19
67 20
67 21
67 78
68 8
73 92
75 12
76 9
83 68
83 96
92 23
92 39
92 89
93 50
93 61
93 76
96 6
backbone tree 40, llh: -11478.785684
-1 0
0 24
0 47
0 71
1 3
1 84
2 42
2 91
4 27
4 34
6 81
7 57
9 67
12 16
12 69
14 53
16 38
16 58
18 30
19 14
20 31
20 48
21 4
21 73
23 7
24 25
27 77
30 64
31 55
33 18
34 85
39 41
47 35
47 75
50 83
50 87
53 44
55 63
56 2
57 33
58 93
61 1
61 72
64 56
67 10
67 19
67 20
67 21
67 78
68 8
73 92
75 12
76 9
83 68
83 96
92 23
92 39
92 89
93 50
93 61
93 76
96 6
backbone tree 41, llh: -11478.785671
-1 0
0 24
0 47
0 71
1 84
2 42
2 91
4 27
4 34
6 81
7 57
9 67
12 16
12 69
14 53
16 38
16 58
18 30
19 14
20 31
20 48
21 4
21 73
23 7
24 25
27 77
30 64
31 55
33 18
34 85
39 41
47 35
47 75
48 3
50 83
50 87
53 44
55 63
56 2
57 33
58 93
61 1
61 72
64 56
67 10
67 19
67 20
67 21
67 78
68 8
73 92
75 12
76 9
83 68
83 96
92 23
92 39
92 89
93 50
93 61
93 76
96 6
backbone tree 42, llh: -11478.795848
-1 0
0 24
0 47
0 71
1 3
1 84
2 42
2 91
4 27
4 34
7 57
9 67
12 16
12 69
14 53
16 38
16 58
18 30
19 14
19 81
20 31
20 48
21 4
21 73
23 7
24 25
27 77
30 64
31 55
33 18
34 85
39 41
47 35
47 75
50 83
50 87
53 44
55 63
56 2
57 33
58 93
61 1
61 72
64 56
67 10
67 19
67 20
67 21
67 78
68 8
73 92
75 12
76 9
83 68
83 96
92 23
92 39
92 89
93 50
93 61
93 76
96 6
backbone tree 43, llh: -11478.795834
-1 0
0 24
0 47
0 71
1 84
2 42
2 91
4 27
4 34
7 57
9 67
12 16
12 69
14 53
16 38
16 58
18 30
19 14
19 81
20 31
20 48
21 4
21 73
23 7
24 25
27 77
30 64
31 55
33 18
34 85
39 41
47 35
47 75
48 3
50 83
50 87
53 44
55 63
56 2
57 33
58 93
61 1
61 72
64 56
67 10
67 19
67 20
67 21
67 78
68 8
73 92
75 12
76 9
83 68
83 96
92 23
92 39
92 89
93 50
93 61
93 76
96 6
backbone tree 44, llh: -11478.763995
-1 0
0 24
0 47
0 71
1 3
1 84
2 42
2 91
4 27
4 34
6 81
7 57
9 67
12 16
12 69
14 53
16 38
16 58
18 30
19 14
20 31
20 48
21 4
21 73
23 7
24 25
27 77
30 64
31 55
33 18
34 85
39 41
47 35
47 75
50 83
50 87
53 44
56 2
57 33
58 93
61 1
61 72
64 56
67 10
67 19
67 20
67 21
67 78
68 8
72 63
73 92
75 12
76 9
83 68
83 96
92 23
92 39
92 89
93 50
93 61
93 76
96 6
backbone tree 45, llh: -11478.763982
-1 0
0 24
0 47
0 71
1 84
2 42
2 91
4 27
4 34
6 81
7 57
9 67
12 16
12 69
14 53
16 38
16 58
18 30
19 14
20 31
20 48
21 4
21 73
23 7
24 25
27 77
30 64
31 55
33 18
34 85
39 41
47 35
47 75
48 3
50 83
50 87
53 44
56 2
57 33
58 93
61 1
61 72
64 56
67 10
67 19
67 20
67 21
67 78
68 8
72 63
73 92
75 12
76 9
83 68
83 96
92 23
92 39
92 89
93 50
93 61
93 76
96 6
backbone tree 46, llh: -11478.774159
-1 0
0 24
0 47
0 71
1 3
1 84
2 42
2 91
4 27
4 34
7 57
9 67
12 16
12 69
14 53
16 38
16 58
18 30
19 14
19 81
20 31
20 48
21 4
21 73
23 7
24 25
27 77
30 64
31 55
33 18
34 85
39 41
47 35
47 75
50 83
50 87
53 44
56 2
57 33
58 93
61 1
61 72
64 56
67 10
67 19
67 20
67 21
67 78
68 8
72 63
73 92
75 12
76 9
83 68
83 96
92 23
92 39
92 89
93 50
93 61
93 76
96 6
backbone tree 47, llh: -11478.774145
-1 0
0 24
0 47
0 71
1 84
2 42
2 91
4 27
4 34
7 57
9 67
12 16
12 69
14 53
16 38
16 58
18 30
19 14
19 81
20 31
20 48
21 4
21 73
23 7
24 25
27 77
30 64
31 55
33 18
34 85
39 41
47 35
47 75
48 3
50 83
50 87
53 44
56 2
57 33
58 93
61 1
61 72
64 56
67 10
67 19
67 20
67 21
67 78
68 8
72 63
73 92
75 12
76 9
83 68
83 96
92 23
92 39
92 89
93 50
93 61
93 76
96 6
