# 40 backbone trees, 78 mutations
backbone tree 0, llh: -17234.724091
-1 42
0 59
3 83
5 18
7 11
7 64
8 29
9 65
10 12
10 21
11 78
13 44
13 85
14 13
16 51
17 88
18 24
18 66
19 84
20 52
21 15
22 17
22 37
22 45
26 32
26 55
27 16
27 31
27 72
28 46
31 4
32 25
33 86
34 28
34 49
35 36
36 5
36 92
38 48
42 26
42 43
42 75
44 82
46 3
46 80
47 34
47 38
48 50
51 33
51 53
52 62
52 93
53 19
53 70
58 0
59 77
64 73
65 39
67 35
68 20
69 47
70 69
72 89
72 96
75 9
75 58
75 81
77 79
78 27
79 7
80 68
82 91
84 14
85 10
89 8
91 67
93 22
96 94
backbone tree 1, llh: -17234.800399
-1 42
0 59
3 83
5 18
7 11
7 64
8 29
9 65
10 12
10 21
11 78
13 44
13 85
14 13
16 51
18 24
18 66
19 84
20 52
21 15
22 17
22 37
22 45
26 32
26 55
27 16
27 31
27 72
28 46
31 4
32 25
33 86
34 28
34 49
35 36
36 5
36 92
38 48
42 26
42 43
42 75
44 82
46 3
46 80
47 34
47 38
48 50
51 33
51 53
52 62
52 93
53 19
53 70
55 88
58 0
59 77
64 73
65 39
67 35
68 20
69 47
70 69
72 89
72 96
75 9
75 58
75 81
77 79
78 27
79 7
80 68
82 91
84 14
85 10
89 8
91 67
93 22
96 94
backbone tree 2, llh: -17234.781312
-1 42
0 59
3 83
5 18
7 11
7 64
8 29
9 65
10 12
10 21
11 78
13 44
13 85
14 13
16 51
18 24
18 66
19 84
20 52
21 15
22 17
22 37
22 45
26 32
26 55
27 16
27 31
27 72
28 46
31 4
32 25
33 86
34 28
34 49
35 36
36 5
36 92
38 48
42 26
42 43
42 75
44 82
46 3
46 80
47 34
47 38
48 50
51 33
51 53
52 62
52 93
53 19
53 70
58 0
59 77
64 73
64 88
65 39
67 35
68 20
69 47
70 69
72 89
72 96
75 9
75 58
75 81
77 79
78 27
79 7
80 68
82 91
84 14
85 10
89 8
91 67
93 22
96 94
backbone tree 3, llh: -17234.786800
-1 42
0 59
3 83
5 18
7 11
7 64
8 29
9 65
10 12
10 21
11 78
13 44
13 85
14 13
16 51
17 88
18 24
18 66
19 84
20 52
21 15
22 17
22 37
22 45
26 32
26 55
27 16
27 31
27 72
28 46
31 4
32 25
34 28
34 49
35 36
36 5
36 92
38 48
42 26
42 43
42 75
44 82
46 3
46 80
47 34
47 38
48 50
51 33
51 53
52 62
52 93
53 19
53 70
58 0
59 77
64 73
65 39
67 35
68 20
69 47
70 69
72 89
72 96
75 9
75 58
75 81
77 79
78 27
79 7
80 68
82 91
84 14
84 86
85 10
89 8
91 67
93 22
96 94
backbone tree 4, llh: -17234.720218
-1 42
0 59
3 83
5 18
7 11
7 64
8 29
9 65
10 21
11 78
13 44
13 85
14 13
16 51
17 88
18 24
18 66
19 84
20 52
21 15
22 17
22 37
22 45
26 32
26 55
27 16
27 31
27 72
28 46
31 4
32 25
33 86
34 28
34 49
35 36
36 5
36 92
38 48
42 26
42 43
42 75
44 82
46 3
46 80
47 34
47 38
48 50
50 12
51 33
51 53
52 62
52 93
53 19
53 70
58 0
59 77
64 73
65 39
67 35
68 20
69 47
70 69
72 89
72 96
75 9
75 58
75 81
77 79
78 27
79 7
80 68
82 91
84 14
85 10
89 8
91 67
93 22
96 94
backbone tree 5, llh: -17234.796526
-1 42
0 59
3 83
5 18
7 11
7 64
8 29
9 65
10 21
11 78
13 44
13 85
14 13
16 51
18 24
18 66
19 84
20 52
21 15
22 17
22 37
22 45
26 32
26 55
27 16
27 31
27 72
28 46
31 4
32 25
33 86
34 28
34 49
35 36
36 5
36 92
38 48
42 26
42 43
42 75
44 82
46 3
46 80
47 34
47 38
48 50
50 12
51 33
51 53
52 62
52 93
53 19
53 70
55 88
58 0
59 77
64 73
65 39
67 35
68 20
69 47
70 69
72 89
72 96
75 9
75 58
75 81
77 79
78 27
79 7
80 68
82 91
84 14
85 10
89 8
91 67
93 22
96 94
backbone tree 6, llh: -17234.777439
-1 42
0 59
3 83
5 18
7 11
7 64
8 29
9 65
10 21
11 78
13 44
13 85
14 13
16 51
18 24
18 66
19 84
20 52
21 15
22 17
22 37
22 45
26 32
26 55
27 16
27 31
27 72
28 46
31 4
32 25
33 86
34 28
34 49
35 36
36 5
36 92
38 48
42 26
42 43
42 75
44 82
46 3
46 80
47 34
47 38
48 50
50 12
51 33
51 53
52 62
52 93
53 19
53 70
58 0
59 77
64 73
64 88
65 39
67 35
68 20
69 47
70 69
72 89
72 96
75 9
75 58
75 81
77 79
78 27
79 7
80 68
82 91
84 14
85 10
89 8
91 67
93 22
96 94
backbone tree 7, llh: -17234.782880
-1 42
0 59
3 83
5 18
7 11
7 64
8 29
9 65
10 21
11 78
13 44
13 85
14 13
16 51
17 88
18 24
18 66
19 84
20 52
21 15
22 17
22 37
22 45
26 32
26 55
27 16
27 31
27 72
28 46
31 4
32 25
34 28
34 49
35 36
36 5
36 92
38 48
42 26
42 43
42 75
44 82
46 3
46 80
47 34
47 38
48 50
50 12
51 33
51 53
52 62
52 93
53 19
53 70
58 0
59 77
64 73
65 39
67 35
68 20
69 47
70 69
72 89
72 96
75 9
75 58
75 81
77 79
78 27
79 7
80 68
82 91
84 14
84 86
85 10
89 8
91 67
93 22
96 94
backbone tree 8, llh: -17234.775618
-1 42
0 59
3 83
5 18
7 11
7 64
8 29
9 65
10 12
10 21
11 78
13 44
13 85
14 13
16 51
17 88
18 24
18 66
19 84
20 52
21 15
22 17
22 45
26 32
26 55
27 16
27 31
27 72
28 46
31 4
32 25
33 86
34 28
34 49
35 36
36 5
36 92
38 48
42 26
42 43
42 75
44 82
46 3
46 80
47 34
47 38
48 50
51 33
51 53
52 62
52 93
53 19
53 70
58 0
59 77
64 73
65 39
67 35
68 20
69 47
70 69
72 89
72 96
75 9
75 58
75 81
77 79
78 27
79 7
80 68
82 37
82 91
84 14
85 10
89 8
91 67
93 22
96 94
backbone tree 9, llh: -17234.771726
-1 42
0 59
3 83
5 18
7 11
7 64
8 29
9 65
10 21
11 78
13 44
13 85
14 13
16 51
17 88
18 24
18 66
19 84
20 52
21 15
22 17
22 45
26 32
26 55
27 16
27 31
27 72
28 46
31 4
32 25
33 86
34 28
34 49
35 36
36 5
36 92
38 48
42 26
42 43
42 75
44 82
46 3
46 80
47 34
47 38
48 50
50 12
51 33
51 53
52 62
52 93
53 19
53 70
58 0
59 77
64 73
65 39
67 35
68 20
69 47
70 69
72 89
72 96
75 9
75 58
75 81
77 79
78 27
79 7
80 68
82 37
82 91
84 14
85 10
89 8
91 67
93 22
96 94
backbone tree 10, llh: -17234.755011
-1 42
0 59
5 18
7 11
7 64
8 29
9 65
10 12
10 21
11 78
13 44
13 85
14 13
16 51
17 88
18 24
18 66
19 84
20 52
21 15
22 17
22 37
22 45
26 32
26 55
27 16
27 31
27 72
28 46
31 4
32 25
33 86
34 28
34 49
35 36
36 5
36 92
38 48
42 26
42 43
42 75
44 82
46 3
46 80
47 34
47 38
48 50
51 33
51 53
52 62
52 93
53 19
53 70
58 0
59 77
64 73
65 39
67 35
68 20
69 47
70 69
72 89
72 96
73 83
75 9
75 58
75 81
77 79
78 27
79 7
80 68
82 91
84 14
85 10
89 8
91 67
93 22
96 94
backbone tree 11, llh: -17234.812307
-1 42
0 59
5 18
7 11
7 64
8 29
9 65
10 12
10 21
11 78
13 44
13 85
14 13
16 51
18 24
18 66
19 84
20 52
21 15
22 17
22 37
22 45
26 32
26 55
27 16
27 31
27 72
28 46
31 4
32 25
33 86
34 28
34 49
35 36
36 5
36 92
38 48
42 26
42 43
42 75
44 82
46 3
46 80
47 34
47 38
48 50
51 33
51 53
52 62
52 93
53 19
53 70
58 0
59 77
64 73
64 88
65 39
67 35
68 20
69 47
70 69
72 89
72 96
73 83
75 9
75 58
75 81
77 79
78 27
79 7
80 68
82 91
84 14
85 10
89 8
91 67
93 22
96 94
backbone tree 12, llh: -17234.751138
-1 42
0 59
5 18
7 11
7 64
8 29
9 65
10 21
11 78
13 44
13 85
14 13
16 51
17 88
18 24
18 66
19 84
20 52
21 15
22 17
22 37
22 45
26 32
26 55
27 16
27 31
27 72
28 46
31 4
32 25
33 86
34 28
34 49
35 36
36 5
36 92
38 48
42 26
42 43
42 75
44 82
46 3
46 80
47 34
47 38
48 50
50 12
51 33
51 53
52 62
52 93
53 19
53 70
58 0
59 77
64 73
65 39
67 35
68 20
69 47
70 69
72 89
72 96
73 83
75 9
75 58
75 81
77 79
78 27
79 7
80 68
82 91
84 14
85 10
89 8
91 67
93 22
96 94
backbone tree 13, llh: -17234.808434
-1 42
0 59
5 18
7 11
7 64
8 29
9 65
10 21
11 78
13 44
13 85
14 13
16 51
18 24
18 66
19 84
20 52
21 15
22 17
22 37
22 45
26 32
26 55
27 16
27 31
27 72
28 46
31 4
32 25
33 86
34 28
34 49
35 36
36 5
36 92
38 48
42 26
42 43
42 75
44 82
46 3
46 80
47 34
47 38
48 50
50 12
51 33
51 53
52 62
52 93
53 19
53 70
58 0
59 77
64 73
64 88
65 39
67 35
68 20
69 47
70 69
72 89
72 96
73 83
75 9
75 58
75 81
77 79
78 27
79 7
80 68
82 91
84 14
85 10
89 8
91 67
93 22
96 94
backbone tree 14, llh: -17234.813800
-1 42
0 59
5 18
7 11
7 64
8 29
9 65
10 21
11 78
13 44
13 85
14 13
16 51
17 88
18 24
18 66
19 84
20 52
21 15
22 17
22 37
22 45
26 32
26 55
27 16
27 31
27 72
28 46
31 4
32 25
34 28
34 49
35 36
36 5
36 92
38 48
42 26
42 43
42 75
44 82
46 3
46 80
47 34
47 38
48 50
50 12
51 33
51 53
52 62
52 93
53 19
53 70
58 0
59 77
64 73
65 39
67 35
68 20
69 47
70 69
72 89
72 96
73 83
75 9
75 58
75 81
77 79
78 27
79 7
80 68
82 91
84 14
84 86
85 10
89 8
91 67
93 22
96 94
backbone tree 15, llh: -17234.771975
-1 42
0 59
3 83
5 18
7 11
7 64
8 29
9 65
10 12
10 21
11 78
13 44
13 85
14 13
16 51
17 88
18 24
18 66
19 84
20 52
21 15
22 17
22 37
22 45
26 32
26 55
27 16
27 31
27 72
28 46
31 4
32 25
33 86
34 28
34 49
35 36
36 5
36 92
38 48
42 26
42 43
42 75
44 82
46 3
46 80
47 34
47 38
51 33
51 53
52 62
52 93
53 19
53 70
58 0
59 77
64 73
65 39
67 35
68 20
69 47
70 69
72 50
72 89
72 96
75 9
75 58
75 81
77 79
78 27
79 7
80 68
82 91
84 14
85 10
89 8
91 67
93 22
96 94
backbone tree 16, llh: -17234.727304
-1 42
0 59
3 83
5 18
7 11
7 64
8 29
9 65
10 21
11 78
13 44
13 85
14 13
16 51
17 88
18 24
18 66
19 84
20 52
21 15
22 17
22 37
22 45
26 32
26 55
27 16
27 31
27 72
28 46
31 4
32 25
33 86
34 28
34 49
35 36
36 5
36 92
38 48
42 26
42 43
42 75
44 82
46 3
46 80
47 34
47 38
48 12
51 33
51 53
52 62
52 93
53 19
53 70
58 0
59 77
64 73
65 39
67 35
68 20
69 47
70 69
72 50
72 89
72 96
75 9
75 58
75 81
77 79
78 27
79 7
80 68
82 91
84 14
85 10
89 8
91 67
93 22
96 94
backbone tree 17, llh: -17234.803612
-1 42
0 59
3 83
5 18
7 11
7 64
8 29
9 65
10 21
11 78
13 44
13 85
14 13
16 51
18 24
18 66
19 84
20 52
21 15
22 17
22 37
22 45
26 32
26 55
27 16
27 31
27 72
28 46
31 4
32 25
33 86
34 28
34 49
35 36
36 5
36 92
38 48
42 26
42 43
42 75
44 82
46 3
46 80
47 34
47 38
48 12
51 33
51 53
52 62
52 93
53 19
53 70
55 88
58 0
59 77
64 73
65 39
67 35
68 20
69 47
70 69
72 50
72 89
72 96
75 9
75 58
75 81
77 79
78 27
79 7
80 68
82 91
84 14
85 10
89 8
91 67
93 22
96 94
backbone tree 18, llh: -17234.784545
-1 42
0 59
3 83
5 18
7 11
7 64
8 29
9 65
10 21
11 78
13 44
13 85
14 13
16 51
18 24
18 66
19 84
20 52
21 15
22 17
22 37
22 45
26 32
26 55
27 16
27 31
27 72
28 46
31 4
32 25
33 86
34 28
34 49
35 36
36 5
36 92
38 48
42 26
42 43
42 75
44 82
46 3
46 80
47 34
47 38
48 12
51 33
51 53
52 62
52 93
53 19
53 70
58 0
59 77
64 73
64 88
65 39
67 35
68 20
69 47
70 69
72 50
72 89
72 96
75 9
75 58
75 81
77 79
78 27
79 7
80 68
82 91
84 14
85 10
89 8
91 67
93 22
96 94
backbone tree 19, llh: -17234.789973
-1 42
0 59
3 83
5 18
7 11
7 64
8 29
9 65
10 21
11 78
13 44
13 85
14 13
16 51
17 88
18 24
18 66
19 84
20 52
21 15
22 17
22 37
22 45
26 32
26 55
27 16
27 31
27 72
28 46
31 4
32 25
34 28
34 49
35 36
36 5
36 92
38 48
42 26
42 43
42 75
44 82
46 3
46 80
47 34
47 38
48 12
51 33
51 53
52 62
52 93
53 19
53 70
58 0
59 77
64 73
65 39
67 35
68 20
69 47
70 69
72 50
72 89
72 96
75 9
75 58
75 81
77 79
78 27
79 7
80 68
82 91
84 14
84 86
85 10
89 8
91 67
93 22
96 94
backbone tree 20, llh: -17234.809019
-1 42
0 59
3 83
5 18
7 11
7 64
8 29
9 65
10 21
11 78
13 44
13 85
14 13
16 51
17 88
18 24
18 66
19 84
20 52
21 15
22 17
22 37
22 45
26 32
26 55
27 16
27 31
27 72
28 46
31 4
32 25
33 86
34 28
34 49
35 36
36 5
36 92
38 48
42 26
42 43
42 75
44 82
46 3
46 80
47 34
47 38
50 12
51 33
51 53
52 62
52 93
53 19
53 70
58 0
59 77
64 73
65 39
67 35
68 20
69 47
70 69
72 50
72 89
72 96
75 9
75 58
75 81
77 79
78 27
79 7
80 68
82 91
84 14
85 10
89 8
91 67
93 22
96 94
backbone tree 21, llh: -17234.803114
-1 42
0 59
5 18
7 11
7 64
8 29
9 65
10 12
10 21
11 78
13 44
13 85
14 13
16 51
17 88
18 24
18 66
19 84
20 52
21 15
22 17
22 37
22 45
26 32
26 55
27 16
27 31
27 72
28 46
31 4
32 25
33 86
34 28
34 49
35 36
36 5
36 92
38 48
42 26
42 43
42 75
44 82
46 3
46 80
47 34
47 38
51 33
51 53
52 62
52 93
53 19
53 70
58 0
59 77
64 73
65 39
67 35
68 20
69 47
70 69
72 50
72 89
72 96
73 83
75 9
75 58
75 81
77 79
78 27
79 7
80 68
82 91
84 14
85 10
89 8
91 67
93 22
96 94
backbone tree 22, llh: -17234.758443
-1 42
0 59
5 18
7 11
7 64
8 29
9 65
10 21
11 78
13 44
13 85
14 13
16 51
17 88
18 24
18 66
19 84
20 52
21 15
22 17
22 37
22 45
26 32
26 55
27 16
27 31
27 72
28 46
31 4
32 25
33 86
34 28
34 49
35 36
36 5
36 92
38 48
42 26
42 43
42 75
44 82
46 3
46 80
47 34
47 38
48 12
51 33
51 53
52 62
52 93
53 19
53 70
58 0
59 77
64 73
65 39
67 35
68 20
69 47
70 69
72 50
72 89
72 96
73 83
75 9
75 58
75 81
77 79
78 27
79 7
80 68
82 91
84 14
85 10
89 8
91 67
93 22
96 94
backbone tree 23, llh: -17234.723526
-1 42
0 59
3 83
5 18
7 11
7 64
8 29
9 65
10 12
10 21
11 78
13 44
13 85
14 13
16 51
17 88
18 24
18 66
19 84
20 52
21 15
22 17
22 37
22 45
26 32
26 55
27 16
27 31
27 72
28 46
31 4
32 25
33 86
34 28
34 49
35 36
36 5
36 92
38 50
42 26
42 43
42 75
44 82
46 3
46 80
47 34
47 38
50 48
51 33
51 53
52 62
52 93
53 19
53 70
58 0
59 77
64 73
65 39
67 35
68 20
69 47
70 69
72 89
72 96
75 9
75 58
75 81
77 79
78 27
79 7
80 68
82 91
84 14
85 10
89 8
91 67
93 22
96 94
backbone tree 24, llh: -17234.799835
-1 42
0 59
3 83
5 18
7 11
7 64
8 29
9 65
10 12
10 21
11 78
13 44
13 85
14 13
16 51
18 24
18 66
19 84
20 52
21 15
22 17
22 37
22 45
26 32
26 55
27 16
27 31
27 72
28 46
31 4
32 25
33 86
34 28
34 49
35 36
36 5
36 92
38 50
42 26
42 43
42 75
44 82
46 3
46 80
47 34
47 38
50 48
51 33
51 53
52 62
52 93
53 19
53 70
55 88
58 0
59 77
64 73
65 39
67 35
68 20
69 47
70 69
72 89
72 96
75 9
75 58
75 81
77 79
78 27
79 7
80 68
82 91
84 14
85 10
89 8
91 67
93 22
96 94
backbone tree 25, llh: -17234.780747
-1 42
0 59
3 83
5 18
7 11
7 64
8 29
9 65
10 12
10 21
11 78
13 44
13 85
14 13
16 51
18 24
18 66
19 84
20 52
21 15
22 17
22 37
22 45
26 32
26 55
27 16
27 31
27 72
28 46
31 4
32 25
33 86
34 28
34 49
35 36
36 5
36 92
38 50
42 26
42 43
42 75
44 82
46 3
46 80
47 34
47 38
50 48
51 33
51 53
52 62
52 93
53 19
53 70
58 0
59 77
64 73
64 88
65 39
67 35
68 20
69 47
70 69
72 89
72 96
75 9
75 58
75 81
77 79
78 27
79 7
80 68
82 91
84 14
85 10
89 8
91 67
93 22
96 94
backbone tree 26, llh: -17234.786235
-1 42
0 59
3 83
5 18
7 11
7 64
8 29
9 65
10 12
10 21
11 78
13 44
13 85
14 13
16 51
17 88
18 24
18 66
19 84
20 52
21 15
22 17
22 37
22 45
26 32
26 55
27 16
27 31
27 72
28 46
31 4
32 25
34 28
34 49
35 36
36 5
36 92
38 50
42 26
42 43
42 75
44 82
46 3
46 80
47 34
47 38
50 48
51 33
51 53
52 62
52 93
53 19
53 70
58 0
59 77
64 73
65 39
67 35
68 20
69 47
70 69
72 89
72 96
75 9
75 58
75 81
77 79
78 27
79 7
80 68
82 91
84 14
84 86
85 10
89 8
91 67
93 22
96 94
backbone tree 27, llh: -17234.709925
-1 42
0 59
3 83
5 18
7 11
7 64
8 29
9 65
10 21
11 78
13 44
13 85
14 13
16 51
17 88
18 24
18 66
19 84
20 52
21 15
22 17
22 37
22 45
26 32
26 55
27 16
27 31
27 72
28 46
31 4
32 25
33 86
34 28
34 49
35 36
36 5
36 92
38 50
42 26
42 43
42 75
44 82
46 3
46 80
47 34
47 38
48 12
50 48
51 33
51 53
52 62
52 93
53 19
53 70
58 0
59 77
64 73
65 39
67 35
68 20
69 47
70 69
72 89
72 96
75 9
75 58
75 81
77 79
78 27
79 7
80 68
82 91
84 14
85 10
89 8
91 67
93 22
96 94
backbone tree 28, llh: -17234.786234
-1 42
0 59
3 83
5 18
7 11
7 64
8 29
9 65
10 21
11 78
13 44
13 85
14 13
16 51
18 24
18 66
19 84
20 52
21 15
22 17
22 37
22 45
26 32
26 55
27 16
27 31
27 72
28 46
31 4
32 25
33 86
34 28
34 49
35 36
36 5
36 92
38 50
42 26
42 43
42 75
44 82
46 3
46 80
47 34
47 38
48 12
50 48
51 33
51 53
52 62
52 93
53 19
53 70
55 88
58 0
59 77
64 73
65 39
67 35
68 20
69 47
70 69
72 89
72 96
75 9
75 58
75 81
77 79
78 27
79 7
80 68
82 91
84 14
85 10
89 8
91 67
93 22
96 94
backbone tree 29, llh: -17234.767146
-1 42
0 59
3 83
5 18
7 11
7 64
8 29
9 65
10 21
11 78
13 44
13 85
14 13
16 51
18 24
18 66
19 84
20 52
21 15
22 17
22 37
22 45
26 32
26 55
27 16
27 31
27 72
28 46
31 4
32 25
33 86
34 28
34 49
35 36
36 5
36 92
38 50
42 26
42 43
42 75
44 82
46 3
46 80
47 34
47 38
48 12
50 48
51 33
51 53
52 62
52 93
53 19
53 70
58 0
59 77
64 73
64 88
65 39
67 35
68 20
69 47
70 69
72 89
72 96
75 9
75 58
75 81
77 79
78 27
79 7
80 68
82 91
84 14
85 10
89 8
91 67
93 22
96 94
backbone tree 30, llh: -17234.772588
-1 42
0 59
3 83
5 18
7 11
7 64
8 29
9 65
10 21
11 78
13 44
13 85
14 13
16 51
17 88
18 24
18 66
19 84
20 52
21 15
22 17
22 37
22 45
26 32
26 55
27 16
27 31
27 72
28 46
31 4
32 25
34 28
34 49
35 36
36 5
36 92
38 50
42 26
42 43
42 75
44 82
46 3
46 80
47 34
47 38
48 12
50 48
51 33
51 53
52 62
52 93
53 19
53 70
58 0
59 77
64 73
65 39
67 35
68 20
69 47
70 69
72 89
72 96
75 9
75 58
75 81
77 79
78 27
79 7
80 68
82 91
84 14
84 86
85 10
89 8
91 67
93 22
96 94
backbone tree 31, llh: -17234.775054
-1 42
0 59
3 83
5 18
7 11
7 64
8 29
9 65
10 12
10 21
11 78
13 44
13 85
14 13
16 51
17 88
18 24
18 66
19 84
20 52
21 15
22 17
22 45
26 32
26 55
27 16
27 31
27 72
28 46
31 4
32 25
33 86
34 28
34 49
35 36
36 5
36 92
38 50
42 26
42 43
42 75
44 82
46 3
46 80
47 34
47 38
50 48
51 33
51 53
52 62
52 93
53 19
53 70
58 0
59 77
64 73
65 39
67 35
68 20
69 47
70 69
72 89
72 96
75 9
75 58
75 81
77 79
78 27
79 7
80 68
82 37
82 91
84 14
85 10
89 8
91 67
93 22
96 94
backbone tree 32, llh: -17234.761433
-1 42
0 59
3 83
5 18
7 11
7 64
8 29
9 65
10 21
11 78
13 44
13 85
14 13
16 51
17 88
18 24
18 66
19 84
20 52
21 15
22 17
22 45
26 32
26 55
27 16
27 31
27 72
28 46
31 4
32 25
33 86
34 28
34 49
35 36
36 5
36 92
38 50
42 26
42 43
42 75
44 82
46 3
46 80
47 34
47 38
48 12
50 48
51 33
51 53
52 62
52 93
53 19
53 70
58 0
59 77
64 73
65 39
67 35
68 20
69 47
70 69
72 89
72 96
75 9
75 58
75 81
77 79
78 27
79 7
80 68
82 37
82 91
84 14
85 10
89 8
91 67
93 22
96 94
backbone tree 33, llh: -17234.783096
-1 42
0 59
5 18
7 11
7 64
8 29
9 65
10 12
10 21
11 78
13 44
13 85
14 13
16 51
17 88
18 24
18 66
19 84
20 52
21 15
22 17
22 37
22 45
26 32
26 55
27 16
27 31
27 72
28 46
31 4
32 25
33 86
34 28
34 49
35 36
36 5
36 92
38 50
38 83
42 26
42 43
42 75
44 82
46 3
46 80
47 34
47 38
50 48
51 33
51 53
52 62
52 93
53 19
53 70
58 0
59 77
64 73
65 39
67 35
68 20
69 47
70 69
72 89
72 96
75 9
75 58
75 81
77 79
78 27
79 7
80 68
82 91
84 14
85 10
89 8
91 67
93 22
96 94
backbone tree 34, llh: -17234.769574
-1 42
0 59
5 18
7 11
7 64
8 29
9 65
10 21
11 78
13 44
13 85
14 13
16 51
17 88
18 24
18 66
19 84
20 52
21 15
22 17
22 37
22 45
26 32
26 55
27 16
27 31
27 72
28 46
31 4
32 25
33 86
34 28
34 49
35 36
36 5
36 92
38 50
38 83
42 26
42 43
42 75
44 82
46 3
46 80
47 34
47 38
48 12
50 48
51 33
51 53
52 62
52 93
53 19
53 70
58 0
59 77
64 73
65 39
67 35
68 20
69 47
70 69
72 89
72 96
75 9
75 58
75 81
77 79
78 27
79 7
80 68
82 91
84 14
85 10
89 8
91 67
93 22
96 94
backbone tree 35, llh: -17234.754446
-1 42
0 59
5 18
7 11
7 64
8 29
9 65
10 12
10 21
11 78
13 44
13 85
14 13
16 51
17 88
18 24
18 66
19 84
20 52
21 15
22 17
22 37
22 45
26 32
26 55
27 16
27 31
27 72
28 46
31 4
32 25
33 86
34 28
34 49
35 36
36 5
36 92
38 50
42 26
42 43
42 75
44 82
46 3
46 80
47 34
47 38
50 48
51 33
51 53
52 62
52 93
53 19
53 70
58 0
59 77
64 73
65 39
67 35
68 20
69 47
70 69
72 89
72 96
73 83
75 9
75 58
75 81
77 79
78 27
79 7
80 68
82 91
84 14
85 10
89 8
91 67
93 22
96 94
backbone tree 36, llh: -17234.811743
-1 42
0 59
5 18
7 11
7 64
8 29
9 65
10 12
10 21
11 78
13 44
13 85
14 13
16 51
18 24
18 66
19 84
20 52
21 15
22 17
22 37
22 45
26 32
26 55
27 16
27 31
27 72
28 46
31 4
32 25
33 86
34 28
34 49
35 36
36 5
36 92
38 50
42 26
42 43
42 75
44 82
46 3
46 80
47 34
47 38
50 48
51 33
51 53
52 62
52 93
53 19
53 70
58 0
59 77
64 73
64 88
65 39
67 35
68 20
69 47
70 69
72 89
72 96
73 83
75 9
75 58
75 81
77 79
78 27
79 7
80 68
82 91
84 14
85 10
89 8
91 67
93 22
96 94
backbone tree 37, llh: -17234.740845
-1 42
0 59
5 18
7 11
7 64
8 29
9 65
10 21
11 78
13 44
13 85
14 13
16 51
17 88
18 24
18 66
19 84
20 52
21 15
22 17
22 37
22 45
26 32
26 55
27 16
27 31
27 72
28 46
31 4
32 25
33 86
34 28
34 49
35 36
36 5
36 92
38 50
42 26
42 43
42 75
44 82
46 3
46 80
47 34
47 38
48 12
50 48
51 33
51 53
52 62
52 93
53 19
53 70
58 0
59 77
64 73
65 39
67 35
68 20
69 47
70 69
72 89
72 96
73 83
75 9
75 58
75 81
77 79
78 27
79 7
80 68
82 91
84 14
85 10
89 8
91 67
93 22
96 94
backbone tree 38, llh: -17234.798142
-1 42
0 59
5 18
7 11
7 64
8 29
9 65
10 21
11 78
13 44
13 85
14 13
16 51
18 24
18 66
19 84
20 52
21 15
22 17
22 37
22 45
26 32
26 55
27 16
27 31
27 72
28 46
31 4
32 25
33 86
34 28
34 49
35 36
36 5
36 92
38 50
42 26
42 43
42 75
44 82
46 3
46 80
47 34
47 38
48 12
50 48
51 33
51 53
52 62
52 93
53 19
53 70
58 0
59 77
64 73
64 88
65 39
67 35
68 20
69 47
70 69
72 89
72 96
73 83
75 9
75 58
75 81
77 79
78 27
79 7
80 68
82 91
84 14
85 10
89 8
91 67
93 22
96 94
backbone tree 39, llh: -17234.803508
-1 42
0 59
5 18
7 11
7 64
8 29
9 65
10 21
11 78
13 44
13 85
14 13
16 51
17 88
18 24
18 66
19 84
20 52
21 15
22 17
22 37
22 45
26 32
26 55
27 16
27 31
27 72
28 46
31 4
32 25
34 28
34 49
35 36
36 5
36 92
38 50
42 26
42 43
42 75
44 82
46 3
46 80
47 34
47 38
48 12
50 48
51 33
51 53
52 62
52 93
53 19
53 70
58 0
59 77
64 73
65 39
67 35
68 20
69 47
70 69
72 89
72 96
73 83
75 9
75 58
75 81
77 79
78 27
79 7
80 68
82 91
84 14
84 86
85 10
89 8
91 67
93 22
96 94
