# 19 backbone trees, 20 mutations
backbone tree 0, llh: -4894.946332
-1 0
0 8
0 14
0 17
1 10
2 6
2 18
3 13
5 9
6 15
7 11
7 19
8 16
9 2
9 4
9 7
15 3
16 1
16 5
17 12
backbone tree 1, llh: -4894.939933
-1 0
0 8
0 17
1 10
2 6
2 18
3 13
5 9
6 15
7 11
7 14
7 19
8 16
9 2
9 4
9 7
15 3
16 1
16 5
17 12
backbone tree 2, llh: -4894.867468
-1 0
0 8
0 17
1 10
2 6
2 18
3 13
5 9
6 15
7 11
7 19
8 16
9 2
9 4
9 7
15 3
16 1
16 5
17 12
19 14
backbone tree 3, llh: -4894.957582
-1 0
0 8
0 14
0 17
1 10
2 6
2 12
3 13
5 9
6 15
7 11
7 19
8 16
9 2
9 4
9 7
15 3
16 1
16 5
16 18
backbone tree 4, llh: -4894.942487
-1 0
0 8
0 14
0 17
2 6
2 12
3 13
5 9
6 15
7 11
7 19
8 16
9 2
9 4
9 7
15 3
16 1
16 5
16 18
17 10
backbone tree 5, llh: -4894.909168
-1 0
0 8
0 17
1 10
2 6
2 12
3 13
5 9
6 14
6 15
7 11
7 19
8 16
9 2
9 4
9 7
15 3
16 1
16 5
16 18
backbone tree 6, llh: -4894.894073
-1 0
0 8
0 17
2 6
2 12
3 13
5 9
6 14
6 15
7 11
7 19
8 16
9 2
9 4
9 7
15 3
16 1
16 5
16 18
17 10
backbone tree 7, llh: -4894.918407
-1 0
0 8
0 17
1 10
2 6
2 12
3 13
5 9
6 15
7 11
7 14
7 19
8 16
9 2
9 4
9 7
15 3
16 1
16 5
16 18
backbone tree 8, llh: -4894.903313
-1 0
0 8
0 17
2 6
2 12
3 13
5 9
6 15
7 11
7 14
7 19
8 16
9 2
9 4
9 7
15 3
16 1
16 5
16 18
17 10
backbone tree 9, llh: -4894.879630
-1 0
0 8
0 17
1 10
2 6
2 12
3 13
5 9
6 15
7 11
7 19
8 16
9 2
9 4
9 7
15 3
16 1
16 5
16 18
19 14
backbone tree 10, llh: -4894.864537
-1 0
0 8
0 17
2 6
2 12
3 13
5 9
6 15
7 11
7 19
8 16
9 2
9 4
9 7
15 3
16 1
16 5
16 18
17 10
19 14
backbone tree 11, llh: -4894.943499
-1 0
0 8
0 17
1 10
2 6
3 13
5 9
6 14
6 15
7 11
7 19
8 16
9 2
9 4
9 7
9 12
15 3
16 1
16 5
16 18
backbone tree 12, llh: -4894.928402
-1 0
0 8
0 17
2 6
3 13
5 9
6 14
6 15
7 11
7 19
8 16
9 2
9 4
9 7
9 12
15 3
16 1
16 5
16 18
17 10
backbone tree 13, llh: -4894.915901
-1 0
0 8
0 17
1 10
2 6
3 13
5 9
6 15
7 11
7 19
8 16
9 2
9 4
9 7
9 12
15 3
16 1
16 5
16 18
19 14
backbone tree 14, llh: -4894.900808
-1 0
0 8
0 17
2 6
3 13
5 9
6 15
7 11
7 19
8 16
9 2
9 4
9 7
9 12
15 3
16 1
16 5
16 18
17 10
19 14
backbone tree 15, llh: -4894.939434
-1 0
0 8
0 14
0 17
1 10
2 6
3 13
5 9
6 15
7 11
7 19
8 16
9 2
9 4
9 7
15 3
16 1
16 5
16 18
17 12
backbone tree 16, llh: -4894.888168
-1 0
0 8
0 17
1 10
2 6
3 13
5 9
6 14
6 15
7 11
7 19
8 16
9 2
9 4
9 7
15 3
16 1
16 5
16 18
17 12
backbone tree 17, llh: -4894.899347
-1 0
0 8
0 17
1 10
2 6
3 13
5 9
6 15
7 11
7 14
7 19
8 16
9 2
9 4
9 7
15 3
16 1
16 5
16 18
17 12
backbone tree 18, llh: -4894.860569
-1 0
0 8
0 17
1 10
2 6
3 13
5 9
6 15
7 11
7 19
8 16
9 2
9 4
9 7
15 3
16 1
16 5
16 18
17 12
19 14
