# 13 backbone trees, 48 mutations
backbone tree 0, llh: -6487.841935
-1 0
0 15
0 20
0 28
0 45
1 26
1 31
2 33
2 38
3 16
4 12
5 35
5 40
6 37
7 6
10 13
10 42
13 7
13 17
15 10
15 22
15 27
15 34
15 39
17 21
19 11
21 18
22 14
23 48
26 19
26 41
27 5
27 23
27 46
28 47
32 9
34 29
38 3
38 30
38 43
41 24
43 36
44 1
44 32
45 4
45 8
46 2
46 44
backbone tree 1, llh: -6487.878947
-1 0
0 15
0 20
0 28
0 45
1 26
1 31
2 33
2 38
3 16
4 12
5 35
5 40
6 37
7 6
10 13
10 42
13 7
13 17
15 10
15 22
15 27
15 34
15 39
17 21
19 11
21 18
22 14
26 19
26 41
27 5
27 23
27 46
28 47
32 9
34 29
38 3
38 30
38 43
39 48
41 24
43 36
44 1
44 32
45 4
45 8
46 2
46 44
backbone tree 2, llh: -6487.795443
-1 0
0 15
0 20
0 28
0 45
1 26
1 31
2 33
2 38
3 16
4 12
5 35
6 37
7 6
10 13
10 42
13 7
13 17
14 40
15 10
15 22
15 27
15 34
15 39
17 21
19 11
21 18
22 14
23 48
26 19
26 41
27 5
27 23
27 46
28 47
32 9
34 29
38 3
38 30
38 43
41 24
43 36
44 1
44 32
45 4
45 8
46 2
46 44
backbone tree 3, llh: -6487.839818
-1 0
0 15
0 20
0 28
0 45
1 26
1 31
2 33
2 38
3 16
4 12
5 35
6 37
7 6
10 13
10 42
13 7
13 17
14 40
15 10
15 22
15 27
15 34
15 39
17 21
19 11
21 18
22 14
26 19
26 41
26 48
27 5
27 23
27 46
28 47
32 9
34 29
38 3
38 30
38 43
41 24
43 36
44 1
44 32
45 4
45 8
46 2
46 44
backbone tree 4, llh: -6487.832458
-1 0
0 15
0 20
0 28
0 45
1 26
1 31
2 33
2 38
3 16
4 12
5 35
6 37
7 6
10 13
10 42
13 7
13 17
14 40
15 10
15 22
15 27
15 34
15 39
17 21
19 11
21 18
22 14
26 19
26 41
27 5
27 23
27 46
28 47
32 9
34 29
38 3
38 30
38 43
39 48
41 24
43 36
44 1
44 32
45 4
45 8
46 2
46 44
backbone tree 5, llh: -6487.867786
-1 0
0 15
0 20
0 28
0 45
1 26
1 31
2 33
2 38
3 16
4 12
5 48
6 37
7 6
10 13
10 42
13 7
13 17
14 35
15 10
15 22
15 27
15 34
15 39
17 21
19 11
21 18
22 14
26 19
26 41
27 5
27 23
27 46
28 47
32 9
34 29
38 3
38 30
38 43
39 40
41 24
43 36
44 1
44 32
45 4
45 8
46 2
46 44
backbone tree 6, llh: -6487.776393
-1 0
0 15
0 20
0 28
0 45
1 26
1 31
2 33
2 38
3 16
4 12
5 35
6 37
7 6
10 13
10 42
13 7
13 17
15 10
15 22
15 27
15 34
15 39
17 21
19 11
21 18
22 14
23 48
26 19
26 41
27 5
27 23
27 46
28 47
32 9
34 29
38 3
38 30
38 43
39 40
41 24
43 36
44 1
44 32
45 4
45 8
46 2
46 44
backbone tree 7, llh: -6487.861885
-1 0
0 15
0 20
0 28
0 45
1 26
1 31
2 33
2 38
3 16
4 12
6 37
7 6
10 13
10 42
13 7
13 17
14 35
15 10
15 22
15 27
15 34
15 39
17 21
19 11
21 18
22 14
23 48
26 19
26 41
27 5
27 23
27 46
28 47
32 9
34 29
38 3
38 30
38 43
39 40
41 24
43 36
44 1
44 32
45 4
45 8
46 2
46 44
backbone tree 8, llh: -6487.820768
-1 0
0 15
0 20
0 28
0 45
1 26
1 31
2 33
2 38
3 16
4 12
5 35
6 37
7 6
10 13
10 42
13 7
13 17
15 10
15 22
15 27
15 34
15 39
17 21
19 11
21 18
22 14
26 19
26 41
26 48
27 5
27 23
27 46
28 47
32 9
34 29
38 3
38 30
38 43
39 40
41 24
43 36
44 1
44 32
45 4
45 8
46 2
46 44
backbone tree 9, llh: -6487.814301
-1 0
0 15
0 20
0 28
0 45
1 26
1 31
2 33
2 38
3 16
4 12
5 35
6 37
7 6
10 13
10 42
13 7
13 17
15 10
15 22
15 27
15 34
15 39
17 21
19 11
21 18
22 14
26 19
26 41
27 5
27 23
27 46
28 47
32 9
34 29
38 3
38 30
38 43
39 40
39 48
41 24
43 36
44 1
44 32
45 4
45 8
46 2
46 44
backbone tree 10, llh: -6487.813518
-1 0
0 15
0 20
0 28
0 45
1 26
1 31
2 33
2 38
3 16
4 12
5 35
6 37
7 6
10 13
10 42
13 7
13 17
15 10
15 22
15 27
15 34
15 39
17 21
19 11
21 18
22 14
23 48
26 19
26 41
27 5
27 23
27 46
28 47
32 9
34 29
38 3
38 30
38 43
41 24
42 40
43 36
44 1
44 32
45 4
45 8
46 2
46 44
backbone tree 11, llh: -6487.857893
-1 0
0 15
0 20
0 28
0 45
1 26
1 31
2 33
2 38
3 16
4 12
5 35
6 37
7 6
10 13
10 42
13 7
13 17
15 10
15 22
15 27
15 34
15 39
17 21
19 11
21 18
22 14
26 19
26 41
26 48
27 5
27 23
27 46
28 47
32 9
34 29
38 3
38 30
38 43
41 24
42 40
43 36
44 1
44 32
45 4
45 8
46 2
46 44
backbone tree 12, llh: -6487.850533
-1 0
0 15
0 20
0 28
0 45
1 26
1 31
2 33
2 38
3 16
4 12
5 35
6 37
7 6
10 13
10 42
13 7
13 17
15 10
15 22
15 27
15 34
15 39
17 21
19 11
21 18
22 14
26 19
26 41
27 5
27 23
27 46
28 47
32 9
34 29
38 3
38 30
38 43
39 48
41 24
42 40
43 36
44 1
44 32
45 4
45 8
46 2
46 44
