# 26 backbone trees, 47 mutations
backbone tree 0, llh: -9277.640821
-1 0
0 17
0 25
0 27
0 30
0 48
1 40
3 14
4 16
4 42
5 22
7 10
7 13
7 15
7 20
7 35
9 11
9 18
9 23
9 43
10 33
10 45
13 4
13 44
15 28
16 12
17 34
18 21
20 29
26 9
27 31
30 49
31 26
37 3
37 5
37 24
37 36
39 47
40 7
41 37
42 2
43 1
43 38
43 39
45 19
45 32
45 41
backbone tree 1, llh: -9277.640826
-1 0
0 17
0 25
0 27
0 30
0 48
1 40
3 14
4 16
4 42
5 22
7 10
7 13
7 15
7 20
7 35
9 11
9 18
9 23
9 43
10 33
10 45
13 4
13 44
15 28
16 12
18 21
20 29
26 9
27 31
29 34
30 49
31 26
37 3
37 5
37 24
37 36
39 47
40 7
41 37
42 2
43 1
43 38
43 39
45 19
45 32
45 41
backbone tree 2, llh: -9277.625958
-1 0
0 17
0 25
0 27
0 30
0 48
1 40
3 14
4 16
4 42
5 22
7 10
7 13
7 15
7 20
7 35
9 11
9 18
9 23
9 43
10 33
10 45
13 4
13 44
15 28
16 12
17 34
18 21
20 29
26 9
27 31
31 26
37 3
37 5
37 24
37 36
39 47
40 7
41 37
42 2
43 1
43 38
43 39
45 19
45 32
45 41
47 49
backbone tree 3, llh: -9277.625964
-1 0
0 17
0 25
0 27
0 30
0 48
1 40
3 14
4 16
4 42
5 22
7 10
7 13
7 15
7 20
7 35
9 11
9 18
9 23
9 43
10 33
10 45
13 4
13 44
15 28
16 12
18 21
20 29
26 9
27 31
29 34
31 26
37 3
37 5
37 24
37 36
39 47
40 7
41 37
42 2
43 1
43 38
43 39
45 19
45 32
45 41
47 49
backbone tree 4, llh: -9277.627428
-1 0
0 17
0 25
0 27
0 30
0 48
1 40
3 14
4 16
4 42
5 22
5 34
7 10
7 13
7 15
7 20
7 35
9 18
9 23
9 43
10 33
10 45
13 4
13 44
15 28
16 12
18 21
20 11
20 29
26 9
27 31
30 49
31 26
37 3
37 5
37 24
37 36
39 47
40 7
41 37
42 2
43 1
43 38
43 39
45 19
45 32
45 41
backbone tree 5, llh: -9277.585164
-1 0
0 17
0 25
0 27
0 30
0 48
1 40
3 14
4 16
4 42
5 22
7 10
7 13
7 15
7 20
7 35
9 18
9 23
9 43
10 33
10 45
13 4
13 44
15 28
16 12
17 34
18 21
20 11
20 29
26 9
27 31
30 49
31 26
37 3
37 5
37 24
37 36
39 47
40 7
41 37
42 2
43 1
43 38
43 39
45 19
45 32
45 41
backbone tree 6, llh: -9277.585208
-1 0
0 17
0 25
0 27
0 30
0 48
1 40
3 14
4 16
4 42
5 22
7 10
7 13
7 15
7 20
7 35
9 18
9 23
9 43
10 33
10 45
13 4
13 44
15 28
16 12
18 21
20 11
20 29
26 9
27 31
29 34
30 49
31 26
37 3
37 5
37 24
37 36
39 47
40 7
41 37
42 2
43 1
43 38
43 39
45 19
45 32
45 41
backbone tree 7, llh: -9277.611706
-1 0
0 17
0 25
0 27
0 30
0 48
1 40
3 14
4 16
4 42
5 22
7 10
7 13
7 15
7 20
7 35
9 18
9 23
9 43
10 33
10 45
13 4
13 44
15 28
16 12
18 21
20 11
20 29
26 9
27 31
30 49
31 26
36 34
37 3
37 5
37 24
37 36
39 47
40 7
41 37
42 2
43 1
43 38
43 39
45 19
45 32
45 41
backbone tree 8, llh: -9277.612569
-1 0
0 17
0 25
0 27
0 30
0 48
1 40
3 14
4 16
4 42
5 22
5 34
7 10
7 13
7 15
7 20
7 35
9 18
9 23
9 43
10 33
10 45
13 4
13 44
15 28
16 12
18 21
20 11
20 29
26 9
27 31
31 26
37 3
37 5
37 24
37 36
39 47
40 7
41 37
42 2
43 1
43 38
43 39
45 19
45 32
45 41
47 49
backbone tree 9, llh: -9277.570305
-1 0
0 17
0 25
0 27
0 30
0 48
1 40
3 14
4 16
4 42
5 22
7 10
7 13
7 15
7 20
7 35
9 18
9 23
9 43
10 33
10 45
13 4
13 44
15 28
16 12
17 34
18 21
20 11
20 29
26 9
27 31
31 26
37 3
37 5
37 24
37 36
39 47
40 7
41 37
42 2
43 1
43 38
43 39
45 19
45 32
45 41
47 49
backbone tree 10, llh: -9277.570349
-1 0
0 17
0 25
0 27
0 30
0 48
1 40
3 14
4 16
4 42
5 22
7 10
7 13
7 15
7 20
7 35
9 18
9 23
9 43
10 33
10 45
13 4
13 44
15 28
16 12
18 21
20 11
20 29
26 9
27 31
29 34
31 26
37 3
37 5
37 24
37 36
39 47
40 7
41 37
42 2
43 1
43 38
43 39
45 19
45 32
45 41
47 49
backbone tree 11, llh: -9277.596847
-1 0
0 17
0 25
0 27
0 30
0 48
1 40
3 14
4 16
4 42
5 22
7 10
7 13
7 15
7 20
7 35
9 18
9 23
9 43
10 33
10 45
13 4
13 44
15 28
16 12
18 21
20 11
20 29
26 9
27 31
31 26
36 34
37 3
37 5
37 24
37 36
39 47
40 7
41 37
42 2
43 1
43 38
43 39
45 19
45 32
45 41
47 49
backbone tree 12, llh: -9277.606091
-1 0
0 17
0 25
0 27
0 30
1 40
3 14
4 16
4 42
5 22
5 34
7 10
7 13
7 15
7 20
7 35
9 11
9 18
9 23
9 43
10 33
10 45
13 4
13 44
15 28
16 12
18 21
20 29
26 9
27 31
29 48
30 49
31 26
37 3
37 5
37 24
37 36
39 47
40 7
41 37
42 2
43 1
43 38
43 39
45 19
45 32
45 41
backbone tree 13, llh: -9277.563827
-1 0
0 17
0 25
0 27
0 30
1 40
3 14
4 16
4 42
5 22
7 10
7 13
7 15
7 20
7 35
9 11
9 18
9 23
9 43
10 33
10 45
13 4
13 44
15 28
16 12
17 34
18 21
20 29
26 9
27 31
29 48
30 49
31 26
37 3
37 5
37 24
37 36
39 47
40 7
41 37
42 2
43 1
43 38
43 39
45 19
45 32
45 41
backbone tree 14, llh: -9277.590369
-1 0
0 17
0 25
0 27
0 30
1 40
3 14
4 16
4 42
5 22
7 10
7 13
7 15
7 20
7 35
9 11
9 18
9 23
9 43
10 33
10 45
13 4
13 44
15 28
16 12
18 21
20 29
26 9
27 31
29 48
30 49
31 26
36 34
37 3
37 5
37 24
37 36
39 47
40 7
41 37
42 2
43 1
43 38
43 39
45 19
45 32
45 41
backbone tree 15, llh: -9277.608168
-1 0
0 17
0 25
0 27
0 30
1 40
3 14
4 16
4 42
5 22
5 34
7 10
7 13
7 15
7 20
7 35
9 11
9 18
9 23
9 43
10 33
10 45
13 4
13 44
15 28
16 12
18 21
20 29
26 9
27 31
29 48
31 26
37 3
37 5
37 24
37 36
39 47
40 7
41 37
42 2
43 1
43 38
43 39
45 19
45 32
45 41
47 49
backbone tree 16, llh: -9277.565904
-1 0
0 17
0 25
0 27
0 30
1 40
3 14
4 16
4 42
5 22
7 10
7 13
7 15
7 20
7 35
9 11
9 18
9 23
9 43
10 33
10 45
13 4
13 44
15 28
16 12
17 34
18 21
20 29
26 9
27 31
29 48
31 26
37 3
37 5
37 24
37 36
39 47
40 7
41 37
42 2
43 1
43 38
43 39
45 19
45 32
45 41
47 49
backbone tree 17, llh: -9277.592446
-1 0
0 17
0 25
0 27
0 30
1 40
3 14
4 16
4 42
5 22
7 10
7 13
7 15
7 20
7 35
9 11
9 18
9 23
9 43
10 33
10 45
13 4
13 44
15 28
16 12
18 21
20 29
26 9
27 31
29 48
31 26
36 34
37 3
37 5
37 24
37 36
39 47
40 7
41 37
42 2
43 1
43 38
43 39
45 19
45 32
45 41
47 49
backbone tree 18, llh: -9277.579157
-1 0
0 17
0 25
0 27
0 30
1 40
3 14
4 16
4 42
5 22
5 34
7 10
7 13
7 15
7 20
7 35
9 18
9 23
9 43
10 33
10 45
13 4
13 44
15 28
16 12
18 21
20 11
20 29
26 9
27 31
29 48
30 49
31 26
37 3
37 5
37 24
37 36
39 47
40 7
41 37
42 2
43 1
43 38
43 39
45 19
45 32
45 41
backbone tree 19, llh: -9277.536892
-1 0
0 17
0 25
0 27
0 30
1 40
3 14
4 16
4 42
5 22
7 10
7 13
7 15
7 20
7 35
9 18
9 23
9 43
10 33
10 45
13 4
13 44
15 28
16 12
17 34
18 21
20 11
20 29
26 9
27 31
29 48
30 49
31 26
37 3
37 5
37 24
37 36
39 47
40 7
41 37
42 2
43 1
43 38
43 39
45 19
45 32
45 41
backbone tree 20, llh: -9277.622850
-1 0
0 17
0 25
0 27
0 30
1 40
3 14
4 16
4 42
5 22
7 10
7 13
7 15
7 20
7 35
9 18
9 23
9 43
10 33
10 45
13 4
13 44
15 28
16 12
18 21
20 11
20 29
20 34
26 9
27 31
29 48
30 49
31 26
37 3
37 5
37 24
37 36
39 47
40 7
41 37
42 2
43 1
43 38
43 39
45 19
45 32
45 41
backbone tree 21, llh: -9277.563435
-1 0
0 17
0 25
0 27
0 30
1 40
3 14
4 16
4 42
5 22
7 10
7 13
7 15
7 20
7 35
9 18
9 23
9 43
10 33
10 45
13 4
13 44
15 28
16 12
18 21
20 11
20 29
26 9
27 31
29 48
30 49
31 26
36 34
37 3
37 5
37 24
37 36
39 47
40 7
41 37
42 2
43 1
43 38
43 39
45 19
45 32
45 41
backbone tree 22, llh: -9277.581234
-1 0
0 17
0 25
0 27
0 30
1 40
3 14
4 16
4 42
5 22
5 34
7 10
7 13
7 15
7 20
7 35
9 18
9 23
9 43
10 33
10 45
13 4
13 44
15 28
16 12
18 21
20 11
20 29
26 9
27 31
29 48
31 26
37 3
37 5
37 24
37 36
39 47
40 7
41 37
42 2
43 1
43 38
43 39
45 19
45 32
45 41
47 49
backbone tree 23, llh: -9277.538970
-1 0
0 17
0 25
0 27
0 30
1 40
3 14
4 16
4 42
5 22
7 10
7 13
7 15
7 20
7 35
9 18
9 23
9 43
10 33
10 45
13 4
13 44
15 28
16 12
17 34
18 21
20 11
20 29
26 9
27 31
29 48
31 26
37 3
37 5
37 24
37 36
39 47
40 7
41 37
42 2
43 1
43 38
43 39
45 19
45 32
45 41
47 49
backbone tree 24, llh: -9277.624928
-1 0
0 17
0 25
0 27
0 30
1 40
3 14
4 16
4 42
5 22
7 10
7 13
7 15
7 20
7 35
9 18
9 23
9 43
10 33
10 45
13 4
13 44
15 28
16 12
18 21
20 11
20 29
20 34
26 9
27 31
29 48
31 26
37 3
37 5
37 24
37 36
39 47
40 7
41 37
42 2
43 1
43 38
43 39
45 19
45 32
45 41
47 49
backbone tree 25, llh: -9277.565512
-1 0
0 17
0 25
0 27
0 30
1 40
3 14
4 16
4 42
5 22
7 10
7 13
7 15
7 20
7 35
9 18
9 23
9 43
10 33
10 45
13 4
13 44
15 28
16 12
18 21
20 11
20 29
26 9
27 31
29 48
31 26
36 34
37 3
37 5
37 24
37 36
39 47
40 7
41 37
42 2
43 1
43 38
43 39
45 19
45 32
45 41
47 49
