# 8 backbone trees, 46 mutations
backbone tree 0, llh: -9256.714314
-1 0
0 17
0 25
0 27
0 30
0 48
1 40
3 14
4 16
4 42
5 22
7 10
7 13
7 15
7 20
7 35
9 11
9 18
9 23
9 43
10 33
10 45
13 4
13 44
15 28
16 12
18 21
20 29
26 9
27 31
30 49
31 26
37 3
37 5
37 24
37 36
39 47
40 7
41 37
42 2
43 1
43 38
43 39
45 19
45 32
45 41
backbone tree 1, llh: -9256.699452
-1 0
0 17
0 25
0 27
0 30
0 48
1 40
3 14
4 16
4 42
5 22
7 10
7 13
7 15
7 20
7 35
9 11
9 18
9 23
9 43
10 33
10 45
13 4
13 44
15 28
16 12
18 21
20 29
26 9
27 31
31 26
37 3
37 5
37 24
37 36
39 47
40 7
41 37
42 2
43 1
43 38
43 39
45 19
45 32
45 41
47 49
backbone tree 2, llh: -9256.658657
-1 0
0 17
0 25
0 27
0 30
0 48
1 40
3 14
4 16
4 42
5 22
7 10
7 13
7 15
7 20
7 35
9 18
9 23
9 43
10 33
10 45
13 4
13 44
15 28
16 12
18 21
20 11
20 29
26 9
27 31
30 49
31 26
37 3
37 5
37 24
37 36
39 47
40 7
41 37
42 2
43 1
43 38
43 39
45 19
45 32
45 41
backbone tree 3, llh: -9256.643798
-1 0
0 17
0 25
0 27
0 30
0 48
1 40
3 14
4 16
4 42
5 22
7 10
7 13
7 15
7 20
7 35
9 18
9 23
9 43
10 33
10 45
13 4
13 44
15 28
16 12
18 21
20 11
20 29
26 9
27 31
31 26
37 3
37 5
37 24
37 36
39 47
40 7
41 37
42 2
43 1
43 38
43 39
45 19
45 32
45 41
47 49
backbone tree 4, llh: -9256.637320
-1 0
0 17
0 25
0 27
0 30
1 40
3 14
4 16
4 42
5 22
7 10
7 13
7 15
7 20
7 35
9 11
9 18
9 23
9 43
10 33
10 45
13 4
13 44
15 28
16 12
18 21
20 29
26 9
27 31
29 48
30 49
31 26
37 3
37 5
37 24
37 36
39 47
40 7
41 37
42 2
43 1
43 38
43 39
45 19
45 32
45 41
backbone tree 5, llh: -9256.639397
-1 0
0 17
0 25
0 27
0 30
1 40
3 14
4 16
4 42
5 22
7 10
7 13
7 15
7 20
7 35
9 11
9 18
9 23
9 43
10 33
10 45
13 4
13 44
15 28
16 12
18 21
20 29
26 9
27 31
29 48
31 26
37 3
37 5
37 24
37 36
39 47
40 7
41 37
42 2
43 1
43 38
43 39
45 19
45 32
45 41
47 49
backbone tree 6, llh: -9256.610386
-1 0
0 17
0 25
0 27
0 30
1 40
3 14
4 16
4 42
5 22
7 10
7 13
7 15
7 20
7 35
9 18
9 23
9 43
10 33
10 45
13 4
13 44
15 28
16 12
18 21
20 11
20 29
26 9
27 31
29 48
30 49
31 26
37 3
37 5
37 24
37 36
39 47
40 7
41 37
42 2
43 1
43 38
43 39
45 19
45 32
45 41
backbone tree 7, llh: -9256.612463
-1 0
0 17
0 25
0 27
0 30
1 40
3 14
4 16
4 42
5 22
7 10
7 13
7 15
7 20
7 35
9 18
9 23
9 43
10 33
10 45
13 4
13 44
15 28
16 12
18 21
20 11
20 29
26 9
27 31
29 48
31 26
37 3
37 5
37 24
37 36
39 47
40 7
41 37
42 2
43 1
43 38
43 39
45 19
45 32
45 41
47 49
