# 16 backbone trees, 43 mutations
backbone tree 0, llh: -8385.065770
-1 35
0 38
3 13
3 21
3 42
6 10
6 11
6 39
7 22
10 26
10 36
10 44
11 2
11 9
11 16
11 18
11 25
13 28
13 43
16 40
18 3
19 31
21 27
22 20
25 17
26 1
26 7
30 46
31 14
32 41
34 6
34 49
35 0
35 8
35 48
37 34
38 30
38 37
41 15
43 12
43 32
46 19
46 33
backbone tree 1, llh: -8385.060844
-1 35
0 38
3 13
3 21
3 42
6 10
6 11
6 39
7 22
10 26
10 36
10 44
11 2
11 16
11 18
11 25
13 28
13 43
16 40
18 3
19 31
20 9
21 27
22 20
25 17
26 1
26 7
30 46
31 14
32 41
34 6
34 49
35 0
35 8
35 48
37 34
38 30
38 37
41 15
43 12
43 32
46 19
46 33
backbone tree 2, llh: -8385.095077
-1 35
0 38
3 13
3 21
3 42
6 10
6 11
6 39
7 22
10 26
10 36
10 44
11 2
11 16
11 18
11 25
13 28
13 43
16 40
18 3
19 31
21 27
22 20
25 17
26 1
26 7
30 46
31 14
32 41
34 6
34 49
35 0
35 8
35 48
37 9
37 34
38 30
38 37
41 15
43 12
43 32
46 19
46 33
backbone tree 3, llh: -8385.107352
-1 35
0 38
3 13
3 21
3 42
6 10
6 11
6 39
7 22
10 26
10 36
10 44
11 2
11 16
11 18
11 25
13 28
13 43
16 40
18 3
19 31
21 27
22 20
25 17
26 1
26 7
30 46
31 14
32 41
34 6
34 49
35 0
35 8
35 48
37 34
38 9
38 30
38 37
41 15
43 12
43 32
46 19
46 33
backbone tree 4, llh: -8385.085395
-1 35
0 38
3 13
3 21
3 42
6 10
6 11
6 39
7 22
10 9
10 26
10 36
11 2
11 16
11 18
11 25
13 28
13 43
16 40
18 3
19 31
21 27
22 20
25 17
26 1
26 7
30 46
31 14
32 41
32 44
34 6
34 49
35 0
35 8
35 48
37 34
38 30
38 37
41 15
43 12
43 32
46 19
46 33
backbone tree 5, llh: -8385.087329
-1 35
0 38
3 13
3 21
3 42
6 10
6 11
6 39
7 22
10 26
10 36
11 2
11 9
11 16
11 18
11 25
13 28
13 43
16 40
18 3
19 31
21 27
22 20
25 17
26 1
26 7
30 46
31 14
32 41
32 44
34 6
34 49
35 0
35 8
35 48
37 34
38 30
38 37
41 15
43 12
43 32
46 19
46 33
backbone tree 6, llh: -8385.082402
-1 35
0 38
3 13
3 21
3 42
6 10
6 11
6 39
7 22
10 26
10 36
11 2
11 16
11 18
11 25
13 28
13 43
16 40
18 3
19 31
20 9
21 27
22 20
25 17
26 1
26 7
30 46
31 14
32 41
32 44
34 6
34 49
35 0
35 8
35 48
37 34
38 30
38 37
41 15
43 12
43 32
46 19
46 33
backbone tree 7, llh: -8385.105124
-1 35
0 38
3 13
3 21
3 42
6 10
6 11
6 39
7 22
10 26
10 36
11 2
11 16
11 18
11 25
13 28
13 43
16 40
18 3
19 31
21 27
22 20
25 17
26 1
26 7
30 46
31 14
32 41
32 44
34 6
34 49
35 0
35 8
35 48
37 9
37 34
38 30
38 37
41 15
43 12
43 32
46 19
46 33
backbone tree 8, llh: -8385.108269
-1 35
0 38
3 13
3 21
3 42
6 10
6 11
6 39
7 22
10 26
10 36
10 44
11 2
11 9
11 16
11 18
11 25
13 28
13 43
16 40
18 3
19 31
21 27
22 20
26 1
26 7
30 46
31 14
32 41
34 6
34 49
35 0
35 8
35 48
37 34
38 17
38 30
38 37
41 15
43 12
43 32
46 19
46 33
backbone tree 9, llh: -8385.041612
-1 35
0 38
3 13
3 21
3 42
6 10
6 11
6 39
7 22
10 26
10 36
10 44
11 2
11 16
11 18
11 25
13 28
13 43
16 40
18 3
19 31
21 27
22 20
25 9
26 1
26 7
30 46
31 14
32 41
34 6
34 49
35 0
35 8
35 48
37 34
38 17
38 30
38 37
41 15
43 12
43 32
46 19
46 33
backbone tree 10, llh: -8385.074222
-1 35
0 38
3 13
3 21
3 42
6 10
6 11
6 39
7 22
10 26
10 36
10 44
11 2
11 9
11 16
11 18
11 25
13 28
13 43
17 40
18 3
19 31
21 27
22 20
26 1
26 7
30 46
31 14
32 41
34 6
34 49
35 0
35 8
35 48
37 34
38 17
38 30
38 37
41 15
43 12
43 32
46 19
46 33
backbone tree 11, llh: -8385.086392
-1 35
0 38
3 13
3 21
3 42
6 10
6 11
6 39
7 22
10 26
10 36
10 44
11 2
11 16
11 18
11 25
13 28
13 43
17 40
18 3
19 31
20 9
21 27
22 20
26 1
26 7
30 46
31 14
32 41
34 6
34 49
35 0
35 8
35 48
37 34
38 17
38 30
38 37
41 15
43 12
43 32
46 19
46 33
backbone tree 12, llh: -8385.009913
-1 35
0 38
3 13
3 21
3 42
6 10
6 11
6 39
7 22
10 26
10 36
10 44
11 2
11 16
11 18
11 25
13 28
13 43
17 40
18 3
19 31
21 27
22 20
25 9
26 1
26 7
30 46
31 14
32 41
34 6
34 49
35 0
35 8
35 48
37 34
38 17
38 30
38 37
41 15
43 12
43 32
46 19
46 33
backbone tree 13, llh: -8385.094718
-1 35
0 38
3 13
3 21
3 42
6 10
6 11
6 39
7 22
10 26
10 36
11 2
11 9
11 16
11 18
11 25
13 28
13 43
17 40
18 3
19 31
21 27
22 20
26 1
26 7
30 46
31 14
32 41
32 44
34 6
34 49
35 0
35 8
35 48
37 34
38 17
38 30
38 37
41 15
43 12
43 32
46 19
46 33
backbone tree 14, llh: -8385.106887
-1 35
0 38
3 13
3 21
3 42
6 10
6 11
6 39
7 22
10 26
10 36
11 2
11 16
11 18
11 25
13 28
13 43
17 40
18 3
19 31
20 9
21 27
22 20
26 1
26 7
30 46
31 14
32 41
32 44
34 6
34 49
35 0
35 8
35 48
37 34
38 17
38 30
38 37
41 15
43 12
43 32
46 19
46 33
backbone tree 15, llh: -8385.030407
-1 35
0 38
3 13
3 21
3 42
6 10
6 11
6 39
7 22
10 26
10 36
11 2
11 16
11 18
11 25
13 28
13 43
17 40
18 3
19 31
21 27
22 20
25 9
26 1
26 7
30 46
31 14
32 41
32 44
34 6
34 49
35 0
35 8
35 48
37 34
38 17
38 30
38 37
41 15
43 12
43 32
46 19
46 33
