# 18 backbone trees, 38 mutations
backbone tree 0, llh: -6348.143527
-1 0
0 4
0 9
0 25
0 30
1 12
4 8
5 15
5 32
8 13
8 21
8 38
8 40
9 7
10 41
10 43
12 27
13 5
16 18
17 48
18 10
19 35
22 1
22 11
22 37
22 44
29 16
30 17
30 24
30 34
33 39
35 28
35 33
38 46
40 19
40 22
40 42
44 29
backbone tree 1, llh: -6348.123709
-1 0
0 4
0 9
0 25
0 30
1 12
4 8
5 15
5 32
8 13
8 21
8 38
8 40
9 7
10 41
10 43
12 27
13 5
16 18
17 48
18 10
19 35
22 1
22 11
22 37
22 44
29 16
30 17
30 24
30 34
33 39
35 28
35 33
38 46
40 19
40 22
44 29
44 42
backbone tree 2, llh: -6348.137130
-1 0
0 4
0 9
0 25
0 30
1 12
4 8
5 15
5 32
8 13
8 21
8 38
8 40
9 7
10 41
10 43
13 5
16 18
17 48
18 10
19 35
22 1
22 11
22 37
22 44
24 27
29 16
30 17
30 24
30 34
33 39
35 28
35 33
38 46
40 19
40 22
40 42
44 29
backbone tree 3, llh: -6348.117315
-1 0
0 4
0 9
0 25
0 30
1 12
4 8
5 15
5 32
8 13
8 21
8 38
8 40
9 7
10 41
10 43
13 5
16 18
17 48
18 10
19 35
22 1
22 11
22 37
22 44
24 27
29 16
30 17
30 24
30 34
33 39
35 28
35 33
38 46
40 19
40 22
44 29
44 42
backbone tree 4, llh: -6348.185466
-1 0
0 4
0 9
0 25
0 30
1 12
4 8
5 15
5 32
8 13
8 38
8 40
8 48
9 7
10 41
10 43
12 27
13 5
16 18
18 10
19 35
22 1
22 11
22 37
22 44
29 16
30 17
30 21
30 24
30 34
33 39
35 28
35 33
38 46
40 19
40 22
40 42
44 29
backbone tree 5, llh: -6348.097116
-1 0
0 4
0 9
0 25
0 30
1 12
4 8
5 15
5 32
8 13
8 38
8 40
9 7
10 41
10 43
12 27
13 5
16 18
17 48
18 10
19 35
22 1
22 11
22 37
22 44
29 16
30 17
30 21
30 24
30 34
33 39
35 28
35 33
38 46
40 19
40 22
40 42
44 29
backbone tree 6, llh: -6348.150866
-1 0
0 4
0 9
0 30
1 12
4 8
5 15
5 32
8 13
8 25
8 38
8 40
9 7
10 41
10 43
12 27
13 5
16 18
17 48
18 10
19 35
22 1
22 11
22 37
22 44
29 16
30 17
30 21
30 24
30 34
33 39
35 28
35 33
38 46
40 19
40 22
40 42
44 29
backbone tree 7, llh: -6348.127181
-1 0
0 4
0 9
0 25
0 30
1 12
4 8
5 15
5 32
8 13
8 38
8 40
8 48
9 7
10 41
10 43
12 27
13 5
16 18
18 10
19 35
22 1
22 11
22 37
22 44
29 16
30 17
30 21
30 24
30 34
33 39
35 28
35 33
38 46
40 19
40 22
44 29
44 42
backbone tree 8, llh: -6348.099714
-1 0
0 4
0 9
0 25
0 30
1 12
4 8
5 15
5 32
8 13
8 38
8 40
9 7
10 41
10 43
12 27
13 5
16 18
17 48
18 10
19 35
22 1
22 11
22 37
22 44
29 16
30 17
30 21
30 24
30 34
33 39
35 28
35 33
38 46
40 19
40 22
44 29
44 42
backbone tree 9, llh: -6348.181741
-1 0
0 4
0 9
0 30
1 12
4 8
5 15
5 32
8 13
8 25
8 38
8 40
8 48
9 7
10 41
10 43
12 27
13 5
16 18
18 10
19 35
22 1
22 11
22 37
22 44
29 16
30 17
30 21
30 24
30 34
33 39
35 28
35 33
38 46
40 19
40 22
44 29
44 42
backbone tree 10, llh: -6348.097627
-1 0
0 4
0 9
0 30
1 12
4 8
5 15
5 32
8 13
8 25
8 38
8 40
9 7
10 41
10 43
12 27
13 5
16 18
17 48
18 10
19 35
22 1
22 11
22 37
22 44
29 16
30 17
30 21
30 24
30 34
33 39
35 28
35 33
38 46
40 19
40 22
44 29
44 42
backbone tree 11, llh: -6348.179069
-1 0
0 4
0 9
0 25
0 30
1 12
4 8
5 15
5 32
8 13
8 38
8 40
8 48
9 7
10 41
10 43
13 5
16 18
18 10
19 35
22 1
22 11
22 37
22 44
24 27
29 16
30 17
30 21
30 24
30 34
33 39
35 28
35 33
38 46
40 19
40 22
40 42
44 29
backbone tree 12, llh: -6348.090720
-1 0
0 4
0 9
0 25
0 30
1 12
4 8
5 15
5 32
8 13
8 38
8 40
9 7
10 41
10 43
13 5
16 18
17 48
18 10
19 35
22 1
22 11
22 37
22 44
24 27
29 16
30 17
30 21
30 24
30 34
33 39
35 28
35 33
38 46
40 19
40 22
40 42
44 29
backbone tree 13, llh: -6348.144470
-1 0
0 4
0 9
0 30
1 12
4 8
5 15
5 32
8 13
8 25
8 38
8 40
9 7
10 41
10 43
13 5
16 18
17 48
18 10
19 35
22 1
22 11
22 37
22 44
24 27
29 16
30 17
30 21
30 24
30 34
33 39
35 28
35 33
38 46
40 19
40 22
40 42
44 29
backbone tree 14, llh: -6348.120787
-1 0
0 4
0 9
0 25
0 30
1 12
4 8
5 15
5 32
8 13
8 38
8 40
8 48
9 7
10 41
10 43
13 5
16 18
18 10
19 35
22 1
22 11
22 37
22 44
24 27
29 16
30 17
30 21
30 24
30 34
33 39
35 28
35 33
38 46
40 19
40 22
44 29
44 42
backbone tree 15, llh: -6348.093320
-1 0
0 4
0 9
0 25
0 30
1 12
4 8
5 15
5 32
8 13
8 38
8 40
9 7
10 41
10 43
13 5
16 18
17 48
18 10
19 35
22 1
22 11
22 37
22 44
24 27
29 16
30 17
30 21
30 24
30 34
33 39
35 28
35 33
38 46
40 19
40 22
44 29
44 42
backbone tree 16, llh: -6348.175347
-1 0
0 4
0 9
0 30
1 12
4 8
5 15
5 32
8 13
8 25
8 38
8 40
8 48
9 7
10 41
10 43
13 5
16 18
18 10
19 35
22 1
22 11
22 37
22 44
24 27
29 16
30 17
30 21
30 24
30 34
33 39
35 28
35 33
38 46
40 19
40 22
44 29
44 42
backbone tree 17, llh: -6348.091233
-1 0
0 4
0 9
0 30
1 12
4 8
5 15
5 32
8 13
8 25
8 38
8 40
9 7
10 41
10 43
13 5
16 18
17 48
18 10
19 35
22 1
22 11
22 37
22 44
24 27
29 16
30 17
30 21
30 24
30 34
33 39
35 28
35 33
38 46
40 19
40 22
44 29
44 42
