# 4 backbone trees, 39 mutations
backbone tree 0, llh: -9981.846800
-1 41
0 3
0 47
2 38
3 2
5 49
7 34
8 21
9 7
9 17
9 46
15 40
17 20
20 10
21 25
21 30
21 35
21 42
22 31
26 9
26 36
26 44
27 14
27 28
28 22
29 4
31 8
31 11
31 32
31 45
37 43
38 26
41 0
41 18
41 29
43 27
45 5
46 15
46 37
backbone tree 1, llh: -9981.782119
-1 41
0 3
0 47
2 38
3 2
5 49
7 34
8 21
9 7
9 17
9 46
15 40
17 20
20 10
21 25
21 35
21 42
22 31
26 9
26 36
26 44
27 14
27 28
27 30
28 22
29 4
31 8
31 11
31 32
31 45
37 43
38 26
41 0
41 18
41 29
43 27
45 5
46 15
46 37
backbone tree 2, llh: -9981.770902
-1 41
0 3
0 47
2 38
3 2
5 49
7 34
8 21
9 7
9 17
9 46
15 40
17 20
20 10
21 25
21 35
21 42
22 31
26 9
26 36
26 44
27 14
27 28
28 22
29 4
31 8
31 11
31 32
31 45
37 30
37 43
38 26
41 0
41 18
41 29
43 27
45 5
46 15
46 37
backbone tree 3, llh: -9981.789994
-1 41
0 3
2 38
3 2
5 49
7 34
8 21
9 7
9 17
9 46
15 40
17 20
20 10
21 25
21 30
21 35
21 42
22 31
26 9
26 36
26 44
27 14
27 28
28 22
29 4
31 8
31 11
31 32
31 45
37 43
38 26
41 0
41 18
41 29
43 27
43 47
45 5
46 15
46 37
