# 5 backbone trees, 36 mutations
backbone tree 0, llh: -6346.406332
-1 28
0 15
0 48
1 3
1 35
4 18
4 29
5 12
7 5
7 27
8 19
10 25
10 38
11 17
15 1
15 40
15 41
21 10
21 32
26 4
26 6
28 0
28 23
29 45
31 8
32 7
32 44
34 21
35 31
37 49
40 22
40 26
40 34
41 11
41 33
45 37
backbone tree 1, llh: -6346.380370
-1 28
0 15
1 3
1 35
4 18
4 29
5 12
7 5
7 27
8 19
10 25
10 38
11 17
15 1
15 40
15 41
15 48
21 10
21 32
26 4
26 6
28 0
28 23
29 45
31 8
32 7
32 44
34 21
35 31
37 49
40 22
40 26
40 34
41 11
41 33
45 37
backbone tree 2, llh: -6346.473825
-1 28
0 15
1 3
1 35
4 18
4 29
5 12
7 5
7 27
8 19
10 38
11 17
15 1
15 40
15 41
15 48
21 10
21 32
26 4
26 6
28 0
28 23
29 45
31 8
32 7
32 25
32 44
34 21
35 31
37 49
40 22
40 26
40 34
41 11
41 33
45 37
backbone tree 3, llh: -6346.454322
-1 28
0 15
1 3
1 35
4 18
4 29
5 12
7 5
7 27
8 19
10 25
10 38
11 17
15 1
15 40
15 41
21 10
21 32
26 4
26 6
28 0
28 23
29 45
31 8
32 7
32 44
34 21
34 48
35 31
37 49
40 22
40 26
40 34
41 11
41 33
45 37
backbone tree 4, llh: -6346.469733
-1 28
0 15
1 35
4 18
4 29
5 12
7 5
7 27
8 19
10 25
10 38
11 17
15 1
15 40
15 41
15 48
21 10
21 32
26 4
26 6
28 0
28 23
29 45
31 8
32 7
32 44
34 21
35 3
35 31
37 49
40 22
40 26
40 34
41 11
41 33
45 37
