# 29 backbone trees, 46 mutations
backbone tree 0, llh: -9388.459609
-1 0
0 37
2 14
2 19
2 34
4 39
4 49
5 1
5 11
5 40
8 33
10 36
10 45
11 44
13 42
14 23
14 26
14 46
15 8
16 2
16 9
19 21
20 38
20 41
21 28
22 25
22 30
25 7
25 15
26 27
27 20
27 48
28 4
28 43
31 13
33 12
37 10
38 47
40 22
42 6
43 5
43 31
44 32
45 3
45 16
45 35
backbone tree 1, llh: -9388.456965
-1 0
0 37
2 14
2 19
4 39
4 49
5 1
5 11
5 40
8 33
10 36
10 45
11 44
13 42
14 23
14 26
14 46
15 8
16 2
16 9
19 21
20 38
20 41
21 28
22 25
22 30
25 7
25 15
26 27
27 20
27 48
28 4
28 43
31 13
33 12
37 10
38 47
40 22
42 6
43 5
43 31
44 32
45 3
45 16
45 35
49 34
backbone tree 2, llh: -9388.451722
-1 0
0 37
2 14
2 19
2 34
4 39
4 49
5 1
5 11
5 40
8 33
10 36
10 45
11 44
13 42
14 23
14 26
14 46
15 8
16 2
16 9
19 21
20 38
20 41
21 28
22 25
22 30
25 15
26 27
27 20
27 48
28 4
28 43
31 13
33 12
37 10
38 47
40 22
42 6
42 7
43 5
43 31
44 32
45 3
45 16
45 35
backbone tree 3, llh: -9388.449078
-1 0
0 37
2 14
2 19
4 39
4 49
5 1
5 11
5 40
8 33
10 36
10 45
11 44
13 42
14 23
14 26
14 46
15 8
16 2
16 9
19 21
20 38
20 41
21 28
22 25
22 30
25 15
26 27
27 20
27 48
28 4
28 43
31 13
33 12
37 10
38 47
40 22
42 6
42 7
43 5
43 31
44 32
45 3
45 16
45 35
49 34
backbone tree 4, llh: -9388.485883
-1 0
0 37
2 14
2 19
2 34
4 39
4 49
5 1
5 11
5 40
8 33
10 36
10 45
11 44
13 42
14 23
14 26
14 46
15 8
16 2
16 9
19 21
20 38
20 41
21 28
22 25
22 30
25 15
26 27
27 20
27 48
28 4
28 43
31 13
33 12
37 10
38 47
40 22
42 6
43 5
43 7
43 31
44 32
45 3
45 16
45 35
backbone tree 5, llh: -9388.478754
-1 0
0 37
2 14
2 19
4 39
4 49
5 1
5 11
5 40
8 33
10 36
10 45
11 44
13 42
14 23
14 26
14 46
15 8
16 2
16 9
19 21
20 38
20 41
21 28
22 25
22 30
25 15
26 27
27 20
27 48
28 4
28 43
31 13
33 12
37 10
38 47
40 22
42 6
43 5
43 7
43 31
44 32
45 3
45 16
45 35
49 34
backbone tree 6, llh: -9388.397666
-1 0
0 37
2 14
2 19
2 34
4 39
4 49
5 1
5 11
5 40
8 33
10 36
10 45
11 44
13 42
14 23
14 26
14 46
15 8
16 2
16 9
19 21
20 38
21 28
22 25
22 30
25 7
25 15
26 27
27 20
27 48
28 4
28 43
31 13
33 12
35 41
37 10
38 47
40 22
42 6
43 5
43 31
44 32
45 3
45 16
45 35
backbone tree 7, llh: -9388.395024
-1 0
0 37
2 14
2 19
4 39
4 49
5 1
5 11
5 40
8 33
10 36
10 45
11 44
13 42
14 23
14 26
14 46
15 8
16 2
16 9
19 21
20 38
21 28
22 25
22 30
25 7
25 15
26 27
27 20
27 48
28 4
28 43
31 13
33 12
35 41
37 10
38 47
40 22
42 6
43 5
43 31
44 32
45 3
45 16
45 35
49 34
backbone tree 8, llh: -9388.487609
-1 0
0 37
2 14
2 19
2 34
4 39
4 49
5 1
5 11
5 40
8 33
10 36
10 45
11 44
13 42
14 23
14 26
14 46
15 8
16 2
16 9
19 21
20 38
21 28
22 25
22 30
25 15
26 27
27 20
27 48
28 4
28 43
31 13
33 12
35 41
37 10
38 7
38 47
40 22
42 6
43 5
43 31
44 32
45 3
45 16
45 35
backbone tree 9, llh: -9388.484410
-1 0
0 37
2 14
2 19
4 39
4 49
5 1
5 11
5 40
8 33
10 36
10 45
11 44
13 42
14 23
14 26
14 46
15 8
16 2
16 9
19 21
20 38
21 28
22 25
22 30
25 15
26 27
27 20
27 48
28 4
28 43
31 13
33 12
35 41
37 10
38 7
38 47
40 22
42 6
43 5
43 31
44 32
45 3
45 16
45 35
49 34
backbone tree 10, llh: -9388.389779
-1 0
0 37
2 14
2 19
2 34
4 39
4 49
5 1
5 11
5 40
8 33
10 36
10 45
11 44
13 42
14 23
14 26
14 46
15 8
16 2
16 9
19 21
20 38
21 28
22 25
22 30
25 15
26 27
27 20
27 48
28 4
28 43
31 13
33 12
35 41
37 10
38 47
40 22
42 6
42 7
43 5
43 31
44 32
45 3
45 16
45 35
backbone tree 11, llh: -9388.492564
-1 0
0 37
2 14
2 19
4 39
4 49
5 1
5 11
5 40
8 33
10 36
10 45
11 44
13 42
14 23
14 26
14 46
15 8
16 2
16 9
19 21
20 38
21 28
22 25
22 30
25 15
26 27
27 20
27 48
28 4
28 43
31 13
33 12
33 34
35 41
37 10
38 47
40 22
42 6
42 7
43 5
43 31
44 32
45 3
45 16
45 35
backbone tree 12, llh: -9388.387137
-1 0
0 37
2 14
2 19
4 39
4 49
5 1
5 11
5 40
8 33
10 36
10 45
11 44
13 42
14 23
14 26
14 46
15 8
16 2
16 9
19 21
20 38
21 28
22 25
22 30
25 15
26 27
27 20
27 48
28 4
28 43
31 13
33 12
35 41
37 10
38 47
40 22
42 6
42 7
43 5
43 31
44 32
45 3
45 16
45 35
49 34
backbone tree 13, llh: -9388.423938
-1 0
0 37
2 14
2 19
2 34
4 39
4 49
5 1
5 11
5 40
8 33
10 36
10 45
11 44
13 42
14 23
14 26
14 46
15 8
16 2
16 9
19 21
20 38
21 28
22 25
22 30
25 15
26 27
27 20
27 48
28 4
28 43
31 13
33 12
35 41
37 10
38 47
40 22
42 6
43 5
43 7
43 31
44 32
45 3
45 16
45 35
backbone tree 14, llh: -9388.416813
-1 0
0 37
2 14
2 19
4 39
4 49
5 1
5 11
5 40
8 33
10 36
10 45
11 44
13 42
14 23
14 26
14 46
15 8
16 2
16 9
19 21
20 38
21 28
22 25
22 30
25 15
26 27
27 20
27 48
28 4
28 43
31 13
33 12
35 41
37 10
38 47
40 22
42 6
43 5
43 7
43 31
44 32
45 3
45 16
45 35
49 34
backbone tree 15, llh: -9388.472557
-1 0
0 37
2 14
2 19
2 34
4 39
4 49
5 1
5 11
5 40
8 33
10 36
10 45
11 44
13 42
14 23
14 26
14 46
15 8
16 2
16 9
19 21
20 38
20 41
21 28
22 25
22 30
25 7
25 15
26 27
27 20
27 48
28 4
28 43
31 13
37 10
38 47
40 22
42 6
43 5
43 31
44 32
45 3
45 12
45 16
45 35
backbone tree 16, llh: -9388.469912
-1 0
0 37
2 14
2 19
4 39
4 49
5 1
5 11
5 40
8 33
10 36
10 45
11 44
13 42
14 23
14 26
14 46
15 8
16 2
16 9
19 21
20 38
20 41
21 28
22 25
22 30
25 7
25 15
26 27
27 20
27 48
28 4
28 43
31 13
37 10
38 47
40 22
42 6
43 5
43 31
44 32
45 3
45 12
45 16
45 35
49 34
backbone tree 17, llh: -9388.464670
-1 0
0 37
2 14
2 19
2 34
4 39
4 49
5 1
5 11
5 40
8 33
10 36
10 45
11 44
13 42
14 23
14 26
14 46
15 8
16 2
16 9
19 21
20 38
20 41
21 28
22 25
22 30
25 15
26 27
27 20
27 48
28 4
28 43
31 13
37 10
38 47
40 22
42 6
42 7
43 5
43 31
44 32
45 3
45 12
45 16
45 35
backbone tree 18, llh: -9388.462025
-1 0
0 37
2 14
2 19
4 39
4 49
5 1
5 11
5 40
8 33
10 36
10 45
11 44
13 42
14 23
14 26
14 46
15 8
16 2
16 9
19 21
20 38
20 41
21 28
22 25
22 30
25 15
26 27
27 20
27 48
28 4
28 43
31 13
37 10
38 47
40 22
42 6
42 7
43 5
43 31
44 32
45 3
45 12
45 16
45 35
49 34
backbone tree 19, llh: -9388.491701
-1 0
0 37
2 14
2 19
4 39
4 49
5 1
5 11
5 40
8 33
10 36
10 45
11 44
13 42
14 23
14 26
14 46
15 8
16 2
16 9
19 21
20 38
20 41
21 28
22 25
22 30
25 15
26 27
27 20
27 48
28 4
28 43
31 13
37 10
38 47
40 22
42 6
43 5
43 7
43 31
44 32
45 3
45 12
45 16
45 35
49 34
backbone tree 20, llh: -9388.410615
-1 0
0 37
2 14
2 19
2 34
4 39
4 49
5 1
5 11
5 40
8 33
10 36
10 45
11 44
13 42
14 23
14 26
14 46
15 8
16 2
16 9
19 21
20 38
21 28
22 25
22 30
25 7
25 15
26 27
27 20
27 48
28 4
28 43
31 13
35 41
37 10
38 47
40 22
42 6
43 5
43 31
44 32
45 3
45 12
45 16
45 35
backbone tree 21, llh: -9388.484368
-1 0
0 37
2 14
2 19
4 39
4 49
5 1
5 11
5 40
8 33
10 36
10 45
11 44
13 42
14 23
14 26
14 46
15 8
16 2
16 9
19 21
20 38
21 28
22 25
22 30
25 7
25 15
26 27
27 20
27 48
28 4
28 43
31 13
33 34
35 41
37 10
38 47
40 22
42 6
43 5
43 31
44 32
45 3
45 12
45 16
45 35
backbone tree 22, llh: -9388.407973
-1 0
0 37
2 14
2 19
4 39
4 49
5 1
5 11
5 40
8 33
10 36
10 45
11 44
13 42
14 23
14 26
14 46
15 8
16 2
16 9
19 21
20 38
21 28
22 25
22 30
25 7
25 15
26 27
27 20
27 48
28 4
28 43
31 13
35 41
37 10
38 47
40 22
42 6
43 5
43 31
44 32
45 3
45 12
45 16
45 35
49 34
backbone tree 23, llh: -9388.402728
-1 0
0 37
2 14
2 19
2 34
4 39
4 49
5 1
5 11
5 40
8 33
10 36
10 45
11 44
13 42
14 23
14 26
14 46
15 8
16 2
16 9
19 21
20 38
21 28
22 25
22 30
25 15
26 27
27 20
27 48
28 4
28 43
31 13
35 41
37 10
38 47
40 22
42 6
42 7
43 5
43 31
44 32
45 3
45 12
45 16
45 35
backbone tree 24, llh: -9388.449239
-1 0
0 37
2 14
2 19
4 39
4 49
5 1
5 11
5 40
8 33
10 36
10 45
11 44
13 42
14 23
14 26
14 46
15 8
16 2
16 9
19 21
20 38
21 28
22 25
22 30
25 15
26 27
27 20
27 48
28 4
28 43
31 13
33 34
35 41
37 10
38 47
40 22
42 6
42 7
43 5
43 31
44 32
45 3
45 12
45 16
45 35
backbone tree 25, llh: -9388.400087
-1 0
0 37
2 14
2 19
4 39
4 49
5 1
5 11
5 40
8 33
10 36
10 45
11 44
13 42
14 23
14 26
14 46
15 8
16 2
16 9
19 21
20 38
21 28
22 25
22 30
25 15
26 27
27 20
27 48
28 4
28 43
31 13
35 41
37 10
38 47
40 22
42 6
42 7
43 5
43 31
44 32
45 3
45 12
45 16
45 35
49 34
backbone tree 26, llh: -9388.436888
-1 0
0 37
2 14
2 19
2 34
4 39
4 49
5 1
5 11
5 40
8 33
10 36
10 45
11 44
13 42
14 23
14 26
14 46
15 8
16 2
16 9
19 21
20 38
21 28
22 25
22 30
25 15
26 27
27 20
27 48
28 4
28 43
31 13
35 41
37 10
38 47
40 22
42 6
43 5
43 7
43 31
44 32
45 3
45 12
45 16
45 35
backbone tree 27, llh: -9388.478915
-1 0
0 37
2 14
2 19
4 39
4 49
5 1
5 11
5 40
8 33
10 36
10 45
11 44
13 42
14 23
14 26
14 46
15 8
16 2
16 9
19 21
20 38
21 28
22 25
22 30
25 15
26 27
27 20
27 48
28 4
28 43
31 13
33 34
35 41
37 10
38 47
40 22
42 6
43 5
43 7
43 31
44 32
45 3
45 12
45 16
45 35
backbone tree 28, llh: -9388.429763
-1 0
0 37
2 14
2 19
4 39
4 49
5 1
5 11
5 40
8 33
10 36
10 45
11 44
13 42
14 23
14 26
14 46
15 8
16 2
16 9
19 21
20 38
21 28
22 25
22 30
25 15
26 27
27 20
27 48
28 4
28 43
31 13
35 41
37 10
38 47
40 22
42 6
43 5
43 7
43 31
44 32
45 3
45 12
45 16
45 35
49 34
