# 41 backbone trees, 42 mutations
backbone tree 0, llh: -10082.451907
-1 41
0 3
0 47
2 38
2 39
3 2
5 49
7 34
8 21
9 7
9 17
9 46
14 19
15 40
17 20
18 16
20 10
21 25
21 30
21 35
21 42
22 31
26 9
26 36
26 44
27 14
27 28
28 22
29 4
31 8
31 11
31 32
31 45
37 43
38 26
41 0
41 18
41 29
43 27
45 5
46 15
46 37
backbone tree 1, llh: -10082.440328
-1 41
0 3
0 47
2 38
2 39
3 2
5 49
7 34
8 21
9 7
9 17
9 46
14 19
15 40
17 20
20 10
21 25
21 30
21 35
21 42
22 31
26 9
26 36
26 44
27 14
27 28
28 22
29 4
31 8
31 11
31 32
31 45
37 43
38 26
41 0
41 18
41 29
42 16
43 27
45 5
46 15
46 37
backbone tree 2, llh: -10082.467021
-1 41
0 3
0 47
2 38
3 2
5 49
7 34
8 21
9 7
9 17
9 46
14 19
15 40
17 20
18 16
20 10
21 25
21 30
21 35
21 42
22 31
26 9
26 36
26 44
27 14
27 28
28 22
29 4
31 8
31 11
31 32
31 45
37 43
38 26
38 39
41 0
41 18
41 29
43 27
45 5
46 15
46 37
backbone tree 3, llh: -10082.456159
-1 41
0 3
0 47
2 38
3 2
5 49
7 34
8 21
9 7
9 17
9 46
14 19
15 40
17 20
20 10
21 25
21 30
21 35
21 42
22 31
26 9
26 36
26 44
27 14
27 28
28 22
29 4
31 8
31 11
31 32
31 45
37 43
38 26
38 39
41 0
41 18
41 29
42 16
43 27
45 5
46 15
46 37
backbone tree 4, llh: -10082.448107
-1 41
0 3
0 47
2 38
2 39
3 2
5 49
7 34
8 21
9 7
9 17
9 46
15 40
17 20
18 19
20 10
21 25
21 30
21 35
21 42
22 31
26 9
26 36
26 44
27 14
27 28
28 22
29 4
31 8
31 11
31 32
31 45
37 43
38 26
41 0
41 18
41 29
42 16
43 27
45 5
46 15
46 37
backbone tree 5, llh: -10082.463391
-1 41
0 3
0 47
2 38
3 2
5 49
7 34
8 21
9 7
9 17
9 46
15 40
17 20
18 19
20 10
21 25
21 30
21 35
21 42
22 31
26 9
26 36
26 44
27 14
27 28
28 22
29 4
31 8
31 11
31 32
31 45
37 43
38 26
38 39
41 0
41 18
41 29
42 16
43 27
45 5
46 15
46 37
backbone tree 6, llh: -10082.451955
-1 41
0 3
0 47
2 38
2 39
3 2
5 49
7 34
8 21
9 7
9 17
9 46
15 40
17 20
18 16
20 10
21 25
21 30
21 35
21 42
22 31
26 9
26 36
26 44
27 14
27 28
28 22
29 4
31 8
31 11
31 32
31 45
37 43
38 26
41 0
41 18
41 29
42 19
43 27
45 5
46 15
46 37
backbone tree 7, llh: -10082.467070
-1 41
0 3
0 47
2 38
3 2
5 49
7 34
8 21
9 7
9 17
9 46
15 40
17 20
18 16
20 10
21 25
21 30
21 35
21 42
22 31
26 9
26 36
26 44
27 14
27 28
28 22
29 4
31 8
31 11
31 32
31 45
37 43
38 26
38 39
41 0
41 18
41 29
42 19
43 27
45 5
46 15
46 37
backbone tree 8, llh: -10082.387231
-1 41
0 3
0 47
2 38
2 39
3 2
5 49
7 34
8 21
9 7
9 17
9 46
14 19
15 40
17 20
18 16
20 10
21 25
21 35
21 42
22 31
26 9
26 36
26 44
27 14
27 28
27 30
28 22
29 4
31 8
31 11
31 32
31 45
37 43
38 26
41 0
41 18
41 29
43 27
45 5
46 15
46 37
backbone tree 9, llh: -10082.375641
-1 41
0 3
0 47
2 38
2 39
3 2
5 49
7 34
8 21
9 7
9 17
9 46
14 19
15 40
17 20
20 10
21 25
21 35
21 42
22 31
26 9
26 36
26 44
27 14
27 28
27 30
28 22
29 4
31 8
31 11
31 32
31 45
37 43
38 26
41 0
41 18
41 29
42 16
43 27
45 5
46 15
46 37
backbone tree 10, llh: -10082.440149
-1 41
0 3
0 47
2 38
3 2
5 49
7 34
8 21
9 7
9 17
9 46
14 19
15 40
17 20
18 39
20 10
21 25
21 35
21 42
22 31
26 9
26 36
26 44
27 14
27 28
27 30
28 22
29 4
31 8
31 11
31 32
31 45
37 43
38 26
41 0
41 18
41 29
42 16
43 27
45 5
46 15
46 37
backbone tree 11, llh: -10082.402347
-1 41
0 3
0 47
2 38
3 2
5 49
7 34
8 21
9 7
9 17
9 46
14 19
15 40
17 20
18 16
20 10
21 25
21 35
21 42
22 31
26 9
26 36
26 44
27 14
27 28
27 30
28 22
29 4
31 8
31 11
31 32
31 45
37 43
38 26
38 39
41 0
41 18
41 29
43 27
45 5
46 15
46 37
backbone tree 12, llh: -10082.391474
-1 41
0 3
0 47
2 38
3 2
5 49
7 34
8 21
9 7
9 17
9 46
14 19
15 40
17 20
20 10
21 25
21 35
21 42
22 31
26 9
26 36
26 44
27 14
27 28
27 30
28 22
29 4
31 8
31 11
31 32
31 45
37 43
38 26
38 39
41 0
41 18
41 29
42 16
43 27
45 5
46 15
46 37
backbone tree 13, llh: -10082.383420
-1 41
0 3
0 47
2 38
2 39
3 2
5 49
7 34
8 21
9 7
9 17
9 46
15 40
17 20
18 19
20 10
21 25
21 35
21 42
22 31
26 9
26 36
26 44
27 14
27 28
27 30
28 22
29 4
31 8
31 11
31 32
31 45
37 43
38 26
41 0
41 18
41 29
42 16
43 27
45 5
46 15
46 37
backbone tree 14, llh: -10082.398706
-1 41
0 3
0 47
2 38
3 2
5 49
7 34
8 21
9 7
9 17
9 46
15 40
17 20
18 19
20 10
21 25
21 35
21 42
22 31
26 9
26 36
26 44
27 14
27 28
27 30
28 22
29 4
31 8
31 11
31 32
31 45
37 43
38 26
38 39
41 0
41 18
41 29
42 16
43 27
45 5
46 15
46 37
backbone tree 15, llh: -10082.387265
-1 41
0 3
0 47
2 38
2 39
3 2
5 49
7 34
8 21
9 7
9 17
9 46
15 40
17 20
18 16
20 10
21 25
21 35
21 42
22 31
26 9
26 36
26 44
27 14
27 28
27 30
28 22
29 4
31 8
31 11
31 32
31 45
37 43
38 26
41 0
41 18
41 29
42 19
43 27
45 5
46 15
46 37
backbone tree 16, llh: -10082.428088
-1 41
0 3
0 47
2 38
2 39
3 2
5 49
7 34
8 21
9 7
9 17
9 46
15 40
17 20
20 10
21 25
21 35
21 42
22 31
26 9
26 36
26 44
27 14
27 28
27 30
28 22
29 4
31 8
31 11
31 32
31 45
37 43
38 26
41 0
41 18
41 29
42 16
42 19
43 27
45 5
46 15
46 37
backbone tree 17, llh: -10082.402381
-1 41
0 3
0 47
2 38
3 2
5 49
7 34
8 21
9 7
9 17
9 46
15 40
17 20
18 16
20 10
21 25
21 35
21 42
22 31
26 9
26 36
26 44
27 14
27 28
27 30
28 22
29 4
31 8
31 11
31 32
31 45
37 43
38 26
38 39
41 0
41 18
41 29
42 19
43 27
45 5
46 15
46 37
backbone tree 18, llh: -10082.443921
-1 41
0 3
0 47
2 38
3 2
5 49
7 34
8 21
9 7
9 17
9 46
15 40
17 20
20 10
21 25
21 35
21 42
22 31
26 9
26 36
26 44
27 14
27 28
27 30
28 22
29 4
31 8
31 11
31 32
31 45
37 43
38 26
38 39
41 0
41 18
41 29
42 16
42 19
43 27
45 5
46 15
46 37
backbone tree 19, llh: -10082.376023
-1 41
0 3
0 47
2 38
2 39
3 2
5 49
7 34
8 21
9 7
9 17
9 46
14 19
15 40
17 20
18 16
20 10
21 25
21 35
21 42
22 31
26 9
26 36
26 44
27 14
27 28
28 22
29 4
31 8
31 11
31 32
31 45
37 30
37 43
38 26
41 0
41 18
41 29
43 27
45 5
46 15
46 37
backbone tree 20, llh: -10082.364433
-1 41
0 3
0 47
2 38
2 39
3 2
5 49
7 34
8 21
9 7
9 17
9 46
14 19
15 40
17 20
20 10
21 25
21 35
21 42
22 31
26 9
26 36
26 44
27 14
27 28
28 22
29 4
31 8
31 11
31 32
31 45
37 30
37 43
38 26
41 0
41 18
41 29
42 16
43 27
45 5
46 15
46 37
backbone tree 21, llh: -10082.428932
-1 41
0 3
0 47
2 38
3 2
5 49
7 34
8 21
9 7
9 17
9 46
14 19
15 40
17 20
18 39
20 10
21 25
21 35
21 42
22 31
26 9
26 36
26 44
27 14
27 28
28 22
29 4
31 8
31 11
31 32
31 45
37 30
37 43
38 26
41 0
41 18
41 29
42 16
43 27
45 5
46 15
46 37
backbone tree 22, llh: -10082.391149
-1 41
0 3
0 47
2 38
3 2
5 49
7 34
8 21
9 7
9 17
9 46
14 19
15 40
17 20
18 16
20 10
21 25
21 35
21 42
22 31
26 9
26 36
26 44
27 14
27 28
28 22
29 4
31 8
31 11
31 32
31 45
37 30
37 43
38 26
38 39
41 0
41 18
41 29
43 27
45 5
46 15
46 37
backbone tree 23, llh: -10082.380275
-1 41
0 3
0 47
2 38
3 2
5 49
7 34
8 21
9 7
9 17
9 46
14 19
15 40
17 20
20 10
21 25
21 35
21 42
22 31
26 9
26 36
26 44
27 14
27 28
28 22
29 4
31 8
31 11
31 32
31 45
37 30
37 43
38 26
38 39
41 0
41 18
41 29
42 16
43 27
45 5
46 15
46 37
backbone tree 24, llh: -10082.372213
-1 41
0 3
0 47
2 38
2 39
3 2
5 49
7 34
8 21
9 7
9 17
9 46
15 40
17 20
18 19
20 10
21 25
21 35
21 42
22 31
26 9
26 36
26 44
27 14
27 28
28 22
29 4
31 8
31 11
31 32
31 45
37 30
37 43
38 26
41 0
41 18
41 29
42 16
43 27
45 5
46 15
46 37
backbone tree 25, llh: -10082.387508
-1 41
0 3
0 47
2 38
3 2
5 49
7 34
8 21
9 7
9 17
9 46
15 40
17 20
18 19
20 10
21 25
21 35
21 42
22 31
26 9
26 36
26 44
27 14
27 28
28 22
29 4
31 8
31 11
31 32
31 45
37 30
37 43
38 26
38 39
41 0
41 18
41 29
42 16
43 27
45 5
46 15
46 37
backbone tree 26, llh: -10082.376057
-1 41
0 3
0 47
2 38
2 39
3 2
5 49
7 34
8 21
9 7
9 17
9 46
15 40
17 20
18 16
20 10
21 25
21 35
21 42
22 31
26 9
26 36
26 44
27 14
27 28
28 22
29 4
31 8
31 11
31 32
31 45
37 30
37 43
38 26
41 0
41 18
41 29
42 19
43 27
45 5
46 15
46 37
backbone tree 27, llh: -10082.416880
-1 41
0 3
0 47
2 38
2 39
3 2
5 49
7 34
8 21
9 7
9 17
9 46
15 40
17 20
20 10
21 25
21 35
21 42
22 31
26 9
26 36
26 44
27 14
27 28
28 22
29 4
31 8
31 11
31 32
31 45
37 30
37 43
38 26
41 0
41 18
41 29
42 16
42 19
43 27
45 5
46 15
46 37
backbone tree 28, llh: -10082.391182
-1 41
0 3
0 47
2 38
3 2
5 49
7 34
8 21
9 7
9 17
9 46
15 40
17 20
18 16
20 10
21 25
21 35
21 42
22 31
26 9
26 36
26 44
27 14
27 28
28 22
29 4
31 8
31 11
31 32
31 45
37 30
37 43
38 26
38 39
41 0
41 18
41 29
42 19
43 27
45 5
46 15
46 37
backbone tree 29, llh: -10082.432722
-1 41
0 3
0 47
2 38
3 2
5 49
7 34
8 21
9 7
9 17
9 46
15 40
17 20
20 10
21 25
21 35
21 42
22 31
26 9
26 36
26 44
27 14
27 28
28 22
29 4
31 8
31 11
31 32
31 45
37 30
37 43
38 26
38 39
41 0
41 18
41 29
42 16
42 19
43 27
45 5
46 15
46 37
backbone tree 30, llh: -10082.394990
-1 41
0 3
2 38
2 39
3 2
5 49
7 34
8 21
9 7
9 17
9 46
14 19
15 40
17 20
18 16
20 10
21 25
21 30
21 35
21 42
22 31
26 9
26 36
26 44
27 14
27 28
28 22
29 4
31 8
31 11
31 32
31 45
37 43
38 26
41 0
41 18
41 29
43 27
43 47
45 5
46 15
46 37
backbone tree 31, llh: -10082.383413
-1 41
0 3
2 38
2 39
3 2
5 49
7 34
8 21
9 7
9 17
9 46
14 19
15 40
17 20
20 10
21 25
21 30
21 35
21 42
22 31
26 9
26 36
26 44
27 14
27 28
28 22
29 4
31 8
31 11
31 32
31 45
37 43
38 26
41 0
41 18
41 29
42 16
43 27
43 47
45 5
46 15
46 37
backbone tree 32, llh: -10082.448026
-1 41
0 3
2 38
3 2
5 49
7 34
8 21
9 7
9 17
9 46
14 19
15 40
17 20
18 39
20 10
21 25
21 30
21 35
21 42
22 31
26 9
26 36
26 44
27 14
27 28
28 22
29 4
31 8
31 11
31 32
31 45
37 43
38 26
41 0
41 18
41 29
42 16
43 27
43 47
45 5
46 15
46 37
backbone tree 33, llh: -10082.410156
-1 41
0 3
2 38
3 2
5 49
7 34
8 21
9 7
9 17
9 46
14 19
15 40
17 20
18 16
20 10
21 25
21 30
21 35
21 42
22 31
26 9
26 36
26 44
27 14
27 28
28 22
29 4
31 8
31 11
31 32
31 45
37 43
38 26
38 39
41 0
41 18
41 29
43 27
43 47
45 5
46 15
46 37
backbone tree 34, llh: -10082.399297
-1 41
0 3
2 38
3 2
5 49
7 34
8 21
9 7
9 17
9 46
14 19
15 40
17 20
20 10
21 25
21 30
21 35
21 42
22 31
26 9
26 36
26 44
27 14
27 28
28 22
29 4
31 8
31 11
31 32
31 45
37 43
38 26
38 39
41 0
41 18
41 29
42 16
43 27
43 47
45 5
46 15
46 37
backbone tree 35, llh: -10082.390176
-1 41
0 3
2 38
2 39
3 2
5 49
7 34
8 21
9 7
9 17
9 46
15 40
17 20
18 19
20 10
21 25
21 30
21 35
21 42
22 31
26 9
26 36
26 44
27 14
27 28
28 22
29 4
31 8
31 11
31 32
31 45
37 43
38 26
41 0
41 18
41 29
42 16
43 27
43 47
45 5
46 15
46 37
backbone tree 36, llh: -10082.405512
-1 41
0 3
2 38
3 2
5 49
7 34
8 21
9 7
9 17
9 46
15 40
17 20
18 19
20 10
21 25
21 30
21 35
21 42
22 31
26 9
26 36
26 44
27 14
27 28
28 22
29 4
31 8
31 11
31 32
31 45
37 43
38 26
38 39
41 0
41 18
41 29
42 16
43 27
43 47
45 5
46 15
46 37
backbone tree 37, llh: -10082.395038
-1 41
0 3
2 38
2 39
3 2
5 49
7 34
8 21
9 7
9 17
9 46
15 40
17 20
18 16
20 10
21 25
21 30
21 35
21 42
22 31
26 9
26 36
26 44
27 14
27 28
28 22
29 4
31 8
31 11
31 32
31 45
37 43
38 26
41 0
41 18
41 29
42 19
43 27
43 47
45 5
46 15
46 37
backbone tree 38, llh: -10082.435931
-1 41
0 3
2 38
2 39
3 2
5 49
7 34
8 21
9 7
9 17
9 46
15 40
17 20
20 10
21 25
21 30
21 35
21 42
22 31
26 9
26 36
26 44
27 14
27 28
28 22
29 4
31 8
31 11
31 32
31 45
37 43
38 26
41 0
41 18
41 29
42 16
42 19
43 27
43 47
45 5
46 15
46 37
backbone tree 39, llh: -10082.410204
-1 41
0 3
2 38
3 2
5 49
7 34
8 21
9 7
9 17
9 46
15 40
17 20
18 16
20 10
21 25
21 30
21 35
21 42
22 31
26 9
26 36
26 44
27 14
27 28
28 22
29 4
31 8
31 11
31 32
31 45
37 43
38 26
38 39
41 0
41 18
41 29
42 19
43 27
43 47
45 5
46 15
46 37
backbone tree 40, llh: -10082.451814
-1 41
0 3
2 38
3 2
5 49
7 34
8 21
9 7
9 17
9 46
15 40
17 20
20 10
21 25
21 30
21 35
21 42
22 31
26 9
26 36
26 44
27 14
27 28
28 22
29 4
31 8
31 11
31 32
31 45
37 43
38 26
38 39
41 0
41 18
41 29
42 16
42 19
43 27
43 47
45 5
46 15
46 37
