# 4 backbone trees, 40 mutations
backbone tree 0, llh: -9091.359755
-1 0
0 13
0 18
0 21
0 38
1 5
2 8
2 10
2 37
3 28
8 20
9 12
9 17
12 23
15 3
17 31
21 9
22 36
23 2
23 16
23 39
23 48
25 34
27 35
28 45
28 46
30 22
30 44
31 25
32 30
34 15
38 1
38 4
40 42
42 32
42 33
45 26
45 40
45 41
46 27
backbone tree 1, llh: -9091.395063
-1 0
0 18
0 21
0 38
1 5
2 8
2 10
2 37
3 28
8 20
9 12
9 13
9 17
12 23
15 3
17 31
21 9
22 36
23 2
23 16
23 39
23 48
25 34
27 35
28 45
28 46
30 22
30 44
31 25
32 30
34 15
38 1
38 4
40 42
42 32
42 33
45 26
45 40
45 41
46 27
backbone tree 2, llh: -9091.334380
-1 0
0 13
0 18
0 21
0 38
1 5
2 8
2 10
2 37
3 28
9 12
9 17
12 23
15 3
17 31
21 9
22 36
23 2
23 16
23 39
23 48
25 34
27 35
28 45
28 46
30 22
30 44
31 25
32 30
34 15
38 1
38 4
40 42
42 32
42 33
45 20
45 26
45 40
45 41
46 27
backbone tree 3, llh: -9091.369688
-1 0
0 18
0 21
0 38
1 5
2 8
2 10
2 37
3 28
9 12
9 13
9 17
12 23
15 3
17 31
21 9
22 36
23 2
23 16
23 39
23 48
25 34
27 35
28 45
28 46
30 22
30 44
31 25
32 30
34 15
38 1
38 4
40 42
42 32
42 33
45 20
45 26
45 40
45 41
46 27
