# 3 backbone trees, 27 mutations
backbone tree 0, llh: -7067.166217
-1 0
0 1
0 16
0 48
1 19
3 35
3 39
4 5
4 14
6 36
7 34
8 3
9 23
14 25
16 31
19 8
19 26
19 28
23 46
28 7
29 11
29 38
31 44
35 9
38 6
44 4
46 29
backbone tree 1, llh: -7067.179475
-1 0
0 1
0 16
0 48
1 19
3 35
4 5
4 14
6 36
7 39
8 3
9 23
14 25
16 31
19 8
19 26
19 28
23 34
23 46
28 7
29 11
29 38
31 44
35 9
38 6
44 4
46 29
backbone tree 2, llh: -7067.234347
-1 0
0 1
0 16
0 48
1 19
3 35
4 5
4 14
6 36
7 39
8 3
9 23
14 25
16 31
19 8
19 26
19 28
23 46
28 7
29 11
29 38
31 44
35 9
38 6
38 34
44 4
46 29
